#YY  MM DD hh mm WDIR WSPD GST  WVHT   DPD   APD MWD   PRES  ATMP  WTMP  DEWP  VIS  TIDE
#yr  mo dy hr mn degT m/s  m/s     m   sec   sec deg    hPa  degC  degC  degC  nmi    ft
2016 05 31 23 50  64  9.8 11.4  1.81  6.67  5.42  80 1015.4  26.2  26.5  23.1 99.0 99.00
2016 06 01 00 50  61  9.2 10.6  1.78  7.69  5.25  88 1015.8  26.3  26.5  22.8 99.0 99.00
2016 06 01 01 50  54  9.1 10.9  1.94  7.14  5.50  81 1015.7  26.2  26.5  22.9 99.0 99.00
2016 06 01 02 50  64  9.7 11.5  1.82  7.14  5.32  76 1015.0  26.2  26.4  22.7 99.0 99.00
2016 06 01 03 50  62  9.8 11.2  2.00  7.14  5.41  84 1014.1  26.1  26.4  22.3 99.0 99.00
2016 06 01 04 50  68 10.1 11.8  2.04  5.88  5.41  67 1013.3  26.0  26.4  22.4 99.0 99.00
2016 06 01 05 50  70  9.5 11.4  2.08  6.67  5.54  82 1013.3  26.0  26.4  22.3 99.0 99.00
2016 06 01 06 50  69  9.0 10.8  2.07  7.14  5.52  81 1013.3  26.0  26.4  22.7 99.0 99.00
2016 06 01 07 50  66  9.8 12.2  1.99  7.69  5.37  88 1013.5  25.9  26.4  22.7 99.0 99.00
2016 06 01 08 50  69  9.3 11.3  2.19  7.14  5.43  84 1014.2  26.1  26.4  22.3 99.0 99.00
2016 06 01 09 50  71  9.0 10.1  1.99  7.69  5.46  90 1014.8  26.1  26.4  22.9 99.0 99.00
2016 06 01 10 50  66  9.7 11.6  1.98  7.69  5.52  83 1015.2  26.2  26.4  22.0 99.0 99.00
2016 06 01 11 50  70  9.8 12.1  2.13  7.14  5.62  89 1015.6  26.3  26.4  21.8 99.0 99.00
2016 06 01 12 50  61  9.5 11.0  2.05  7.14  5.55  86 1015.9  26.3  26.5  22.4 99.0 99.00
2016 06 01 13 50  58  9.0 11.1  2.10  7.69  5.68  90 1015.8  26.2  26.5  22.5 99.0 99.00
2016 06 01 14 50  58  9.7 11.8  2.22  7.69  5.82  78 1015.8  26.3  26.5  22.7 99.0 99.00
2016 06 01 15 50  56  9.8 12.0  2.24  8.33  5.82 104 1015.0  26.3  26.5  22.3 99.0 99.00
2016 06 01 16 50  62  9.6 11.2  2.19  7.69  5.68  91 1014.5  26.4  26.5  22.1 99.0 99.00
2016 06 01 17 50  52  9.4 11.1  2.12  7.69  5.69  88 1014.3  26.3  26.5  22.6 99.0 99.00
2016 06 01 18 50  59  9.5 11.6  2.26  7.69  5.88  93 1014.2  26.3  26.5  22.6 99.0 99.00
2016 06 01 19 50  67  9.6 11.3  2.38  7.69  5.80  87 1014.6  26.4  26.5  22.4 99.0 99.00
2016 06 01 20 50  60  9.5 12.0  2.26  7.69  5.87  86 1014.9  26.3  26.5  23.0 99.0 99.00
2016 06 01 21 50  68  9.9 11.4  2.46  7.69  5.95  82 1015.4  26.3  26.5  22.3 99.0 99.00
2016 06 01 22 50  65  8.9 10.7  2.49  7.69  6.00  86 1016.4  26.3  26.5  22.3 99.0 99.00
2016 06 02 00 50  68  9.3 11.1  2.51  7.69  6.10  72 1017.2  26.3  26.5  22.1 99.0 99.00
2016 06 02 01 50  79  8.8 10.9  2.30  7.14  5.75  84 1017.6  26.2  26.4  22.1 99.0 99.00
2016 06 02 02 50  68  9.6 11.2  2.36  8.33  5.94  92 1017.2  26.1  26.4  22.1 99.0 99.00
2016 06 02 04 50  62  9.2 11.2  2.41  8.33  6.21  78 1015.5  25.9  26.4  22.2 99.0 99.00
2016 06 02 05 50  69  7.9  9.7  2.40  8.33  6.07  82 1015.3  25.9  26.4  21.9 99.0 99.00
2016 06 02 06 50  68  8.8 10.9  2.56  8.33  6.49  79 1015.2  25.9  26.4  22.1 99.0 99.00
2016 06 02 07 50  61  8.8 11.0  2.55  8.33  6.45  84 1015.1  25.8  26.4  22.2 99.0 99.00
2016 06 02 08 50  65  9.2 10.8  2.50  9.09  6.44  96 1015.6  25.9  26.4  21.8 99.0 99.00
2016 06 02 09 50  67  8.9 10.3  2.58  7.69  6.44  85 1016.1  26.0  26.4  21.5 99.0 99.00
2016 06 02 10 50  66  8.7 10.5  2.63  8.33  6.74  91 1016.4  26.1  26.4  21.6 99.0 99.00
2016 06 02 11 50  63  9.4 11.4  2.99  8.33  7.10  85 1016.7  26.2  26.5  21.2 99.0 99.00
2016 06 02 12 50  63  8.8 10.7  2.66 14.81  6.89  19 1016.8  26.1  26.5  21.4 99.0 99.00
2016 06 02 13 50  62  9.3 10.7  2.96 14.81  7.12  15 1016.5  26.2  26.5  21.7 99.0 99.00
2016 06 02 14 50  69  9.4 10.9  2.84 14.81  7.08  23 1016.2  26.2  26.5  21.7 99.0 99.00
2016 06 02 15 50  68  8.4 10.1  2.89 13.79  7.11  29 1015.9  26.2  26.6  21.7 99.0 99.00
2016 06 02 16 50  66  8.4 10.1  3.00 13.79  7.41  19 1015.4  26.1  26.6  22.3 99.0 99.00
2016 06 02 17 50  58  9.1 10.9  2.72 13.79  6.88  14 1015.2  26.3  26.5  21.6 99.0 99.00
2016 06 02 18 50  70  8.8 10.7  3.09 13.79  7.30  12 1014.9  25.8  26.5  22.1 99.0 99.00
2016 06 02 19 50  66  8.6 10.5  2.75  8.33  6.90  88 1015.1  26.1  26.5  22.1 99.0 99.00
2016 06 02 20 50  60  9.2 12.2  2.72 12.90  6.85   5 1015.5  25.7  26.5  22.3 99.0 99.00
2016 06 02 21 50  60  9.5 11.6  2.58 13.79  6.72  25 1015.8  26.2  26.5  21.7 99.0 99.00
2016 06 02 22 50  70  9.0 10.4  2.77  9.09  6.89  83 1016.6  26.0  26.5  22.4 99.0 99.00
2016 06 02 23 50  57  9.0 11.3  3.04 13.79  7.32  18 1017.0  26.0  26.5  22.3 99.0 99.00
2016 06 03 00 50  67  8.3 10.8  2.85 13.79  6.97  22 1017.4  25.6  26.5  22.5 99.0 99.00
2016 06 03 01 50  68 10.0 11.9  2.95 14.81  7.07  21 1017.1  25.7  26.5  22.1 99.0 99.00
2016 06 03 02 50  64  8.4 10.2  2.90 13.79  7.06   6 1016.6  26.0  26.5  21.8 99.0 99.00
2016 06 03 03 50  79  9.1 11.6  2.86 14.81  6.91  14 1015.5  25.9  26.5  22.2 99.0 99.00
2016 06 03 04 50  77  9.0 10.9  3.18 14.81  7.55  29 1014.6  25.8  26.5  21.4 99.0 99.00
2016 06 03 05 50  78  9.1 11.0  3.19 14.81  7.43  15 1014.2  26.2  26.4  20.6 99.0 99.00
2016 06 03 06 50  73 10.6 12.2  3.13 14.81  7.27  34 1013.9  26.0  26.4  20.4 99.0 99.00
2016 06 03 07 50  72  8.7 10.4  3.15 13.79  7.23  20 1014.1  26.0  26.4  20.8 99.0 99.00
2016 06 03 08 50  76  9.3 11.2  3.12 13.79  7.07  35 1014.5  26.1  26.4  20.6 99.0 99.00
2016 06 03 09 50  72  8.6  9.9  3.16 13.79  7.52  36 1015.2  26.1  26.4  20.5 99.0 99.00
2016 06 03 10 50  70  8.5 10.2  2.93 13.79  7.33  13 1015.4  26.0  26.4  21.3 99.0 99.00
2016 06 03 11 50  66  6.9  8.2  2.96 13.79  7.31  28 1015.7  26.0  26.5  21.5 99.0 99.00
2016 06 03 12 50  66  8.9 10.8  3.01 13.79  7.55  20 1015.9  26.1  26.5  21.7 99.0 99.00
2016 06 03 13 50  80  8.0  9.8  2.93 13.79  7.45  28 1015.9  26.1  26.5  21.8 99.0 99.00
2016 06 03 14 50  71  8.7 10.8  2.93 13.79  7.62  19 1015.5  26.4  26.6  20.7 99.0 99.00
2016 06 03 15 50  64  8.3 10.0  2.83 13.79  7.18  20 1014.9  26.5  26.6  20.7 99.0 99.00
2016 06 03 16 50  60  8.1  9.5  2.83 12.90  7.35  24 1014.4  26.4  26.6  20.9 99.0 99.00
2016 06 03 17 50  68  8.2  9.7  2.77 12.90  6.96  30 1013.9  26.4  26.6  21.0 99.0 99.00
2016 06 03 18 50  67  8.8 10.8  2.89 13.79  7.34  25 1013.6  26.4  26.6  21.6 99.0 99.00
2016 06 03 19 50  67  8.2 10.1  2.49 12.12  6.95  21 1013.9  26.3  26.6  21.5 99.0 99.00
2016 06 03 20 50  64  7.9  9.8  2.76 12.12  6.99  18 1014.2  26.2  26.6  21.5 99.0 99.00
2016 06 03 21 50  61  9.7 11.5  2.73 12.90  7.01  31 1014.4  26.3  26.5  21.7 99.0 99.00
2016 06 03 22 50  60  8.1  9.8  2.50 12.90  6.67  21 1015.2  26.1  26.5  22.3 99.0 99.00
2016 06 03 23 50  66  8.2  9.6  2.82 12.90  7.04  21 1015.8  26.3  26.5  22.2 99.0 99.00
2016 06 04 00 50  60  9.5 12.6  2.34  8.33  6.68  70 1016.0  25.9  26.5  22.3 99.0 99.00
2016 06 04 01 50  68  8.9 10.9  2.40 12.90  6.53  27 1016.2  26.2  26.5  22.4 99.0 99.00
2016 06 04 02 50  71  9.3 11.0  2.37 12.90  6.64  22 1015.6  26.1  26.5  22.1 99.0 99.00
2016 06 04 03 50  81  9.0 10.6  2.53 12.90  6.85  16 1014.8  26.1  26.5  22.0 99.0 99.00
2016 06 04 04 50  82  8.6 10.3  2.42 12.90  6.78  22 1014.0  25.9  26.5  22.3 99.0 99.00
2016 06 04 05 50  77  8.2  9.8  2.33 12.12  6.28   8 1013.4  25.9  26.5  22.4 99.0 99.00
2016 06 04 06 50  77  8.1  9.3  2.37 12.90  6.48  11 1013.5  25.9  26.5  22.5 99.0 99.00
2016 06 04 07 50  82  8.6 10.4  2.35 12.90  6.51  25 1013.5  26.0  26.5  22.5 99.0 99.00
2016 06 04 08 50  78  9.0 10.3  2.50 12.90  6.55  25 1013.9  26.0  26.5  22.4 99.0 99.00
2016 06 04 09 50  81  8.4 10.5  2.46 12.12  6.45   5 1014.6  26.0  26.5  22.8 99.0 99.00
2016 06 04 10 50  79  8.4  9.8  2.10  7.14  5.97  86 1015.2  26.1  26.5  22.9 99.0 99.00
2016 06 04 11 50  78  7.6  9.1  2.23  8.33  6.06  82 1015.7  26.1  26.5  23.2 99.0 99.00
2016 06 04 12 50  84  8.1  9.5  2.13  9.09  6.11  76 1015.8  26.4  26.6  22.9 99.0 99.00
2016 06 04 13 50  84  7.5  9.2  2.20  7.69  6.22  78 1015.9  26.4  26.6  23.2 99.0 99.00
2016 06 04 14 50  83  7.7  9.7  2.26 12.12  6.15  35 1015.7  26.4  26.6  23.2 99.0 99.00
2016 06 04 15 50  76  7.8  9.2  2.33  8.33  6.39  68 1015.5  26.3  26.7  23.2 99.0 99.00
2016 06 04 16 50  78  7.9  9.4  2.21  7.69  6.29  76 1015.3  26.3  26.7  23.2 99.0 99.00
2016 06 04 17 50  72  7.4  9.3  2.20  8.33  6.16  81 1014.8  26.3  26.7  23.4 99.0 99.00
2016 06 04 18 50  72  7.9  9.5  2.23 12.12  6.29  23 1014.6  26.3  26.7  23.0 99.0 99.00
2016 06 04 19 50  73  8.7 10.3  1.96  7.14  5.96  83 1014.4  26.3  26.7  23.0 99.0 99.00
2016 06 04 20 50  67  8.2  9.3  2.22  8.33  6.28  65 1014.8  26.3  26.7  23.0 99.0 99.00
2016 06 04 21 50  74  8.4  9.9  2.16  8.33  6.09  79 1015.5  26.2  26.6  23.1 99.0 99.00
2016 06 04 22 50  75  8.2  9.7  2.17  7.69  5.96  76 1016.4  26.2  26.6  23.0 99.0 99.00
2016 06 05 00 50  72  8.6 10.4  2.23  7.69  6.12  84 1017.3  26.2  26.6  23.2 99.0 99.00
2016 06 05 01 50  75  8.3  9.9  2.13  6.67  5.88  81 1017.4  26.2  26.6  23.1 99.0 99.00
2016 06 05 02 50  73  7.7  9.6  2.17  7.69  6.03  81 1017.0  26.2  26.6  23.0 99.0 99.00
2016 06 05 04 50  70  7.9  9.5  1.97  8.33  5.88  75 1015.3  26.0  26.6  23.0 99.0 99.00
2016 06 05 05 50  72  8.6 10.2  2.15  8.33  6.20  70 1014.6  26.0  26.6  22.9 99.0 99.00
2016 06 05 06 50  76  8.9 11.2  1.91  7.69  5.74  98 1014.3  26.0  26.6  23.0 99.0 99.00
2016 06 05 07 50  72  8.2  9.6  1.99  7.69  5.60  82 1014.7  26.0  26.6  22.6 99.0 99.00
2016 06 05 08 50  73  8.4  9.9  1.95  7.69  5.69  79 1014.7  26.1  26.5  22.6 99.0 99.00
2016 06 05 09 50  79  9.1 10.6  2.02  7.69  5.90  83 1015.2  26.2  26.5  22.5 99.0 99.00
2016 06 05 10 50  76  8.2  9.5  2.08  7.69  5.75  87 1015.5  26.3  26.6  22.4 99.0 99.00
2016 06 05 11 50  72  8.8 10.8  1.92  7.69  5.69  88 1016.0  26.3  26.6  22.5 99.0 99.00
2016 06 05 12 50  69  9.2 10.7  2.04  7.14  5.76  76 1016.3  26.3  26.6  22.7 99.0 99.00
2016 06 05 13 50  73  9.6 11.1  1.98  7.69  5.62  84 1016.3  26.4  26.6  22.2 99.0 99.00
2016 06 05 14 50  78  9.4 11.1  2.02  7.69  5.57  82 1016.2  26.4  26.6  22.5 99.0 99.00
2016 06 05 15 50  78  9.5 11.2  2.07  7.69  5.72  80 1015.9  26.4  26.7  22.5 99.0 99.00
2016 06 05 16 50  76  8.5 10.1  2.04  8.33  5.70  91 1015.5  26.4  26.7  22.5 99.0 99.00
2016 06 05 17 50  73  8.6 10.2  2.19  7.69  5.94  75 1015.0  26.4  26.7  22.7 99.0 99.00
2016 06 05 18 50  76  8.3  9.7  1.87  7.69  5.49  82 1014.8  26.4  26.7  22.7 99.0 99.00
2016 06 05 19 50  77  7.8  9.3  1.99  7.69  5.63  78 1014.8  26.3  26.7  22.9 99.0 99.00
2016 06 05 20 50  64  8.6 10.4  2.26  7.69  5.75  79 1014.9  26.3  26.7  22.8 99.0 99.00
2016 06 05 21 50  68  8.3 10.1  1.92  7.69  5.45 100 1015.5  26.3  26.6  23.1 99.0 99.00
2016 06 05 22 50  74  8.3 10.5  1.96  7.14  5.64  79 1016.2  26.3  26.6  22.9 99.0 99.00
2016 06 05 23 50  75  8.2  9.5  2.00  7.14  5.62 100 1016.9  26.3  26.6  22.8 99.0 99.00
2016 06 06 00 50  67  8.6 10.2  2.02  7.69  5.59  79 1017.2  26.3  26.6  23.1 99.0 99.00
2016 06 06 01 50  72  8.5  9.7  2.20  7.69  5.84  89 1017.1  26.3  26.6  23.0 99.0 99.00
2016 06 06 02 50  65  9.0 10.9  1.99  7.69  5.72  83 1016.8  26.2  26.6  22.9 99.0 99.00
2016 06 06 03 50  64  9.1 10.8  2.03  7.14  5.71  97 1016.0  26.2  26.6  22.9 99.0 99.00
2016 06 06 04 50  68  8.9 10.7  1.99  7.69  5.60  92 1015.3  26.1  26.6  22.8 99.0 99.00
2016 06 06 05 50  73  8.7 10.6  1.88  7.69  5.61  82 1015.0  26.1  26.6  22.8 99.0 99.00
2016 06 06 06 50  75  8.7 10.4  2.06  7.14  5.68  80 1015.0  26.1  26.6  22.7 99.0 99.00
2016 06 06 07 50  67  8.6 10.2  2.05  8.33  5.68  86 1015.2  26.2  26.6  22.2 99.0 99.00
2016 06 06 08 50  72 10.2 12.0  1.97  7.69  5.57  70 1015.5  26.1  26.6  22.5 99.0 99.00
2016 06 06 09 50  67  8.8 10.8  2.01  7.69  5.52  82 1016.3  26.3  26.6  22.6 99.0 99.00
2016 06 06 10 50  69  8.5 10.3  1.95  8.33  5.53  77 1016.7  26.5  26.6  22.4 99.0 99.00
2016 06 06 11 50  71  9.7 11.7  2.03  7.69  5.65  84 1016.9  26.6  26.6  21.8 99.0 99.00
2016 06 06 12 50  67  9.3 11.0  2.20  7.69  5.69  82 1017.4  26.5  26.7  22.2 99.0 99.00
2016 06 06 13 50  72  8.5 10.4  2.05  7.14  5.82  87 1017.4  26.8  26.7  21.9 99.0 99.00
2016 06 06 14 50  63  7.7  8.8  2.22  7.69  5.86  92 1017.4  26.6  26.7  22.5 99.0 99.00
2016 06 06 15 50  73  7.8  9.2  2.08  7.69  5.77 103 1016.9  26.5  26.7  22.5 99.0 99.00
2016 06 06 16 50  70  7.2  8.5  1.98  7.69  5.84  89 1016.6  26.6  26.8  22.0 99.0 99.00
2016 06 06 18 50  62  7.9  9.5  1.83  6.67  5.86  65 1015.5  26.5  26.8  22.5 99.0 99.00
2016 06 06 19 50  64  7.2  8.5  1.99  7.69  5.90  95 1015.5  26.5  26.8  22.5 99.0 99.00
2016 06 06 20 50  63  7.1  8.4  1.89  7.69  6.01  90 1015.9  26.4  26.7  22.4 99.0 99.00
2016 06 06 21 50  65  7.8  9.6  1.92  7.69  5.96  77 1016.2  26.4  26.7  22.4 99.0 99.00
2016 06 06 22 50  64  7.1  8.7  1.91  7.69  5.90  87 1016.6  26.3  26.7  22.6 99.0 99.00
2016 06 06 23 50  64  8.2  9.8  1.89  7.69  5.97  88 1016.8  26.3  26.7  22.8 99.0 99.00
2016 06 07 00 50  67  9.5 11.1  1.93  7.69  5.79  92 1017.1  26.5  26.7  22.1 99.0 99.00
2016 06 07 01 50  65  9.8 11.5  2.20  7.69  6.10  86 1017.0  26.4  26.6  21.9 99.0 99.00
2016 06 07 02 50  67  6.8  8.0  2.00  7.69  5.94  93 1017.4  26.4  26.6  21.2 99.0 99.00
2016 06 07 03 50  70  8.6 10.4  1.91 10.81  5.84   7 1016.4  26.5  26.6  21.2 99.0 99.00
2016 06 07 04 50  72  7.8  9.3  2.03  7.14  6.00  87 1016.2  26.5  26.6  21.0 99.0 99.00
2016 06 07 06 50  69  8.4  9.6  1.87  7.14  5.94  99 1015.6  26.6  26.6  21.3 99.0 99.00
2016 06 07 07 50  75  7.9 10.0  1.91  7.14  5.94  92 1015.8  26.4  26.6  21.5 99.0 99.00
2016 06 07 08 50  68  7.2  8.8  1.87  7.14  6.12  90 1015.9  26.5  26.6  21.3 99.0 99.00
2016 06 07 09 50  69  8.0  9.3  1.91 13.79  6.39  42 1016.5  26.2  26.6  22.2 99.0 99.00
2016 06 07 10 50  75  7.6  9.4  1.79 12.90  6.06  10 1016.9  26.5  26.6  21.3 99.0 99.00
2016 06 07 11 50  67  8.0 10.1  1.98 12.90  6.13  41 1016.7  26.6  26.6  20.7 99.0 99.00
2016 06 07 12 50  64  7.8  9.4  1.86 12.90  6.08  22 1017.0  26.5  26.7  21.4 99.0 99.00
2016 06 07 13 50  62  8.7 10.0  1.70 13.79  5.85  65 1017.1  26.5  26.7  21.7 99.0 99.00
2016 06 07 14 50  62  7.2  8.6  1.91 12.12  6.06   9 1016.7  26.6  26.7  21.1 99.0 99.00
2016 06 07 15 50  74  8.4 10.3  1.93 12.90  5.79  40 1016.6  26.4  26.7  21.8 99.0 99.00
2016 06 07 16 50  76  7.8  9.1  1.95 12.90  6.11  30 1016.3  26.5  26.8  21.6 99.0 99.00
2016 06 07 17 50  65  7.8  9.2  1.83 12.90  6.02  20 1015.7  26.5  26.8  22.1 99.0 99.00
2016 06 07 18 50  68  7.9  9.3  1.98 12.12  6.21  24 1015.6  26.5  26.8  21.8 99.0 99.00
2016 06 07 19 50  60  6.7  7.8  1.78 12.12  5.83  36 1015.8  26.2  26.8  22.5 99.0 99.00
2016 06 07 20 50  70  6.9  8.1  1.72 12.12  5.79  18 1015.9  26.4  26.7  22.2 99.0 99.00
2016 06 07 21 50  69  7.0  8.1  1.69 12.12  6.01  20 1016.3  26.3  26.7  21.8 99.0 99.00
2016 06 07 22 50  70  7.7  8.9  1.66 11.43  5.97  38 1016.7  26.3  26.7  21.6 99.0 99.00
2016 06 08 00 50  69  7.6  8.8  1.64 12.12  5.95  30 1017.6  26.3  26.7  22.0 99.0 99.00
2016 06 08 01 50  61  7.6  8.6  1.75 12.12  5.84  24 1017.6  26.5  26.6  21.6 99.0 99.00
2016 06 08 02 50  63  8.5  9.8  1.73 12.12  5.77 359 1017.3  26.5  26.6  21.6 99.0 99.00
2016 06 08 03 50  67  7.9  9.1  1.73 10.81  5.59  18 1017.0  26.1  26.6  22.3 99.0 99.00
2016 06 08 04 50  67  7.8  9.4  1.72 12.12  5.66  65 1016.4  26.1  26.6  21.4 99.0 99.00
2016 06 08 05 50  62  8.1  9.4  1.72 11.43  5.70  22 1016.2  26.0  26.6  21.3 99.0 99.00
2016 06 08 06 50  64  7.8  9.5  1.64 11.43  5.64  44 1015.9  25.9  26.6  21.4 99.0 99.00
2016 06 08 07 50  62  7.4  9.1  1.62 11.43  5.44  21 1016.1  26.0  26.6  21.3 99.0 99.00
2016 06 08 08 50  63  7.7  9.2  1.63 11.43  5.47  44 1016.5  26.0  26.6  21.3 99.0 99.00
2016 06 08 09 50  72  6.5  7.5  1.54  5.88  5.45  70 1017.1  26.1  26.6  21.0 99.0 99.00
2016 06 08 10 50  58  7.2  8.7  1.59  7.14  5.69  86 1017.6  26.1  26.6  22.2 99.0 99.00
2016 06 08 11 50  61  6.8  8.4  1.58  7.69  5.48  99 1017.9  26.2  26.6  22.2 99.0 99.00
2016 06 08 12 50  71  7.1  8.7  1.62  7.14  5.57  91 1018.3  26.1  26.7  22.2 99.0 99.00
2016 06 08 13 50  80  7.3  8.7  1.77  7.14  5.48  94 1018.3  26.2  26.7  21.8 99.0 99.00
2016 06 08 14 50  72  6.4  7.9  1.59  7.14  5.31  95 1018.2  26.4  26.7  21.0 99.0 99.00
2016 06 08 15 50  78  6.6  8.1  1.57  7.14  5.41 102 1017.7  26.5  26.8  21.5 99.0 99.00
2016 06 08 18 50  73  5.7  6.7  1.47  7.14  5.39 108 1016.3  26.4  26.8  21.1 99.0 99.00
2016 06 08 19 50  86  6.4  7.8  1.54  7.14  5.48  94 1016.3  26.4  26.8  21.6 99.0 99.00
2016 06 08 20 50  81  6.0  7.4  1.50  7.14  5.52  96 1016.8  26.2  26.8  21.7 99.0 99.00
2016 06 08 21 50  71  5.6  6.5  1.39  6.25  5.48  96 1017.4  26.2  26.8  21.9 99.0 99.00
2016 06 08 22 50  72  6.0  7.0  1.42  7.14  5.39  91 1018.0  26.2  26.7  22.1 99.0 99.00
2016 06 08 23 50  72  6.5  7.8  1.32  7.14  5.32 105 1018.5  26.1  26.7  21.8 99.0 99.00
2016 06 09 00 50  64  7.0  8.4  1.38  7.14  5.36  94 1018.8  26.2  26.7  21.6 99.0 99.00
2016 06 09 01 50  65  6.7  7.8  1.38  6.67  5.23 103 1018.8  26.1  26.7  21.2 99.0 99.00
2016 06 09 02 50  68  5.8  6.8  1.49  7.14  5.43 100 1018.8  26.1  26.7  21.4 99.0 99.00
2016 06 09 03 50  60  6.0  7.2  1.39  7.14  5.38  95 1018.4  26.1  26.7  21.6 99.0 99.00
2016 06 09 04 50  60  7.0  8.3  1.28  6.25  5.10  85 1017.7  25.9  26.7  21.9 99.0 99.00
2016 06 09 05 50  71  7.2  8.5  1.34  7.69  5.42 107 1017.3  25.7  26.7  21.7 99.0 99.00
2016 06 09 06 50  72  6.9  8.3  1.34  6.25  5.14  95 1017.1  25.9  26.6  20.7 99.0 99.00
2016 06 09 07 50  71  7.0  8.7  1.42  6.67  5.14  97 1017.2  25.9  26.6  20.9 99.0 99.00
2016 06 09 08 50  82  7.1  8.4  1.27  7.14  5.15  99 1017.7  25.8  26.6  21.3 99.0 99.00
2016 06 09 09 50  59  7.5  8.9  1.35  6.25  5.32  90 1018.3  25.8  26.6  21.3 99.0 99.00
2016 06 09 10 50  58  7.4  8.7  1.31  7.14  5.20  91 1018.3  26.0  26.6  20.8 99.0 99.00
2016 06 09 11 50  62  7.3  8.5  1.35  7.69  5.12  96 1018.6  26.0  26.7  20.9 99.0 99.00
2016 06 09 12 50  76  7.8  9.4  1.33  7.69  4.95 110 1018.7  26.2  26.7  20.4 99.0 99.00
2016 06 09 13 50  72  7.3  8.9  1.34  7.14  4.87  95 1018.8  26.3  26.7  19.6 99.0 99.00
2016 06 09 14 50  75  7.0  8.7  1.35  5.88  4.91  88 1018.7  26.5  26.8  19.4 99.0 99.00
2016 06 09 15 50  69  7.5  8.4  1.40  7.14  5.10 112 1018.1  26.4  26.8  19.7 99.0 99.00
2016 06 09 16 50  75  7.1  8.3  1.48  7.69  5.13 112 1017.8  26.4  26.8  19.9 99.0 99.00
2016 06 09 17 50  83  6.4  7.4  1.36  8.33  5.19 102 1017.3  26.3  26.8  20.4 99.0 99.00
2016 06 09 18 50  64  5.8  6.7  1.39  6.67  5.15  98 1016.5  26.2  26.8  19.7 99.0 99.00
2016 06 09 19 50  65  6.2  7.0  1.34  8.33  5.34  64 1016.5  26.2  26.8  20.2 99.0 99.00
2016 06 09 20 50  65  6.4  7.6  1.32  6.67  5.28 109 1016.5  26.1  26.8  20.7 99.0 99.00
2016 06 09 21 50  63  7.5  8.7  1.38  7.14  5.28  89 1016.9  26.1  26.8  21.1 99.0 99.00
2016 06 09 22 50  74  7.2  8.4  1.32  7.69  5.19 103 1017.5  25.9  26.7  21.3 99.0 99.00
2016 06 09 23 50  76  8.1 10.0  1.29  8.33  4.96  91 1017.9  25.6  26.7  21.1 99.0 99.00
2016 06 10 01 50  69  8.4  9.9  1.46  8.33  4.96  66 1018.4  26.1  26.7  20.4 99.0 99.00
2016 06 10 02 50  68  7.8  9.1  1.46  5.26  4.89  77 1018.2  26.2  26.7  19.8 99.0 99.00
2016 06 10 03 50  69  8.2  9.5  1.51  5.00  4.94  81 1017.6  26.0  26.6  21.2 99.0 99.00
2016 06 10 04 50  73  7.6  9.9  1.41  7.69  4.86 103 1017.4  26.0  26.6  21.3 99.0 99.00
2016 06 10 05 50  83  8.5 10.0  1.50  6.67  5.06 104 1017.0  26.0  26.6  21.0 99.0 99.00
2016 06 10 06 50  83  8.1  9.5  1.66  7.14  5.14  85 1017.2  26.1  26.6  20.5 99.0 99.00
2016 06 10 07 50  73  7.1  8.6  1.53  6.25  5.16 100 1017.0  26.0  26.6  21.0 99.0 99.00
2016 06 10 08 50  84  8.0  9.5  1.47  6.25  5.21  96 1017.3  25.9  26.6  21.8 99.0 99.00
2016 06 10 09 50  80  8.4 10.0  1.48  6.67  5.09  92 1018.2  25.9  26.6  21.4 99.0 99.00
2016 06 10 10 50  80  9.1 10.7  1.54  5.56  5.01  88 1018.4  26.1  26.6  20.9 99.0 99.00
2016 06 10 11 50  80  7.1  8.8  1.53  5.26  5.11  97 1018.8  26.1  26.7  20.9 99.0 99.00
2016 06 10 12 50  78  8.4 10.1  1.51  6.25  5.13  91 1018.8  26.3  26.7  21.3 99.0 99.00
2016 06 10 13 50  80  8.5  9.7  1.55  5.88  5.16  96 1018.8  26.4  26.7  20.4 99.0 99.00
2016 06 10 14 50  87  7.1  8.1  1.67  6.67  5.17 100 1018.7  26.5  26.7  20.2 99.0 99.00
2016 06 10 15 50  83  6.7  8.5  1.53  7.14  5.30 107 1018.5  26.4  26.8  21.2 99.0 99.00
2016 06 10 16 50  85  6.3  7.4  1.57  6.25  5.34  92 1018.2  26.4  26.8  20.8 99.0 99.00
2016 06 10 17 50  86  6.4  7.5  1.44  6.25  5.24 102 1017.8  26.3  26.8  21.3 99.0 99.00
2016 06 10 18 50  79  6.0  6.8  1.51  6.25  5.28  89 1017.7  26.3  26.8  21.3 99.0 99.00
2016 06 10 19 50  79  6.0  7.1  1.46  6.67  5.48 101 1017.9  26.2  26.8  21.7 99.0 99.00
2016 06 10 20 50  72  6.0  7.1  1.39  6.25  5.26  94 1018.2  26.3  26.8  21.2 99.0 99.00
2016 06 10 21 50  71  7.5  8.9  1.53  6.67  5.40 107 1018.5  26.2  26.8  21.3 99.0 99.00
2016 06 10 22 50  73  7.1  8.1  1.37  5.88  5.15  90 1019.1  26.1  26.7  21.4 99.0 99.00
2016 06 10 23 50  63  7.4  8.7  1.55  6.25  5.29  89 1019.5  26.1  26.7  21.8 99.0 99.00
2016 06 11 00 50  69  8.1  9.7  1.40  6.67  5.07  94 1019.8  26.1  26.7  21.9 99.0 99.00
2016 06 11 01 50  69  8.0  9.7  1.39  6.25  5.05 102 1020.0  26.0  26.7  21.9 99.0 99.00
2016 06 11 02 50  70  8.3  9.9  1.50  6.25  5.07  97 1019.4  26.0  26.7  22.1 99.0 99.00
2016 06 11 03 50  67  8.2  9.7  1.57  6.25  5.11  90 1018.9  25.9  26.7  22.3 99.0 99.00
2016 06 11 04 50  87  7.7  9.0  1.60  6.67  5.03  98 1018.6  25.9  26.7  22.4 99.0 99.00
2016 06 11 05 50  84  7.5  9.1  1.58  7.14  5.03 101 1018.3  25.8  26.6  21.9 99.0 99.00
2016 06 11 06 50  91  7.4  8.6  1.37  9.09  4.87  33 1018.3  25.8  26.6  22.2 99.0 99.00
2016 06 11 07 50  75  7.3  8.3  1.52  7.14  5.16 102 1018.3  25.9  26.6  21.7 99.0 99.00
2016 06 11 08 50  69  7.0  8.5  1.49  6.25  5.27  84 1018.4  25.9  26.6  21.4 99.0 99.00
2016 06 11 09 50  58  6.1  7.3  1.50  6.67  5.46  87 1018.8  26.0  26.6  21.2 99.0 99.00
2016 06 11 10 50  61  7.2  8.2  1.56  6.25  5.33  89 1019.0  26.0  26.6  21.5 99.0 99.00
2016 06 11 11 50  66  6.7  8.6  1.42  6.67  5.21  97 1019.3  26.1  26.7  21.6 99.0 99.00
2016 06 11 12 50  57  7.0  8.4  1.43  6.67  5.18  91 1019.4  26.1  26.7  22.2 99.0 99.00
2016 06 11 13 50  56  6.9  7.8  1.42  6.67  5.23  89 1019.4  26.1  26.8  21.9 99.0 99.00
2016 06 11 14 50  51  6.9  8.3  1.40  6.67  5.22  87 1019.0  26.1  26.8  22.2 99.0 99.00
2016 06 11 15 50  45  6.3  7.3  1.44  6.67  5.19  85 1018.6  26.2  26.8  21.8 99.0 99.00
2016 06 11 17 50  55  7.6  8.9  1.48  6.67  5.14  86 1018.1  26.3  26.9  22.1 99.0 99.00
2016 06 11 18 50  61  6.7  8.1  1.53  5.88  5.12  81 1018.0  26.3  26.8  22.0 99.0 99.00
2016 06 11 19 50  57  7.4  9.0  1.46  6.25  4.97  82 1017.7  26.3  26.8  22.0 99.0 99.00
2016 06 11 20 50  56  8.0  9.2  1.41  7.14  5.12  88 1018.1  26.2  26.8  22.1 99.0 99.00
2016 06 11 21 50  60  7.8  9.0  1.55  6.25  5.05  82 1018.3  26.2  26.7  22.0 99.0 99.00
2016 06 11 22 50  55  7.6  9.0  1.34  6.25  4.92  84 1018.8  26.2  26.7  22.3 99.0 99.00
2016 06 11 23 50  56  7.4  8.9  1.45  5.88  5.07  81 1019.1  26.2  26.7  22.4 99.0 99.00
2016 06 12 00 50  51  7.5  8.9  1.43  6.25  4.94  74 1019.3  26.1  26.7  22.4 99.0 99.00
2016 06 12 01 50  62  7.1  8.4  1.49  6.25  4.90  88 1019.5  26.2  26.7  22.4 99.0 99.00
2016 06 12 02 50  61  7.0  8.1  1.48  6.25  5.08  79 1019.2  26.1  26.7  22.2 99.0 99.00
2016 06 12 03 50  59  7.2  8.2  1.45  6.25  5.15  71 1018.4  26.0  26.7  22.2 99.0 99.00
2016 06 12 04 50  61  7.2  8.1  1.57  6.25  5.23  74 1018.3  26.0  26.7  22.4 99.0 99.00
2016 06 12 05 50  60  7.6  9.0  1.39  5.88  5.11  72 1018.0  26.0  26.7  22.1 99.0 99.00
2016 06 12 06 50  58  7.5  8.7  1.47  6.67  5.08  75 1018.0  26.0  26.7  22.3 99.0 99.00
2016 06 12 07 50  62  8.2  9.7  1.57  6.25  5.14  85 1018.1  26.1  26.7  21.9 99.0 99.00
2016 06 12 08 50  61  8.9 10.3  1.63  6.25  5.17  74 1018.6  26.0  26.7  21.9 99.0 99.00
2016 06 12 09 50  68  8.3  9.8  1.62  6.67  5.30  75 1019.3  26.1  26.7  22.0 99.0 99.00
2016 06 12 10 50  67  7.3  8.6  1.51  6.67  5.13  69 1019.6  26.2  26.7  22.1 99.0 99.00
2016 06 12 11 50  70  8.2  9.6  1.66  6.67  5.21  68 1019.8  26.3  26.7  22.0 99.0 99.00
2016 06 12 12 50  69  7.5  9.3  1.59  6.67  5.03  73 1019.9  26.3  26.7  22.2 99.0 99.00
2016 06 12 13 50  68  7.7  8.8  1.59  7.14  5.24  77 1019.5  26.3  26.8  22.0 99.0 99.00
2016 06 12 14 50  67  6.5  7.8  1.65  6.67  5.31  72 1019.1  26.4  26.8  22.0 99.0 99.00
2016 06 12 15 50  69  6.6  8.0  1.54  7.14  5.27  78 1018.5  26.3  26.8  22.1 99.0 99.00
2016 06 12 16 50  69  7.4  8.8  1.42  7.14  5.36  87 1018.0  26.4  26.9  21.7 99.0 99.00
2016 06 12 17 50  66  7.3  8.4  1.53  6.67  5.19  77 1017.6  26.3  26.9  22.2 99.0 99.00
2016 06 12 18 50  66  7.3  8.6  1.51  7.14  5.12  74 1017.3  26.4  26.9  21.8 99.0 99.00
2016 06 12 19 50  58  7.5  8.8  1.51  6.67  5.31  77 1017.3  26.3  26.8  22.2 99.0 99.00
2016 06 12 20 50  61  7.5  8.6  1.42  7.14  5.20  65 1017.6  26.3  26.8  22.3 99.0 99.00
2016 06 12 21 50  61  7.4  8.6  1.48  6.25  5.14  70 1018.1  26.2  26.8  22.5 99.0 99.00
2016 06 12 22 50  68  7.1  8.3  1.56  7.14  5.17  79 1018.9  26.3  26.7  22.2 99.0 99.00
2016 06 12 23 50  73  6.8  8.2  1.45  6.67  5.19  79 1019.3  26.2  26.7  22.4 99.0 99.00
2016 06 13 00 50  59  7.8  8.9  1.43  7.14  5.13  71 1019.6  26.2  26.7  22.0 99.0 99.00
2016 06 13 01 50  63  7.5  8.9  1.42  7.69  5.08  65 1019.7  26.2  26.7  22.1 99.0 99.00
2016 06 13 02 50  70  8.1  9.0  1.44  6.67  5.22  67 1019.1  26.1  26.7  21.7 99.0 99.00
2016 06 13 03 50  67  7.4  8.9  1.52  7.14  5.15  72 1018.4  26.0  26.7  21.7 99.0 99.00
2016 06 13 04 50  64  8.0  9.4  1.57  6.67  5.36  74 1018.0  26.0  26.7  22.2 99.0 99.00
2016 06 13 05 50  67  8.7 10.3  1.49  8.33  5.08  77 1017.7  25.9  26.7  21.7 99.0 99.00
2016 06 13 06 50  73  8.3  9.4  1.55  6.67  5.11  81 1018.0  26.0  26.7  21.6 99.0 99.00
2016 06 13 07 50  75  8.5 10.2  1.58  7.69  5.15  68 1018.0  26.0  26.6  21.6 99.0 99.00
2016 06 13 08 50  69  7.8  9.5  1.56  6.25  5.11  78 1018.5  26.1  26.6  21.6 99.0 99.00
2016 06 13 09 50  77  7.7  9.9  1.50  7.69  5.29  71 1019.2  26.0  26.7  21.7 99.0 99.00
2016 06 13 10 50  86  7.1  8.8  1.53  5.88  5.28  72 1019.3  26.2  26.7  21.5 99.0 99.00
2016 06 13 11 50  86  6.7  8.1  1.55  6.25  5.40  76 1019.6  26.1  26.7  21.2 99.0 99.00
2016 06 13 12 50  85  6.2  7.4  1.53  7.14  5.31  76 1019.6  26.2  26.7  21.2 99.0 99.00
2016 06 13 13 50  86  6.6  8.0  1.63  7.14  5.33  74 1019.2  26.1  26.8  21.3 99.0 99.00
2016 06 13 14 50  83  4.8  5.9  1.52  7.14  5.35  76 1019.1  26.2  26.8  21.8 99.0 99.00
2016 06 13 15 50  88  5.5  6.5  1.47  6.67  5.36  77 1018.9  26.2  26.8  21.1 99.0 99.00
2016 06 13 16 50  86  5.1  6.4  1.45  7.14  5.46  78 1018.3  26.2  26.9  21.1 99.0 99.00
2016 06 13 17 50  79  4.3  5.2  1.38  7.69  5.49  88 1018.0  26.2  27.0  21.2 99.0 99.00
2016 06 13 18 50  84  4.3  5.0  1.43  6.25  5.53  86 1017.6  26.1  27.0  21.4 99.0 99.00
2016 06 13 19 50  79  4.4  5.2  1.40  7.69  5.39  80 1017.7  26.2  26.9  21.4 99.0 99.00
2016 06 13 20 50  41  3.2  4.4  1.40  7.69  5.70  89 1018.1  26.2  26.9  21.7 99.0 99.00
2016 06 13 21 50  71  4.8  5.8  1.35  6.67  5.90  79 1018.4  26.2  26.8  21.4 99.0 99.00
2016 06 13 22 50  66  5.0  6.2  1.19  7.14  5.68  77 1018.7  26.2  26.8  21.6 99.0 99.00
2016 06 13 23 50  76  4.6  5.6  1.27  7.14  5.72  80 1019.3  26.2  26.8  22.0 99.0 99.00
2016 06 14 00 50  66  4.5  5.3  1.25 11.43  5.92  50 1019.6  26.3  26.8  22.0 99.0 99.00
2016 06 14 01 50  66  2.4  4.7  1.16 11.43  5.60  34 1019.7  24.9  26.8  22.2 99.0 99.00
2016 06 14 02 50  87  4.6  5.5  1.21 11.43  5.77  88 1019.1  25.8  26.8  22.3 99.0 99.00
2016 06 14 03 50  63  2.4  3.1  1.18 10.81  5.83 320 1018.5  24.9  26.8  22.2 99.0 99.00
2016 06 14 04 50  71  3.3  4.1  1.19 10.81  5.79 325 1017.9  25.5  26.7  21.9 99.0 99.00
2016 06 14 05 50  80  5.1  6.3  1.16  7.14  5.55  85 1017.5  25.8  26.7  21.7 99.0 99.00
2016 06 14 06 50  92  4.4  5.3  1.14 10.00  5.64   6 1017.7  25.7  26.7  21.8 99.0 99.00
2016 06 14 07 50  95  6.2  7.1  1.17  7.69  5.38  82 1017.7  25.9  26.7  21.2 99.0 99.00
2016 06 14 08 50  91  6.0  6.9  1.21 10.81  5.53  43 1018.3  25.9  26.7  20.9 99.0 99.00
2016 06 14 09 50  83  5.6  6.6  1.16 11.43  5.22  85 1018.8  25.8  26.7  21.7 99.0 99.00
2016 06 14 10 50  86  5.2  6.3  1.26  7.69  5.32  92 1019.1  25.9  26.7  21.0 99.0 99.00
2016 06 14 11 50  80  5.0  5.9  1.22 10.00  5.57  34 1019.3  25.9  26.8  21.2 99.0 99.00
2016 06 14 12 50  84  4.7  5.9  1.21 10.81  5.65 351 1019.7  26.0  26.8  21.0 99.0 99.00
2016 06 14 13 50  83  4.5  5.4  1.14 10.81  5.62  95 1019.7  26.0  26.9  21.0 99.0 99.00
2016 06 14 15 50  88  5.0  6.0  1.11  7.69  5.26  72 1018.9  26.1  27.0  21.0 99.0 99.00
2016 06 14 17 50  86  5.2  6.4  1.18 10.81  5.80  70 1017.8  26.2  27.1  20.9 99.0 99.00
2016 06 14 18 50  78  4.9  5.8  1.14 10.00  5.80 324 1017.4  26.2  27.1  21.0 99.0 99.00
2016 06 14 19 50  80  5.1  6.0  1.14 10.81  6.01  83 1017.6  26.2  27.0  21.1 99.0 99.00
2016 06 14 20 50  84  6.0  7.0  1.16 10.00  5.57 360 1018.0  26.2  27.0  20.9 99.0 99.00
2016 06 14 21 50  81  5.5  6.5  1.09 10.81  5.51  89 1018.6  26.2  26.9  21.0 99.0 99.00
2016 06 14 22 50  78  6.0  7.5  1.16 10.00  5.45  16 1018.9  26.1  26.9  21.0 99.0 99.00
2016 06 14 23 50  78  6.5  8.0  1.17 10.00  5.34 324 1019.3  26.1  26.8  21.5 99.0 99.00
2016 06 15 00 50  74  6.8  8.1  1.17 10.00  5.38   9 1019.8  26.1  26.8  21.3 99.0 99.00
2016 06 15 01 50  75  6.6  7.9  1.22  9.09  5.42  29 1020.0  26.1  26.8  21.2 99.0 99.00
2016 06 15 02 50  81  7.9  9.4  1.23 10.00  5.07  56 1019.4  26.1  26.8  20.5 99.0 99.00
2016 06 15 03 50  78  7.1  8.7  1.28 10.00  5.29 339 1018.7  25.8  26.7  20.7 99.0 99.00
2016 06 15 04 50  80  6.0  6.9  1.32 10.00  5.48   5 1018.3  25.8  26.7  21.0 99.0 99.00
2016 06 15 05 50  83  7.2  8.1  1.26 10.81  5.31 220 1017.9  25.7  26.7  20.7 99.0 99.00
2016 06 15 06 50  78  6.6  7.6  1.28 10.00  5.26 304 1018.2  25.7  26.7  21.0 99.0 99.00
2016 06 15 07 50  70  7.2  8.3  1.33 11.43  5.30  66 1018.3  25.6  26.7  20.7 99.0 99.00
2016 06 15 08 50  71  6.4  7.9  1.19 10.81  5.00  48 1018.7  25.7  26.7  21.0 99.0 99.00
2016 06 15 09 50  69  6.4  8.0  1.27 10.00  5.29 356 1019.0  25.8  26.7  21.0 99.0 99.00
2016 06 15 10 50  67  6.9  8.0  1.28 10.00  5.08  41 1019.2  25.9  26.7  21.0 99.0 99.00
2016 06 15 11 50  69  7.7  8.8  1.27 10.00  5.10  56 1019.4  25.9  26.7  21.3 99.0 99.00
2016 06 15 12 50  73  6.9  8.3  1.24 11.43  4.96  43 1019.6  26.1  26.8  21.5 99.0 99.00
2016 06 15 13 50  76  7.4  8.4  1.21 11.43  4.72  90 1019.0  26.0  26.8  21.6 99.0 99.00
2016 06 15 14 50  75  6.5  7.7  1.27  5.26  4.88  85 1018.8  26.1  26.9  21.2 99.0 99.00
2016 06 15 15 50  73  6.3  7.8  1.32  5.26  5.00  86 1018.5  26.1  26.9  21.5 99.0 99.00
2016 06 15 16 50  72  6.0  7.9  1.26  4.76  4.89  82 1018.1  26.2  26.9  21.7 99.0 99.00
2016 06 15 17 50  82  7.3  8.6  1.25  5.00  4.77  71 1017.4  26.2  26.9  21.3 99.0 99.00
2016 06 15 18 50  76  7.9  9.4  1.33  5.26  4.85  78 1017.0  26.2  26.9  21.4 99.0 99.00
2016 06 15 19 50  75  8.1  9.7  1.38  5.26  4.76  86 1016.9  26.1  26.8  21.2 99.0 99.00
2016 06 15 20 50  72  7.9  9.1  1.41  5.26  4.92  79 1017.3  26.1  26.8  21.5 99.0 99.00
2016 06 15 21 50  72  7.9  8.7  1.41  5.00  4.77  83 1017.8  26.1  26.8  21.2 99.0 99.00
2016 06 15 22 50  75  7.6  8.8  1.38  5.88  4.84  83 1018.5  26.1  26.8  21.4 99.0 99.00
2016 06 15 23 50  73  7.8  9.2  1.38  5.26  4.79  94 1018.9  26.1  26.7  21.3 99.0 99.00
2016 06 16 00 50  74  8.1  9.8  1.33  5.56  4.77  87 1018.9  26.0  26.7  21.3 99.0 99.00
2016 06 16 01 50  86  8.0  9.4  1.47  6.25  4.93  83 1019.5  26.0  26.7  21.4 99.0 99.00
2016 06 16 02 50  79  7.6  8.9  1.45  6.25  5.03  83 1019.3  26.0  26.7  21.3 99.0 99.00
2016 06 16 03 50  79  7.2  8.3  1.45  6.25  5.09  97 1018.6  25.9  26.7  20.9 99.0 99.00
2016 06 16 04 50  73  6.4  7.5  1.42  5.88  5.08  91 1018.0  25.8  26.7  21.3 99.0 99.00
2016 06 16 05 50  70  7.3  8.6  1.45  5.88  5.05  94 1017.8  25.8  26.7  21.0 99.0 99.00
2016 06 16 06 50  77  7.7  8.8  1.40  6.25  5.09  88 1017.4  25.9  26.7  20.5 99.0 99.00
2016 06 16 07 50  74  7.7  9.0  1.39  6.25  5.00  77 1017.4  25.9  26.7  20.9 99.0 99.00
2016 06 16 08 50  75  7.2  8.5  1.50  6.25  5.04  72 1017.7  25.9  26.7  20.9 99.0 99.00
2016 06 16 09 50  68  7.3  8.7  1.48  6.67  5.13  86 1018.2  26.0  26.7  21.0 99.0 99.00
2016 06 16 10 50  67  6.5  8.0  1.44  6.25  4.93  87 1018.5  25.9  26.7  21.1 99.0 99.00
2016 06 16 11 50  76  8.3 11.6  1.52  6.25  4.98  85 1018.6  25.2  26.7  21.5 99.0 99.00
2016 06 16 12 50  77  7.0  8.7  1.55  6.25  5.13  84 1018.6  25.8  26.7  21.6 99.0 99.00
2016 06 16 13 50  80  7.2 10.0  1.41  6.25  5.10  85 1018.3  26.1  26.8  21.7 99.0 99.00
2016 06 16 14 50  63  8.3  9.6  1.47  6.25  4.95  85 1018.0  25.6  26.8  21.4 99.0 99.00
2016 06 16 15 50  68  7.0  8.5  1.45  6.25  5.08  82 1017.5  25.9  26.8  21.5 99.0 99.00
2016 06 16 16 50  57  5.6  6.7  1.42  5.88  5.17  76 1016.7  25.6  26.8  22.2 99.0 99.00
2016 06 16 17 50  79  8.0  9.5  1.32  6.25  5.00  80 1016.1  26.3  26.8  21.5 99.0 99.00
2016 06 16 18 50  72  7.6  8.6  1.41  6.25  5.03  88 1015.6  26.3  26.8  21.7 99.0 99.00
2016 06 16 19 50  68  7.5  8.6  1.37  6.25  4.79  95 1015.7  26.3  26.8  21.8 99.0 99.00
2016 06 16 20 50  66  7.5  8.9  1.37  6.25  4.89  89 1015.8  26.3  26.8  22.1 99.0 99.00
2016 06 16 21 50  64  7.7  8.9  1.30  6.67  4.75  86 1016.3  26.3  26.8  22.4 99.0 99.00
2016 06 16 22 50  74  8.1  9.5  1.35  6.25  4.88  93 1016.9  26.2  26.8  22.8 99.0 99.00
2016 06 16 23 50  81  8.2 10.0  1.42  6.25  4.88  84 1017.6  26.3  26.8  22.5 99.0 99.00
2016 06 17 00 50  75  7.4  8.9  1.49  6.25  4.96  77 1018.1  26.3  26.7  22.4 99.0 99.00
2016 06 17 01 50  80  7.9  9.2  1.49  6.25  4.96  93 1018.1  26.2  26.7  22.1 99.0 99.00
2016 06 17 02 50  81  7.9  9.4  1.35  6.25  4.83  89 1017.7  26.1  26.7  22.1 99.0 99.00
2016 06 17 03 50  80  7.7  9.1  1.46  6.67  5.13  82 1016.8  26.2  26.7  21.8 99.0 99.00
2016 06 17 04 50  78  7.3  8.8  1.28  6.25  4.89  82 1016.3  26.1  26.7  22.3 99.0 99.00
2016 06 17 05 50  85  7.2  8.5  1.35  6.25  4.93  98 1015.7  26.1  26.7  22.0 99.0 99.00
2016 06 17 06 50  71  4.9  6.2  1.39  6.25  5.10  93 1015.5  25.6  26.7  22.1 99.0 99.00
2016 06 17 07 50  73  6.7  8.2  1.39  6.25  5.09  85 1015.5  26.0  26.7  22.9 99.0 99.00
2016 06 17 08 50  89  7.9 10.6  1.37  6.67  4.86  86 1015.9  25.4  26.7  22.4 99.0 99.00
2016 06 17 09 50  69  7.4  8.9  1.44  6.67  5.01  76 1016.4  26.4  26.7  22.4 99.0 99.00
2016 06 17 10 50  85 10.0 13.4  1.52  6.67  4.93  82 1016.6  25.9  26.7  22.4 99.0 99.00
2016 06 17 11 50  74  6.8  8.1  1.57  5.56  4.92  75 1016.9  25.8  26.7  22.5 99.0 99.00
2016 06 17 12 50  90  9.1 11.5  1.54  6.67  4.91  90 1017.2  25.0  26.7  22.6 99.0 99.00
2016 06 17 13 50  73  7.6  9.2  1.54  6.25  5.06  91 1017.3  26.2  26.8  23.0 99.0 99.00
2016 06 17 14 50  82  6.9  7.9  1.61  7.14  5.06  74 1017.4  26.2  26.8  23.0 99.0 99.00
2016 06 17 15 50  89  7.1  8.3  1.62  6.25  5.21  82 1017.0  26.6  26.8  22.0 99.0 99.00
2016 06 17 17 50  86  7.4  9.0  1.47  6.67  5.29  88 1016.1  26.6  26.9  22.0 99.0 99.00
2016 06 17 18 50  84  7.2  8.3  1.46  6.67  5.18  90 1015.7  26.6  26.9  22.2 99.0 99.00
2016 06 17 19 50  77  6.6  7.9  1.61  6.67  5.25  83 1015.6  26.5  26.9  22.2 99.0 99.00
2016 06 17 20 50  82  7.1  8.3  1.36  6.67  5.14  89 1015.9  26.5  26.8  22.3 99.0 99.00
2016 06 17 21 50  72  6.8  7.9  1.48  6.67  5.35  79 1016.5  26.4  26.8  23.0 99.0 99.00
2016 06 17 22 50  72  7.5  8.6  1.40  6.25  4.98  82 1017.1  26.4  26.8  22.9 99.0 99.00
2016 06 17 23 50  66  7.8  8.9  1.56  6.67  5.01  84 1017.6  26.3  26.8  23.1 99.0 99.00
2016 06 18 00 50  68  7.5  8.6  1.51  6.67  5.09  87 1018.1  26.6  26.8  22.4 99.0 99.00
2016 06 18 01 50  69  8.7  9.9  1.52  7.14  5.15  72 1018.3  26.3  26.7  23.0 99.0 99.00
2016 06 18 02 50  76  9.8 11.8  1.48  6.67  5.12  90 1017.8  26.2  26.7  22.4 99.0 99.00
2016 06 18 04 50  79  8.6 10.4  1.48  7.14  5.09  80 1016.0  26.3  26.7  22.0 99.0 99.00
2016 06 18 05 50  77  8.3  9.8  1.58  6.25  5.09  83 1015.6  26.1  26.7  22.7 99.0 99.00
2016 06 18 06 50  70  8.7 10.6  1.69  6.67  5.21  79 1015.4  26.1  26.7  22.8 99.0 99.00
2016 06 18 07 50  76  8.7 10.4  1.52  7.14  5.22  79 1015.7  26.2  26.7  22.4 99.0 99.00
2016 06 18 08 50  80  8.0  9.6  1.67  6.67  5.23  92 1016.6  26.2  26.7  22.4 99.0 99.00
2016 06 18 09 50  79  8.8 10.4  1.64  7.14  5.22  89 1017.1  26.3  26.7  22.0 99.0 99.00
2016 06 18 10 50  74  8.8 10.2  1.88  6.67  5.34  84 1017.0  26.4  26.7  22.1 99.0 99.00
2016 06 18 11 50  72  9.3 10.8  1.75  6.67  5.27  85 1017.0  26.4  26.7  21.9 99.0 99.00
2016 06 18 12 50  74  8.8 10.8  1.81  7.14  5.17  78 1017.3  26.3  26.8  22.1 99.0 99.00
2016 06 18 13 50  71  9.4 11.1  1.75  7.14  5.08  81 1017.1  26.5  26.8  21.8 99.0 99.00
2016 06 18 14 50  67  9.3 10.9  1.61  6.25  4.99  79 1017.0  26.6  26.8  21.7 99.0 99.00
2016 06 18 15 50  76  8.5 10.0  1.78  7.14  5.21  82 1016.8  26.4  26.8  22.1 99.0 99.00
2016 06 18 16 50  79  9.5 11.1  1.79  7.14  5.19  72 1016.3  26.0  26.9  22.2 99.0 99.00
2016 06 18 17 50  75  7.7  9.1  1.75  7.14  5.25  88 1016.1  26.2  26.9  22.2 99.0 99.00
2016 06 18 18 50  77  7.8  9.5  1.77  6.67  5.37  88 1015.8  26.4  26.8  22.5 99.0 99.00
2016 06 18 19 50  72  7.6  9.0  1.59  7.14  5.30  98 1015.8  26.4  26.9  22.2 99.0 99.00
2016 06 18 20 50  77  8.0  9.3  1.73  7.14  5.34  92 1016.0  26.5  26.8  22.0 99.0 99.00
2016 06 18 21 50  79  7.8  9.2  1.60  6.67  5.09  95 1016.5  26.4  26.8  22.2 99.0 99.00
2016 06 18 22 50  77  7.6  9.1  1.63  6.25  5.13  97 1017.0  26.4  26.8  22.3 99.0 99.00
2016 06 18 23 50  69  8.2  9.4  1.57  7.69  5.18  86 1017.7  26.3  26.8  22.2 99.0 99.00
2016 06 19 00 50  75  9.4 10.8  1.78  7.14  5.27  79 1018.1  26.4  26.8  22.2 99.0 99.00
2016 06 19 01 50  72  8.5 10.2  1.75  6.67  5.24  86 1018.2  26.3  26.7  22.3 99.0 99.00
2016 06 19 02 50  73  8.7 10.2  1.83  6.67  5.23  80 1018.1  26.2  26.7  22.2 99.0 99.00
2016 06 19 03 50  70  7.6  8.8  1.67  7.14  5.30  77 1017.5  26.0  26.7  22.3 99.0 99.00
2016 06 19 04 50  77  7.5  8.9  1.68  7.14  5.30  82 1016.9  26.1  26.7  22.3 99.0 99.00
2016 06 19 05 50  77  8.3  9.8  1.60  7.69  5.33  87 1016.5  26.1  26.7  22.2 99.0 99.00
2016 06 19 06 50  73  7.9  9.7  1.69  7.14  5.37  77 1016.5  25.9  26.7  22.5 99.0 99.00
2016 06 19 07 50  65  8.6 10.1  1.72  7.14  5.44  76 1016.6  26.2  26.7  21.9 99.0 99.00
2016 06 19 08 50  69  8.6  9.9  1.74  7.14  5.34  75 1016.8  26.2  26.7  21.8 99.0 99.00
2016 06 19 09 50  71  9.2 11.2  1.76  7.14  5.36  85 1017.2  26.2  26.7  21.9 99.0 99.00
2016 06 19 10 50  76  8.6 10.2  1.73  7.14  5.34  87 1017.5  26.2  26.7  22.0 99.0 99.00
2016 06 19 11 50  78  9.2 10.9  1.75  7.14  5.30  85 1017.8  26.1  26.7  22.0 99.0 99.00
2016 06 19 12 50  80  8.8 10.5  1.85  7.14  5.33  93 1018.0  26.3  26.8  21.4 99.0 99.00
2016 06 19 13 50  82  8.8 10.6  1.91  7.14  5.36  82 1017.8  26.3  26.8  21.6 99.0 99.00
2016 06 19 14 50  81  8.7 10.2  1.81  7.14  5.31  96 1017.6  26.2  26.8  21.4 99.0 99.00
2016 06 19 15 50  81  8.3  9.8  1.76  6.67  5.28  83 1017.0  26.2  26.8  21.8 99.0 99.00
2016 06 19 16 50  83  9.0 11.1  1.79  7.14  5.27  94 1016.2  26.3  26.8  21.5 99.0 99.00
2016 06 19 17 50  83  8.3 10.0  1.70  6.67  5.10  91 1015.8  26.3  26.8  20.8 99.0 99.00
2016 06 19 18 50  83  8.8 10.7  1.84  7.14  5.23  92 1015.5  26.4  26.8  20.7 99.0 99.00
2016 06 19 19 50  79  9.1 11.7  1.84  7.14  5.30  87 1015.5  26.4  26.8  21.0 99.0 99.00
2016 06 19 20 50  84  9.4 10.9  1.81  7.14  5.32  81 1015.7  26.4  26.8  21.1 99.0 99.00
2016 06 19 21 50  87  8.9 10.1  1.74  7.14  5.37  91 1016.1  26.3  26.8  21.5 99.0 99.00
2016 06 19 22 50  87  7.7  8.7  1.74  7.14  5.26  91 1016.9  26.3  26.8  21.9 99.0 99.00
2016 06 19 23 50  83  7.7  9.0  1.86  7.14  5.32  93 1017.3  26.2  26.7  22.1 99.0 99.00
2016 06 20 00 50  85  8.2  9.8  1.74  7.14  5.36  98 1017.8  26.3  26.7  22.2 99.0 99.00
2016 06 20 01 50  77  7.9  9.6  1.87  6.67  5.32  90 1018.1  25.5  26.7  22.3 99.0 99.00
2016 06 20 02 50  85  9.5 11.9  1.92  7.69  5.47  95 1017.6  26.3  26.7  21.8 99.0 99.00
2016 06 20 03 50  86  9.7 11.5  1.99  7.14  5.39  88 1017.2  26.2  26.7  21.3 99.0 99.00
2016 06 20 04 50  79  9.3 11.2  1.89  7.69  5.28  89 1016.7  26.0  26.7  20.9 99.0 99.00
2016 06 20 05 50  78  9.3 11.9  2.10  7.14  5.59  89 1016.5  26.0  26.7  20.9 99.0 99.00
2016 06 20 06 50  79  9.5 11.0  2.05  7.14  5.49  88 1016.5  26.0  26.7  21.0 99.0 99.00
2016 06 20 09 50  83  9.5 11.2  1.94  7.14  5.47  84 1017.2  26.1  26.7  20.5 99.0 99.00
2016 06 20 10 50  81  9.6 11.5  2.00  7.14  5.57  96 1017.5  26.3  26.7  20.4 99.0 99.00
2016 06 20 11 50  81  9.0 11.0  2.14  7.69  5.70  99 1018.0  26.2  26.7  20.8 99.0 99.00
2016 06 20 12 50  83  9.1 10.9  1.86  7.14  5.29  90 1018.1  26.2  26.7  21.3 99.0 99.00
2016 06 20 13 50  82  8.7 11.1  2.08  7.69  5.53  83 1018.0  26.3  26.8  21.2 99.0 99.00
2016 06 20 14 50  79  8.3 10.1  1.98  7.69  5.51  85 1017.8  26.3  26.8  20.8 99.0 99.00
2016 06 20 15 50  83  8.2  9.8  1.96  7.14  5.46  86 1017.4  26.3  26.8  20.8 99.0 99.00
2016 06 20 16 50  79  8.0 10.3  1.84  7.69  5.50  88 1017.0  26.2  26.8  21.3 99.0 99.00
2016 06 20 17 50  81  7.2  8.8  1.94  7.14  5.50  91 1016.4  26.2  26.8  21.4 99.0 99.00
2016 06 20 18 50  74  7.9  9.4  1.99  7.14  5.62  80 1015.9  26.2  26.8  20.9 99.0 99.00
2016 06 20 19 50  74  7.4  8.9  2.03  7.69  5.66  81 1015.9  26.2  26.8  21.7 99.0 99.00
2016 06 20 20 50  82  8.2  9.9  2.12  7.69  5.79  85 1015.9  26.3  26.8  21.3 99.0 99.00
2016 06 20 21 50  75  8.5 10.2  1.98  7.69  5.71  78 1016.4  26.2  26.8  21.4 99.0 99.00
2016 06 20 22 50  73  8.8 10.6  1.77  7.69  5.55  82 1016.9  26.2  26.7  21.4 99.0 99.00
2016 06 20 23 50  73  9.1 10.8  1.84  7.69  5.52  86 1017.3  26.2  26.7  21.1 99.0 99.00
2016 06 21 00 50  76  9.6 11.2  2.09  7.69  5.77  85 1017.8  26.1  26.7  20.8 99.0 99.00
2016 06 21 01 50  80  9.5 11.3  1.93  7.14  5.40  75 1018.1  26.1  26.7  20.8 99.0 99.00
2016 06 21 02 50  75  8.8 10.7  1.98  7.69  5.54  83 1017.7  26.2  26.7  21.0 99.0 99.00
2016 06 21 04 50  75  8.9 10.6  1.92  7.69  5.53  91 1016.5  25.9  26.7  20.4 99.0 99.00
2016 06 21 05 50  75  7.9  9.7  1.87  7.69  5.55  69 1016.2  25.9  26.7  21.1 99.0 99.00
2016 06 21 06 50  70  9.1 11.1  2.06  7.69  5.79  71 1016.0  25.9  26.7  20.7 99.0 99.00
2016 06 21 08 50  81  9.2 11.2  2.07  7.14  5.62  75 1016.3  25.9  26.7  21.0 99.0 99.00
2016 06 21 09 50  76  9.1 11.0  2.03  7.69  5.51  64 1016.9  26.0  26.7  20.7 99.0 99.00
2016 06 21 10 50  82  8.2  9.9  1.98  7.69  5.65  74 1017.4  26.1  26.7  20.8 99.0 99.00
2016 06 21 11 50  78  8.9 10.4  1.82  8.33  5.40  71 1017.4  26.2  26.7  21.2 99.0 99.00
2016 06 21 12 50  79  9.0 11.5  1.89  7.69  5.57  88 1017.5  26.1  26.7  21.4 99.0 99.00
2016 06 21 13 50  88  8.4 10.3  1.82  7.14  5.48  70 1017.5  26.2  26.7  21.2 99.0 99.00
2016 06 21 14 50  76  8.1  9.6  1.94  7.69  5.54  73 1017.3  26.3  26.8  21.3 99.0 99.00
2016 06 21 15 50  72  8.9 10.5  1.98  7.14  5.49  88 1016.9  26.4  26.8  20.9 99.0 99.00
2016 06 21 16 50  71  8.6 10.2  1.90  7.69  5.59  68 1016.7  26.3  26.8  21.3 99.0 99.00
2016 06 21 17 50  75  8.9 10.5  1.83  7.69  5.31  80 1016.4  26.4  26.8  21.1 99.0 99.00
2016 06 21 18 50  73  8.0  9.5  2.01  7.69  5.59  79 1016.1  26.4  26.8  21.6 99.0 99.00
2016 06 21 19 50  74  7.5  8.8  2.10  7.69  5.83  74 1016.2  26.4  26.8  21.7 99.0 99.00
2016 06 21 20 50  63  7.8  9.9  1.89  7.69  5.48  63 1016.4  26.4  26.8  21.6 99.0 99.00
2016 06 21 21 50  71  8.2 10.1  2.12  7.69  5.83  69 1016.9  26.4  26.7  22.0 99.0 99.00
2016 06 21 22 50  65  8.0  9.4  1.77  7.69  5.58  72 1017.5  26.3  26.7  22.5 99.0 99.00
2016 06 21 23 50  70  7.7  9.0  1.98  7.69  5.83  73 1017.8  26.3  26.7  22.5 99.0 99.00
2016 06 22 00 50  69  8.0  9.6  1.88  7.69  5.67  87 1018.0  26.1  26.7  22.9 99.0 99.00
2016 06 22 01 50  60  8.8 10.9  1.87  8.33  5.63  63 1018.1  26.2  26.7  22.9 99.0 99.00
2016 06 22 02 50  69  9.5 10.9  2.03  7.69  5.74  70 1017.8  25.1  26.7  22.4 99.0 99.00
2016 06 22 03 50  64  9.2 10.9  1.90  8.33  5.61  81 1017.1  26.3  26.7  23.0 99.0 99.00
2016 06 22 04 50  63  9.4 11.5  2.05  7.69  5.59  60 1016.6  26.4  26.7  23.1 99.0 99.00
2016 06 22 05 50  58 10.6 12.5  2.09  7.69  5.62  71 1016.1  25.8  26.7  23.2 99.0 99.00
2016 06 22 06 50  67 10.0 11.6  2.15  7.69  5.59  65 1016.0  26.2  26.7  22.7 99.0 99.00
2016 06 22 07 50  68  9.7 11.5  2.42  8.33  5.84  62 1016.3  26.2  26.7  22.2 99.0 99.00
2016 06 22 08 50  68  8.3 10.2  2.25  7.69  5.66  66 1016.5  26.2  26.7  22.4 99.0 99.00
2016 06 22 09 50  61  9.3 13.1  2.33  7.69  5.84  62 1017.2  25.0  26.7  22.5 99.0 99.00
2016 06 22 10 50  65  8.1  9.3  2.18  8.33  5.80  68 1017.4  26.0  26.7  23.1 99.0 99.00
2016 06 22 11 50  64  9.4 11.0  2.06  7.69  5.71  58 1017.5  26.5  26.7  22.8 99.0 99.00
2016 06 22 12 50  68  9.7 11.2  2.22  8.33  5.66  63 1017.8  26.5  26.7  22.5 99.0 99.00
2016 06 22 13 50  76  8.7 10.7  2.25  7.69  5.77  74 1017.9  26.6  26.7  22.4 99.0 99.00
2016 06 22 14 50  69  8.2 10.1  2.09  7.69  5.50  76 1017.8  26.5  26.8  22.5 99.0 99.00
2016 06 22 15 50  68  8.4 10.3  2.41  8.33  5.91  64 1017.5  26.5  26.8  22.3 99.0 99.00
2016 06 22 16 50  61  8.6  9.8  2.24  8.33  5.95  70 1016.8  26.6  26.8  22.2 99.0 99.00
2016 06 22 17 50  56  8.3  9.7  2.06  8.33  5.67  72 1016.5  26.6  26.8  22.4 99.0 99.00
2016 06 22 18 50  63  7.7  8.8  2.09  8.33  5.83  73 1016.0  26.5  26.8  22.4 99.0 99.00
2016 06 22 19 50  57  7.6  8.9  2.14  8.33  6.06  64 1015.8  26.5  26.8  22.5 99.0 99.00
2016 06 22 20 50  57  8.2 10.1  2.10  7.69  5.82  73 1016.0  26.5  26.8  22.5 99.0 99.00
2016 06 22 21 50  53  7.2  8.5  2.05  8.33  5.91  68 1016.5  26.4  26.8  22.5 99.0 99.00
2016 06 22 22 50  57  7.7  9.3  2.25  7.69  6.05  69 1016.9  26.4  26.7  22.3 99.0 99.00
2016 06 22 23 50  59  7.4 12.8  1.99  7.14  5.69  66 1017.4  25.5  26.7  23.2 99.0 99.00
2016 06 23 00 50  71  6.4  7.7  2.12  7.69  5.87  70 1017.7  26.0  26.7  22.8 99.0 99.00
2016 06 23 01 50  71  8.0  9.3  2.27  7.69  6.11  70 1017.7  26.4  26.7  22.6 99.0 99.00
2016 06 23 02 50  70  8.3  9.9  2.01  8.33  5.85  59 1017.4  26.5  26.7  23.0 99.0 99.00
2016 06 23 03 50  72  7.9  9.3  2.10  8.33  5.76  61 1016.9  25.5  26.7  23.0 99.0 99.00
2016 06 23 04 50  87  8.6 10.6  2.06  8.33  6.02  61 1016.3  25.7  26.7  23.0 99.0 99.00
2016 06 23 05 50  85 10.0 11.7  1.91  8.33  5.62  67 1016.0  24.6  26.7  23.0 99.0 99.00
2016 06 23 06 50  81  8.0  9.9  2.05  8.33  5.97  68 1016.0  26.1  26.7  22.6 99.0 99.00
2016 06 23 07 50  80  8.0  9.4  1.98  8.33  5.66  67 1015.9  25.8  26.7  22.3 99.0 99.00
2016 06 23 09 50  61  7.7  9.7  2.04  8.33  5.93  63 1016.8  24.8  26.7  23.1 99.0 99.00
2016 06 23 10 50  73  7.4  8.7  2.00  9.09  5.91  66 1017.0  25.9  26.7  22.7 99.0 99.00
2016 06 23 11 50  75  6.7  8.2  2.11  8.33  6.07  61 1017.4  25.5  26.7  22.5 99.0 99.00
2016 06 23 12 50  70  7.5  9.1  2.01  8.33  6.05  68 1017.4  26.0  26.7  23.0 99.0 99.00
2016 06 23 13 50  82  7.7  9.0  1.97  8.33  5.86  60 1017.3  26.1  26.8  23.0 99.0 99.00
2016 06 23 14 50  82  7.8  9.2  2.09  8.33  6.20  72 1016.9  26.5  26.8  22.5 99.0 99.00
2016 06 23 15 50  79  7.3  8.9  2.16  8.33  6.11  72 1016.7  26.5  26.8  22.4 99.0 99.00
2016 06 23 16 50  75  7.4  8.9  2.11  8.33  6.00  70 1016.2  26.5  26.9  22.3 99.0 99.00
2016 06 23 17 50  75  6.9  8.1  2.00  8.33  5.77  68 1015.9  26.5  26.9  23.1 99.0 99.00
2016 06 23 18 50  64  6.7  8.3  1.94  8.33  6.01  73 1015.6  26.5  26.9  22.7 99.0 99.00
2016 06 23 19 50  73  7.3  9.1  2.02  8.33  5.88  72 1015.5  26.4  26.9  22.7 99.0 99.00
2016 06 23 20 50  65  8.0  9.4  1.81  9.09  5.69  78 1015.6  26.2  26.9  22.5 99.0 99.00
2016 06 23 21 50  68  6.8  8.1  1.98  8.33  5.85  72 1015.9  26.3  26.8  22.6 99.0 99.00
2016 06 23 22 50  69  7.5  8.9  1.94  8.33  5.93  75 1016.5  26.4  26.8  22.7 99.0 99.00
2016 06 23 23 50  66  7.3  8.6  1.89  8.33  5.86  65 1017.3  26.4  26.8  22.8 99.0 99.00
2016 06 24 00 50  70  7.6  9.0  2.06  8.33  5.80  64 1017.7  26.5  26.8  22.6 99.0 99.00
2016 06 24 01 50  72  6.3  7.4  1.91  9.09  5.85  66 1017.8  26.3  26.8  22.7 99.0 99.00
2016 06 24 02 50  72  7.0  8.3  1.91  8.33  5.94  77 1017.5  26.3  26.7  22.7 99.0 99.00
2016 06 24 03 50  75  7.2  8.4  1.86  9.09  5.84  64 1016.8  26.3  26.7  21.9 99.0 99.00
2016 06 24 04 50  75  6.2  7.4  1.81  8.33  5.74  73 1016.4  26.1  26.7  21.9 99.0 99.00
2016 06 24 05 50  69  6.5  7.7  1.86  9.09  6.07  70 1015.9  26.2  26.7  21.4 99.0 99.00
2016 06 24 06 50  73  6.5  7.5  1.70  9.09  5.83  60 1015.7  26.3  26.7  20.7 99.0 99.00
2016 06 24 07 50  68  6.1  7.3  1.74  9.09  5.87  71 1015.9  25.9  26.7  21.2 99.0 99.00
2016 06 24 08 50  63  7.5  9.0  1.74  9.09  5.96  67 1016.0  25.9  26.7  21.5 99.0 99.00
2016 06 24 09 50  64  6.1  7.2  1.77  9.09  5.90  72 1016.6  26.0  26.7  21.1 99.0 99.00
2016 06 24 10 50  58  7.0  8.5  1.79  9.09  5.87  69 1016.7  26.0  26.7  21.3 99.0 99.00
2016 06 24 11 50  55  6.8  8.5  1.66  8.33  5.79  65 1017.0  26.0  26.8  21.5 99.0 99.00
2016 06 24 12 50  53  6.6  8.0  1.75  9.09  5.92  79 1017.1  26.0  26.8  21.3 99.0 99.00
2016 06 24 13 50  50  7.0  8.4  1.68  9.09  5.71  66 1016.9  26.1  26.8  21.2 99.0 99.00
2016 06 24 14 50  54  6.8  7.8  1.69  9.09  5.72  63 1016.7  26.1  26.9  21.1 99.0 99.00
2016 06 24 15 50  58  6.4  7.4  1.69  8.33  5.78  78 1016.4  26.1  26.9  21.1 99.0 99.00
2016 06 24 16 50  59  6.0  7.3  1.60  9.09  5.70  69 1015.9  26.1  27.0  21.2 99.0 99.00
2016 06 24 17 50  60  6.2  7.2  1.50  7.69  5.57  75 1015.3  26.2  27.0  20.9 99.0 99.00
2016 06 24 18 50  59  5.7  6.8  1.61  8.33  5.94  71 1014.9  26.2  27.0  21.4 99.0 99.00
2016 06 24 19 50  57  5.5  6.8  1.47  8.33  5.63  71 1014.8  26.2  27.0  21.2 99.0 99.00
2016 06 24 20 50  53  5.4  6.6  1.51  8.33  5.75  67 1014.9  26.1  26.9  20.9 99.0 99.00
2016 06 24 21 50  57  6.1  7.4  1.43  9.09  5.80  65 1015.2  26.1  26.9  20.5 99.0 99.00
2016 06 24 22 50  55  5.7  6.8  1.42  8.33  5.63  72 1015.7  26.1  26.8  20.3 99.0 99.00
2016 06 24 23 50  53  6.1  7.2  1.42  8.33  5.59  70 1016.1  26.1  26.8  20.3 99.0 99.00
2016 06 25 00 50  61  6.7  7.9  1.45  8.33  5.74  63 1016.3  26.1  26.8  20.1 99.0 99.00
2016 06 25 01 50  55  5.7  7.1  1.28  9.09  5.45  63 1016.4  26.0  26.8  20.3 99.0 99.00
2016 06 25 02 50  59  6.6  8.4  1.36  8.33  5.66  68 1016.1  26.1  26.8  20.7 99.0 99.00
2016 06 25 03 50  53  7.3  8.8  1.43  8.33  5.40  71 1015.3  25.8  26.7  19.8 99.0 99.00
2016 06 25 04 50  63  6.7  8.0  1.52  8.33  5.57  77 1015.0  25.8  26.7  19.7 99.0 99.00
2016 06 25 05 50  55  6.4  7.5  1.40  8.33  5.33  86 1014.7  25.6  26.7  19.7 99.0 99.00
2016 06 25 06 50  77  7.0  8.3  1.47  7.14  5.25  72 1014.4  25.8  26.7  19.7 99.0 99.00
2016 06 25 07 50  80  6.2  7.6  1.37  8.33  5.16  78 1014.6  25.7  26.7  19.5 99.0 99.00
2016 06 25 08 50  76  5.8  7.3  1.40  7.14  5.46  77 1014.8  25.7  26.7  19.8 99.0 99.00
2016 06 25 09 50  76  5.1  6.4  1.36  9.09  5.41  70 1015.2  25.8  26.7  19.5 99.0 99.00
2016 06 25 10 50  78  6.0  7.1  1.35  8.33  5.47  73 1015.2  26.0  26.7  18.6 99.0 99.00
2016 06 25 11 50  88  5.7  6.9  1.31  7.69  5.42  88 1015.3  25.9  26.8  19.7 99.0 99.00
2016 06 25 12 50  86  5.8  7.2  1.29  8.33  5.32  79 1015.3  25.8  26.8  19.8 99.0 99.00
2016 06 25 13 50  91  5.3  6.4  1.22  8.33  5.35  74 1015.2  25.9  26.9  20.0 99.0 99.00
2016 06 25 14 50  87  5.7  7.7  1.29  8.33  5.64  82 1014.9  26.0  27.0  19.9 99.0 99.00
2016 06 25 15 50  91  5.6  6.6  1.31  8.33  5.61  83 1014.4  26.1  27.0  20.3 99.0 99.00
2016 06 25 16 50  92  5.3  6.4  1.22  8.33  5.36  78 1014.0  26.0  27.0  20.9 99.0 99.00
2016 06 25 17 50  77  5.4  7.1  1.30  8.33  5.34  86 1013.6  26.2  27.1  21.2 99.0 99.00
2016 06 25 18 50  79  6.2  7.5  1.17  9.09  4.99  78 1013.3  26.2  27.1  21.3 99.0 99.00
2016 06 25 19 50  76  6.5  7.6  1.20  7.69  5.46  84 1013.4  26.2  27.1  21.6 99.0 99.00
2016 06 25 20 50  77  6.7  7.8  1.23  7.69  5.15  89 1013.5  26.3  27.0  21.5 99.0 99.00
2016 06 25 21 50  81  7.0  8.4  1.17  8.33  5.00  83 1013.9  26.1  27.0  21.7 99.0 99.00
2016 06 25 22 50  81  6.8  8.3  1.25  8.33  5.17  80 1014.5  26.1  26.9  21.6 99.0 99.00
2016 06 25 23 50  88  6.9  7.8  1.15  5.26  4.84  70 1015.3  26.2  26.9  21.5 99.0 99.00
2016 06 26 00 50  86  6.9  8.3  1.22  8.33  4.94  91 1015.6  26.2  26.8  21.4 99.0 99.00
2016 06 26 01 50  90  6.8  8.2  1.28  7.69  5.03  71 1015.8  26.2  26.8  21.8 99.0 99.00
2016 06 26 02 50  90  7.0  8.2  1.24  7.69  4.96  76 1015.5  26.0  26.8  21.7 99.0 99.00
2016 06 26 04 50  97  6.3  7.9  1.28  8.33  5.17  83 1015.0  25.9  26.8  21.6 99.0 99.00
2016 06 26 05 50  99  6.8  8.3  1.33  8.33  5.25  81 1014.7  25.9  26.8  21.5 99.0 99.00
2016 06 26 06 50  98  8.0  9.4  1.34  7.69  5.14  84 1014.6  25.9  26.8  21.3 99.0 99.00
2016 06 26 07 50  92  7.7  9.4  1.32  8.33  5.08  50 1014.8  25.9  26.8  21.5 99.0 99.00
2016 06 26 09 50  82  7.7  9.0  1.33  7.69  4.88  74 1015.7  26.2  26.8  20.9 99.0 99.00
2016 06 26 10 50  81  7.8  9.0  1.43  7.69  5.10  80 1016.2  26.1  26.8  21.4 99.0 99.00
2016 06 26 11 50  79  8.0  9.3  1.36  8.33  5.15  69 1016.3  26.2  26.8  21.2 99.0 99.00
2016 06 26 12 50  81  7.5  9.2  1.34  7.69  5.11  68 1016.2  26.2  26.8  21.2 99.0 99.00
2016 06 26 13 50  87  7.3  8.7  1.46  8.33  5.25  46 1016.2  26.2  26.9  21.4 99.0 99.00
2016 06 26 14 50  88  7.8  8.9  1.44  8.33  5.24  52 1016.0  26.3  26.9  21.0 99.0 99.00
2016 06 26 15 50  86  7.3  8.8  1.46  7.69  5.23  66 1015.7  26.2  27.0  21.4 99.0 99.00
2016 06 26 16 50  93  6.9  8.2  1.40  7.69  5.28  67 1015.5  26.3  27.0  21.6 99.0 99.00
2016 06 26 17 50  91  6.9  8.4  1.57  7.69  5.49  68 1015.2  26.3  27.0  21.6 99.0 99.00
2016 06 26 18 50  89  7.1  8.5  1.56  9.09  5.53  34 1015.0  26.2  27.0  21.7 99.0 99.00
2016 06 26 20 50  88  7.5  9.0  1.61  8.33  5.69  58 1015.3  26.2  26.9  21.4 99.0 99.00
2016 06 26 21 50  91  6.9  8.3  1.40  8.33  5.25  54 1015.8  26.2  26.9  21.9 99.0 99.00
2016 06 26 22 50  87  7.4  8.7  1.49  9.09  5.36  40 1016.5  26.2  26.9  21.4 99.0 99.00
2016 06 26 23 50  91  6.9  8.1  1.43  9.09  5.26  42 1017.1  26.2  26.8  21.3 99.0 99.00
2016 06 27 00 50  86  6.8  8.1  1.53  8.33  5.63  67 1017.7  26.2  26.8  21.3 99.0 99.00
2016 06 27 01 50  84  7.7  8.9  1.43  8.33  5.51  60 1017.9  26.1  26.8  21.5 99.0 99.00
2016 06 27 02 50  81  7.0  8.4  1.53  8.33  5.52  65 1017.7  26.0  26.8  21.6 99.0 99.00
2016 06 27 03 50  77  6.9  8.1  1.44  8.33  5.43  73 1017.2  25.9  26.8  21.6 99.0 99.00
2016 06 27 04 50  81  7.1  8.6  1.38  9.09  5.02  52 1017.0  25.9  26.8  21.7 99.0 99.00
2016 06 27 05 50  83  7.0  8.1  1.39  8.33  5.28  56 1016.6  25.8  26.8  21.8 99.0 99.00
2016 06 27 06 50  90  7.3  8.9  1.45  8.33  5.38  80 1016.7  25.9  26.8  21.8 99.0 99.00
2016 06 27 07 50  82  7.3  8.8  1.51  8.33  5.25  70 1017.1  25.9  26.8  21.6 99.0 99.00
2016 06 27 08 50  76  6.9  8.1  1.51  8.33  5.40  65 1017.3  25.9  26.7  21.7 99.0 99.00
2016 06 27 09 50  76  8.4  9.6  1.46  8.33  5.30  70 1017.6  26.0  26.8  21.7 99.0 99.00
2016 06 27 10 50  74  7.7  9.3  1.56  8.33  5.34  65 1017.8  26.2  26.8  21.3 99.0 99.00
2016 06 27 11 50  73  7.7  9.0  1.56  8.33  5.15  69 1018.1  26.1  26.8  21.2 99.0 99.00
2016 06 27 12 50  81  7.5  8.9  1.62  8.33  5.43  66 1018.2  26.1  26.8  21.4 99.0 99.00
2016 06 27 13 50  74  7.7  9.4  1.61  8.33  5.37  61 1018.1  26.3  26.9  21.5 99.0 99.00
2016 06 27 14 50  74  8.1  9.2  1.63  8.33  5.20  62 1017.9  26.3  26.9  21.2 99.0 99.00
2016 06 27 15 50  73  7.4  8.8  1.52  8.33  5.13  55 1017.8  26.4  26.9  20.9 99.0 99.00
2016 06 27 16 50  73  6.6  7.8  1.58  8.33  5.22  61 1017.5  26.5  27.0  21.2 99.0 99.00
2016 06 27 17 50  73  6.4  7.5  1.40  5.88  5.17  82 1017.3  26.5  27.0  21.0 99.0 99.00
2016 06 27 18 50  67  6.4  8.8  1.50  7.14  5.27  68 1017.0  26.3  27.0  21.5 99.0 99.00
2016 06 27 19 50  67  6.8  8.3  1.38  8.33  5.40  59 1016.9  26.3  27.0  21.5 99.0 99.00
2016 06 27 20 50  74  6.7  7.7  1.44  8.33  5.53  61 1017.1  26.2  27.0  21.9 99.0 99.00
2016 06 27 21 50  69  6.9  8.2  1.32  8.33  5.14  63 1017.1  26.1  26.9  21.9 99.0 99.00
2016 06 27 22 50  70  7.5  8.7  1.47  9.09  5.44  83 1017.5  26.2  26.9  22.2 99.0 99.00
2016 06 27 23 50  75  8.1  9.4  1.49  8.33  5.54  60 1017.9  26.2  26.9  22.1 99.0 99.00
2016 06 28 00 50  66  8.6 10.3  1.56  8.33  5.26  78 1018.2  26.2  26.9  21.2 99.0 99.00
2016 06 28 01 50  72  8.0  9.6  1.55  8.33  5.13  49 1018.5  26.1  26.8  21.2 99.0 99.00
2016 06 28 02 50  70  7.9  9.2  1.58  8.33  5.17  84 1018.2  26.1  26.8  21.0 99.0 99.00
2016 06 28 03 50  67  7.6  9.1  1.54  9.09  5.32 100 1017.4  26.0  26.8  21.3 99.0 99.00
2016 06 28 04 50  71  8.5 10.2  1.56  8.33  5.17  74 1016.9  26.1  26.8  21.6 99.0 99.00
2016 06 28 05 50  72  7.9  9.5  1.54  6.25  5.12  58 1016.6  26.1  26.8  21.3 99.0 99.00
2016 06 28 06 50  76  7.9  9.3  1.63  8.33  5.22  70 1016.6  26.1  26.8  21.2 99.0 99.00
2016 06 28 07 50  74  7.1  8.3  1.50  8.33  5.25  53 1016.6  26.0  26.8  21.4 99.0 99.00
2016 06 28 08 50  70  5.1  6.6  1.50  8.33  5.38 113 1016.9  26.0  26.8  21.8 99.0 99.00
2016 06 28 09 50  67  6.0  7.3  1.47  7.69  5.52  74 1017.5  25.9  26.8  22.3 99.0 99.00
2016 06 28 10 50  60  6.4  7.6  1.41  9.09  5.44  57 1017.4  26.2  26.8  21.9 99.0 99.00
2016 06 28 11 50  57  6.5  7.5  1.48  7.69  5.37  62 1017.4  26.2  26.9  21.7 99.0 99.00
2016 06 28 12 50  50  6.7  8.2  1.46  7.69  5.22  67 1017.3  26.3  26.9  21.9 99.0 99.00
2016 06 28 13 50  51  7.2  8.7  1.47  7.69  5.24  77 1017.0  26.4  26.9  22.0 99.0 99.00
2016 06 28 14 50  55  5.5  6.3  1.51  8.33  5.31  71 1016.8  25.8  26.9  22.7 99.0 99.00
2016 06 28 15 50  48  5.3  6.4  1.51  8.33  5.48  78 1016.4  25.9  27.0  23.0 99.0 99.00
2016 06 28 16 50  45  5.8  7.2  1.36  6.25  5.34  51 1015.7  26.4  27.1  23.0 99.0 99.00
2016 06 28 17 50  49  7.0  8.1  1.50  8.33  5.56  71 1015.4  26.4  27.1  22.7 99.0 99.00
2016 06 28 18 50  59  6.7  7.8  1.45  7.69  5.37  84 1015.3  26.5  27.1  22.8 99.0 99.00
2016 06 28 19 50  62  6.8  8.0  1.44  8.33  5.59  66 1015.3  26.8  27.1  22.9 99.0 99.00
2016 06 28 20 50  54  7.0  8.6  1.38  8.33  5.40  68 1015.4  26.7  27.0  23.3 99.0 99.00
2016 06 28 21 50  57  7.6  9.2  1.43  8.33  5.44  61 1015.8  26.8  27.0  22.5 99.0 99.00
2016 06 28 22 50  66  7.5  9.1  1.50  8.33  5.15  54 1016.5  26.7  26.9  22.5 99.0 99.00
2016 06 28 23 50  61  8.8 10.5  1.46  8.33  5.19  51 1016.9  26.6  26.9  22.9 99.0 99.00
2016 06 29 00 50  68  7.3  8.3  1.51  8.33  5.11  76 1017.5  26.6  26.9  22.9 99.0 99.00
2016 06 29 01 50  68  6.9  8.1  1.55  8.33  5.30  57 1017.7  26.5  26.9  23.0 99.0 99.00
2016 06 29 02 50  71  6.4  7.6  1.55  8.33  5.49  67 1017.2  26.5  26.9  23.3 99.0 99.00
2016 06 29 03 50  69  7.2  8.2  1.49  7.69  5.32  67 1016.6  26.0  26.8  23.2 99.0 99.00
2016 06 29 04 50  80  6.3  7.5  1.42  9.09  5.26  61 1016.0  26.2  26.8  23.5 99.0 99.00
2016 06 29 05 50  80  7.1  8.3  1.40  5.88  5.23  64 1015.6  26.4  26.8  23.6 99.0 99.00
2016 06 29 06 50  78  6.9  8.1  1.44  8.33  5.21  83 1015.4  26.4  26.8  23.3 99.0 99.00
2016 06 29 07 50  86  7.5  8.7  1.55  9.09  5.47  74 1015.4  26.5  26.8  23.4 99.0 99.00
2016 06 29 09 50  76  6.6  7.7  1.54  8.33  5.45  68 1016.1  26.6  26.8  23.7 99.0 99.00
2016 06 29 10 50  71  8.4 10.6  1.63  9.09  5.50  53 1016.1  26.5  26.8  23.5 99.0 99.00
2016 06 29 11 50  73  8.5  9.8  1.66  8.33  5.35  67 1016.4  26.6  26.9  22.8 99.0 99.00
2016 06 29 12 50  69  7.7  9.2  1.70  8.33  5.42  69 1016.6  26.5  26.9  23.1 99.0 99.00
2016 06 29 13 50  68  7.7  9.4  1.77  7.69  5.38  70 1016.5  26.6  26.9  22.9 99.0 99.00
2016 06 29 14 50  71  7.9  9.4  1.89  7.14  5.48  56 1016.2  26.6  27.0  22.8 99.0 99.00
2016 06 29 15 50  71  8.1  9.7  1.71  6.67  5.38  56 1015.6  26.8  27.0  23.0 99.0 99.00
2016 06 29 16 50  74  8.9 10.3  1.84  6.67  5.28  66 1015.2  26.8  27.0  22.9 99.0 99.00
2016 06 29 17 50  73  8.1 10.0  1.62  8.33  5.12  78 1015.0  26.8  27.1  22.7 99.0 99.00
2016 06 29 18 50  68  8.8 10.3  1.80  6.67  5.29  51 1014.6  26.8  27.0  22.9 99.0 99.00
2016 06 29 20 50  68  8.4  9.8  1.79  6.25  5.32  64 1014.9  26.7  27.0  23.2 99.0 99.00
2016 06 29 21 50  72  8.8 10.3  1.78  6.67  5.36  65 1015.2  26.7  27.0  23.5 99.0 99.00
2016 06 29 22 50  69  9.5 10.7  1.88  7.14  5.32  61 1015.8  26.7  26.9  23.2 99.0 99.00
2016 06 29 23 50  63  9.9 11.5  1.91  6.25  5.37  74 1016.1  26.7  26.9  23.2 99.0 99.00
2016 06 30 00 50  64  8.9 10.7  1.80  6.25  5.45  82 1016.6  26.7  26.9  23.7 99.0 99.00
2016 06 30 01 50  72  9.1 11.0  1.83  6.67  5.24  63 1016.8  26.7  26.9  23.4 99.0 99.00
2016 06 30 02 50  68  9.9 11.7  1.94  7.14  5.42  61 1016.3  26.7  26.9  23.4 99.0 99.00
2016 06 30 03 50  67 10.0 11.5  1.91  6.25  5.40  68 1015.7  26.6  26.9  23.3 99.0 99.00
2016 06 30 04 50  76  9.7 11.8  2.04  6.67  5.44  69 1015.2  26.6  26.9  23.3 99.0 99.00
2016 06 30 05 50  75  8.5 10.5  1.96  7.14  5.27  73 1015.1  26.0  26.9  22.9 99.0 99.00
2016 06 30 06 50  79  9.9 11.2  2.17  7.14  5.59  61 1014.7  26.4  26.9  23.4 99.0 99.00
2016 06 30 07 50  75  9.7 11.4  1.98  6.67  5.45  82 1014.9  26.6  26.8  23.5 99.0 99.00
2016 06 30 08 50  79  9.7 11.5  2.12  6.67  5.69  67 1015.5  26.6  26.8  23.3 99.0 99.00
2016 06 30 09 50  78  9.2 11.3  2.14  7.14  5.59  76 1016.2  26.5  26.8  23.5 99.0 99.00
2016 06 30 10 50  79  9.3 11.1  2.16  7.69  5.71  70 1016.5  26.6  26.9  23.6 99.0 99.00
2016 06 30 11 50  79  9.0 10.9  2.36  8.33  5.91  68 1017.0  26.7  26.9  23.7 99.0 99.00
2016 06 30 12 50  71  9.2 10.9  2.26  7.14  5.89  75 1017.2  26.7  26.9  23.7 99.0 99.00
2016 06 30 13 50  78 10.3 11.8  2.50  7.69  6.07  65 1017.1  26.7  26.9  23.7 99.0 99.00
2016 06 30 14 50  79  9.4 11.6  2.38  8.33  5.90  65 1016.9  26.6  27.0  23.7 99.0 99.00
2016 06 30 15 50  80  9.6 11.5  2.37  7.14  5.92  68 1016.6  26.5  27.0  23.2 99.0 99.00
2016 06 30 16 50  74  9.7 11.6  2.44  7.69  6.05  63 1016.0  26.5  27.0  23.4 99.0 99.00
2016 06 30 17 50  68  9.7 11.7  2.38  8.33  6.08  72 1015.3  26.6  27.0  23.4 99.0 99.00
2016 06 30 18 50  67 10.5 12.5  2.46  9.09  6.26  74 1015.1  26.7  27.0  23.2 99.0 99.00
2016 06 30 19 50  71  9.8 12.2  2.56  9.09  6.21  70 1015.2  26.6  26.9  22.9 99.0 99.00
2016 06 30 20 50  73  9.8 12.1  2.47  8.33  6.13  70 1015.7  26.7  26.9  22.4 99.0 99.00
2016 06 30 21 50  69  9.2 11.2  2.88  8.33  6.55  74 1016.3  26.7  26.9  23.0 99.0 99.00
2016 06 30 22 50  66  9.7 11.6  2.74  9.09  6.28  77 1016.9  26.5  26.9  22.6 99.0 99.00
