#YY  MM DD hh mm WDIR WSPD GST  WVHT   DPD   APD MWD   PRES  ATMP  WTMP  DEWP  VIS  TIDE
#yr  mo dy hr mn degT m/s  m/s     m   sec   sec deg    hPa  degC  degC  degC  nmi    ft
2016 02 29 23 50  76  6.9  8.3  2.17 10.00  6.65  79 1016.1  24.9  25.4  20.6 99.0 99.00
2016 03 01 00 50  72  7.4  8.8  2.24 10.00  6.90  74 1016.1  24.8  25.4  20.9 99.0 99.00
2016 03 01 01 50  80  8.5  9.8  2.45 10.81  6.86  74 1015.8  24.8  25.4  20.6 99.0 99.00
2016 03 01 02 50  78  7.9  9.2  2.30  9.09  6.52  85 1015.5  24.7  25.4  20.7 99.0 99.00
2016 03 01 03 50  77  8.1 10.3  2.16 10.00  6.45  78 1014.8  24.7  25.4  20.7 99.0 99.00
2016 03 01 04 50  74  6.8  8.3  2.56 10.00  6.84  73 1014.8  24.6  25.4  20.3 99.0 99.00
2016 03 01 05 50  75  7.6  9.1  2.21 10.00  6.51  71 1014.3  24.6  25.4  20.7 99.0 99.00
2016 03 01 06 50  69  6.6  8.2  2.42 10.00  6.90  76 1014.2  24.6  25.4  20.7 99.0 99.00
2016 03 01 07 50  69  8.3 10.3  2.17 10.00  6.35  64 1014.2  24.7  25.4  20.1 99.0 99.00
2016 03 01 08 50  66  7.2  9.2  2.21  9.09  6.64  76 1014.9  24.7  25.4  20.4 99.0 99.00
2016 03 01 09 50  69  7.4  9.2  2.04 10.00  6.45  74 1015.4  24.8  25.4  20.0 99.0 99.00
2016 03 01 10 50  79  7.3  9.0  2.04 10.00  6.29  71 1016.2  24.9  25.4  20.4 99.0 99.00
2016 03 01 11 50  69  7.2  8.7  2.20 10.00  6.64  70 1016.6  24.9  25.4  20.4 99.0 99.00
2016 03 01 12 50  65  7.9  9.1  2.20 10.00  6.51  77 1017.3  25.0  25.4  20.1 99.0 99.00
2016 03 01 13 50  79  7.9  9.3  2.27 10.00  6.70  72 1016.5  25.0  25.5  20.0 99.0 99.00
2016 03 01 14 50  77  6.4  8.3  2.41  9.09  6.80  77 1016.3  25.0  25.5  20.3 99.0 99.00
2016 03 01 15 50  76  6.8  8.4  2.19 10.00  6.51  69 1015.5  25.0  25.5  20.5 99.0 99.00
2016 03 01 16 50  76  6.3  7.7  2.25 10.00  6.49  81 1014.8  25.1  25.6  20.1 99.0 99.00
2016 03 01 17 50  70  6.6  7.9  2.09 10.00  6.35  73 1014.2  25.0  25.6  20.4 99.0 99.00
2016 03 01 18 50  75  6.0  7.3  2.12 10.00  6.48  75 1013.9  25.0  25.6  20.3 99.0 99.00
2016 03 01 19 50  79  5.9  7.4  2.22 10.00  6.84  69 1014.2  24.9  25.6  20.5 99.0 99.00
2016 03 01 20 50  81  5.7  6.9  2.07 10.00  6.71  74 1014.6  24.8  25.6  20.4 99.0 99.00
2016 03 01 21 50  80  5.3  6.5  1.90  9.09  6.65  81 1015.1  24.7  25.5  20.5 99.0 99.00
2016 03 01 22 50  74  5.0  5.9  1.90 10.00  6.61  77 1015.7  24.7  25.5  20.5 99.0 99.00
2016 03 01 23 50  64  5.5  6.8  1.94 10.00  6.95  71 1016.4  24.7  25.5  20.5 99.0 99.00
2016 03 02 00 50  67  5.9  7.2  1.92 10.00  7.05  70 1016.6  24.7  25.5  20.2 99.0 99.00
2016 03 02 01 50  60  6.6  7.4  1.96  9.09  6.78  77 1016.6  24.6  25.4  20.3 99.0 99.00
2016 03 02 02 50  56  6.7  7.8  1.75 10.00  6.49  60 1016.0  24.5  25.4  19.9 99.0 99.00
2016 03 02 03 50  61  6.4  7.6  2.11 10.00  6.99  55 1015.5  24.4  25.4  20.0 99.0 99.00
2016 03 02 04 50  72  6.9  8.3  1.84 10.00  6.61  67 1014.9  24.3  25.4  20.1 99.0 99.00
2016 03 02 05 50  70  6.4  7.7  1.84  9.09  6.65  80 1014.6  24.4  25.4  20.3 99.0 99.00
2016 03 02 06 50  60  7.0  8.6  1.81 10.00  6.39  65 1014.5  24.3  25.4  19.8 99.0 99.00
2016 03 02 07 50  74  6.8  8.3  2.00 10.81  6.70   6 1014.7  24.3  25.4  20.0 99.0 99.00
2016 03 02 08 50  76  6.4  7.9  1.79 10.81  6.40  30 1015.2  24.3  25.4  20.0 99.0 99.00
2016 03 02 09 50  72  7.0  8.3  1.87 10.00  6.48  55 1015.9  24.3  25.4  19.5 99.0 99.00
2016 03 02 10 50  77  7.1  8.9  1.65 10.00  6.17  45 1016.3  24.2  25.4  20.1 99.0 99.00
2016 03 02 11 50  72  7.4  8.4  1.72 10.00  6.32  64 1016.9  24.5  25.4  18.8 99.0 99.00
2016 03 02 12 50  79  6.2  7.5  1.88 10.81  6.27 356 1017.2  24.6  25.5  19.3 99.0 99.00
2016 03 02 13 50  80  5.4  6.8  1.71 10.00  5.96  70 1016.9  24.6  25.5  19.4 99.0 99.00
2016 03 02 14 50  73  4.5  5.4  1.72 10.00  6.32  50 1016.2  24.5  25.6  19.3 99.0 99.00
2016 03 02 15 50  66  4.2  5.4  1.63 10.81  6.36   9 1015.6  24.5  25.7  19.1 99.0 99.00
2016 03 02 16 50  70  4.5  5.9  1.67 10.00  6.34  43 1014.8  24.5  25.8  19.5 99.0 99.00
2016 03 02 17 50  80  4.4  5.7  1.67 10.00  6.36  58 1013.9  24.7  25.8  19.2 99.0 99.00
2016 03 02 18 50  66  4.4  5.8  1.70 10.00  6.47  50 1013.7  24.7  25.8  19.4 99.0 99.00
2016 03 02 19 50  64  4.1  5.4  1.73 10.00  6.44  29 1014.2  24.7  25.8  19.7 99.0 99.00
2016 03 02 20 50  62  4.3  5.6  1.58 10.81  6.70  26 1014.2  24.6  25.7  19.6 99.0 99.00
2016 03 02 21 50  50  4.4  5.6  1.56  9.09  6.71  68 1014.6  24.6  25.6  20.1 99.0 99.00
2016 03 02 22 50  43  4.7  5.8  1.56 10.00  6.98  57 1015.1  24.5  25.6  20.1 99.0 99.00
2016 03 02 23 50  46  5.0  6.0  1.49 10.00  6.87  67 1015.4  24.5  25.6  20.3 99.0 99.00
2016 03 03 00 50  63  5.9  7.0  1.50  9.09  6.73  63 1015.4  24.5  25.5  20.2 99.0 99.00
2016 03 03 01 50  67  6.1  7.4  1.62 10.00  6.71  57 1015.4  24.4  25.5  20.0 99.0 99.00
2016 03 03 02 50  65  5.2  6.3  1.64 10.00  6.69  50 1015.3  24.3  25.5  20.0 99.0 99.00
2016 03 03 03 50  73  5.1  6.3  1.75  9.09  6.95  52 1015.2  24.3  25.5  19.4 99.0 99.00
2016 03 03 04 50  66  3.9  5.0  1.72 10.00  6.96  46 1014.8  24.2  25.4  19.2 99.0 99.00
2016 03 03 05 50  82  4.5  5.5  1.69 10.00  7.25  70 1014.2  24.3  25.4  19.7 99.0 99.00
2016 03 03 06 50  88  4.8  6.1  1.62 10.00  6.71  51 1013.8  24.2  25.4  19.7 99.0 99.00
2016 03 03 07 50  76  4.2  4.9  1.52 10.00  6.55  55 1014.0  24.2  25.4  19.6 99.0 99.00
2016 03 03 08 50  66  4.8  6.3  1.38 10.00  6.59  55 1014.3  24.3  25.4  19.6 99.0 99.00
2016 03 03 09 50  73  4.7  6.1  1.45 10.00  6.72  56 1014.9  24.5  25.4  19.4 99.0 99.00
2016 03 03 10 50  59  4.7  5.8  1.36  9.09  6.53  49 1015.3  24.5  25.4  19.8 99.0 99.00
2016 03 03 11 50  62  5.1  6.1  1.40 10.00  6.96  45 1015.7  24.7  25.5  19.4 99.0 99.00
2016 03 03 12 50  69  5.1  6.1  1.52  9.09  6.90  51 1015.9  24.6  25.5  20.1 99.0 99.00
2016 03 03 13 50  68  5.0  6.1  1.51  9.09  6.61  55 1015.8  24.8  25.6  20.0 99.0 99.00
2016 03 03 14 50  82  5.0  6.1  1.44 10.00  6.59  36 1015.4  24.7  25.7  20.0 99.0 99.00
2016 03 03 15 50  73  5.0  6.3  1.34  9.09  6.13  62 1014.9  24.7  25.8  19.9 99.0 99.00
2016 03 03 16 50  67  4.7  5.9  1.58  9.09  6.64  35 1014.3  24.8  25.9  19.8 99.0 99.00
2016 03 03 17 50  67  4.2  5.3  1.48  9.09  6.60  56 1013.4  24.8  25.9  19.8 99.0 99.00
2016 03 03 18 50  60  4.3  5.6  1.32  9.09  6.16  56 1013.1  24.8  25.9  20.2 99.0 99.00
2016 03 03 19 50  69  3.6  4.4  1.40  9.09  6.25  73 1013.7  24.8  25.9  20.3 99.0 99.00
2016 03 03 20 50  68  3.4  4.3  1.41  8.33  6.41  54 1014.1  24.7  25.8  20.0 99.0 99.00
2016 03 03 21 50  62  3.4  4.5  1.33  8.33  6.39  66 1014.4  24.7  25.7  20.3 99.0 99.00
2016 03 03 22 50  77  3.6  4.5  1.28 10.00  6.55  32 1014.8  24.8  25.7  19.9 99.0 99.00
2016 03 03 23 50  81  3.6  4.5  1.19  9.09  6.62  41 1015.1  24.7  25.6  20.0 99.0 99.00
2016 03 04 00 50  85  3.3  3.9  1.41 10.00  6.97  26 1015.2  24.6  25.6  20.3 99.0 99.00
2016 03 04 01 50  91  3.6  4.5  1.35  9.09  6.76  68 1015.5  24.6  25.6  20.2 99.0 99.00
2016 03 04 02 50  82  3.1  4.0  1.35  9.09  6.50  35 1015.7  24.5  25.6  19.8 99.0 99.00
2016 03 04 03 50  69  3.5  4.3  1.52 10.00  7.05   4 1015.3  24.5  25.5  20.2 99.0 99.00
2016 03 04 04 50  58  4.4  5.3  1.40 10.00  6.65  26 1014.9  24.4  25.5  20.3 99.0 99.00
2016 03 04 05 50  69  5.0  6.0  1.39  9.09  6.75  40 1014.5  24.3  25.5  20.0 99.0 99.00
2016 03 04 06 50  81  5.1  6.1  1.25  9.09  6.31  29 1014.1  24.3  25.5  19.9 99.0 99.00
2016 03 04 07 50  76  5.9  7.0  1.30 10.00  6.20  32 1014.0  24.2  25.5  19.8 99.0 99.00
2016 03 04 08 50  77  5.2  6.4  1.34  9.09  6.20  43 1014.4  24.3  25.5  19.8 99.0 99.00
2016 03 04 09 50  72  5.3  6.3  1.30  9.09  6.45  27 1015.1  24.3  25.5  19.6 99.0 99.00
2016 03 04 10 50  76  5.9  6.9  1.28  9.09  6.37  24 1015.3  24.4  25.5  19.7 99.0 99.00
2016 03 04 11 50  81  6.3  7.1  1.28  9.09  6.00  42 1015.6  24.5  25.5  19.7 99.0 99.00
2016 03 04 12 50  78  5.9  7.5  1.29  9.09  6.16  27 1016.2  24.6  25.6  19.7 99.0 99.00
2016 03 04 13 50  82  5.3  6.3  1.31  9.09  5.78  22 1016.1  24.6  25.6  19.9 99.0 99.00
2016 03 04 14 50  85  5.2  6.4  1.18  9.09  5.78   6 1015.6  24.6  25.7  19.7 99.0 99.00
2016 03 04 15 50  82  5.1  6.1  1.35  9.09  6.23  27 1015.1  24.7  25.8  19.9 99.0 99.00
2016 03 04 16 50  81  4.6  5.6  1.22  8.33  5.84  16 1014.6  24.7  25.9  19.9 99.0 99.00
2016 03 04 17 50  75  4.6  5.7  1.21  8.33  5.87  32 1013.9  24.8  25.9  19.9 99.0 99.00
2016 03 04 18 50  84  4.8  6.0  1.29  8.33  6.00  31 1013.7  24.8  25.9  20.0 99.0 99.00
2016 03 04 19 50  80  5.0  6.0  1.35  9.09  6.12  26 1014.0  24.8  25.8  19.7 99.0 99.00
2016 03 04 20 50  80  3.9  4.8  1.23  8.33  5.99  39 1014.5  24.8  25.8  20.1 99.0 99.00
2016 03 04 21 50  81  4.6  5.8  1.25  9.09  5.82  31 1014.9  24.8  25.7  20.3 99.0 99.00
2016 03 04 22 50  67  5.0  5.9  1.24  9.09  6.28  22 1015.2  24.7  25.6  20.2 99.0 99.00
2016 03 04 23 50  77  5.0  6.2  1.27  8.33  6.23  39 1015.7  24.7  25.6  20.3 99.0 99.00
2016 03 05 00 50  76  5.2  6.1  1.27  8.33  6.34  53 1015.8  24.7  25.6  20.2 99.0 99.00
2016 03 05 01 50  63  5.6  6.8  1.43  9.09  6.22  34 1016.1  24.6  25.5  20.3 99.0 99.00
2016 03 05 02 50  56  6.7  7.8  1.28  8.33  6.22  53 1015.8  24.6  25.5  20.5 99.0 99.00
2016 03 05 03 50  55  6.2  7.4  1.37  9.09  5.92  10 1015.3  24.5  25.5  20.2 99.0 99.00
2016 03 05 04 50  64  6.0  7.2  1.35 10.00  5.77   6 1014.8  24.4  25.5  20.2 99.0 99.00
2016 03 05 05 50  57  6.6  8.2  1.32  9.09  5.92  15 1014.4  24.4  25.5  20.3 99.0 99.00
2016 03 05 06 50  65  7.0  8.6  1.38  8.33  5.91  30 1014.0  24.4  25.5  20.4 99.0 99.00
2016 03 05 07 50  71  7.5  8.8  1.37  9.09  5.45   7 1013.8  24.4  25.5  19.9 99.0 99.00
2016 03 05 08 50  72  7.1  9.0  1.41  9.09  5.45  38 1014.3  24.4  25.5  20.2 99.0 99.00
2016 03 05 09 50  75  7.3  8.6  1.34 12.12  5.14 340 1015.1  24.5  25.5  20.4 99.0 99.00
2016 03 05 10 50  77  7.2  8.7  1.46 12.12  5.42 353 1015.5  24.6  25.5  20.2 99.0 99.00
2016 03 05 11 50  65  7.6  9.4  1.43  9.09  5.38  12 1016.1  24.6  25.5  20.4 99.0 99.00
2016 03 05 12 50  76  7.0  8.5  1.52 11.43  5.61 351 1016.7  24.7  25.5  20.3 99.0 99.00
2016 03 05 13 50  79  6.0  7.4  1.52  9.09  5.61  40 1016.4  24.7  25.6  20.5 99.0 99.00
2016 03 05 14 50  76  6.7  7.8  1.38  7.69  5.45  35 1015.8  24.8  25.7  20.1 99.0 99.00
2016 03 05 15 50  72  7.0  8.1  1.46  8.33  5.47  23 1015.1  24.8  25.7  20.2 99.0 99.00
2016 03 05 16 50  80  7.1  8.3  1.53  9.09  5.50  27 1014.5  24.9  25.7  19.7 99.0 99.00
2016 03 05 17 50  75  6.4  7.6  1.55  8.33  5.47  53 1013.7  24.8  25.8  20.2 99.0 99.00
2016 03 05 18 50  71  6.6  8.3  1.40 11.43  5.40   5 1013.4  24.9  25.7  19.7 99.0 99.00
2016 03 05 19 50  63  6.3  7.4  1.46 10.81  5.20 353 1013.7  24.8  25.7  20.3 99.0 99.00
2016 03 05 20 50  71  6.4  7.5  1.39 10.00  5.35  13 1014.0  24.9  25.7  20.4 99.0 99.00
2016 03 05 21 50  77  6.7  7.9  1.43 11.43  5.36 345 1014.5  24.8  25.6  20.1 99.0 99.00
2016 03 05 22 50  66  6.7  8.0  1.45  9.09  5.49  39 1015.2  24.8  25.6  20.2 99.0 99.00
2016 03 05 23 50  66  6.9  7.8  1.44 10.00  5.62   5 1015.8  24.8  25.6  19.8 99.0 99.00
2016 03 06 00 50  61  6.9  8.0  1.41  9.09  5.53  40 1016.0  24.8  25.6  20.2 99.0 99.00
2016 03 06 01 50  53  7.2  8.4  1.43  9.09  5.56  34 1015.8  24.7  25.5  20.4 99.0 99.00
2016 03 06 02 50  59  7.3  8.5  1.45 10.00  5.65  24 1015.9  24.6  25.5  19.9 99.0 99.00
2016 03 06 03 50  61  6.6  7.7  1.54 10.00  5.62  31 1015.1  24.5  25.5  20.2 99.0 99.00
2016 03 06 04 50  61  7.7  9.2  1.48  8.33  5.58  45 1014.4  24.5  25.5  20.0 99.0 99.00
2016 03 06 05 50  65  7.6  9.6  1.46  8.33  5.20  45 1013.8  24.5  25.5  20.3 99.0 99.00
2016 03 06 06 50  62  7.6  9.1  1.50  9.09  5.43  25 1013.7  24.4  25.5  20.0 99.0 99.00
2016 03 06 07 50  64  7.7  9.0  1.53  9.09  5.29  36 1014.0  24.4  25.5  20.2 99.0 99.00
2016 03 06 08 50  59  8.0  9.8  1.63  8.33  5.33  51 1014.8  24.5  25.5  20.3 99.0 99.00
2016 03 06 09 50  62  7.4  8.9  1.54  8.33  5.35  31 1015.8  24.6  25.5  20.2 99.0 99.00
2016 03 06 10 50  62  7.3  8.7  1.71  8.33  5.35  38 1016.4  24.7  25.5  20.5 99.0 99.00
2016 03 06 11 50  72  7.4  9.1  1.56  8.33  5.21  42 1016.9  24.9  25.5  19.9 99.0 99.00
2016 03 06 12 50  81  7.0  8.5  1.60  9.09  5.35  37 1017.2  24.9  25.5  20.3 99.0 99.00
2016 03 06 13 50  76  7.3  8.6  1.58  9.09  5.66  30 1016.9  24.9  25.6  19.7 99.0 99.00
2016 03 06 14 50  82  6.4  7.7  1.54  5.88  5.38  82 1016.3  24.8  25.6  20.1 99.0 99.00
2016 03 06 15 50  78  5.8  6.9  1.48  8.33  5.53  48 1015.8  24.8  25.7  20.2 99.0 99.00
2016 03 06 16 50  79  5.8  6.8  1.52  8.33  5.60  53 1015.1  24.8  25.7  20.0 99.0 99.00
2016 03 06 17 50  71  5.9  7.0  1.61  9.09  5.54  31 1014.4  24.8  25.8  20.3 99.0 99.00
2016 03 06 18 50  66  5.3  6.5  1.50  5.26  5.48  50 1014.1  24.8  25.8  20.3 99.0 99.00
2016 03 06 19 50  78  5.3  6.2  1.55  9.09  5.62  29 1013.9  24.8  25.8  20.2 99.0 99.00
2016 03 06 20 50  56  5.9  7.1  1.48  9.09  5.56  42 1014.5  24.7  25.7  20.7 99.0 99.00
2016 03 06 21 50  56  6.6  7.7  1.57  8.33  5.62  39 1015.0  24.7  25.7  20.8 99.0 99.00
2016 03 06 22 50  60  6.7  8.1  1.44  8.33  5.29  65 1015.5  24.3  25.6  21.1 99.0 99.00
2016 03 06 23 50  59  7.3  8.3  1.43  8.33  5.09  29 1016.2  24.5  25.6  20.9 99.0 99.00
2016 03 07 00 50  63  7.6  9.1  1.47  8.33  5.38  40 1016.4  24.5  25.6  20.8 99.0 99.00
2016 03 07 01 50  65  7.5  8.6  1.44  9.09  5.45  25 1016.5  24.5  25.6  21.0 99.0 99.00
2016 03 07 02 50  66  7.5  9.2  1.50  8.33  5.38  58 1016.2  24.3  25.5  20.9 99.0 99.00
2016 03 07 03 50  68  7.4  8.8  1.61  8.33  5.50  42 1015.5  24.2  25.5  20.8 99.0 99.00
2016 03 07 04 50  75  7.6  8.8  1.51  8.33  5.45  60 1014.8  24.2  25.5  20.7 99.0 99.00
2016 03 07 05 50  63  7.0  8.1  1.66  6.67  5.47  62 1014.4  24.2  25.5  20.5 99.0 99.00
2016 03 07 06 50  71  7.7  9.8  1.62  5.88  5.49  72 1013.9  24.1  25.5  20.6 99.0 99.00
2016 03 07 07 50  63  7.8  9.3  1.51  7.69  5.37  47 1014.0  24.3  25.5  20.2 99.0 99.00
2016 03 07 08 50  50  7.5  9.0  1.66  6.25  5.24  62 1014.9  24.2  25.5  20.5 99.0 99.00
2016 03 07 09 50  66  7.8  9.2  1.50  9.09  5.23  47 1015.3  24.4  25.5  20.2 99.0 99.00
2016 03 07 10 50  62  7.5  8.9  1.58  6.25  5.09  80 1015.9  24.5  25.5  20.2 99.0 99.00
2016 03 07 11 50  68  8.2 10.1  1.62 11.43  5.33   4 1016.3  24.3  25.5  20.2 99.0 99.00
2016 03 07 12 50  83  4.6  5.6  1.55  6.67  5.12  78 1016.8  23.6  25.5  20.1 99.0 99.00
2016 03 07 13 50  73  7.6  9.8  1.53  6.67  5.40  80 1016.6  24.1  25.6  20.3 99.0 99.00
2016 03 07 14 50  70  7.7  8.9  1.60  5.88  5.33  87 1016.2  24.4  25.6  20.0 99.0 99.00
2016 03 07 15 50  69  7.6  8.7  1.60 11.43  5.45  15 1015.5  24.1  25.6  20.2 99.0 99.00
2016 03 07 16 50  61  7.4  8.7  1.58  6.25  5.26  80 1014.6  24.2  25.6  19.8 99.0 99.00
2016 03 07 17 50  57  7.1  8.8  1.59  5.88  5.24  73 1014.0  24.2  25.6  19.5 99.0 99.00
2016 03 07 18 50  53  6.5  7.8  1.63  6.25  5.62  70 1013.7  24.3  25.6  19.7 99.0 99.00
2016 03 07 19 50  59  6.2  7.3  1.54  5.88  5.41  87 1013.8  24.2  25.6  19.5 99.0 99.00
2016 03 07 20 50  64  6.4  7.7  1.54  6.67  5.55  77 1014.0  24.7  25.6  19.5 99.0 99.00
2016 03 07 21 50  67  6.4  7.5  1.56  6.67  5.67  86 1014.6  24.7  25.5  18.9 99.0 99.00
2016 03 07 22 50  75  6.4  7.8  1.64  9.09  5.73  51 1015.2  24.6  25.5  19.4 99.0 99.00
2016 03 07 23 50  65  7.2  8.3  1.64  6.67  5.69  84 1015.6  24.6  25.5  18.9 99.0 99.00
2016 03 08 00 50  76  7.1  8.6  1.55 10.81  5.53  23 1015.8  24.5  25.5  19.0 99.0 99.00
2016 03 08 01 50  79  6.6  8.1  1.51  6.67  5.50  83 1016.0  24.5  25.5  19.2 99.0 99.00
2016 03 08 02 50  83  6.8  8.2  1.45  6.67  5.55  78 1015.8  24.3  25.5  19.1 99.0 99.00
2016 03 08 03 50  79  6.2  7.6  1.46  9.09  5.61  50 1015.4  24.4  25.5  18.8 99.0 99.00
2016 03 08 04 50  80  6.4  7.7  1.57  9.09  5.92  38 1014.7  24.2  25.5  18.7 99.0 99.00
2016 03 08 05 50  82  6.3  7.4  1.56 17.39  5.98 328 1013.9  24.0  25.4  18.5 99.0 99.00
2016 03 08 06 50  79  5.5  6.4  1.56 17.39  6.00  69 1013.7  24.0  25.4  18.2 99.0 99.00
2016 03 08 07 50  74  5.2  6.1  1.49 17.39  6.15 310 1013.8  24.2  25.4  17.5 99.0 99.00
2016 03 08 08 50  81  5.5  6.6  1.56 17.39  6.34   3 1014.1  24.1  25.4  18.5 99.0 99.00
2016 03 08 09 50  81  4.7  5.9  1.52 16.00  6.15 307 1015.0  24.2  25.4  18.4 99.0 99.00
2016 03 08 10 50  75  4.5  5.4  1.40 16.00  5.95 359 1015.3  24.4  25.4  18.5 99.0 99.00
2016 03 08 11 50  67  4.1  5.2  1.62 16.00  7.03 332 1015.7  24.4  25.5  18.8 99.0 99.00
2016 03 08 12 50  75  4.4  5.3  1.44 16.00  6.74 358 1015.9  24.4  25.6  19.0 99.0 99.00
2016 03 08 13 50  76  3.6  4.5  1.50 16.00  6.98 348 1015.9  24.5  25.7  19.3 99.0 99.00
2016 03 08 14 50  69  3.9  4.9  1.47 16.00  7.06 330 1015.3  24.5  25.8  19.2 99.0 99.00
2016 03 08 15 50  75  3.8  4.9  1.69 14.81  7.76 346 1014.5  24.6  25.9  19.2 99.0 99.00
2016 03 08 16 50  71  3.3  4.5  1.73 14.81  8.07 352 1013.9  24.6  26.0  19.4 99.0 99.00
2016 03 08 17 50  67  3.4  4.2  1.64 14.81  8.10 327 1013.2  24.7  26.1  19.0 99.0 99.00
2016 03 08 18 50  66  2.6  3.6  1.54 14.81  7.51 339 1013.0  24.8  26.1  19.3 99.0 99.00
2016 03 08 19 50  46  2.9  3.6  1.63 13.79  8.05 327 1012.8  24.8  26.1  19.3 99.0 99.00
2016 03 08 20 50  45  3.7  4.8  1.58 14.81  7.63 350 1013.0  24.9  26.1  19.7 99.0 99.00
2016 03 08 21 50  57  3.2  4.0  1.61 13.79  8.02 344 1013.4  24.8  25.9  19.4 99.0 99.00
2016 03 08 22 50  53  3.5  4.4  1.77 13.79  8.16 349 1014.0  24.8  25.8  19.8 99.0 99.00
2016 03 08 23 50  71  3.7  4.4  1.40 13.79  7.32 356 1014.7  24.8  25.7  19.8 99.0 99.00
2016 03 09 00 50  68  3.7  4.4  1.55 13.79  7.55 346 1015.1  24.8  25.7  20.0 99.0 99.00
2016 03 09 01 50  72  4.1  5.1  1.64 13.79  7.94 339 1015.2  24.8  25.7  19.8 99.0 99.00
2016 03 09 02 50  75  4.7  5.7  1.61 13.79  7.41 349 1015.3  24.9  25.6  20.0 99.0 99.00
2016 03 09 03 50  70  5.1  6.4  1.52 13.79  7.55 320 1014.9  24.7  25.6  20.6 99.0 99.00
2016 03 09 04 50  62  5.5  6.5  1.42 13.79  7.10 316 1014.3  24.5  25.6  20.6 99.0 99.00
2016 03 09 05 50  74  5.1  6.0  1.56 13.79  6.88 324 1013.7  24.5  25.5  20.4 99.0 99.00
2016 03 09 06 50  75  5.2  6.1  1.49 13.79  6.88 334 1013.6  24.5  25.5  20.4 99.0 99.00
2016 03 09 07 50  63  5.3  6.9  1.63 13.79  6.96 336 1013.4  24.4  25.5  20.4 99.0 99.00
2016 03 09 08 50  66  5.5  6.5  1.68 12.90  7.12 333 1013.7  24.4  25.5  20.5 99.0 99.00
2016 03 09 09 50  67  5.3  6.7  1.62 12.90  6.86 341 1014.7  24.5  25.5  20.7 99.0 99.00
2016 03 09 10 50  62  5.6  6.5  1.57 12.90  6.75 341 1015.1  24.7  25.5  20.5 99.0 99.00
2016 03 09 11 50  70  5.2  6.1  1.43 12.12  6.27 338 1015.6  24.7  25.5  20.4 99.0 99.00
2016 03 09 12 50  65  5.2  6.2  1.59 12.90  7.03 342 1015.6  24.7  25.6  20.7 99.0 99.00
2016 03 09 13 50  75  5.3  6.4  1.40 12.90  6.62 357 1015.3  24.8  25.7  20.6 99.0 99.00
2016 03 09 14 50  75  4.3  5.3  1.51 12.90  6.92   8 1014.6  24.8  25.8  20.4 99.0 99.00
2016 03 09 15 50  76  4.1  5.1  1.54 12.90  6.91  11 1013.9  24.8  25.9  20.5 99.0 99.00
2016 03 09 16 50  75  4.0  5.1  1.47 12.90  7.16 338 1013.2  24.9  26.0  20.5 99.0 99.00
2016 03 09 17 50  73  4.0  5.0  1.53 12.90  7.50 326 1012.3  25.0  26.1  20.7 99.0 99.00
2016 03 09 18 50  67  4.3  5.5  1.40 12.90  7.02 348 1012.2  24.9  26.0  20.5 99.0 99.00
2016 03 09 19 50  56  5.0  5.8  1.39 12.90  6.90 334 1012.3  25.0  26.0  20.9 99.0 99.00
2016 03 09 20 50  56  4.6  5.8  1.31 12.90  6.76   2 1012.8  25.0  25.9  20.8 99.0 99.00
2016 03 09 21 50  36  5.2  6.5  1.29 12.12  6.45 337 1013.5  25.1  25.8  20.9 99.0 99.00
2016 03 09 22 50  32  5.8  6.8  1.32 12.12  6.46 341 1014.0  24.9  25.8  20.8 99.0 99.00
2016 03 09 23 50  41  6.0  7.1  1.23 12.12  6.04 348 1014.6  24.9  25.7  20.6 99.0 99.00
2016 03 10 00 50  44  6.1  7.4  1.36 11.43  6.30 330 1014.9  24.9  25.7  20.5 99.0 99.00
2016 03 10 01 50  49  6.1  6.9  1.29 12.12  6.14 348 1015.2  24.9  25.6  20.4 99.0 99.00
2016 03 10 02 50  59  6.8  8.1  1.38 12.12  6.19 332 1014.9  24.7  25.6  20.9 99.0 99.00
2016 03 10 03 50  58  6.0  7.0  1.42 12.12  6.17 332 1014.4  24.7  25.6  20.6 99.0 99.00
2016 03 10 04 50  59  5.5  7.0  1.31  9.09  6.09  38 1014.1  24.6  25.6  20.8 99.0 99.00
2016 03 10 05 50  66  5.0  6.0  1.34 11.43  6.12 348 1014.0  24.6  25.6  20.4 99.0 99.00
2016 03 10 06 50  75  5.4  6.6  1.24 11.43  5.97 358 1013.7  24.6  25.5  20.5 99.0 99.00
2016 03 10 07 50  60  5.5  6.4  1.37 12.12  6.29 351 1013.7  24.5  25.5  21.0 99.0 99.00
2016 03 10 08 50  65  5.4  6.3  1.35 12.12  6.43 306 1013.9  24.4  25.5  20.8 99.0 99.00
2016 03 10 09 50  70  5.1  6.3  1.27 12.12  6.22   3 1014.3  24.6  25.5  20.3 99.0 99.00
2016 03 10 10 50  69  5.3  6.0  1.35 12.12  6.50  29 1014.7  24.6  25.5  20.5 99.0 99.00
2016 03 10 11 50  91  5.7  6.7  1.25  9.09  6.22  47 1015.0  24.8  25.6  20.7 99.0 99.00
2016 03 10 12 50  87  6.2  7.2  1.39 11.43  6.45 357 1015.4  24.8  25.6  20.8 99.0 99.00
2016 03 10 13 50  94  6.2  7.2  1.37  8.33  5.99  79 1015.5  24.8  25.7  21.1 99.0 99.00
2016 03 10 14 50  94  5.6  6.4  1.34  8.33  6.04  74 1015.2  24.7  25.8  21.3 99.0 99.00
2016 03 10 15 50  89  5.1  6.1  1.42  8.33  6.27  55 1014.8  24.8  25.8  21.3 99.0 99.00
2016 03 10 16 50  88  4.4  5.6  1.42 11.43  6.54   4 1014.5  24.9  26.0  21.4 99.0 99.00
2016 03 10 17 50  66  4.4  5.3  1.63 13.79  7.09 318 1014.0  24.9  26.0  21.2 99.0 99.00
2016 03 10 18 50  65  4.2  5.1  1.58 14.81  7.39 331 1013.8  25.0  25.9  21.4 99.0 99.00
2016 03 10 19 50  71  4.8  5.9  1.59 13.79  7.29 329 1013.9  25.0  25.9  21.4 99.0 99.00
2016 03 10 20 50  62  5.3  6.1  1.85 13.79  8.17 326 1014.2  25.1  25.8  21.4 99.0 99.00
2016 03 10 21 50  57  5.2  6.2  1.93 13.79  8.10 323 1014.7  25.1  25.8  21.6 99.0 99.00
2016 03 10 22 50  51  5.2  6.0  2.13 13.79  8.75 326 1015.4  25.2  25.8  21.8 99.0 99.00
2016 03 10 23 50  56  5.6  6.7  2.07 13.79  8.48 353 1016.1  25.0  25.7  21.8 99.0 99.00
2016 03 11 00 50  66  5.1  6.2  2.39 13.79  9.51 344 1016.6  25.0  25.7  22.1 99.0 99.00
2016 03 11 01 50  75  4.8  5.8  2.41 13.79  9.28 348 1016.6  25.0  25.7  21.8 99.0 99.00
2016 03 11 02 50  73  4.8  5.6  2.60 13.79  9.72 337 1016.5  25.1  25.7  21.8 99.0 99.00
2016 03 11 03 50  76  5.0  5.8  2.18 12.90  8.87 340 1016.0  24.9  25.7  21.7 99.0 99.00
2016 03 11 04 50  78  5.1  6.1  2.22 12.90  8.93 355 1015.6  24.9  25.6  21.8 99.0 99.00
2016 03 11 05 50  74  5.2  6.1  2.41 12.90  9.05 330 1015.0  24.9  25.6  21.8 99.0 99.00
2016 03 11 06 50  74  6.5  7.6  2.08 12.90  8.24 330 1014.7  24.9  25.6  21.9 99.0 99.00
2016 03 11 07 50  77  6.5  7.6  2.42 12.90  8.81 335 1014.4  24.7  25.6  21.8 99.0 99.00
2016 03 11 08 50  70  5.6  6.6  2.40 13.79  8.41 325 1015.2  24.5  25.6  21.6 99.0 99.00
2016 03 11 09 50  78  6.1  7.2  2.60 12.90  8.93 347 1015.4  24.8  25.6  21.4 99.0 99.00
2016 03 11 10 50  79  5.9  6.9  2.14 12.90  8.03 334 1015.8  24.9  25.6  21.0 99.0 99.00
2016 03 11 11 50  88  6.4  7.7  2.21 11.43  7.83 345 1016.4  25.1  25.6  21.4 99.0 99.00
2016 03 11 12 50  88  5.4  6.7  2.28 13.79  8.22 348 1017.1  25.2  25.7  21.6 99.0 99.00
2016 03 11 13 50  91  6.8  8.0  2.24 13.79  7.84 344 1017.2  25.3  25.7  21.3 99.0 99.00
2016 03 11 14 50  92  6.7  7.8  2.38 13.79  7.77 331 1017.0  25.3  25.8  21.2 99.0 99.00
2016 03 11 15 50  85  6.5  7.8  2.24 12.12  7.43 337 1016.2  25.3  25.8  21.3 99.0 99.00
2016 03 11 16 50  88  7.2  8.5  2.22 12.90  7.51 335 1015.6  25.4  25.9  20.9 99.0 99.00
2016 03 11 17 50  86  6.5  7.5  2.41 13.79  7.62  13 1014.9  25.3  25.9  21.0 99.0 99.00
2016 03 11 18 50  86  6.5  7.7  2.10 13.79  7.12 360 1014.8  25.2  25.9  20.9 99.0 99.00
2016 03 11 19 50  88  6.1  6.9  2.42 14.81  7.65 358 1014.9  25.2  25.8  20.9 99.0 99.00
2016 03 11 20 50  73  6.3  7.4  2.48 12.90  8.32 359 1015.2  25.2  25.8  21.1 99.0 99.00
2016 03 11 21 50  72  6.0  7.0  2.12 14.81  7.54   5 1015.7  25.2  25.7  21.0 99.0 99.00
2016 03 11 22 50  68  6.6  7.8  2.47 14.81  8.22 353 1016.3  25.2  25.7  21.6 99.0 99.00
2016 03 11 23 50  73  6.9  8.3  2.22 14.81  7.40   5 1017.1  25.2  25.7  21.4 99.0 99.00
2016 03 12 00 50  74  7.2  8.8  2.23 14.81  7.57 346 1017.6  25.2  25.7  21.0 99.0 99.00
2016 03 12 01 50  75  6.8  8.2  2.40 14.81  7.87   7 1017.6  25.1  25.7  20.9 99.0 99.00
2016 03 12 02 50  76  6.6  8.0  2.22 13.79  7.64  15 1017.2  25.0  25.7  21.3 99.0 99.00
2016 03 12 03 50  85  6.4  7.8  2.50 13.79  7.78   6 1017.0  25.0  25.6  20.9 99.0 99.00
2016 03 12 04 50  85  6.4  7.7  2.49 13.79  7.64 359 1016.0  24.9  25.6  21.0 99.0 99.00
2016 03 12 05 50  78  6.8  7.8  2.24 13.79  7.35   8 1015.3  24.8  25.6  21.0 99.0 99.00
2016 03 12 06 50  75  6.6  7.6  2.54 13.79  7.96 357 1015.1  24.7  25.6  20.6 99.0 99.00
2016 03 12 07 50  72  6.2  7.3  2.38 13.79  7.67 359 1015.0  24.8  25.6  20.7 99.0 99.00
2016 03 12 08 50  64  6.8  8.3  2.45 13.79  7.96 360 1015.3  24.8  25.6  20.6 99.0 99.00
2016 03 12 09 50  69  7.4  8.5  2.26 13.79  7.32  17 1015.7  24.8  25.6  20.9 99.0 99.00
2016 03 12 10 50  73  6.9  8.7  2.47 13.79  7.60 348 1016.7  24.9  25.6  20.7 99.0 99.00
2016 03 12 11 50  73  7.5  9.4  2.35 12.90  7.11 358 1017.0  25.0  25.6  20.6 99.0 99.00
2016 03 12 12 50  72  7.9  9.3  2.34 12.90  7.26 356 1017.4  25.0  25.7  20.7 99.0 99.00
2016 03 12 13 50  68  7.0  8.1  2.06 12.90  6.85   8 1017.6  25.1  25.7  20.4 99.0 99.00
2016 03 12 14 50  67  7.7  8.9  2.07 12.90  6.73 349 1016.9  25.0  25.7  20.5 99.0 99.00
2016 03 12 15 50  72  6.2  7.4  2.19 12.90  7.40 358 1016.6  25.0  25.8  20.2 99.0 99.00
2016 03 12 16 50  72  6.1  7.1  2.06 12.90  6.79   7 1015.9  25.1  25.8  20.8 99.0 99.00
2016 03 12 17 50  69  6.2  7.5  2.08 12.12  6.81   4 1015.3  25.0  25.8  20.9 99.0 99.00
2016 03 12 18 50  66  6.1  7.3  2.02 12.90  6.85 354 1014.8  25.1  25.8  21.2 99.0 99.00
2016 03 12 19 50  77  6.1  7.1  2.04 12.90  6.78  17 1014.9  25.0  25.8  20.9 99.0 99.00
2016 03 12 20 50  72  6.3  7.6  2.03 12.90  6.79 357 1014.7  24.9  25.7  21.2 99.0 99.00
2016 03 12 21 50  65  6.0  7.3  1.99 12.12  6.67   8 1015.4  25.0  25.7  21.0 99.0 99.00
2016 03 12 22 50  63  6.2  7.5  1.92 12.12  6.72   3 1016.2  24.9  25.7  21.2 99.0 99.00
2016 03 12 23 50  61  5.4  6.2  2.01 12.12  6.93 347 1017.0  25.0  25.7  21.0 99.0 99.00
2016 03 13 00 50  58  6.2  7.6  1.77 12.12  6.48 355 1017.1  25.0  25.7  21.1 99.0 99.00
2016 03 13 01 50  68  6.4  7.4  1.96 12.12  6.65   7 1016.9  24.9  25.6  21.0 99.0 99.00
2016 03 13 02 50  71  6.9  8.0  1.86 12.12  6.81   8 1015.9  24.9  25.6  21.3 99.0 99.00
2016 03 13 03 50  75  6.5  8.5  1.89 12.12  6.57 353 1015.8  25.0  25.6  20.7 99.0 99.00
2016 03 13 04 50  65  7.1  8.4  1.91 12.12  6.52  24 1015.4  24.9  25.6  20.7 99.0 99.00
2016 03 13 05 50  71  7.2  8.6  1.74 12.12  6.10  17 1014.7  24.9  25.6  20.4 99.0 99.00
2016 03 13 06 50  77  6.6  7.5  1.78 11.43  6.22 351 1014.4  24.8  25.6  20.9 99.0 99.00
2016 03 13 07 50  80  5.9  7.4  1.83 11.43  6.52   8 1015.0  24.9  25.6  20.6 99.0 99.00
2016 03 13 08 50  79  6.8  8.2  1.90 11.43  6.51  10 1015.2  24.9  25.6  20.8 99.0 99.00
2016 03 13 09 50  70  5.7  6.6  1.92 11.43  6.40 354 1016.7  25.0  25.6  20.3 99.0 99.00
2016 03 13 10 50  75  6.2  7.4  1.70  9.09  6.10   6 1017.1  25.1  25.6  20.9 99.0 99.00
2016 03 13 11 50  64  7.1  8.3  1.79 12.12  6.18 353 1016.8  25.0  25.6  21.1 99.0 99.00
2016 03 13 12 50  78  6.5  7.8  1.74 10.00  6.03   5 1017.3  24.7  25.6  21.2 99.0 99.00
2016 03 13 13 50  83  7.4  8.9  1.60 11.43  6.12  21 1016.7  24.9  25.6  21.4 99.0 99.00
2016 03 13 14 50  78  6.6  7.8  1.70 11.43  6.27 353 1016.5  24.9  25.7  21.1 99.0 99.00
2016 03 13 15 50  69  6.6  7.9  1.65 11.43  6.17  13 1015.8  25.2  25.7  20.8 99.0 99.00
2016 03 13 16 50  77  7.3  9.0  1.66 10.81  5.80  34 1015.0  25.2  25.7  20.3 99.0 99.00
2016 03 13 17 50  75  7.3  8.6  1.73 11.43  6.04   4 1014.3  25.0  25.7  20.8 99.0 99.00
2016 03 13 18 50  70  6.5  8.4  1.70 10.81  5.91 356 1014.1  25.0  25.7  21.1 99.0 99.00
2016 03 13 19 50  79  9.4 11.0  1.71 11.43  5.99   9 1012.8  25.0  25.7  20.8 99.0 99.00
2016 03 13 20 50  95  5.6  6.9  1.71 10.81  5.73  27 1014.9  25.0  25.7  21.4 99.0 99.00
2016 03 13 21 50  92  5.1  6.2  1.76 10.81  6.24 359 1016.0  25.0  25.7  21.1 99.0 99.00
2016 03 13 22 50  93  6.9  8.2  1.66 10.81  6.06   8 1015.8  25.0  25.6  20.3 99.0 99.00
2016 03 13 23 50  90  7.3  8.9  1.64  7.69  5.78  72 1015.8  25.0  25.6  20.2 99.0 99.00
2016 03 14 00 50  88  5.3  6.4  1.82 10.81  6.18  17 1017.0  25.0  25.6  20.3 99.0 99.00
2016 03 14 01 50  91  5.5  6.3  1.72 10.81  5.85   7 1016.8  25.0  25.6  20.8 99.0 99.00
2016 03 14 02 50  76  6.0  7.1  1.53 10.00  6.00  14 1015.9  24.8  25.6  20.9 99.0 99.00
2016 03 14 03 50  73  5.8  7.2  1.53  9.09  5.89  39 1015.0  24.8  25.6  21.1 99.0 99.00
2016 03 14 04 50  82  4.9  6.0  1.55 10.00  6.18  18 1014.7  24.8  25.6  21.2 99.0 99.00
2016 03 14 05 50  78  5.0  6.2  1.56  9.09  5.94  26 1014.5  24.7  25.6  21.1 99.0 99.00
2016 03 14 06 50  78  5.5  7.0  1.52 10.81  6.18  28 1014.4  24.7  25.6  21.1 99.0 99.00
2016 03 14 07 50  79  5.9  7.2  1.58 10.00  6.34  29 1014.7  24.8  25.6  20.3 99.0 99.00
2016 03 14 08 50  86  5.7  6.9  1.58 10.00  6.16  32 1015.0  24.8  25.6  20.3 99.0 99.00
2016 03 14 09 50  77  5.3  7.0  1.53 10.00  6.13  10 1015.7  24.8  25.6  20.3 99.0 99.00
2016 03 14 10 50  74  4.6  5.6  1.49 10.00  5.94  29 1016.2  25.0  25.6  20.3 99.0 99.00
2016 03 14 11 50  81  5.5  6.4  1.50 10.00  6.06  12 1016.6  25.0  25.7  20.3 99.0 99.00
2016 03 14 12 50  85  5.7  7.4  1.48 10.00  5.79   3 1017.0  25.1  25.7  20.5 99.0 99.00
2016 03 14 13 50  79  5.8  7.6  1.46 10.00  5.90  11 1016.6  25.1  25.8  20.2 99.0 99.00
2016 03 14 14 50  77  5.9  7.0  1.37 10.00  5.67  10 1016.1  25.0  25.8  20.0 99.0 99.00
2016 03 14 15 50  81  5.6  6.6  1.49 10.00  5.73  24 1015.3  25.1  25.9  20.0 99.0 99.00
2016 03 14 16 50  85  5.8  6.9  1.45  9.09  5.75  28 1014.9  25.1  25.9  19.9 99.0 99.00
2016 03 14 17 50  82  6.0  7.1  1.55 10.81  5.84  38 1014.4  25.1  25.9  20.0 99.0 99.00
2016 03 14 18 50  83  6.3  7.5  1.38  9.09  5.67  26 1014.1  25.1  25.9  20.0 99.0 99.00
2016 03 14 19 50  95  5.4  6.4  1.52  9.09  6.09  30 1014.3  25.1  25.9  20.0 99.0 99.00
2016 03 14 20 50  99  5.9  7.6  1.43  9.09  5.67  29 1014.5  25.1  25.9  20.2 99.0 99.00
2016 03 14 21 50  90  5.2  6.2  1.58 14.81  6.41 344 1015.1  24.9  25.8  20.5 99.0 99.00
2016 03 14 22 50  87  4.8  5.8  1.49 13.79  6.20  20 1015.7  25.0  25.8  20.6 99.0 99.00
2016 03 14 23 50  81  5.2  6.1  1.52 14.81  6.48  21 1015.9  24.9  25.7  20.5 99.0 99.00
2016 03 15 00 50  82  4.9  6.2  1.55 13.79  6.66 346 1015.9  24.9  25.7  20.3 99.0 99.00
2016 03 15 01 50  90  5.3  6.7  1.68 13.79  7.14  10 1015.7  24.9  25.7  20.0 99.0 99.00
2016 03 15 02 50  92  4.9  5.8  1.73 13.79  7.17 356 1015.5  24.7  25.7  20.2 99.0 99.00
2016 03 15 03 50  93  4.4  5.9  1.70 12.90  6.96  10 1015.4  24.7  25.7  20.5 99.0 99.00
2016 03 15 04 50 101  4.7  5.6  1.69 13.79  7.23 347 1014.6  24.6  25.6  20.0 99.0 99.00
2016 03 15 05 50  96  4.6  6.1  1.85 12.90  7.78   5 1014.4  24.5  25.6  20.3 99.0 99.00
2016 03 15 06 50  93  4.8  5.6  1.88 12.12  7.56   2 1014.2  24.5  25.6  20.1 99.0 99.00
2016 03 15 07 50 106  4.3  5.4  2.04 12.12  8.42 342 1014.4  24.4  25.6  20.1 99.0 99.00
2016 03 15 08 50 108  4.0  5.5  2.28 14.81  8.73  15 1014.8  24.5  25.6  20.2 99.0 99.00
2016 03 15 09 50 104  4.0  5.1  2.30 14.81  8.75   6 1015.2  24.5  25.6  20.1 99.0 99.00
2016 03 15 10 50 111  3.8  5.1  2.50 16.00  9.66  29 1016.0  24.7  25.6  19.9 99.0 99.00
2016 03 15 11 50 115  3.9  5.3  2.24 13.79  8.79 360 1016.2  24.7  25.7  20.1 99.0 99.00
2016 03 15 12 50 106  4.8  6.3  2.35 13.79  9.04 350 1016.2  24.7  25.7  20.2 99.0 99.00
2016 03 15 13 50 108  5.1  6.0  2.69 12.90  9.56 356 1016.2  24.7  25.8  19.8 99.0 99.00
2016 03 15 14 50 113  4.5  5.6  2.56 16.00  9.78  15 1015.8  24.7  25.9  19.8 99.0 99.00
2016 03 15 15 50 125  3.9  4.9  2.43 13.79  9.23   3 1015.2  24.7  26.1  19.6 99.0 99.00
2016 03 15 16 50 104  3.2  4.0  2.55 13.79  9.68 358 1014.5  24.8  26.2  19.7 99.0 99.00
2016 03 15 17 50 103  3.0  3.9  2.45 14.81  9.50  20 1013.9  24.8  26.3  19.8 99.0 99.00
2016 03 15 18 50 105  3.4  4.7  2.49 14.81  9.60  13 1013.8  24.9  26.3  20.0 99.0 99.00
2016 03 15 19 50  95  3.4  4.8  2.26 13.79  9.28   5 1013.8  24.9  26.2  20.0 99.0 99.00
2016 03 15 20 50  93  3.6  4.6  2.47 14.81  9.66  11 1013.9  24.9  26.1  19.8 99.0 99.00
2016 03 15 21 50 102  3.6  4.5  2.50 14.81  9.91   4 1014.7  25.0  26.0  19.9 99.0 99.00
2016 03 15 22 50 100  4.5  5.5  2.33 13.79  9.10  13 1015.0  24.9  25.9  19.8 99.0 99.00
2016 03 15 23 50  98  4.5  5.5  2.06 11.43  8.81 349 1015.7  24.9  25.9  19.6 99.0 99.00
2016 03 16 00 50  99  4.1  6.0  2.44 10.81  9.37 360 1016.2  25.0  25.9  19.7 99.0 99.00
2016 03 16 01 50 108  4.7  5.4  2.35 14.81  9.05  18 1016.0  24.4  25.8  19.7 99.0 99.00
2016 03 16 02 50 116  3.6  4.5  2.15 13.79  8.78  10 1015.9  24.7  25.8  20.0 99.0 99.00
2016 03 16 03 50 109  5.1  6.1  1.98 14.81  8.79  14 1015.4  24.9  25.8  19.9 99.0 99.00
2016 03 16 04 50 102  5.6  6.7  1.98 12.12  8.44 351 1014.9  24.8  25.8  20.0 99.0 99.00
2016 03 16 05 50 105  5.8  7.1  2.18 11.43  8.60 357 1014.4  24.7  25.7  20.2 99.0 99.00
2016 03 16 06 50  99  5.9  7.2  2.03 13.79  8.03   4 1014.6  24.8  25.7  20.2 99.0 99.00
2016 03 16 07 50 101  6.0  7.3  2.07 13.79  8.27 359 1014.6  24.7  25.7  20.1 99.0 99.00
2016 03 16 08 50 106  6.2  7.6  1.85 13.79  7.56  21 1014.9  24.6  25.7  20.2 99.0 99.00
2016 03 16 09 50 102  5.7  7.0  1.76 14.81  7.40  20 1015.3  24.7  25.7  20.1 99.0 99.00
2016 03 16 10 50  95  6.0  7.3  1.90 11.43  7.54   9 1015.8  24.8  25.7  19.8 99.0 99.00
2016 03 16 11 50  99  6.5  8.3  1.72 13.79  6.97  22 1016.1  24.8  25.7  19.7 99.0 99.00
2016 03 16 12 50 106  6.4  7.4  1.93 13.79  7.33  28 1016.3  24.8  25.8  20.0 99.0 99.00
2016 03 16 13 50 109  6.0  7.4  1.68 13.79  6.59  11 1016.4  24.8  25.8  20.2 99.0 99.00
2016 03 16 14 50  99  5.5  6.4  1.86 12.90  6.91   9 1016.0  24.8  25.9  20.2 99.0 99.00
2016 03 16 15 50 105  5.9  7.3  1.72 13.79  6.77  31 1015.1  24.8  26.0  19.9 99.0 99.00
2016 03 16 16 50 113  5.1  6.3  1.63 10.81  6.87   5 1014.4  25.0  26.0  19.5 99.0 99.00
2016 03 16 17 50 111  4.9  5.9  1.57 12.90  6.74  21 1013.9  24.9  26.1  19.4 99.0 99.00
2016 03 16 18 50  91  4.9  5.7  1.61 12.12  6.67  29 1013.6  25.1  26.0  19.0 99.0 99.00
2016 03 16 19 50  84  5.0  5.9  1.68 12.90  6.96 355 1014.1  25.1  26.0  18.9 99.0 99.00
2016 03 16 20 50  87  5.1  5.9  1.56 12.12  6.82 358 1014.7  25.1  26.0  19.0 99.0 99.00
2016 03 16 21 50  80  5.4  6.6  1.69  9.09  7.38  50 1015.3  25.1  25.9  19.2 99.0 99.00
2016 03 16 22 50  83  6.0  7.3  1.64 12.90  7.26  31 1015.4  25.3  25.8  17.4 99.0 99.00
2016 03 16 23 50  82  5.8  7.4  1.69 10.00  7.22  23 1016.3  25.2  25.8  19.2 99.0 99.00
2016 03 17 01 50  79  6.3  7.5  1.57 14.81  6.64 357 1016.5  24.9  25.8  19.7 99.0 99.00
2016 03 17 02 50  76  6.2  7.5  1.93 14.81  7.39   2 1016.4  24.8  25.8  19.7 99.0 99.00
2016 03 17 03 50  83  6.3  7.7  1.69 10.81  7.18 353 1016.1  24.7  25.7  19.5 99.0 99.00
2016 03 17 04 50  78  6.1  7.2  1.84 13.79  7.45 342 1015.7  24.7  25.7  19.5 99.0 99.00
2016 03 17 05 50  82  5.9  7.5  1.69 13.79  7.00 340 1015.4  24.6  25.7  19.6 99.0 99.00
2016 03 17 06 50  78  6.0  7.3  2.01 13.79  7.93 356 1015.1  24.5  25.7  19.8 99.0 99.00
2016 03 17 07 50  73  6.9  7.8  2.11 14.81  8.32   5 1015.3  24.5  25.7  19.4 99.0 99.00
2016 03 17 08 50  77  6.7  7.8  2.08 13.79  8.14   6 1015.7  24.6  25.7  19.5 99.0 99.00
2016 03 17 09 50  72  7.4  8.5  2.29 14.81  8.49   4 1016.2  24.6  25.7  19.3 99.0 99.00
2016 03 17 10 50  73  7.0  8.1  2.45 14.81  8.81   5 1016.9  24.8  25.7  19.7 99.0 99.00
2016 03 17 11 50  74  7.3  8.8  2.45 14.81  8.48  11 1017.4  24.8  25.7  19.6 99.0 99.00
2016 03 17 12 50  78  7.4  8.5  2.62 13.79  8.76  13 1017.6  24.9  25.8  19.4 99.0 99.00
2016 03 17 13 50  81  7.2  8.6  2.49 16.00  8.57 357 1017.5  24.9  25.8  19.8 99.0 99.00
2016 03 17 14 50  80  7.4  8.7  2.46 13.79  8.02   6 1016.8  24.8  25.8  19.5 99.0 99.00
2016 03 17 15 50  82  7.3  8.7  2.51 12.90  8.44 352 1016.2  24.9  25.9  19.5 99.0 99.00
2016 03 17 16 50  84  7.4  8.8  2.51 13.79  8.34   1 1015.5  24.8  25.9  19.7 99.0 99.00
2016 03 17 17 50  76  7.6  9.1  2.66 16.00  8.92   7 1014.7  24.8  25.9  19.7 99.0 99.00
2016 03 17 18 50  82  7.6  9.0  2.84 14.81  8.84 348 1014.7  24.8  25.9  19.8 99.0 99.00
2016 03 17 19 50  84  7.4  8.6  3.03 16.00  9.31 356 1014.9  24.9  25.9  20.0 99.0 99.00
2016 03 17 20 50  77  7.7  9.2  2.80 12.90  8.64   2 1015.1  24.9  25.8  19.8 99.0 99.00
2016 03 17 21 50  78  7.5  9.0  2.56 13.79  8.00 360 1015.5  25.1  25.8  19.2 99.0 99.00
2016 03 17 22 50  78  7.2  8.7  3.03 14.81  9.13  15 1015.8  24.9  25.8  20.0 99.0 99.00
2016 03 17 23 50  85  7.5  8.9  2.84 16.00  8.62  29 1016.4  24.7  25.8  20.0 99.0 99.00
2016 03 18 00 50  88  7.3  9.0  2.90 14.81  8.87   9 1016.7  24.8  25.7  19.6 99.0 99.00
2016 03 18 01 50  84  7.1  8.4  2.83 16.00  8.73  14 1016.8  24.8  25.7  20.0 99.0 99.00
2016 03 18 02 50  88  7.0  8.4  3.08 16.00  9.31   3 1016.5  24.8  25.7  19.7 99.0 99.00
2016 03 18 03 50  81  6.6  8.1  3.16 16.00  9.60   7 1016.0  24.6  25.7  19.8 99.0 99.00
2016 03 18 04 50  81  6.4  7.6  2.87 14.81  9.12  12 1015.5  24.6  25.7  20.0 99.0 99.00
2016 03 18 05 50  79  6.6  7.9  3.06 14.81  9.88  17 1014.8  24.6  25.7  20.3 99.0 99.00
2016 03 18 06 50  74  6.5  7.6  2.95 14.81  9.45  15 1014.6  24.6  25.7  20.8 99.0 99.00
2016 03 18 07 50  82  7.1  8.4  2.96 14.81  9.06  21 1014.8  24.6  25.7  20.7 99.0 99.00
2016 03 18 08 50  78  8.0  9.4  2.76 14.81  8.67  15 1015.1  24.6  25.7  20.4 99.0 99.00
2016 03 18 09 50  78  7.6  9.1  3.19 16.00  9.30  19 1015.8  24.7  25.7  20.1 99.0 99.00
2016 03 18 10 50  61  7.7  9.1  3.18 16.00  9.36   3 1016.5  24.7  25.7  20.0 99.0 99.00
2016 03 18 11 50  67  8.1  9.5  2.77 16.00  8.40  25 1017.1  24.8  25.7  19.9 99.0 99.00
2016 03 18 12 50  70  7.3  8.8  2.81 14.81  8.54   7 1017.7  24.9  25.8  20.0 99.0 99.00
2016 03 18 13 50  69  7.4  8.6  2.81 16.00  8.44   2 1017.7  24.9  25.8  20.0 99.0 99.00
2016 03 18 14 50  66  7.2  8.7  2.75 14.81  8.38  13 1017.0  24.9  25.8  19.5 99.0 99.00
2016 03 18 15 50  61  7.5  9.2  3.12 16.00  9.01   9 1016.2  24.8  25.8  19.9 99.0 99.00
2016 03 18 16 50  62  7.6  9.0  3.13 16.00  8.64  14 1015.4  24.8  25.9  19.8 99.0 99.00
2016 03 18 17 50  68  8.0  9.6  2.67 16.00  8.21 354 1014.6  24.9  25.9  20.2 99.0 99.00
2016 03 18 18 50  66  8.2  9.6  2.85 14.81  8.71  19 1014.4  25.0  25.9  20.1 99.0 99.00
2016 03 18 19 50  76  7.6  8.7  2.54 16.00  7.99  25 1014.7  25.1  25.9  20.1 99.0 99.00
2016 03 18 20 50  70  7.5  9.1  2.67 14.81  8.43   7 1015.3  25.1  25.8  20.4 99.0 99.00
2016 03 18 21 50  71  7.5  9.1  2.62 16.00  8.09  16 1015.5  25.1  25.8  20.7 99.0 99.00
2016 03 18 22 50  69  8.3  9.7  2.47 16.00  7.95 358 1016.2  25.0  25.8  20.5 99.0 99.00
2016 03 18 23 50  69  8.6 10.0  2.66 16.00  7.91   7 1016.8  25.1  25.7  20.4 99.0 99.00
2016 03 19 00 50  68  8.7 10.3  2.68 16.00  7.84  10 1017.2  25.1  25.7  20.4 99.0 99.00
2016 03 19 01 50  69  8.6 10.0  3.01 16.00  8.52   5 1017.1  25.0  25.7  20.4 99.0 99.00
2016 03 19 02 50  69  7.9  9.6  2.52 14.81  7.10   6 1016.9  24.9  25.7  20.6 99.0 99.00
2016 03 19 03 50  72  8.3 10.2  2.64 13.79  7.83  21 1016.5  24.9  25.7  20.9 99.0 99.00
2016 03 19 04 50  72  8.9 10.8  2.28 16.00  6.97  20 1015.7  24.8  25.7  20.5 99.0 99.00
2016 03 19 05 50  71  8.5 10.4  2.56 16.00  7.07  17 1015.3  24.8  25.7  20.3 99.0 99.00
2016 03 19 06 50  63  8.5 10.4  2.48 14.81  7.16  12 1015.1  24.7  25.7  20.4 99.0 99.00
2016 03 19 07 50  69  8.5 10.2  2.62 14.81  7.46 356 1015.3  24.7  25.7  20.1 99.0 99.00
2016 03 19 08 50  61  8.2  9.4  2.76 14.81  7.52  10 1015.9  24.7  25.7  19.8 99.0 99.00
2016 03 19 09 50  69  8.1  9.6  2.51 14.81  7.45  11 1016.7  24.9  25.7  20.1 99.0 99.00
2016 03 19 10 50  65  8.6 10.2  2.34 14.81  7.01  24 1017.5  24.9  25.7  19.3 99.0 99.00
2016 03 19 11 50  70  8.3 10.0  2.56 14.81  7.31   9 1018.1  25.0  25.7  19.8 99.0 99.00
2016 03 19 12 50  71  7.1  8.4  2.44 16.00  7.09  20 1018.5  25.0  25.7  20.3 99.0 99.00
2016 03 19 13 50  68  7.6  9.1  2.37 14.81  7.21  12 1018.3  25.1  25.8  20.4 99.0 99.00
2016 03 19 14 50  70  7.3  8.5  2.52 14.81  7.16  16 1017.6  25.0  25.8  20.4 99.0 99.00
2016 03 19 15 50  82  7.6  9.1  2.54 14.81  6.84 352 1016.7  24.2  25.8  21.1 99.0 99.00
2016 03 19 16 50  64  8.5 10.0  2.45 13.79  7.06  17 1015.9  25.1  25.8  20.1 99.0 99.00
2016 03 19 17 50  64  8.0  9.8  2.47 13.79  7.01  27 1015.3  25.1  25.8  20.0 99.0 99.00
2016 03 19 18 50  67  7.8  9.5  2.27 13.79  6.34  10 1015.1  25.1  25.8  20.3 99.0 99.00
2016 03 19 19 50  71  8.0  9.5  2.33 12.90  6.46  12 1015.4  25.1  25.8  20.1 99.0 99.00
2016 03 19 20 50  70  8.2 10.2  2.37 14.81  6.38 355 1015.5  25.1  25.8  20.2 99.0 99.00
2016 03 19 21 50  67  8.5 10.0  2.18  7.14  6.11  67 1015.9  25.0  25.7  20.5 99.0 99.00
2016 03 19 22 50  70  8.1  9.8  2.20 13.79  6.34 355 1016.7  25.1  25.7  20.9 99.0 99.00
2016 03 19 23 50  78  9.5 11.4  2.40 13.79  6.55  26 1017.0  25.1  25.7  20.5 99.0 99.00
2016 03 20 00 50  70  7.9  9.3  2.29 13.79  6.44  29 1017.6  25.1  25.7  21.3 99.0 99.00
2016 03 20 01 50  65  9.4 10.9  2.30  7.14  6.54  80 1017.2  25.0  25.7  20.6 99.0 99.00
2016 03 20 02 50  63  9.0 11.3  2.23 14.81  6.25  33 1017.1  25.0  25.7  20.7 99.0 99.00
2016 03 20 03 50  67  8.9 10.8  2.32 13.79  6.34  22 1016.3  24.9  25.7  20.6 99.0 99.00
2016 03 20 04 50  64  8.7 10.4  2.16 13.79  6.19  26 1015.5  24.7  25.7  20.8 99.0 99.00
2016 03 20 05 50  67  8.9 10.9  2.19 13.79  6.09 352 1015.1  24.9  25.6  20.8 99.0 99.00
2016 03 20 06 50  70 10.0 11.8  2.10 13.79  5.87  16 1014.9  24.9  25.6  20.6 99.0 99.00
2016 03 20 07 50  71 10.0 12.0  2.21 13.79  5.90  28 1015.1  25.0  25.6  21.0 99.0 99.00
2016 03 20 08 50  68 10.1 11.8  2.45 13.79  6.05  15 1015.7  25.1  25.6  20.7 99.0 99.00
2016 03 20 09 50  71 10.4 12.6  2.46  7.14  6.12  61 1016.2  25.0  25.6  20.2 99.0 99.00
2016 03 20 10 50  73 11.2 14.8  2.47 13.79  6.02 360 1016.5  25.1  25.6  20.1 99.0 99.00
2016 03 20 11 50  70 10.2 12.4  2.60  7.14  6.18  69 1017.4  25.2  25.6  19.7 99.0 99.00
2016 03 20 12 50  74  9.5 11.9  2.36 13.79  5.92 347 1017.9  25.2  25.7  20.0 99.0 99.00
2016 03 20 13 50  67  9.0 10.5  2.44  7.69  6.10  70 1017.9  25.2  25.7  20.1 99.0 99.00
2016 03 20 14 50  66  9.5 11.3  2.60  7.14  6.38  71 1017.3  25.2  25.7  20.3 99.0 99.00
2016 03 20 15 50  67  8.9 10.4  2.38  7.14  6.10  70 1016.9  25.1  25.7  20.3 99.0 99.00
2016 03 20 16 50  63  8.8 10.7  2.47  7.69  6.08  66 1016.0  25.0  25.8  20.6 99.0 99.00
2016 03 20 17 50  65  9.8 11.5  2.37  7.69  5.88  74 1015.4  25.2  25.8  20.3 99.0 99.00
2016 03 20 18 50  76  9.1 10.8  2.47  7.69  6.02  79 1015.3  25.2  25.8  19.8 99.0 99.00
2016 03 20 19 50  73  8.8 10.3  2.27  7.14  6.03  75 1015.7  25.1  25.8  20.1 99.0 99.00
2016 03 20 20 50  73  8.0  9.6  2.15  7.69  6.02  82 1016.4  25.1  25.7  20.6 99.0 99.00
2016 03 20 21 50  76  9.2 11.0  2.19  7.69  5.87  75 1017.2  25.2  25.7  19.9 99.0 99.00
2016 03 20 22 50  72  9.5 11.1  2.16  7.69  5.72  79 1017.7  25.1  25.7  19.9 99.0 99.00
2016 03 20 23 50  74  8.5 10.1  2.31  7.69  6.13  78 1018.2  25.1  25.7  20.5 99.0 99.00
2016 03 21 00 50  75  9.2 10.8  2.26  7.69  6.14  82 1018.6  25.1  25.7  20.3 99.0 99.00
2016 03 21 01 50  73  8.6 10.6  2.10  7.69  5.86  85 1018.9  25.0  25.7  20.5 99.0 99.00
2016 03 21 02 50  76  8.2  9.8  2.20  7.69  6.10  85 1018.9  25.0  25.6  20.5 99.0 99.00
2016 03 21 03 50  67  7.9  9.8  2.10  7.69  5.94  79 1018.2  24.8  25.6  20.9 99.0 99.00
2016 03 21 04 50  72  7.5  9.3  2.26  7.14  6.07  70 1017.3  24.8  25.6  21.1 99.0 99.00
2016 03 21 05 50  73  7.2  8.7  2.17  7.69  6.15  79 1016.7  24.6  25.6  21.1 99.0 99.00
2016 03 21 06 50  76  7.6  9.0  2.18  7.69  6.03  78 1016.4  24.7  25.6  20.9 99.0 99.00
2016 03 21 07 50  81  8.6 10.1  1.99  7.69  5.91  93 1016.7  24.9  25.6  20.8 99.0 99.00
2016 03 21 08 50  77  8.4 10.7  1.97  7.69  5.87  83 1017.2  24.7  25.6  21.2 99.0 99.00
2016 03 21 09 50  75 10.3 12.5  2.19  7.69  6.03  82 1017.6  25.1  25.6  20.7 99.0 99.00
2016 03 21 10 50  72 10.7 12.7  2.23  7.69  5.72  80 1018.2  25.1  25.6  20.2 99.0 99.00
2016 03 21 11 50  74 10.2 12.5  2.24  7.69  5.71  74 1018.8  25.2  25.6  19.8 99.0 99.00
2016 03 21 12 50  78  9.8 12.2  2.23  7.69  5.81  86 1019.2  25.1  25.7  20.3 99.0 99.00
2016 03 21 13 50  75 11.5 13.7  2.45  7.69  5.79  78 1018.8  25.1  25.7  19.9 99.0 99.00
2016 03 21 14 50  71 10.7 13.0  2.69  7.69  6.06  65 1018.4  25.0  25.7  20.4 99.0 99.00
2016 03 21 15 50  73 10.9 13.1  2.70  7.69  5.99  69 1017.5  25.0  25.7  20.5 99.0 99.00
2016 03 21 16 50  76 10.3 12.2  2.61  8.33  6.11  61 1017.1  25.1  25.7  19.8 99.0 99.00
2016 03 21 17 50  72 10.7 12.7  2.65  8.33  6.01  88 1016.3  25.0  25.7  19.5 99.0 99.00
2016 03 21 18 50  73 10.2 12.0  2.81  8.33  6.14  76 1016.4  25.1  25.7  19.1 99.0 99.00
2016 03 21 19 50  74 10.4 12.4  2.52  7.69  6.08  72 1016.4  25.1  25.7  19.0 99.0 99.00
2016 03 21 20 50  75  9.7 11.8  2.60  7.69  6.07  76 1017.0  25.1  25.7  19.8 99.0 99.00
2016 03 21 21 50  75 10.1 11.8  2.54  8.33  6.07  75 1017.2  25.0  25.6  19.6 99.0 99.00
2016 03 21 22 50  75  9.6 11.7  2.65  8.33  6.06  78 1018.3  25.0  25.6  19.8 99.0 99.00
2016 03 21 23 50  72  9.2 11.3  2.33  8.33  5.83  99 1019.2  25.1  25.6  20.2 99.0 99.00
2016 03 22 00 50  69 10.0 12.0  2.63  7.69  6.01  88 1019.4  25.1  25.6  20.0 99.0 99.00
2016 03 22 01 50  69  8.9 11.2  2.61  8.33  6.33  87 1019.6  25.0  25.6  20.5 99.0 99.00
2016 03 22 02 50  66  8.6 10.4  2.38  8.33  6.04  79 1019.1  24.9  25.6  20.5 99.0 99.00
2016 03 22 03 50  75  8.5 10.1  2.44  8.33  6.15  80 1018.8  24.9  25.5  20.7 99.0 99.00
2016 03 22 04 50  79  9.6 11.5  2.35  8.33  5.91  85 1017.9  24.7  25.5  20.5 99.0 99.00
2016 03 22 05 50  77  9.7 11.4  2.64  8.33  6.23  77 1017.7  24.8  25.5  20.0 99.0 99.00
2016 03 22 06 50  78  9.5 11.5  2.44  8.33  5.87  86 1017.2  24.7  25.5  20.1 99.0 99.00
2016 03 22 07 50  75  9.5 11.4  2.41  8.33  5.78  87 1017.4  24.7  25.5  19.8 99.0 99.00
2016 03 22 08 50  71 11.0 13.3  2.45  7.69  5.83  83 1017.7  24.7  25.5  19.7 99.0 99.00
2016 03 22 09 50  73 10.3 12.7  2.57  8.33  5.95  85 1018.1  24.7  25.4  19.6 99.0 99.00
2016 03 22 10 50  75 10.2 11.8  2.52  8.33  6.03  83 1018.8  24.8  25.4  19.1 99.0 99.00
2016 03 22 11 50  73 10.0 11.6  2.48  8.33  5.85  85 1019.5  24.9  25.5  18.4 99.0 99.00
2016 03 22 12 50  77  9.3 11.2  2.48  7.69  6.04  79 1020.0  25.0  25.5  18.3 99.0 99.00
2016 03 22 13 50  76  9.1 10.3  2.55  8.33  6.17  84 1020.0  25.0  25.5  18.7 99.0 99.00
2016 03 22 14 50  78  7.9  9.2  2.71  8.33  6.29  73 1019.6  24.9  25.5  19.1 99.0 99.00
2016 03 22 15 50  77  8.4 11.3  2.47  7.69  6.17  80 1018.7  24.9  25.5  19.4 99.0 99.00
2016 03 22 16 50  92  7.3  9.1  2.62  7.69  6.41  76 1018.2  24.8  25.5  19.8 99.0 99.00
2016 03 22 17 50  89  8.2  9.7  2.38  8.33  6.24  79 1017.2  25.0  25.6  20.2 99.0 99.00
2016 03 22 18 50  80  8.6 10.4  2.37  8.33  6.12  87 1016.8  25.0  25.6  20.3 99.0 99.00
2016 03 22 19 50  75  8.1  9.3  2.39  8.33  6.05  91 1017.0  25.2  25.5  18.7 99.0 99.00
2016 03 22 20 50  79  8.9 10.3  2.37  8.33  6.12  78 1017.3  25.1  25.5  18.6 99.0 99.00
2016 03 22 21 50  80  8.8 10.7  2.31  8.33  6.15  78 1017.4  25.0  25.5  19.3 99.0 99.00
2016 03 22 22 50  77  9.0 10.7  2.37  8.33  6.11  88 1018.0  24.9  25.5  19.6 99.0 99.00
2016 03 22 23 50  71  8.3 10.3  2.45  9.09  6.35  85 1018.6  24.9  25.5  19.9 99.0 99.00
2016 03 23 00 50  79  9.3 11.2  2.28  8.33  6.15  93 1019.1  24.9  25.5  19.7 99.0 99.00
2016 03 23 01 50  79  8.7 10.3  2.24  9.09  6.13  97 1019.2  24.9  25.4  19.6 99.0 99.00
2016 03 23 02 50  79  9.4 11.0  2.55  8.33  6.40  90 1019.2  24.8  25.4  19.4 99.0 99.00
2016 03 23 03 50  73  9.3 11.0  2.55  8.33  6.30  88 1018.7  24.8  25.4  19.4 99.0 99.00
2016 03 23 04 50  69  9.3 11.0  2.38  8.33  6.29  80 1018.2  24.6  25.4  19.5 99.0 99.00
2016 03 23 05 50  72  8.9 11.0  2.36  8.33  5.99  79 1017.8  24.6  25.4  19.6 99.0 99.00
2016 03 23 06 50  78  9.3 10.6  2.58  9.09  6.44  83 1017.5  24.6  25.4  19.4 99.0 99.00
2016 03 23 07 50  70 10.3 12.4  2.45  9.09  6.07  87 1017.4  24.5  25.4  19.0 99.0 99.00
2016 03 23 08 50  71  9.8 11.3  2.58  9.09  6.13  91 1017.7  24.5  25.4  18.7 99.0 99.00
2016 03 23 09 50  76  9.7 11.9  2.43  9.09  6.16  91 1018.1  24.7  25.4  17.9 99.0 99.00
2016 03 23 10 50  77  9.1 11.0  2.62  9.09  6.28  88 1018.8  24.7  25.4  18.4 99.0 99.00
2016 03 23 11 50  71  8.1  9.9  2.69  8.33  6.58  77 1019.3  24.9  25.4  17.8 99.0 99.00
2016 03 23 12 50  76  8.5 10.3  2.41  9.09  6.26  90 1019.5  24.8  25.4  17.8 99.0 99.00
2016 03 23 13 50  81  8.2  9.8  2.42  9.09  6.42  79 1019.4  25.0  25.5  18.5 99.0 99.00
2016 03 23 14 50  77  8.6 10.6  2.25  9.09  6.23  85 1018.9  24.9  25.5  19.2 99.0 99.00
2016 03 23 15 50  75  8.5 10.5  2.39  9.09  6.36  73 1018.3  25.0  25.5  19.6 99.0 99.00
2016 03 23 16 50  73  8.3  9.9  2.38  9.09  6.28  86 1017.5  24.9  25.5  19.0 99.0 99.00
2016 03 23 17 50  70  8.2  9.9  2.34  8.33  6.21  79 1016.8  24.9  25.5  19.7 99.0 99.00
2016 03 23 18 50  71  8.9 11.1  2.31  9.09  6.23  78 1016.3  24.9  25.5  19.5 99.0 99.00
2016 03 23 19 50  67  8.7 10.7  2.42  9.09  6.15  73 1016.3  24.9  25.5  19.1 99.0 99.00
2016 03 23 20 50  66  8.9 10.6  2.46  9.09  6.12  78 1016.5  24.9  25.5  19.3 99.0 99.00
2016 03 23 21 50  65  9.1 11.1  2.45  9.09  6.21  75 1016.8  24.8  25.5  19.3 99.0 99.00
2016 03 23 22 50  70  9.3 11.2  2.41  9.09  6.12  78 1017.5  24.9  25.5  19.0 99.0 99.00
2016 03 23 23 50  71  9.3 11.4  2.44  9.09  5.94  84 1018.0  24.9  25.4  19.3 99.0 99.00
2016 03 24 00 50  66  9.4 12.0  2.43  9.09  5.99  85 1018.3  24.8  25.4  19.6 99.0 99.00
2016 03 24 01 50  71  9.8 11.5  2.75  8.33  6.30  81 1018.5  24.7  25.4  19.3 99.0 99.00
2016 03 24 02 50  69  9.7 11.3  2.56  9.09  6.16  78 1018.2  24.7  25.4  18.9 99.0 99.00
2016 03 24 03 50  70  9.5 10.9  2.68  9.09  6.37  91 1017.4  24.6  25.4  18.6 99.0 99.00
2016 03 24 04 50  78  8.2 10.3  2.49  9.09  6.14  82 1016.7  24.5  25.4  19.2 99.0 99.00
2016 03 24 05 50  75  8.6  9.8  2.62  9.09  6.26  88 1016.0  24.5  25.4  19.4 99.0 99.00
2016 03 24 06 50  81  8.3 10.1  2.45  9.09  6.06  74 1015.9  24.1  25.4  19.4 99.0 99.00
2016 03 24 07 50  83 10.4 13.0  2.40  9.09  6.03  81 1015.8  24.6  25.4  19.0 99.0 99.00
2016 03 24 08 50  56  8.9 11.4  2.37 10.00  5.97  86 1016.5  23.7  25.4  19.3 99.0 99.00
2016 03 24 09 50  80  9.1 10.6  2.56  9.09  6.26  76 1017.1  24.6  25.4  18.6 99.0 99.00
2016 03 24 10 50  74 11.2 14.0  2.81  9.09  6.45  76 1017.7  23.0  25.4  18.8 99.0 99.00
2016 03 24 11 50  73  8.7 11.4  2.80  9.09  6.52  80 1018.3  23.8  25.4  19.2 99.0 99.00
2016 03 24 12 50  60 11.4 13.4  2.47  9.09  6.21  82 1018.3  22.6  25.4  20.0 99.0 99.00
2016 03 24 13 50  63 10.8 13.0  2.49  9.09  6.12  62 1017.9  23.1  25.4  20.0 99.0 99.00
2016 03 24 14 50  79  8.3 10.1  2.61  9.09  6.44  77 1017.8  23.6  25.4  19.1 99.0 99.00
2016 03 24 15 50  78  6.0  7.7  2.53 10.00  6.45  76 1016.8  24.1  25.5  19.5 99.0 99.00
2016 03 24 16 50  74  8.5 10.0  2.42  9.09  6.32  63 1015.8  24.7  25.5  19.1 99.0 99.00
2016 03 24 17 50  72  9.0 10.9  2.52  9.09  6.34  73 1015.0  24.9  25.5  18.8 99.0 99.00
2016 03 24 18 50  71  8.6 10.3  2.57  9.09  6.44  75 1014.9  24.7  25.5  19.2 99.0 99.00
2016 03 24 19 50  60  9.2 11.0  2.51  9.09  6.28  72 1015.1  24.7  25.4  19.6 99.0 99.00
2016 03 24 20 50  60  9.7 11.4  2.56  7.69  6.24  82 1015.5  24.8  25.4  19.0 99.0 99.00
2016 03 24 21 50  59  9.5 11.2  2.56  9.09  6.52  84 1016.2  24.8  25.4  18.9 99.0 99.00
2016 03 24 22 50  61  9.3 11.3  2.66 10.00  6.39  74 1016.8  24.8  25.4  18.7 99.0 99.00
2016 03 24 23 50  61  9.6 11.5  2.55  9.09  6.32  71 1017.3  24.7  25.4  19.6 99.0 99.00
2016 03 25 00 50  64  9.2 11.1  2.79  9.09  6.59  78 1017.9  24.7  25.4  19.5 99.0 99.00
2016 03 25 01 50  67  9.9 12.0  2.51  9.09  6.33  83 1017.8  24.8  25.4  18.7 99.0 99.00
2016 03 25 02 50  72  9.6 11.2  2.59  9.09  6.17  75 1017.7  24.7  25.3  18.7 99.0 99.00
2016 03 25 03 50  64  9.6 11.4  2.43 10.00  6.11  88 1017.4  24.6  25.3  17.9 99.0 99.00
2016 03 25 04 50  65  8.9 11.0  2.57 10.00  6.30  84 1016.8  24.3  25.3  18.5 99.0 99.00
2016 03 25 05 50  77  9.1 10.9  2.59  9.09  6.49  78 1016.4  24.5  25.3  17.8 99.0 99.00
2016 03 25 06 50  76  9.0 10.7  2.49  9.09  6.39  65 1015.9  24.3  25.3  18.5 99.0 99.00
2016 03 25 07 50  83  8.1  9.8  2.48  9.09  6.47  81 1016.4  24.4  25.3  18.8 99.0 99.00
2016 03 25 08 50  75  8.1  9.8  2.46 10.00  6.42  80 1016.7  24.3  25.3  18.9 99.0 99.00
2016 03 25 09 50  76  8.8 10.4  2.39 10.00  6.24  75 1016.9  24.5  25.3  18.6 99.0 99.00
2016 03 25 10 50  77  8.6 10.1  2.73  9.09  6.66  82 1017.5  24.6  25.3  18.9 99.0 99.00
2016 03 25 11 50  77  9.2 10.8  2.68  9.09  6.69  77 1018.1  24.7  25.3  18.7 99.0 99.00
2016 03 25 12 50  73  9.3 11.1  2.58  9.09  6.63  73 1018.3  24.6  25.4  19.3 99.0 99.00
2016 03 25 13 50  73  8.4 10.1  2.66  9.09  6.68  77 1018.4  24.7  25.4  19.7 99.0 99.00
2016 03 25 14 50  71  8.8 11.0  2.45  8.33  6.25  80 1017.8  24.7  25.4  19.5 99.0 99.00
2016 03 25 15 50  66  8.7 10.2  2.48  9.09  6.44  73 1017.1  24.8  25.4  18.7 99.0 99.00
2016 03 25 16 50  63  8.5 10.0  2.43  9.09  6.36  79 1016.3  24.8  25.4  18.9 99.0 99.00
2016 03 25 17 50  63  8.0  9.7  2.20  7.69  6.19  72 1015.9  24.8  25.4  19.4 99.0 99.00
2016 03 25 18 50  56  8.4  9.9  2.35  9.09  6.19  66 1015.6  24.7  25.4  19.6 99.0 99.00
2016 03 25 19 50  60  8.2  9.6  2.32  8.33  6.21  70 1015.7  24.7  25.4  19.5 99.0 99.00
2016 03 25 20 50  61  8.1 10.2  2.19  9.09  6.18  69 1016.0  24.7  25.4  19.8 99.0 99.00
2016 03 25 21 50  61  8.6 10.1  2.34  9.09  6.11  78 1016.6  24.7  25.4  19.8 99.0 99.00
2016 03 25 22 50  68  8.6 10.4  2.27  8.33  6.31  72 1017.3  24.7  25.3  19.8 99.0 99.00
2016 03 25 23 50  66  9.5 11.1  2.29  9.09  6.14  72 1017.8  24.8  25.3  19.9 99.0 99.00
2016 03 26 00 50  71  9.6 11.2  2.34  9.09  6.09  68 1018.4  24.8  25.3  19.6 99.0 99.00
2016 03 26 01 50  76  9.0 11.5  2.30  9.09  6.18  85 1018.6  24.8  25.3  19.5 99.0 99.00
2016 03 26 02 50  72  9.1 10.4  2.51  8.33  6.19  75 1018.5  24.7  25.3  19.8 99.0 99.00
2016 03 26 03 50  68  8.9 11.0  2.31  9.09  6.03  89 1018.0  24.6  25.3  20.0 99.0 99.00
2016 03 26 04 50  74  9.0 10.4  2.37  8.33  6.09  85 1017.3  24.5  25.3  20.1 99.0 99.00
2016 03 26 05 50  68  9.5 11.3  2.36  9.09  6.12  76 1016.5  24.5  25.3  19.9 99.0 99.00
2016 03 26 06 50  64  8.8 10.5  2.38  9.09  6.05  72 1016.2  24.0  25.2  20.4 99.0 99.00
2016 03 26 07 50  69  8.0  9.6  2.31 10.00  6.03  79 1016.3  24.3  25.2  20.3 99.0 99.00
2016 03 26 08 50  71  9.7 11.3  2.45  9.09  6.19  74 1016.4  24.5  25.2  19.8 99.0 99.00
2016 03 26 09 50  73  8.6 10.9  2.44  9.09  6.18  83 1017.1  24.6  25.2  20.1 99.0 99.00
2016 03 26 10 50  76  9.2 11.0  2.48  8.33  6.24  86 1017.8  24.6  25.2  19.6 99.0 99.00
2016 03 26 11 50  87  7.9 10.4  2.26  9.09  5.96  87 1018.6  24.4  25.2  20.2 99.0 99.00
2016 03 26 12 50  70  8.4 10.3  2.41  9.09  6.26  77 1018.8  24.8  25.2  20.3 99.0 99.00
2016 03 26 13 50  76  8.1  9.6  2.34  9.09  6.18  71 1019.1  24.8  25.3  20.0 99.0 99.00
2016 03 26 14 50  73  7.8  9.7  2.33  8.33  6.13  77 1018.6  24.9  25.3  19.7 99.0 99.00
2016 03 26 15 50  70  6.8  8.3  2.36  9.09  6.42  69 1017.8  24.8  25.3  19.6 99.0 99.00
2016 03 26 16 50  65  6.3  8.0  2.28  9.09  6.30  70 1017.2  25.0  25.4  19.9 99.0 99.00
2016 03 26 17 50  60  7.0  8.7  2.18  9.09  6.30  80 1016.7  25.0  25.5  20.1 99.0 99.00
2016 03 26 18 50  62  7.5  9.1  2.37  9.09  6.62  64 1016.5  24.9  25.4  20.4 99.0 99.00
2016 03 26 19 50  66  7.6  8.9  2.28  8.33  6.50  65 1016.7  24.9  25.4  20.6 99.0 99.00
2016 03 26 20 50  65  7.2  8.5  2.38  8.33  6.54  66 1017.0  24.9  25.4  20.9 99.0 99.00
2016 03 26 21 50  70  7.7  9.2  2.41  9.09  6.60  75 1017.3  25.0  25.4  20.7 99.0 99.00
2016 03 26 22 50  73  7.7  9.3  2.23  9.09  6.48  74 1017.8  25.0  25.3  21.1 99.0 99.00
2016 03 26 23 50  67  8.5 10.2  2.38  9.09  6.51  68 1018.1  25.1  25.3  20.6 99.0 99.00
2016 03 27 00 50  74  8.8 10.5  2.34  9.09  6.34  67 1018.7  25.0  25.3  20.5 99.0 99.00
2016 03 27 01 50  74  8.4  9.9  2.39  9.09  6.41  63 1018.6  25.0  25.3  20.2 99.0 99.00
2016 03 27 02 50  76  8.1 10.0  2.40  9.09  6.23  68 1018.3  24.9  25.3  20.7 99.0 99.00
2016 03 27 03 50  73  8.2 10.1  2.46  9.09  6.55  67 1017.8  24.8  25.3  20.5 99.0 99.00
2016 03 27 04 50  69  8.5 10.0  2.44  8.33  6.43  64 1016.9  24.7  25.3  19.7 99.0 99.00
2016 03 27 05 50  68  7.8  9.0  2.45  9.09  6.34  61 1016.5  24.5  25.2  20.0 99.0 99.00
2016 03 27 06 50  68  7.5  9.1  2.34  8.33  6.46  72 1016.2  24.6  25.2  20.3 99.0 99.00
2016 03 27 07 50  69  7.6  9.1  2.14  9.09  6.22  73 1016.2  24.5  25.2  20.1 99.0 99.00
2016 03 27 08 50  70  7.5  8.9  2.36  9.09  6.44  71 1016.5  24.5  25.2  20.4 99.0 99.00
2016 03 27 09 50  63  7.6  9.4  2.35  8.33  6.26  64 1016.6  24.5  25.2  20.2 99.0 99.00
2016 03 27 10 50  68  6.9  8.4  2.28  9.09  6.35  62 1017.1  24.6  25.3  20.2 99.0 99.00
2016 03 27 11 50  67  6.8  8.0  2.29  9.09  6.35  69 1017.6  24.7  25.3  20.0 99.0 99.00
2016 03 27 12 50  57  7.2  8.3  2.23  9.09  6.39  63 1017.8  24.6  25.3  20.7 99.0 99.00
2016 03 27 13 50  78  5.8  7.9  2.33  8.33  6.37  69 1017.9  24.3  25.4  21.0 99.0 99.00
2016 03 27 14 50  65  6.7  8.0  2.22  8.33  6.48  60 1017.5  24.7  25.4  20.8 99.0 99.00
2016 03 27 15 50  71  6.5  8.0  2.10 10.00  6.28  61 1016.8  24.7  25.4  20.7 99.0 99.00
2016 03 27 16 50  73  7.5  9.0  2.24  9.09  6.39  71 1016.0  24.9  25.4  20.4 99.0 99.00
2016 03 27 17 50  72  6.9  8.0  2.26  9.09  6.36  62 1015.6  24.9  25.4  20.3 99.0 99.00
2016 03 27 18 50  53  8.2 11.0  2.09  9.09  6.25  50 1015.1  23.5  25.4  20.4 99.0 99.00
2016 03 27 19 50  72  5.3  7.1  2.19  9.09  6.47  61 1015.6  22.8  25.4  20.6 99.0 99.00
2016 03 27 20 50  60  7.4  9.0  2.30  9.09  6.49  55 1015.7  24.8  25.3  20.3 99.0 99.00
2016 03 27 21 50  57  7.8  9.6  2.25  9.09  6.30  62 1016.0  24.8  25.3  20.4 99.0 99.00
2016 03 27 22 50  61  7.8 10.0  1.98  7.69  5.86  64 1016.5  24.7  25.3  20.5 99.0 99.00
2016 03 27 23 50  61  7.8  9.4  2.13  7.69  6.16  72 1017.0  24.7  25.3  20.2 99.0 99.00
2016 03 28 00 50  58  7.8  9.2  2.10  9.09  5.99  68 1017.6  24.7  25.3  20.4 99.0 99.00
2016 03 28 01 50  63  7.5  9.0  2.12  9.09  6.27  60 1017.6  24.6  25.3  20.4 99.0 99.00
2016 03 28 02 50  72  7.5  9.0  2.17  9.09  6.19  73 1017.4  24.5  25.3  20.4 99.0 99.00
2016 03 28 03 50  66  7.1  8.4  1.93  9.09  5.87  64 1016.6  24.4  25.3  20.8 99.0 99.00
2016 03 28 04 50  71  6.4  7.6  2.08  9.09  6.16  69 1016.0  24.4  25.2  20.6 99.0 99.00
2016 03 28 05 50  71  5.7  7.1  2.00  9.09  6.34  65 1015.5  24.4  25.2  20.9 99.0 99.00
2016 03 28 06 50  76  7.6  9.1  1.94  9.09  6.16  70 1015.3  24.7  25.2  20.2 99.0 99.00
2016 03 28 07 50  73  6.6  8.0  2.16  9.09  6.40  68 1015.6  24.5  25.2  20.4 99.0 99.00
2016 03 28 08 50  70  7.0  8.2  1.87  9.09  6.18  61 1015.9  24.5  25.2  20.4 99.0 99.00
2016 03 28 09 50  67  6.5  8.0  1.95  9.09  6.30  68 1016.3  24.6  25.2  20.8 99.0 99.00
2016 03 28 10 50  67  7.1  8.5  2.10  9.09  6.29  70 1016.5  24.7  25.2  20.2 99.0 99.00
2016 03 28 11 50  70  6.7  8.4  1.92  8.33  6.11  74 1017.0  24.7  25.3  20.5 99.0 99.00
2016 03 28 12 50  71  6.8  7.9  1.96  9.09  6.27  60 1017.0  24.8  25.3  20.5 99.0 99.00
2016 03 28 13 50  82  6.7  7.8  2.00  9.09  6.34  76 1017.2  24.8  25.4  20.3 99.0 99.00
2016 03 28 14 50  72  6.6  8.2  1.82  8.33  6.18  79 1016.9  24.9  25.4  20.5 99.0 99.00
2016 03 28 15 50  76  7.4  8.8  1.98  9.09  6.37  70 1016.3  24.9  25.4  20.4 99.0 99.00
2016 03 28 16 50  81  7.1  8.1  2.02  9.09  6.16  66 1015.7  24.9  25.4  20.5 99.0 99.00
2016 03 28 17 50  73  6.9  8.3  1.94  9.09  6.17  74 1015.2  24.9  25.4  20.4 99.0 99.00
2016 03 28 18 50  73  6.9  7.8  2.06  9.09  6.44  55 1014.9  24.9  25.4  20.3 99.0 99.00
2016 03 28 19 50  74  6.6  7.9  2.16  8.33  6.42  67 1014.9  24.9  25.4  20.5 99.0 99.00
2016 03 28 20 50  68  7.2  8.4  1.98  9.09  6.39  52 1015.2  24.9  25.4  20.6 99.0 99.00
2016 03 28 21 50  66  6.9  8.2  2.23  8.33  6.49  59 1016.1  24.9  25.4  20.9 99.0 99.00
2016 03 28 22 50  62  7.7  9.0  1.99  9.09  6.24  59 1016.5  24.9  25.4  20.8 99.0 99.00
2016 03 28 23 50  64  7.9  9.7  2.00  8.33  6.21  63 1017.1  24.8  25.3  21.1 99.0 99.00
2016 03 29 00 50  65  8.8 10.3  2.18  9.09  6.50  61 1017.5  24.8  25.4  21.1 99.0 99.00
2016 03 29 01 50  58  9.4 11.6  2.09  9.09  6.40  73 1017.4  24.8  25.4  21.1 99.0 99.00
2016 03 29 02 50  62  8.9 10.5  2.30  8.33  6.45  63 1017.0  24.7  25.4  20.7 99.0 99.00
2016 03 29 03 50  64  8.5  9.8  2.23 10.00  6.14  31 1016.7  24.7  25.4  20.4 99.0 99.00
2016 03 29 04 50  64  8.2  9.6  2.35  9.09  6.42  65 1016.0  24.6  25.4  20.5 99.0 99.00
2016 03 29 05 50  65  8.0  9.3  2.10  9.09  6.07  60 1015.5  24.6  25.4  20.4 99.0 99.00
2016 03 29 06 50  48  6.9  8.0  2.20  9.09  6.45  75 1015.3  24.4  25.4  21.0 99.0 99.00
2016 03 29 07 50  61  8.7 10.3  2.32  8.33  6.38  63 1015.3  24.6  25.4  20.4 99.0 99.00
2016 03 29 08 50  60  8.5  9.9  2.12  8.33  6.25  70 1015.5  24.5  25.4  20.5 99.0 99.00
2016 03 29 09 50  59  9.2 11.3  2.20  7.69  6.14  66 1015.9  24.7  25.4  20.3 99.0 99.00
2016 03 29 10 50  68  8.6 10.1  2.38  8.33  6.39  68 1017.0  24.8  25.4  20.0 99.0 99.00
2016 03 29 11 50  62  9.3 11.0  2.20  8.33  6.05  69 1017.5  24.8  25.4  20.4 99.0 99.00
2016 03 29 12 50  54  9.6 11.1  2.21  9.09  6.06  53 1017.4  24.8  25.4  20.7 99.0 99.00
2016 03 29 13 50  51  8.9 10.3  2.27  9.09  6.07  60 1017.6  24.8  25.4  20.7 99.0 99.00
2016 03 29 14 50  60  9.8 12.0  2.33  8.33  6.24  60 1017.1  24.9  25.4  20.0 99.0 99.00
2016 03 29 15 50  64  9.5 11.6  2.22  9.09  6.02  57 1016.4  25.0  25.4  20.1 99.0 99.00
2016 03 29 16 50  63  9.6 11.3  2.15  9.09  6.07  48 1015.9  24.8  25.4  20.3 99.0 99.00
2016 03 29 17 50  64  9.3 11.6  2.17  7.69  5.92  66 1015.6  25.0  25.4  19.6 99.0 99.00
2016 03 29 18 50  68  9.3 10.9  2.22  8.33  5.90  64 1015.8  24.9  25.4  20.2 99.0 99.00
2016 03 29 19 50  62  8.9 10.5  2.35  8.33  6.10  67 1016.1  24.8  25.4  20.2 99.0 99.00
2016 03 29 20 50  71  9.4 10.9  2.21  9.09  5.99  63 1016.5  25.0  25.4  19.7 99.0 99.00
2016 03 29 21 50  76  8.9 10.5  2.24  9.09  5.93  67 1016.7  24.9  25.3  20.0 99.0 99.00
2016 03 29 22 50  77  9.0 10.8  2.33  8.33  6.05  69 1016.9  24.9  25.3  20.4 99.0 99.00
2016 03 29 23 50  77  8.7 11.0  2.19  8.33  6.02  70 1017.4  24.9  25.3  20.3 99.0 99.00
2016 03 30 00 50  78  8.8 10.0  2.26  6.67  5.97  83 1017.8  24.8  25.3  20.3 99.0 99.00
2016 03 30 01 50  76  8.1  9.6  2.27  9.09  6.11  56 1017.7  24.8  25.3  20.7 99.0 99.00
2016 03 30 02 50  73  7.9  9.4  2.23  7.69  6.13  76 1017.4  24.7  25.3  21.1 99.0 99.00
2016 03 30 03 50  77  7.8  9.1  2.33  8.33  6.17  71 1017.1  24.7  25.3  20.5 99.0 99.00
2016 03 30 04 50  68  8.1  9.6  2.06  7.14  5.94  79 1016.4  24.7  25.3  20.9 99.0 99.00
2016 03 30 05 50  60  7.9  9.4  2.05  7.69  5.91  70 1016.0  24.7  25.2  20.9 99.0 99.00
2016 03 30 06 50  61  8.4 10.5  1.97  7.14  5.91  67 1016.0  24.6  25.3  21.0 99.0 99.00
2016 03 30 07 50  52  8.4  9.8  2.13  8.33  5.90  64 1016.3  24.6  25.2  21.1 99.0 99.00
2016 03 30 08 50  58  8.6 10.3  1.89  9.09  5.78  57 1016.6  24.7  25.2  21.1 99.0 99.00
2016 03 30 09 50  79  7.5  9.0  2.08  7.14  6.02  73 1017.3  24.6  25.2  21.6 99.0 99.00
2016 03 30 10 50  77  9.7 11.0  2.03  8.33  5.68  62 1017.7  25.0  25.2  20.8 99.0 99.00
2016 03 30 11 50  75  9.5 11.4  2.18  8.33  5.88  70 1018.4  25.0  25.3  21.0 99.0 99.00
2016 03 30 12 50  77  9.9 11.5  2.26  6.67  5.89  68 1018.4  25.0  25.3  20.4 99.0 99.00
2016 03 30 13 50  80  9.2 10.7  2.34  7.69  6.02  71 1018.5  25.0  25.3  20.3 99.0 99.00
2016 03 30 14 50  79  9.0 11.0  2.28  6.67  5.81  65 1018.1  25.0  25.4  20.8 99.0 99.00
2016 03 30 15 50  80  8.7  9.9  2.29  7.69  5.80  76 1017.5  25.0  25.4  20.2 99.0 99.00
2016 03 30 16 50  82  8.4 10.3  2.18  8.33  6.03  85 1016.9  25.0  25.4  20.8 99.0 99.00
2016 03 30 17 50  83  9.0 11.1  2.37  6.67  6.19  80 1016.3  25.0  25.4  20.7 99.0 99.00
2016 03 30 18 50  77  9.2 11.1  2.21  7.14  5.97  76 1016.1  25.0  25.4  20.2 99.0 99.00
2016 03 30 19 50  73  8.9 10.5  2.24  7.14  5.92  78 1016.6  24.9  25.4  20.2 99.0 99.00
2016 03 30 20 50  73  8.8 10.5  2.11  7.14  5.89  82 1017.1  25.0  25.4  20.2 99.0 99.00
2016 03 30 21 50  80  8.1  9.2  2.22  8.33  5.91  65 1018.0  24.9  25.4  20.6 99.0 99.00
2016 03 30 22 50  75  9.9 11.7  2.39  8.33  6.07  80 1018.1  24.9  25.4  20.5 99.0 99.00
2016 03 30 23 50  75  9.5 11.3  2.37  9.09  5.95  78 1018.6  24.9  25.4  20.1 99.0 99.00
2016 03 31 00 50  70  9.1 10.8  2.18  7.14  5.92  68 1019.2  24.9  25.3  20.0 99.0 99.00
2016 03 31 01 50  70  9.6 11.1  2.45  7.69  6.09  88 1019.2  24.8  25.3  19.8 99.0 99.00
2016 03 31 02 50  63  8.8 10.8  2.42  8.33  6.15  76 1019.0  24.7  25.3  19.7 99.0 99.00
2016 03 31 03 50  58  9.1 11.1  2.39  8.33  6.17  78 1018.5  24.7  25.3  20.3 99.0 99.00
2016 03 31 04 50  63  9.4 11.3  2.35  7.69  6.00  84 1018.0  24.6  25.3  19.6 99.0 99.00
2016 03 31 05 50  67  9.4 11.6  2.44  8.33  6.15  68 1017.4  24.7  25.3  19.6 99.0 99.00
2016 03 31 06 50  67 10.2 12.4  2.38  7.69  6.23  75 1017.4  24.7  25.3  19.3 99.0 99.00
2016 03 31 07 50  70  9.9 11.9  2.30  8.33  5.92  78 1017.6  24.8  25.3  19.5 99.0 99.00
2016 03 31 08 50  77  9.6 11.4  2.43  7.69  6.15  80 1018.3  24.6  25.3  19.4 99.0 99.00
2016 03 31 09 50  74 10.4 12.3  2.37  8.33  6.00  87 1018.6  24.6  25.3  19.3 99.0 99.00
2016 03 31 10 50  60  9.4 11.0  2.48  8.33  6.00  65 1019.2  24.7  25.3  18.9 99.0 99.00
2016 03 31 11 50  67  8.5 10.0  2.58  8.33  6.25  83 1019.6  24.8  25.3  19.2 99.0 99.00
2016 03 31 12 50  74  8.0  9.5  2.33  7.14  6.07  73 1019.9  24.4  25.3  20.1 99.0 99.00
2016 03 31 13 50  77  9.3 11.4  2.35  7.69  6.14  84 1019.5  25.0  25.4  19.3 99.0 99.00
2016 03 31 14 50  72  8.0  9.5  2.46  8.33  6.11  79 1019.3  24.9  25.4  19.8 99.0 99.00
2016 03 31 15 50  69  8.8 10.5  2.55  8.33  6.33  70 1018.6  24.8  25.4  19.8 99.0 99.00
2016 03 31 16 50  70  8.7 10.1  2.29  8.33  6.13  75 1017.9  24.8  25.4  19.7 99.0 99.00
2016 03 31 17 50  72  8.0  9.6  2.17  8.33  6.25  81 1017.3  24.9  25.4  20.0 99.0 99.00
2016 03 31 18 50  73  7.8  9.5  2.46  7.69  6.28  67 1017.2  24.6  25.4  20.9 99.0 99.00
2016 03 31 19 50  59  8.9 10.4  2.25  8.33  5.99  66 1017.5  24.9  25.4  20.0 99.0 99.00
2016 03 31 20 50  58  9.0 10.6  2.32  8.33  6.20  65 1018.0  24.8  25.4  20.0 99.0 99.00
2016 03 31 21 50  65  9.2 10.7  2.28  8.33  6.07  73 1018.6  24.8  25.3  19.6 99.0 99.00
2016 03 31 22 50  66  8.5 10.8  2.43  8.33  6.17  73 1019.2  24.7  25.3  19.5 99.0 99.00
