#YY  MM DD hh mm WDIR WSPD GST  WVHT   DPD   APD MWD   PRES  ATMP  WTMP  DEWP  VIS  TIDE
#yr  mo dy hr mn degT m/s  m/s     m   sec   sec deg    hPa  degC  degC  degC  nmi    ft
2015 12 31 23 50  62  9.5 11.1  2.92  8.33  6.73  72 1018.3  25.6  26.2  20.2 99.0 99.00
2016 01 01 00 50  64  9.3 10.7  2.63  8.33  6.49  81 1018.3  25.6  26.2  19.9 99.0 99.00
2016 01 01 01 50  63  9.3 11.2  2.47  9.09  6.35  82 1018.0  25.5  26.2  20.0 99.0 99.00
2016 01 01 02 50  65  9.8 11.8  2.61  9.09  6.61  85 1017.5  25.4  26.2  19.9 99.0 99.00
2016 01 01 03 50  74  9.7 11.4  2.75  8.33  6.54  77 1017.0  25.5  26.2  20.3 99.0 99.00
2016 01 01 04 50  71  9.2 10.8  2.71  9.09  6.53  94 1016.3  25.3  26.2  19.6 99.0 99.00
2016 01 01 06 50  74  8.7 10.4  2.70  8.33  6.80  68 1015.2  25.2  26.2  19.7 99.0 99.00
2016 01 01 07 50  76  8.9 10.3  2.75  9.09  6.76  82 1015.2  25.2  26.2  19.4 99.0 99.00
2016 01 01 08 50  74  8.3  9.9  2.71  9.09  6.68  85 1015.4  25.3  26.2  20.0 99.0 99.00
2016 01 01 09 50  76  9.4 11.2  2.55  9.09  6.69  82 1015.7  25.4  26.1  19.8 99.0 99.00
2016 01 01 10 50  85  9.6 11.3  2.71  9.09  6.81  77 1016.7  25.5  26.2  19.3 99.0 99.00
2016 01 01 11 50  74  9.0 11.4  2.81 14.81  6.92  30 1017.4  25.6  26.2  19.7 99.0 99.00
2016 01 01 12 50  76  9.7 11.8  2.79  9.09  6.83  94 1017.6  25.7  26.2  20.2 99.0 99.00
2016 01 01 13 50  72 10.6 12.3  2.76  9.09  6.65  85 1017.4  25.7  26.2  19.6 99.0 99.00
2016 01 01 14 50  67  9.4 11.5  2.97 13.79  6.57 356 1017.0  25.6  26.2  20.0 99.0 99.00
2016 01 01 15 50  72 10.2 12.3  2.92  9.09  6.87  86 1016.0  25.7  26.2  19.3 99.0 99.00
2016 01 01 16 50  70  9.1 11.0  2.96 14.81  7.10   8 1015.2  25.7  26.2  19.8 99.0 99.00
2016 01 01 17 50  73  9.9 11.9  2.90 14.81  7.05  19 1014.8  25.7  26.2  19.0 99.0 99.00
2016 01 01 18 50  72  9.4 11.3  2.97 14.81  7.07  17 1014.6  25.8  26.2  18.9 99.0 99.00
2016 01 01 19 50  73  9.3 11.1  2.94 13.79  6.95 353 1014.9  25.8  26.2  19.2 99.0 99.00
2016 01 01 20 50  77  9.5 11.8  3.00 12.90  7.17  15 1015.4  25.6  26.2  19.7 99.0 99.00
2016 01 01 21 50  70 10.0 12.1  3.24 14.81  7.18  17 1016.0  25.6  26.2  20.1 99.0 99.00
2016 01 01 22 50  72 10.3 12.8  2.86 13.79  6.92  10 1016.8  25.7  26.2  19.6 99.0 99.00
2016 01 01 23 50  71 10.1 12.1  3.04  8.33  7.02  86 1017.3  25.7  26.2  19.7 99.0 99.00
2016 01 02 00 50  74 10.5 12.5  3.22 12.90  7.11  16 1017.4  25.7  26.2  19.3 99.0 99.00
2016 01 02 01 50  76  9.4 11.6  3.09 12.90  7.13  11 1017.5  25.6  26.2  19.2 99.0 99.00
2016 01 02 02 50  75  9.3 11.8  2.95  8.33  6.77  76 1017.1  25.6  26.2  19.0 99.0 99.00
2016 01 02 03 50  75  9.3 11.0  2.94 12.12  7.02   1 1016.6  25.5  26.2  19.1 99.0 99.00
2016 01 02 04 50  78  9.7 11.7  2.85  9.09  7.03  81 1015.8  25.4  26.2  19.3 99.0 99.00
2016 01 02 05 50  70  9.5 11.1  2.91  7.14  6.63  79 1015.1  25.4  26.2  19.3 99.0 99.00
2016 01 02 06 50  76  9.2 11.9  2.89  9.09  6.73  79 1014.9  25.4  26.1  19.4 99.0 99.00
2016 01 02 07 50  78  8.6 11.0  2.79  9.09  6.78  88 1015.1  25.3  26.2  19.3 99.0 99.00
2016 01 02 08 50  79 10.3 12.2  2.84  9.09  6.91  73 1015.1  25.4  26.1  19.4 99.0 99.00
2016 01 02 09 50  81  9.9 12.2  3.06  8.33  6.93  78 1016.0  25.5  26.1  20.1 99.0 99.00
2016 01 02 10 50  78 10.5 12.3  3.08  8.33  7.01  80 1016.8  25.7  26.1  19.3 99.0 99.00
2016 01 02 11 50  76  9.7 11.3  2.99  9.09  6.86  78 1017.7  25.6  26.1  19.7 99.0 99.00
2016 01 02 12 50  81  9.6 11.7  2.83  9.09  6.86  92 1017.9  25.7  26.2  19.5 99.0 99.00
2016 01 02 13 50  81  9.4 11.3  2.84  8.33  6.80  77 1017.6  25.6  26.2  19.6 99.0 99.00
2016 01 02 14 50  78  9.1 11.1  3.01  9.09  7.05  77 1016.8  25.6  26.2  19.7 99.0 99.00
2016 01 02 15 50  78  8.6 10.4  2.67  8.33  6.76  84 1016.1  25.6  26.2  19.5 99.0 99.00
2016 01 02 16 50  88  8.5 10.1  2.89  9.09  7.09  73 1015.6  25.7  26.2  19.1 99.0 99.00
2016 01 02 17 50  79  8.0 10.0  3.04  9.09  7.25  75 1015.2  25.7  26.2  19.9 99.0 99.00
2016 01 02 18 50  85  7.5  9.0  3.16  9.09  7.15  80 1015.4  25.7  26.2  20.2 99.0 99.00
2016 01 02 19 50  83  8.2 10.2  2.74  9.09  6.94  74 1015.2  25.7  26.2  20.2 99.0 99.00
2016 01 02 20 50  84  8.8 10.8  2.86  8.33  6.84  78 1015.6  25.7  26.2  20.1 99.0 99.00
2016 01 02 21 50  78  9.4 11.2  2.60  8.33  6.81  78 1016.0  25.7  26.2  19.9 99.0 99.00
2016 01 02 22 50  74  9.3 11.1  2.75  9.09  6.88  72 1016.5  25.7  26.1  20.2 99.0 99.00
2016 01 02 23 50  80 10.2 12.3  2.62  9.09  6.69  81 1017.1  25.6  26.1  19.8 99.0 99.00
2016 01 03 00 50  73  9.4 11.5  2.73  9.09  6.85  96 1017.4  25.5  26.1  19.9 99.0 99.00
2016 01 03 01 50  74  9.0 10.4  2.86  9.09  7.01  75 1017.3  25.6  26.1  19.9 99.0 99.00
2016 01 03 02 50  79  8.2 10.3  3.02  9.09  7.06  85 1017.2  25.4  26.1  20.3 99.0 99.00
2016 01 03 03 50  77  9.3 11.2  2.65 14.81  6.89  14 1016.6  25.4  26.1  20.1 99.0 99.00
2016 01 03 04 50  83  9.2 11.5  2.76  9.09  6.63  79 1016.1  25.5  26.1  20.2 99.0 99.00
2016 01 03 05 50  78  9.1 10.7  2.81  9.09  6.63  82 1015.6  25.4  26.1  20.1 99.0 99.00
2016 01 03 06 50  74  9.7 11.5  2.84  9.09  6.63  71 1015.3  25.2  26.1  19.3 99.0 99.00
2016 01 03 07 50  78  9.3 11.4  2.63  8.33  6.44  81 1015.6  25.4  26.1  18.3 99.0 99.00
2016 01 03 08 50  79  9.7 11.5  2.67  9.09  6.55  79 1015.8  25.3  26.1  19.4 99.0 99.00
2016 01 03 09 50  67  9.0 10.5  2.92  9.09  6.90  82 1016.5  25.1  26.1  20.3 99.0 99.00
2016 01 03 10 50  81  8.7 10.6  2.79  8.33  6.81  83 1017.2  25.3  26.1  19.8 99.0 99.00
2016 01 03 11 50  71  9.0 10.3  2.83  9.09  6.94  68 1018.1  25.5  26.1  19.9 99.0 99.00
2016 01 03 12 50  72  9.3 11.6  2.86  9.09  6.94  86 1018.3  25.5  26.1  20.5 99.0 99.00
2016 01 03 13 50  73  9.0 11.1  3.01 14.81  6.99  19 1018.2  25.6  26.1  20.2 99.0 99.00
2016 01 03 14 50  73  9.9 11.7  2.85 14.81  6.84  31 1017.5  25.6  26.1  20.5 99.0 99.00
2016 01 03 15 50  77  8.6 10.2  2.81 14.81  6.94  13 1017.1  25.8  26.1  19.9 99.0 99.00
2016 01 03 16 50  74  9.8 11.7  3.30 14.81  7.21  25 1016.1  25.7  26.2  19.4 99.0 99.00
2016 01 03 17 50  77  9.3 11.0  2.88 13.79  6.75  21 1015.7  25.8  26.2  19.1 99.0 99.00
2016 01 03 18 50  82  8.5 10.4  3.04 14.81  7.20  31 1015.9  25.8  26.2  19.4 99.0 99.00
2016 01 03 19 50  73  8.7 10.7  2.90 14.81  7.10  44 1016.1  25.7  26.1  19.9 99.0 99.00
2016 01 03 20 50  81  9.4 11.7  2.99  8.33  6.77  86 1016.7  25.7  26.1  19.5 99.0 99.00
2016 01 03 21 50  75  9.6 11.4  2.68  8.33  6.69  88 1017.2  25.7  26.1  20.0 99.0 99.00
2016 01 03 22 50  77 10.6 12.7  3.23  8.33  7.19  84 1017.4  25.7  26.1  19.4 99.0 99.00
2016 01 03 23 50  71  9.9 11.9  2.88  9.09  6.71  77 1017.9  25.6  26.1  19.7 99.0 99.00
2016 01 04 00 50  70 10.3 12.8  2.87  9.09  6.67  71 1018.1  25.6  26.1  19.9 99.0 99.00
2016 01 04 01 50  75  9.4 11.4  3.11  9.09  6.84  86 1018.0  25.6  26.1  19.7 99.0 99.00
2016 01 04 02 50  75 10.0 12.3  2.89  8.33  6.65  90 1017.2  25.6  26.1  19.7 99.0 99.00
2016 01 04 03 50  85  9.2 11.2  2.85  9.09  6.86  79 1017.1  25.5  26.1  19.5 99.0 99.00
2016 01 04 04 50  75  9.9 12.3  2.88  8.33  6.68  75 1016.0  25.3  26.0  20.3 99.0 99.00
2016 01 04 06 50  73 10.1 11.8  2.92  9.09  6.60  80 1015.5  25.5  26.1  19.0 99.0 99.00
2016 01 04 07 50  72 10.9 12.8  3.12  8.33  6.73  79 1015.4  25.3  26.1  19.1 99.0 99.00
2016 01 04 08 50  77 10.8 13.6  3.23  8.33  6.89  75 1015.4  25.4  26.1  18.9 99.0 99.00
2016 01 04 09 50  75 10.6 12.4  3.07  7.69  6.61  95 1016.3  25.4  26.1  19.1 99.0 99.00
2016 01 04 10 50  72 11.3 13.6  3.16  9.09  6.64  79 1017.0  25.6  26.1  19.0 99.0 99.00
2016 01 04 11 50  84 10.2 12.2  3.11  8.33  6.46  81 1018.0  25.5  26.1  20.2 99.0 99.00
2016 01 04 12 50  71 10.3 12.1  2.98  9.09  6.50  71 1017.8  25.7  26.1  19.3 99.0 99.00
2016 01 04 13 50  81  9.9 12.5  3.05  9.09  6.60  82 1017.8  25.8  26.1  18.8 99.0 99.00
2016 01 04 14 50  80  9.9 12.6  2.88  9.09  6.44  75 1017.2  25.8  26.1  19.6 99.0 99.00
2016 01 04 15 50  78  9.9 12.0  3.00  8.33  6.58  92 1016.3  25.6  26.2  20.5 99.0 99.00
2016 01 04 16 50  81  9.4 11.4  2.87  9.09  6.59  81 1016.1  25.6  26.2  20.2 99.0 99.00
2016 01 04 17 50  84  9.3 11.3  2.87  8.33  6.56  85 1015.7  25.7  26.2  20.3 99.0 99.00
2016 01 04 18 50  76  9.3 11.3  2.91  8.33  6.64  84 1015.8  25.8  26.2  20.2 99.0 99.00
2016 01 04 19 50  76  9.8 12.0  2.86  9.09  6.60  81 1015.9  25.8  26.2  19.6 99.0 99.00
2016 01 04 20 50  74  9.4 11.3  2.98  9.09  6.81  85 1016.1  25.7  26.1  19.8 99.0 99.00
2016 01 04 21 50  76  9.5 11.4  3.18  9.09  6.91  76 1016.6  25.7  26.1  19.6 99.0 99.00
2016 01 04 22 50  76  9.5 12.0  3.02  8.33  6.68  91 1017.3  25.6  26.1  20.6 99.0 99.00
2016 01 04 23 50  71 10.4 12.5  3.02  8.33  6.51  82 1017.7  25.7  26.1  20.4 99.0 99.00
2016 01 05 00 50  79 10.3 12.7  3.10  9.09  6.51  86 1017.9  25.7  26.1  19.5 99.0 99.00
2016 01 05 01 50  78 10.7 13.1  3.14  9.09  6.77  83 1017.7  25.6  26.1  20.0 99.0 99.00
2016 01 05 02 50  76 11.0 13.2  3.10  9.09  6.76  87 1017.1  25.4  26.1  19.9 99.0 99.00
2016 01 05 03 50  83 10.5 12.8  3.15  8.33  6.63  86 1016.7  25.5  26.1  19.7 99.0 99.00
2016 01 05 04 50  74 11.2 13.9  3.11  8.33  6.58  88 1016.0  25.5  26.1  19.8 99.0 99.00
2016 01 05 05 50  76 11.8 15.7  3.07  9.09  6.58  84 1015.4  25.5  26.1  19.5 99.0 99.00
2016 01 05 06 50  78 10.1 12.2  3.06 10.00  6.41  76 1015.6  25.5  26.1  19.4 99.0 99.00
2016 01 05 07 50  82 11.6 14.5  2.93  8.33  6.39  77 1015.9  25.6  26.1  19.6 99.0 99.00
2016 01 05 08 50  79 10.3 13.0  3.30  9.09  6.72  90 1016.5  25.5  26.1  19.7 99.0 99.00
2016 01 05 09 50  71 10.7 13.8  2.83  9.09  6.34  80 1017.2  24.9  26.1  20.4 99.0 99.00
2016 01 05 10 50  78 11.3 13.5  3.27  9.09  6.63  84 1018.1  25.7  26.1  19.8 99.0 99.00
2016 01 05 11 50  80 10.9 12.9  3.06  9.09  6.47  82 1018.9  25.8  26.1  20.1 99.0 99.00
2016 01 05 12 50  69 11.9 14.4  3.30  9.09  6.52  72 1018.8  25.5  26.2  19.9 99.0 99.00
2016 01 05 13 50  81 11.1 13.7  3.33  9.09  6.71  74 1018.8  25.7  26.2  20.1 99.0 99.00
2016 01 05 14 50  76 10.8 13.3  3.16  9.09  6.74  84 1018.2  25.7  26.2  19.8 99.0 99.00
2016 01 05 15 50  81 10.5 13.1  3.20 10.00  6.73  74 1017.0  25.6  26.2  20.3 99.0 99.00
2016 01 05 16 50  70  8.7 11.5  3.02  9.09  6.70  74 1016.1  25.0  26.2  20.5 99.0 99.00
2016 01 05 17 50  73 11.1 15.2  3.06  9.09  6.58  74 1015.3  25.3  26.2  20.2 99.0 99.00
2016 01 05 18 50  76 10.0 11.6  3.51 10.00  6.95  77 1015.7  25.6  26.2  19.9 99.0 99.00
2016 01 05 19 50  83 10.4 11.9  2.94 10.00  6.61  75 1015.8  25.7  26.1  19.8 99.0 99.00
2016 01 05 20 50  91  9.5 11.0  3.17 10.00  6.97  91 1016.4  25.7  26.1  20.1 99.0 99.00
2016 01 05 21 50  78  9.3 11.8  2.92  9.09  6.76  90 1016.7  25.6  26.1  20.3 99.0 99.00
2016 01 05 22 50  73  9.3 11.4  2.94  9.09  6.69  86 1016.9  25.3  26.1  21.1 99.0 99.00
2016 01 05 23 50  87 10.0 12.2  2.81 10.00  6.58  83 1017.2  25.6  26.1  20.1 99.0 99.00
2016 01 06 00 50  88  9.9 11.8  2.90 10.00  6.39  85 1017.4  25.6  26.1  19.8 99.0 99.00
2016 01 06 01 50  85 10.2 12.7  2.97 10.00  6.65  83 1017.0  25.5  26.1  19.9 99.0 99.00
2016 01 06 02 50  87  9.6 11.3  2.93  9.09  6.64  84 1016.9  25.4  26.1  20.0 99.0 99.00
2016 01 06 03 50  86  9.4 11.3  2.95  9.09  6.77  81 1016.8  25.3  26.0  20.2 99.0 99.00
2016 01 06 04 50  75  9.9 11.8  2.90 10.00  6.71  84 1015.9  25.4  26.0  19.9 99.0 99.00
2016 01 06 05 50  83  8.7 10.6  2.81 10.00  6.73  89 1016.0  25.3  26.0  19.5 99.0 99.00
2016 01 06 06 50  83  8.0  9.5  2.89 10.00  6.88  82 1016.2  25.3  26.0  19.9 99.0 99.00
2016 01 06 07 50  73  7.7  9.8  2.68 10.00  6.68  75 1016.4  25.0  26.0  20.5 99.0 99.00
2016 01 06 08 50  83  9.3 11.0  2.71  9.09  6.75  77 1016.6  25.2  25.9  20.3 99.0 99.00
2016 01 06 09 50  81 10.0 12.2  2.83 10.00  6.75  78 1017.1  25.4  25.9  20.0 99.0 99.00
2016 01 06 10 50  83  7.7  9.4  2.81 10.00  6.59  78 1018.3  25.5  25.9  20.4 99.0 99.00
2016 01 06 11 50  79  8.3  9.9  2.54  9.09  6.50  78 1019.1  25.5  26.0  20.4 99.0 99.00
2016 01 06 13 50  79  8.7 10.2  2.74 10.00  6.84  90 1018.9  25.5  26.0  20.4 99.0 99.00
2016 01 06 14 50  75  8.1 10.0  2.63 10.00  6.65  82 1018.1  25.6  26.0  20.6 99.0 99.00
2016 01 06 15 50  74  8.2  9.4  2.89 10.00  6.93  78 1017.5  25.8  26.0  20.2 99.0 99.00
2016 01 06 16 50  78  7.0  8.5  2.77 10.00  7.12  79 1016.9  25.6  26.0  20.4 99.0 99.00
2016 01 06 17 50  82  7.1  9.0  2.60 10.00  6.79  81 1016.4  25.5  26.0  20.5 99.0 99.00
2016 01 06 18 50  81  7.5  9.0  2.50 10.00  6.57  71 1016.0  25.6  26.0  20.1 99.0 99.00
2016 01 06 19 50  75  7.7  9.2  2.64  9.09  6.75  81 1016.4  25.6  26.0  20.8 99.0 99.00
2016 01 06 20 50  74  8.0 10.2  2.29  9.09  6.37  69 1016.5  25.5  25.9  20.8 99.0 99.00
2016 01 06 21 50  69  8.4 10.2  2.46 10.00  6.61  82 1017.0  25.5  25.9  20.8 99.0 99.00
2016 01 06 22 50  73  8.4 10.2  2.35  9.09  6.43  73 1017.7  25.4  25.9  20.9 99.0 99.00
2016 01 06 23 50  75  8.3  9.5  2.49 10.00  6.74  79 1018.2  25.5  25.9  20.3 99.0 99.00
2016 01 07 00 50  77  8.8 10.4  2.30  9.09  6.57  76 1018.3  25.4  25.9  20.5 99.0 99.00
2016 01 07 01 50  74  8.4  9.9  2.14 10.00  6.27  84 1018.1  25.3  25.9  20.6 99.0 99.00
2016 01 07 02 50  78  7.7  9.9  2.13  8.33  6.15  86 1017.9  25.3  26.0  20.6 99.0 99.00
2016 01 07 03 50  69  7.7  9.3  2.12  9.09  6.19  78 1017.6  25.2  26.0  20.2 99.0 99.00
2016 01 07 04 50  70  7.7  9.3  2.08 10.00  6.08  86 1016.7  25.1  26.0  20.3 99.0 99.00
2016 01 07 05 50  72  6.7  8.0  2.06  9.09  6.11  80 1016.3  25.1  25.9  20.0 99.0 99.00
2016 01 07 06 50  60  7.1  8.1  2.09  9.09  6.12  76 1015.9  25.0  25.9  20.0 99.0 99.00
2016 01 07 07 50  63  8.4 10.2  1.90  9.09  6.10  74 1016.1  25.1  25.9  20.2 99.0 99.00
2016 01 07 08 50  60  7.7  9.1  2.25  9.09  6.46  73 1016.5  25.0  25.9  20.2 99.0 99.00
2016 01 07 09 50  64  8.2 10.2  1.95 10.00  5.96  80 1016.9  25.1  25.9  19.8 99.0 99.00
2016 01 07 10 50  64  8.2  9.9  2.13  9.09  5.97  77 1017.8  25.2  25.9  19.0 99.0 99.00
2016 01 07 11 50  68  7.0  8.5  1.98  9.09  6.06  78 1018.5  25.4  25.9  18.6 99.0 99.00
2016 01 07 12 50  72  7.5  8.8  1.91  9.09  5.93  69 1018.8  25.2  25.9  18.8 99.0 99.00
2016 01 07 13 50  71  7.1  8.3  2.06  9.09  6.24  81 1018.6  25.2  26.0  19.4 99.0 99.00
2016 01 07 14 50  90  5.5  6.8  2.12  9.09  6.31  75 1018.0  24.7  26.0  20.1 99.0 99.00
2016 01 07 15 50  73  6.6  8.0  2.15  9.09  6.52  81 1017.0  25.3  26.0  19.0 99.0 99.00
2016 01 07 16 50  74  6.6  7.9  1.91  9.09  6.25  84 1016.1  25.2  26.1  19.5 99.0 99.00
2016 01 07 17 50  74  6.9  8.1  1.84  9.09  6.06  86 1015.4  25.2  26.1  19.4 99.0 99.00
2016 01 07 18 50  69  6.9  8.3  1.81  9.09  6.09  88 1014.9  25.2  26.1  18.7 99.0 99.00
2016 01 07 19 50  71  7.1  8.6  1.82  9.09  6.17  73 1015.0  25.4  26.1  18.7 99.0 99.00
2016 01 07 20 50  65  7.9  9.4  1.88  9.09  6.01  82 1015.0  25.4  26.0  18.8 99.0 99.00
2016 01 07 21 50  63  8.1  9.9  1.84  9.09  5.81  72 1015.3  25.2  26.0  19.1 99.0 99.00
2016 01 07 22 50  66  7.8 10.2  1.78  9.09  5.62  76 1015.9  25.2  26.0  19.3 99.0 99.00
2016 01 07 23 50  70  7.5  8.8  1.83  9.09  6.04  82 1016.5  25.1  26.0  19.3 99.0 99.00
2016 01 08 00 50  61  7.7  9.2  1.67  9.09  5.80  91 1016.7  25.0  25.9  19.3 99.0 99.00
2016 01 08 01 50  67  7.0  8.9  1.95  9.09  6.24  71 1016.7  25.1  25.9  19.6 99.0 99.00
2016 01 08 02 50  71  7.9  9.4  1.70  9.09  5.81  76 1016.3  25.0  25.9  19.1 99.0 99.00
2016 01 08 03 50  87  6.2  7.5  1.76  8.33  5.66  75 1015.9  25.0  25.9  19.0 99.0 99.00
2016 01 08 04 50  86  6.6  8.2  1.72  9.09  5.65  87 1015.0  24.8  25.9  18.9 99.0 99.00
2016 01 08 05 50  86  5.5  7.3  1.54  8.33  5.53  77 1014.3  24.8  25.9  19.0 99.0 99.00
2016 01 08 06 50  63  4.4  5.5  1.55  8.33  5.71  79 1014.0  24.7  25.9  19.5 99.0 99.00
2016 01 08 07 50  53  5.4  6.7  1.55  9.09  5.77  76 1014.0  24.4  25.9  20.5 99.0 99.00
2016 01 08 08 50  70  6.1  7.4  1.60  9.09  5.80  79 1014.0  24.0  25.9  20.5 99.0 99.00
2016 01 08 09 50  82  4.7  6.2  1.53  9.09  5.68  66 1014.7  24.2  25.9  20.0 99.0 99.00
2016 01 08 10 50 104  9.0 12.5  1.38  8.33  5.37  95 1015.1  23.9  25.9  21.0 99.0 99.00
2016 01 08 11 50  90  7.2  8.1  1.55  8.33  5.61  90 1016.0  24.5  25.9  20.1 99.0 99.00
2016 01 08 12 50 100  7.5 11.2  1.51  8.33  5.53  74 1016.1  24.6  25.9  20.4 99.0 99.00
2016 01 08 13 50  86  4.7  5.8  1.59  9.09  5.78  77 1016.3  24.0  26.0  20.7 99.0 99.00
2016 01 08 14 50 114  5.5  6.6  1.51  8.33  5.55  82 1015.8  23.3  26.0  20.7 99.0 99.00
2016 01 08 15 50 123  2.9  3.8  1.46  9.09  5.83  74 1014.9  23.9  26.1  20.7 99.0 99.00
2016 01 08 16 50 102  4.8  5.9  1.56 16.00  6.05 327 1013.7  24.8  26.1  20.2 99.0 99.00
2016 01 08 17 50  89  4.9  5.6  1.53 16.00  5.98  53 1013.4  24.6  26.1  20.8 99.0 99.00
2016 01 08 18 50  94  6.0  6.9  1.73 16.00  6.23 291 1013.3  24.9  26.1  20.8 99.0 99.00
2016 01 08 19 50  96  6.5  7.9  1.82 14.81  6.17 305 1013.4  25.4  26.0  20.3 99.0 99.00
2016 01 08 20 50  95  5.7  6.8  1.75  8.33  6.11  76 1013.8  25.0  26.1  20.4 99.0 99.00
2016 01 08 21 50 107  7.1  8.6  1.70  7.14  5.76  66 1014.0  25.3  26.0  20.4 99.0 99.00
2016 01 08 22 50 103  8.2  9.5  1.88 14.81  5.95 343 1014.5  25.4  26.0  19.6 99.0 99.00
2016 01 08 23 50 101  7.5  9.0  1.92 14.81  5.86 302 1015.1  25.5  26.0  19.8 99.0 99.00
2016 01 09 00 50 101  7.7  9.7  1.87 13.79  5.85   9 1015.2  25.3  26.0  19.5 99.0 99.00
2016 01 09 01 50 108  7.3  9.0  1.87 14.81  5.80 320 1015.4  25.2  26.0  19.4 99.0 99.00
2016 01 09 02 50 103  5.5  7.4  1.72 13.79  5.86 322 1015.3  25.2  26.0  19.9 99.0 99.00
2016 01 09 03 50 104  6.2  7.7  1.74 13.79  6.15 285 1014.9  25.0  25.9  19.7 99.0 99.00
2016 01 09 04 50 103  6.3  8.2  1.72  7.69  6.04  76 1014.4  24.8  25.9  20.6 99.0 99.00
2016 01 09 05 50 101  6.7  8.1  1.74 13.79  5.99 330 1013.8  24.9  25.9  19.5 99.0 99.00
2016 01 09 06 50 105  7.1  8.5  1.87 12.90  6.17 339 1013.5  24.8  25.9  19.5 99.0 99.00
2016 01 09 07 50 100  7.6  8.9  1.83 13.79  6.01 330 1013.2  24.9  25.9  19.8 99.0 99.00
2016 01 09 08 50  99  7.3  8.9  1.82 12.90  6.24 325 1013.3  24.9  25.9  19.5 99.0 99.00
2016 01 09 09 50 103  7.4  8.8  1.67 12.90  5.82 313 1014.0  25.0  25.9  18.4 99.0 99.00
2016 01 09 10 50 116  7.0  8.8  1.69 12.90  5.80 342 1014.9  25.3  25.9  17.6 99.0 99.00
2016 01 09 11 50 106  6.7  8.3  1.95 12.12  6.46 336 1015.8  25.4  25.9  18.2 99.0 99.00
2016 01 09 12 50 107  6.1  7.5  1.73 12.90  6.18 335 1016.3  25.3  26.0  19.2 99.0 99.00
2016 01 09 13 50 100  5.2  6.6  1.63 12.12  6.07 337 1016.4  25.2  26.0  19.3 99.0 99.00
2016 01 09 14 50 105  5.5  6.5  1.90 12.12  6.89 331 1015.9  25.2  26.1  19.3 99.0 99.00
2016 01 09 15 50 104  4.9  6.1  1.74 12.12  6.69 349 1015.2  25.1  26.1  19.7 99.0 99.00
2016 01 09 16 50  94  5.0  6.2  1.69 12.12  6.49 344 1014.2  25.0  26.2  20.2 99.0 99.00
2016 01 09 17 50 100  6.1  7.1  1.68 12.12  6.29 351 1013.5  25.1  26.2  19.8 99.0 99.00
2016 01 09 18 50 106  5.6  6.8  1.64 12.12  6.44 343 1013.5  25.3  26.1  19.2 99.0 99.00
2016 01 09 19 50 111  4.5  5.5  1.56 12.12  6.35 341 1014.1  25.1  26.1  19.8 99.0 99.00
2016 01 09 20 50 108  4.6  5.5  1.55 11.43  6.46 342 1014.1  25.2  26.0  19.7 99.0 99.00
2016 01 09 21 50 104  4.3  5.1  1.54 11.43  6.59 341 1014.5  25.2  26.0  19.9 99.0 99.00
2016 01 09 22 50  99  4.5  5.5  1.57 12.12  6.59 338 1014.7  25.2  26.0  20.4 99.0 99.00
2016 01 09 23 50 106  5.5  6.7  1.41 11.43  6.43 347 1015.3  25.3  26.0  20.7 99.0 99.00
2016 01 10 00 50 107  5.5  6.7  1.59 11.43  6.63 332 1015.6  25.3  26.0  20.6 99.0 99.00
2016 01 10 01 50 108  5.9  7.3  1.56 11.43  6.42 342 1015.8  25.3  26.0  20.6 99.0 99.00
2016 01 10 02 50 113  5.7  6.7  1.69 11.43  6.63 339 1015.6  25.2  26.0  20.5 99.0 99.00
2016 01 10 03 50 114  5.9  7.3  1.66 10.81  6.57 351 1015.3  25.1  25.9  20.8 99.0 99.00
2016 01 10 04 50 101  5.0  6.1  1.55 10.81  6.37 350 1015.0  25.0  25.9  20.6 99.0 99.00
2016 01 10 05 50  96  5.4  6.4  1.55 10.81  6.42 350 1014.3  24.9  25.9  20.7 99.0 99.00
2016 01 10 06 50  99  5.1  6.1  1.49 10.81  6.26   1 1013.9  24.9  25.9  20.5 99.0 99.00
2016 01 10 07 50  89  5.3  6.3  1.53 10.81  6.48 353 1013.8  24.9  25.9  20.8 99.0 99.00
2016 01 10 08 50  94  5.9  6.9  1.51 10.81  6.50 346 1013.8  25.0  25.9  20.6 99.0 99.00
2016 01 10 09 50  98  5.2  6.4  1.54 10.81  6.29 357 1014.5  25.0  25.9  21.2 99.0 99.00
2016 01 10 10 50 103  6.0  6.9  1.53 10.81  6.32 346 1015.1  25.3  25.9  20.6 99.0 99.00
2016 01 10 11 50 102  6.6  7.7  1.39 10.81  5.76 340 1015.6  25.2  25.9  20.9 99.0 99.00
2016 01 10 12 50 105  6.3  7.3  1.59 10.81  6.47 348 1015.8  25.3  26.0  21.0 99.0 99.00
2016 01 10 13 50 101  5.8  7.0  1.54 10.81  6.16 359 1015.6  25.3  26.0  21.0 99.0 99.00
2016 01 10 14 50 105  5.4  6.3  1.46 10.81  6.14 349 1015.3  25.3  26.1  21.1 99.0 99.00
2016 01 10 15 50 112  4.8  5.7  1.65 21.05  6.53 357 1014.7  25.3  26.2  21.2 99.0 99.00
2016 01 10 16 50 102  4.4  5.4  1.71 21.05  7.02  78 1013.6  25.3  26.3  21.7 99.0 99.00
2016 01 10 17 50 114  4.2  5.2  1.66 21.05  7.18 355 1013.1  25.4  26.3  21.1 99.0 99.00
2016 01 10 18 50 107  4.6  5.6  1.60 21.05  7.03  57 1012.8  25.4  26.3  21.3 99.0 99.00
2016 01 10 19 50 113  4.3  5.3  1.67 19.05  7.53  19 1012.9  25.3  26.2  20.8 99.0 99.00
2016 01 10 20 50 109  3.8  4.7  2.07 19.05  8.62 359 1013.3  25.3  26.2  21.1 99.0 99.00
2016 01 10 21 50 111  3.7  4.5  1.81 19.05  8.05 333 1013.9  25.3  26.1  21.4 99.0 99.00
2016 01 10 22 50 121  3.7  4.7  1.77 19.05  8.08 348 1014.6  25.3  26.1  21.3 99.0 99.00
2016 01 10 23 50 116  4.1  5.3  1.87 19.05  8.57  18 1015.1  25.2  26.0  21.1 99.0 99.00
2016 01 11 00 50 112  3.5  4.3  1.79 19.05  8.77  15 1015.3  25.2  26.0  21.5 99.0 99.00
2016 01 11 01 50 119  3.8  4.4  1.77 19.05  8.55  40 1015.6  25.1  26.0  21.5 99.0 99.00
2016 01 11 02 50 105  3.6  4.3  1.84 19.05  9.17  22 1015.5  25.1  26.0  21.7 99.0 99.00
2016 01 11 03 50 127  3.9  4.8  1.76 19.05  9.02 355 1014.9  25.1  25.9  21.1 99.0 99.00
2016 01 11 04 50 135  3.9  4.8  1.79 19.05  8.53   9 1014.0  24.9  26.0  21.1 99.0 99.00
2016 01 11 05 50 150  4.0  5.0  1.94 19.05  9.56   8 1013.5  24.8  25.9  21.4 99.0 99.00
2016 01 11 06 50 141  3.4  4.6  1.85 19.05  9.08  17 1013.2  24.9  25.9  21.2 99.0 99.00
2016 01 11 07 50 153  3.1  4.1  1.83 19.05  9.38  21 1013.3  24.9  25.9  21.0 99.0 99.00
2016 01 11 08 50 140  2.8  3.7  2.03 17.39  9.80   7 1013.4  24.8  25.9  20.9 99.0 99.00
2016 01 11 09 50 143  3.0  4.0  2.14 17.39 10.52  37 1013.8  24.8  25.9  20.8 99.0 99.00
2016 01 11 10 50 138  2.5  3.6  1.87 17.39  9.89 343 1014.4  25.2  26.0  21.0 99.0 99.00
2016 01 11 11 50 142  2.8  3.8  2.10 17.39 10.81   9 1014.9  25.3  26.0  20.6 99.0 99.00
2016 01 11 12 50 146  2.8  3.7  2.34 19.05 11.38  33 1015.5  25.4  26.1  20.8 99.0 99.00
2016 01 11 13 50 156  2.7  3.7  2.03 17.39 10.57  10 1015.2  25.4  26.3  21.0 99.0 99.00
2016 01 11 14 50 171  2.2  3.2  1.98 17.39 10.21  10 1014.8  25.5  26.7  20.9 99.0 99.00
2016 01 11 15 50 210  1.7  2.8  1.69 17.39  9.49   7 1014.1  25.6  26.9  20.8 99.0 99.00
2016 01 11 16 50 209  2.7  4.6  1.85 17.39  9.90  20 1012.7  25.5  27.0  20.8 99.0 99.00
2016 01 11 17 50 203  3.7  4.9  1.74 17.39  9.67 330 1012.2  25.6  26.8  20.7 99.0 99.00
2016 01 11 18 50 231  2.8  3.7  1.76 17.39  9.57  17 1012.1  25.7  26.7  20.6 99.0 99.00
2016 01 11 19 50 256  2.8  3.7  1.77 16.00  9.94 357 1012.5  25.9  26.7  20.7 99.0 99.00
2016 01 11 20 50 267  2.7  3.4  1.50 14.81  9.10 347 1012.8  25.5  26.7  21.1 99.0 99.00
2016 01 11 21 50 250  2.6  3.4  1.74 16.00 10.21  25 1013.2  25.5  26.5  21.1 99.0 99.00
2016 01 11 22 50 263  2.4  3.5  1.60 17.39  9.94  34 1013.6  25.4  26.3  21.2 99.0 99.00
2016 01 11 23 50 247  3.1  3.9  1.70 16.00 10.14  12 1013.9  25.4  26.3  21.4 99.0 99.00
2016 01 12 00 50 256  3.5  4.4  1.62 17.39 10.36   9 1014.0  25.4  26.2  21.5 99.0 99.00
2016 01 12 01 50 274  4.2  5.3  1.62 16.00 10.58 322 1014.1  25.4  26.2  21.4 99.0 99.00
2016 01 12 02 50 288  4.9  5.9  1.54 17.39  9.94 354 1014.2  25.3  26.1  21.5 99.0 99.00
2016 01 12 03 50 284  4.4  5.4  1.46 14.81  9.37 351 1013.7  25.2  26.1  21.7 99.0 99.00
2016 01 12 04 50 287  4.8  6.0  1.73 16.00 10.23   1 1013.1  25.2  26.1  21.8 99.0 99.00
2016 01 12 05 50 292  5.3  6.2  1.78 16.00 10.12 353 1012.6  25.0  26.0  21.5 99.0 99.00
2016 01 12 06 50 298  5.5  7.0  1.86 16.00  9.96 336 1012.0  25.1  26.0  21.6 99.0 99.00
2016 01 12 07 50 295  5.7  7.3  1.61 16.00  8.93 347 1011.8  25.0  26.0  21.2 99.0 99.00
2016 01 12 08 50 299  5.4  6.6  2.23 16.00 10.57 346 1011.8  24.9  26.0  20.5 99.0 99.00
2016 01 12 09 50 304  5.1  6.2  2.19 16.00 10.12 343 1012.2  24.9  26.0  21.0 99.0 99.00
2016 01 12 10 50 304  4.7  6.0  1.98 14.81  9.56 334 1013.0  25.1  26.0  20.9 99.0 99.00
2016 01 12 11 50 345  6.1  8.6  2.29 14.81 10.60 343 1013.8  24.2  26.0  22.1 99.0 99.00
2016 01 12 12 50 289  3.2  4.1  2.27 16.00 10.16 356 1013.9  24.5  26.0  21.4 99.0 99.00
2016 01 12 13 50 301  4.3  5.6  2.12 14.81 10.43 342 1014.0  24.9  26.1  21.7 99.0 99.00
2016 01 12 14 50 320  4.7  6.2  2.23 14.81 10.79 341 1013.2  24.1  26.2  21.8 99.0 99.00
2016 01 12 15 50 323  3.6  5.2  2.50 14.81 11.40 341 1012.6  23.8  26.2  21.5 99.0 99.00
2016 01 12 16 50 345  5.7  6.9  2.46 14.81 10.90 348 1011.7  23.1  26.2  21.8 99.0 99.00
2016 01 12 17 50 353  4.4  6.0  2.73 14.81 10.59 351 1011.1  24.8  26.2  20.4 99.0 99.00
2016 01 12 18 50 358  6.5  8.6  2.77 16.00 10.38 353 1010.9  25.0  26.1  20.4 99.0 99.00
2016 01 12 19 50 354  6.9  8.2  2.52 13.79  9.55 351 1011.0  25.2  26.1  20.0 99.0 99.00
2016 01 12 20 50 359  6.4  7.6  3.00 12.90  9.55 347 1011.3  25.2  26.1  20.0 99.0 99.00
2016 01 12 21 50   2  7.1  9.2  2.80 14.81  9.24   2 1011.7  25.2  26.1  19.9 99.0 99.00
2016 01 12 22 50 360  7.0  8.4  3.40 16.00 10.40   6 1012.1  25.3  26.0  19.3 99.0 99.00
2016 01 12 23 50   2  5.5  7.1  3.20 13.79  9.27 357 1012.7  25.0  26.0  19.0 99.0 99.00
2016 01 13 00 50 349  5.3  9.9  3.42 16.00  9.70 358 1013.0  24.8  26.0  19.1 99.0 99.00
2016 01 13 01 50 355  6.4  8.3  3.27 14.81  9.46 357 1012.9  25.0  26.0  19.2 99.0 99.00
2016 01 13 02 50 349  6.3  8.1  3.86 14.81 10.41   5 1012.9  24.9  26.0  18.6 99.0 99.00
2016 01 13 03 50 357  6.4  8.0  3.76 14.81 10.18   5 1012.8  24.8  25.9  17.9 99.0 99.00
2016 01 13 04 50 334  4.3  6.5  3.76 14.81 10.17   3 1012.8  24.7  25.9  17.3 99.0 99.00
2016 01 13 05 50 345  3.3  5.5  4.16 16.00 10.74  12 1012.3  24.7  25.9  16.6 99.0 99.00
2016 01 13 06 50 343  2.9  5.2  3.85 16.00 10.78   8 1011.9  24.6  25.9  16.6 99.0 99.00
2016 01 13 07 50 344  3.0  5.3  4.84 16.00 11.79  15 1011.8  24.7  25.9  17.3 99.0 99.00
2016 01 13 08 50 342  3.8  5.6  4.23 16.00 11.06   6 1011.9  24.7  25.9  16.7 99.0 99.00
2016 01 13 09 50 338  2.8  4.9  4.62 16.00 11.54  15 1012.3  24.8  25.9  17.0 99.0 99.00
2016 01 13 10 50 320  3.9  5.2  4.49 16.00 11.52   2 1013.1  24.9  25.9  17.7 99.0 99.00
2016 01 13 11 50 324  3.2  4.3  4.61 16.00 11.68  12 1013.9  25.0  25.9  17.9 99.0 99.00
2016 01 13 12 50 344  3.4  5.4  4.19 14.81 11.15   4 1014.2  25.2  26.0  17.5 99.0 99.00
2016 01 13 13 50 348  2.3  4.3  4.47 14.81 11.28  13 1014.0  25.4  26.1  16.5 99.0 99.00
2016 01 13 14 50 339  4.0  5.7  4.19 16.00 11.29   9 1013.4  25.5  26.2  15.5 99.0 99.00
2016 01 13 15 50 333  3.5  4.8  4.01 16.00 10.99   7 1012.6  25.6  26.2  15.9 99.0 99.00
2016 01 13 16 50 347  3.3  4.7  4.04 16.00 10.85  20 1011.8  25.6  26.3  15.8 99.0 99.00
2016 01 13 17 50 359  3.9  5.8  4.71 14.81 11.61  12 1011.1  25.6  26.4  16.1 99.0 99.00
2016 01 13 18 50 339  4.1  5.6  4.84 14.81 11.59   9 1011.1  25.5  26.3  17.4 99.0 99.00
2016 01 13 19 50 348  4.4  6.2  4.10 14.81 10.53   8 1011.7  25.3  26.3  18.6 99.0 99.00
2016 01 13 20 50 359  5.8  7.3  4.47 14.81 11.09  14 1011.8  25.1  26.2  18.6 99.0 99.00
2016 01 13 21 50  11  5.2  6.9  4.50 13.79 10.58  14 1012.7  25.1  26.1  18.2 99.0 99.00
2016 01 13 22 50   2  4.7  7.0  4.15 13.79 10.25  19 1013.3  25.3  26.1  17.2 99.0 99.00
2016 01 13 23 50 354  4.4  6.3  3.97 14.81 10.19  19 1014.0  25.1  26.0  17.3 99.0 99.00
2016 01 14 00 50   5  4.6  6.6  3.76 13.79 10.32  16 1014.4  25.0  26.0  17.0 99.0 99.00
2016 01 14 01 50  17  4.3  5.9  3.51 13.79  9.88  12 1014.7  25.0  26.0  17.4 99.0 99.00
2016 01 14 02 50 360  3.8  5.6  3.84 14.81  9.99   6 1014.3  24.7  26.0  18.1 99.0 99.00
2016 01 14 03 50  31  6.0  7.8  3.39 14.81  9.61  18 1013.8  24.5  26.0  17.8 99.0 99.00
2016 01 14 04 50  33  5.2  6.9  3.32 13.79  9.71  23 1013.2  24.8  26.0  17.9 99.0 99.00
2016 01 14 05 50  45  3.7  5.0  3.55 13.79  9.71  15 1012.5  24.9  26.0  17.0 99.0 99.00
2016 01 14 06 50  34  4.5  6.5  3.26 13.79  9.27  15 1012.2  24.8  25.9  17.7 99.0 99.00
2016 01 14 07 50  28  3.8  5.4  3.40 14.81  9.97  27 1012.5  24.7  25.9  18.0 99.0 99.00
2016 01 14 08 50  79  1.6  3.3  3.08 13.79  9.23  17 1012.8  23.9  25.9  18.3 99.0 99.00
2016 01 14 09 50  20  5.0  6.9  3.28 13.79  9.66  20 1013.0  24.3  25.9  18.9 99.0 99.00
2016 01 14 10 50   1  5.2  6.9  3.43 13.79  9.48  22 1013.8  24.1  25.9  18.5 99.0 99.00
2016 01 14 11 50 347  3.6  5.0  3.03 13.79  9.16  12 1014.8  23.2  26.0  18.9 99.0 99.00
2016 01 14 12 50  59  1.9  3.7  3.20 13.79  9.26  26 1015.1  24.0  26.0  18.9 99.0 99.00
2016 01 14 13 50  13  1.3  2.4  3.28 12.90  9.48  26 1014.9  24.6  26.2  18.7 99.0 99.00
2016 01 14 14 50  59  1.9  2.9  3.09 12.90  9.47  28 1014.0  24.5  26.5  18.5 99.0 99.00
2016 01 14 15 50  56  1.8  3.2  2.96 12.90  9.56  16 1013.6  24.6  26.6  19.1 99.0 99.00
2016 01 14 16 50  49  3.6  5.3  2.89 13.79  9.37  23 1013.2  24.6  26.6  18.8 99.0 99.00
2016 01 14 17 50  63  3.0  4.1  2.78 13.79  9.31  26 1012.3  24.8  26.6  19.0 99.0 99.00
2016 01 14 18 50  66  2.5  3.6  2.64 13.79  8.76  23 1012.3  24.9  26.6  19.0 99.0 99.00
2016 01 14 19 50  66  2.5  3.5  2.72 12.90  9.29   9 1012.4  25.0  26.5  18.6 99.0 99.00
2016 01 14 20 50  61  2.5  4.0  2.62 13.79  9.35  15 1013.0  24.7  26.4  19.0 99.0 99.00
2016 01 14 21 50  45  3.0  4.3  2.72 12.90  9.02  21 1013.6  24.9  26.3  18.9 99.0 99.00
2016 01 14 22 50  66  3.4  4.4  2.42 12.90  9.05  22 1013.8  24.7  26.2  19.5 99.0 99.00
2016 01 14 23 50  48  2.8  4.5  2.79 12.12  9.27  18 1014.6  24.7  26.1  19.5 99.0 99.00
2016 01 15 00 50  45  4.5  5.8  2.34 12.12  8.58  24 1014.6  24.5  26.0  19.6 99.0 99.00
2016 01 15 01 50  44  3.6  4.5  2.46 12.90  9.19  23 1014.5  24.5  26.0  19.4 99.0 99.00
2016 01 15 02 50  41  3.2  4.4  2.16 12.90  8.78  19 1014.3  24.4  26.0  19.9 99.0 99.00
2016 01 15 03 50  41  3.7  4.6  2.16 12.12  8.95  19 1014.0  24.5  26.0  20.0 99.0 99.00
2016 01 15 04 50  32  4.1  5.2  2.22 12.12  8.92  18 1013.5  24.2  25.9  20.4 99.0 99.00
2016 01 15 05 50  62  4.1  4.9  2.24 12.12  9.10  15 1013.3  24.4  25.9  20.2 99.0 99.00
2016 01 15 06 50  43  4.6  5.5  2.14 10.81  8.85  13 1013.2  24.3  25.9  20.5 99.0 99.00
2016 01 15 07 50  55  4.1  5.5  2.30 11.43  9.17  22 1013.6  24.6  25.9  19.6 99.0 99.00
2016 01 15 08 50 119  4.7  6.0  2.24 10.81  8.80  21 1013.0  24.6  25.9  18.3 99.0 99.00
2016 01 15 09 50  69  3.9  5.0  2.06 12.90  8.86  40 1013.7  24.5  25.9  18.5 99.0 99.00
2016 01 15 10 50  41  2.0  2.9  2.04 12.12  8.49  26 1014.6  23.8  25.9  20.4 99.0 99.00
2016 01 15 11 50  52  5.5  6.6  2.11 11.43  8.67  21 1015.3  23.8  25.9  20.1 99.0 99.00
2016 01 15 12 50  27  2.2  3.3  2.06 12.12  8.44  21 1015.8  23.9  26.0  20.3 99.0 99.00
2016 01 15 13 50 104  4.8  6.0  1.90 11.43  8.04  25 1015.5  25.2  26.2  19.1 99.0 99.00
2016 01 15 14 50  94  3.8  4.8  2.14 12.12  8.42  26 1014.9  25.1  26.3  19.3 99.0 99.00
2016 01 15 15 50 102  3.5  4.8  1.96 12.12  8.11  33 1014.1  25.0  26.3  19.8 99.0 99.00
2016 01 15 16 50  63  5.1  6.2  2.05 10.81  7.99  16 1013.2  24.2  26.2  20.6 99.0 99.00
2016 01 15 17 50  83  3.4  4.7  2.06 12.12  7.99  31 1012.7  24.7  26.2  19.6 99.0 99.00
2016 01 15 18 50  86  3.9  4.9  2.16 10.81  8.00  27 1012.4  25.1  26.2  19.1 99.0 99.00
2016 01 15 19 50  81  4.6  5.7  2.19 11.43  8.19  27 1012.5  25.2  26.2  18.2 99.0 99.00
2016 01 15 20 50  81  3.8  4.8  2.22 12.12  8.19  24 1013.0  25.1  26.1  18.6 99.0 99.00
2016 01 15 21 50  61  4.4  5.5  2.02 11.43  7.94  15 1013.7  25.1  26.1  19.5 99.0 99.00
2016 01 15 22 50  53  6.0  8.1  2.11 10.00  8.19  34 1014.3  24.3  26.0  19.8 99.0 99.00
2016 01 15 23 50  76  5.1  6.0  2.26 11.43  8.66  24 1014.9  25.1  26.0  19.1 99.0 99.00
2016 01 16 00 50  73  5.0  6.3  2.16 11.43  8.30  33 1015.0  25.0  26.0  19.0 99.0 99.00
2016 01 16 01 50  63  6.5  7.6  1.98  8.33  7.66  28 1014.7  24.5  25.9  20.3 99.0 99.00
2016 01 16 02 50  71  5.6  6.7  1.82 10.81  7.02  28 1014.6  24.5  25.9  19.5 99.0 99.00
2016 01 16 03 50  74  6.3  7.4  2.14 10.81  7.82  25 1014.1  24.6  25.9  19.6 99.0 99.00
2016 01 16 04 50  69  6.2  8.2  2.17 11.43  7.86  29 1013.5  24.6  25.9  19.7 99.0 99.00
2016 01 16 05 50  72  6.2  7.4  2.03 10.81  7.21  35 1013.1  24.5  25.9  19.7 99.0 99.00
2016 01 16 06 50  69  6.2  7.7  2.05 10.81  7.43  23 1012.9  24.7  25.8  19.6 99.0 99.00
2016 01 16 07 50  76  6.1  8.0  2.12 11.43  7.64  39 1012.8  24.5  25.8  19.6 99.0 99.00
2016 01 16 08 50  81  6.0  6.9  2.14 11.43  7.79  31 1013.2  24.6  25.8  19.3 99.0 99.00
2016 01 16 09 50  77  4.9  6.3  1.99 12.90  7.33  39 1013.9  24.0  25.8  18.9 99.0 99.00
2016 01 16 10 50  83  5.5  7.2  2.13 11.43  7.77  27 1014.5  25.0  25.8  19.3 99.0 99.00
2016 01 16 11 50  90  6.0  7.4  2.01 14.81  7.47  52 1015.2  25.1  25.9  19.3 99.0 99.00
2016 01 16 12 50  71  6.9  9.4  1.91 12.90  7.51  23 1015.6  24.7  25.9  19.7 99.0 99.00
2016 01 16 13 50  53  5.7  7.1  1.90 12.12  7.26  24 1015.6  24.5  25.9  20.1 99.0 99.00
2016 01 16 14 50  75  4.9  6.1  2.02 14.81  7.85  47 1015.3  24.8  26.0  19.9 99.0 99.00
2016 01 16 15 50  54  6.0  8.4  2.16 12.12  7.98  30 1014.5  24.2  26.0  20.1 99.0 99.00
2016 01 16 16 50  51  5.0  6.3  2.27 12.12  8.27  29 1013.7  24.4  26.1  20.3 99.0 99.00
2016 01 16 17 50  64  6.2  7.4  2.11 10.81  7.72  33 1013.0  24.5  26.1  20.6 99.0 99.00
2016 01 16 18 50  69  5.9  7.2  2.11 14.81  7.90  17 1012.7  24.5  26.1  20.3 99.0 99.00
2016 01 16 19 50  63  5.5  6.8  2.04 12.12  7.75  42 1013.1  24.6  26.1  20.1 99.0 99.00
2016 01 16 20 50  67  6.8  8.5  2.01 14.81  7.47  31 1013.6  24.6  26.0  19.4 99.0 99.00
2016 01 16 21 50  59  6.0  7.1  1.98 11.43  7.49  38 1014.1  24.8  26.0  20.5 99.0 99.00
2016 01 16 22 50  70  5.9  7.0  2.16 14.81  8.24  21 1014.5  24.9  26.0  19.8 99.0 99.00
2016 01 16 23 50  67  5.5  6.9  2.14 14.81  8.04   9 1015.2  24.9  25.9  20.2 99.0 99.00
2016 01 17 00 50  66  6.7  7.8  1.92 13.79  7.62  14 1015.4  25.0  25.9  19.3 99.0 99.00
2016 01 17 01 50  75  6.2  7.7  1.93 13.79  7.61  28 1015.3  24.9  25.9  20.1 99.0 99.00
2016 01 17 02 50  68  6.5  7.8  1.98 13.79  7.58   1 1014.8  24.9  25.9  20.3 99.0 99.00
2016 01 17 03 50  70  6.8  8.1  2.13 13.79  7.98   7 1014.7  24.6  25.9  20.5 99.0 99.00
2016 01 17 04 50  68  5.9  7.1  2.09 13.79  7.53 350 1013.9  24.7  25.9  20.4 99.0 99.00
2016 01 17 05 50  66  6.5  8.0  2.28 13.79  8.22   5 1013.1  24.7  25.9  20.0 99.0 99.00
2016 01 17 06 50  73  6.5  7.7  1.87 13.79  7.12  15 1013.2  24.5  25.9  20.2 99.0 99.00
2016 01 17 07 50  53  6.4  8.8  2.09 12.90  7.57 352 1013.4  23.8  25.9  19.9 99.0 99.00
2016 01 17 08 50  71  7.3  9.0  2.07 13.79  7.48   2 1013.6  24.8  25.9  19.9 99.0 99.00
2016 01 17 09 50  72  6.8  8.2  2.05 12.90  7.23   4 1014.3  24.8  25.9  19.8 99.0 99.00
2016 01 17 10 50  72  6.7  8.0  2.16 13.79  7.48  16 1015.0  25.0  25.9  19.5 99.0 99.00
2016 01 17 11 50  83  5.9  7.2  1.95 12.90  6.92 348 1015.6  25.1  25.9  19.9 99.0 99.00
2016 01 17 12 50  78  7.0  8.3  1.92 12.90  6.91 332 1015.7  25.2  26.0  19.7 99.0 99.00
2016 01 17 13 50  75  6.9  8.2  2.11 12.12  7.22 349 1015.8  25.2  26.0  20.1 99.0 99.00
2016 01 17 14 50  72  7.2  8.4  2.01 12.90  7.24   3 1015.6  25.2  26.0  20.2 99.0 99.00
2016 01 17 15 50  75  6.8  8.0  2.05 12.90  6.95 357 1015.0  25.2  26.0  20.7 99.0 99.00
2016 01 17 16 50  74  7.5  8.6  2.13 11.43  6.88  10 1014.3  25.3  26.0  20.6 99.0 99.00
2016 01 17 17 50  72  7.3  8.9  2.18 12.90  7.03   2 1013.7  25.3  26.1  21.0 99.0 99.00
2016 01 17 18 50  75  8.0  9.6  2.44 12.90  7.33 349 1013.6  25.4  26.0  20.6 99.0 99.00
2016 01 17 19 50  73  7.8  9.1  2.08 12.90  6.69 358 1014.0  25.4  26.0  20.3 99.0 99.00
2016 01 17 20 50  67  8.3  9.5  2.17 11.43  6.66  25 1014.4  25.3  26.0  20.3 99.0 99.00
2016 01 17 21 50  68  7.7  9.0  2.30 11.43  6.83  44 1015.2  25.3  25.9  20.6 99.0 99.00
2016 01 17 22 50  75  8.0  9.8  2.26 12.90  6.97  13 1015.8  25.3  26.0  20.8 99.0 99.00
2016 01 17 23 50  79  7.9  9.6  2.08 10.81  6.44  24 1015.9  25.3  26.0  20.7 99.0 99.00
2016 01 18 00 50  86  7.2  8.3  1.95 12.12  6.11 347 1016.0  25.1  26.0  21.0 99.0 99.00
2016 01 18 01 50  79  7.1  8.5  2.04 12.12  6.25  22 1015.7  25.3  26.0  21.1 99.0 99.00
2016 01 18 02 50  72  7.4  8.8  2.06 12.12  6.75   8 1015.7  25.4  26.0  20.7 99.0 99.00
2016 01 18 03 50  71  6.8  8.2  2.06 12.12  6.26 345 1015.0  25.3  26.0  20.7 99.0 99.00
2016 01 18 04 50  73  7.3  8.3  2.12 11.43  6.41   5 1014.5  25.2  26.0  20.8 99.0 99.00
2016 01 18 05 50  74  7.8  9.2  1.99 11.43  6.09  20 1014.1  25.3  26.0  20.7 99.0 99.00
2016 01 18 06 50  65  8.6 10.3  2.04 11.43  6.42  25 1013.5  25.1  26.0  20.8 99.0 99.00
2016 01 18 07 50  67  8.8 10.7  2.13 12.12  6.11  14 1013.8  25.1  25.9  20.5 99.0 99.00
2016 01 18 08 50  68  8.5  9.8  1.93 12.12  5.89  23 1013.9  25.0  25.9  20.5 99.0 99.00
2016 01 18 09 50  72  8.0 10.5  1.96 12.12  6.03   7 1014.2  25.1  25.9  20.7 99.0 99.00
2016 01 18 10 50  72  9.1 11.1  2.09 11.43  6.10  14 1014.7  25.1  25.9  20.0 99.0 99.00
2016 01 18 11 50  75  9.0 10.6  2.05 12.12  6.01  17 1015.2  25.3  25.9  19.7 99.0 99.00
2016 01 18 12 50  77  8.5 10.0  2.08 11.43  5.96  19 1015.7  25.4  26.0  20.2 99.0 99.00
2016 01 18 13 50  73  8.9 10.8  1.90 12.12  5.80  18 1015.6  25.4  26.0  20.3 99.0 99.00
2016 01 18 14 50  71  9.4 10.9  1.93 12.12  5.75 359 1015.3  25.5  26.0  20.3 99.0 99.00
2016 01 18 15 50  70  8.4 10.1  2.05 11.43  5.85  28 1014.7  25.5  26.0  20.5 99.0 99.00
2016 01 18 16 50  72  9.2 11.3  2.00 10.81  5.97  38 1013.7  25.5  26.0  20.7 99.0 99.00
2016 01 18 17 50  66  9.4 11.2  2.03 11.43  5.89  19 1013.2  25.5  26.0  21.0 99.0 99.00
2016 01 18 18 50  75  9.2 10.8  2.17 10.81  5.90 356 1013.1  25.5  26.0  20.8 99.0 99.00
2016 01 18 19 50  67  9.6 10.9  2.16  6.25  5.88  75 1013.1  25.5  26.0  21.0 99.0 99.00
2016 01 18 20 50  69  9.2 11.1  2.08 12.90  5.81   7 1013.9  25.4  26.0  21.5 99.0 99.00
2016 01 18 21 50  67  9.7 11.8  2.25  6.67  5.85  68 1014.6  25.5  26.0  20.9 99.0 99.00
2016 01 18 22 50  68  9.4 11.4  2.09 12.12  5.71  13 1015.1  25.5  26.0  21.0 99.0 99.00
2016 01 18 23 50  62  9.4 11.9  2.30 11.43  6.05  22 1015.5  25.4  26.0  21.0 99.0 99.00
2016 01 19 00 50  68  8.7 10.2  2.18  6.67  5.68  68 1015.8  25.3  26.0  20.7 99.0 99.00
2016 01 19 01 50  67  8.6 10.1  2.16 12.12  6.03  15 1015.8  25.3  26.0  21.0 99.0 99.00
2016 01 19 02 50  61  7.8  9.2  2.15 11.43  6.00  26 1015.6  25.3  26.0  21.2 99.0 99.00
2016 01 19 03 50  57  9.0 10.4  2.18 12.12  6.09  12 1015.4  25.3  26.0  20.9 99.0 99.00
2016 01 19 04 50  74  9.0 10.7  2.11 12.12  5.81  20 1014.9  25.2  26.0  20.9 99.0 99.00
2016 01 19 05 50  64  9.2 11.0  2.15 11.43  5.80 354 1014.2  25.1  26.0  20.2 99.0 99.00
2016 01 19 06 50  69  8.3 10.0  2.19  7.14  6.16  55 1014.0  25.1  26.0  20.0 99.0 99.00
2016 01 19 07 50  67  7.8 10.1  2.10  6.67  5.85  79 1014.3  24.9  26.0  20.5 99.0 99.00
2016 01 19 08 50  70  9.6 11.4  2.13  7.14  5.92  66 1014.6  25.1  25.9  20.3 99.0 99.00
2016 01 19 09 50  69  9.0 10.6  2.01  7.14  5.72  52 1015.0  25.1  25.9  20.0 99.0 99.00
2016 01 19 10 50  72  8.7 10.6  2.26  7.14  5.84  66 1015.7  25.3  25.9  20.1 99.0 99.00
2016 01 19 11 50  74  8.4 10.0  2.05 10.00  5.73  27 1016.2  25.3  25.9  20.6 99.0 99.00
2016 01 19 12 50  76  8.2  9.4  2.08  6.67  5.74  83 1016.4  25.4  25.9  20.1 99.0 99.00
2016 01 19 13 50  78  8.3 10.1  2.08  7.14  5.85  58 1016.2  25.4  25.9  20.3 99.0 99.00
2016 01 19 14 50  78  8.0  9.5  2.08  7.69  5.79  60 1015.6  25.4  25.9  19.9 99.0 99.00
2016 01 19 15 50  78  8.5  9.9  1.98  6.67  5.73  75 1014.7  25.4  26.0  20.0 99.0 99.00
2016 01 19 16 50  80  8.4 10.0  1.95  7.14  5.81  67 1013.7  25.3  26.0  20.2 99.0 99.00
2016 01 19 17 50  81  7.8  9.0  1.91 11.43  5.71  34 1013.3  25.4  26.0  20.2 99.0 99.00
2016 01 19 18 50  74  7.2  8.9  1.86  7.69  5.92  66 1013.3  25.4  26.0  20.4 99.0 99.00
2016 01 19 19 50  80  8.4 10.3  1.98  6.67  5.69  68 1013.3  25.4  26.0  20.4 99.0 99.00
2016 01 19 20 50  80  7.9  9.4  1.80  7.14  5.61  70 1013.8  25.4  25.9  20.4 99.0 99.00
2016 01 19 21 50  76  8.1  9.2  1.78  7.69  5.29  75 1014.3  25.3  25.9  20.3 99.0 99.00
2016 01 19 22 50  78  7.0  8.9  1.93  7.14  5.80  68 1015.3  25.3  25.9  20.5 99.0 99.00
2016 01 19 23 50  76  6.6  7.9  1.88  6.67  5.80  57 1015.9  25.3  25.9  20.2 99.0 99.00
2016 01 20 00 50  78  6.5  7.6  1.94  7.69  6.03  70 1016.2  25.3  25.8  20.0 99.0 99.00
2016 01 20 01 50  76  6.8  8.2  1.79  7.14  5.86  65 1016.3  25.2  25.8  19.9 99.0 99.00
2016 01 20 02 50  62  7.4  9.0  1.80  7.14  5.81  67 1015.8  25.2  25.8  20.3 99.0 99.00
2016 01 20 03 50  58  7.8  9.6  1.66  7.69  5.55  63 1015.4  25.1  25.8  20.3 99.0 99.00
2016 01 20 05 50  62  8.0  9.6  1.77  8.33  5.71  62 1014.1  24.9  25.8  20.3 99.0 99.00
2016 01 20 06 50  70  7.8  9.2  1.88  7.69  5.74  70 1014.4  24.9  25.8  19.8 99.0 99.00
2016 01 20 07 50  61  8.3  9.6  1.81  7.69  5.76  69 1014.5  25.0  25.8  19.7 99.0 99.00
2016 01 20 08 50  62  8.4 10.2  1.76  8.33  5.67  70 1014.5  25.0  25.8  20.0 99.0 99.00
2016 01 20 09 50  64  9.5 10.9  1.87 13.79  5.55  28 1014.7  24.9  25.8  20.0 99.0 99.00
2016 01 20 10 50  68  8.5 10.2  1.86 13.79  5.68  41 1015.5  25.1  25.8  20.2 99.0 99.00
2016 01 20 11 50  69  8.9 10.4  1.85 13.79  5.70 306 1016.2  25.1  25.8  20.0 99.0 99.00
2016 01 20 12 50  73  8.0 10.1  1.89 13.79  5.60 313 1016.8  25.3  25.9  20.3 99.0 99.00
2016 01 20 13 50  68  8.1  9.4  1.92 13.79  5.91 356 1016.7  25.3  25.9  20.8 99.0 99.00
2016 01 20 14 50  76  7.4  8.7  1.83 12.90  5.68   1 1016.5  25.4  25.9  20.6 99.0 99.00
2016 01 20 15 50  76  7.2  8.5  1.99 12.90  5.93  11 1015.7  25.4  25.9  20.8 99.0 99.00
2016 01 20 16 50  81  7.2  8.7  1.87 13.79  5.83 354 1014.8  25.3  26.0  20.6 99.0 99.00
2016 01 20 17 50  86  6.8  8.0  1.97 12.90  5.99 352 1014.4  25.4  25.9  20.8 99.0 99.00
2016 01 20 18 50  84  6.4  8.2  1.85 12.90  5.89 358 1014.3  25.3  26.0  20.7 99.0 99.00
2016 01 20 19 50  82  6.5  7.9  1.83 12.90  5.67 354 1014.7  25.4  25.9  20.7 99.0 99.00
2016 01 20 20 50  82  4.6  5.7  1.79  7.69  5.78  92 1015.2  25.3  25.9  20.5 99.0 99.00
2016 01 20 21 50  79  5.2  6.1  1.84 12.90  6.16 352 1015.9  25.3  25.9  20.6 99.0 99.00
2016 01 20 22 50  76  5.2  6.7  1.78 12.12  5.94   1 1016.7  25.3  25.8  20.6 99.0 99.00
2016 01 20 23 50  72  5.8  7.0  1.75 12.90  6.09 343 1017.3  25.3  25.8  20.5 99.0 99.00
2016 01 21 00 50  71  6.7  7.7  1.84  7.14  6.12  75 1017.5  25.3  25.8  20.2 99.0 99.00
2016 01 21 01 50  68  5.9  7.9  1.70  7.14  5.85  86 1017.2  25.2  25.8  20.9 99.0 99.00
2016 01 21 02 50  64  6.9  8.3  1.70 12.90  5.74  49 1016.7  25.1  25.8  20.4 99.0 99.00
2016 01 21 03 50  61  7.1  8.6  1.64 12.90  5.74  22 1016.1  25.0  25.8  20.1 99.0 99.00
2016 01 21 04 50  66  7.0  8.0  1.69  7.14  5.52  72 1015.4  24.9  25.8  20.3 99.0 99.00
2016 01 21 05 50  64  7.8  9.2  1.56 12.12  5.41   7 1014.5  24.8  25.8  20.0 99.0 99.00
2016 01 21 06 50  66  7.4  8.4  1.65  7.14  5.57  87 1014.4  24.8  25.8  20.2 99.0 99.00
2016 01 21 07 50  57  7.3  8.7  1.62  6.67  5.45  84 1014.8  24.8  25.8  19.6 99.0 99.00
2016 01 21 08 50  61  8.1 10.1  1.67  6.67  5.52  76 1015.0  24.8  25.8  19.3 99.0 99.00
2016 01 21 09 50  61  8.4 10.0  1.60  7.14  5.37  98 1015.4  24.8  25.8  19.4 99.0 99.00
2016 01 21 10 50  67  8.6 10.2  1.66  7.69  5.40  85 1016.1  25.0  25.8  19.2 99.0 99.00
2016 01 21 11 50  69  8.6  9.8  1.70 11.43  5.49   5 1017.1  25.2  25.8  19.4 99.0 99.00
2016 01 21 12 50  74  8.5 10.1  1.66  6.67  5.25  89 1017.2  25.2  25.8  19.7 99.0 99.00
2016 01 21 13 50  74  8.3 10.0  1.74  7.14  5.50  75 1016.9  25.2  25.9  19.6 99.0 99.00
2016 01 21 14 50  78  8.0  9.8  1.65  6.25  5.30  93 1016.5  25.3  25.9  19.8 99.0 99.00
2016 01 21 15 50  71  8.2  9.7  1.79  7.69  5.29  93 1016.0  25.3  25.9  19.4 99.0 99.00
2016 01 21 16 50  71  7.6  8.8  1.74  7.14  5.42  94 1015.1  25.2  25.9  20.0 99.0 99.00
2016 01 21 17 50  73  7.2  8.5  1.68  6.67  5.55  88 1014.4  25.2  25.9  19.9 99.0 99.00
2016 01 21 18 50  73  7.5  9.4  1.86 10.81  5.66 356 1013.8  25.3  25.9  19.7 99.0 99.00
2016 01 21 19 50  70  7.4  8.5  1.74  7.14  5.41  82 1014.6  25.4  25.9  19.4 99.0 99.00
2016 01 21 20 50  68  7.2  8.4  1.67  6.25  5.48  89 1015.2  25.4  25.9  19.1 99.0 99.00
2016 01 21 21 50  74  7.6  9.0  1.79 11.43  5.88 358 1015.2  25.3  25.9  19.3 99.0 99.00
2016 01 21 22 50  72  7.6  9.4  1.77 11.43  5.67 336 1015.6  25.3  25.9  19.3 99.0 99.00
2016 01 21 23 50  79  9.2 11.0  1.75  7.14  5.76  92 1016.0  25.3  25.8  18.3 99.0 99.00
2016 01 22 00 50  71  8.1  9.3  1.85  7.69  5.66  82 1016.4  25.1  25.8  18.5 99.0 99.00
2016 01 22 01 50  81  8.6 10.2  1.98  7.14  5.72  96 1016.5  25.2  25.8  18.3 99.0 99.00
2016 01 22 02 50  69  7.9  9.8  1.98  7.14  5.79  97 1016.3  25.1  25.8  18.4 99.0 99.00
2016 01 22 03 50  66  8.0 10.2  1.92  6.67  5.78  90 1016.0  25.2  25.8  17.6 99.0 99.00
2016 01 22 04 50  66  7.9  9.4  1.91  7.69  5.73  90 1015.3  25.0  25.8  17.5 99.0 99.00
2016 01 22 05 50  72  7.4  9.2  2.12  7.69  6.23  98 1014.6  24.8  25.8  18.0 99.0 99.00
2016 01 22 06 50  62  7.0  8.1  1.91  7.69  5.86  95 1014.3  24.7  25.8  17.7 99.0 99.00
2016 01 22 07 50  57  7.3  8.7  2.04 12.12  6.46 353 1014.5  24.7  25.8  18.0 99.0 99.00
2016 01 22 08 50  60  8.2  9.8  2.09 16.00  6.33 327 1014.9  24.8  25.8  18.8 99.0 99.00
2016 01 22 09 50  56  7.4  9.1  2.13 16.00  6.60  10 1015.5  24.8  25.8  18.2 99.0 99.00
2016 01 22 10 50  83  6.8 11.3  2.25 16.00  7.15 348 1016.5  24.1  25.8  20.0 99.0 99.00
2016 01 22 11 50 100  4.9  6.5  2.40 14.81  6.84 345 1017.3  22.3  25.8  19.7 99.0 99.00
2016 01 22 12 50  59  7.5 10.2  2.60 14.81  7.74 352 1017.4  22.5  25.8  20.0 99.0 99.00
2016 01 22 13 50  84  7.3  8.8  2.57 14.81  7.90 342 1017.2  24.7  25.8  19.6 99.0 99.00
2016 01 22 14 50  87  6.7  8.0  3.04 16.00  8.71 358 1016.6  25.5  25.9  17.1 99.0 99.00
2016 01 22 15 50  79  7.1  8.7  2.71 16.00  7.83   2 1015.9  25.4  25.9  17.9 99.0 99.00
2016 01 22 16 50  85  6.8  8.4  3.45 14.81  9.13 351 1015.0  25.3  25.9  19.2 99.0 99.00
2016 01 22 17 50  90  6.6  8.0  2.93 14.81  8.03 359 1014.6  25.4  25.9  18.3 99.0 99.00
2016 01 22 18 50  80  6.7  8.3  3.48 16.00  9.18 358 1014.6  25.4  25.9  17.6 99.0 99.00
2016 01 22 19 50  73  7.1  8.7  3.15 16.00  8.92 349 1015.1  25.4  25.9  18.0 99.0 99.00
2016 01 22 20 50  72  7.8  9.3  3.41 14.81  9.01 359 1015.6  25.4  25.9  18.5 99.0 99.00
2016 01 22 21 50  74  7.3  8.9  2.95 13.79  8.37 348 1016.3  25.2  25.9  19.0 99.0 99.00
2016 01 22 22 50  68  6.8  8.3  3.90 14.81 10.30 351 1017.1  25.2  25.8  19.6 99.0 99.00
2016 01 22 23 50  75  7.3  8.4  3.16 14.81  9.27 354 1017.6  25.1  25.8  19.8 99.0 99.00
2016 01 23 00 50  70  7.1  8.3  3.29 16.00  9.46 348 1018.1  25.1  25.8  19.8 99.0 99.00
2016 01 23 01 50  68  7.2  8.7  3.12 14.81  9.37 357 1018.1  25.0  25.8  19.5 99.0 99.00
2016 01 23 02 50  71  7.3  8.9  3.40 14.81  9.58 347 1017.8  24.9  25.8  18.7 99.0 99.00
2016 01 23 03 50  65  6.7  8.4  3.22 13.79  9.35 353 1017.7  24.9  25.8  19.4 99.0 99.00
2016 01 23 04 50  63  6.5  7.5  3.09 14.81  9.51 354 1017.2  24.8  25.8  19.1 99.0 99.00
2016 01 23 05 50  60  6.7  8.2  3.32 14.81  9.67 354 1016.8  24.8  25.8  19.5 99.0 99.00
2016 01 23 06 50  63  6.9  7.9  3.00 14.81  8.95 348 1016.6  24.7  25.8  19.3 99.0 99.00
2016 01 23 07 50  67  7.1  8.5  2.72 13.79  8.52 346 1016.8  24.8  25.8  19.3 99.0 99.00
2016 01 23 08 50  73  7.6  9.1  2.75 13.79  8.62 357 1017.0  24.7  25.8  19.6 99.0 99.00
2016 01 23 09 50  70  7.5  9.0  2.82 13.79  8.20 354 1017.6  24.8  25.8  19.9 99.0 99.00
2016 01 23 10 50  70  8.1  9.6  3.14 14.81  8.56 354 1018.5  24.9  25.8  20.0 99.0 99.00
2016 01 23 11 50  76  8.1  9.7  2.59 13.79  7.74 346 1019.1  25.1  25.8  19.5 99.0 99.00
2016 01 23 12 50  76  8.4 10.4  2.58 13.79  7.75 355 1019.2  25.1  25.8  20.4 99.0 99.00
2016 01 23 13 50  79  8.6 10.0  2.76 13.79  7.86 343 1019.2  25.2  25.9  20.0 99.0 99.00
2016 01 23 14 50  81  7.9  9.2  2.70 13.79  7.48 342 1019.0  25.2  25.9  20.1 99.0 99.00
2016 01 23 15 50  80  8.2  9.9  2.64 14.81  7.51   3 1018.3  25.3  25.9  19.9 99.0 99.00
2016 01 23 16 50  81  8.4  9.9  2.49 12.90  7.26 335 1017.5  25.2  25.9  19.9 99.0 99.00
2016 01 23 17 50  77  8.5 10.1  2.68 13.79  7.49 336 1016.9  25.2  25.9  20.1 99.0 99.00
2016 01 23 18 50  80  8.2  9.5  2.50 13.79  7.13 349 1016.7  25.3  25.9  19.8 99.0 99.00
2016 01 23 19 50  75  8.1  9.4  2.80 13.79  7.62 355 1016.9  25.2  25.9  19.9 99.0 99.00
2016 01 23 20 50  75  7.6  9.5  2.28 12.90  6.89   6 1017.0  25.2  25.9  20.4 99.0 99.00
2016 01 23 21 50  74  7.8  9.0  2.67 13.79  7.55 352 1017.6  25.2  25.8  20.1 99.0 99.00
2016 01 23 22 50  66  8.3  9.6  2.79 13.79  7.95 355 1018.3  25.2  25.8  20.2 99.0 99.00
2016 01 23 23 50  67  8.5 10.1  2.44 12.90  7.29 344 1018.9  25.1  25.8  20.4 99.0 99.00
2016 01 24 00 50  65  8.7 10.2  2.46 12.90  7.27 353 1019.5  25.1  25.8  20.4 99.0 99.00
2016 01 24 01 50  58  8.5 10.4  2.30 12.90  6.83 352 1019.4  25.1  25.8  20.6 99.0 99.00
2016 01 24 02 50  62  8.5 10.0  2.34 12.90  6.85 356 1019.2  25.0  25.8  20.2 99.0 99.00
2016 01 24 03 50  72  8.8 10.7  2.35 12.90  6.81   1 1018.9  24.9  25.8  20.4 99.0 99.00
2016 01 24 04 50  70  9.0 10.3  2.29 12.90  6.38 360 1018.4  24.9  25.8  20.3 99.0 99.00
2016 01 24 05 50  64  9.4 11.1  2.23 12.90  6.29 343 1017.6  24.8  25.8  20.6 99.0 99.00
2016 01 24 06 50  61  9.3 10.9  2.12 12.90  6.24 334 1017.2  24.9  25.8  20.1 99.0 99.00
2016 01 24 07 50  61  9.2 10.7  2.20 12.90  6.26 346 1017.2  24.9  25.8  20.4 99.0 99.00
2016 01 24 08 50  65  9.6 11.7  2.31 12.90  6.49 343 1017.4  24.9  25.8  20.7 99.0 99.00
2016 01 24 09 50  69  9.3 11.0  2.43 12.90  6.54 345 1017.6  25.0  25.8  20.3 99.0 99.00
2016 01 24 10 50  72 10.5 12.3  2.25 12.90  5.88 345 1018.3  25.0  25.8  20.2 99.0 99.00
2016 01 24 11 50  71  9.5 11.1  2.33 12.90  6.21   2 1018.9  25.1  25.8  19.7 99.0 99.00
2016 01 24 12 50  70 10.1 11.9  2.20 12.90  5.85   5 1019.3  25.0  25.8  20.6 99.0 99.00
2016 01 24 13 50  75 10.1 11.7  2.46 12.12  6.11 337 1019.1  25.4  25.8  19.3 99.0 99.00
2016 01 24 14 50  71  9.4 11.2  2.28 12.12  6.06 356 1018.6  25.4  25.8  20.1 99.0 99.00
2016 01 24 15 50  72  9.8 11.7  2.23 12.90  5.84 359 1017.7  25.3  25.9  20.0 99.0 99.00
2016 01 24 16 50  72  9.6 11.1  2.48 12.12  6.17 330 1016.9  25.3  25.9  20.2 99.0 99.00
2016 01 24 17 50  74  9.1 10.9  2.33 12.12  5.89 346 1016.3  25.3  25.9  20.4 99.0 99.00
2016 01 24 18 50  71 10.0 11.7  2.21  6.67  5.73  80 1015.6  25.4  25.9  20.0 99.0 99.00
2016 01 24 19 50  71 10.1 11.8  2.31 11.43  5.92 353 1015.7  25.4  25.8  20.1 99.0 99.00
2016 01 24 20 50  72 10.4 12.6  2.42  7.14  6.03  85 1015.9  25.3  25.8  20.2 99.0 99.00
2016 01 24 21 50  76  9.9 11.9  2.43 12.90  5.84 347 1016.4  25.3  25.8  20.4 99.0 99.00
2016 01 24 22 50  68  9.9 11.6  2.49 12.12  6.19 348 1017.0  25.2  25.8  20.3 99.0 99.00
2016 01 24 23 50  71  9.8 11.9  2.27 12.90  5.94 336 1017.7  25.3  25.8  20.0 99.0 99.00
2016 01 25 00 50  76  9.5 11.0  2.43 12.12  6.13 357 1018.1  25.3  25.8  19.9 99.0 99.00
2016 01 25 01 50  72  9.6 11.6  2.60 11.43  6.34 347 1018.0  25.2  25.8  20.1 99.0 99.00
2016 01 25 02 50  79  9.3 10.8  2.38 12.12  6.05 340 1018.0  25.2  25.8  19.7 99.0 99.00
2016 01 25 03 50  76  9.3 11.2  2.41 11.43  6.02 358 1018.0  25.1  25.8  20.1 99.0 99.00
2016 01 25 04 50  74  9.3 11.0  2.54 12.12  6.50  15 1017.5  25.0  25.8  19.7 99.0 99.00
2016 01 25 05 50  74  9.0 10.8  2.63 12.12  6.70 349 1017.3  25.0  25.8  20.0 99.0 99.00
2016 01 25 06 50  72  8.2  9.8  2.62 12.12  6.50 339 1017.2  25.0  25.8  20.1 99.0 99.00
2016 01 25 07 50  71  9.2 11.2  2.54  7.69  6.37  89 1017.2  25.0  25.8  19.9 99.0 99.00
2016 01 25 08 50  66  9.0 10.6  2.52 12.90  6.30   5 1017.7  25.0  25.8  20.0 99.0 99.00
2016 01 25 09 50  71  9.7 11.4  2.70 11.43  6.65 349 1018.1  25.1  25.8  19.9 99.0 99.00
2016 01 25 10 50  70 10.7 12.7  2.68  7.69  6.56  81 1018.5  25.2  25.8  20.1 99.0 99.00
2016 01 25 11 50  74 10.6 12.6  2.43  7.69  6.17  67 1019.5  25.3  25.8  19.5 99.0 99.00
2016 01 25 12 50  73  9.3 10.9  2.60 12.90  6.63 346 1020.0  25.3  25.8  19.9 99.0 99.00
2016 01 25 13 50  75 10.0 12.4  2.61 12.12  6.58 353 1020.0  25.3  25.8  19.7 99.0 99.00
2016 01 25 14 50  75  9.4 11.4  2.69 12.90  6.57 359 1019.7  25.3  25.8  20.1 99.0 99.00
2016 01 25 15 50  68  9.6 11.5  2.48 12.12  6.40 360 1019.3  25.2  25.8  20.2 99.0 99.00
2016 01 25 16 50  73  9.4 10.7  2.59 12.12  6.57 353 1018.7  25.3  25.8  20.1 99.0 99.00
2016 01 25 17 50  69  9.1 11.1  2.75 12.12  6.87 359 1018.1  25.3  25.8  20.4 99.0 99.00
2016 01 25 18 50  66  9.4 11.5  2.82 12.90  6.79 352 1017.6  25.3  25.8  20.4 99.0 99.00
2016 01 25 19 50  70  9.5 11.3  2.66  8.33  6.59  76 1017.8  25.4  25.8  20.3 99.0 99.00
2016 01 25 20 50  68  9.4 10.8  2.56 12.12  6.62 348 1017.9  25.3  25.8  20.3 99.0 99.00
2016 01 25 21 50  62  9.4 11.2  2.80 12.12  6.91   7 1018.5  25.3  25.8  20.6 99.0 99.00
2016 01 25 22 50  66 10.3 12.1  2.75  8.33  6.51  72 1019.0  25.3  25.8  20.4 99.0 99.00
2016 01 25 23 50  64 10.5 11.8  2.51  8.33  6.27  78 1019.7  25.3  25.7  20.5 99.0 99.00
2016 01 26 00 50  60 10.4 13.0  2.66  8.33  6.49  75 1020.1  25.3  25.7  20.4 99.0 99.00
2016 01 26 01 50  66 10.8 12.9  2.66 12.90  6.32   7 1019.9  25.3  25.7  20.4 99.0 99.00
2016 01 26 02 50  68 10.2 12.1  2.70  7.69  6.42  71 1019.9  25.2  25.7  20.2 99.0 99.00
2016 01 26 03 50  68 10.1 12.0  2.52 12.12  6.21  25 1019.7  25.1  25.7  20.1 99.0 99.00
2016 01 26 04 50  68  9.7 11.6  2.68  8.33  6.42  70 1019.3  25.1  25.7  20.2 99.0 99.00
2016 01 26 05 50  69 10.0 11.7  2.34 12.12  6.09 346 1018.6  25.0  25.7  19.6 99.0 99.00
2016 01 26 06 50  61 10.2 12.1  2.32 12.12  6.15   1 1018.5  24.9  25.7  19.8 99.0 99.00
2016 01 26 07 50  64  9.7 11.8  2.62  8.33  6.28  74 1018.4  24.9  25.7  19.8 99.0 99.00
2016 01 26 08 50  60 10.2 12.8  2.52  8.33  6.07  74 1018.6  25.0  25.7  19.3 99.0 99.00
2016 01 26 09 50  63 10.1 11.7  2.51  8.33  5.96  74 1018.9  25.0  25.7  19.4 99.0 99.00
2016 01 26 10 50  64 11.2 13.2  2.58  8.33  6.29  80 1019.3  25.1  25.7  19.2 99.0 99.00
2016 01 26 11 50  62 11.1 12.8  2.45  8.33  6.01  85 1019.9  25.2  25.7  19.1 99.0 99.00
2016 01 26 12 50  66 10.8 12.9  2.70  8.33  6.18  74 1020.2  25.1  25.7  19.4 99.0 99.00
2016 01 26 13 50  64 11.0 13.5  2.64  8.33  5.99  78 1020.1  25.3  25.7  19.0 99.0 99.00
2016 01 26 14 50  68 11.1 13.2  2.59  7.69  5.95  84 1019.7  25.3  25.7  19.2 99.0 99.00
2016 01 26 15 50  59 10.9 13.3  2.75  8.33  6.14  75 1019.0  25.2  25.8  19.6 99.0 99.00
2016 01 26 16 50  59 10.4 12.5  2.86  8.33  6.11  71 1018.0  25.2  25.8  19.8 99.0 99.00
2016 01 26 17 50  60 10.5 12.4  2.75  8.33  6.07  78 1017.4  25.2  25.8  19.4 99.0 99.00
2016 01 26 18 50  64 11.2 14.2  2.57  8.33  6.10  74 1016.9  25.3  25.7  18.6 99.0 99.00
2016 01 26 19 50  63 10.4 13.1  2.54  8.33  6.06  81 1017.1  25.2  25.7  19.5 99.0 99.00
2016 01 26 20 50  60  9.0 11.1  2.74  9.09  6.33  74 1017.4  25.1  25.7  19.8 99.0 99.00
2016 01 26 21 50  67  9.2 11.2  2.43  9.09  5.99  71 1018.0  25.1  25.7  19.3 99.0 99.00
2016 01 26 22 50  70  9.3 11.3  2.56  8.33  6.18  84 1018.5  25.2  25.7  19.4 99.0 99.00
2016 01 26 23 50  67  9.1 11.4  2.72  9.09  6.40  78 1018.9  25.2  25.7  19.9 99.0 99.00
2016 01 27 00 50  62  9.1 12.0  2.49  8.33  6.10  79 1019.2  25.1  25.7  19.7 99.0 99.00
2016 01 27 01 50  72  9.6 10.7  2.50  8.33  6.06  75 1019.4  25.2  25.7  18.7 99.0 99.00
2016 01 27 02 50  68  9.6 11.8  2.48  9.09  6.27  70 1019.1  25.0  25.7  19.1 99.0 99.00
2016 01 27 03 50  66  9.3 10.9  2.41  8.33  6.24  79 1018.7  25.0  25.7  18.4 99.0 99.00
2016 01 27 04 50  69 10.0 12.3  2.48  8.33  6.19  73 1017.9  24.9  25.7  18.8 99.0 99.00
2016 01 27 05 50  64 10.4 12.0  2.48  8.33  6.24  74 1017.1  24.9  25.7  18.2 99.0 99.00
2016 01 27 06 50  65 10.0 11.9  2.39  9.09  6.14  68 1016.8  24.8  25.6  18.5 99.0 99.00
2016 01 27 07 50  60 10.0 12.0  2.69  9.09  6.42  81 1016.9  24.8  25.6  18.1 99.0 99.00
2016 01 27 08 50  68 10.3 12.2  2.42  9.09  6.14  78 1017.2  24.7  25.6  18.3 99.0 99.00
2016 01 27 09 50  64  9.5 12.1  2.58  8.33  6.35  74 1017.4  24.8  25.6  18.8 99.0 99.00
2016 01 27 10 50  74  9.9 11.7  2.31  7.69  6.05  80 1018.0  24.9  25.6  18.4 99.0 99.00
2016 01 27 11 50  64  9.8 11.5  2.51  9.09  6.11  72 1018.8  25.0  25.7  18.5 99.0 99.00
2016 01 27 12 50  71  9.9 11.7  2.48 13.79  6.12 324 1019.2  25.2  25.7  18.6 99.0 99.00
2016 01 27 13 50  69 10.0 11.6  2.60 13.79  6.08 335 1019.0  25.0  25.7  19.0 99.0 99.00
2016 01 27 14 50  70  9.6 11.3  2.70 13.79  6.36 337 1018.6  25.1  25.7  18.6 99.0 99.00
2016 01 27 15 50  70  8.8 10.7  2.73 13.79  6.56 348 1017.9  25.1  25.7  19.3 99.0 99.00
2016 01 27 16 50  72  9.0 10.4  2.59  8.33  6.39  78 1016.9  25.1  25.7  18.9 99.0 99.00
2016 01 27 17 50  65  9.3 12.2  2.51  8.33  6.24  83 1016.0  25.0  25.7  19.6 99.0 99.00
2016 01 27 18 50  64  9.4 11.2  2.67  8.33  6.37  78 1015.7  25.2  25.7  18.5 99.0 99.00
2016 01 27 19 50  68  8.5 10.0  2.60  8.33  6.38  88 1015.8  25.1  25.7  18.4 99.0 99.00
2016 01 27 20 50  70  7.9  9.3  2.64  9.09  6.50  77 1016.0  25.0  25.7  19.4 99.0 99.00
2016 01 27 21 50  69  8.0  9.7  2.51  9.09  6.46  79 1016.4  24.9  25.7  19.5 99.0 99.00
2016 01 27 22 50  75  8.1 10.0  2.53  8.33  6.52  86 1017.0  25.0  25.7  18.7 99.0 99.00
2016 01 27 23 50  76  8.1 11.4  2.43  9.09  6.42  77 1017.4  24.5  25.7  19.7 99.0 99.00
2016 01 28 00 50  71  9.1 10.9  2.44  9.09  6.37  73 1017.5  24.9  25.7  19.2 99.0 99.00
2016 01 28 01 50  70  8.3  9.9  2.51 12.90  6.42 341 1017.7  24.9  25.7  18.9 99.0 99.00
2016 01 28 02 50  72  8.7 10.6  2.38 12.12  6.33 313 1017.5  24.7  25.6  19.5 99.0 99.00
2016 01 28 03 50  65  8.1  9.4  2.52  9.09  6.46  82 1017.4  24.9  25.6  18.5 99.0 99.00
2016 01 28 04 50  64  7.2  8.7  2.33  9.09  6.50  72 1017.3  24.8  25.6  19.3 99.0 99.00
2016 01 28 05 50  64  6.2  7.4  2.32  9.09  6.29  78 1016.9  24.2  25.6  19.7 99.0 99.00
2016 01 28 06 50  82  8.5 10.0  2.15 12.90  6.05 337 1016.4  24.8  25.6  18.6 99.0 99.00
2016 01 28 07 50  78  8.2  9.7  2.37  9.09  6.45  86 1016.6  24.9  25.6  18.2 99.0 99.00
2016 01 28 08 50  74  7.8  9.8  2.48  8.33  6.48  84 1017.2  24.7  25.6  19.0 99.0 99.00
2016 01 28 09 50  75  8.0  9.9  2.21 12.12  6.13 335 1017.7  24.8  25.6  19.0 99.0 99.00
2016 01 28 10 50  68  8.1  9.3  2.35  9.09  6.50  78 1018.5  25.0  25.6  18.3 99.0 99.00
2016 01 28 11 50  82  8.7 10.2  2.11  9.09  6.07  85 1018.6  25.1  25.6  18.4 99.0 99.00
2016 01 28 12 50  84  6.8  8.4  2.30 13.79  6.43   1 1019.0  24.9  25.6  19.0 99.0 99.00
2016 01 28 13 50  86  7.6  9.1  2.16  8.33  6.34  92 1018.6  25.1  25.6  18.7 99.0 99.00
2016 01 28 14 50  79  8.0  9.7  2.25  9.09  6.39  84 1018.1  25.3  25.7  17.9 99.0 99.00
2016 01 28 15 50  89  7.8  9.3  2.05  8.33  6.02  67 1017.5  25.3  25.7  17.9 99.0 99.00
2016 01 28 16 50  84  8.3 10.2  2.29  8.33  6.27  85 1016.6  25.3  25.7  18.4 99.0 99.00
2016 01 28 17 50  80  6.5  7.6  2.35 12.90  6.49 337 1016.1  25.1  25.7  19.2 99.0 99.00
2016 01 28 18 50  79  7.5  8.9  2.20  8.33  6.45  73 1015.7  25.1  25.7  19.1 99.0 99.00
2016 01 28 19 50  76  6.8  8.3  2.17  8.33  6.38  77 1015.9  25.1  25.7  19.5 99.0 99.00
2016 01 28 20 50  76  8.0  9.2  2.16 12.90  6.35 347 1016.0  25.1  25.6  19.3 99.0 99.00
2016 01 28 21 50  74  8.0  9.5  2.08  8.33  6.11  73 1016.5  25.0  25.6  19.2 99.0 99.00
2016 01 28 22 50  68  8.3  9.6  2.16  8.33  6.10  67 1016.9  25.0  25.6  19.4 99.0 99.00
2016 01 28 23 50  82  8.2  9.6  2.09  8.33  6.27  71 1017.5  25.0  25.6  19.8 99.0 99.00
2016 01 29 00 50  75  8.1  9.6  2.25  9.09  6.35  78 1018.0  24.9  25.5  19.4 99.0 99.00
2016 01 29 01 50  81  7.8  9.5  2.11 12.12  6.29 342 1017.9  24.9  25.5  19.7 99.0 99.00
2016 01 29 02 50  80  8.7 10.6  2.02 10.81  6.04 351 1017.7  24.9  25.5  19.5 99.0 99.00
2016 01 29 03 50  74  8.3 10.0  2.28  8.33  6.29  80 1017.6  24.9  25.5  19.8 99.0 99.00
2016 01 29 04 50  68  8.4 10.1  2.23  8.33  6.09  78 1016.8  24.7  25.5  19.3 99.0 99.00
2016 01 29 05 50  69  8.1  9.6  2.22  8.33  6.39  70 1016.2  24.6  25.5  19.5 99.0 99.00
2016 01 29 06 50  77  7.7  9.3  2.17  8.33  6.22  75 1015.8  24.6  25.5  19.1 99.0 99.00
2016 01 29 07 50  81  7.4  9.8  2.08  9.09  6.17  62 1016.0  24.6  25.5  19.3 99.0 99.00
2016 01 29 08 50  78  8.1  9.4  2.07  8.33  6.15  62 1016.2  24.6  25.5  19.3 99.0 99.00
2016 01 29 09 50  87  8.2  9.4  2.25  8.33  6.27  69 1016.5  24.6  25.5  19.2 99.0 99.00
2016 01 29 10 50  79  8.4 10.1  2.02  8.33  5.98  76 1017.0  24.7  25.5  19.0 99.0 99.00
2016 01 29 11 50  75  8.2  9.7  2.02  8.33  6.10  62 1017.8  24.9  25.5  19.1 99.0 99.00
2016 01 29 12 50  72  8.0  9.5  2.03  8.33  5.84  73 1018.0  25.1  25.5  19.2 99.0 99.00
2016 01 29 13 50  76  8.6 10.5  2.17  8.33  5.94  75 1017.5  25.0  25.6  19.9 99.0 99.00
2016 01 29 14 50  82  8.7 10.2  2.22  8.33  6.10  69 1017.2  25.1  25.6  19.3 99.0 99.00
2016 01 29 15 50  76  8.0  9.6  2.20  8.33  6.04  65 1016.4  25.3  25.6  19.1 99.0 99.00
2016 01 29 16 50  70  7.9  9.2  2.21  8.33  6.11  73 1015.5  25.1  25.6  19.8 99.0 99.00
2016 01 29 17 50  70  7.9  9.3  2.34  8.33  6.14  73 1014.8  25.1  25.6  19.6 99.0 99.00
2016 01 29 18 50  71  8.3  9.8  2.09  8.33  6.05  75 1014.8  25.1  25.6  20.1 99.0 99.00
2016 01 29 19 50  74  8.0  9.2  2.22  8.33  6.17  69 1015.3  25.2  25.6  20.3 99.0 99.00
2016 01 29 20 50  70  9.2 11.1  2.19  8.33  5.84  69 1015.5  25.2  25.6  20.0 99.0 99.00
2016 01 29 21 50  71  9.4 11.4  2.27  8.33  6.06  62 1015.9  25.1  25.6  19.8 99.0 99.00
2016 01 29 22 50  68  9.3 11.2  2.37  9.09  6.08  59 1016.0  25.1  25.5  20.1 99.0 99.00
2016 01 29 23 50  68 10.0 11.8  2.37  7.69  6.00  75 1016.5  25.1  25.5  19.7 99.0 99.00
2016 01 30 00 50  73  9.5 11.3  2.47  8.33  6.11  67 1017.0  25.0  25.5  19.8 99.0 99.00
2016 01 30 01 50  66 10.0 11.5  2.54  8.33  6.18  69 1016.9  24.9  25.5  20.1 99.0 99.00
2016 01 30 02 50  72 10.7 12.5  2.71  8.33  6.15  69 1017.1  25.0  25.5  19.1 99.0 99.00
2016 01 30 03 50  73  9.9 11.5  2.53  9.09  6.08  62 1016.9  24.9  25.5  19.5 99.0 99.00
2016 01 30 04 50  74  9.7 11.6  2.76  7.69  6.28  79 1016.2  24.8  25.5  19.8 99.0 99.00
2016 01 30 05 50  72  9.7 11.8  2.78  8.33  6.29  73 1015.8  24.7  25.5  19.6 99.0 99.00
2016 01 30 06 50  69  9.0 10.7  2.69  9.09  6.32  65 1015.7  24.8  25.5  19.8 99.0 99.00
2016 01 30 07 50  68 10.3 12.1  2.66  8.33  6.22  65 1015.6  24.7  25.5  19.7 99.0 99.00
2016 01 30 08 50  72  9.5 11.2  2.76  8.33  6.27  70 1015.8  24.7  25.5  19.6 99.0 99.00
2016 01 30 09 50  73  9.3 10.8  2.77  8.33  6.42  61 1016.6  24.7  25.5  19.1 99.0 99.00
2016 01 30 10 50  77  9.3 10.8  2.74  9.09  6.34  58 1016.9  24.9  25.5  19.0 99.0 99.00
2016 01 30 11 50  77  9.0 10.6  2.60  8.33  6.41  71 1017.6  25.0  25.5  19.7 99.0 99.00
2016 01 30 12 50  73  9.0 10.9  2.48  9.09  6.40  54 1017.7  24.9  25.5  19.9 99.0 99.00
2016 01 30 13 50  75  9.1 10.9  2.56  9.09  6.47  55 1017.5  25.0  25.5  19.9 99.0 99.00
2016 01 30 14 50  77  8.8 10.4  2.47  9.09  6.24  61 1017.2  25.1  25.6  19.4 99.0 99.00
2016 01 30 15 50  73  8.2  9.5  2.72  9.09  6.61  69 1016.4  25.0  25.6  19.9 99.0 99.00
2016 01 30 16 50  77  8.3  9.7  2.46  9.09  6.32  61 1015.5  25.0  25.6  20.1 99.0 99.00
2016 01 30 17 50  72  8.3  9.9  2.68  9.09  6.35  59 1014.8  25.0  25.6  20.2 99.0 99.00
2016 01 30 18 50  74  8.1  9.8  2.30  9.09  6.08  62 1014.7  25.0  25.6  20.3 99.0 99.00
2016 01 30 19 50  75  8.3 10.4  2.49  9.09  6.37  70 1014.9  25.1  25.5  20.1 99.0 99.00
2016 01 30 20 50  71  8.3 10.0  2.36  8.33  6.12  70 1015.5  25.1  25.5  20.1 99.0 99.00
2016 01 30 21 50  75  8.1  9.8  2.20  8.33  6.06  65 1016.0  25.0  25.5  20.2 99.0 99.00
2016 01 30 22 50  73  7.9  9.6  2.38  8.33  6.26  70 1016.9  25.0  25.5  20.4 99.0 99.00
2016 01 30 23 50  65  8.3  9.5  2.30 10.00  6.43  56 1017.3  24.9  25.4  20.3 99.0 99.00
2016 01 31 00 50  68  8.4  9.9  2.47  9.09  6.60  64 1017.4  24.9  25.5  20.3 99.0 99.00
2016 01 31 01 50  79  8.9 10.2  2.60  9.09  6.77  71 1017.2  24.9  25.5  20.2 99.0 99.00
2016 01 31 02 50  72  8.3 10.4  2.35  9.09  6.27  67 1017.1  24.9  25.5  20.4 99.0 99.00
2016 01 31 03 50  72  7.7  9.3  2.53  9.09  6.44  64 1017.0  24.9  25.5  20.8 99.0 99.00
2016 01 31 04 50  69  7.7  9.0  2.37  9.09  6.42  57 1016.6  24.8  25.5  20.4 99.0 99.00
2016 01 31 05 50  76  7.8 11.0  2.63  9.09  6.68  69 1016.0  24.9  25.5  20.2 99.0 99.00
2016 01 31 06 50  77  7.7  9.0  2.57  9.09  6.71  62 1015.7  24.7  25.5  20.2 99.0 99.00
2016 01 31 07 50  70  7.5  8.8  2.62  9.09  6.65  54 1015.7  24.7  25.4  19.9 99.0 99.00
2016 01 31 08 50  78  8.6 10.2  2.42  9.09  6.67  63 1015.8  24.7  25.4  20.0 99.0 99.00
2016 01 31 09 50  82  8.6 10.0  2.58  9.09  6.54  70 1016.3  24.7  25.4  19.8 99.0 99.00
2016 01 31 10 50  69  8.1  9.9  2.34 10.00  6.51  56 1016.8  24.9  25.4  20.0 99.0 99.00
2016 01 31 11 50  71  9.2 11.1  2.37  9.09  6.44  66 1017.6  25.0  25.5  19.8 99.0 99.00
2016 01 31 12 50  74  9.3 11.3  2.40  9.09  6.33  63 1017.4  25.0  25.5  20.3 99.0 99.00
2016 01 31 13 50  81  9.6 11.7  2.30  9.09  6.19  59 1017.3  25.0  25.5  20.1 99.0 99.00
2016 01 31 14 50  83  8.6 10.5  2.40  9.09  6.14  61 1017.1  25.2  25.5  20.1 99.0 99.00
2016 01 31 15 50  84  8.6 10.7  2.41  9.09  6.18  59 1016.4  25.1  25.6  20.3 99.0 99.00
2016 01 31 16 50  82  8.1  9.5  2.51  9.09  6.19  65 1015.8  25.1  25.6  20.1 99.0 99.00
2016 01 31 17 50  79  8.3  9.9  2.17  9.09  6.00  61 1015.1  25.1  25.6  20.2 99.0 99.00
2016 01 31 18 50  78  9.0 10.7  2.45  9.09  6.29  55 1014.9  25.2  25.6  20.0 99.0 99.00
2016 01 31 19 50  76  8.9 10.3  2.33  9.09  6.09  59 1015.1  25.2  25.6  20.4 99.0 99.00
2016 01 31 20 50  77  8.8 10.3  2.33  9.09  6.12  70 1015.1  25.1  25.6  20.3 99.0 99.00
2016 01 31 21 50  74  8.9 10.5  2.41  9.09  6.13  59 1015.6  25.0  25.5  20.3 99.0 99.00
2016 01 31 22 50  81  8.8 10.9  2.27  9.09  6.02  71 1016.6  25.1  25.5  20.4 99.0 99.00
