#YY  MM DD hh mm WDIR WSPD GST  WVHT   DPD   APD MWD   PRES  ATMP  WTMP  DEWP  VIS  TIDE
#yr  mo dy hr mn degT m/s  m/s     m   sec   sec deg    hPa  degC  degC  degC  nmi    ft
2016 06 30 23 50  68  9.8 12.0  2.64  8.33  6.04  67 1017.4  26.7  26.9  21.6 99.0 99.00
2016 07 01 01 50  68  9.5 12.3  2.45  8.33  6.05  88 1018.0  26.5  26.9  22.4 99.0 99.00
2016 07 01 02 50  74 10.2 12.1  2.59  9.09  6.12  83 1017.8  26.5  26.8  21.4 99.0 99.00
2016 07 01 03 50  69  9.5 11.3  2.40  8.33  6.06  73 1017.1  26.3  26.8  21.7 99.0 99.00
2016 07 01 04 50  68  8.7 10.3  2.50  8.33  6.17  65 1016.5  26.3  26.8  22.2 99.0 99.00
2016 07 01 05 50  66  9.8 12.0  2.45  9.09  6.09  73 1016.0  26.3  26.8  21.4 99.0 99.00
2016 07 01 06 50  66 10.0 11.9  2.52  8.33  5.97  72 1015.8  26.3  26.8  21.4 99.0 99.00
2016 07 01 07 50  55  9.4 11.2  2.48  9.09  5.96  66 1016.2  26.3  26.8  22.2 99.0 99.00
2016 07 01 08 50  63  9.0 10.4  2.40  7.69  5.84  63 1016.5  26.3  26.8  21.3 99.0 99.00
2016 07 01 09 50  62  9.0 10.7  2.48  7.14  6.02  76 1016.9  26.4  26.8  21.6 99.0 99.00
2016 07 01 10 50  59  9.5 12.1  2.27  9.09  5.78  72 1017.5  26.1  26.8  22.3 99.0 99.00
2016 07 01 11 50  67 10.2 12.3  2.27  9.09  6.06  74 1017.6  26.2  26.8  21.8 99.0 99.00
2016 07 01 12 50  69 10.7 12.5  2.26  7.69  5.94  71 1017.6  26.9  26.8  20.4 99.0 99.00
2016 07 01 13 50  69  9.2 11.3  2.38  7.69  5.85  73 1017.4  26.7  26.9  21.3 99.0 99.00
2016 07 01 14 50  61  9.1 11.0  2.32  9.09  5.94  69 1017.0  26.7  26.9  21.6 99.0 99.00
2016 07 01 15 50  69  9.9 11.7  2.56  8.33  6.01  65 1016.4  26.7  26.9  21.5 99.0 99.00
2016 07 01 16 50  73  8.6 10.6  2.36  8.33  5.98  81 1015.7  26.3  26.9  22.2 99.0 99.00
2016 07 01 17 50  66  9.1 10.6  2.50  8.33  6.08  65 1015.4  26.4  26.9  22.1 99.0 99.00
2016 07 01 18 50  64  9.4 11.1  2.47  9.09  6.12  72 1014.9  26.6  26.9  21.9 99.0 99.00
2016 07 01 19 50  59 10.1 12.4  2.21  9.09  5.75  71 1014.9  26.6  26.9  21.2 99.0 99.00
2016 07 01 20 50  55 10.0 12.1  2.45  9.09  6.03  74 1015.2  26.5  26.9  21.8 99.0 99.00
2016 07 01 21 50  60 10.3 12.6  2.38  8.33  5.94  68 1015.5  26.5  26.9  21.7 99.0 99.00
2016 07 01 22 50  64  9.6 11.7  2.34  9.09  5.87  60 1016.1  26.5  26.8  21.7 99.0 99.00
2016 07 01 23 50  67  9.3 11.2  2.42  9.09  6.00  75 1016.9  26.5  26.8  21.9 99.0 99.00
2016 07 02 00 50  73 10.9 13.1  2.59  9.09  6.05  76 1017.1  26.5  26.8  21.7 99.0 99.00
2016 07 02 01 50  70  9.6 12.0  2.54  8.33  5.96  64 1017.7  26.5  26.8  21.9 99.0 99.00
2016 07 02 02 50  67  9.9 11.8  2.46  9.09  6.09  66 1016.9  26.5  26.8  21.7 99.0 99.00
2016 07 02 03 50  69  9.0 10.4  2.50  8.33  6.08  66 1016.2  26.4  26.8  21.8 99.0 99.00
2016 07 02 04 50  66  8.6  9.9  2.58  8.33  6.15  82 1015.7  26.0  26.8  21.9 99.0 99.00
2016 07 02 05 50  58  8.9 10.6  2.76  8.33  6.37  76 1015.1  25.8  26.8  22.4 99.0 99.00
2016 07 02 06 50  59  7.5  9.4  2.47  8.33  6.30  80 1015.4  25.8  26.8  22.8 99.0 99.00
2016 07 02 07 50  61  8.4  9.9  2.46  7.69  6.38  79 1015.4  26.3  26.8  22.4 99.0 99.00
2016 07 02 09 50  61  9.5 10.9  2.51  9.09  6.38  71 1016.2  26.1  26.8  22.4 99.0 99.00
2016 07 02 10 50  64  9.4 11.1  2.44  9.09  6.07  70 1016.6  25.8  26.8  22.8 99.0 99.00
2016 07 02 11 50  69  8.8 10.1  2.41  9.09  6.08  64 1016.9  25.8  26.8  22.6 99.0 99.00
2016 07 02 12 50  77  9.0 10.4  2.53  9.09  6.32  68 1017.1  26.6  26.8  22.6 99.0 99.00
2016 07 02 13 50  76  7.7  9.1  2.57  9.09  6.48  68 1017.1  26.5  26.8  22.6 99.0 99.00
2016 07 02 14 50  75  8.4 10.0  2.54  9.09  6.40  71 1016.9  26.6  26.9  22.7 99.0 99.00
2016 07 02 15 50  70  8.7 10.6  2.49  8.33  6.46  64 1016.4  26.6  26.9  22.5 99.0 99.00
2016 07 02 16 50  76  8.6 10.1  2.35  9.09  6.08  75 1015.9  26.4  26.9  22.4 99.0 99.00
2016 07 02 17 50  76  8.2 10.2  2.49  8.33  6.30  79 1015.6  26.5  26.9  22.4 99.0 99.00
2016 07 02 18 50  72  8.5 10.0  2.49  9.09  6.34  69 1015.2  26.4  26.9  22.3 99.0 99.00
2016 07 02 20 50  67  8.4 10.1  2.57  9.09  6.45  71 1015.9  26.5  26.9  22.4 99.0 99.00
2016 07 02 21 50  65  8.4 10.4  2.41  9.09  6.48  71 1016.3  26.5  26.8  22.7 99.0 99.00
2016 07 02 22 50  70  8.7 10.8  2.25  8.33  6.09  60 1016.8  26.7  26.8  22.9 99.0 99.00
2016 07 02 23 50  77  8.8 11.7  2.66  9.09  6.60  67 1017.3  25.0  26.8  22.6 99.0 99.00
2016 07 03 00 50  68 10.5 12.9  2.21  9.09  5.94  65 1017.7  25.9  26.8  23.0 99.0 99.00
2016 07 03 01 50  79  8.6 10.3  2.34 10.00  6.13  54 1018.0  25.9  26.8  22.8 99.0 99.00
2016 07 03 02 50  73  8.9 10.5  2.52  9.09  6.52  67 1017.5  26.2  26.8  22.8 99.0 99.00
2016 07 03 03 50  73  8.9 10.9  2.26  7.69  6.08  65 1016.4  26.3  26.8  23.5 99.0 99.00
2016 07 03 04 50  68  8.2  9.7  2.26  8.33  6.18  77 1016.0  26.3  26.8  23.3 99.0 99.00
2016 07 03 05 50  74  7.9  9.5  2.28  9.09  6.23  59 1015.6  26.4  26.8  23.4 99.0 99.00
2016 07 03 06 50  73  8.3  9.6  2.42  8.33  6.40  73 1015.6  26.4  26.8  23.4 99.0 99.00
2016 07 03 07 50  69  9.8 11.4  2.35  8.33  6.23  73 1015.5  26.4  26.8  23.3 99.0 99.00
2016 07 03 08 50  72 10.1 12.5  2.29  9.09  6.16  72 1016.0  26.4  26.8  23.4 99.0 99.00
2016 07 03 09 50  75  9.4 11.5  2.48  9.09  6.25  72 1016.7  26.6  26.8  23.7 99.0 99.00
2016 07 03 10 50  70  9.5 11.8  2.43 10.00  6.05  70 1017.1  26.6  26.8  23.4 99.0 99.00
2016 07 03 11 50  71  8.9 10.5  2.45  9.09  6.17  67 1017.7  26.6  26.8  23.4 99.0 99.00
2016 07 03 12 50  72  9.1 10.8  2.50  9.09  6.05  83 1017.8  26.7  26.8  23.7 99.0 99.00
2016 07 03 13 50  73  9.1 10.8  2.62  9.09  6.21  75 1018.0  26.7  26.9  23.7 99.0 99.00
2016 07 03 14 50  74  9.2 11.1  2.66  8.33  6.17  68 1017.9  26.7  26.9  23.8 99.0 99.00
2016 07 03 15 50  71  9.8 11.2  2.43  9.09  6.16  78 1017.5  26.8  26.9  23.7 99.0 99.00
2016 07 03 16 50  74  8.7 10.4  2.46  8.33  6.19  96 1017.2  26.8  26.9  23.8 99.0 99.00
2016 07 03 17 50  72  8.5 10.0  2.65  9.09  6.49  72 1016.9  26.8  26.9  23.8 99.0 99.00
2016 07 03 18 50  70  8.1  9.8  2.83  9.09  6.79  81 1016.6  26.8  26.9  24.0 99.0 99.00
2016 07 03 19 50  70  8.3  9.7  2.61  9.09  6.45  73 1016.8  26.8  26.9  23.7 99.0 99.00
2016 07 03 20 50  69  8.2  9.9  2.58  9.09  6.34  67 1017.1  26.8  26.9  23.9 99.0 99.00
2016 07 03 21 50  73  8.7 10.5  2.36  9.09  6.23  86 1017.5  26.8  26.9  23.8 99.0 99.00
2016 07 03 22 50  69  8.6 10.7  2.56  9.09  6.42  87 1018.3  26.8  26.8  24.0 99.0 99.00
2016 07 03 23 50  67  9.5 11.1  2.45  9.09  6.14  77 1018.8  26.6  26.8  23.7 99.0 99.00
2016 07 04 00 50  76  9.7 11.7  2.33  7.69  5.99  80 1019.1  26.7  26.8  24.0 99.0 99.00
2016 07 04 01 50  71  9.2 10.8  2.39  9.09  5.90  83 1019.2  26.8  26.8  23.5 99.0 99.00
2016 07 04 02 50  68  9.6 11.7  2.11 10.00  5.91 108 1018.9  26.8  26.8  23.5 99.0 99.00
2016 07 04 03 50  67  8.3 10.6  2.34 10.00  6.26  92 1018.1  26.8  26.8  23.7 99.0 99.00
2016 07 04 04 50  70  8.3 10.5  2.44  9.09  6.30  76 1017.5  26.6  26.8  23.5 99.0 99.00
2016 07 04 05 50  70  8.0  9.3  2.51  7.69  6.20  69 1016.7  26.6  26.8  23.7 99.0 99.00
2016 07 04 06 50  63  9.4 11.5  2.41 10.00  6.06  68 1016.4  26.6  26.8  23.2 99.0 99.00
2016 07 04 07 50  64  8.9 10.5  2.43 10.00  6.26 100 1016.3  26.5  26.8  23.5 99.0 99.00
2016 07 04 08 50  70 10.0 11.8  2.47 10.00  6.25  97 1016.4  26.5  26.8  23.2 99.0 99.00
2016 07 04 09 50  69 10.4 12.8  2.46 10.00  5.88  85 1016.9  26.6  26.8  23.4 99.0 99.00
2016 07 04 10 50  67 10.1 12.3  2.46  8.33  6.10  76 1017.3  26.6  26.8  23.2 99.0 99.00
2016 07 04 11 50  67 10.1 11.8  2.56  9.09  6.23  78 1017.5  26.7  26.8  23.3 99.0 99.00
2016 07 04 12 50  65  9.6 11.9  2.54  9.09  6.06  78 1017.8  26.7  26.8  23.6 99.0 99.00
2016 07 04 13 50  71  9.4 11.3  2.37 10.00  6.02  95 1018.0  26.9  26.8  23.1 99.0 99.00
2016 07 04 14 50  69 10.1 12.1  2.46  7.14  6.07  72 1017.7  26.9  26.9  23.2 99.0 99.00
2016 07 04 15 50  71  8.6 10.3  2.31 10.00  5.73 101 1017.5  26.9  26.9  23.3 99.0 99.00
2016 07 04 16 50  65  8.7 11.8  2.28  9.09  5.85  87 1017.0  26.7  26.9  23.6 99.0 99.00
2016 07 04 17 50  72  8.8 10.3  2.39  7.69  5.98  76 1016.5  26.9  26.9  22.8 99.0 99.00
2016 07 04 18 50  68  8.1  9.4  2.17  7.69  5.78  80 1016.2  26.8  26.9  23.2 99.0 99.00
2016 07 04 19 50  78  9.8 11.9  2.37  8.33  6.03  69 1015.9  26.7  26.9  23.1 99.0 99.00
2016 07 04 20 50  81  9.0 11.4  2.37  8.33  5.99  77 1016.1  26.7  26.9  22.6 99.0 99.00
2016 07 04 21 50  73  8.4  9.9  2.21  9.09  5.91  84 1016.7  26.7  26.8  22.7 99.0 99.00
2016 07 04 22 50  70  8.5 10.1  2.18  8.33  5.97  67 1017.0  26.6  26.8  22.9 99.0 99.00
2016 07 04 23 50  76  8.6 10.4  2.19  8.33  5.98  77 1017.3  26.8  26.8  22.7 99.0 99.00
2016 07 05 00 50  79  8.4  9.9  2.27  9.09  6.07  90 1017.8  26.7  26.8  23.0 99.0 99.00
2016 07 05 01 50  73  8.7 11.1  2.15  8.33  6.03  74 1018.0  26.7  26.8  22.8 99.0 99.00
2016 07 05 02 50  73  8.1 10.0  2.25  7.69  6.15  77 1018.0  26.9  26.8  22.8 99.0 99.00
2016 07 05 03 50  74  7.9  9.0  2.03  9.09  6.00  71 1017.6  26.4  26.8  23.0 99.0 99.00
2016 07 05 04 50  81  8.0  9.5  2.37  9.09  6.48  73 1016.9  26.5  26.8  23.1 99.0 99.00
2016 07 05 05 50  77  6.5  7.6  2.32  8.33  6.27  69 1016.6  26.3  26.8  22.8 99.0 99.00
2016 07 05 06 50  80  8.2 10.1  2.18  8.33  6.30  72 1016.2  26.6  26.8  22.6 99.0 99.00
2016 07 05 07 50  81  7.4  9.0  2.14  8.33  6.00  84 1016.3  26.6  26.8  22.4 99.0 99.00
2016 07 05 09 50  66  7.2  8.9  2.18  9.09  6.27  76 1016.6  26.0  26.8  22.9 99.0 99.00
2016 07 05 10 50  60  7.0  8.5  2.12  9.09  6.24  69 1016.8  26.2  26.8  22.5 99.0 99.00
2016 07 05 11 50  63  6.7  7.9  2.16  9.09  6.32  67 1017.2  26.4  26.8  22.9 99.0 99.00
2016 07 05 12 50  62  6.4  7.6  2.22  8.33  6.50  68 1017.4  26.4  26.8  23.0 99.0 99.00
2016 07 05 15 50  70  6.1  7.4  1.91  9.09  5.90  75 1016.6  26.4  26.9  22.8 99.0 99.00
2016 07 05 16 50  69  7.0  8.2  2.01  8.33  6.06  75 1015.7  26.6  27.0  23.0 99.0 99.00
2016 07 05 17 50  70  7.1  8.5  2.01  9.09  6.34  69 1015.1  26.5  27.0  22.9 99.0 99.00
2016 07 05 18 50  77  7.3 10.0  1.94  8.33  5.97  75 1014.8  26.1  27.0  22.7 99.0 99.00
2016 07 05 20 50  71  7.6  8.7  1.85  8.33  5.97  80 1014.8  26.3  26.9  22.8 99.0 99.00
2016 07 05 21 50  78  7.5 10.9  1.85  8.33  6.07  86 1015.4  25.4  26.9  23.3 99.0 99.00
2016 07 05 22 50  78  7.3  8.7  1.91  9.09  5.95  75 1015.8  26.3  26.9  22.7 99.0 99.00
2016 07 05 23 50  84  7.5  8.7  1.82  8.33  5.92  68 1016.2  26.4  26.9  22.2 99.0 99.00
2016 07 06 00 50  80  7.9  9.9  1.86  8.33  6.02  66 1016.7  26.1  26.8  22.8 99.0 99.00
2016 07 06 01 50  77  7.6  8.7  1.82  8.33  6.01  81 1016.9  26.0  26.8  22.8 99.0 99.00
2016 07 06 02 50  74  8.0  9.3  1.78  9.09  5.95  80 1016.6  26.2  26.8  22.7 99.0 99.00
2016 07 06 03 50  81  7.8  9.3  1.86  9.09  6.10  84 1016.0  26.2  26.8  22.8 99.0 99.00
2016 07 06 04 50  79  7.5  9.3  1.76  8.33  5.72  62 1015.5  26.1  26.8  22.7 99.0 99.00
2016 07 06 05 50  84  7.6  9.0  1.81  8.33  5.91  73 1015.1  25.9  26.8  22.7 99.0 99.00
2016 07 06 06 50  78  7.4  8.7  1.96  7.14  5.84  67 1014.9  26.1  26.8  22.5 99.0 99.00
2016 07 06 07 50  78  7.8  9.4  1.93  9.09  5.87  72 1014.9  26.1  26.8  22.2 99.0 99.00
2016 07 06 08 50  74  7.5  8.9  1.93  8.33  5.72  84 1015.2  26.1  26.8  22.1 99.0 99.00
2016 07 06 09 50  74  7.4  8.5  1.97  9.09  5.82  72 1015.7  26.2  26.8  22.3 99.0 99.00
2016 07 06 10 50  80  7.3  8.5  1.96  9.09  5.91  85 1015.9  26.2  26.8  22.5 99.0 99.00
2016 07 06 11 50  87  7.6  8.9  2.09  8.33  6.03  67 1016.4  26.1  26.8  22.7 99.0 99.00
2016 07 06 12 50  80  7.5  8.7  2.01  8.33  5.93  74 1016.7  26.3  26.9  22.2 99.0 99.00
2016 07 06 13 50  81  7.8  9.2  2.09  9.09  6.28  95 1016.8  26.4  26.9  22.4 99.0 99.00
2016 07 06 14 50  84  7.4  8.5  2.01  8.33  6.06  67 1016.5  26.4  26.9  22.6 99.0 99.00
2016 07 06 15 50  82  8.0  9.5  1.96  9.09  5.83  76 1016.1  26.2  27.0  22.6 99.0 99.00
2016 07 06 16 50  80  7.7  9.1  2.20  9.09  5.97  82 1015.5  26.2  27.0  22.6 99.0 99.00
2016 07 06 17 50  83  6.9  8.0  1.98  8.33  5.81  86 1015.1  26.3  27.0  22.3 99.0 99.00
2016 07 06 18 50  82  7.9  9.0  1.87  7.69  5.75  79 1014.7  26.4  27.0  21.8 99.0 99.00
2016 07 06 19 50  79  6.9  8.2  2.03  8.33  5.98  75 1015.0  26.5  27.0  22.2 99.0 99.00
2016 07 06 20 50  86  6.6  7.8  2.04  9.09  6.12  76 1015.2  26.2  26.9  22.6 99.0 99.00
2016 07 06 21 50  69  8.0  9.4  1.99  9.09  6.04  76 1015.6  26.0  26.9  22.6 99.0 99.00
2016 07 06 22 50  82  6.9  8.3  2.02  8.33  5.98  69 1016.2  26.4  26.9  22.5 99.0 99.00
2016 07 06 23 50  78  6.6  7.8  1.89  8.33  6.06  89 1016.8  26.4  26.8  22.4 99.0 99.00
2016 07 07 00 50  81  7.2  8.3  1.77  8.33  5.90  68 1017.4  26.4  26.9  22.3 99.0 99.00
2016 07 07 01 50  85  6.5  8.0  1.92  8.33  6.03  73 1017.8  26.3  26.8  22.3 99.0 99.00
2016 07 07 02 50  78  6.9  8.0  1.86  9.09  5.87  91 1017.4  26.2  26.8  22.2 99.0 99.00
2016 07 07 03 50  72  6.7  7.7  1.79  8.33  6.08  85 1017.0  26.2  26.8  22.5 99.0 99.00
2016 07 07 04 50  75  6.9  7.8  1.80  8.33  5.98  73 1016.2  26.2  26.8  22.3 99.0 99.00
2016 07 07 05 50  78  6.2  7.3  1.78  8.33  6.01  84 1015.8  26.2  26.8  22.2 99.0 99.00
2016 07 07 06 50  74  6.7  7.7  1.84  7.69  6.01  91 1015.6  26.3  26.8  21.5 99.0 99.00
2016 07 07 07 50  77  6.4  7.5  1.82  8.33  6.04 105 1015.7  26.2  26.8  22.5 99.0 99.00
2016 07 07 08 50  78  6.7  8.0  1.77  8.33  6.05  63 1016.1  26.0  26.8  22.7 99.0 99.00
2016 07 07 09 50  78  6.1  7.2  1.75  6.25  5.92  81 1016.5  26.2  26.8  22.1 99.0 99.00
2016 07 07 10 50  80  6.3  7.9  1.79  7.69  5.85  75 1016.7  26.2  26.8  22.1 99.0 99.00
2016 07 07 11 50  74  6.6  8.2  1.66  8.33  5.94  77 1017.0  26.2  26.9  22.3 99.0 99.00
2016 07 07 12 50  75  6.3  7.5  1.67 10.00  5.72 130 1017.0  26.2  26.9  22.1 99.0 99.00
2016 07 07 13 50  75  5.8  7.2  1.73  8.33  6.20 108 1017.1  26.3  27.0  22.3 99.0 99.00
2016 07 07 14 50  74  5.9  6.9  1.70  7.69  5.91  72 1016.6  26.3  27.0  22.2 99.0 99.00
2016 07 07 15 50  79  6.4  7.3  1.70  7.14  5.86  75 1016.2  26.3  27.1  22.5 99.0 99.00
2016 07 07 16 50  86  6.5  7.5  1.56  9.09  5.82 134 1015.9  26.3  27.1  22.3 99.0 99.00
2016 07 07 17 50  85  6.4  7.6  1.77 10.00  6.06 137 1016.0  26.5  27.1  22.6 99.0 99.00
2016 07 07 18 50  77  6.3  7.4  1.72  8.33  6.16  95 1015.7  26.6  27.2  22.8 99.0 99.00
2016 07 07 19 50  76  6.2  7.6  1.67  8.33  5.81  94 1015.7  26.6  27.1  22.7 99.0 99.00
2016 07 07 20 50  73  5.8  7.0  1.58  8.33  5.98  98 1016.2  26.6  27.0  22.9 99.0 99.00
2016 07 07 21 50  71  6.1  7.1  1.59  7.69  5.90  78 1016.9  26.6  27.0  23.0 99.0 99.00
2016 07 07 22 50  73  5.2  6.2  1.64  6.25  5.84  64 1017.4  26.7  27.0  23.5 99.0 99.00
2016 07 07 23 50  66  5.9  7.1  1.59  9.09  5.95 130 1018.0  26.7  27.0  23.2 99.0 99.00
2016 07 08 00 50  71  6.3  7.2  1.53 10.00  5.85 128 1018.4  26.7  26.9  23.4 99.0 99.00
2016 07 08 01 50  62  5.5  6.4  1.53  7.14  5.95  69 1018.5  26.5  26.9  23.6 99.0 99.00
2016 07 08 02 50  59  6.8  8.1  1.55  8.33  5.75  94 1018.1  26.0  26.9  23.8 99.0 99.00
2016 07 08 03 50  64  7.4  8.6  1.72  8.33  5.92 102 1017.3  26.2  26.9  23.6 99.0 99.00
2016 07 08 04 50  78  7.3  8.3  1.59  8.33  5.65  90 1016.8  26.3  26.9  23.5 99.0 99.00
2016 07 08 05 50  77  7.5  9.6  1.52  7.69  5.48 104 1016.7  26.4  26.9  23.4 99.0 99.00
2016 07 08 06 50  74  7.6  9.3  1.54  7.69  5.23 106 1016.5  26.3  26.9  23.4 99.0 99.00
2016 07 08 07 50  78  7.8  9.6  1.57  6.67  5.31  64 1016.3  26.3  26.9  23.2 99.0 99.00
2016 07 08 09 50  80  8.2  9.4  1.60  8.33  5.39  94 1017.3  26.4  26.9  23.0 99.0 99.00
2016 07 08 10 50  71  7.6  8.8  1.58  8.33  5.39 102 1017.5  26.6  26.9  23.1 99.0 99.00
2016 07 08 11 50  74  8.1  9.3  1.45  7.69  5.21  78 1017.9  26.5  26.9  23.2 99.0 99.00
2016 07 08 12 50  76  7.7  9.2  1.59  8.33  5.43 107 1017.9  26.6  27.0  23.3 99.0 99.00
2016 07 08 14 50  76  7.9  9.2  1.65  8.33  5.46 100 1017.9  26.7  27.0  23.4 99.0 99.00
2016 07 08 15 50  75  6.9  8.3  1.62  7.69  5.26  87 1017.6  26.8  27.1  23.5 99.0 99.00
2016 07 08 16 50  80  7.3  8.6  1.71  7.69  5.52  91 1017.4  26.9  27.1  23.3 99.0 99.00
2016 07 08 17 50  77  8.1  9.3  1.57  9.09  5.55 130 1017.1  27.0  27.1  23.2 99.0 99.00
2016 07 08 18 50  77  7.5  9.0  1.57  7.69  5.29  91 1017.1  26.9  27.1  23.4 99.0 99.00
2016 07 08 20 50  82  7.7  9.2  1.58  8.33  5.29  93 1017.3  26.8  27.1  23.6 99.0 99.00
2016 07 08 21 50  80  8.3  9.6  1.66  9.09  5.46 112 1017.7  26.8  27.0  23.6 99.0 99.00
2016 07 08 22 50  80  7.4  8.9  1.64  8.33  5.37 102 1018.4  26.7  27.0  23.8 99.0 99.00
2016 07 08 23 50  69  8.0  9.5  1.75  7.69  5.59  94 1018.8  26.6  27.0  23.7 99.0 99.00
2016 07 09 00 50  71  7.9  9.5  1.62  7.14  5.28  76 1019.3  26.7  27.0  23.9 99.0 99.00
2016 07 09 01 50  79  8.8 10.4  1.75  6.67  5.49  84 1019.4  26.7  27.0  23.5 99.0 99.00
2016 07 09 02 50  72  8.5 10.2  1.80  6.25  5.33  80 1019.3  26.5  26.9  23.4 99.0 99.00
2016 07 09 03 50  70  7.9  9.2  1.87  7.69  5.39  84 1018.6  26.5  26.9  23.4 99.0 99.00
2016 07 09 04 50  73  8.5  9.9  1.80  5.88  5.31  75 1018.1  26.5  26.9  23.2 99.0 99.00
2016 07 09 05 50  69  8.2  9.6  1.67  7.69  5.19  88 1017.4  26.5  26.9  23.4 99.0 99.00
2016 07 09 06 50  72  7.3  8.4  1.81  5.88  5.46  79 1017.2  26.5  26.9  23.2 99.0 99.00
2016 07 09 07 50  75  9.8 11.3  1.85  7.69  5.45  91 1017.1  26.7  26.9  22.7 99.0 99.00
2016 07 09 08 50  70  7.4  8.5  1.83  6.67  5.30  94 1017.5  26.7  26.9  23.0 99.0 99.00
2016 07 09 09 50  73  9.3 10.9  1.80  7.69  5.62  82 1018.1  27.0  26.9  22.8 99.0 99.00
2016 07 09 10 50  67  8.2  9.9  1.89  7.69  5.51  84 1018.3  26.9  26.9  23.3 99.0 99.00
2016 07 09 11 50  74  7.8 10.0  1.82  7.14  5.44  96 1018.6  27.1  26.9  22.7 99.0 99.00
2016 07 09 12 50  78  7.1  8.1  1.82  7.69  5.51  85 1018.5  26.9  26.9  23.1 99.0 99.00
2016 07 09 13 50  65  7.6  9.0  1.77  6.67  5.52  83 1018.5  27.0  27.0  23.1 99.0 99.00
2016 07 09 14 50  67  7.9 10.6  1.91  7.14  5.51  82 1018.1  26.7  27.0  23.8 99.0 99.00
2016 07 09 15 50  70  8.4  9.7  1.76  6.67  5.30  88 1017.6  26.8  27.0  23.3 99.0 99.00
2016 07 09 16 50  69  9.7 11.4  1.96  7.14  5.64  71 1016.8  27.1  27.1  22.8 99.0 99.00
2016 07 09 17 50  66  8.4  9.9  1.73  7.14  5.21  88 1016.4  27.0  27.1  22.9 99.0 99.00
2016 07 09 18 50  66  8.6 10.0  1.77  6.67  5.50  82 1016.3  27.0  27.1  23.1 99.0 99.00
2016 07 09 19 50  64  8.1  9.9  1.85  7.14  5.54  82 1016.5  27.1  27.0  23.0 99.0 99.00
2016 07 09 20 50  64  8.7 10.3  1.91  7.14  5.46  71 1016.5  27.0  27.0  22.8 99.0 99.00
2016 07 09 21 50  61  7.9  9.3  1.98  6.67  5.50  80 1017.0  26.7  27.0  23.6 99.0 99.00
2016 07 09 22 50  61  9.0 11.2  2.01  7.14  5.54  71 1017.1  26.9  27.0  23.1 99.0 99.00
2016 07 09 23 50  62  8.1  9.7  1.87  7.14  5.39  79 1017.6  26.7  26.9  23.3 99.0 99.00
2016 07 10 00 50  61  8.2 10.5  1.90  7.14  5.46  62 1018.0  26.9  26.9  23.3 99.0 99.00
2016 07 10 01 50  62  8.3 10.0  1.92  7.14  5.62  73 1018.3  26.8  26.9  23.6 99.0 99.00
2016 07 10 02 50  68  6.8  8.4  2.10  7.14  5.70  79 1017.9  26.8  26.9  23.2 99.0 99.00
2016 07 10 03 50  56  8.3  9.9  1.90  7.69  5.61  80 1017.0  26.7  26.9  23.2 99.0 99.00
2016 07 10 04 50  58  8.6 10.3  1.88  7.14  5.55  80 1016.5  26.8  26.9  22.7 99.0 99.00
2016 07 10 05 50  58  8.4 10.0  1.91  7.69  5.62  87 1016.3  26.9  26.9  22.4 99.0 99.00
2016 07 10 06 50  59  8.0  9.5  1.90  7.14  5.67  78 1016.1  26.8  26.9  22.9 99.0 99.00
2016 07 10 07 50  59  8.0 11.4  1.81  7.14  5.56  73 1015.9  26.5  26.9  23.5 99.0 99.00
2016 07 10 08 50  62  9.0 10.6  1.94  7.14  5.33  75 1016.3  26.6  26.9  21.4 99.0 99.00
2016 07 10 09 50  69  7.8  9.2  1.79  7.69  5.48  95 1017.0  26.6  26.9  22.7 99.0 99.00
2016 07 10 10 50  69  7.6  9.1  1.73  7.14  5.54  70 1017.2  26.6  26.9  22.0 99.0 99.00
2016 07 10 11 50  60  8.1  9.6  1.81  6.67  5.46  71 1017.5  26.5  26.9  22.4 99.0 99.00
2016 07 10 12 50  64  7.8  9.1  1.91  6.67  5.65  63 1017.4  26.7  26.9  22.1 99.0 99.00
2016 07 10 13 50  58  7.8  9.0  2.03  6.67  5.69  60 1017.2  26.2  27.0  22.2 99.0 99.00
2016 07 10 14 50  62  7.7  9.2  1.98  7.69  5.88  75 1016.9  26.6  27.0  22.0 99.0 99.00
2016 07 10 15 50  67  8.5 10.0  1.86  7.69  5.55  74 1016.4  26.7  27.0  22.3 99.0 99.00
2016 07 10 16 50  66  8.0  9.4  1.93  7.69  5.57  78 1015.9  26.8  27.0  21.9 99.0 99.00
2016 07 10 17 50  68  7.4  8.7  1.95  7.69  5.74  74 1015.5  26.6  27.1  22.2 99.0 99.00
2016 07 10 18 50  66  7.5  8.7  1.72  8.33  5.47  82 1014.9  26.8  27.1  22.1 99.0 99.00
2016 07 10 19 50  62  8.8 10.2  1.86  7.69  5.57  76 1014.7  26.9  27.1  21.7 99.0 99.00
2016 07 10 20 50  68  9.5 11.2  1.89  7.69  5.37  70 1014.8  26.6  27.0  22.0 99.0 99.00
2016 07 10 21 50  66  9.1 10.6  1.91  7.14  5.47  82 1015.1  26.8  27.0  21.0 99.0 99.00
2016 07 10 22 50  63  8.4 10.0  1.82  7.69  5.50  77 1015.3  26.6  27.0  21.5 99.0 99.00
2016 07 10 23 50  82  7.7  9.1  1.87  8.33  5.51  77 1015.8  26.8  26.9  21.6 99.0 99.00
2016 07 11 00 50  73  8.5 10.2  1.87  7.69  5.67  81 1016.0  26.6  26.9  21.7 99.0 99.00
2016 07 11 02 50  69  8.6 10.3  1.98  7.14  5.54  72 1015.9  26.7  26.9  21.5 99.0 99.00
2016 07 11 03 50  76  9.2 11.1  2.14  8.33  5.76  87 1015.1  26.5  26.9  21.0 99.0 99.00
2016 07 11 04 50  69  8.7 11.0  1.93  7.14  5.57  76 1014.7  26.4  26.9  21.0 99.0 99.00
2016 07 11 05 50  74  8.2  9.7  1.99  8.33  5.82  86 1014.3  26.4  26.9  20.9 99.0 99.00
2016 07 11 06 50  69  8.7 10.3  1.91  6.67  5.71  67 1014.3  26.6  26.9  20.1 99.0 99.00
2016 07 11 07 50  73  8.0  9.3  2.06  8.33  5.70  88 1014.5  26.4  26.9  20.9 99.0 99.00
2016 07 11 08 50  73  7.7  9.2  2.06  8.33  5.92  80 1014.8  26.2  26.9  20.7 99.0 99.00
2016 07 11 09 50  70  7.4  8.6  1.87  7.14  5.72  75 1015.1  26.5  26.9  20.3 99.0 99.00
2016 07 11 10 50  64  6.7  8.2  1.87  7.14  5.85  73 1015.3  26.4  26.9  21.7 99.0 99.00
2016 07 11 11 50  76  8.0  9.4  2.09  8.33  6.10  77 1015.7  26.5  26.9  20.8 99.0 99.00
2016 07 11 12 50  72  6.9  8.8  1.93  7.69  5.87  79 1016.0  26.7  27.0  20.8 99.0 99.00
2016 07 11 14 50  76  7.6  8.9  2.02  7.69  5.86  87 1015.3  26.5  27.0  21.1 99.0 99.00
2016 07 11 15 50  87  7.8  9.1  1.91  9.09  5.76  93 1014.9  26.7  27.0  20.9 99.0 99.00
2016 07 11 16 50  85  6.9  8.1  1.98  7.69  5.80  90 1014.4  27.0  27.1  20.3 99.0 99.00
2016 07 11 17 50  72  7.1  8.5  2.05  7.69  5.91  74 1013.9  26.8  27.1  21.1 99.0 99.00
2016 07 11 18 50  76  7.4  8.6  1.95  9.09  5.83  78 1013.3  26.7  27.1  20.9 99.0 99.00
2016 07 11 19 50  70  7.5  9.2  2.01  7.69  5.90  83 1013.4  26.6  27.1  20.8 99.0 99.00
2016 07 11 20 50  65  7.3  8.4  1.83  9.09  5.89  78 1013.6  26.7  27.0  20.2 99.0 99.00
2016 07 11 21 50  68  7.8  9.9  1.70 10.00  5.83 109 1013.7  26.6  27.0  21.1 99.0 99.00
2016 07 11 22 50  67  7.8  9.4  1.76  8.33  5.76  69 1014.3  26.5  27.0  21.3 99.0 99.00
2016 07 11 23 50  66  8.6 10.5  1.83  8.33  5.71  88 1014.8  26.5  27.0  21.3 99.0 99.00
2016 07 12 00 50  73  8.8 10.4  1.90  8.33  5.65  86 1015.0  26.4  26.9  21.3 99.0 99.00
2016 07 12 01 50  63  8.2  9.8  1.92  8.33  5.75  69 1015.3  26.4  26.9  21.8 99.0 99.00
2016 07 12 02 50  66  8.0  9.1  1.92  8.33  5.70  65 1015.0  26.3  26.9  21.6 99.0 99.00
2016 07 12 03 50  77  8.0  9.8  1.87  9.09  5.71  91 1014.7  25.6  26.9  21.9 99.0 99.00
2016 07 12 04 50  76  7.4  9.6  1.96  7.14  5.87  72 1014.4  26.2  26.9  22.4 99.0 99.00
2016 07 12 05 50  73  7.6  9.4  1.90  9.09  5.59  78 1014.0  26.2  26.9  21.9 99.0 99.00
2016 07 12 06 50  71  5.8  7.0  1.89  6.25  5.62  77 1013.8  26.3  26.9  22.2 99.0 99.00
2016 07 12 07 50  82  6.8  7.9  1.86  8.33  5.79  74 1013.8  26.3  26.9  22.0 99.0 99.00
2016 07 12 08 50  68  6.8  7.9  1.80  7.69  6.00  64 1014.1  26.3  26.9  22.3 99.0 99.00
2016 07 12 09 50  71  7.1  8.3  1.82  8.33  5.76  77 1014.5  26.4  26.9  22.3 99.0 99.00
2016 07 12 10 50  76  7.3  8.5  1.72  8.33  5.68  82 1014.8  26.5  26.9  21.8 99.0 99.00
2016 07 12 11 50  74  7.5  8.8  1.63  6.67  5.68  67 1015.0  26.4  26.9  21.9 99.0 99.00
2016 07 12 12 50  68  6.8  8.0  1.70 10.00  5.72 116 1015.3  26.5  27.0  21.8 99.0 99.00
2016 07 12 13 50  59  6.1  7.0  1.75  8.33  5.70  71 1015.3  26.4  27.0  22.0 99.0 99.00
2016 07 12 14 50  58  6.0  6.9  1.72  7.69  5.69  65 1015.1  26.5  27.1  21.8 99.0 99.00
2016 07 12 15 50  55  5.9  7.0  1.65  8.33  5.78  64 1014.7  26.5  27.1  22.1 99.0 99.00
2016 07 12 16 50  57  5.8  7.0  1.60  7.14  5.54  77 1014.4  26.6  27.2  22.4 99.0 99.00
2016 07 12 17 50  64  6.0  7.1  1.58 10.00  5.93  92 1013.9  26.6  27.3  22.6 99.0 99.00
2016 07 12 18 50  68  6.2  7.6  1.63  7.14  5.79  67 1013.7  26.4  27.2  22.5 99.0 99.00
2016 07 12 19 50  75  6.4  7.5  1.56  8.33  5.74  91 1013.9  26.4  27.2  22.7 99.0 99.00
2016 07 12 20 50  70  7.1  8.4  1.57  7.14  5.68  69 1014.3  26.6  27.2  22.7 99.0 99.00
2016 07 12 21 50  75  7.4  8.7  1.45 10.00  5.50 106 1014.9  26.6  27.1  23.2 99.0 99.00
2016 07 12 22 50  73  7.4  8.6  1.45  7.69  5.53  76 1015.1  26.6  27.1  23.4 99.0 99.00
2016 07 12 23 50  76  8.1  9.2  1.60  8.33  5.45  86 1015.6  26.5  27.1  23.1 99.0 99.00
2016 07 13 00 50  71  7.7  8.7  1.65  9.09  5.55  93 1016.2  26.5  27.0  23.1 99.0 99.00
2016 07 13 01 50  71  7.6  8.9  1.58  8.33  5.36  92 1016.6  26.4  27.0  23.2 99.0 99.00
2016 07 13 02 50  75  7.6  8.7  1.52  9.09  5.30  94 1016.1  26.4  27.0  23.2 99.0 99.00
2016 07 13 03 50  74  7.4  8.6  1.63  9.09  5.50 105 1015.5  26.4  27.0  23.3 99.0 99.00
2016 07 13 04 50  74  7.9  9.4  1.54  9.09  5.18  95 1014.7  26.4  27.0  23.4 99.0 99.00
2016 07 13 05 50  69  7.7  9.1  1.61  8.33  5.30  91 1014.3  26.3  27.0  23.3 99.0 99.00
2016 07 13 06 50  70  7.8  9.2  1.60 10.00  5.55  98 1014.4  26.4  27.0  23.5 99.0 99.00
2016 07 13 07 50  75  7.7  9.9  1.67  7.14  5.27  81 1014.5  24.8  27.0  23.2 99.0 99.00
2016 07 13 08 50  68  6.1  7.8  1.62  7.69  5.12  80 1014.8  26.1  27.0  23.6 99.0 99.00
2016 07 13 09 50  72  9.1 10.3  1.67  7.69  5.24  76 1015.3  26.6  27.0  23.0 99.0 99.00
2016 07 13 10 50  75  8.8 10.6  1.73  6.25  5.36  66 1015.4  26.6  27.0  23.0 99.0 99.00
2016 07 13 11 50  78  9.0 10.9  1.84  5.56  5.54  77 1015.6  26.6  27.0  23.1 99.0 99.00
2016 07 13 12 50  82  8.9 10.8  1.78  9.09  5.42  77 1015.9  26.7  27.0  23.2 99.0 99.00
2016 07 13 13 50  79  8.6  9.6  1.81  7.69  5.44  86 1015.9  26.7  27.0  23.4 99.0 99.00
2016 07 13 14 50  83  8.3 11.2  1.78  6.67  5.39  75 1015.5  25.6  27.1  23.3 99.0 99.00
2016 07 13 15 50  85 10.1 12.9  1.70  6.67  5.14  77 1014.9  25.8  27.1  23.1 99.0 99.00
2016 07 13 16 50  81  8.5  9.7  1.74  6.25  5.32  86 1014.6  26.5  27.1  23.6 99.0 99.00
2016 07 13 17 50  76  8.3  9.6  1.91  7.69  5.47  92 1014.2  26.6  27.1  23.6 99.0 99.00
2016 07 13 19 50  72  5.6  7.1  1.68  6.25  5.28  89 1014.0  26.2  27.1  24.0 99.0 99.00
2016 07 13 20 50  70  7.9  9.6  1.62  6.25  5.12  59 1014.2  26.7  27.1  23.0 99.0 99.00
2016 07 13 21 50  73  8.0  9.4  1.72  8.33  5.54  75 1014.8  26.8  27.1  23.2 99.0 99.00
2016 07 13 22 50  71  7.6  9.6  1.68  8.33  5.48  73 1015.4  26.7  27.1  23.4 99.0 99.00
2016 07 13 23 50  69  8.3  9.9  1.65  7.14  5.43  78 1015.6  26.7  27.0  23.2 99.0 99.00
2016 07 14 00 50  62  8.4  9.4  1.76  7.14  5.45  80 1015.8  26.6  27.0  23.4 99.0 99.00
2016 07 14 01 50  65  9.0 10.9  1.65  7.69  5.45  84 1015.8  26.1  27.0  23.6 99.0 99.00
2016 07 14 02 50  69  6.0  7.3  1.80  7.14  5.35  76 1015.7  26.1  27.0  23.7 99.0 99.00
2016 07 14 03 50  69  9.2 11.5  1.70  7.14  5.34  85 1014.7  26.5  27.0  23.1 99.0 99.00
2016 07 14 04 50  60  9.8 12.9  1.74  7.69  5.09  97 1014.4  25.9  27.0  22.5 99.0 99.00
2016 07 14 05 50  72  8.1 10.1  1.79  7.14  5.35  67 1014.0  26.5  27.0  23.0 99.0 99.00
2016 07 14 06 50  74  7.9  9.1  1.75  6.25  5.27  78 1013.9  26.5  27.0  22.9 99.0 99.00
2016 07 14 07 50  62  7.1  8.1  1.79  6.67  5.38  74 1014.1  26.3  27.0  22.8 99.0 99.00
2016 07 14 08 50  78 10.6 12.5  1.81  7.14  5.45  74 1014.0  25.5  27.0  23.1 99.0 99.00
2016 07 14 09 50  71  8.6 10.3  1.79  7.69  5.21  76 1014.4  26.6  27.0  22.2 99.0 99.00
2016 07 14 10 50  58  9.1 10.6  1.93  6.67  5.50  62 1014.5  26.1  27.0  22.9 99.0 99.00
2016 07 14 11 50  60  9.2 10.9  1.83  7.14  5.38  76 1014.8  26.6  27.0  22.4 99.0 99.00
2016 07 14 12 50  59  7.9  9.5  1.85  6.25  5.33  68 1015.1  27.1  27.0  21.6 99.0 99.00
2016 07 14 14 50  76  8.8 10.1  1.84  5.88  5.26  70 1014.7  26.0  27.0  22.8 99.0 99.00
2016 07 14 15 50  76  9.2 10.8  1.86  7.14  5.37  66 1014.1  26.4  27.0  22.6 99.0 99.00
2016 07 14 16 50  72  9.6 13.0  1.87  7.14  5.54  72 1013.7  25.9  27.0  21.8 99.0 99.00
2016 07 14 17 50  68  7.6  8.9  1.89  7.69  5.53  73 1013.3  26.7  27.0  22.5 99.0 99.00
2016 07 14 18 50  60  7.4  8.5  1.90  7.69  5.55  67 1012.9  26.5  27.0  22.7 99.0 99.00
2016 07 14 19 50  88  6.4  7.6  1.84  7.69  5.29  76 1013.1  26.2  27.0  22.0 99.0 99.00
2016 07 14 20 50  50  7.6  9.3  1.79  7.14  5.63  69 1013.1  26.4  27.0  22.8 99.0 99.00
2016 07 14 21 50  65  8.1  9.3  1.89  7.69  5.62  71 1013.4  26.8  27.0  22.2 99.0 99.00
2016 07 14 22 50  68  8.2  9.5  1.71  7.14  5.40  61 1013.8  26.5  27.0  22.1 99.0 99.00
2016 07 14 23 50  68  8.6 10.0  1.75  7.14  5.52  67 1014.3  26.7  27.0  21.3 99.0 99.00
2016 07 15 00 50  69  7.7  8.8  1.68  6.67  5.43  66 1014.9  26.7  27.0  21.6 99.0 99.00
2016 07 15 01 50  73  7.5  9.0  1.82  7.69  5.44  55 1015.1  26.6  27.0  22.0 99.0 99.00
2016 07 15 02 50  74  7.8  9.3  1.89  7.14  5.77  64 1014.6  26.4  27.0  22.1 99.0 99.00
2016 07 15 03 50  71  7.3  8.5  1.80  7.69  5.53  87 1013.7  26.4  26.9  22.3 99.0 99.00
2016 07 15 04 50  71  8.3  9.9  1.72  6.67  5.45  73 1012.9  26.5  26.9  21.1 99.0 99.00
2016 07 15 05 50  77  8.2  9.6  1.84  7.69  5.52  75 1012.6  26.5  26.9  20.7 99.0 99.00
2016 07 15 06 50  77  8.0  9.6  1.80  7.69  5.34  80 1012.3  26.7  26.9  19.9 99.0 99.00
2016 07 15 07 50  82  8.6 10.2  1.81  7.69  5.39  76 1012.2  26.7  26.9  20.5 99.0 99.00
2016 07 15 08 50  82  8.0  9.9  1.83  7.14  5.42  70 1012.5  26.8  26.9  19.9 99.0 99.00
2016 07 15 09 50  78  7.3  8.9  1.74  7.14  5.55  78 1013.2  26.9  26.9  19.8 99.0 99.00
2016 07 15 10 50  63  8.4 10.0  1.79  7.69  5.42  62 1013.2  26.8  26.9  21.7 99.0 99.00
2016 07 15 11 50  63  7.5  8.7  1.72  7.69  5.46  61 1013.5  26.5  26.9  21.9 99.0 99.00
2016 07 15 12 50  55  8.4 10.1  1.68  7.69  5.44  64 1013.6  26.4  27.0  22.2 99.0 99.00
2016 07 15 13 50  66  9.3 10.6  1.88  7.69  5.44  73 1013.7  26.4  27.0  21.8 99.0 99.00
2016 07 15 14 50  50  8.5 10.0  1.77  7.69  5.49  61 1013.5  26.8  27.0  20.5 99.0 99.00
2016 07 15 15 50  55  7.8  8.9  1.85  7.69  5.60  67 1013.3  26.9  27.0  19.5 99.0 99.00
2016 07 15 16 50  55  6.4  7.5  1.90  7.14  5.59  65 1012.7  26.8  27.1  20.2 99.0 99.00
2016 07 15 17 50  65  6.1  7.6  1.73  7.69  5.46  70 1012.1  26.6  27.1  21.2 99.0 99.00
2016 07 15 18 50  70  6.1  7.1  1.77  7.69  5.48  83 1011.9  26.5  27.1  20.9 99.0 99.00
2016 07 15 19 50  67  6.3  7.6  1.76  7.69  5.58  71 1011.8  26.6  27.1  20.6 99.0 99.00
2016 07 15 20 50  61  6.4  7.3  1.58  7.14  5.60  71 1012.1  26.5  27.0  21.1 99.0 99.00
2016 07 15 21 50  58  5.9  7.0  1.69  7.14  5.64  75 1012.5  26.4  27.0  20.9 99.0 99.00
2016 07 15 22 50  55  6.0  7.3  1.81  7.69  5.85  64 1013.1  26.4  27.0  21.4 99.0 99.00
2016 07 15 23 50  61  6.2  7.5  1.62  7.69  5.59  76 1013.4  26.3  27.0  21.0 99.0 99.00
2016 07 16 00 50  70  5.6  6.6  1.50  7.69  5.60  70 1014.0  26.3  26.9  20.9 99.0 99.00
2016 07 16 01 50  66  5.7  6.9  1.57  7.69  5.61  80 1014.1  26.3  26.9  21.0 99.0 99.00
2016 07 16 02 50  67  6.3  7.5  1.68  7.69  5.82  82 1013.6  26.2  26.9  20.9 99.0 99.00
2016 07 16 03 50  72  5.5  6.8  1.59  7.69  5.81  64 1013.0  26.1  26.9  21.1 99.0 99.00
2016 07 16 04 50  76  5.3  6.5  1.55  7.69  5.81  66 1012.4  26.0  26.9  21.2 99.0 99.00
2016 07 16 05 50  83  5.1  6.2  1.52  7.69  5.80  60 1012.2  26.0  26.9  20.9 99.0 99.00
2016 07 16 06 50  85  4.5  5.8  1.58  7.69  5.75  71 1012.3  25.9  26.9  21.1 99.0 99.00
2016 07 16 07 50  59  6.3  7.4  1.50  7.14  5.75  75 1012.6  25.4  26.9  21.7 99.0 99.00
2016 07 16 08 50  77  7.8  9.2  1.63  7.69  5.73  57 1013.1  25.1  26.9  20.9 99.0 99.00
2016 07 16 09 50  96  5.3  7.4  1.60  8.33  5.92  73 1013.7  25.7  26.9  21.2 99.0 99.00
2016 07 16 10 50  86  6.1  7.2  1.71  8.33  5.75  83 1013.9  26.2  26.9  20.6 99.0 99.00
2016 07 16 11 50  91  5.4  6.4  1.66  7.14  5.90  56 1014.3  26.3  27.0  20.6 99.0 99.00
2016 07 16 12 50  82  5.6  6.9  1.60  8.33  5.93  66 1014.6  26.3  27.0  20.9 99.0 99.00
2016 07 16 13 50  83  5.2  6.1  1.65  8.33  5.95  68 1014.8  26.2  27.1  20.7 99.0 99.00
2016 07 16 14 50  82  4.7  5.7  1.54  9.09  6.03  65 1014.3  26.2  27.2  21.1 99.0 99.00
2016 07 16 15 50  76  4.3  5.1  1.58  9.09  5.95  68 1014.0  26.1  27.3  20.8 99.0 99.00
2016 07 16 16 50  77  4.0  4.9  1.70  7.14  6.09  60 1013.5  26.2  27.4  20.9 99.0 99.00
2016 07 16 17 50  73  4.2  5.4  1.54  7.14  6.06  53 1013.1  26.2  27.4  21.0 99.0 99.00
2016 07 16 19 50  66  3.9  4.9  1.38  8.33  6.06  70 1012.8  26.3  27.4  21.1 99.0 99.00
2016 07 16 20 50  76  4.0  4.6  1.52  9.09  6.32  78 1013.1  26.3  27.4  20.9 99.0 99.00
2016 07 16 21 50  65  3.5  4.4  1.41  7.69  6.22  66 1013.9  26.2  27.3  20.8 99.0 99.00
2016 07 16 22 50  65  3.7  4.7  1.45  8.33  6.35  59 1014.4  26.2  27.2  21.2 99.0 99.00
2016 07 16 23 50  62  3.9  4.8  1.46  9.09  6.63  67 1015.3  26.2  27.2  20.6 99.0 99.00
2016 07 17 00 50  62  4.3  5.1  1.41  9.09  6.73  70 1015.8  26.2  27.1  20.8 99.0 99.00
2016 07 17 01 50  66  4.0  5.0  1.39 10.00  6.44  55 1016.2  26.2  27.1  20.9 99.0 99.00
2016 07 17 02 50  73  4.3  5.4  1.47  9.09  6.65  68 1015.8  26.2  27.1  20.7 99.0 99.00
2016 07 17 03 50  57  3.4  5.0  1.38  9.09  6.55  71 1015.3  26.0  27.0  20.9 99.0 99.00
2016 07 17 04 50  66  3.9  4.8  1.33  8.33  6.54  73 1014.8  26.0  27.0  21.1 99.0 99.00
2016 07 17 05 50  61  5.6  6.8  1.37  7.14  6.36  63 1014.2  26.1  27.0  21.2 99.0 99.00
2016 07 17 06 50  63  5.2  6.9  1.39  9.09  6.28  64 1013.8  26.0  27.0  21.1 99.0 99.00
2016 07 17 07 50  58  4.6  5.8  1.38  9.09  6.39  60 1014.0  25.9  27.0  21.5 99.0 99.00
2016 07 17 08 50  69  4.0  4.7  1.39  9.09  6.36  57 1014.4  25.9  27.0  21.1 99.0 99.00
2016 07 17 09 50  68  3.9  4.8  1.39  9.09  6.49  69 1014.9  26.1  27.0  21.6 99.0 99.00
2016 07 17 10 50  69  4.0  4.8  1.40 10.00  6.53  42 1015.3  26.1  27.0  21.6 99.0 99.00
2016 07 17 11 50  66  3.8  4.7  1.41  9.09  6.73  74 1015.5  26.2  27.1  21.9 99.0 99.00
2016 07 17 12 50  57  3.7  4.6  1.33  9.09  6.61  61 1015.6  26.3  27.2  21.9 99.0 99.00
2016 07 17 13 50  64  3.6  4.5  1.30  9.09  6.89  55 1015.7  26.4  27.4  22.0 99.0 99.00
2016 07 17 14 50  59  3.5  4.3  1.38  9.09  6.58  46 1015.3  26.4  27.5  22.1 99.0 99.00
2016 07 17 15 50  63  3.5  4.7  1.45  9.09  6.79  52 1015.2  26.6  27.6  22.3 99.0 99.00
2016 07 17 16 50  60  3.9  4.8  1.39  9.09  6.70  52 1015.0  26.6  27.7  22.1 99.0 99.00
2016 07 17 17 50  60  3.3  4.4  1.30  9.09  6.35  67 1014.7  26.7  27.8  22.0 99.0 99.00
2016 07 17 18 50  63  4.0  4.8  1.43 10.00  6.73  72 1014.3  26.7  27.8  22.1 99.0 99.00
2016 07 17 19 50  69  3.6  4.4  1.33  9.09  6.33  60 1014.3  26.9  27.7  22.1 99.0 99.00
2016 07 17 20 50  68  3.8  4.6  1.31  9.09  6.69  64 1014.6  26.8  27.6  22.0 99.0 99.00
2016 07 17 21 50  73  3.3  4.2  1.34  9.09  6.47  55 1015.1  26.6  27.5  22.4 99.0 99.00
2016 07 17 22 50  66  3.8  4.7  1.25 10.00  6.67  72 1015.6  26.7  27.4  22.4 99.0 99.00
2016 07 17 23 50  59  4.9  6.0  1.38  9.09  7.05  48 1016.0  26.5  27.4  23.0 99.0 99.00
2016 07 18 00 50  72  5.1  6.2  1.31  9.09  6.59  49 1016.3  26.6  27.3  22.6 99.0 99.00
2016 07 18 01 50  71  5.0  5.6  1.30  9.09  6.55  58 1016.2  26.6  27.3  22.7 99.0 99.00
2016 07 18 02 50  66  4.9  5.9  1.37  7.69  6.51  78 1016.0  26.5  27.2  22.9 99.0 99.00
2016 07 18 03 50  70  4.7  5.6  1.30  9.09  6.45  51 1015.5  26.5  27.2  22.9 99.0 99.00
2016 07 18 04 50  59  5.6  7.1  1.38  9.09  6.33  59 1014.8  26.2  27.2  23.2 99.0 99.00
2016 07 18 05 50  53  4.2  4.9  1.38  9.09  6.07  67 1014.3  25.7  27.2  22.8 99.0 99.00
2016 07 18 06 50  70  5.4  6.4  1.33  8.33  6.24  70 1014.1  26.5  27.2  23.0 99.0 99.00
2016 07 18 07 50  67  4.9  5.6  1.27  7.69  5.95  79 1014.1  26.5  27.1  22.9 99.0 99.00
2016 07 18 08 50  69  5.2  6.1  1.39  9.09  6.20  70 1014.5  26.5  27.1  23.1 99.0 99.00
2016 07 18 09 50  76  1.6  2.4  1.43 10.00  6.30  59 1015.2  25.9  27.1  22.8 99.0 99.00
2016 07 18 10 50  60  5.7  6.9  1.39  8.33  6.14  83 1015.2  26.7  27.2  23.0 99.0 99.00
2016 07 18 11 50  66  6.2  7.6  1.34  8.33  5.66  70 1015.5  26.8  27.2  23.2 99.0 99.00
2016 07 18 12 50  68  7.1  8.1  1.41 10.00  5.68  66 1015.7  26.8  27.2  22.9 99.0 99.00
2016 07 18 13 50  70  6.7  8.2  1.59  8.33  5.77  79 1015.8  26.7  27.3  23.1 99.0 99.00
2016 07 18 14 50  78  5.2  6.3  1.46  9.09  5.45  70 1015.6  26.9  27.3  21.3 99.0 99.00
2016 07 18 15 50  59  5.7  7.0  1.53 10.00  5.61  68 1015.0  26.5  27.3  22.7 99.0 99.00
2016 07 18 16 50  54  6.6  7.8  1.47  7.69  5.71  81 1014.6  26.9  27.4  23.5 99.0 99.00
2016 07 18 17 50  64  7.5  8.8  1.53  9.09  5.74  60 1014.2  26.8  27.3  23.4 99.0 99.00
2016 07 18 18 50  61  7.2  8.4  1.54  9.09  5.43  65 1013.7  26.9  27.3  23.3 99.0 99.00
2016 07 18 19 50  59  6.8  7.9  1.58  8.33  5.41  59 1013.7  26.8  27.3  23.4 99.0 99.00
2016 07 18 20 50  56  7.8  9.3  1.58 10.00  5.54  57 1014.2  26.9  27.3  23.3 99.0 99.00
2016 07 18 21 50  58  8.0  9.1  1.58  9.09  5.46  60 1014.5  26.7  27.2  23.3 99.0 99.00
2016 07 18 22 50  58  7.7  9.3  1.61  8.33  5.33  56 1015.1  26.8  27.2  23.1 99.0 99.00
2016 07 18 23 50  64  7.8  9.2  1.70  8.33  5.45  57 1015.6  26.8  27.2  23.1 99.0 99.00
2016 07 19 00 50  56  8.5 10.0  1.63  8.33  5.51  61 1015.8  26.9  27.2  23.1 99.0 99.00
2016 07 19 01 50  56  8.2  9.9  1.71  7.69  5.39  61 1015.8  26.7  27.1  23.5 99.0 99.00
2016 07 19 02 50  54  9.2 11.1  1.77  7.69  5.31  62 1015.5  26.5  27.1  23.3 99.0 99.00
2016 07 19 03 50  64  8.8 10.2  1.88  7.69  5.49  57 1015.1  26.6  27.1  23.0 99.0 99.00
2016 07 19 04 50  66  8.2  9.8  1.93  6.25  5.33  60 1014.5  26.6  27.1  22.9 99.0 99.00
2016 07 19 05 50  67  8.8 10.7  1.78  6.67  5.18  61 1014.1  26.6  27.1  22.8 99.0 99.00
2016 07 19 06 50  64  8.0  9.4  1.89  7.69  5.48  58 1014.2  26.6  27.1  22.7 99.0 99.00
2016 07 19 07 50  63  8.5 10.0  1.97  8.33  5.63  79 1013.9  26.5  27.1  22.7 99.0 99.00
2016 07 19 08 50  66  7.7  9.0  1.83  7.69  5.37  57 1014.4  26.6  27.1  22.8 99.0 99.00
2016 07 19 09 50  62  8.0  9.3  1.90  7.69  5.45  47 1015.1  26.7  27.1  23.0 99.0 99.00
2016 07 19 10 50  64  8.6 10.3  2.00  7.69  5.57  54 1015.7  26.8  27.1  22.9 99.0 99.00
2016 07 19 11 50  68  9.4 11.3  1.85  7.69  5.44  45 1015.9  26.8  27.1  22.9 99.0 99.00
2016 07 19 12 50  69  9.0 10.9  1.96  7.14  5.58  57 1015.9  26.8  27.1  22.8 99.0 99.00
2016 07 19 13 50  70  8.5  9.9  1.84  9.09  5.35  80 1015.8  26.9  27.1  23.0 99.0 99.00
2016 07 19 14 50  71  8.6 10.0  1.94  7.69  5.56  51 1015.6  26.9  27.2  23.2 99.0 99.00
2016 07 19 15 50  75  7.4  8.6  1.97  8.33  5.61  55 1015.6  26.9  27.2  23.6 99.0 99.00
2016 07 19 16 50  76  8.5 10.0  1.85  7.14  5.64  59 1015.1  27.0  27.3  23.4 99.0 99.00
2016 07 19 17 50  73  8.4 10.0  1.87  7.69  5.54  61 1014.8  26.9  27.2  23.2 99.0 99.00
2016 07 19 19 50  64  7.2  8.3  1.83  7.69  5.53  64 1014.9  27.0  27.2  23.7 99.0 99.00
2016 07 19 20 50  66  8.3  9.9  1.95  8.33  5.68  49 1015.1  26.8  27.2  23.8 99.0 99.00
2016 07 19 21 50  65  8.1  9.5  1.97  9.09  5.72  66 1015.7  26.9  27.2  23.5 99.0 99.00
2016 07 19 22 50  65  7.7  9.1  1.92  8.33  5.71  62 1016.5  26.9  27.1  23.5 99.0 99.00
2016 07 19 23 50  64  8.7 10.3  1.82  8.33  5.63  64 1016.8  26.9  27.1  23.3 99.0 99.00
2016 07 20 00 50  60  8.3  9.9  2.04  8.33  5.71  53 1017.2  26.8  27.1  23.3 99.0 99.00
2016 07 20 01 50  59  7.9  9.6  2.06  8.33  5.89  47 1017.4  26.7  27.1  23.7 99.0 99.00
2016 07 20 02 50  58  8.9 10.7  2.15  8.33  6.00  55 1016.9  26.6  27.1  23.3 99.0 99.00
2016 07 20 03 50  60  8.5 10.1  2.12  7.69  5.89  56 1016.5  26.6  27.1  23.0 99.0 99.00
2016 07 20 04 50  60  7.6  9.0  2.06  7.69  5.97  35 1016.0  26.5  27.1  23.1 99.0 99.00
2016 07 20 05 50  54  7.9  9.5  2.07  8.33  6.15  49 1015.7  26.4  27.1  22.8 99.0 99.00
2016 07 20 06 50  62  7.6  9.4  2.06  7.69  5.89  56 1015.7  26.4  27.0  22.6 99.0 99.00
2016 07 20 07 50  55  8.2  9.6  2.00  8.33  5.99  61 1015.5  26.3  27.0  22.5 99.0 99.00
2016 07 20 08 50  56  8.4 10.1  1.91  9.09  5.88  53 1015.6  26.3  27.0  22.3 99.0 99.00
2016 07 20 09 50  63  7.8  9.6  1.93  8.33  5.77  59 1016.3  26.3  27.0  22.1 99.0 99.00
2016 07 20 10 50  64  8.1  9.7  1.87  8.33  5.79  46 1016.6  26.5  27.1  22.1 99.0 99.00
2016 07 20 11 50  58  8.3 10.2  1.84  8.33  5.63  54 1017.0  26.7  27.1  22.4 99.0 99.00
2016 07 20 12 50  72  7.2  8.4  1.78  8.33  5.67  39 1017.3  26.6  27.1  22.1 99.0 99.00
2016 07 20 13 50  68  7.1  8.5  1.89  8.33  5.85  57 1017.4  26.7  27.1  22.3 99.0 99.00
2016 07 20 14 50  65  7.4  8.7  1.93  9.09  5.94  51 1016.8  26.7  27.2  21.8 99.0 99.00
2016 07 20 15 50  62  6.3  7.6  1.72  8.33  5.62  59 1016.2  26.9  27.2  21.7 99.0 99.00
2016 07 20 16 50  61  7.0  8.2  1.72  8.33  5.82  50 1015.5  26.9  27.3  21.5 99.0 99.00
2016 07 20 17 50  66  6.1  7.2  1.77  8.33  5.72  54 1014.8  26.8  27.3  21.9 99.0 99.00
2016 07 20 18 50  68  5.2  6.4  1.97  8.33  6.26  53 1014.5  26.5  27.3  22.3 99.0 99.00
2016 07 20 19 50  53  6.7  7.8  1.76  9.09  6.05  46 1014.3  27.0  27.3  21.4 99.0 99.00
2016 07 20 20 50  49  6.5  7.5  1.81  8.33  5.97  56 1014.5  27.1  27.2  20.7 99.0 99.00
2016 07 20 21 50  40  6.1  7.3  1.86  9.09  6.02  56 1014.8  27.0  27.2  22.1 99.0 99.00
2016 07 20 22 50  47  5.2  6.4  1.69  8.33  5.86  56 1015.4  27.0  27.1  21.7 99.0 99.00
2016 07 20 23 50  51  5.9  7.4  1.78  8.33  6.17  47 1015.7  27.1  27.1  21.6 99.0 99.00
2016 07 21 00 50  36  6.0  7.0  1.58  8.33  5.83  54 1016.1  26.7  27.1  22.8 99.0 99.00
2016 07 21 01 50  43  6.2  7.8  1.74  7.69  6.00  56 1016.2  26.5  27.1  23.0 99.0 99.00
2016 07 21 02 50  44  8.2  9.7  1.64  7.69  5.73  55 1015.7  26.5  27.1  22.6 99.0 99.00
2016 07 21 03 50  44  8.2  9.5  1.83  8.33  5.76  61 1015.3  26.4  27.1  21.9 99.0 99.00
2016 07 21 04 50  49  8.6 10.1  1.60  8.33  5.39  60 1014.7  26.5  27.0  21.8 99.0 99.00
2016 07 21 05 50  56  8.1  9.4  1.77  7.69  5.39  53 1014.1  26.3  27.0  21.8 99.0 99.00
2016 07 21 06 50  55  7.7  9.3  1.70  8.33  5.57  67 1013.9  26.2  27.0  21.6 99.0 99.00
2016 07 21 07 50  67  6.3  7.9  1.78  8.33  5.78  69 1013.9  26.3  27.0  21.8 99.0 99.00
2016 07 21 08 50  63  6.2  7.2  1.78  9.09  5.60  60 1014.2  26.3  27.0  21.5 99.0 99.00
2016 07 21 09 50  55  7.0  8.2  1.63  8.33  5.68  62 1014.6  26.4  27.0  21.1 99.0 99.00
2016 07 21 10 50  53  6.4  7.6  1.69  8.33  5.66  57 1014.7  26.4  27.0  21.2 99.0 99.00
2016 07 21 11 50  48  6.9  8.0  1.52  8.33  5.45  65 1014.9  26.4  27.1  21.3 99.0 99.00
2016 07 21 12 50  51  6.6  7.7  1.60  8.33  5.58  50 1015.1  26.5  27.1  21.6 99.0 99.00
2016 07 21 13 50  51  6.1  7.2  1.45  8.33  5.44  70 1015.4  26.5  27.1  21.6 99.0 99.00
2016 07 21 14 50  53  6.4  8.1  1.62  9.09  5.77  64 1015.2  26.6  27.2  21.5 99.0 99.00
2016 07 21 15 50  50  6.3  7.5  1.72  8.33  5.97  61 1014.6  26.7  27.2  21.3 99.0 99.00
2016 07 21 16 50  51  5.9  7.4  1.61  7.69  5.65  61 1014.0  26.7  27.3  21.2 99.0 99.00
2016 07 21 17 50  51  5.4  6.3  1.45  8.33  5.59  68 1013.5  26.8  27.3  20.7 99.0 99.00
2016 07 21 18 50  47  5.6  6.7  1.58  8.33  6.04  54 1013.1  26.7  27.3  21.0 99.0 99.00
2016 07 21 19 50  51  5.6  6.6  1.42  8.33  5.64  56 1013.1  26.7  27.3  21.0 99.0 99.00
2016 07 21 20 50  52  5.3  6.4  1.41  8.33  5.76  52 1013.4  26.7  27.2  21.3 99.0 99.00
2016 07 21 21 50  61  5.4  6.4  1.50  8.33  5.77  69 1013.8  26.8  27.1  21.4 99.0 99.00
2016 07 21 22 50  55  5.0  5.8  1.48  8.33  5.85  68 1014.3  26.7  27.1  21.6 99.0 99.00
2016 07 21 23 50  63  5.6  6.7  1.44  8.33  5.81  71 1015.1  26.8  27.1  21.3 99.0 99.00
2016 07 22 00 50  83  8.8 10.6  1.48  8.33  5.87  69 1015.6  25.6  27.1  21.3 99.0 99.00
2016 07 22 01 50  78  6.2  7.6  1.51  8.33  5.87  66 1015.8  26.3  27.0  21.8 99.0 99.00
2016 07 22 02 50  77  6.3  7.4  1.38  9.09  5.59  54 1015.5  26.3  27.0  21.2 99.0 99.00
2016 07 22 03 50  77  5.7  6.7  1.54  8.33  5.87  63 1014.8  26.2  27.0  21.3 99.0 99.00
2016 07 22 04 50  73  5.4  6.4  1.42  8.33  5.65  69 1014.1  26.1  27.0  21.2 99.0 99.00
2016 07 22 05 50  79  5.1  6.1  1.39  8.33  5.75  65 1013.6  26.0  27.0  21.2 99.0 99.00
2016 07 22 06 50  79  4.9  5.6  1.29  8.33  5.69  66 1013.3  26.0  27.0  21.3 99.0 99.00
2016 07 22 07 50  73  4.4  5.3  1.37  8.33  5.84  61 1013.4  26.0  27.0  21.5 99.0 99.00
2016 07 22 08 50  73  5.5  6.5  1.36  8.33  5.82  69 1013.6  25.9  26.9  21.7 99.0 99.00
2016 07 22 09 50  52  5.8  6.9  1.30  8.33  5.51  64 1014.3  25.4  27.0  22.5 99.0 99.00
2016 07 22 10 50  55  3.1  4.0  1.36  8.33  5.58  66 1014.8  25.5  27.0  22.1 99.0 99.00
2016 07 22 11 50  68  4.8  6.2  1.35  7.69  5.47  58 1015.3  26.3  27.0  21.4 99.0 99.00
2016 07 22 12 50  70  5.2  6.1  1.33  8.33  5.65  64 1015.5  26.4  27.1  21.7 99.0 99.00
2016 07 22 13 50  76  5.5  6.5  1.38  8.33  5.78  69 1015.5  26.4  27.2  21.8 99.0 99.00
2016 07 22 14 50  75  5.9  6.8  1.29  8.33  5.53  66 1015.3  26.4  27.2  21.6 99.0 99.00
2016 07 22 15 50  78  5.0  6.0  1.28  8.33  5.64  72 1015.2  26.4  27.3  21.4 99.0 99.00
2016 07 22 16 50  74  5.4  6.4  1.27  9.09  5.74  74 1014.6  26.4  27.4  21.5 99.0 99.00
2016 07 22 17 50  71  5.8  6.6  1.29  8.33  5.92  70 1014.2  26.5  27.4  21.8 99.0 99.00
2016 07 22 19 50  64  5.2  6.4  1.20  7.69  5.48  55 1013.7  26.5  27.3  21.9 99.0 99.00
2016 07 22 20 50  67  5.5  6.6  1.24  8.33  5.61  57 1013.9  26.7  27.2  21.3 99.0 99.00
2016 07 22 21 50  70  6.1  7.3  1.26  8.33  5.51  58 1014.5  26.5  27.2  21.7 99.0 99.00
2016 07 22 23 50  68  6.6  7.7  1.26  7.69  5.23  58 1015.5  26.6  27.1  21.9 99.0 99.00
2016 07 23 00 50  68  7.0  8.2  1.32  8.33  5.41  65 1016.0  26.6  27.0  21.9 99.0 99.00
2016 07 23 01 50  70  6.2  7.7  1.31  8.33  5.25  75 1016.3  26.6  27.0  22.1 99.0 99.00
2016 07 23 02 50  73  5.9  7.1  1.21  7.69  5.06  63 1015.9  26.5  27.0  22.1 99.0 99.00
2016 07 23 03 50  76  6.3  7.5  1.15  8.33  5.10  62 1015.2  26.4  27.0  22.0 99.0 99.00
2016 07 23 04 50  66  5.2  6.3  1.27  8.33  5.51  65 1014.4  26.3  27.0  22.2 99.0 99.00
2016 07 23 05 50  72  5.5  6.5  1.24  7.69  5.41  62 1014.0  26.4  27.0  22.6 99.0 99.00
2016 07 23 06 50  65  5.8  6.9  1.24  7.69  5.23  60 1013.8  26.3  27.0  22.5 99.0 99.00
2016 07 23 07 50  75  6.2  7.3  1.21  8.33  5.31  82 1013.9  26.4  27.0  22.2 99.0 99.00
2016 07 23 08 50  78  5.4  6.5  1.25  8.33  5.25  67 1014.0  26.2  27.0  22.2 99.0 99.00
2016 07 23 09 50  69  5.6  6.5  1.31  8.33  5.63  79 1014.6  26.4  27.0  22.1 99.0 99.00
2016 07 23 10 50  70  5.6  6.7  1.19  8.33  5.34  77 1014.8  26.5  27.0  22.5 99.0 99.00
2016 07 23 11 50  70  5.7  6.6  1.22  8.33  5.27  82 1015.1  26.5  27.0  22.4 99.0 99.00
2016 07 23 12 50  79  5.5  6.4  1.16  8.33  5.22  94 1015.3  26.4  27.1  22.3 99.0 99.00
2016 07 23 13 50  84  5.2  5.9  1.22  8.33  5.43  69 1015.4  26.7  27.2  22.4 99.0 99.00
2016 07 23 14 50  93  5.2  6.3  1.11  7.69  5.27  76 1014.9  26.7  27.3  22.7 99.0 99.00
2016 07 23 15 50  91  5.3  6.2  1.16  7.69  5.56  66 1014.4  26.7  27.4  22.6 99.0 99.00
2016 07 23 16 50  83  5.3  6.1  1.12  8.33  5.23  73 1014.0  26.7  27.4  22.6 99.0 99.00
2016 07 23 17 50  85  5.9  6.7  1.07  8.33  5.21  76 1013.8  26.8  27.5  22.6 99.0 99.00
2016 07 23 18 50  72  5.5  7.2  1.05  8.33  5.17  71 1013.6  26.9  27.6  23.2 99.0 99.00
2016 07 23 19 50  76  5.6  6.6  1.07  8.33  5.31  91 1013.6  26.9  27.4  22.3 99.0 99.00
2016 07 23 20 50  67  5.8  6.7  1.09  8.33  5.08  92 1014.0  26.9  27.4  22.3 99.0 99.00
2016 07 23 21 50  69  5.9  7.2  1.24  8.33  5.18  67 1014.4  26.8  27.3  22.5 99.0 99.00
2016 07 23 22 50  69  6.4  7.4  1.25  8.33  5.23  91 1014.9  26.7  27.2  22.3 99.0 99.00
2016 07 23 23 50  65  6.4  7.8  1.15  8.33  4.91  68 1015.6  26.7  27.2  22.0 99.0 99.00
2016 07 24 00 50  70  4.7  5.8  1.27  8.33  5.34  70 1015.9  26.7  27.2  22.3 99.0 99.00
2016 07 24 01 50  68  5.0  6.1  1.26  6.25  5.14  53 1015.9  26.7  27.2  22.6 99.0 99.00
2016 07 24 02 50  67  6.0  7.1  1.33  8.33  5.31  94 1015.6  26.8  27.2  22.7 99.0 99.00
2016 07 24 03 50  54  8.5 11.4  1.20  8.33  5.18  87 1014.8  26.7  27.2  22.2 99.0 99.00
2016 07 24 04 50  42  8.3  9.7  1.33  9.09  4.87  89 1014.3  25.3  27.2  22.7 99.0 99.00
2016 07 24 05 50  39  6.9  8.1  1.45  8.33  5.05 110 1013.9  26.2  27.2  21.5 99.0 99.00
2016 07 24 06 50  63  6.0  7.1  1.40  7.69  5.02  77 1013.8  25.8  27.2  22.2 99.0 99.00
2016 07 24 07 50  52  3.9  5.4  1.34  7.69  5.18  88 1013.9  24.7  27.2  22.0 99.0 99.00
2016 07 24 08 50  65  6.5  8.0  1.32  7.69  5.04  76 1013.9  26.2  27.1  20.9 99.0 99.00
2016 07 24 09 50  58  6.1  7.2  1.20  7.14  5.06  69 1014.3  26.1  27.1  22.5 99.0 99.00
2016 07 24 10 50  68  6.4  7.5  1.23  7.69  5.23  73 1014.7  26.4  27.2  22.4 99.0 99.00
2016 07 24 11 50  71  6.9  8.0  1.29  7.69  5.24  85 1014.9  26.4  27.2  22.2 99.0 99.00
2016 07 24 12 50  73  6.8  7.8  1.22  7.69  5.12  91 1014.8  26.7  27.2  22.1 99.0 99.00
2016 07 24 13 50  77  6.5  7.5  1.22  7.69  4.91  91 1014.5  26.7  27.3  22.1 99.0 99.00
2016 07 24 14 50  72  6.7  7.9  1.31  8.33  5.03 103 1014.1  26.7  27.3  22.1 99.0 99.00
2016 07 24 15 50  72  5.7  6.9  1.34  7.69  5.25  90 1013.7  26.7  27.4  22.7 99.0 99.00
2016 07 24 16 50  65  6.2  7.3  1.33  7.69  5.38  73 1013.1  26.7  27.5  22.6 99.0 99.00
2016 07 24 17 50  66  6.1  7.1  1.27  7.69  5.12  94 1012.8  26.9  27.5  22.7 99.0 99.00
2016 07 24 18 50  58  5.6  6.6  1.24  8.33  5.04 108 1012.8  26.9  27.5  23.3 99.0 99.00
2016 07 24 19 50  62  5.4  6.3  1.32  7.69  5.27  60 1012.8  27.0  27.4  23.1 99.0 99.00
2016 07 24 20 50  66  4.9  6.0  1.25  7.69  5.32  81 1013.1  27.1  27.4  23.2 99.0 99.00
2016 07 24 21 50  65  5.4  6.4  1.29  7.69  5.32  73 1013.6  26.9  27.4  23.2 99.0 99.00
2016 07 24 22 50  77  5.8  6.7  1.17  7.69  5.31  81 1013.8  26.8  27.3  23.5 99.0 99.00
2016 07 24 23 50  85  5.8  6.5  1.24  7.69  5.39  87 1014.2  26.9  27.3  23.9 99.0 99.00
2016 07 25 00 50  77  7.2  8.3  1.25  6.67  5.29  49 1014.6  27.1  27.3  23.7 99.0 99.00
2016 07 25 01 50  63  7.1  8.3  1.23  6.67  4.95  46 1014.9  26.9  27.3  23.8 99.0 99.00
2016 07 25 02 50  58  7.8  9.6  1.47  7.69  5.21  71 1014.6  26.9  27.3  23.9 99.0 99.00
2016 07 25 03 50  70  7.3  8.6  1.46  7.14  5.05  50 1014.0  26.8  27.2  23.9 99.0 99.00
2016 07 25 04 50  64  7.2  8.1  1.41  7.69  5.23  86 1013.3  26.7  27.2  23.7 99.0 99.00
2016 07 25 05 50  64  6.3  7.7  1.49  7.14  5.12  63 1012.9  26.7  27.2  23.8 99.0 99.00
2016 07 25 06 50  61  7.3  8.8  1.47  7.14  5.17  74 1012.9  26.7  27.2  23.5 99.0 99.00
2016 07 25 07 50  56  6.1  7.6  1.46  7.14  5.09  59 1012.9  26.6  27.2  24.0 99.0 99.00
2016 07 25 08 50  69  6.5  7.7  1.44  7.69  5.29  66 1013.4  26.6  27.2  23.8 99.0 99.00
2016 07 25 09 50  68  6.0  7.1  1.51  6.25  5.41  52 1013.8  26.6  27.2  23.5 99.0 99.00
2016 07 25 10 50  67  6.1  7.5  1.36  5.88  5.17  48 1014.1  26.7  27.2  23.4 99.0 99.00
2016 07 25 11 50  70  5.5  6.8  1.45  7.69  5.44  86 1014.1  26.8  27.2  23.3 99.0 99.00
2016 07 25 12 50  68  6.2  7.4  1.42  7.14  5.43  41 1014.2  26.9  27.3  23.4 99.0 99.00
2016 07 25 13 50  63  6.6  7.7  1.45  7.69  5.48  75 1014.0  27.0  27.3  23.2 99.0 99.00
2016 07 25 14 50  60  6.3  7.4  1.32  7.14  5.15  42 1013.5  26.9  27.4  23.3 99.0 99.00
2016 07 25 15 50  65  6.7  7.7  1.50  8.33  5.42  82 1013.0  27.1  27.4  23.0 99.0 99.00
2016 07 25 16 50  65  6.3  7.3  1.48  7.14  5.38  54 1012.5  27.0  27.5  23.4 99.0 99.00
2016 07 25 17 50  57  6.4  7.2  1.48  7.14  5.44  48 1012.3  27.1  27.5  23.2 99.0 99.00
2016 07 25 19 50  56  5.5  6.5  1.38  7.69  5.60  50 1012.0  27.2  27.5  23.5 99.0 99.00
2016 07 25 20 50  51  5.8  6.9  1.36  7.14  5.35  65 1012.3  27.2  27.5  23.8 99.0 99.00
2016 07 25 21 50  55  6.4  7.5  1.48  7.14  5.52  53 1012.8  27.2  27.4  23.6 99.0 99.00
2016 07 25 23 50  52  5.8  6.8  1.33  7.69  5.27  58 1013.8  27.1  27.4  23.8 99.0 99.00
2016 07 26 00 50  50  6.2  7.4  1.54  7.69  5.73  55 1014.2  27.1  27.3  23.9 99.0 99.00
2016 07 26 01 50  49  6.1  7.2  1.45  8.33  5.51  61 1014.4  27.0  27.3  23.5 99.0 99.00
2016 07 26 02 50  41  6.2  6.9  1.61  8.33  5.76  66 1014.4  27.0  27.3  23.8 99.0 99.00
2016 07 26 03 50  66  4.0  4.7  1.54  8.33  5.49  57 1013.9  26.3  27.3  23.3 99.0 99.00
2016 07 26 04 50  54  5.0  5.7  1.53  8.33  5.69  81 1013.3  26.7  27.3  23.9 99.0 99.00
2016 07 26 05 50  36  5.7  7.0  1.34  7.14  5.49  46 1012.9  26.9  27.3  23.5 99.0 99.00
2016 07 26 06 50  99  6.2  7.3  1.42  8.33  5.38  66 1012.8  25.3  27.3  23.1 99.0 99.00
2016 07 26 07 50  86  7.3  9.3  1.49  8.33  5.63  58 1013.0  24.4  27.3  22.9 99.0 99.00
2016 07 26 08 50  69  6.8  8.4  1.43  7.14  5.42  52 1013.4  24.7  27.3  23.0 99.0 99.00
2016 07 26 09 50  85  3.6  4.3  1.49  8.33  5.57  65 1013.8  24.7  27.3  23.0 99.0 99.00
2016 07 26 10 50  57  3.9  5.0  1.37  8.33  5.68  54 1013.8  25.6  27.3  23.1 99.0 99.00
2016 07 26 11 50  75  4.0  4.9  1.42  7.14  5.80  74 1013.8  26.1  27.3  22.9 99.0 99.00
2016 07 26 12 50  90  5.2  6.4  1.51  8.33  5.54  61 1013.6  25.3  27.4  23.0 99.0 99.00
2016 07 26 13 50  70  3.1  4.0  1.61  7.69  5.99  61 1013.5  25.6  27.5  23.0 99.0 99.00
2016 07 26 14 50  72  2.1  2.8  1.48  8.33  6.00  68 1013.1  26.0  27.7  23.2 99.0 99.00
2016 07 26 15 50  62  4.8  5.9  1.45  8.33  5.80  58 1012.5  26.6  27.8  23.1 99.0 99.00
2016 07 26 16 50  69  4.5  6.7  1.37  7.69  5.97  78 1012.3  26.3  27.8  22.7 99.0 99.00
2016 07 26 17 50  54  4.1  5.3  1.27  8.33  5.86  46 1012.0  26.8  27.8  23.0 99.0 99.00
2016 07 26 18 50  58  4.9  6.0  1.39  8.33  6.00  55 1011.9  26.8  27.8  22.8 99.0 99.00
2016 07 26 19 50  52  5.0  5.9  1.48  8.33  6.28  59 1011.9  26.9  27.7  22.8 99.0 99.00
2016 07 26 20 50  67  5.3  6.3  1.38  8.33  5.97  61 1012.2  26.8  27.6  23.1 99.0 99.00
2016 07 26 21 50  66  5.1  6.1  1.46  8.33  5.84  62 1013.0  26.8  27.6  23.1 99.0 99.00
2016 07 26 22 50  71  6.2  7.3  1.43  7.69  5.86  73 1013.3  26.8  27.5  23.1 99.0 99.00
2016 07 26 23 50  74  5.7  6.8  1.32  8.33  5.64  62 1013.7  27.0  27.5  23.3 99.0 99.00
2016 07 27 00 50  84  6.0  7.4  1.42  8.33  5.80  61 1014.5  27.0  27.4  23.3 99.0 99.00
2016 07 27 01 50  81  5.7  6.7  1.51  8.33  6.01  61 1014.6  27.0  27.4  23.0 99.0 99.00
2016 07 27 02 50  75  5.4  6.4  1.41  8.33  5.82  67 1014.3  27.0  27.4  22.5 99.0 99.00
2016 07 27 03 50  96  4.0  5.5  1.47  8.33  5.58  64 1014.3  24.5  27.3  22.7 99.0 99.00
2016 07 27 04 50  82  3.9  4.8  1.43  9.09  5.96  55 1013.5  26.3  27.3  22.2 99.0 99.00
2016 07 27 05 50  70  5.8  7.0  1.36  8.33  5.81  61 1013.1  26.5  27.3  22.9 99.0 99.00
2016 07 27 06 50  82  7.5 10.2  1.53  9.09  6.19  62 1012.9  25.7  27.3  22.9 99.0 99.00
2016 07 27 07 50  87  5.8  6.9  1.56  9.09  6.08  59 1013.2  25.8  27.3  22.9 99.0 99.00
2016 07 27 08 50  69  5.5  6.9  1.55  9.09  6.01  65 1013.5  26.3  27.3  22.9 99.0 99.00
2016 07 27 09 50  74  5.8  7.0  1.65  9.09  6.09  59 1013.8  26.6  27.3  22.3 99.0 99.00
2016 07 27 10 50  72  6.4  7.6  1.65  8.33  6.03  64 1014.1  26.8  27.3  21.7 99.0 99.00
2016 07 27 11 50  60  5.9  7.5  1.55  9.09  5.86  61 1014.3  26.6  27.3  22.1 99.0 99.00
2016 07 27 12 50  51  5.0  6.0  1.60  9.09  5.74  62 1014.5  26.1  27.4  23.0 99.0 99.00
2016 07 27 13 50  85  6.2  8.1  1.71 10.00  6.14  63 1014.6  26.3  27.4  22.5 99.0 99.00
2016 07 27 14 50  62  6.8  7.9  1.62  9.09  5.85  67 1014.2  27.0  27.4  22.2 99.0 99.00
2016 07 27 15 50  64  6.4  7.7  1.72  7.69  5.85  70 1013.7  27.1  27.5  22.2 99.0 99.00
2016 07 27 16 50  79  6.2  7.1  1.57  9.09  5.57  73 1013.4  26.8  27.5  22.5 99.0 99.00
2016 07 27 17 50  64  6.4  7.6  1.66  9.09  5.98  75 1012.9  27.1  27.5  22.3 99.0 99.00
2016 07 27 18 50  59  6.6  7.6  1.62  9.09  5.66  70 1012.8  26.7  27.5  22.1 99.0 99.00
2016 07 27 20 50  51  7.8  9.5  1.62  9.09  5.79  73 1013.3  25.7  27.5  23.2 99.0 99.00
2016 07 27 21 50  52  5.9  7.5  1.68  8.33  5.67  67 1013.8  26.1  27.4  23.5 99.0 99.00
2016 07 27 22 50  56  7.9  9.6  1.71  8.33  5.83  75 1014.2  26.6  27.4  22.6 99.0 99.00
2016 07 27 23 50  52  7.1  8.5  1.83  8.33  5.86  75 1014.4  26.6  27.4  22.9 99.0 99.00
2016 07 28 00 50  32  8.5 10.7  1.73  6.67  5.80  55 1014.7  25.4  27.4  23.5 99.0 99.00
2016 07 28 01 50  51  7.8  9.6  1.63  8.33  5.40  75 1014.8  26.4  27.3  23.1 99.0 99.00
2016 07 28 02 50  48  8.1  9.7  1.79  7.69  5.72  60 1014.2  26.4  27.3  22.8 99.0 99.00
2016 07 28 03 50  45  9.0 10.8  1.83  9.09  5.55  78 1013.6  24.9  27.3  23.3 99.0 99.00
2016 07 28 04 50  62  6.6  8.0  1.88  9.09  5.42  66 1013.2  24.9  27.3  22.8 99.0 99.00
2016 07 28 05 50  50 10.1 12.1  1.72  7.69  5.37  68 1012.6  24.5  27.3  22.9 99.0 99.00
2016 07 28 06 50  46  7.2  8.6  1.77  7.14  5.46  52 1012.6  25.2  27.3  23.2 99.0 99.00
2016 07 28 07 50  43  7.8 10.3  1.81  9.09  5.60  63 1012.8  24.2  27.3  22.7 99.0 99.00
2016 07 28 08 50  72  8.8 11.4  1.88  8.33  5.66  88 1013.1  25.8  27.3  23.4 99.0 99.00
2016 07 28 09 50  59  8.0  9.7  1.86  8.33  5.54  78 1013.4  26.5  27.3  23.1 99.0 99.00
2016 07 28 10 50  61  8.4  9.7  2.00  9.09  5.88  92 1013.7  26.1  27.3  22.4 99.0 99.00
2016 07 28 11 50  50  7.6  8.9  1.98  7.14  5.60  56 1013.6  26.6  27.3  23.2 99.0 99.00
2016 07 28 12 50  55  8.9 10.9  1.97  7.14  5.65  59 1013.6  26.9  27.3  22.8 99.0 99.00
2016 07 28 13 50  53  8.9 10.6  1.85  7.69  5.30  86 1013.9  26.8  27.3  22.4 99.0 99.00
2016 07 28 14 50  54  8.2 10.1  1.88  9.09  5.50 116 1013.7  27.0  27.3  22.2 99.0 99.00
2016 07 28 15 50  52  9.2 10.5  2.18  7.14  5.65  57 1013.1  26.9  27.4  21.9 99.0 99.00
2016 07 28 16 50  54  8.2  9.6  2.03  6.67  5.60  58 1012.6  27.0  27.4  21.9 99.0 99.00
2016 07 28 17 50  55  8.5 10.0  2.10  8.33  5.76  86 1011.9  26.9  27.4  22.1 99.0 99.00
2016 07 28 19 50  49  7.7  9.1  2.15  8.33  5.80  88 1011.9  26.8  27.4  22.1 99.0 99.00
2016 07 28 20 50  57  8.6 10.2  1.97  6.67  5.71  64 1011.9  27.0  27.3  21.5 99.0 99.00
2016 07 28 21 50  58  8.5 10.5  1.94  7.14  5.56  71 1012.3  26.9  27.3  21.6 99.0 99.00
2016 07 29 00 50  47  9.2 10.7  1.93  7.69  5.62  71 1013.4  26.8  27.3  22.7 99.0 99.00
2016 07 29 01 50  55  8.6 10.4  1.90  7.69  5.57  57 1013.6  27.0  27.3  22.6 99.0 99.00
2016 07 29 02 50  51  8.0  9.4  1.97  7.69  5.57  61 1013.0  26.9  27.3  22.9 99.0 99.00
2016 07 29 03 50  67  6.3  7.7  1.93  7.69  5.71  64 1012.3  24.9  27.3  23.0 99.0 99.00
2016 07 29 04 50  58  4.5  6.0  1.94  7.69  5.87  62 1011.5  25.9  27.2  23.8 99.0 99.00
2016 07 29 05 50  48  6.6  7.8  1.93  8.33  5.56  77 1011.2  25.1  27.2  23.7 99.0 99.00
2016 07 29 06 50  74  8.7 10.8  1.97  6.67  5.64  60 1010.6  26.2  27.2  23.8 99.0 99.00
2016 07 29 07 50  72  9.2 11.2  1.90  7.69  5.54  68 1010.7  26.7  27.2  23.9 99.0 99.00
2016 07 29 08 50  68  8.6 10.6  2.07  6.67  5.62  67 1010.8  26.9  27.2  24.1 99.0 99.00
2016 07 29 09 50  81  7.5  9.7  2.15  7.14  5.65  66 1011.3  26.2  27.2  24.6 99.0 99.00
2016 07 29 10 50  61 10.5 12.7  2.22  7.69  5.64  68 1011.3  27.3  27.2  24.1 99.0 99.00
2016 07 29 11 50  64 10.7 12.6  2.43  6.67  5.66  64 1011.9  27.3  27.3  24.0 99.0 99.00
2016 07 29 12 50  64 10.2 12.4  2.35  7.14  5.63  67 1012.0  27.3  27.3  24.0 99.0 99.00
2016 07 29 13 50  69  8.8 10.4  2.22  7.69  5.62  64 1012.1  27.3  27.3  24.3 99.0 99.00
2016 07 29 14 50  68 10.2 11.9  2.50  7.69  6.02  59 1011.5  27.3  27.3  24.0 99.0 99.00
2016 07 29 15 50  66  9.7 11.5  2.48  7.69  5.85  66 1011.2  27.2  27.3  24.1 99.0 99.00
2016 07 29 16 50  97  8.7 10.9  2.53  7.14  5.85  82 1011.0  25.5  27.3  23.8 99.0 99.00
2016 07 29 17 50  79  7.8  9.9  2.60  7.69  6.00  59 1010.6  26.1  27.2  24.2 99.0 99.00
2016 07 29 18 50  66 10.0 11.5  2.37  8.33  5.96  70 1010.1  25.8  27.2  24.2 99.0 99.00
2016 07 29 19 50  68 10.7 12.9  2.47  7.69  6.10  57 1010.1  26.2  27.2  24.3 99.0 99.00
2016 07 29 20 50  71  9.0 10.9  2.38  8.33  5.98  52 1010.4  26.1  27.2  24.1 99.0 99.00
2016 07 29 21 50  65  9.3 11.0  2.46  7.69  6.23  64 1011.1  26.5  27.2  24.3 99.0 99.00
2016 07 29 22 50  82  9.2 11.3  2.26  8.33  5.85  66 1011.6  26.7  27.2  24.2 99.0 99.00
2016 07 29 23 50  97  8.5 10.1  2.32  7.69  6.14  67 1012.3  26.7  27.2  24.2 99.0 99.00
2016 07 30 00 50  95  8.1  9.8  2.21  8.33  5.88  71 1012.9  26.7  27.2  24.2 99.0 99.00
2016 07 30 01 50  93  7.7  9.2  2.43  8.33  6.28  70 1013.3  26.8  27.2  24.4 99.0 99.00
2016 07 30 02 50  95  8.7  9.9  2.48  8.33  6.42  70 1013.2  26.8  27.2  24.3 99.0 99.00
2016 07 30 03 50  95  8.2  9.2  2.36  9.09  6.37  78 1012.8  26.8  27.2  24.3 99.0 99.00
2016 07 30 04 50  91  8.3  9.9  2.23  9.09  6.33  71 1012.1  26.7  27.2  24.3 99.0 99.00
2016 07 30 05 50  87  8.3  9.7  2.22  8.33  6.23  60 1011.9  26.8  27.2  24.2 99.0 99.00
2016 07 30 06 50  90  7.3  8.9  2.23  8.33  6.14  80 1012.1  26.8  27.2  23.7 99.0 99.00
2016 07 30 07 50  81  8.7 10.3  2.22  8.33  6.29  57 1012.1  26.9  27.2  24.3 99.0 99.00
2016 07 30 08 50  82  8.3  9.6  1.97  8.33  5.96  68 1012.7  26.9  27.2  24.2 99.0 99.00
2016 07 30 09 50  82  8.2  9.6  2.12  8.33  5.94  55 1013.2  27.0  27.2  23.9 99.0 99.00
2016 07 30 10 50  80  8.3  9.5  2.20  8.33  6.19  70 1013.8  27.0  27.2  23.8 99.0 99.00
2016 07 30 11 50  80  7.4  8.7  2.04  8.33  6.24  60 1014.3  27.0  27.2  24.1 99.0 99.00
2016 07 30 12 50  78  7.7  9.3  2.01  8.33  6.00  75 1014.0  27.0  27.3  24.1 99.0 99.00
2016 07 30 13 50  81  6.8  8.1  1.97  8.33  6.04  66 1014.3  27.1  27.3  24.2 99.0 99.00
2016 07 30 14 50  88  6.8  8.0  1.89  8.33  5.97  67 1014.3  27.1  27.4  24.2 99.0 99.00
2016 07 30 15 50  87  5.9  7.4  1.97  8.33  6.05  73 1014.1  27.2  27.4  24.2 99.0 99.00
2016 07 30 16 50  80  6.2  7.2  2.05  8.33  6.34  65 1013.4  27.1  27.5  24.3 99.0 99.00
2016 07 30 17 50  71  6.5  7.9  1.96  8.33  6.22  66 1012.9  27.2  27.5  24.6 99.0 99.00
2016 07 30 18 50  70  6.8  7.9  1.94  8.33  6.19  62 1012.8  26.8  27.5  24.5 99.0 99.00
2016 07 30 20 50  68  7.6  9.1  1.91  7.69  5.86  61 1013.2  27.2  27.5  24.6 99.0 99.00
2016 07 30 21 50  62  7.5  8.9  1.85  9.09  5.89  71 1013.6  27.2  27.5  24.4 99.0 99.00
2016 07 30 22 50  65  7.5  9.3  1.84  8.33  5.92  62 1014.2  27.1  27.5  24.1 99.0 99.00
2016 07 30 23 50  69  7.3  9.1  1.70  8.33  5.71  61 1014.8  27.1  27.4  24.2 99.0 99.00
2016 07 31 00 50  70  6.5  7.9  1.79  8.33  5.60  62 1015.5  27.0  27.4  24.0 99.0 99.00
2016 07 31 01 50  61  7.5  8.8  1.83  8.33  5.86  60 1015.3  27.1  27.4  23.6 99.0 99.00
2016 07 31 02 50  59  7.3  8.4  1.85  9.09  5.86  57 1015.2  27.0  27.4  23.5 99.0 99.00
2016 07 31 03 50  55  6.5  8.1  1.96  8.33  5.98  59 1014.7  26.9  27.4  23.9 99.0 99.00
2016 07 31 04 50  60  8.1  9.4  1.96  8.33  6.01  65 1013.9  26.8  27.3  23.8 99.0 99.00
2016 07 31 05 50  52  8.1  9.5  1.76  8.33  5.59  62 1013.5  26.7  27.3  23.4 99.0 99.00
2016 07 31 06 50  51  8.3  9.7  1.90  8.33  5.62  62 1013.4  26.6  27.3  23.1 99.0 99.00
2016 07 31 07 50  43  7.9  9.6  2.00  8.33  5.95  51 1013.3  26.5  27.3  23.1 99.0 99.00
2016 07 31 08 50  45  8.0  9.8  1.97  7.69  5.77  60 1013.5  26.6  27.3  22.7 99.0 99.00
2016 07 31 09 50  45  6.3  8.1  1.76  8.33  5.68  67 1014.1  26.9  27.3  21.9 99.0 99.00
2016 07 31 10 50  54  7.5  8.9  2.02  7.69  5.92  47 1014.5  27.1  27.3  22.0 99.0 99.00
2016 07 31 11 50  52  7.0  8.4  1.79  8.33  5.70  68 1014.8  27.1  27.3  22.4 99.0 99.00
2016 07 31 12 50  42  6.7  7.8  1.79  8.33  5.64  60 1014.7  27.0  27.4  22.7 99.0 99.00
2016 07 31 13 50  48  7.7  9.4  1.71  8.33  5.56  65 1014.5  27.2  27.4  22.4 99.0 99.00
2016 07 31 14 50  46  7.6  9.2  1.86  8.33  5.78  57 1014.0  27.3  27.4  22.6 99.0 99.00
2016 07 31 15 50  44  7.5  9.0  1.79  8.33  5.57  72 1013.5  27.3  27.4  22.7 99.0 99.00
2016 07 31 16 50  47  7.1  8.3  1.76  9.09  5.37  69 1013.0  27.3  27.5  22.9 99.0 99.00
2016 07 31 17 50  51  6.0  7.3  1.89  8.33  5.78  66 1012.3  27.3  27.5  22.4 99.0 99.00
2016 07 31 19 50  54  7.4  8.8  1.71  8.33  5.50  72 1011.7  27.3  27.5  22.4 99.0 99.00
2016 07 31 20 50  54  7.0  8.2  1.71  8.33  5.66  71 1011.8  27.3  27.4  22.6 99.0 99.00
2016 07 31 21 50  40  6.4  7.9  1.71  7.69  5.76  59 1012.5  26.6  27.4  23.7 99.0 99.00
