#YY  MM DD hh mm WDIR WSPD GST  WVHT   DPD   APD MWD   PRES  ATMP  WTMP  DEWP  VIS  TIDE
#yr  mo dy hr mn degT m/s  m/s     m   sec   sec deg    hPa  degC  degC  degC  nmi    ft
2015 12 31 23 50 225  6.9  8.2  1.32  8.33  5.00 144 1022.7  23.0  23.4  20.0 99.0 99.00
2016 01 01 00 50 221  6.8  8.2  1.34  9.09  4.94  54 1022.5  23.0  23.4  20.5 99.0 99.00
2016 01 01 01 50 226  6.6  7.7  1.30  9.09  4.97 133 1022.7  23.1  23.4  20.8 99.0 99.00
2016 01 01 02 50 207  7.2  8.5  1.30  6.67  4.99 200 1021.6  23.0  23.4  21.1 99.0 99.00
2016 01 01 03 50 215  7.6  9.0  1.34  7.69  5.10 146 1021.5  23.1  23.4  21.4 99.0 99.00
2016 01 01 04 50 213  7.4  8.6  1.27  8.33  5.02 135 1021.0  23.2  23.4  21.6 99.0 99.00
2016 01 01 05 50 222  7.5  8.8  1.24  7.14  4.84 163 1020.3  23.2  23.4  21.6 99.0 99.00
2016 01 01 06 50 223  7.6  9.0  1.26  7.69  4.88 149 1019.5  23.2  23.4  21.7 99.0 99.00
2016 01 01 07 50 227  7.7  9.4  1.29  6.25  4.88 268 1019.2  23.3  23.4  21.9 99.0 99.00
2016 01 01 08 50 226  8.2 10.1  1.30  7.69  4.92 134 1018.7  23.3  23.4  21.7 99.0 99.00
2016 01 01 09 50 226  8.1 10.2  1.38  8.33  4.83 131 1018.6  23.3  23.4  21.7 99.0 99.00
2016 01 01 10 50 222  9.0 10.8  1.47  5.56  4.88 243 1018.6  23.4  23.4  21.8 99.0 99.00
2016 01 01 11 50 222  9.6 11.9  1.45  5.88  4.94 278 1018.9  23.4  23.4  21.7 99.0 99.00
2016 01 01 12 50 222  9.2 10.7  1.49  4.76  4.81 219 1019.1  23.5  23.4  21.6 99.0 99.00
2016 01 01 13 50 223  9.4 11.1  1.64  5.88  4.93 262 1019.5  23.5  23.3  21.6 99.0 99.00
2016 01 01 14 50 222  9.4 11.4  1.67  5.00  4.96 220 1019.3  23.5  23.3  21.5 99.0 99.00
2016 01 01 15 50 218  9.1 10.7  1.67  5.26  4.96 226 1018.3  23.6  23.3  21.6 99.0 99.00
2016 01 01 16 50 222 10.5 12.1  1.75  5.56  5.07 220 1017.4  23.6  23.3  21.5 99.0 99.00
2016 01 01 17 50 223 10.1 12.3  1.82  6.67  5.09 238 1016.3  23.6  23.3  21.6 99.0 99.00
2016 01 01 18 50 226  9.7 11.9  1.72  5.88  4.98 237 1015.8  23.6  23.3  21.7 99.0 99.00
2016 01 01 19 50 224 10.6 13.1  1.81  5.56  5.15 234 1015.4  23.7  23.3  21.7 99.0 99.00
2016 01 01 20 50 229 10.8 13.7  1.83  6.25  5.00 253 1015.4  23.7  23.3  21.7 99.0 99.00
2016 01 01 21 50 226 11.1 13.4  1.88  5.56  5.19 223 1015.2  23.6  23.3  21.8 99.0 99.00
2016 01 01 22 50 229 10.5 13.1  2.07  5.88  5.25 230 1015.3  23.7  23.3  22.0 99.0 99.00
2016 01 01 23 50 235 10.3 13.2  2.19  5.88  5.51 231 1015.7  23.7  23.3  22.0 99.0 99.00
2016 01 02 00 50 276  7.5  9.8  1.99  7.14  5.39 270 1016.1  21.8  23.2  20.1 99.0 99.00
2016 01 02 01 50 226  8.1 10.8  2.07  6.67  5.52 252 1015.4  23.4  23.3  21.7 99.0 99.00
2016 01 02 02 50 282  8.7 10.7  1.91  7.14  5.47 281 1015.6  21.6  23.3  20.1 99.0 99.00
2016 01 02 03 50 258  9.9 11.6  2.17  6.67  5.76 262 1015.3  22.7  23.2  19.8 99.0 99.00
2016 01 02 04 50 247  9.1 10.8  2.05  7.69  5.59 265 1014.8  22.8  23.2  19.8 99.0 99.00
2016 01 02 05 50 254  8.5 10.6  2.23  7.69  5.84 284 1014.4  23.0  23.2  19.8 99.0 99.00
2016 01 02 06 50 271  7.2  8.9  1.98  7.69  5.82 284 1013.9  22.2  23.2  20.3 99.0 99.00
2016 01 02 07 50 257  7.5  8.8  2.12  7.69  5.95 263 1013.4  22.7  23.2  20.0 99.0 99.00
2016 01 02 08 50 297  7.3  8.8  1.98  7.69  5.78 281 1013.3  21.5  23.2  19.4 99.0 99.00
2016 01 02 09 50 258  6.7  7.8  1.90  7.69  5.73 273 1013.0  21.9  23.3  19.9 99.0 99.00
2016 01 02 10 50 277  6.9  8.2  1.82  7.69  5.65 250 1013.4  22.1  23.3  20.0 99.0 99.00
2016 01 02 11 50   2  8.8 10.9  1.62  6.25  5.60 230 1013.9  21.1  23.3  19.4 99.0 99.00
2016 01 02 12 50   8  9.1 10.6  1.87  7.14  5.52 216 1014.8  19.9  23.2  18.3 99.0 99.00
2016 01 02 13 50  15  8.8 11.4  1.99  7.14  5.57 277 1016.1  19.8  23.2  17.0 99.0 99.00
2016 01 02 14 50  10  5.9  7.0  1.89  7.69  5.52 278 1017.1  20.4  23.2  16.7 99.0 99.00
2016 01 02 15 50  21  7.8  9.2  1.94  7.69  5.65 310 1017.0  19.1  23.2  17.4 99.0 99.00
2016 01 02 16 50   7  7.1  8.8  1.86  7.14  5.57 307 1016.2  19.0  23.2  17.4 99.0 99.00
2016 01 02 17 50 313  4.9  5.8  1.85  6.67  5.63 312 1016.1  18.5  23.2  17.1 99.0 99.00
2016 01 02 18 50 346  5.2  6.1  1.84  7.69  5.85 266 1016.1  18.9  23.2  17.2 99.0 99.00
2016 01 02 19 50  18  3.4  4.8  1.86  6.67  5.86 322 1015.4  18.8  23.3  17.0 99.0 99.00
2016 01 02 20 50 194  0.8  2.3  1.73  7.14  5.85 294 1015.9  18.9  23.3  16.2 99.0 99.00
2016 01 02 21 50 273  3.3  4.5  1.67  5.88  5.98 317 1016.5  19.5  23.3  15.5 99.0 99.00
2016 01 02 22 50 303  4.1  6.3  1.74  7.14  6.18 266 1016.9  19.9  23.3  15.4 99.0 99.00
2016 01 02 23 50 294  1.1  2.2  1.72  7.14  6.02 307 1016.9  19.1  23.3  15.8 99.0 99.00
2016 01 03 00 50 285  1.0  2.2  1.63  6.67  6.05 333 1017.4  19.2  23.3  16.5 99.0 99.00
2016 01 03 01 50 357  1.8  3.8  1.72  6.67  6.09 325 1017.4  19.1  23.3  16.5 99.0 99.00
2016 01 03 02 50  24  6.5  7.8  1.73  7.14  5.96 303 1017.3  19.3  23.4  16.6 99.0 99.00
2016 01 03 03 50  43  5.5  6.8  1.61  7.14  5.93 330 1017.4  19.3  23.4  16.5 99.0 99.00
2016 01 03 04 50  55  6.1  7.5  1.75  7.14  5.82 343 1017.0  19.3  23.4  16.6 99.0 99.00
2016 01 03 05 50  67  6.3  7.6  1.83  9.09  6.03 359 1016.4  19.6  23.4  16.7 99.0 99.00
2016 01 03 06 50  90  4.1  6.7  1.94  9.09  6.22 333 1016.2  19.5  23.4  17.0 99.0 99.00
2016 01 03 07 50  98  2.4  3.9  1.97  9.09  6.39   7 1016.1  19.3  23.4  16.9 99.0 99.00
2016 01 03 08 50 320  1.1  3.7  2.04  9.09  6.72 357 1016.1  18.9  23.4  17.2 99.0 99.00
2016 01 03 09 50  61  4.6  6.0  1.92  9.09  6.61 354 1016.0  18.9  23.4  17.5 99.0 99.00
2016 01 03 10 50 105  3.4  4.9  1.86  9.09  6.68 356 1016.4  19.1  23.4  17.7 99.0 99.00
2016 01 03 11 50 103  1.5  2.6  1.82  9.09  6.68 355 1016.5  19.0  23.4  17.7 99.0 99.00
2016 01 03 12 50 193  2.0  3.5  1.93  9.09  7.00   2 1016.9  19.4  23.4  17.3 99.0 99.00
2016 01 03 13 50 197  1.2  2.6  1.74  9.09  6.70 359 1017.1  19.5  23.4  17.0 99.0 99.00
2016 01 03 14 50 264  1.2  1.8  1.64  9.09  6.75 359 1016.8  19.0  23.2  17.3 99.0 99.00
2016 01 03 15 50 252  0.4  1.5  1.77  8.33  6.78 347 1015.6  18.3  22.7  17.2 99.0 99.00
2016 01 03 16 50 333  2.4  3.4  1.67  9.09  6.61 355 1014.1  17.3  22.5  15.9 99.0 99.00
2016 01 03 17 50 333  5.7  6.9  1.49  9.09  6.53   3 1012.9  18.1  22.8  16.4 99.0 99.00
2016 01 03 18 50  16  6.8  8.7  1.70  9.09  6.83   3 1012.3  18.1  22.9  16.4 99.0 99.00
2016 01 03 19 50   7  5.2  7.4  1.58  8.33  6.31   3 1012.5  18.2  23.1  16.1 99.0 99.00
2016 01 03 20 50  17  4.7  6.0  1.52  8.33  6.27  13 1013.1  17.7  23.2  16.2 99.0 99.00
2016 01 03 21 50 319  4.1  5.7  1.65  7.69  6.40   5 1013.3  18.0  23.2  16.8 99.0 99.00
2016 01 03 22 50 127  3.4  4.4  1.72  7.69  6.18  21 1012.7  18.5  23.2  16.9 99.0 99.00
2016 01 03 23 50 217  1.3  2.3  1.74  8.33  6.31  16 1013.4  18.8  23.2  17.1 99.0 99.00
2016 01 04 00 50 242  2.0  3.3  1.65  8.33  6.23  15 1013.4  18.8  23.2  17.1 99.0 99.00
2016 01 04 01 50 233  2.8  3.9  1.53  7.69  6.20   3 1012.8  19.5  23.1  17.7 99.0 99.00
2016 01 04 02 50 233  5.3  6.3  1.52  7.69  6.22   9 1013.0  19.6  23.1  17.7 99.0 99.00
2016 01 04 03 50 230  4.6  5.6  1.49  7.69  6.24  21 1012.2  19.6  23.2  17.7 99.0 99.00
2016 01 04 04 50 231  4.1  5.4  1.59  8.33  6.26  42 1011.4  19.9  23.2  18.3 99.0 99.00
2016 01 04 05 50 213  5.1  7.1  1.44  7.69  5.89  43 1010.8  20.0  23.2  17.8 99.0 99.00
2016 01 04 06 50 222  5.7  7.2  1.52  6.67  5.94 130 1010.4  20.3  23.3  18.0 99.0 99.00
2016 01 04 07 50 259  5.9  7.2  1.40  6.67  5.81 117 1009.5  19.1  23.3  17.7 99.0 99.00
2016 01 04 08 50 263  2.0  2.8  1.41  7.14  6.06 123 1008.6  19.4  23.4  17.8 99.0 99.00
2016 01 04 09 50 254  0.6  1.2  1.34  6.67  5.98 127 1007.7  20.1  23.3  17.7 99.0 99.00
2016 01 04 10 50 260  0.4  1.4  1.42  6.67  6.11 140 1007.8  20.3  23.4  18.2 99.0 99.00
2016 01 04 11 50  49  0.8  2.3  1.43  6.67  6.43 152 1007.4  20.7  23.3  18.6 99.0 99.00
2016 01 04 12 50 167  5.7  8.2  1.36  7.14  6.18 139 1006.5  22.7  23.3  20.3 99.0 99.00
2016 01 04 13 50 193 13.8 17.0  1.41  6.67  5.39 151 1005.4  23.8  23.3  21.2 99.0 99.00
2016 01 04 14 50 320 11.9 14.3  1.79  6.67  4.93 174 1007.6  19.0  23.3  17.5 99.0 99.00
2016 01 04 15 50 298  5.1  6.5  2.06  6.67  5.28 186 1007.6  19.5  23.2  17.2 99.0 99.00
2016 01 04 16 50 277  7.6  9.6  2.24  5.88  5.60 251 1007.3  19.9  23.2  17.1 99.0 99.00
2016 01 04 17 50 327  7.2  8.8  2.16  6.67  5.69 199 1006.5  19.5  23.2  16.9 99.0 99.00
2016 01 04 18 50 345  8.9 10.6  2.19  7.14  5.89 185 1006.6  18.7  23.2  16.2 99.0 99.00
2016 01 04 19 50 350  9.1 10.9  2.19  8.33  5.79 173 1007.6  17.6  23.2  15.7 99.0 99.00
2016 01 04 20 50 330 10.2 12.6  2.17  7.69  5.76 173 1008.1  17.2  23.1  15.1 99.0 99.00
2016 01 04 21 50 349  7.0  9.1  2.23  7.69  5.97 174 1007.9  17.7  23.1  15.3 99.0 99.00
2016 01 04 22 50 327  7.2  9.5  2.22  8.33  6.09 175 1008.7  17.7  23.1  14.3 99.0 99.00
2016 01 04 23 50 305  8.8 11.1  2.12  8.33  6.09 165 1009.5  17.4  23.1  14.8 99.0 99.00
2016 01 05 00 50 279 10.4 14.3  1.92  8.33  5.83 174 1009.9  18.2  23.1  14.8 99.0 99.00
2016 01 05 01 50 267  9.2 11.7  2.09  8.33  5.80 171 1009.8  18.9  23.1  14.3 99.0 99.00
2016 01 05 02 50 264  9.1 11.3  1.81  7.69  5.68 191 1009.9  19.9  23.2  15.4 99.0 99.00
2016 01 05 03 50 281 11.2 14.0  2.07  7.69  5.62 177 1009.8  20.6  23.2  14.4 99.0 99.00
2016 01 05 04 50 275 12.3 14.5  2.18  7.69  5.61 201 1009.9  20.7  23.2  13.0 99.0 99.00
2016 01 05 05 50 310 14.0 16.7  2.38  5.88  5.71 280 1010.6  18.1  23.2  15.3 99.0 99.00
2016 01 05 06 50 309 13.0 15.6  2.57  6.67  5.70 294 1011.3  18.3  23.2  13.8 99.0 99.00
2016 01 05 07 50 313 12.0 15.9  3.04  7.14  6.19 299 1012.2  18.0  23.2  13.7 99.0 99.00
2016 01 05 08 50 308 13.0 15.3  3.46  7.69  6.45 295 1012.9  17.8  23.1  12.3 99.0 99.00
2016 01 05 09 50 310 12.5 15.1  3.44  7.69  6.56 312 1013.8  17.4  23.1  12.6 99.0 99.00
2016 01 05 10 50 296 14.1 18.4  4.24  9.09  7.21 326 1014.6  17.3  23.1  11.4 99.0 99.00
2016 01 05 11 50 290 14.1 18.1  4.65  9.09  7.55 312 1016.1  17.0  23.1   9.9 99.0 99.00
2016 01 05 12 50 292 13.8 16.7  4.62 10.00  7.42 321 1017.4  16.5  23.0   8.2 99.0 99.00
2016 01 05 13 50 325 12.3 15.7  4.42 10.00  7.54 324 1019.0  15.7  23.1   9.5 99.0 99.00
2016 01 05 14 50 327 12.3 15.4  4.43 10.00  7.73 321 1020.0  16.2  23.1   9.7 99.0 99.00
2016 01 05 15 50 329 11.6 14.1  4.10 10.81  7.36 327 1020.4  15.9  23.2   8.9 99.0 99.00
2016 01 05 16 50 336 11.8 14.7  4.13 10.81  7.42 327 1020.2  16.1  23.2   7.3 99.0 99.00
2016 01 05 17 50 343 11.6 14.7  4.28 10.00  7.65 323 1020.4  16.3  23.2   8.7 99.0 99.00
2016 01 05 18 50 347 11.7 14.4  4.69 10.81  8.04 327 1020.5  16.5  23.2   8.9 99.0 99.00
2016 01 05 19 50 354 14.1 18.0  5.27 12.12  8.55 327 1021.0  16.0  23.2  10.8 99.0 99.00
2016 01 05 20 50 352 11.4 14.9  6.06 12.12  9.43 335 1022.0  16.3  23.2   9.7 99.0 99.00
2016 01 05 21 50  19 10.5 14.5  4.74 11.43  8.36 329 1022.6  16.3  23.2  10.5 99.0 99.00
2016 01 05 22 50  23 11.8 15.0  4.64 12.12  8.22 328 1023.5  16.7  23.2  10.5 99.0 99.00
2016 01 05 23 50  26 11.6 14.7  4.78 11.43  8.70 330 1024.2  16.7  23.2  10.4 99.0 99.00
2016 01 06 00 50  34 11.3 16.6  5.66 13.79  9.68 358 1024.5  17.4  23.2  11.3 99.0 99.00
2016 01 06 01 50  46 12.9 15.7  5.89 13.79  9.76 350 1025.2  17.1  23.1  11.9 99.0 99.00
2016 01 06 02 50  48  9.6 12.0  5.73 13.79  9.56 355 1025.7  17.6  23.1   9.9 99.0 99.00
2016 01 06 03 50  51 10.5 13.5  5.86 13.79  9.83 338 1025.7  17.2  23.0  10.9 99.0 99.00
2016 01 06 04 50  45  8.9 11.1  4.81 13.79  8.98   5 1025.3  17.8  23.0   9.3 99.0 99.00
2016 01 06 05 50  55  8.7 11.6  5.98 13.79  9.47 350 1025.5  17.8  22.9   9.4 99.0 99.00
2016 01 06 06 50  39  8.7 10.9  6.54 13.79 10.23   2 1025.3  17.8  23.0  10.0 99.0 99.00
2016 01 06 07 50  48  9.0 11.4  4.84 12.90  8.97   2 1025.2  17.8  23.0   9.3 99.0 99.00
2016 01 06 08 50  47  7.7 10.3  5.47 12.90  9.49   2 1025.5  17.9  23.0   9.3 99.0 99.00
2016 01 06 09 50  45  8.1 10.1  5.29 12.90  9.35   3 1026.2  17.7  23.0  11.3 99.0 99.00
2016 01 06 10 50  49  8.7 11.7  4.49 13.79  8.96  25 1026.5  17.7  23.0  10.4 99.0 99.00
2016 01 06 11 50  48  8.0 10.9  4.18 13.79  8.52   7 1027.1  17.7  23.0  10.2 99.0 99.00
2016 01 06 13 50  52  9.2 12.3  4.12 13.79  8.57  27 1028.0  18.2  23.0  10.2 99.0 99.00
2016 01 06 14 50  63  9.1 11.1  3.89 12.90  8.39  23 1028.2  18.3  23.0  10.2 99.0 99.00
2016 01 06 15 50  72  8.8 12.2  4.14 13.79  8.69  39 1027.7  17.9  23.0  11.4 99.0 99.00
2016 01 06 16 50  71  8.8 11.3  4.09 13.79  8.47  31 1026.8  18.5  23.0  10.8 99.0 99.00
2016 01 06 17 50  81  9.1 11.7  4.09 11.43  8.42   3 1025.9  18.5  23.0  10.9 99.0 99.00
2016 01 06 18 50  68  9.9 12.8  4.19 13.79  8.83  44 1025.2  18.7  23.0  11.3 99.0 99.00
2016 01 06 19 50  71  9.7 12.1  3.90 11.43  8.23  13 1025.1  18.8  23.0  11.9 99.0 99.00
2016 01 06 20 50  74  9.7 11.9  3.63 12.12  7.77  26 1024.9  18.6  23.0  12.1 99.0 99.00
2016 01 06 21 50  65 10.5 12.9  3.81 12.90  8.02  33 1024.5  18.2  23.0  13.5 99.0 99.00
2016 01 06 22 50  65 11.0 13.4  3.59 13.79  7.61  30 1024.4  18.9  23.0  13.4 99.0 99.00
2016 01 06 23 50  73 10.3 12.2  3.68 12.12  7.78  21 1024.5  18.8  23.0  13.3 99.0 99.00
2016 01 07 00 50  69 10.7 12.8  3.62 12.90  7.90  32 1024.2  19.1  23.0  13.7 99.0 99.00
2016 01 07 01 50  76 11.2 13.3  3.33 12.12  7.38  34 1023.9  19.4  23.0  13.3 99.0 99.00
2016 01 07 02 50  80 10.9 13.0  3.30 10.81  7.24   9 1023.8  19.5  23.0  13.1 99.0 99.00
2016 01 07 03 50  87 10.9 13.0  3.27 12.90  7.39  41 1022.9  19.6  22.9  13.5 99.0 99.00
2016 01 07 04 50  74 12.5 15.1  3.20 11.43  6.97  20 1021.3  18.8  22.9  15.0 99.0 99.00
2016 01 07 05 50  85 12.1 14.8  3.00 11.43  6.74  20 1020.0  18.5  22.8  15.7 99.0 99.00
2016 01 07 06 50  97 12.1 14.9  3.04  6.25  6.44  78 1019.4  19.3  22.8  15.5 99.0 99.00
2016 01 07 07 50  86 11.9 14.6  3.31 10.00  6.52  15 1018.7  20.0  22.8  15.0 99.0 99.00
2016 01 07 08 50  89 13.7 17.7  3.34 10.81  6.90  15 1017.2  19.4  22.8  15.1 99.0 99.00
2016 01 07 09 50  72 13.9 16.5  3.43  7.69  6.57  90 1016.2  19.9  22.8  14.1 99.0 99.00
2016 01 07 10 50  71 14.0 16.9  3.33  7.69  6.53  92 1016.0  18.5  22.8  16.6 99.0 99.00
2016 01 07 11 50  86 14.5 18.0  2.95  7.69  6.28  89 1015.2  18.7  22.8  16.8 99.0 99.00
2016 01 07 12 50  79 14.8 18.6  3.35  8.33  6.55  85 1014.0  18.6  22.8  15.9 99.0 99.00
2016 01 07 13 50  73 15.5 19.0  3.58  7.69  6.58  57 1013.2  19.6  22.8  17.4 99.0 99.00
2016 01 07 14 50  73 16.1 20.2  3.79  7.69  6.62  57 1012.0  19.6  22.8  17.8 99.0 99.00
2016 01 07 15 50  81 17.3 21.1  4.45  9.09  6.94 101 1010.4  20.0  22.8  17.8 99.0 99.00
2016 01 07 16 50  83 16.1 20.6  5.24  8.33  7.40  79 1008.5  20.4  22.8  18.0 99.0 99.00
2016 01 07 17 50  81 15.7 18.5  5.11  9.09  7.51  62 1005.0  20.8  22.7  18.9 99.0 99.00
2016 01 07 18 50  84 14.2 17.4  5.57  9.09  7.89  83 1004.5  21.3  22.7  19.5 99.0 99.00
2016 01 07 19 50  97 10.6 12.5  5.02  9.09  7.68  74 1003.5  22.3  22.7  19.8 99.0 99.00
2016 01 07 20 50  98 12.5 15.1  4.51 10.00  7.63  55 1002.5  21.9  22.7  18.9 99.0 99.00
2016 01 07 21 50  93 13.0 17.0  4.28 10.00  7.56  59 1001.1  22.4  22.7  19.7 99.0 99.00
2016 01 07 22 50 115 15.6 18.5  4.01 10.00  7.34  76  998.0  23.1  22.7  20.9 99.0 99.00
2016 01 07 23 50 142 17.0 20.5  4.07 10.00  7.09  49  996.6  23.3  22.7  18.7 99.0 99.00
2016 01 08 00 50 150 16.2 19.7  4.02 10.00  6.80  44  995.3  21.6  22.7  19.7 99.0 99.00
2016 01 08 01 50 150 15.4 18.6  4.58 10.00  7.01  64  993.0  21.4  22.7  20.0 99.0 99.00
2016 01 08 02 50 149 12.7 16.7  5.67 10.00  7.79 134  990.1  21.6  22.7  20.2 99.0 99.00
2016 01 08 03 50 241  6.8 10.2  7.34 12.12  9.02 194  988.3  22.1  22.7  20.8 99.0 99.00
2016 01 08 04 50 272 12.1 16.4  6.24 11.43  8.88 186  990.3  21.7  22.7  19.9 99.0 99.00
2016 01 08 05 50 296 23.0 28.7  5.16 11.43  7.97 196  991.1  20.4  22.6  19.0 99.0 99.00
2016 01 08 06 50 312 18.5 22.2  5.59  8.33  7.51 303  995.5  20.1  22.6  18.1 99.0 99.00
2016 01 08 07 50 329 14.4 18.3  5.19 10.00  7.69 207  997.5  21.3  22.6  18.5 99.0 99.00
2016 01 08 08 50 313 13.7 17.3  5.25  9.09  7.61 311  999.5  20.8  22.6  18.9 99.0 99.00
2016 01 08 09 50 320 13.4 17.0  4.89 10.00  7.46 356 1000.9  20.6  22.6  18.7 99.0 99.00
2016 01 08 10 50 329 15.0 18.5  4.78 10.00  7.44   4 1002.1  20.9  22.6  18.5 99.0 99.00
2016 01 08 11 50 339 14.2 17.3  5.05 10.00  7.72  19 1003.8  20.2  22.6  18.3 99.0 99.00
2016 01 08 12 50 338 14.5 17.2  4.64  9.09  7.27  19 1005.2  20.3  22.6  18.0 99.0 99.00
2016 01 08 13 50 337 12.8 16.7  4.68 10.00  7.52  19 1006.3  21.1  22.6  17.2 99.0 99.00
2016 01 08 14 50 338 12.8 16.3  4.69 10.00  7.41  15 1007.4  20.9  22.7  17.6 99.0 99.00
2016 01 08 15 50 327 12.2 14.9  4.79 10.81  7.73  14 1008.2  20.3  22.7  17.8 99.0 99.00
2016 01 08 16 50 329 11.7 15.0  4.53 11.43  7.93  13 1008.3  19.9  22.7  17.4 99.0 99.00
2016 01 08 17 50 326 10.7 13.3  4.80 11.43  8.10  18 1008.4  20.5  22.7  17.0 99.0 99.00
2016 01 08 18 50 333 11.7 14.5  4.67 11.43  8.28  27 1008.3  21.6  22.7  16.4 99.0 99.00
2016 01 08 19 50 334 12.2 14.2  4.96 11.43  8.26  26 1008.8  21.5  22.6  16.5 99.0 99.00
2016 01 08 20 50 338 10.4 13.1  4.59 10.81  8.26  40 1009.2  20.8  22.6  17.3 99.0 99.00
2016 01 08 21 50 338 11.2 14.2  4.44 10.81  8.15  28 1009.8  21.5  22.6  16.8 99.0 99.00
2016 01 08 22 50 343 11.1 13.6  4.64 11.43  8.28  14 1010.2  21.1  22.7  17.0 99.0 99.00
2016 01 08 23 50 335 10.8 13.0  4.29 10.81  7.99  26 1011.2  21.0  22.7  16.9 99.0 99.00
2016 01 09 00 50 322  9.9 12.3  4.65 11.43  8.39  17 1012.0  20.7  22.7  17.6 99.0 99.00
2016 01 09 01 50 336  9.7 12.0  4.69 10.81  8.41  22 1012.0  21.2  22.7  17.4 99.0 99.00
2016 01 09 02 50 347  9.5 11.2  4.13 10.81  7.99  19 1012.0  21.2  22.7  16.9 99.0 99.00
2016 01 09 03 50 349  8.2  9.9  4.05 10.81  8.00   9 1012.4  21.2  22.7  16.9 99.0 99.00
2016 01 09 04 50 349  7.5  9.8  3.77 10.81  7.77  13 1012.3  21.1  22.7  17.1 99.0 99.00
2016 01 09 05 50 345  7.5  9.1  3.96 10.00  7.72  25 1012.3  21.2  22.7  16.9 99.0 99.00
2016 01 09 06 50 346  7.8  9.6  3.61 10.00  7.47  15 1012.6  21.3  22.7  16.6 99.0 99.00
2016 01 09 07 50 351  7.1  9.3  3.83 10.00  7.88  28 1012.4  21.3  22.7  16.7 99.0 99.00
2016 01 09 08 50 358  7.3  9.0  3.55 10.00  7.84  15 1012.2  21.3  22.6  16.6 99.0 99.00
2016 01 09 09 50 359  6.3  8.0  3.62 11.43  7.77  29 1012.9  21.3  22.6  16.3 99.0 99.00
2016 01 09 10 50   8  6.8  8.5  3.54 11.43  7.83  26 1013.7  21.3  22.6  16.6 99.0 99.00
2016 01 09 11 50   7  5.9  7.6  3.38 10.00  7.71  30 1014.2  21.3  22.6  16.5 99.0 99.00
2016 01 09 12 50   5  5.1  6.9  3.53 10.81  7.98  34 1014.9  21.4  22.6  16.5 99.0 99.00
2016 01 09 13 50   5  5.7  8.8  3.24 10.81  7.84  38 1015.2  21.2  22.7  17.0 99.0 99.00
2016 01 09 14 50  21  5.5  7.1  3.28 12.12  8.16  39 1015.6  21.5  22.7  16.0 99.0 99.00
2016 01 09 15 50  27  4.4  6.2  3.13 12.12  8.36  45 1015.1  21.6  22.7  16.2 99.0 99.00
2016 01 09 16 50  30  3.5  5.1  3.18 11.43  8.55  36 1014.6  21.7  22.7  16.2 99.0 99.00
2016 01 09 17 50  41  4.1  5.5  3.46 12.12  9.02  41 1014.3  21.5  22.7  16.5 99.0 99.00
2016 01 09 18 50  58  3.6  4.9  3.00 12.90  8.53  34 1014.4  21.7  22.8  16.5 99.0 99.00
2016 01 09 19 50  51  4.1  5.9  2.65 10.81  8.41  25 1014.6  21.7  22.8  16.4 99.0 99.00
2016 01 09 20 50  43  3.1  4.3  2.73 10.00  8.20  23 1015.8  21.7  22.8  16.5 99.0 99.00
2016 01 09 21 50  63  3.5  5.1  2.79 11.43  8.33  27 1015.9  21.7  22.7  16.5 99.0 99.00
2016 01 09 22 50  72  4.4  5.8  2.73 11.43  8.07  43 1016.1  21.7  22.7  16.9 99.0 99.00
2016 01 09 23 50  79  4.9  6.6  2.85 11.43  8.43  27 1016.0  21.7  22.7  17.1 99.0 99.00
2016 01 10 00 50  93  5.7  7.0  2.63 10.81  7.92  32 1016.6  21.5  22.7  17.2 99.0 99.00
2016 01 10 01 50 115  5.1  5.9  2.75 11.43  8.01  39 1016.8  21.6  22.5  17.3 99.0 99.00
2016 01 10 02 50 118  5.0  6.2  2.97 10.81  8.47  37 1016.4  21.7  22.5  17.3 99.0 99.00
2016 01 10 03 50 116  6.0  7.5  2.87 10.81  8.25  32 1016.3  21.6  22.6  16.9 99.0 99.00
2016 01 10 04 50 121  5.8  7.0  2.92 10.81  8.29  40 1016.4  21.6  22.6  16.5 99.0 99.00
2016 01 10 05 50 142  5.8  7.1  3.19 11.43  8.52  26 1016.1  21.6  22.6  16.5 99.0 99.00
2016 01 10 06 50 132  6.4  7.7  3.18 11.43  8.33  28 1015.6  21.5  22.6  17.1 99.0 99.00
2016 01 10 07 50 137  6.6  8.2  3.20 10.81  8.38  36 1015.6  21.5  22.6  17.3 99.0 99.00
2016 01 10 08 50 143  6.6  8.4  3.37 11.43  8.77  31 1015.4  21.6  22.5  17.3 99.0 99.00
2016 01 10 09 50 138  7.7  8.8  2.85 10.81  8.02  36 1015.2  21.6  22.5  17.2 99.0 99.00
2016 01 10 10 50 138  8.2  9.8  3.01 11.43  8.12  35 1015.2  21.7  22.5  17.5 99.0 99.00
2016 01 10 11 50 147  8.3 10.1  3.16 12.12  8.27  34 1015.8  21.7  22.4  17.5 99.0 99.00
2016 01 10 12 50 148  8.4  9.6  2.97 12.12  7.98  36 1015.9  21.7  22.4  17.8 99.0 99.00
2016 01 10 13 50 147  8.8 11.0  3.34 12.12  8.31  42 1016.4  21.8  22.4  17.9 99.0 99.00
2016 01 10 14 50 155  9.1 11.1  3.03 12.12  7.71  42 1016.3  22.0  22.4  18.4 99.0 99.00
2016 01 10 15 50 159  9.5 11.7  2.68 12.90  7.22  44 1015.3  22.2  22.5  18.0 99.0 99.00
2016 01 10 16 50 167 10.5 13.1  2.90 12.90  7.32  50 1014.3  22.3  22.5  18.5 99.0 99.00
2016 01 10 17 50 174  9.5 11.5  3.50 12.12  7.98  44 1014.0  22.3  22.5  18.5 99.0 99.00
2016 01 10 18 50 178 10.5 12.2  3.11 13.79  7.79  48 1013.6  22.4  22.5  18.7 99.0 99.00
2016 01 10 19 50 187  9.4 11.8  3.42 12.90  8.03  54 1014.1  22.4  22.3  18.9 99.0 99.00
2016 01 10 20 50 169 10.4 12.6  3.67 13.79  8.69  58 1012.9  22.3  22.3  19.7 99.0 99.00
2016 01 10 21 50 178  9.5 11.9  3.33 13.79  7.78  60 1013.4  22.6  22.4  20.0 99.0 99.00
2016 01 10 22 50 179 10.8 13.5  3.51 13.79  8.03  56 1013.4  22.7  22.5  20.1 99.0 99.00
2016 01 10 23 50 176 10.4 12.6  3.41 13.79  8.06  58 1013.6  22.9  22.6  20.3 99.0 99.00
2016 01 11 00 50 174 10.9 13.5  3.96 12.90  8.53  61 1013.2  22.8  22.6  20.4 99.0 99.00
2016 01 11 01 50 173 10.6 13.4  3.73 13.79  8.47  56 1013.0  22.7  22.6  20.8 99.0 99.00
2016 01 11 02 50 183 10.6 13.0  3.75 12.12  7.98  56 1012.8  22.9  22.6  20.9 99.0 99.00
2016 01 11 03 50 184  9.8 12.4  4.02 13.79  9.01  61 1012.4  23.0  22.6  21.2 99.0 99.00
2016 01 11 04 50 194  9.4 12.3  3.58 12.90  8.29  56 1012.2  22.3  22.6  20.3 99.0 99.00
2016 01 11 05 50 181  8.3 10.2  3.38 13.79  8.27  53 1011.8  22.6  22.6  19.7 99.0 99.00
2016 01 11 06 50 207  8.7 11.5  3.47 13.79  8.43  57 1011.5  23.1  22.6  21.6 99.0 99.00
2016 01 11 07 50 209  8.8 12.5  3.83 13.79  9.22  61 1011.3  22.9  22.6  21.4 99.0 99.00
2016 01 11 08 50 222  8.3 10.7  3.83 14.81  9.20  66 1011.7  22.9  22.6  21.1 99.0 99.00
2016 01 11 09 50 241  9.2 11.9  3.19 13.79  7.84  57 1012.0  22.7  22.6  20.7 99.0 99.00
2016 01 11 10 50 262  8.2 10.6  2.97 13.79  7.86  61 1012.7  22.9  22.6  19.4 99.0 99.00
2016 01 11 11 50 278  9.1 10.7  3.19 14.81  8.10  57 1013.4  23.0  22.5  16.8 99.0 99.00
2016 01 11 12 50 290  8.2  9.8  3.21 13.79  7.58  54 1014.1  22.4  22.4  17.4 99.0 99.00
2016 01 11 13 50 289  6.9  8.4  2.91 14.81  8.00  52 1014.8  22.1  22.4  15.8 99.0 99.00
2016 01 11 14 50 292  7.6  9.9  3.20 13.79  8.15  68 1015.5  22.2  22.3  15.0 99.0 99.00
2016 01 11 15 50 299  7.3  8.7  2.77 12.90  7.38  59 1015.7  21.9  22.5  15.2 99.0 99.00
2016 01 11 16 50 289  6.2  8.4  2.82 13.79  7.18  63 1015.0  21.8  22.4  14.0 99.0 99.00
2016 01 11 17 50 302  5.7  6.9  3.31 13.79  8.13  64 1014.8  21.6  22.3  14.7 99.0 99.00
2016 01 11 18 50 303  6.0  8.5  3.51 13.79  8.27  74 1014.8  21.4  22.4  14.3 99.0 99.00
2016 01 11 19 50 281  5.8  7.5  3.27 12.90  7.82  74 1015.0  21.5  22.4  13.2 99.0 99.00
2016 01 11 20 50 290  6.9  8.9  3.42  9.09  7.94 282 1015.4  21.4  22.4  12.5 99.0 99.00
2016 01 11 21 50 300  6.9  9.3  3.50 12.12  8.28  71 1016.1  21.2  22.4  12.9 99.0 99.00
2016 01 11 22 50 292  5.5  7.4  3.53 10.00  8.14 310 1017.2  21.1  22.5  12.0 99.0 99.00
2016 01 11 23 50 310  5.1  7.5  3.35 13.79  8.18  60 1017.1  20.9  22.5  12.6 99.0 99.00
2016 01 12 00 50 308  5.7  7.7  3.57 14.81  8.77  60 1018.0  20.8  22.6  12.1 99.0 99.00
2016 01 12 01 50 310  4.1  5.8  3.70 14.81  8.89  61 1018.2  20.7  22.6  11.9 99.0 99.00
2016 01 12 02 50 303  4.3  6.1  3.66 13.79  9.28  70 1018.5  20.7  22.6  11.5 99.0 99.00
2016 01 12 03 50 287  4.0  6.3  3.74 13.79  9.07  64 1018.4  20.6  22.6  10.9 99.0 99.00
2016 01 12 04 50 275  2.2  4.1  3.86 10.00  9.04 273 1018.1  20.4  22.6  10.8 99.0 99.00
2016 01 12 05 50 262  3.5  5.3  3.17 10.00  8.80 283 1017.7  20.4  22.6  11.0 99.0 99.00
2016 01 12 06 50 240  3.4  5.1  3.04 13.79  8.70  58 1018.0  20.4  22.6  11.7 99.0 99.00
2016 01 12 07 50 251  4.0  6.6  3.03  9.09  8.54 308 1017.9  20.3  22.5  11.3 99.0 99.00
2016 01 12 08 50 264  3.6  5.7  3.10 13.79  9.00  54 1017.9  20.2  22.5  11.2 99.0 99.00
2016 01 12 09 50 248  5.9  8.2  2.92 12.90  8.87  57 1017.8  20.2  22.5  11.5 99.0 99.00
2016 01 12 10 50 240  5.1  7.8  2.93 13.79  8.86  58 1018.4  20.1  22.5  11.1 99.0 99.00
2016 01 12 11 50 251  4.6  7.1  2.99 13.79  9.17  68 1018.3  20.2  22.5  10.6 99.0 99.00
2016 01 12 12 50 244  5.5  7.5  3.05 13.79  8.95  70 1019.1  20.4  22.5  10.8 99.0 99.00
2016 01 12 13 50 232  5.6  7.5  3.09 13.79  8.98  69 1019.4  20.5  22.5  10.8 99.0 99.00
2016 01 12 14 50 233  6.1  8.5  2.91 13.79  8.78  63 1019.2  20.4  22.5  11.1 99.0 99.00
2016 01 12 15 50 232  6.6  8.4  3.43  9.09  8.93 274 1018.4  20.5  22.6  10.2 99.0 99.00
2016 01 12 16 50 236  6.0  9.3  3.20 13.79  8.74  70 1017.2  20.3  22.6  11.0 99.0 99.00
2016 01 12 17 50 245  6.9  8.9  2.98 12.90  8.62  72 1016.4  20.3  22.6  11.4 99.0 99.00
2016 01 12 18 50 256  7.1  9.3  3.29 12.90  8.75  67 1016.0  20.5  22.6  10.6 99.0 99.00
2016 01 12 19 50 233  6.6  8.8  3.08 13.79  8.65  57 1015.4  20.4  22.6  11.5 99.0 99.00
2016 01 12 20 50 245  7.6  9.6  2.87 12.12  8.29  71 1015.6  20.3  22.6  11.9 99.0 99.00
2016 01 12 21 50 267  5.4  7.6  3.34 12.90  8.70  67 1015.8  19.8  22.6  13.7 99.0 99.00
2016 01 12 22 50 247  7.1  9.8  3.14 12.12  8.82  67 1015.4  20.1  22.5  12.4 99.0 99.00
2016 01 12 23 50 251  8.2 10.7  3.08 12.90  8.75  75 1015.7  20.4  22.5  13.0 99.0 99.00
2016 01 13 00 50 260  9.1 11.8  2.92 12.90  8.27  64 1015.5  20.4  22.5  11.9 99.0 99.00
2016 01 13 01 50 256  8.0 10.0  2.95 13.79  7.85  70 1015.7  20.4  22.5  12.5 99.0 99.00
2016 01 13 02 50 254  9.6 12.5  2.81 12.90  7.77  69 1015.4  20.4  22.5  12.3 99.0 99.00
2016 01 13 03 50 256  9.1 11.7  2.57 13.79  7.19  70 1015.1  20.2  22.5  12.8 99.0 99.00
2016 01 13 04 50 256 10.9 14.4  2.49 13.79  7.01  63 1014.6  20.5  22.5  11.6 99.0 99.00
2016 01 13 05 50 260 10.8 12.9  2.75 12.90  7.06  71 1014.3  20.5  22.5  11.3 99.0 99.00
2016 01 13 06 50 273 12.0 13.8  2.61  6.67  6.33 302 1014.2  20.5  22.5  11.3 99.0 99.00
2016 01 13 07 50 283 11.5 13.8  2.91 12.12  6.88  58 1014.1  19.9  22.5  12.9 99.0 99.00
2016 01 13 08 50 277 12.0 15.6  2.63 13.79  6.46  58 1014.0  20.3  22.5  10.5 99.0 99.00
2016 01 13 09 50 270 11.2 13.4  2.75 13.79  6.85  71 1014.3  20.3  22.5  11.5 99.0 99.00
2016 01 13 10 50 291 11.8 14.8  2.78  7.69  6.64 292 1014.7  19.8  22.4  12.5 99.0 99.00
2016 01 13 11 50 280 11.8 14.2  3.14  8.33  6.69 290 1015.2  20.4  22.4  10.6 99.0 99.00
2016 01 13 12 50 303 10.9 13.5  3.28  8.33  6.82 286 1016.4  19.3  22.4  12.3 99.0 99.00
2016 01 13 13 50 300  9.7 12.7  3.33  8.33  6.93 294 1016.9  19.6  22.3  11.8 99.0 99.00
2016 01 13 14 50 297  9.0 11.6  3.65  9.09  7.12 308 1017.8  19.7  22.2  11.0 99.0 99.00
2016 01 13 15 50 297  8.8 11.7  3.68  8.33  7.24 295 1017.4  19.5  22.2  11.0 99.0 99.00
2016 01 13 16 50 296  9.3 13.2  4.20  9.09  7.93 294 1016.7  19.4  22.1  10.3 99.0 99.00
2016 01 13 17 50 291  8.3 10.8  3.89 10.81  7.71 314 1016.2  19.4  22.2  10.7 99.0 99.00
2016 01 13 18 50 306  6.9  9.5  4.02 11.43  7.70 339 1015.9  18.8  22.3  11.6 99.0 99.00
2016 01 13 19 50 320  7.3  9.2  3.88 10.81  7.69 320 1016.4  18.4  22.4  11.1 99.0 99.00
2016 01 13 20 50 325  6.9  9.5  3.66 10.00  7.61 308 1016.9  18.2  22.3  11.0 99.0 99.00
2016 01 13 21 50 328  6.9  9.2  3.64 10.00  7.62 311 1017.0  17.9  22.0  10.8 99.0 99.00
2016 01 13 22 50 324  5.9  8.3  3.56 10.00  7.84 304 1017.3  17.7  21.9  10.4 99.0 99.00
2016 01 13 23 50 327  5.3  7.6  3.31 10.00  7.54 302 1017.7  17.8  21.9  10.5 99.0 99.00
2016 01 14 00 50 318  5.5  7.4  3.10 10.00  7.57 319 1018.3  17.8  21.8  10.2 99.0 99.00
2016 01 14 01 50 304  4.6  6.8  2.94 10.00  7.76 308 1018.5  17.8  21.8   9.8 99.0 99.00
2016 01 14 02 50 314  3.6  5.2  2.83 10.00  7.58 312 1018.2  17.8  21.8   9.7 99.0 99.00
2016 01 14 03 50 276  3.3  5.2  2.92 10.00  7.54 301 1018.2  17.9  21.8   9.7 99.0 99.00
2016 01 14 04 50 288  3.3  5.0  2.83 10.00  7.63 315 1018.1  17.8  21.8   9.7 99.0 99.00
2016 01 14 05 50 308  3.9  5.9  2.88  9.09  8.05 304 1017.6  18.0  21.9  10.8 99.0 99.00
2016 01 14 06 50 287  3.9  5.4  3.18 10.00  8.32 320 1017.4  17.9  21.9  10.2 99.0 99.00
2016 01 14 07 50 295  4.0  5.9  2.81 10.00  8.04 317 1017.3  18.1  21.9  11.2 99.0 99.00
2016 01 14 08 50 274  2.4  4.6  3.07 10.00  8.35 327 1017.2  18.0  22.0  10.7 99.0 99.00
2016 01 14 09 50 274  2.8  4.5  2.60 10.00  7.61 319 1017.6  18.3  22.3  11.0 99.0 99.00
2016 01 14 10 50 252  3.3  4.4  2.74  9.09  7.76 319 1017.8  18.6  22.3  11.2 99.0 99.00
2016 01 14 11 50 262  5.2  6.8  2.46 10.81  7.38 356 1018.1  18.4  22.4  11.4 99.0 99.00
2016 01 14 12 50 301  4.1  5.7  2.59  8.33  7.51 300 1019.0  18.4  22.4  11.7 99.0 99.00
2016 01 14 13 50 273  4.9  6.5  2.10 10.81  7.13   9 1019.5  18.7  22.4  11.9 99.0 99.00
2016 01 14 14 50 286  7.3 10.0  2.43  8.33  7.58 304 1019.7  19.4  22.4  11.0 99.0 99.00
2016 01 14 15 50 317  7.3  9.7  2.24  9.09  6.82 327 1019.6  19.0  22.4  12.0 99.0 99.00
2016 01 14 16 50 321  7.7  9.8  2.31 10.81  6.95   4 1019.0  18.7  22.4  12.1 99.0 99.00
2016 01 14 17 50 322  7.3  9.9  2.26 10.81  7.00  10 1019.0  18.7  22.4  11.4 99.0 99.00
2016 01 14 18 50 307  7.3  9.4  2.37 10.00  6.97 348 1018.8  18.7  22.3  10.9 99.0 99.00
2016 01 14 19 50 308  6.7  8.8  2.31  7.14  6.59 336 1018.8  18.8  22.3  10.6 99.0 99.00
2016 01 14 20 50 305  6.4  9.0  2.30  9.09  6.77 350 1019.1  18.6  22.2  10.6 99.0 99.00
2016 01 14 21 50 308  6.4  8.0  2.33 10.00  6.68 359 1019.5  18.4  22.0   9.7 99.0 99.00
2016 01 14 22 50 305  6.4  7.9  2.26  9.09  6.56 342 1020.1  18.5  21.9   9.4 99.0 99.00
2016 01 14 23 50 308  5.6  7.7  2.23  7.69  6.66 319 1020.4  18.3  21.9   9.3 99.0 99.00
2016 01 15 00 50 313  4.8  6.8  2.18  7.14  6.72 323 1021.0  18.1  21.9   8.7 99.0 99.00
2016 01 15 01 50 343  4.6  6.8  1.93  7.69  6.60 321 1021.2  18.1  21.9   7.3 99.0 99.00
2016 01 15 02 50 329  4.6  6.7  1.93 10.00  6.75 352 1021.8  18.2  21.9   7.2 99.0 99.00
2016 01 15 03 50 326  3.2  5.2  2.05  9.09  7.09 341 1022.2  18.0  21.9   7.1 99.0 99.00
2016 01 15 04 50 337  2.9  4.5  1.99  9.09  7.29 347 1021.4  17.9  21.9   6.1 99.0 99.00
2016 01 15 05 50 353  2.6  5.1  1.84  7.14  6.83 312 1021.4  17.8  21.9   6.4 99.0 99.00
2016 01 15 06 50 344  1.0  2.4  1.77  9.09  6.99 351 1021.6  17.9  21.9   6.6 99.0 99.00
2016 01 15 07 50 287  0.9  2.3  1.72  7.69  6.70 330 1021.2  17.8  21.9   5.8 99.0 99.00
2016 01 15 08 50 116  1.6  3.1  1.74  7.14  6.77 323 1020.8  17.8  21.9   6.2 99.0 99.00
2016 01 15 09 50 107  0.3  1.2  1.72 10.00  6.78  31 1020.9  17.8  21.9   5.6 99.0 99.00
2016 01 15 10 50  54  1.8  3.4  1.66  7.14  6.76 301 1021.2  17.9  21.9   6.4 99.0 99.00
2016 01 15 11 50 114  1.3  2.5  1.64 12.12  6.70  49 1021.1  17.9  21.9   6.6 99.0 99.00
2016 01 15 12 50 117  3.1  4.6  1.80  8.33  6.80 348 1020.9  18.3  21.9   7.3 99.0 99.00
2016 01 15 13 50 121  5.1  6.6  1.75  8.33  6.89 356 1020.5  18.5  21.9   7.4 99.0 99.00
2016 01 15 14 50 121  5.4  7.3  1.84  8.33  7.15 351 1020.3  18.8  22.1   7.9 99.0 99.00
2016 01 15 15 50 129  5.9  8.0  1.81 10.00  6.97 352 1019.6  19.0  22.3   8.8 99.0 99.00
2016 01 15 16 50 130  5.5  7.6  1.78  9.09  6.76 346 1018.2  19.1  22.4  10.0 99.0 99.00
2016 01 15 17 50 143  6.9  9.1  1.74  9.09  6.95 345 1017.2  19.3  22.4  11.0 99.0 99.00
2016 01 15 18 50 147  7.9 10.2  1.74  7.69  6.37 336 1016.3  19.7  22.4  12.2 99.0 99.00
2016 01 15 19 50 147  8.4 11.0  1.59  8.33  5.84 342 1015.7  19.9  22.4  12.6 99.0 99.00
2016 01 15 20 50 142  9.5 11.9  1.68  7.69  5.60 337 1014.9  20.1  22.4  13.4 99.0 99.00
2016 01 15 21 50 145 10.6 12.1  1.47  8.33  5.12   1 1014.6  20.4  22.4  14.5 99.0 99.00
2016 01 15 22 50 148 11.9 14.1  1.62  4.55  4.94 140 1013.5  20.8  22.4  15.5 99.0 99.00
2016 01 15 23 50 156 11.9 14.2  1.87  4.76  4.89 152 1013.3  21.3  22.4  15.9 99.0 99.00
2016 01 16 00 50 152 12.3 14.3  2.11  5.56  4.99 156 1011.9  21.5  22.4  16.2 99.0 99.00
2016 01 16 01 50 156 13.2 16.5  2.15  5.88  5.18 155 1010.8  21.8  22.4  17.1 99.0 99.00
2016 01 16 02 50 161 14.1 16.7  2.58  5.88  5.41 147 1010.4  20.9  22.4  17.3 99.0 99.00
2016 01 16 03 50 160 14.3 17.0  2.55  6.67  5.41 152 1008.9  20.7  22.2  17.7 99.0 99.00
2016 01 16 04 50 165 13.9 16.8  2.89  7.14  5.68 168 1007.6  20.9  22.1  18.5 99.0 99.00
2016 01 16 05 50 157 13.9 16.5  3.08  7.69  5.98 169 1004.9  21.0  22.0  18.9 99.0 99.00
2016 01 16 06 50 183 14.0 18.5  3.19  7.69  5.81 166 1004.2  21.7  22.0  19.9 99.0 99.00
2016 01 16 07 50 186 15.4 19.0  3.80  7.69  6.41 170 1002.6  22.4  22.0  19.8 99.0 99.00
2016 01 16 08 50 218 15.4 19.8  3.48  8.33  6.30 174 1002.5  21.2  21.9  20.1 99.0 99.00
2016 01 16 09 50 238 10.6 13.7  3.59  8.33  6.62 166 1003.0  21.8  21.9  19.6 99.0 99.00
2016 01 16 10 50 247 10.0 12.3  3.39  8.33  6.61 169 1003.8  22.4  22.0  20.0 99.0 99.00
2016 01 16 11 50 265 10.8 13.2  3.46  7.69  6.67 176 1005.0  22.7  22.1  19.2 99.0 99.00
2016 01 16 12 50 264 12.1 14.4  3.34  9.09  6.61 174 1005.7  22.6  22.2  18.4 99.0 99.00
2016 01 16 13 50 271 12.9 15.9  3.31  9.09  6.64 177 1006.8  22.6  22.2  16.9 99.0 99.00
2016 01 16 14 50 272 12.8 15.7  3.41  9.09  6.46 178 1007.9  22.5  22.2  15.7 99.0 99.00
2016 01 16 15 50 279 11.7 13.8  3.37  9.09  6.40 181 1008.3  22.2  22.2  16.1 99.0 99.00
2016 01 16 16 50 274 12.1 15.1  3.55  8.33  6.63 192 1007.9  22.3  22.2  15.0 99.0 99.00
2016 01 16 17 50 280 11.1 13.7  3.47  8.33  6.68 210 1007.9  22.0  22.2  15.1 99.0 99.00
2016 01 16 18 50 274 10.8 12.8  3.58  8.33  6.74 239 1008.0  22.1  22.1  14.9 99.0 99.00
2016 01 16 19 50 271  8.2 10.1  3.34  9.09  6.73 269 1008.6  22.0  22.1  15.9 99.0 99.00
2016 01 16 20 50 270  8.9 11.9  3.42  9.09  7.01 235 1009.3  22.2  22.1  14.9 99.0 99.00
2016 01 16 21 50 266  9.0 11.2  3.49  8.33  7.34 233 1009.9  22.0  22.0  14.5 99.0 99.00
2016 01 16 22 50 275  6.8  8.9  4.36  9.09  8.08 227 1010.7  21.8  22.0  15.2 99.0 99.00
2016 01 16 23 50 283  5.9  7.9  4.05 10.81  8.11 301 1011.5  21.7  21.9  16.2 99.0 99.00
2016 01 17 00 50 248  7.4 10.1  3.68  8.33  7.74 200 1011.8  22.0  21.9  14.9 99.0 99.00
2016 01 17 01 50 241  7.3  9.1  3.70 10.81  7.88 290 1011.9  22.0  21.9  14.9 99.0 99.00
2016 01 17 02 50 244  6.7  8.0  3.31 10.81  7.39 293 1012.3  22.0  21.9  14.7 99.0 99.00
2016 01 17 03 50 239  8.1 10.0  3.28 10.81  7.28 281 1012.2  22.2  21.9  13.8 99.0 99.00
2016 01 17 04 50 235  8.1 10.5  2.95  8.33  6.99 238 1011.9  22.0  21.9  14.1 99.0 99.00
2016 01 17 05 50 241  7.8  9.7  3.13  9.09  7.24 284 1012.0  22.0  21.9  14.5 99.0 99.00
2016 01 17 06 50 239  7.5  9.1  3.17  8.33  7.03 220 1011.5  21.8  21.9  14.4 99.0 99.00
2016 01 17 07 50 230  6.6  8.0  3.00  9.09  6.97 276 1010.8  21.7  21.9  14.2 99.0 99.00
2016 01 17 08 50 224  6.8  8.1  2.91  7.69  6.76 251 1010.6  21.7  21.9  14.7 99.0 99.00
2016 01 17 09 50 202  6.9  8.2  2.63  7.69  6.73 237 1010.8  21.5  21.9  14.7 99.0 99.00
2016 01 17 10 50 184  7.0  8.4  2.54  9.09  6.57 275 1010.3  21.5  21.9  14.8 99.0 99.00
2016 01 17 11 50 172  7.8  9.4  2.64  9.09  6.77 274 1009.8  21.5  21.9  14.7 99.0 99.00
2016 01 17 12 50 172  8.0  9.7  2.43  8.33  6.51 263 1010.5  21.6  21.9  14.3 99.0 99.00
2016 01 17 13 50 173  8.6 10.2  2.44  8.33  6.52 277 1010.1  21.6  22.0  14.8 99.0 99.00
2016 01 17 14 50 166  9.5 12.2  2.54  9.09  6.68 287 1009.7  21.7  22.0  15.2 99.0 99.00
2016 01 17 15 50 170 10.1 12.4  2.36  9.09  6.37 278 1008.5  21.7  22.0  16.3 99.0 99.00
2016 01 17 16 50 162  9.9 12.2  2.18  9.09  5.99 270 1006.3  21.7  22.1  17.5 99.0 99.00
2016 01 17 17 50 166 13.4 16.7  2.38 10.00  5.97 294 1002.0  22.0  22.1  18.7 99.0 99.00
2016 01 17 18 50 164 13.6 16.4  2.55  7.14  5.77 169 1000.9  21.8  22.1  18.7 99.0 99.00
2016 01 17 19 50 168 14.9 19.0  2.71  6.67  5.78 172  999.2  22.1  22.1  20.0 99.0 99.00
2016 01 17 20 50 180 15.1 18.7  2.95  6.67  5.94 170  997.9  22.7  22.1  21.2 99.0 99.00
2016 01 17 21 50 190 18.5 22.7  3.40  7.14  6.07 177  996.1  23.8  22.0  21.1 99.0 99.00
2016 01 17 22 50 219 16.9 21.6  4.29  7.69  6.63 191  997.5  22.0  22.0  17.0 99.0 99.00
2016 01 17 23 50 225 18.4 23.7  4.95  8.33  6.95 219  997.7  22.5  21.9  18.3 99.0 99.00
2016 01 18 00 50 244 19.0 23.1  5.03  8.33  7.07 222  999.3  22.2  21.9  17.0 99.0 99.00
2016 01 18 01 50 258 17.6 21.8  5.31  8.33  7.46 232 1001.3  21.5  21.8  16.4 99.0 99.00
2016 01 18 02 50 270 15.6 21.5  5.73 10.00  7.90 228 1002.8  21.3  21.8  15.6 99.0 99.00
2016 01 18 03 50 287 14.0 17.5  4.96  9.09  7.62 243 1004.2  20.9  21.8  15.0 99.0 99.00
2016 01 18 04 50 282 11.8 14.6  4.95  9.09  7.49 230 1005.0  20.6  21.8  15.1 99.0 99.00
2016 01 18 05 50 275 12.0 14.3  4.80  9.09  7.44 242 1005.7  19.2  21.8  15.9 99.0 99.00
2016 01 18 06 50 289 12.0 15.6  4.42  9.09  7.22 255 1005.9  19.0  21.8  15.1 99.0 99.00
2016 01 18 07 50 288 12.8 15.6  4.44 10.00  7.33 241 1006.2  19.9  21.8  13.8 99.0 99.00
2016 01 18 08 50 301 11.2 14.6  4.00 10.00  7.06 240 1006.9  19.1  21.8  13.8 99.0 99.00
2016 01 18 09 50 295 10.9 13.1  4.64  9.09  7.33 248 1007.5  19.0  21.8  13.0 99.0 99.00
2016 01 18 10 50 286 12.1 15.7  4.66  9.09  7.67 256 1008.4  19.1  21.7  11.7 99.0 99.00
2016 01 18 11 50 298 11.5 15.0  5.00 10.81  8.11 290 1009.6  18.6  21.7  12.1 99.0 99.00
2016 01 18 12 50 278 11.2 14.9  4.95 11.43  8.09 301 1011.2  18.9  21.7  11.2 99.0 99.00
2016 01 18 13 50 300 10.4 13.3  4.82 12.12  8.12 304 1012.4  17.9  21.8  12.3 99.0 99.00
2016 01 18 14 50 295 10.6 13.0  5.71 11.43  8.72 308 1013.1  18.1  21.8  10.4 99.0 99.00
2016 01 18 15 50 298 10.6 13.6  4.88 10.81  8.30 298 1013.0  17.8  21.8  10.2 99.0 99.00
2016 01 18 16 50 287 10.4 13.1  4.73 11.43  8.14 303 1012.7  17.6  21.8  10.4 99.0 99.00
2016 01 18 17 50 290  9.5 12.8  4.12 10.81  7.86 332 1012.3  17.6  21.8  10.4 99.0 99.00
2016 01 18 18 50 276  9.6 12.5  4.26 10.00  8.04 307 1012.0  17.7  21.8   9.6 99.0 99.00
2016 01 18 19 50 274 10.2 13.8  4.12 11.43  7.95 325 1012.3  17.7  21.8   9.6 99.0 99.00
2016 01 18 20 50 279 10.2 12.7  3.90 10.81  7.92 301 1012.8  17.7  21.7   9.6 99.0 99.00
2016 01 18 22 50 263  9.0 11.3  3.88 10.81  7.82 318 1013.9  18.1  21.7   8.8 99.0 99.00
2016 01 18 23 50 248  9.0 11.5  4.40 10.00  8.14 283 1013.9  18.4  21.7  10.1 99.0 99.00
2016 01 19 00 50 254 10.7 13.7  4.00 10.00  7.74 296 1014.1  18.6  21.7  10.4 99.0 99.00
2016 01 19 01 50 276 10.9 12.8  4.24 10.00  7.69 289 1014.7  17.9  21.7  12.8 99.0 99.00
2016 01 19 02 50 294 11.7 14.4  3.71 10.00  7.06 308 1015.1  16.8  21.7  12.0 99.0 99.00
2016 01 19 03 50 284 12.1 15.8  3.43 10.00  6.74 296 1014.6  17.8  21.7  11.4 99.0 99.00
2016 01 19 04 50 272 13.1 16.2  3.96 10.00  7.19 329 1014.2  18.2  21.7   9.7 99.0 99.00
2016 01 19 05 50 272 13.0 15.9  3.75  9.09  6.85 325 1014.1  18.0  21.7   9.5 99.0 99.00
2016 01 19 06 50 271 11.5 14.6  3.94  9.09  7.01 325 1014.0  16.7  21.7  10.9 99.0 99.00
2016 01 19 07 50 262 13.7 18.0  3.78  9.09  6.96 318 1013.6  17.4  21.7  11.0 99.0 99.00
2016 01 19 08 50 284 13.8 17.9  4.36  9.09  7.38 319 1013.5  16.4  21.7  11.4 99.0 99.00
2016 01 19 09 50 298 13.8 17.2  3.99  9.09  7.00 324 1014.2  15.5  21.7  10.5 99.0 99.00
2016 01 19 10 50 296 12.2 14.3  4.35  9.09  7.25 314 1014.9  15.4  21.6   9.8 99.0 99.00
2016 01 19 11 50 299 14.1 18.3  4.08  9.09  7.15 313 1015.9  15.1  21.6  10.4 99.0 99.00
2016 01 19 12 50 301 13.5 17.2  4.09  9.09  7.25 321 1016.8  14.6  21.6   9.5 99.0 99.00
2016 01 19 13 50 296 14.4 17.9  4.28  9.09  7.49 301 1017.5  14.7  21.6   9.1 99.0 99.00
2016 01 19 14 50 298 12.9 16.4  4.63 11.43  7.91 349 1018.0  14.6  21.6   8.5 99.0 99.00
2016 01 19 15 50 295 12.8 16.2  5.00 10.81  8.07 340 1018.0  14.3  21.5   8.2 99.0 99.00
2016 01 19 16 50 305 12.1 15.9  4.73 11.43  8.04 336 1017.4  14.0  21.6   7.9 99.0 99.00
2016 01 19 17 50 300 12.6 15.6  5.55 11.43  8.55 341 1016.7  13.8  21.6   7.1 99.0 99.00
2016 01 19 18 50 296 12.8 15.8  5.26 11.43  8.55 342 1016.3  13.8  21.6   7.5 99.0 99.00
2016 01 19 19 50 287 13.2 16.6  5.13 10.00  8.50 328 1016.2  14.1  21.5   7.6 99.0 99.00
2016 01 19 20 50 287 13.7 17.4  4.67 10.81  8.15 334 1016.6  14.4  21.5   7.7 99.0 99.00
2016 01 19 21 50 283 13.4 17.0  5.31 10.81  8.50 330 1017.2  13.7  21.5   8.4 99.0 99.00
2016 01 19 22 50 294 12.2 15.3  5.47 10.00  8.33 314 1017.8  13.4  21.5   8.5 99.0 99.00
2016 01 19 23 50 287 11.6 15.4  5.14 10.81  8.13 334 1018.4  13.6  21.5   7.9 99.0 99.00
2016 01 20 00 50 296 13.9 18.2  5.28 11.43  8.14 341 1018.7  13.3  21.5   7.7 99.0 99.00
2016 01 20 01 50 292 14.6 17.9  5.77 10.00  8.44 314 1019.3  13.4  21.5   7.2 99.0 99.00
2016 01 20 02 50 304 13.8 17.5  5.27 10.81  7.98 328 1019.7  13.2  21.5   7.5 99.0 99.00
2016 01 20 03 50 295 12.9 16.7  5.08 10.00  7.99 319 1019.7  13.2  21.5   7.2 99.0 99.00
2016 01 20 04 50 304 13.2 16.6  5.18 10.81  8.07 334 1019.7  13.2  21.5   6.5 99.0 99.00
2016 01 20 05 50 299 13.7 17.6  5.23 10.81  8.08 335 1019.4  12.9  21.5   6.9 99.0 99.00
2016 01 20 06 50 305 12.4 16.1  5.37 10.81  8.14 342 1019.5  13.2  21.5   6.6 99.0 99.00
2016 01 20 07 50 312 10.2 14.0  5.70 10.00  8.26 313 1019.7  13.0  21.5   6.8 99.0 99.00
2016 01 20 08 50 317 10.2 13.9  5.41 10.00  8.30 327 1019.9  12.9  21.5   7.1 99.0 99.00
2016 01 20 09 50 321  9.5 13.6  5.04 12.12  8.39 355 1020.3  13.3  21.4   6.1 99.0 99.00
2016 01 20 10 50 314  7.7 10.9  4.76 12.12  8.18 353 1021.2  12.3  21.4   6.8 99.0 99.00
2016 01 20 11 50 325  6.8  9.3  5.06 12.12  8.73 356 1021.6  12.9  21.4   6.1 99.0 99.00
2016 01 20 12 50 330  9.0 11.4  4.89 12.90  8.79   3 1021.6  13.7  21.4   5.3 99.0 99.00
2016 01 20 13 50 319  6.2  9.1  4.46 12.12  8.62 358 1022.8  13.7  21.4   4.9 99.0 99.00
2016 01 20 14 50 327  6.3  8.8  4.01 11.43  8.41 352 1022.9  14.3  21.4   4.4 99.0 99.00
2016 01 20 15 50 327  6.0  8.1  4.38 12.12  8.77 348 1022.6  14.1  21.4   5.7 99.0 99.00
2016 01 20 16 50 321  7.1  9.2  3.88 12.12  8.47 353 1021.7  14.5  21.4   7.5 99.0 99.00
2016 01 20 17 50 315  5.4  7.5  4.05 12.12  8.49 347 1020.7  14.7  21.4   5.3 99.0 99.00
2016 01 20 18 50 315  5.2  7.1  3.36 12.12  8.28   1 1019.8  14.7  21.4   6.1 99.0 99.00
2016 01 20 19 50 319  6.8  9.8  3.95 10.00  8.53 344 1020.2  14.0  21.4   8.6 99.0 99.00
2016 01 20 20 50 303  3.2  5.9  3.52 10.81  8.40 350 1020.4  14.6  21.5   7.2 99.0 99.00
2016 01 20 21 50 312  5.6  8.1  3.57 10.81  8.29 352 1020.4  13.7  21.5   8.5 99.0 99.00
2016 01 20 22 50 332  3.4  5.2  3.40 10.81  7.86 351 1020.8  13.6  21.5   9.9 99.0 99.00
2016 01 20 23 50 284  5.5  8.0  3.65 11.43  7.92 360 1020.9  14.8  21.4   8.7 99.0 99.00
2016 01 21 00 50 282  5.2  9.1  3.48 10.81  7.82 357 1020.9  14.7  21.3   8.8 99.0 99.00
2016 01 21 01 50 311  5.2  7.3  3.47 10.81  7.74 352 1020.7  14.8  21.3   9.3 99.0 99.00
2016 01 21 02 50 272  8.4 10.8  3.52 11.43  7.78 346 1020.4  15.8  21.3   7.8 99.0 99.00
2016 01 21 03 50 276  8.6 11.0  3.38 10.81  7.20 347 1020.1  15.4  21.3   8.6 99.0 99.00
2016 01 21 04 50 267  8.1 10.3  3.18 10.81  7.23 355 1019.4  16.0  21.3   8.6 99.0 99.00
2016 01 21 05 50 273  9.8 12.6  3.22 11.43  7.29 357 1019.1  16.1  21.3   8.5 99.0 99.00
2016 01 21 06 50 272  9.2 11.4  2.73 11.43  6.82   7 1018.9  16.3  21.3   8.8 99.0 99.00
2016 01 21 07 50 275 10.6 13.2  2.59 11.43  6.39 355 1018.1  16.7  21.3   7.2 99.0 99.00
2016 01 21 08 50 281  9.9 11.9  2.63 10.00  6.39 356 1017.8  17.0  21.3   8.9 99.0 99.00
2016 01 21 09 50 275  9.2 11.1  2.67 11.43  6.62  11 1017.6  17.4  21.3   9.0 99.0 99.00
2016 01 21 10 50 299  8.4 10.7  2.65 10.00  6.65   7 1017.9  17.1  21.3  11.1 99.0 99.00
2016 01 21 11 50 264 12.1 14.2  2.49  6.67  6.10 298 1017.7  17.9  21.3   8.7 99.0 99.00
2016 01 21 12 50 270 11.2 14.3  2.75 10.81  6.46   9 1017.8  18.4  21.3   9.8 99.0 99.00
2016 01 21 13 50 264 12.6 15.6  2.70 10.81  6.28   6 1018.1  18.5  21.3  11.5 99.0 99.00
2016 01 21 14 50 270 11.6 14.3  2.51  6.67  6.14 289 1018.4  19.0  21.5  10.9 99.0 99.00
2016 01 21 15 50 290 11.8 15.0  2.98 10.81  6.50  14 1018.5  17.4  21.6  13.2 99.0 99.00
2016 01 21 16 50 293 11.6 14.1  2.99  7.14  6.55 293 1018.1  17.4  21.6  12.5 99.0 99.00
2016 01 21 17 50 298 12.6 15.1  3.29  7.69  6.75 306 1017.1  18.1  21.7  12.9 99.0 99.00
2016 01 21 18 50 303 12.9 15.4  3.13  8.33  6.58 309 1016.9  18.2  21.7  11.9 99.0 99.00
2016 01 21 19 50 305 12.1 14.8  3.81  8.33  7.02 315 1017.1  18.0  21.7  11.3 99.0 99.00
2016 01 21 20 50 306 11.5 14.5  3.82  9.09  7.13 327 1017.8  17.8  21.7  10.3 99.0 99.00
2016 01 21 21 50 309 11.0 13.5  4.08  9.09  7.34 325 1018.2  17.6  21.6  10.2 99.0 99.00
2016 01 21 22 50 305 11.1 13.4  4.26 10.00  7.57 328 1018.8  17.6  21.6   9.7 99.0 99.00
2016 01 21 23 50 308 11.3 13.8  4.32 10.00  7.64 335 1019.5  17.4  21.6   9.6 99.0 99.00
2016 01 22 00 50 296  9.8 11.8  3.79 10.00  7.28 339 1020.1  17.4  21.7   9.3 99.0 99.00
2016 01 22 01 50 299  9.2 11.8  3.84  9.09  7.20 323 1020.3  17.1  21.7   8.6 99.0 99.00
2016 01 22 02 50 291  9.7 12.7  3.97  9.09  7.32 323 1020.5  17.2  21.7   8.3 99.0 99.00
2016 01 22 03 50 292 10.1 13.2  3.31 10.00  6.82 322 1020.3  17.0  21.7   8.5 99.0 99.00
2016 01 22 04 50 298  9.1 11.8  3.35  9.09  6.99 339 1020.1  17.1  21.7   8.5 99.0 99.00
2016 01 22 05 50 289  8.5 11.7  3.30  9.09  7.03 332 1019.5  17.1  21.7   8.7 99.0 99.00
2016 01 22 06 50 299  7.5  9.1  3.00 10.00  6.98 326 1019.3  17.0  21.7   8.4 99.0 99.00
2016 01 22 07 50 311  8.1 10.9  2.82 10.00  6.90 330 1019.6  17.0  21.6   7.2 99.0 99.00
2016 01 22 08 50 313  6.4  8.4  2.58  9.09  6.88 326 1019.3  16.9  21.6   8.1 99.0 99.00
2016 01 22 09 50 331  5.6  7.7  2.53  9.09  7.02 315 1019.5  16.9  21.5   8.5 99.0 99.00
2016 01 22 10 50 351  4.7  6.7  2.62  9.09  7.13 332 1020.2  16.9  21.5   8.0 99.0 99.00
2016 01 22 11 50 356  5.2  7.3  2.47 10.00  7.03 353 1020.5  16.9  21.5   8.6 99.0 99.00
2016 01 22 12 50 359  5.2  7.0  2.38 10.00  7.13 346 1021.0  16.9  21.5   7.8 99.0 99.00
2016 01 22 13 50  14  1.8  4.3  2.31  9.09  6.87 334 1021.6  17.1  21.5   6.6 99.0 99.00
2016 01 22 14 50  17  1.4  3.0  2.27 10.00  6.97 352 1021.5  17.2  21.5   6.3 99.0 99.00
2016 01 22 15 50  53  0.4  1.8  2.29  9.09  6.96 350 1021.4  17.5  21.5   6.5 99.0 99.00
2016 01 22 16 50  59  0.2  0.9  2.22  8.33  6.79 338 1020.3  17.4  21.5   6.6 99.0 99.00
2016 01 22 17 50  82  1.4  2.5  2.31  9.09  7.13 342 1018.8  17.4  21.4   7.2 99.0 99.00
2016 01 22 18 50 120  2.9  5.2  2.34  8.33  7.03 341 1018.1  17.4  21.4   7.3 99.0 99.00
2016 01 22 19 50 113  3.9  5.3  2.29  9.09  7.18 358 1017.3  17.4  21.4   7.7 99.0 99.00
2016 01 22 20 50 128  4.6  6.4  2.46  8.33  7.10 353 1017.1  17.7  21.4   8.6 99.0 99.00
2016 01 22 21 50 131  6.0 10.6  2.08  8.33  6.82 356 1016.6  18.0  21.4   9.9 99.0 99.00
2016 01 22 22 50 133  7.6  9.3  2.08  9.09  6.71   4 1016.1  18.3  21.6  10.5 99.0 99.00
2016 01 22 23 50 145  8.6 10.9  1.95  9.09  6.15 359 1016.1  18.6  21.6  10.3 99.0 99.00
2016 01 23 00 50 132  8.7 10.7  1.81  9.09  5.77 356 1015.6  18.7  21.6  11.2 99.0 99.00
2016 01 23 01 50 136  9.9 12.4  1.76  8.33  5.72   8 1014.6  19.1  21.6  12.3 99.0 99.00
2016 01 23 02 50 142 10.5 12.9  1.84  9.09  5.49   4 1013.7  19.4  21.6  13.0 99.0 99.00
2016 01 23 03 50 134 11.8 14.4  1.84  9.09  5.19  13 1012.7  18.9  21.6  14.2 99.0 99.00
2016 01 23 04 50 139 12.5 15.2  1.76  5.26  5.16 145 1011.3  18.5  21.6  14.7 99.0 99.00
2016 01 23 05 50 130 13.5 16.5  2.01  5.88  5.16 152 1008.7  18.4  21.6  15.7 99.0 99.00
2016 01 23 06 50 132 15.0 18.1  2.30  5.88  5.28 139 1006.6  19.3  21.6  17.1 99.0 99.00
2016 01 23 07 50 148 13.8 20.1  2.57  6.25  5.41 131 1005.8  19.4  21.6  17.4 99.0 99.00
2016 01 23 08 50 146 15.3 19.1  3.07  6.67  5.99 150 1002.4  19.3  21.6  17.4 99.0 99.00
2016 01 23 09 50 154 17.2 21.8  3.11  7.69  5.99 147 1000.2  20.1  21.5  17.3 99.0 99.00
2016 01 23 10 50 153 18.2 23.0  3.91  7.69  6.50 156  999.3  20.7  21.4  18.0 99.0 99.00
2016 01 23 11 50 149 18.4 22.5  4.56  8.33  6.96 154  997.9  21.1  21.3  18.8 99.0 99.00
2016 01 23 12 50 156 17.6 21.6  4.74  8.33  6.99 174  997.4  21.5  21.3  19.3 99.0 99.00
2016 01 23 13 50 241 10.0 12.0  4.73  9.09  7.32 164 1000.0  20.9  21.3  17.9 99.0 99.00
2016 01 23 14 50 233 12.8 15.3  4.51  9.09  7.18 162 1000.5  21.6  21.3  15.9 99.0 99.00
2016 01 23 15 50 230 12.9 17.0  3.96  9.09  7.02 165  999.8  21.7  21.3  15.4 99.0 99.00
2016 01 23 16 50 231 13.2 15.9  4.27  9.09  6.97 175  999.2  21.4  21.3  15.4 99.0 99.00
2016 01 23 17 50 221 13.8 16.6  4.04  9.09  6.94 160  998.4  21.7  21.4  14.0 99.0 99.00
2016 01 23 18 50 222 13.4 16.6  4.19  9.09  6.90 173  997.9  21.5  21.4  14.7 99.0 99.00
2016 01 23 19 50 221 14.9 18.2  4.56 10.00  7.13 173  997.3  21.7  21.4  14.2 99.0 99.00
2016 01 23 20 50 240 12.7 15.2  4.46  9.09  7.02 179  997.8  20.0  21.4  15.8 99.0 99.00
2016 01 23 21 50 245 13.7 17.2  4.92 10.00  7.28 186  998.6  18.1  21.3  15.6 99.0 99.00
2016 01 23 22 50 243 13.6 18.6  4.78 10.00  7.40 184  999.1  18.3  21.3  14.6 99.0 99.00
2016 01 23 23 50 236 13.8 17.2  4.70 10.00  7.41 197  999.4  19.8  21.3  13.7 99.0 99.00
2016 01 24 00 50 231 15.5 19.2  5.31  9.09  7.86 239  999.2  20.2  21.3  13.3 99.0 99.00
2016 01 24 01 50 237 15.2 18.7  5.71 10.81  8.06 255  999.6  19.1  21.3  12.8 99.0 99.00
2016 01 24 02 50 236 15.7 20.6  5.97 10.81  8.53 231  999.7  19.6  21.4  11.8 99.0 99.00
2016 01 24 03 50 242 15.8 20.2  7.40 11.43  9.49 250  999.6  19.2  21.4  11.7 99.0 99.00
2016 01 24 04 50 256 14.9 18.8  6.81 12.90  9.34 273  999.8  17.4  21.4  12.5 99.0 99.00
2016 01 24 05 50 248 13.4 17.0  6.12 12.90  8.92 275 1000.0  18.0  21.4  12.4 99.0 99.00
2016 01 24 06 50 248 14.4 18.0  7.30 13.79  9.90 251 1000.0  18.1  21.4  11.8 99.0 99.00
2016 01 24 07 50 256 14.6 18.5  6.39 12.12  9.11 256 1000.4  17.3  21.3  11.9 99.0 99.00
2016 01 24 08 50 251 12.8 17.5  7.03 13.79  9.58 256 1000.5  17.2  21.3  11.6 99.0 99.00
2016 01 24 09 50 265 14.3 18.2  6.43 12.90  9.40 248 1000.7  17.1  21.3  11.3 99.0 99.00
2016 01 24 10 50 267 14.7 18.6  6.26 12.90  8.99 261 1001.7  16.6  21.3  11.1 99.0 99.00
2016 01 24 11 50 264 15.1 19.1  6.52 12.12  9.09 266 1002.6  16.7  21.3  10.4 99.0 99.00
2016 01 24 12 50 265 15.4 19.4  6.40 12.12  8.88 269 1003.9  16.9  21.3   9.8 99.0 99.00
2016 01 24 13 50 268 15.9 19.3  5.78 12.90  8.45 260 1005.1  16.9  21.2  10.5 99.0 99.00
2016 01 24 14 50 269 15.1 18.1  6.59 12.90  8.93 263 1006.1  16.7  21.2   9.5 99.0 99.00
2016 01 24 15 50 271 14.4 17.9  6.13 12.12  8.71 264 1006.7  17.0  21.2   9.6 99.0 99.00
2016 01 24 16 50 281 15.0 19.3  5.90 10.00  8.42 267 1007.1  15.7  21.2  11.0 99.0 99.00
2016 01 24 17 50 282 12.4 15.8  5.51 10.00  8.30 260 1007.5  16.0  21.2  11.6 99.0 99.00
2016 01 24 18 50 297 13.5 16.6  5.87 12.12  8.39 250 1007.7  17.0  21.2  11.5 99.0 99.00
2016 01 24 19 50 301 13.5 16.9  5.01 12.12  7.80 276 1008.2  17.3  21.2  11.1 99.0 99.00
2016 01 24 20 50 299 12.7 15.9  5.53 10.00  8.25 282 1009.6  17.2  21.2  10.8 99.0 99.00
2016 01 24 21 50 301 12.3 15.8  5.53 12.90  8.78 282 1010.8  17.3  21.2  10.9 99.0 99.00
2016 01 24 22 50 300 10.5 13.5  4.93 11.43  8.10 271 1012.5  17.3  21.2  11.0 99.0 99.00
2016 01 24 23 50 299 10.3 13.3  5.69 12.12  8.87 280 1013.7  17.2  21.2  11.2 99.0 99.00
2016 01 25 00 50 308 10.0 12.7  4.92 12.12  8.58 305 1014.6  17.1  21.2  11.5 99.0 99.00
2016 01 25 01 50 333  8.7 11.9  4.71 12.12  8.45 274 1015.5  17.1  21.2  11.7 99.0 99.00
2016 01 25 02 50 319  9.1 10.8  4.80 12.12  8.64 294 1016.3  17.6  21.2  10.9 99.0 99.00
2016 01 25 03 50 337  7.9 10.6  4.79 11.43  8.91 283 1017.2  16.8  21.2  11.2 99.0 99.00
2016 01 25 04 50 331  7.1  9.6  4.83 12.12  8.81 289 1018.0  16.0  21.2  11.7 99.0 99.00
2016 01 25 05 50 318  8.1 10.5  5.05 12.12  9.34 321 1018.2  17.3  21.2  10.1 99.0 99.00
2016 01 25 06 50 345  7.1  9.8  4.51 11.43  8.93 313 1018.8  17.3  21.2  11.2 99.0 99.00
2016 01 25 07 50 342  8.7 12.1  4.81 10.81  8.97 306 1019.2  16.1  21.2  12.1 99.0 99.00
2016 01 25 08 50 326  8.2 10.0  4.83 10.81  8.81 332 1019.8  17.3  21.2  10.5 99.0 99.00
2016 01 25 09 50 337  7.1 10.1  4.46 12.90  8.61 351 1020.2  17.5  21.2  10.2 99.0 99.00
2016 01 25 10 50 329  8.0 10.3  4.48 11.43  8.81 349 1021.3  17.2  21.2   9.2 99.0 99.00
2016 01 25 11 50 326  7.8 10.5  4.03 12.12  8.39 355 1022.4  17.2  21.2   8.7 99.0 99.00
2016 01 25 12 50 337  7.5 10.5  4.34 12.90  8.69 359 1023.3  17.3  21.2   7.5 99.0 99.00
2016 01 25 13 50 347  7.2  9.1  4.09 12.12  8.34   1 1024.4  17.4  21.2   7.5 99.0 99.00
2016 01 25 14 50 331  3.2  5.3  4.20 11.43  8.53   4 1025.3  17.4  21.2   6.4 99.0 99.00
2016 01 25 15 50 336  4.1  7.1  3.89 12.12  8.24  15 1025.6  17.3  21.2   7.1 99.0 99.00
2016 01 25 16 50 316  3.3  4.9  3.85 11.43  8.15   6 1025.7  17.3  21.2   6.7 99.0 99.00
2016 01 25 17 50 311  3.1  5.1  3.75 10.00  8.25 358 1025.7  17.4  21.2   6.7 99.0 99.00
2016 01 25 18 50 311  3.5  5.4  4.28 12.90  8.61  17 1025.7  17.4  21.2   6.3 99.0 99.00
2016 01 25 19 50 339  3.8  5.4  4.09 11.43  8.47  12 1026.2  17.5  21.2   6.6 99.0 99.00
2016 01 25 20 50 341  3.1  5.1  3.44 10.81  8.12   8 1026.9  17.6  21.2   6.9 99.0 99.00
2016 01 25 21 50 341  3.1  5.4  3.43 11.43  8.48  11 1027.4  17.5  21.2   6.5 99.0 99.00
2016 01 25 22 50  13  2.7  6.0  3.02 12.90  8.15  17 1028.2  17.6  21.2   7.5 99.0 99.00
2016 01 25 23 50  23  3.8  5.5  2.96 12.90  8.37  24 1028.9  17.8  21.2   7.6 99.0 99.00
2016 01 26 00 50  40  3.9  5.8  2.83 12.12  8.39  18 1029.2  17.9  21.2   7.7 99.0 99.00
2016 01 26 01 50  75  5.2  7.0  2.77 12.90  8.80  13 1029.4  17.9  21.1   7.5 99.0 99.00
2016 01 26 02 50  79  3.3  4.4  2.89 12.90  8.78  13 1029.7  17.9  21.1   7.3 99.0 99.00
2016 01 26 03 50  92  1.8  3.5  2.59 13.79  8.47  24 1029.6  18.0  21.1   7.3 99.0 99.00
2016 01 26 04 50 108  2.7  4.1  2.83 12.12  8.87   7 1029.2  18.0  21.1   8.1 99.0 99.00
2016 01 26 05 50  96  3.7  4.6  2.51 12.90  8.58  16 1028.8  18.1  21.1   9.1 99.0 99.00
2016 01 26 06 50 120  3.9  5.2  2.39 12.90  8.90   9 1028.9  18.3  21.1   8.3 99.0 99.00
2016 01 26 07 50 141  3.3  4.9  2.58 10.81  8.84  13 1028.7  18.4  21.1   8.8 99.0 99.00
2016 01 26 08 50 118  3.2  4.9  2.44 12.12  8.48   8 1028.7  18.5  21.1   9.3 99.0 99.00
2016 01 26 09 50 120  4.0  5.4  2.54 11.43  8.90  19 1028.9  18.6  21.1   9.6 99.0 99.00
2016 01 26 10 50 115  4.4  6.0  2.45 12.90  8.27  12 1029.2  18.6  21.1  10.3 99.0 99.00
2016 01 26 11 50 109  4.7  6.4  2.37 12.12  8.41  17 1029.5  18.7  21.1  10.4 99.0 99.00
2016 01 26 12 50 124  5.3  7.1  2.41 12.12  8.70  16 1029.9  19.1  21.1  10.6 99.0 99.00
2016 01 26 13 50 130  6.0  7.3  2.50 11.43  8.41  11 1030.4  19.4  21.1  10.8 99.0 99.00
2016 01 26 14 50 119  5.8  7.3  2.22 11.43  7.97  10 1030.9  19.5  21.1  11.3 99.0 99.00
2016 01 26 15 50 120  6.0  7.6  1.94 12.12  7.23  21 1030.4  19.6  21.2  11.7 99.0 99.00
2016 01 26 16 50 106  4.8  5.9  2.02 11.43  7.35   5 1029.9  19.7  21.2  11.7 99.0 99.00
2016 01 26 17 50 121  5.4  6.5  2.14 12.12  7.57  15 1028.8  19.8  21.2  12.0 99.0 99.00
2016 01 26 18 50 133  6.1  7.6  2.10 12.12  7.60  22 1028.2  20.0  21.2  11.8 99.0 99.00
2016 01 26 19 50 133  5.4  7.0  2.03 11.43  7.63  17 1028.0  20.1  21.2  11.5 99.0 99.00
2016 01 26 20 50 135  6.3  7.6  1.86 10.81  7.31  11 1027.8  20.1  21.2  12.0 99.0 99.00
2016 01 26 21 50 137  6.9  8.5  1.65 11.43  6.96  20 1028.0  20.0  21.2  12.4 99.0 99.00
2016 01 26 22 50 135  7.4  9.2  1.62 10.81  6.28  19 1027.9  20.0  21.2  13.5 99.0 99.00
2016 01 26 23 50 126  8.8 10.0  1.59 12.12  6.33  15 1027.6  20.1  21.2  14.0 99.0 99.00
2016 01 27 00 50 128  8.8 10.2  1.51 12.12  5.65  14 1027.4  20.3  21.1  13.9 99.0 99.00
2016 01 27 01 50 126  9.8 11.8  1.47 12.12  5.23  27 1026.9  20.3  21.2  14.3 99.0 99.00
2016 01 27 02 50 134  8.8 11.0  1.57 11.43  5.19  41 1026.7  20.4  21.2  14.3 99.0 99.00
2016 01 27 03 50 141  8.5  9.8  1.51 10.00  5.10  22 1026.5  20.6  21.2  14.6 99.0 99.00
2016 01 27 04 50 138  9.0 11.0  1.62 11.43  5.16  28 1026.0  20.5  21.2  15.2 99.0 99.00
2016 01 27 05 50 143 10.9 13.2  1.46  4.76  4.95 142 1025.2  20.3  21.2  16.0 99.0 99.00
2016 01 27 06 50 155  9.8 11.5  1.62  4.76  4.96 149 1024.7  20.6  21.2  15.5 99.0 99.00
2016 01 27 07 50 159  9.3 10.9  1.67 10.81  5.13  15 1024.1  20.8  21.2  15.5 99.0 99.00
2016 01 27 08 50 156  9.0 11.0  1.58 11.43  5.05  11 1023.5  20.7  21.2  15.8 99.0 99.00
2016 01 27 09 50 157  8.3  9.5  1.59 10.81  5.26  35 1023.2  20.6  21.2  16.4 99.0 99.00
2016 01 27 10 50 154  8.7 10.0  1.59 10.81  5.23  53 1022.7  20.7  21.2  15.9 99.0 99.00
2016 01 27 11 50 152  9.6 11.4  1.51  5.00  5.03 142 1022.5  20.7  21.2  16.3 99.0 99.00
2016 01 27 12 50 160  8.9 10.2  1.40 10.81  4.97  32 1022.5  20.9  21.2  16.7 99.0 99.00
2016 01 27 13 50 163  8.5 10.2  1.43 10.00  4.95  40 1023.1  21.1  21.2  16.8 99.0 99.00
2016 01 27 14 50 162  9.5 11.4  1.46 10.81  4.93  35 1022.6  21.3  21.2  17.1 99.0 99.00
2016 01 27 15 50 164  9.0 10.9  1.65 10.81  5.12  43 1022.4  21.3  21.2  17.2 99.0 99.00
2016 01 27 16 50 162  9.1 10.8  1.57  5.26  4.89 165 1021.3  21.2  21.2  17.5 99.0 99.00
2016 01 27 17 50 164  7.2  8.4  1.53  5.26  4.89 150 1020.5  20.8  21.2  17.8 99.0 99.00
2016 01 27 18 50 180  7.4  8.7  1.39  5.56  4.99 162 1019.7  20.9  21.2  18.1 99.0 99.00
2016 01 27 19 50 178  6.8  8.1  1.36  5.26  4.68 154 1019.1  21.1  21.2  18.3 99.0 99.00
2016 01 27 20 50 187  5.4  6.4  1.30  5.26  4.79 155 1019.5  21.3  21.2  19.2 99.0 99.00
2016 01 27 21 50 173  5.3  6.2  1.19  5.56  5.01 162 1019.2  21.4  21.2  19.3 99.0 99.00
2016 01 27 22 50 169  6.4  7.8  1.13  5.26  5.01 141 1019.3  21.5  21.2  19.7 99.0 99.00
2016 01 27 23 50 166  6.4  7.5  1.17  5.56  4.92 158 1019.1  21.6  21.2  19.7 99.0 99.00
2016 01 28 00 50 165  5.5  6.6  1.23  6.25  4.99 178 1019.2  21.5  21.2  19.8 99.0 99.00
2016 01 28 01 50 178  5.9  7.2  1.29  5.56  4.94 137 1019.7  21.5  21.2  20.0 99.0 99.00
2016 01 28 02 50 165  6.1  7.2  1.28  5.56  5.00 144 1019.1  21.5  21.2  20.2 99.0 99.00
2016 01 28 03 50 152  6.1  7.6  1.31  5.88  5.06 144 1017.8  21.4  21.2  20.2 99.0 99.00
2016 01 28 04 50 166  8.1  9.6  1.35  5.88  5.17 143 1017.4  21.5  21.2  20.5 99.0 99.00
2016 01 28 05 50 174  6.1  7.6  1.38  6.67  4.98 138 1016.9  21.5  21.2  20.5 99.0 99.00
2016 01 28 06 50 185  5.0  6.3  1.32  6.25  4.94 131 1016.6  19.9  21.2  18.9 99.0 99.00
2016 01 28 07 50 167  5.4  6.5  1.26  6.25  5.04 116 1015.6  20.8  21.2  19.6 99.0 99.00
2016 01 28 08 50 189  6.4  8.0  1.25  7.14  5.39 142 1015.0  21.9  21.2  20.7 99.0 99.00
2016 01 28 09 50 196  7.0  8.4  1.25  6.67  5.42 132 1014.7  22.0  21.2  21.0 99.0 99.00
2016 01 28 10 50 189  7.7  9.0  1.42  7.14  5.52 131 1014.5  22.0  21.2  21.1 99.0 99.00
2016 01 28 11 50 193  6.9  8.1  1.35  6.67  4.93 153 1014.4  22.0  21.2  20.9 99.0 99.00
2016 01 28 12 50 190  6.2  7.6  1.43  6.67  5.19 134 1014.8  22.0  21.2  20.7 99.0 99.00
2016 01 28 13 50 194  8.1 10.1  1.42  7.14  5.27 124 1015.0  22.2  21.2  20.9 99.0 99.00
2016 01 28 14 50 185  9.8 12.0  1.75  7.69  5.06 128 1014.2  22.0  21.2  19.7 99.0 99.00
2016 01 28 15 50 181 11.4 13.5  1.81  5.56  5.03 179 1013.5  22.3  21.2  20.9 99.0 99.00
2016 01 28 16 50 181 12.8 15.5  1.98  5.56  5.00 185 1012.3  22.0  21.2  19.7 99.0 99.00
2016 01 28 17 50 184  9.6 11.6  1.99  6.25  5.20 175 1012.2  22.1  21.2  19.5 99.0 99.00
2016 01 28 18 50 181  9.5 11.1  2.02  5.88  5.37 192 1011.3  22.1  21.2  20.0 99.0 99.00
2016 01 28 19 50 177  8.4  9.9  1.88  7.69  5.21 136 1010.9  21.9  21.2  20.3 99.0 99.00
2016 01 28 20 50 175  8.0  9.2  1.78  6.25  5.32 143 1010.0  21.9  21.2  20.7 99.0 99.00
2016 01 28 21 50 186  9.8 12.2  1.78  7.69  5.37 153 1009.3  22.3  21.2  21.1 99.0 99.00
2016 01 28 22 50 203 12.1 15.2  2.00  7.14  5.17 135 1009.4  21.4  21.2  19.8 99.0 99.00
2016 01 28 23 50 212 10.3 12.3  2.03  7.69  5.24 139 1009.7  21.3  21.2  19.8 99.0 99.00
2016 01 29 00 50 221  8.4 10.4  2.09  6.25  5.36 202 1009.5  21.4  21.2  19.7 99.0 99.00
2016 01 29 01 50 202  8.4 10.1  2.25  6.67  5.70 201 1009.0  21.4  21.2  20.0 99.0 99.00
2016 01 29 02 50 189  6.1  7.7  2.21  7.69  5.94 190 1008.1  21.4  21.2  19.9 99.0 99.00
2016 01 29 03 50 177  7.6  9.3  2.19  6.67  5.94 201 1007.1  21.5  21.2  20.1 99.0 99.00
2016 01 29 04 50 176  8.8 10.3  2.08  7.14  5.74 200 1005.9  21.6  21.2  20.3 99.0 99.00
2016 01 29 05 50 175 10.6 12.2  2.07  7.14  5.62 196 1004.4  21.9  21.2  20.3 99.0 99.00
2016 01 29 06 50 179 11.8 14.3  2.28  6.67  5.76 204 1003.1  22.2  21.2  20.4 99.0 99.00
2016 01 29 07 50 191 12.4 15.8  2.28  7.14  5.58 200 1001.8  22.3  21.2  20.7 99.0 99.00
2016 01 29 08 50 194 14.7 17.5  2.56  6.67  5.41 198 1000.4  22.7  21.2  20.7 99.0 99.00
2016 01 29 09 50 187 15.9 19.7  3.09  6.67  5.85 201  998.5  22.6  21.2  21.0 99.0 99.00
2016 01 29 10 50 183 16.3 19.8  2.98  7.69  5.67 181  997.0  22.4  21.2  20.9 99.0 99.00
2016 01 29 11 50 241 15.7 20.3  4.33  7.14  6.45 186  999.4  20.4  21.2  19.8 99.0 99.00
2016 01 29 12 50 269 14.2 17.9  4.07  7.69  6.52 205 1000.4  20.0  21.2  17.0 99.0 99.00
2016 01 29 13 50 258 11.9 14.5  4.54  9.09  6.88 197 1002.6  20.4  21.2  17.1 99.0 99.00
2016 01 29 14 50 240 11.5 14.0  4.34  9.09  7.04 188 1003.6  20.3  21.2  17.6 99.0 99.00
2016 01 29 15 50 231 12.4 16.3  4.59  9.09  7.30 189 1003.3  21.0  21.2  17.5 99.0 99.00
2016 01 29 16 50 268 13.1 16.1  4.16 10.00  7.25 174 1003.5  20.3  21.2  17.0 99.0 99.00
2016 01 29 17 50 282 12.6 15.2  3.97 10.00  7.17 193 1004.2  19.6  21.2  15.7 99.0 99.00
2016 01 29 18 50 271 10.2 12.2  4.07 10.00  7.24 192 1004.6  19.5  21.2  13.5 99.0 99.00
2016 01 29 19 50 269 10.6 13.2  3.67 10.00  7.03 185 1005.0  19.7  21.2  13.7 99.0 99.00
2016 01 29 20 50 273 11.9 15.5  3.71 10.00  7.21 192 1005.5  18.9  21.2  14.5 99.0 99.00
2016 01 29 21 50 269 13.1 17.5  3.51  9.09  6.86 206 1006.3  19.6  21.2  12.1 99.0 99.00
2016 01 29 22 50 268 12.3 15.6  3.37  9.09  6.67 201 1007.2  19.2  21.1  11.1 99.0 99.00
2016 01 29 23 50 270 11.1 14.3  3.67 10.00  6.90 190 1008.1  19.0  21.1  11.4 99.0 99.00
2016 01 30 00 50 256 12.5 14.8  3.95  9.09  7.20 264 1008.6  19.0  21.1  10.6 99.0 99.00
2016 01 30 01 50 278 11.9 14.4  4.39  9.09  7.51 255 1009.5  18.8  21.1  11.7 99.0 99.00
2016 01 30 02 50 265 12.9 16.0  3.63  9.09  6.88 281 1010.2  18.9  21.1  10.8 99.0 99.00
2016 01 30 03 50 254 13.6 17.3  3.99  9.09  7.00 301 1010.2  19.3  21.1   9.7 99.0 99.00
2016 01 30 04 50 262 13.9 17.6  4.06  9.09  7.12 287 1010.1  19.6  21.1  10.5 99.0 99.00
2016 01 30 05 50 271 14.8 18.2  4.50  9.09  7.26 276 1010.5  19.7  21.1  10.3 99.0 99.00
2016 01 30 06 50 274 14.3 18.6  5.07  9.09  7.61 291 1011.0  19.9  21.1  11.1 99.0 99.00
2016 01 30 07 50 291 13.5 16.1  4.80  9.09  7.43 284 1012.1  18.9  21.1  11.7 99.0 99.00
2016 01 30 08 50 302 12.5 15.6  4.48  9.09  7.21 284 1013.5  18.1  21.1  11.6 99.0 99.00
2016 01 30 09 50 305 13.3 17.6  4.47  9.09  7.30 278 1014.7  17.4  21.1  10.4 99.0 99.00
2016 01 30 10 50 306 13.0 16.1  4.87  9.09  7.52 306 1016.6  17.2  21.1   8.3 99.0 99.00
2016 01 30 11 50 308 11.2 14.3  4.34 10.00  7.44 326 1018.3  16.9  21.1   8.2 99.0 99.00
2016 01 30 12 50 317 11.1 13.9  4.55 10.00  7.71 305 1019.1  16.7  21.1   7.1 99.0 99.00
2016 01 30 13 50 313  9.1 11.7  4.37 11.43  7.63 323 1020.2  16.7  21.1   8.3 99.0 99.00
2016 01 30 14 50 325  8.6 11.6  4.02 11.43  7.87 314 1020.5  16.7  21.1   6.5 99.0 99.00
2016 01 30 15 50 319  7.3 10.0  4.18 10.81  7.96 320 1021.2  16.4  21.1   6.5 99.0 99.00
2016 01 30 16 50 325  6.4  9.0  3.84 11.43  7.84 322 1021.2  16.4  21.1   8.1 99.0 99.00
2016 01 30 17 50 340  6.5  8.5  3.83 10.81  8.10 313 1020.8  16.3  21.1   7.3 99.0 99.00
2016 01 30 18 50 347  5.2  8.0  3.87 10.00  8.23 303 1021.1  16.1  21.1   7.4 99.0 99.00
2016 01 30 19 50 354  2.8  5.5  3.69 10.81  8.22 313 1021.4  16.2  21.1   7.1 99.0 99.00
2016 01 30 20 50  20  2.4  3.9  4.00 10.81  8.59 326 1022.0  16.3  21.1   8.0 99.0 99.00
2016 01 30 21 50  18  2.3  4.4  3.69 10.81  8.49 304 1022.9  16.3  21.1   7.7 99.0 99.00
2016 01 30 22 50 301  2.1  3.8  3.27 10.81  8.25 310 1024.1  16.4  21.1   7.7 99.0 99.00
2016 01 30 23 50 354  0.7  2.5  3.22 10.81  7.92 334 1024.4  16.4  21.1   7.9 99.0 99.00
2016 01 31 00 50  12  2.2  4.5  3.12 10.81  7.90 342 1024.2  16.5  21.1   7.6 99.0 99.00
2016 01 31 01 50   1  1.4  2.6  3.57 10.00  8.22 316 1024.8  16.6  21.0   7.7 99.0 99.00
2016 01 31 02 50  18  1.3  3.3  3.20 10.00  7.74 326 1025.1  16.7  21.0   7.5 99.0 99.00
2016 01 31 03 50   8  1.1  2.8  3.17  9.09  7.76 314 1024.8  16.7  21.0   7.6 99.0 99.00
2016 01 31 04 50  48  1.3  2.9  2.98 10.00  7.59 347 1024.4  16.8  21.0   7.8 99.0 99.00
2016 01 31 05 50 110  0.3  1.6  2.73  9.09  7.31 314 1024.4  16.9  21.0   7.8 99.0 99.00
2016 01 31 06 50 117  2.2  3.5  2.80 10.00  7.45 352 1024.3  17.1  21.0   8.7 99.0 99.00
2016 01 31 07 50 145  2.1  3.8  2.73  9.09  7.16 304 1023.8  17.1  21.0   8.2 99.0 99.00
2016 01 31 08 50 156  3.5  5.3  2.42 10.00  7.09 346 1023.7  17.3  21.0   8.8 99.0 99.00
2016 01 31 09 50 167  2.7  4.4  2.47  9.09  6.95 311 1024.5  17.4  21.0   9.0 99.0 99.00
2016 01 31 10 50 185  0.9  3.0  2.18 10.00  6.98   2 1025.1  17.5  21.0   9.5 99.0 99.00
2016 01 31 11 50 147  1.6  2.9  2.18  9.09  6.93 343 1025.3  17.7  21.1   9.7 99.0 99.00
2016 01 31 12 50 134  2.7  4.1  1.98 10.00  6.93   4 1025.4  17.9  21.1   9.9 99.0 99.00
2016 01 31 13 50  64  1.0  2.0  2.06  9.09  7.02  18 1025.9  18.1  21.1  10.2 99.0 99.00
2016 01 31 14 50 204  0.5  1.4  1.98  8.33  6.94 320 1026.2  18.6  21.1   9.9 99.0 99.00
2016 01 31 15 50 145  1.3  2.3  1.91  8.33  7.06 331 1025.5  18.6  21.2   9.6 99.0 99.00
2016 01 31 16 50 147  2.2  3.6  1.78  8.33  7.18 340 1024.5  18.5  21.2   9.8 99.0 99.00
2016 01 31 17 50 162  1.4  3.0  1.70 10.00  7.21  59 1023.8  18.6  21.3   9.3 99.0 99.00
2016 01 31 18 50 169  2.1  4.1  1.48  7.69  7.09   2 1023.1  18.7  21.3   9.5 99.0 99.00
2016 01 31 19 50 155  2.3  3.9  1.47 10.00  7.23  41 1023.2  18.7  21.3  10.3 99.0 99.00
2016 01 31 20 50 130  2.8  4.0  1.54  8.33  7.39  20 1023.3  18.6  21.3  11.0 99.0 99.00
2016 01 31 21 50 119  3.7  5.0  1.66  9.09  7.69  25 1023.5  18.7  21.2  11.2 99.0 99.00
2016 01 31 22 50 137  3.6  5.0  1.56  8.33  7.38  14 1023.9  18.8  21.2  10.9 99.0 99.00
