#YY  MM DD hh mm WDIR WSPD GST  WVHT   DPD   APD MWD   PRES  ATMP  WTMP  DEWP  VIS  TIDE
#yr  mo dy hr mn degT m/s  m/s     m   sec   sec deg    hPa  degC  degC  degC  nmi    ft
2016 01 31 23 50  98  6.2  7.8  1.90  9.09  7.12  55 1018.6  25.8  26.6  20.0 99.0 99.00
2016 02 01 00 50  98  6.5  7.6  2.07 10.00  7.36 340 1018.7  25.7  26.6  20.1 99.0 99.00
2016 02 01 01 50  98  6.2  8.0  2.25 10.00  7.86 329 1019.1  25.7  26.5  19.9 99.0 99.00
2016 02 01 02 50  93  6.0  7.4  2.28 12.90  7.80 352 1019.2  25.7  26.5  19.9 99.0 99.00
2016 02 01 03 50  90  6.2  7.7  2.26 12.12  8.04 357 1018.8  25.6  26.5  19.7 99.0 99.00
2016 02 01 04 50  93  5.6  7.1  2.15 12.12  7.61 356 1018.3  25.6  26.5  20.2 99.0 99.00
2016 02 01 05 50  94  6.0  7.3  2.17 11.43  7.70 351 1017.5  25.6  26.5  19.8 99.0 99.00
2016 02 01 06 50  88  5.9  7.6  2.28 10.00  7.78 350 1017.1  25.5  26.5  20.3 99.0 99.00
2016 02 01 07 50  89  6.0  7.4  2.09  9.09  7.45  44 1016.6  25.4  26.5  20.1 99.0 99.00
2016 02 01 08 50 100  5.4  6.7  2.02 10.81  7.15 354 1016.7  25.3  26.4  20.7 99.0 99.00
2016 02 01 09 50  93  5.7  6.6  1.96 12.12  7.00 354 1017.0  25.3  26.4  20.9 99.0 99.00
2016 02 01 10 50 100  6.3  8.3  1.84 11.43  6.72   6 1017.6  25.4  26.4  20.1 99.0 99.00
2016 02 01 11 50  97  4.9  6.3  1.88 12.12  6.77 347 1018.2  25.5  26.4  20.7 99.0 99.00
2016 02 01 12 50  96  4.5  5.7  1.80  9.09  6.78  48 1018.4  25.9  26.4  20.3 99.0 99.00
2016 02 01 13 50 116  6.3  8.4  1.94  9.09  6.99  26 1019.1  26.0  26.4  20.0 99.0 99.00
2016 02 01 14 50 115  5.7  7.5  1.82 11.43  6.59   6 1019.1  25.8  26.4  20.5 99.0 99.00
2016 02 01 15 50 126  5.6  7.0  1.99  9.09  7.24  22 1018.2  25.8  26.5  21.1 99.0 99.00
2016 02 01 16 50 150  5.2  6.5  1.78  9.09  6.74   4 1017.4  25.5  26.5  21.1 99.0 99.00
2016 02 01 17 50 135  5.5  6.6  1.72 10.81  6.47   4 1016.6  26.1  26.6  20.0 99.0 99.00
2016 02 01 18 50 144  6.2  7.9  1.80 10.81  6.92 351 1015.9  25.9  26.6  18.9 99.0 99.00
2016 02 01 19 50 135  3.5  4.4  1.67 10.00  6.74  20 1015.9  25.6  26.6  21.1 99.0 99.00
2016 02 01 20 50 149  3.9  4.8  1.74 10.81  6.84 353 1016.3  25.9  26.6  20.7 99.0 99.00
2016 02 01 21 50 135  2.2  3.2  1.90 10.00  7.18  14 1016.7  25.7  26.5  20.8 99.0 99.00
2016 02 01 22 50 127  2.8  3.7  1.87 10.00  7.12   3 1017.0  26.0  26.5  20.1 99.0 99.00
2016 02 01 23 50 124  2.6  3.7  1.80 10.81  7.03   8 1017.3  26.0  26.5  19.8 99.0 99.00
2016 02 02 00 50 127  2.7  3.9  1.67  9.09  6.81  32 1017.6  26.0  26.4  19.3 99.0 99.00
2016 02 02 01 50 136  3.5  4.4  1.77  9.09  7.13  23 1017.9  25.9  26.4  19.6 99.0 99.00
2016 02 02 02 50 137  3.2  4.1  1.82 10.00  7.37  10 1017.8  25.7  26.4  19.9 99.0 99.00
2016 02 02 03 50 131  3.0  3.8  1.88 10.00  7.63  10 1017.4  25.6  26.4  19.8 99.0 99.00
2016 02 02 04 50 129  3.0  3.9  1.77  9.09  7.39  57 1016.7  25.6  26.4  19.9 99.0 99.00
2016 02 02 05 50 143  2.8  3.8  1.61 10.00  7.12   2 1016.2  25.5  26.5  19.8 99.0 99.00
2016 02 02 06 50 144  3.2  4.3  1.79 10.00  7.51   3 1015.4  25.4  26.5  20.0 99.0 99.00
2016 02 02 07 50 154  3.7  5.4  1.64 10.81  7.45   9 1014.8  25.3  26.5  19.7 99.0 99.00
2016 02 02 08 50 141  3.7  4.8  1.66 10.81  7.13   6 1014.7  25.3  26.5  20.1 99.0 99.00
2016 02 02 09 50 144  1.8  2.7  1.71 10.00  7.48  28 1015.4  25.3  26.5  19.6 99.0 99.00
2016 02 02 10 50 141  1.9  2.7  1.72  9.09  7.59  65 1016.1  25.3  26.5  19.5 99.0 99.00
2016 02 02 11 50 144  2.0  2.7  1.73  9.09  7.43  55 1016.4  25.6  26.5  19.6 99.0 99.00
2016 02 02 12 50 147  1.8  2.7  1.74  9.09  7.47  66 1017.1  25.6  26.5  19.8 99.0 99.00
2016 02 02 13 50 163  1.6  2.5  1.70 10.00  7.58  36 1017.9  25.9  26.6  19.7 99.0 99.00
2016 02 02 14 50 181  1.6  2.5  1.60 10.00  7.54  43 1018.1  25.8  26.8  19.7 99.0 99.00
2016 02 02 15 50 203  0.6  1.9  1.52 10.00  7.52  38 1017.7  26.0  27.3  19.9 99.0 99.00
2016 02 02 16 50 198  1.6  2.5  1.37 10.00  7.18  74 1016.8  26.0  27.7  19.9 99.0 99.00
2016 02 02 17 50 205  1.6  3.0  1.44  9.09  7.75  71 1015.8  26.0  27.7  19.8 99.0 99.00
2016 02 02 18 50 246  1.5  2.8  1.43  9.09  7.58  60 1015.2  26.1  27.7  19.3 99.0 99.00
2016 02 02 19 50 228  1.2  2.2  1.36  9.09  7.61  65 1015.2  26.1  27.5  19.4 99.0 99.00
2016 02 02 20 50 272  2.3  3.5  1.46  9.09  7.60  65 1015.5  26.3  27.1  19.4 99.0 99.00
2016 02 02 21 50 283  2.3  3.1  1.38  9.09  7.55  79 1015.8  25.9  27.0  19.6 99.0 99.00
2016 02 02 22 50 303  3.8  5.2  1.48  9.09  7.75  65 1016.2  25.9  26.8  20.4 99.0 99.00
2016 02 02 23 50 282  5.7  6.9  1.49  9.09  7.33  76 1016.9  24.2  26.6  21.1 99.0 99.00
2016 02 03 00 50 300  3.1  4.2  1.47  9.09  7.03  78 1017.2  24.7  26.6  20.3 99.0 99.00
2016 02 03 01 50 329  3.5  4.5  1.38 10.00  7.10  69 1017.3  25.2  26.7  20.4 99.0 99.00
2016 02 03 02 50 330  4.1  5.3  1.36  8.33  7.18  74 1017.3  25.2  26.7  20.7 99.0 99.00
2016 02 03 03 50 340  4.7  5.6  1.42 10.00  7.49  67 1016.9  25.4  26.6  20.3 99.0 99.00
2016 02 03 04 50 337  4.6  5.9  1.36  9.09  7.15  61 1016.4  25.3  26.6  20.9 99.0 99.00
2016 02 03 05 50 358  6.1  7.7  1.53  9.09  7.17  75 1015.8  25.5  26.6  20.8 99.0 99.00
2016 02 03 06 50   3  6.8  8.5  1.40  9.09  6.43  77 1015.1  25.3  26.5  20.3 99.0 99.00
2016 02 03 07 50   4  6.9  8.3  1.38  9.09  6.28  66 1014.8  25.3  26.5  20.8 99.0 99.00
2016 02 03 08 50  17  7.5  8.9  1.40  9.09  5.95  81 1014.7  25.3  26.5  20.3 99.0 99.00
2016 02 03 09 50  16  7.4  8.7  1.42 10.81  5.83  59 1015.0  25.4  26.5  20.6 99.0 99.00
2016 02 03 10 50  28  8.8 10.5  1.46  9.09  5.55  83 1015.5  25.5  26.5  20.5 99.0 99.00
2016 02 03 11 50  29  8.9 10.3  1.61  9.09  5.50  61 1015.9  25.6  26.5  20.4 99.0 99.00
2016 02 03 12 50  27  8.5 10.8  1.67  9.09  5.58  63 1016.5  25.6  26.5  20.5 99.0 99.00
2016 02 03 13 50  32  8.1  9.5  1.73  9.09  5.71  84 1017.1  25.6  26.5  20.0 99.0 99.00
2016 02 03 14 50  22  8.9 11.1  1.60  6.25  5.43   4 1017.1  25.5  26.5  21.0 99.0 99.00
2016 02 03 15 50  28  9.7 11.7  1.83  5.88  5.53   1 1016.5  25.6  26.5  20.7 99.0 99.00
2016 02 03 16 50  26  9.6 11.2  1.88 10.00  5.62  64 1015.9  25.4  26.5  20.0 99.0 99.00
2016 02 03 17 50  30  9.0 10.7  1.91  6.67  5.48   9 1015.2  25.4  26.5  19.3 99.0 99.00
2016 02 03 18 50  28  9.3 10.6  1.96  6.67  5.61   6 1014.9  25.5  26.5  19.1 99.0 99.00
2016 02 03 19 50  33  8.2  9.9  1.99  7.14  5.80  10 1014.7  25.6  26.5  19.5 99.0 99.00
2016 02 03 20 50  27  8.5 10.4  1.88  7.14  5.72  24 1014.8  25.5  26.4  18.9 99.0 99.00
2016 02 03 21 50  33  8.4 10.0  1.85  6.67  5.71  14 1015.1  25.4  26.4  18.6 99.0 99.00
2016 02 03 22 50  30  8.7 10.1  1.82  6.67  5.85  26 1015.4  25.4  26.4  18.8 99.0 99.00
2016 02 03 23 50  29  8.4 10.4  1.82 10.00  5.69  69 1016.0  25.4  26.3  18.3 99.0 99.00
2016 02 04 00 50  29  8.3  9.8  1.77  9.09  5.69  66 1016.4  25.4  26.4  18.6 99.0 99.00
2016 02 04 01 50  34  8.0 10.6  1.78 10.00  5.56  85 1016.7  24.0  26.4  19.2 99.0 99.00
2016 02 04 02 50  17 10.5 12.4  1.92  6.67  5.45   6 1016.7  25.1  26.4  18.1 99.0 99.00
2016 02 04 03 50  21  8.8 10.7  2.10  6.67  5.57   2 1016.1  25.0  26.4  17.5 99.0 99.00
2016 02 04 04 50  31  8.6 10.2  2.13  6.67  5.77  15 1015.4  25.0  26.4  17.6 99.0 99.00
2016 02 04 05 50  33  9.2 12.9  2.22  6.67  5.99  19 1015.0  24.5  26.4  18.5 99.0 99.00
2016 02 04 06 50  21 10.3 12.6  1.90  7.14  5.72  17 1014.4  24.8  26.4  18.3 99.0 99.00
2016 02 04 07 50  19 10.3 12.5  2.07  7.14  5.58  20 1013.9  24.8  26.3  15.9 99.0 99.00
2016 02 04 08 50  27 10.0 12.5  2.24  7.14  5.72  13 1013.7  24.7  26.3  16.9 99.0 99.00
2016 02 04 09 50  21 10.1 11.8  2.22  7.14  5.76  19 1014.0  24.7  26.3  17.5 99.0 99.00
2016 02 04 10 50  28 10.3 12.2  2.41  7.69  5.78  27 1014.4  24.8  26.3  16.9 99.0 99.00
2016 02 04 11 50  18  9.7 12.6  2.38  7.14  5.81  14 1014.6  25.0  26.3  16.8 99.0 99.00
2016 02 04 12 50  17  9.4 11.1  2.33  7.69  5.80  28 1015.1  24.9  26.3  17.9 99.0 99.00
2016 02 04 13 50  22  9.7 11.8  2.78  7.69  6.35  29 1015.7  24.9  26.4  18.3 99.0 99.00
2016 02 04 14 50  17  9.2 10.8  2.56  7.69  5.99  25 1015.9  24.9  26.4  18.2 99.0 99.00
2016 02 04 15 50  10  8.4 10.1  2.64  7.69  6.32  25 1015.2  24.9  26.4  18.8 99.0 99.00
2016 02 04 16 50  17  9.0 10.7  2.45  9.09  6.11  46 1014.2  24.5  26.4  19.0 99.0 99.00
2016 02 04 17 50  13  9.2 11.1  2.82  8.33  6.39  25 1013.2  24.4  26.3  19.1 99.0 99.00
2016 02 04 18 50  13  8.8 10.8  2.75  9.09  6.55  39 1012.4  24.4  26.3  19.4 99.0 99.00
2016 02 04 19 50  13  7.1  9.0  2.54  7.69  6.30  34 1012.2  24.7  26.3  19.7 99.0 99.00
2016 02 04 20 50  23  8.5 10.4  2.71  9.09  6.77  36 1012.2  24.6  26.3  20.3 99.0 99.00
2016 02 04 21 50   6  6.9  8.5  2.41  9.09  6.51  43 1012.3  24.4  26.3  19.8 99.0 99.00
2016 02 04 22 50   9  6.6  7.9  2.41 10.00  6.77  48 1012.3  24.5  26.3  20.3 99.0 99.00
2016 02 04 23 50  35  6.4  8.7  2.69 10.00  7.11  41 1012.7  24.0  26.2  20.3 99.0 99.00
2016 02 05 00 50  34  5.5  6.6  2.68 10.00  7.21  39 1012.7  24.9  26.2  19.9 99.0 99.00
2016 02 05 01 50  55  5.7  7.1  2.51 10.00  7.00  36 1013.1  24.4  26.2  20.4 99.0 99.00
2016 02 05 02 50  60  4.7  6.3  2.55 10.00  6.93  36 1013.3  24.7  26.2  19.6 99.0 99.00
2016 02 05 03 50  67  5.5  7.2  2.47 10.00  6.90  40 1013.1  24.7  26.2  19.3 99.0 99.00
2016 02 05 04 50  83  5.2  6.4  2.31 10.00  6.80  32 1012.9  24.8  26.2  19.2 99.0 99.00
2016 02 05 05 50  98  4.1  5.7  2.44 10.00  7.27  31 1012.3  24.8  26.2  19.4 99.0 99.00
2016 02 05 06 50  55  4.2  5.4  2.31 10.00  7.27  40 1011.8  24.5  26.2  19.8 99.0 99.00
2016 02 05 07 50 102  4.9  6.2  2.19 10.00  7.13  33 1011.9  24.2  26.2  19.8 99.0 99.00
2016 02 05 08 50  95  4.1  5.3  2.26 10.00  7.23  33 1012.2  24.7  26.2  18.9 99.0 99.00
2016 02 05 09 50  84  3.7  4.4  2.17 10.81  7.26  35 1012.8  24.6  26.2  19.4 99.0 99.00
2016 02 05 10 50  95  4.2  5.5  2.36 10.81  7.70  39 1013.5  24.9  26.2  19.2 99.0 99.00
2016 02 05 11 50  97  4.4  5.5  1.81 10.00  6.84  32 1014.3  25.1  26.2  19.0 99.0 99.00
2016 02 05 12 50  85  4.2  5.4  2.21 10.00  7.75  31 1015.1  25.2  26.2  18.8 99.0 99.00
2016 02 05 13 50  85  3.7  4.7  2.29 10.00  7.81  39 1015.9  25.1  26.3  18.8 99.0 99.00
2016 02 05 14 50 101  4.5  5.7  2.47 10.00  8.07  41 1016.1  25.2  26.3  19.3 99.0 99.00
2016 02 05 15 50 111  5.2  6.6  2.40 10.00  7.90  37 1015.5  25.3  26.3  18.5 99.0 99.00
2016 02 05 16 50 115  5.2  6.3  2.61 10.81  8.14  40 1014.6  25.3  26.4  19.2 99.0 99.00
2016 02 05 17 50 119  5.6  6.7  1.95 10.81  7.06  45 1014.1  25.3  26.4  19.2 99.0 99.00
2016 02 05 18 50 114  6.1  7.3  2.20 10.81  7.69  41 1013.8  25.4  26.4  19.0 99.0 99.00
2016 02 05 19 50 120  5.3  6.8  2.02 10.81  7.18  39 1014.0  25.4  26.4  19.0 99.0 99.00
2016 02 05 20 50 123  5.1  6.1  2.14 10.00  7.43  35 1014.4  25.5  26.4  19.1 99.0 99.00
2016 02 05 21 50 135  6.1  7.4  2.20 10.00  7.59  38 1014.8  24.8  26.4  19.7 99.0 99.00
2016 02 05 22 50 131  4.6  5.5  2.04 10.81  7.65  42 1015.3  25.4  26.3  19.8 99.0 99.00
2016 02 05 23 50 139  4.5  5.7  1.77 10.00  7.09  41 1016.0  25.4  26.3  19.3 99.0 99.00
2016 02 06 00 50 122  2.6  4.1  1.75 10.00  7.01  48 1016.5  24.8  26.3  19.9 99.0 99.00
2016 02 06 01 50 134  3.5  4.6  2.26 10.00  8.07  32 1016.7  25.4  26.3  19.8 99.0 99.00
2016 02 06 02 50 132  4.1  5.0  1.89  9.09  7.49  44 1016.9  25.3  26.3  19.9 99.0 99.00
2016 02 06 03 50 134  3.6  4.4  1.94 10.00  7.75  39 1016.8  25.3  26.3  19.8 99.0 99.00
2016 02 06 04 50 127  5.6  9.3  2.10 10.00  7.82  47 1016.7  25.2  26.3  20.1 99.0 99.00
2016 02 06 05 50 146  4.1  4.9  2.06 10.00  7.82  52 1016.5  25.2  26.3  20.1 99.0 99.00
2016 02 06 06 50 153  4.1  5.2  1.96 10.00  7.78  38 1015.8  25.2  26.3  19.8 99.0 99.00
2016 02 06 07 50 147  3.6  5.2  1.87 10.00  7.66  45 1015.7  25.2  26.3  19.8 99.0 99.00
2016 02 06 08 50 141  3.8  4.8  1.89 10.00  7.85  40 1015.7  25.2  26.3  20.2 99.0 99.00
2016 02 06 09 50 129  4.4  5.1  1.85 10.81  7.66  48 1016.1  25.0  26.3  20.5 99.0 99.00
2016 02 06 10 50 137  7.1  8.8  1.67 10.00  7.54  41 1016.7  24.7  26.3  20.6 99.0 99.00
2016 02 06 11 50 135  6.5  8.1  1.61 10.00  6.84  44 1017.6  23.9  26.2  20.6 99.0 99.00
2016 02 06 12 50 157  6.6  8.1  1.59 10.00  6.51  52 1018.2  25.6  26.2  20.8 99.0 99.00
2016 02 06 13 50 169  6.8  8.1  1.79 10.00  6.66  44 1019.1  25.7  26.3  20.6 99.0 99.00
2016 02 06 14 50 175  5.8  7.4  1.96 10.00  6.72  59 1019.2  25.4  26.3  20.5 99.0 99.00
2016 02 06 15 50 164  6.7  8.1  1.90 10.00  6.53  52 1018.9  25.8  26.3  20.3 99.0 99.00
2016 02 06 16 50 159  6.4  7.6  1.88  9.09  6.64  35 1018.3  25.8  26.4  21.0 99.0 99.00
2016 02 06 17 50 160  5.9  7.0  1.91 10.81  6.68  70 1017.5  25.9  26.4  21.1 99.0 99.00
2016 02 06 18 50 155  6.2  7.2  1.92 10.00  6.85  88 1016.9  26.1  26.4  19.9 99.0 99.00
2016 02 06 19 50 155  5.6  6.5  2.43 10.00  7.79  85 1016.7  26.1  26.4  20.2 99.0 99.00
2016 02 06 20 50 154  5.1  6.1  2.20 10.00  7.32  79 1016.8  26.2  26.4  20.7 99.0 99.00
2016 02 06 21 50 149  4.2  5.1  2.41 10.00  7.66  70 1017.5  26.0  26.4  21.0 99.0 99.00
2016 02 06 22 50 137  4.7  5.8  2.23 10.00  7.67  84 1017.8  26.1  26.4  21.6 99.0 99.00
2016 02 06 23 50 123  5.5  6.4  2.31 10.00  7.45  79 1018.5  26.0  26.4  22.1 99.0 99.00
2016 02 07 00 50 120  5.0  6.0  2.29 10.00  7.48  70 1019.0  26.1  26.4  22.1 99.0 99.00
2016 02 07 01 50 127  6.3  7.7  2.28 10.00  7.47  69 1019.2  26.2  26.4  21.9 99.0 99.00
2016 02 07 02 50 132  6.9  7.9  2.43  9.09  7.63  80 1019.3  26.2  26.3  21.6 99.0 99.00
2016 02 07 03 50 140  7.9  9.2  2.20  9.09  7.17  85 1019.1  25.4  26.3  21.2 99.0 99.00
2016 02 07 04 50 137  7.5  9.0  2.21 10.00  6.74  78 1018.6  24.6  26.3  21.2 99.0 99.00
2016 02 07 05 50  94  5.1  6.3  2.14  9.09  6.77  81 1018.2  25.0  26.3  20.4 99.0 99.00
2016 02 07 06 50  86  6.0  7.1  2.13 10.00  6.83  67 1017.2  24.3  26.3  21.2 99.0 99.00
2016 02 07 07 50  94  5.9  7.4  1.93  9.09  6.78  70 1016.4  24.8  26.4  21.7 99.0 99.00
2016 02 07 08 50 165  7.9 11.9  1.82  9.09  6.28  66 1016.4  25.3  26.4  21.7 99.0 99.00
2016 02 07 09 50 232  6.6 11.3  2.10  9.09  6.02  72 1017.2  22.5  26.3  21.3 99.0 99.00
2016 02 07 10 50 240  5.8  8.0  2.37  9.09  6.09  92 1017.8  22.6  26.2  21.4 99.0 99.00
2016 02 07 11 50 230  6.1  8.5  2.29  9.09  5.94  76 1017.7  23.5  26.0  22.0 99.0 99.00
2016 02 07 12 50 134  7.3  8.6  2.34  9.09  5.99  80 1018.3  26.2  26.0  21.6 99.0 99.00
2016 02 07 13 50 130  7.9  9.3  2.18  9.09  5.74  71 1018.7  26.3  26.1  21.5 99.0 99.00
2016 02 07 15 50 136  8.2  9.8  2.07  8.33  5.71  83 1018.0  26.3  26.2  21.7 99.0 99.00
2016 02 07 16 50 137  8.3 10.1  1.93  9.09  5.67  71 1017.5  26.4  26.3  21.3 99.0 99.00
2016 02 07 17 50 145  7.4  8.5  1.91  8.33  5.74  83 1016.9  26.3  26.3  21.4 99.0 99.00
2016 02 07 18 50 143  6.9  8.4  1.96  9.09  5.93  75 1016.2  26.4  26.3  21.4 99.0 99.00
2016 02 07 19 50 141  6.3  7.3  1.90  8.33  5.86  89 1016.1  26.4  26.4  21.5 99.0 99.00
2016 02 07 20 50 139  6.7  8.0  1.83  9.09  6.09  57 1016.1  26.3  26.4  21.8 99.0 99.00
2016 02 07 21 50 145  6.9  8.3  1.87  8.33  6.27  87 1016.4  26.2  26.4  22.0 99.0 99.00
2016 02 07 22 50 140  6.5  7.6  1.94  8.33  6.20  91 1016.7  26.2  26.4  21.8 99.0 99.00
2016 02 07 23 50 142  6.1  7.2  1.84  8.33  6.40  97 1017.4  26.2  26.3  21.8 99.0 99.00
2016 02 08 00 50 152  6.7  8.0  1.68  8.33  6.06 106 1017.8  26.2  26.3  21.6 99.0 99.00
2016 02 08 01 50 138  7.1  8.4  1.68  7.69  6.10 103 1017.9  26.2  26.3  21.6 99.0 99.00
2016 02 08 02 50 137  7.0  8.4  1.72  9.09  6.39  90 1018.0  26.1  26.3  21.7 99.0 99.00
2016 02 08 03 50 134  5.8  7.1  1.88  8.33  6.81 105 1018.0  26.0  26.3  22.1 99.0 99.00
2016 02 08 04 50 139  6.0  7.0  1.87  8.33  6.73  89 1017.8  26.0  26.3  21.7 99.0 99.00
2016 02 08 05 50 139  5.7  7.0  1.91  9.09  6.92  90 1017.1  25.8  26.3  21.7 99.0 99.00
2016 02 08 06 50 137  6.1  7.5  1.87  9.09  6.87  96 1016.6  25.9  26.3  21.6 99.0 99.00
2016 02 08 07 50 152  5.6  7.0  1.81 12.12  6.96 351 1016.3  25.8  26.3  21.3 99.0 99.00
2016 02 08 08 50 153  6.6  7.7  1.83 12.12  6.82 351 1016.1  25.8  26.3  21.4 99.0 99.00
2016 02 08 09 50 159  6.3  7.3  2.00  9.09  7.05  94 1016.4  25.8  26.3  21.6 99.0 99.00
2016 02 08 10 50 155  6.7  8.1  1.83  9.09  6.58  97 1016.6  25.8  26.3  21.3 99.0 99.00
2016 02 08 11 50 159  6.4  7.5  1.75 12.12  6.56 360 1017.1  25.9  26.3  21.5 99.0 99.00
2016 02 08 12 50 158  6.6  7.9  1.88  9.09  6.61  95 1018.3  26.1  26.3  21.6 99.0 99.00
2016 02 08 13 50 164  6.0  7.0  1.87  9.09  6.74  88 1019.1  26.2  26.3  21.1 99.0 99.00
2016 02 08 14 50 156  6.9  8.3  1.77 10.00  6.45  92 1018.4  26.2  26.3  21.7 99.0 99.00
2016 02 08 15 50 163  6.8  8.2  1.82  9.09  6.54  95 1018.1  26.2  26.4  21.5 99.0 99.00
2016 02 08 16 50 168  5.8  6.9  1.73  9.09  6.26  80 1017.5  26.2  26.5  21.7 99.0 99.00
2016 02 08 17 50 167  5.0  6.2  1.77 10.81  6.50 352 1016.8  26.3  26.6  21.7 99.0 99.00
2016 02 08 18 50 166  5.4  6.5  1.93  9.09  6.87 103 1016.0  26.3  26.6  21.6 99.0 99.00
2016 02 08 19 50 162  4.2  5.0  1.79  9.09  6.70  86 1015.9  26.3  26.7  21.6 99.0 99.00
2016 02 08 20 50 169  3.4  4.4  1.75  9.09  6.71  90 1016.1  26.4  26.7  21.4 99.0 99.00
2016 02 08 21 50 140  3.4  4.2  1.86  8.33  7.05  83 1016.5  26.2  26.7  21.8 99.0 99.00
2016 02 08 22 50 129  3.2  4.0  1.73  8.33  7.07  85 1016.7  26.1  26.7  22.0 99.0 99.00
2016 02 08 23 50 127  3.8  4.6  1.57  9.09  6.89 100 1017.3  26.1  26.6  21.9 99.0 99.00
2016 02 09 00 50 128  3.7  4.5  1.62  9.09  7.22  99 1017.9  26.1  26.6  21.6 99.0 99.00
2016 02 09 01 50 122  3.7  4.4  1.67  9.09  7.27  99 1018.1  26.1  26.6  21.3 99.0 99.00
2016 02 09 02 50 132  3.6  4.4  1.47  9.09  6.89  95 1018.6  26.1  26.6  21.2 99.0 99.00
2016 02 09 03 50 116  3.7  4.9  1.60  9.09  7.26 104 1018.4  26.0  26.6  21.4 99.0 99.00
2016 02 09 04 50 111  4.2  5.0  1.67  9.09  7.33 100 1018.4  25.8  26.6  21.8 99.0 99.00
2016 02 09 05 50 114  4.5  5.3  1.65  9.09  7.25 102 1017.6  25.7  26.5  21.5 99.0 99.00
2016 02 09 06 50 123  5.5  6.7  1.81  9.09  7.64 102 1016.9  25.6  26.5  22.1 99.0 99.00
2016 02 09 07 50 127  5.1  5.9  1.79 10.00  7.30 101 1016.4  25.7  26.5  20.8 99.0 99.00
2016 02 09 08 50 119  4.2  5.2  1.68 11.43  7.20 326 1016.7  25.4  26.5  22.1 99.0 99.00
2016 02 09 09 50 118  4.5  5.9  2.18  9.09  8.10 100 1017.2  25.7  26.5  21.8 99.0 99.00
2016 02 09 10 50 129  4.0  5.3  2.22 10.81  8.44 331 1018.1  25.7  26.5  21.4 99.0 99.00
2016 02 09 11 50 129  4.1  5.6  2.31 10.00  8.71 345 1018.7  25.9  26.5  21.6 99.0 99.00
2016 02 09 12 50 118  3.4  5.1  2.68 17.39  9.41 336 1019.5  26.1  26.5  21.5 99.0 99.00
2016 02 09 13 50 131  5.1  7.2  2.99 16.00  9.88 337 1020.3  26.0  26.5  21.8 99.0 99.00
2016 02 09 14 50 135  5.7  7.7  3.06 16.00  9.94 334 1020.2  26.0  26.5  21.9 99.0 99.00
2016 02 09 15 50 133  5.7  7.5  3.46 14.81 10.19 326 1019.9  26.2  26.6  21.7 99.0 99.00
2016 02 09 16 50 134  4.9  6.7  3.21 16.00 10.29 326 1019.3  26.1  26.6  21.7 99.0 99.00
2016 02 09 17 50 137  5.3  7.2  3.19 14.81  9.79 319 1018.4  26.1  26.7  21.9 99.0 99.00
2016 02 09 18 50 142  5.3  7.1  3.34 14.81  9.62 320 1018.0  26.3  26.7  21.5 99.0 99.00
2016 02 09 19 50 155  5.7  7.5  3.17 14.81  9.68 321 1018.0  26.1  26.7  21.9 99.0 99.00
2016 02 09 20 50 131  5.7  7.3  2.89 13.79  9.08 318 1018.2  26.3  26.7  21.3 99.0 99.00
2016 02 09 21 50 131  6.2  7.9  3.30 13.79  9.72 317 1018.4  26.2  26.6  21.4 99.0 99.00
2016 02 09 22 50 123  5.5  7.3  2.86 13.79  8.72 322 1019.1  26.1  26.6  22.1 99.0 99.00
2016 02 09 23 50 124  5.3  6.9  2.74 14.81  8.91 330 1019.5  26.1  26.6  21.9 99.0 99.00
2016 02 10 00 50 132  5.0  6.6  3.16 13.79  9.47 319 1020.0  26.1  26.5  21.9 99.0 99.00
2016 02 10 01 50 124  5.7  7.8  2.89 12.90  9.07 329 1020.2  25.9  26.5  22.1 99.0 99.00
2016 02 10 02 50 117  6.1  8.8  2.66 13.79  8.58 325 1020.1  26.0  26.5  22.6 99.0 99.00
2016 02 10 03 50 156  8.2 10.9  2.88 13.79  8.50 324 1019.9  24.8  26.5  22.3 99.0 99.00
2016 02 10 04 50 122  5.5  7.4  2.91 12.90  8.56 327 1019.8  26.1  26.5  21.9 99.0 99.00
2016 02 10 05 50  97  6.7  8.3  2.97 12.90  8.79 323 1019.1  25.2  26.5  22.4 99.0 99.00
2016 02 10 06 50 133  4.4  6.6  2.41 12.12  7.57 334 1018.7  25.0  26.5  21.7 99.0 99.00
2016 02 10 07 50 138  5.8  7.4  2.64 12.12  8.25 324 1018.5  25.5  26.5  22.2 99.0 99.00
2016 02 10 08 50 123  6.9  8.4  2.49 12.12  7.77 335 1018.3  26.0  26.5  21.8 99.0 99.00
2016 02 10 09 50 124  7.4  9.4  2.42 12.12  7.48 333 1018.6  26.0  26.5  21.5 99.0 99.00
2016 02 10 10 50 125  7.9  9.6  2.57 12.90  7.54 336 1019.0  26.0  26.4  21.3 99.0 99.00
2016 02 10 11 50 121  8.3 10.1  2.45 12.12  7.34 337 1019.5  25.8  26.4  21.8 99.0 99.00
2016 02 10 12 50 118  7.9  9.8  2.44 10.00  6.98 357 1020.5  25.9  26.4  20.6 99.0 99.00
2016 02 10 13 50 131  7.1  9.6  2.60 12.12  7.50 340 1021.3  26.0  26.4  21.0 99.0 99.00
2016 02 10 14 50 125  8.2  9.7  2.41 12.12  7.12 329 1021.0  26.1  26.4  21.2 99.0 99.00
2016 02 10 15 50 123  7.3  8.9  2.45 12.12  7.00 338 1020.3  26.0  26.4  21.0 99.0 99.00
2016 02 10 16 50 121  7.3  8.7  2.50 12.90  7.35 344 1019.8  26.0  26.4  20.8 99.0 99.00
2016 02 10 17 50 121  6.8  8.7  2.34 12.12  6.93 334 1019.0  26.0  26.5  20.5 99.0 99.00
2016 02 10 18 50 125  6.2  7.9  2.13 12.12  7.12 335 1018.5  26.1  26.6  20.2 99.0 99.00
2016 02 10 19 50 123  5.4  7.0  2.08 10.00  6.91  28 1018.5  26.1  26.6  20.6 99.0 99.00
2016 02 10 20 50 126  4.7  5.9  2.02  9.09  6.82  66 1018.7  26.2  26.6  20.6 99.0 99.00
2016 02 10 21 50 125  4.8  6.3  2.04  9.09  6.89  97 1019.1  26.2  26.5  20.0 99.0 99.00
2016 02 10 22 50 122  6.2  7.5  1.99  9.09  6.96  62 1019.2  26.1  26.5  20.3 99.0 99.00
2016 02 10 23 50 120  6.0  7.5  1.73 10.81  6.64 350 1019.6  26.1  26.5  19.9 99.0 99.00
2016 02 11 00 50 119  5.7  7.0  1.95 10.00  7.18 350 1020.3  26.0  26.5  20.1 99.0 99.00
2016 02 11 01 50 111  5.1  6.3  2.00 10.00  7.33 340 1020.6  25.9  26.5  20.2 99.0 99.00
2016 02 11 02 50 117  4.9  6.4  1.89  9.09  7.21  92 1020.6  25.9  26.5  20.6 99.0 99.00
2016 02 11 03 50 108  5.0  6.3  1.95 10.00  7.23 350 1020.5  25.7  26.4  20.6 99.0 99.00
2016 02 11 04 50 102  4.9  5.9  2.03  9.09  7.48  82 1019.8  25.5  26.4  20.5 99.0 99.00
2016 02 11 05 50 100  5.1  6.6  2.17 12.90  7.71 330 1019.1  25.5  26.4  21.2 99.0 99.00
2016 02 11 06 50 115  5.4  8.7  2.37 12.12  8.39 327 1018.6  25.7  26.4  19.9 99.0 99.00
2016 02 11 07 50 105  5.6  7.0  2.45 12.12  8.26 322 1018.4  25.6  26.4  20.1 99.0 99.00
2016 02 11 08 50 108  5.6  6.9  2.48 10.81  8.03 323 1018.5  25.4  26.4  20.3 99.0 99.00
2016 02 11 09 50 113  6.0  7.7  2.25 10.81  7.84 315 1018.9  25.6  26.4  20.0 99.0 99.00
2016 02 11 10 50 110  6.5  8.2  2.61 11.43  8.18 330 1019.5  25.5  26.4  20.6 99.0 99.00
2016 02 11 11 50 111  5.5  6.5  2.34 10.81  7.60 320 1020.1  25.7  26.4  20.4 99.0 99.00
2016 02 11 12 50 120  5.4  7.1  2.38 11.43  7.70 319 1020.7  25.7  26.4  20.8 99.0 99.00
2016 02 11 13 50 131  5.0  6.3  2.40 11.43  8.03 325 1021.1  25.8  26.5  20.1 99.0 99.00
2016 02 11 14 50 113  4.9  6.0  2.13 11.43  7.59 330 1020.9  25.8  26.5  20.3 99.0 99.00
2016 02 11 15 50 112  5.0  6.4  2.07  9.09  7.12  75 1020.4  25.8  26.5  20.3 99.0 99.00
2016 02 11 16 50 117  4.5  5.9  2.44 10.81  7.98 331 1019.5  25.9  26.5  19.9 99.0 99.00
2016 02 11 17 50 107  4.8  6.1  2.25 10.81  7.74 324 1018.8  25.8  26.6  20.0 99.0 99.00
2016 02 11 18 50  97  5.8  7.3  2.17 10.81  7.57 322 1018.1  25.6  26.6  20.7 99.0 99.00
2016 02 11 19 50 103  3.9  5.1  2.32  9.09  7.77  71 1018.1  25.9  26.6  19.5 99.0 99.00
2016 02 11 20 50 110  3.4  4.6  2.26 11.43  7.76 325 1018.7  26.0  26.6  19.1 99.0 99.00
2016 02 11 21 50  89  3.1  4.1  2.17 10.00  7.72 343 1018.8  25.9  26.6  19.6 99.0 99.00
2016 02 11 22 50  95  4.1  5.3  2.33  9.09  7.83  69 1019.2  25.9  26.6  20.4 99.0 99.00
2016 02 11 23 50  91  4.1  5.1  2.11 11.43  7.66 333 1019.7  25.9  26.6  19.8 99.0 99.00
2016 02 12 00 50  74  3.8  4.9  2.16 11.43  7.74 321 1020.4  25.9  26.5  20.1 99.0 99.00
2016 02 12 01 50  62  4.9  6.0  2.20 10.81  7.78 324 1020.5  25.8  26.5  20.4 99.0 99.00
2016 02 12 02 50  98  5.3  6.4  2.13 10.81  7.81 319 1020.5  25.8  26.5  20.0 99.0 99.00
2016 02 12 03 50 100  6.2  7.3  2.22 12.12  7.59 331 1020.3  25.7  26.5  20.4 99.0 99.00
2016 02 12 04 50 104  5.5  6.8  2.30 10.81  7.83 324 1019.8  25.6  26.5  20.2 99.0 99.00
2016 02 12 05 50  79  4.4  5.6  2.55 10.00  8.26 324 1019.6  25.6  26.5  20.0 99.0 99.00
2016 02 12 06 50  73  4.7  5.7  2.30 11.43  8.02 328 1019.1  25.6  26.5  20.4 99.0 99.00
2016 02 12 07 50  71  5.9  7.7  2.37  9.09  7.79  28 1018.8  25.5  26.5  19.5 99.0 99.00
2016 02 12 08 50  83  4.9  6.5  2.34 10.00  7.71 326 1019.1  25.5  26.4  19.8 99.0 99.00
2016 02 12 09 50  79  5.6  7.5  2.55 12.90  8.23 347 1019.6  25.5  26.4  19.9 99.0 99.00
2016 02 12 10 50  77  5.5  6.8  2.70 10.81  8.16 330 1020.2  25.5  26.4  19.6 99.0 99.00
2016 02 12 11 50  83  5.7  7.0  2.43  9.09  7.71  97 1020.8  25.7  26.4  19.0 99.0 99.00
2016 02 12 12 50  79  5.8  7.2  2.51  9.09  7.98  70 1021.3  25.7  26.4  19.4 99.0 99.00
2016 02 12 13 50  78  6.0  7.4  2.33 12.12  7.53 339 1021.8  25.7  26.4  19.5 99.0 99.00
2016 02 12 14 50  84  6.7  8.3  2.46 12.12  7.72 332 1021.5  25.8  26.4  18.8 99.0 99.00
2016 02 12 15 50  91  7.0  8.3  2.46  9.09  7.51  70 1020.8  25.8  26.4  18.9 99.0 99.00
2016 02 12 16 50  86  7.4  8.8  2.56 11.43  7.49 332 1020.1  25.8  26.5  19.1 99.0 99.00
2016 02 12 17 50  84  7.4  8.8  2.59 11.43  7.43 338 1019.2  25.8  26.5  20.4 99.0 99.00
2016 02 12 18 50  92  7.3  9.0  2.67 11.43  7.44 329 1018.7  25.9  26.5  19.1 99.0 99.00
2016 02 12 19 50  99  7.4  9.5  2.57 12.12  7.15 343 1018.5  25.9  26.5  19.5 99.0 99.00
2016 02 12 20 50 110  7.7  9.8  2.72 11.43  7.26 331 1018.5  25.6  26.5  20.5 99.0 99.00
2016 02 12 21 50 106  7.5  9.4  2.58 11.43  7.03 326 1018.8  25.8  26.5  19.6 99.0 99.00
2016 02 12 22 50 104  7.4  8.9  2.44 11.43  6.81 333 1019.0  25.8  26.5  19.3 99.0 99.00
2016 02 12 23 50 108  7.6  9.3  2.45 10.81  6.73 324 1019.1  25.7  26.4  19.1 99.0 99.00
2016 02 13 00 50  95  7.0  8.6  2.26 10.81  6.67 322 1019.6  25.6  26.4  19.6 99.0 99.00
2016 02 13 01 50  88  6.6  7.6  2.20 11.43  6.63 333 1019.7  25.8  26.4  19.6 99.0 99.00
2016 02 13 02 50  87  6.4  8.2  2.21 10.81  6.62 333 1019.6  25.7  26.4  19.5 99.0 99.00
2016 02 13 03 50  80  7.1  8.8  2.04 11.43  6.64 334 1019.1  25.5  26.4  19.8 99.0 99.00
2016 02 13 04 50  82  6.8  8.3  2.11 11.43  6.85 329 1018.5  25.5  26.4  20.1 99.0 99.00
2016 02 13 05 50  82  6.7  8.3  1.95  9.09  6.65  54 1017.9  25.4  26.4  19.4 99.0 99.00
2016 02 13 06 50  94  6.2  7.8  1.92  9.09  6.63  63 1017.2  25.3  26.4  19.6 99.0 99.00
2016 02 13 07 50  97  6.0  7.3  2.03 10.00  6.60 338 1016.8  25.4  26.3  19.2 99.0 99.00
2016 02 13 08 50  85  6.0  7.6  1.99 10.00  6.65 350 1016.8  25.4  26.3  17.6 99.0 99.00
2016 02 13 09 50  95  5.8  7.0  1.89  9.09  6.54  99 1017.1  25.4  26.3  19.1 99.0 99.00
2016 02 13 10 50 101  6.8  8.3  2.17 10.00  6.64 331 1017.5  25.5  26.3  19.0 99.0 99.00
2016 02 13 11 50 101  6.7  8.7  1.88 10.00  6.20   7 1018.1  25.6  26.3  19.2 99.0 99.00
2016 02 13 12 50 104  6.5  7.9  1.90  9.09  6.23  68 1018.7  25.7  26.3  18.6 99.0 99.00
2016 02 13 13 50 105  6.7  7.9  1.98 10.00  6.34  21 1019.0  25.7  26.3  19.3 99.0 99.00
2016 02 13 14 50  95  6.5  7.9  1.77  7.69  6.00  88 1018.9  25.7  26.4  19.8 99.0 99.00
2016 02 13 15 50 108  7.2  9.3  1.80  9.09  6.16  83 1018.1  25.7  26.4  19.5 99.0 99.00
2016 02 13 16 50 100  6.6  8.4  1.91  9.09  6.31  45 1017.5  25.8  26.4  19.9 99.0 99.00
2016 02 13 17 50 102  6.3  7.3  1.85  9.09  6.27  52 1016.5  25.7  26.4  19.6 99.0 99.00
2016 02 13 18 50 110  6.2  7.3  1.82  9.09  6.21  93 1015.9  25.8  26.4  19.2 99.0 99.00
2016 02 13 19 50 115  5.3  6.4  1.94 10.00  6.46  39 1015.7  25.8  26.5  19.3 99.0 99.00
2016 02 13 20 50 121  4.1  5.4  1.89  9.09  6.44  72 1016.1  26.1  26.5  18.8 99.0 99.00
2016 02 13 21 50 118  4.0  5.0  1.94 10.00  6.56   2 1016.6  25.9  26.5  19.3 99.0 99.00
2016 02 13 22 50  89  4.4  5.6  2.02 10.00  6.71 351 1016.9  25.5  26.4  19.9 99.0 99.00
2016 02 13 23 50  87  3.0  3.7  1.91 10.00  6.62  28 1017.6  25.8  26.4  19.7 99.0 99.00
2016 02 14 00 50  98  6.0  7.9  2.02 10.00  6.98 352 1017.9  25.4  26.4  20.6 99.0 99.00
2016 02 14 01 50  98  3.5  4.6  1.92  9.09  6.61  55 1018.2  25.2  26.4  19.8 99.0 99.00
2016 02 14 02 50  88  3.2  3.9  1.95  9.09  6.78  32 1018.1  25.6  26.4  19.8 99.0 99.00
2016 02 14 03 50  96  2.0  2.7  1.67 10.00  6.79   9 1017.7  25.4  26.4  19.8 99.0 99.00
2016 02 14 04 50 100  2.5  3.4  1.94  9.09  7.22  37 1017.4  25.5  26.4  20.0 99.0 99.00
2016 02 14 05 50 104  2.1  3.0  1.73  9.09  6.97  79 1016.7  25.4  26.3  19.8 99.0 99.00
2016 02 14 06 50  96  2.4  3.5  1.66 10.00  6.86  11 1015.8  25.2  26.3  20.0 99.0 99.00
2016 02 14 07 50  73  3.3  4.2  1.59 10.00  6.99 355 1015.4  25.2  26.3  20.2 99.0 99.00
2016 02 14 08 50  64  3.0  4.2  1.70  9.09  7.24  63 1015.3  25.2  26.3  20.0 99.0 99.00
2016 02 14 09 50  59  4.8  5.6  1.63  9.09  6.89  54 1015.6  24.8  26.3  21.0 99.0 99.00
2016 02 14 10 50  49  4.5  5.4  1.67 11.43  7.02 352 1016.3  24.9  26.3  20.9 99.0 99.00
2016 02 14 11 50  64  5.4  6.5  1.67  9.09  7.13  16 1017.0  25.0  26.3  20.4 99.0 99.00
2016 02 14 12 50  94  7.7  9.4  1.66 10.00  7.07  23 1017.3  24.3  26.3  20.8 99.0 99.00
2016 02 14 13 50  63  8.4  9.8  1.61  9.09  6.20  28 1017.7  23.8  26.3  20.0 99.0 99.00
2016 02 14 14 50  59  7.6  9.6  1.52  9.09  5.92  34 1018.3  24.2  26.3  20.8 99.0 99.00
2016 02 14 15 50  74  5.0  5.9  1.63 10.81  6.58 355 1017.9  24.7  26.3  20.2 99.0 99.00
2016 02 14 16 50  73  5.3  6.7  1.53 10.00  6.48  24 1016.5  25.4  26.4  18.8 99.0 99.00
2016 02 14 17 50  84  5.9  7.1  1.62  9.09  6.59  56 1015.4  25.7  26.5  17.9 99.0 99.00
2016 02 14 18 50  85  5.7  6.5  1.55 10.00  6.46  51 1014.8  25.5  26.5  19.8 99.0 99.00
2016 02 14 19 50  82  5.8  6.9  1.50  9.09  6.21  77 1014.6  25.5  26.5  20.2 99.0 99.00
2016 02 14 20 50  78  6.5  7.5  1.55 10.00  6.26  74 1014.9  25.5  26.5  20.7 99.0 99.00
2016 02 14 21 50  97  6.4  7.6  1.54 10.00  6.33  58 1015.1  25.4  26.4  20.6 99.0 99.00
2016 02 14 22 50  83  4.7  5.8  1.59  9.09  6.50  76 1016.1  25.8  26.4  20.1 99.0 99.00
2016 02 14 23 50  80  5.8  6.9  1.55  9.09  6.45  84 1016.7  25.7  26.4  20.9 99.0 99.00
2016 02 15 00 50  78  5.3  6.3  1.65  9.09  6.35  70 1017.3  25.3  26.4  21.0 99.0 99.00
2016 02 15 01 50  76  8.1 13.4  1.69  9.09  6.44  81 1017.9  25.5  26.4  20.5 99.0 99.00
2016 02 15 02 50  56  4.5  6.2  1.72  8.33  6.39  71 1018.1  23.0  26.4  20.0 99.0 99.00
2016 02 15 03 50  27  5.0  6.7  1.81 10.00  6.62  70 1018.2  22.9  26.3  19.8 99.0 99.00
2016 02 15 04 50  28  3.0  3.9  1.79  9.09  6.76  76 1017.5  23.4  26.3  20.5 99.0 99.00
2016 02 15 05 50 126  9.0 11.9  1.80  9.09  6.93  83 1016.9  22.5  26.3  20.2 99.0 99.00
2016 02 15 06 50  89  5.3  6.4  1.65 11.43  6.64  17 1015.8  23.4  26.3  20.3 99.0 99.00
2016 02 15 07 50 108  6.9  8.0  1.81 10.81  6.89  16 1014.7  24.5  26.3  20.5 99.0 99.00
2016 02 15 08 50  99  8.3 10.1  1.81 10.81  6.77  20 1014.6  24.7  26.3  21.2 99.0 99.00
2016 02 15 09 50 112  8.7 10.2  1.90 10.81  6.24 349 1014.7  25.2  26.3  21.0 99.0 99.00
2016 02 15 10 50 121  7.5  9.6  1.89 10.00  6.26  85 1015.8  24.9  26.3  21.1 99.0 99.00
2016 02 15 11 50 120  6.5  8.1  2.11 10.00  6.55  69 1016.7  25.4  26.3  20.8 99.0 99.00
2016 02 15 12 50 111  7.1  8.7  2.03 10.00  6.20  69 1017.3  26.0  26.3  21.0 99.0 99.00
2016 02 15 13 50 113  7.6  9.1  2.03  9.09  6.30  74 1017.9  26.2  26.3  20.4 99.0 99.00
2016 02 15 14 50 105  7.9  9.0  1.96 10.00  6.11  48 1018.0  26.2  26.3  20.7 99.0 99.00
2016 02 15 15 50  89  9.9 11.9  2.07 10.00  5.97  70 1017.7  24.7  26.3  20.5 99.0 99.00
2016 02 15 16 50  98  8.2  9.8  2.18 10.00  6.14  73 1016.8  25.9  26.3  21.4 99.0 99.00
2016 02 15 17 50 138  8.2 10.0  2.08 10.00  5.80  41 1016.3  24.8  26.3  19.5 99.0 99.00
2016 02 15 18 50 104 10.2 12.5  2.21 10.00  6.29  46 1015.7  26.2  26.4  20.5 99.0 99.00
2016 02 15 19 50 112 10.3 11.9  2.48 10.00  6.28  68 1015.6  25.1  26.4  20.0 99.0 99.00
2016 02 15 20 50 103  7.3  9.1  2.60  7.14  6.27  72 1016.0  25.2  26.4  21.4 99.0 99.00
2016 02 15 21 50  94  8.7 11.0  2.66  9.09  6.49  47 1016.6  26.2  26.3  21.2 99.0 99.00
2016 02 15 22 50  95 10.2 11.7  2.84 10.00  6.58  65 1016.6  26.1  26.3  21.2 99.0 99.00
2016 02 15 23 50  95  9.4 11.8  2.76 12.12  6.52 351 1017.4  26.1  26.3  21.7 99.0 99.00
2016 02 16 00 50  91 10.4 12.2  3.11  9.09  6.87  15 1017.5  26.0  26.3  21.3 99.0 99.00
2016 02 16 01 50 101 10.2 12.4  2.94 11.43  6.65  10 1017.5  26.2  26.3  20.9 99.0 99.00
2016 02 16 02 50  98 10.8 12.3  2.91 12.12  6.88 350 1017.3  26.0  26.3  20.9 99.0 99.00
2016 02 16 03 50  96 10.0 12.0  2.74 11.43  6.63 360 1017.5  26.0  26.3  21.1 99.0 99.00
2016 02 16 04 50 103 10.4 12.5  2.82 11.43  6.75 353 1016.8  25.8  26.3  21.2 99.0 99.00
2016 02 16 05 50  95 10.4 12.9  2.77 11.43  6.55  10 1016.5  25.8  26.3  21.2 99.0 99.00
2016 02 16 06 50  98  9.6 11.8  2.91 10.00  6.62  24 1015.9  25.5  26.2  21.4 99.0 99.00
2016 02 16 07 50  99 10.5 12.1  3.22  9.09  6.93  52 1015.5  25.8  26.2  21.0 99.0 99.00
2016 02 16 08 50  98 10.8 12.9  3.19 10.81  6.76   7 1015.5  25.8  26.3  20.5 99.0 99.00
2016 02 16 09 50  98 10.0 11.8  3.10  9.09  6.96  88 1015.9  25.7  26.3  20.9 99.0 99.00
2016 02 16 10 50  89  9.8 12.6  3.05 10.81  6.90  17 1016.5  25.6  26.3  21.2 99.0 99.00
2016 02 16 11 50  99 10.0 12.5  2.85 10.00  6.65  20 1016.8  25.9  26.3  20.8 99.0 99.00
2016 02 16 12 50 105  8.9 10.6  3.04 10.00  6.78  39 1017.4  25.8  26.3  21.6 99.0 99.00
2016 02 16 13 50 101  9.5 11.4  2.83 10.00  6.75  45 1018.0  25.8  26.3  21.4 99.0 99.00
2016 02 16 14 50  97  9.7 11.5  3.00 10.81  6.88  15 1017.6  25.9  26.3  21.7 99.0 99.00
2016 02 16 15 50 103 11.3 13.1  3.05 10.81  6.82  40 1017.0  26.2  26.3  20.8 99.0 99.00
2016 02 16 16 50 102 11.1 13.1  3.06  8.33  6.69  64 1016.0  26.2  26.4  21.0 99.0 99.00
2016 02 16 17 50 103  9.9 12.5  3.24 10.81  6.71  18 1015.3  26.1  26.4  21.3 99.0 99.00
2016 02 16 18 50 101  9.6 11.8  3.10  7.69  6.88  75 1014.9  26.2  26.4  21.3 99.0 99.00
2016 02 16 19 50 101 10.1 12.5  3.06  8.33  6.79  85 1014.7  25.9  26.5  21.3 99.0 99.00
2016 02 16 20 50  99  9.9 12.4  3.16  7.69  6.80 101 1014.9  26.1  26.5  21.1 99.0 99.00
2016 02 16 21 50 100  9.8 11.7  3.41 10.00  7.02  48 1015.4  26.1  26.5  21.6 99.0 99.00
2016 02 16 22 50  98  9.3 12.2  2.99  8.33  6.63  75 1016.0  25.9  26.4  22.0 99.0 99.00
2016 02 16 23 50 102 10.2 12.4  3.14  9.09  6.92  83 1016.7  26.0  26.4  21.6 99.0 99.00
2016 02 17 00 50 101  9.8 11.5  3.28  8.33  6.80  70 1017.1  26.1  26.4  21.5 99.0 99.00
2016 02 17 01 50 105 10.0 11.7  3.13  9.09  6.92  71 1017.6  26.0  26.4  21.7 99.0 99.00
2016 02 17 02 50 108 10.6 13.1  2.89  9.09  6.60  85 1017.6  26.0  26.4  21.4 99.0 99.00
2016 02 17 03 50 101  9.3 11.3  3.00  9.09  6.77  80 1017.5  24.8  26.4  21.7 99.0 99.00
2016 02 17 04 50 101  9.4 11.3  3.17 10.00  6.95  83 1017.3  24.8  26.4  22.0 99.0 99.00
2016 02 17 05 50 101  9.8 11.5  3.25  9.09  6.89  65 1016.4  25.0  26.4  21.0 99.0 99.00
2016 02 17 06 50  97 10.2 12.2  3.38  9.09  7.04  81 1015.8  25.2  26.4  21.3 99.0 99.00
2016 02 17 07 50 108  9.9 12.4  3.01  8.33  6.77  85 1015.8  25.0  26.4  21.7 99.0 99.00
2016 02 17 08 50 133  8.8 10.5  3.07  9.09  6.82  79 1015.8  24.6  26.4  22.0 99.0 99.00
2016 02 17 09 50 159  6.0  7.6  3.22  9.09  7.27  68 1016.2  24.6  26.4  21.9 99.0 99.00
2016 02 17 10 50 111  8.0  9.5  3.27  9.09  7.17  76 1016.8  25.7  26.4  21.7 99.0 99.00
2016 02 17 11 50 114  8.8 10.5  3.07 10.00  7.13  85 1017.5  25.8  26.4  21.6 99.0 99.00
2016 02 17 12 50 105  8.9 10.5  3.02 10.00  6.83  79 1018.1  26.0  26.4  21.6 99.0 99.00
2016 02 17 13 50 119  8.7 10.6  2.85  9.09  6.85  67 1018.6  25.8  26.4  21.9 99.0 99.00
2016 02 17 14 50 111  6.8  8.4  3.04 10.00  7.11  70 1018.7  25.9  26.5  21.8 99.0 99.00
2016 02 17 15 50 110  7.2  9.0  2.88 10.00  7.03  74 1018.1  25.8  26.5  22.4 99.0 99.00
2016 02 17 16 50 115  7.8 10.9  2.87 10.00  7.04  69 1017.4  24.9  26.5  21.5 99.0 99.00
2016 02 17 17 50 113  8.0  9.4  2.54  8.33  6.64  83 1016.8  25.8  26.5  21.7 99.0 99.00
2016 02 17 18 50 104  6.3  8.8  2.63 10.00  6.79  80 1016.3  25.0  26.5  21.2 99.0 99.00
2016 02 17 19 50  85  5.0  8.4  2.65 10.00  6.81  68 1016.2  23.0  26.5  20.9 99.0 99.00
2016 02 17 20 50 102  7.8  9.1  2.41 10.00  6.75  78 1016.4  25.8  26.5  22.7 99.0 99.00
2016 02 17 21 50 106  7.4  8.9  2.83  9.09  7.07  68 1016.7  25.9  26.5  22.3 99.0 99.00
2016 02 17 22 50 107  8.4  9.7  2.80  8.33  6.97  72 1017.0  25.6  26.5  22.4 99.0 99.00
2016 02 17 23 50 105  7.4  9.0  2.66  9.09  6.80  64 1017.7  25.4  26.5  22.6 99.0 99.00
2016 02 18 00 50  96  8.0 10.1  2.52 10.81  6.59  74 1018.3  24.5  26.5  22.4 99.0 99.00
2016 02 18 01 50 105  7.1  8.8  2.48  9.09  6.60  63 1018.4  25.6  26.5  21.6 99.0 99.00
2016 02 18 02 50 109  7.0  8.8  2.41  9.09  6.54  59 1018.5  25.2  26.5  21.4 99.0 99.00
2016 02 18 03 50 110 10.5 12.3  2.76  9.09  6.89  55 1018.2  23.7  26.5  21.3 99.0 99.00
2016 02 18 04 50 141  6.8  8.5  2.42  9.09  6.81  69 1017.9  24.4  26.4  21.4 99.0 99.00
2016 02 18 05 50 102  4.6  5.9  2.42 10.00  7.19  72 1017.2  25.1  26.4  21.9 99.0 99.00
2016 02 18 06 50 120  6.7  8.9  2.16 10.00  6.94  71 1016.4  23.9  26.4  21.7 99.0 99.00
2016 02 18 07 50 214  5.6  7.5  2.31  8.33  6.76  76 1016.0  23.9  26.4  21.8 99.0 99.00
2016 02 18 08 50 122  6.5  7.5  2.32 10.00  6.64  60 1016.0  25.8  26.4  22.2 99.0 99.00
2016 02 18 09 50 114  7.9  9.0  2.44  9.09  6.79  70 1016.1  25.8  26.4  21.9 99.0 99.00
2016 02 18 10 50 114  7.2  8.8  2.40 10.00  6.65  54 1016.7  25.9  26.4  21.8 99.0 99.00
2016 02 18 11 50 114  8.0  9.8  2.30  8.33  6.51  75 1016.9  25.8  26.4  21.8 99.0 99.00
2016 02 18 12 50 122  8.0  9.1  2.43 10.00  6.69  65 1017.5  25.9  26.5  21.6 99.0 99.00
2016 02 18 13 50 123  7.9  9.1  2.36 10.00  6.71  69 1018.0  25.9  26.5  21.7 99.0 99.00
2016 02 18 14 50 122  8.4 10.1  2.25  9.09  6.44  64 1017.9  26.0  26.5  21.9 99.0 99.00
2016 02 18 15 50 128  9.2 10.8  2.13  9.09  6.15  62 1016.8  25.8  26.6  22.2 99.0 99.00
2016 02 18 16 50 129  8.8 10.6  2.31 10.00  6.31  66 1015.8  25.6  26.6  21.9 99.0 99.00
2016 02 18 17 50 135  8.9 10.4  2.24 10.00  6.31  69 1015.1  25.8  26.6  21.9 99.0 99.00
2016 02 18 18 50 139  6.4  7.5  2.24 10.00  6.10  76 1015.0  25.8  26.6  22.1 99.0 99.00
2016 02 18 19 50 141  6.6  7.7  2.40 10.00  6.60  72 1014.9  25.8  26.7  22.0 99.0 99.00
2016 02 18 20 50 144  6.6  7.6  2.17 10.00  6.35  61 1014.8  25.8  26.7  21.9 99.0 99.00
2016 02 18 21 50 146  6.6  7.7  2.16 10.00  6.53  62 1015.2  25.7  26.7  22.5 99.0 99.00
2016 02 18 22 50 151  5.4  6.6  2.27 10.00  6.70  65 1015.4  25.8  26.7  22.4 99.0 99.00
2016 02 18 23 50 159  5.0  6.0  2.06 10.00  6.58  69 1015.9  25.9  26.7  22.5 99.0 99.00
2016 02 19 00 50 167  5.9  7.0  2.16  9.09  6.83  64 1016.3  25.7  26.7  22.4 99.0 99.00
2016 02 19 01 50 176  4.8  5.9  2.19 10.00  6.89  71 1016.4  25.8  26.7  22.6 99.0 99.00
2016 02 19 02 50 186  4.5  5.5  2.29  9.09  7.25  74 1016.6  25.9  26.7  22.6 99.0 99.00
2016 02 19 03 50 188  6.5  7.7  1.84 10.00  6.74  67 1016.3  25.5  26.7  21.9 99.0 99.00
2016 02 19 04 50 211  4.8  6.0  1.83 10.00  6.81  85 1016.0  25.7  26.7  22.6 99.0 99.00
2016 02 19 05 50 224  5.5  6.8  1.98 10.00  7.06  61 1015.4  25.8  26.7  22.3 99.0 99.00
2016 02 19 06 50 231  4.7  6.3  1.99 10.00  7.22  65 1014.5  25.8  26.7  22.4 99.0 99.00
2016 02 19 07 50 250  6.6  7.7  1.81  9.09  6.95  71 1014.2  25.8  26.7  22.4 99.0 99.00
2016 02 19 08 50 275  6.0  7.7  1.83  9.09  6.72  66 1014.2  25.4  26.6  20.4 99.0 99.00
2016 02 19 09 50 268  6.1  7.3  2.07 10.00  6.97  71 1014.3  25.5  26.6  21.6 99.0 99.00
2016 02 19 10 50 273  5.5  7.0  1.83  9.09  6.57  69 1014.6  25.6  26.6  20.9 99.0 99.00
2016 02 19 11 50 286  4.7  6.7  1.77 10.00  6.93  80 1015.7  25.5  26.6  21.5 99.0 99.00
2016 02 19 12 50 328  6.7  8.7  1.80 10.00  7.06  79 1016.5  25.4  26.6  21.8 99.0 99.00
2016 02 19 13 50 360  7.5  9.2  1.94 10.00  6.72  74 1017.2  25.4  26.6  20.9 99.0 99.00
2016 02 19 14 50 358  8.4  9.9  2.02  9.09  6.77  65 1017.7  25.4  26.6  20.5 99.0 99.00
2016 02 19 15 50   9  7.5  9.3  2.12  9.09  6.61  61 1017.1  25.4  26.7  20.1 99.0 99.00
2016 02 19 16 50 358  8.8 10.8  2.38 10.81  7.11  46 1016.5  25.4  26.6  20.4 99.0 99.00
2016 02 19 17 50   6  8.3  9.7  2.34 11.43  6.85  46 1015.8  25.5  26.7  19.9 99.0 99.00
2016 02 19 18 50  14  7.5  8.9  2.30 11.43  6.89  43 1014.8  25.5  26.7  20.6 99.0 99.00
2016 02 19 19 50  13  8.8 11.0  2.21 10.81  6.57  53 1014.4  25.5  26.7  20.4 99.0 99.00
2016 02 19 20 50  13 10.5 13.5  2.44 10.00  6.79  55 1014.5  25.3  26.7  21.1 99.0 99.00
2016 02 19 21 50  16 10.8 12.6  2.56 10.00  6.50  60 1014.9  25.1  26.7  20.4 99.0 99.00
2016 02 19 22 50  14 10.7 13.3  2.55 10.81  6.38  47 1015.4  25.1  26.7  20.0 99.0 99.00
2016 02 19 23 50  16 10.9 13.1  2.58 11.43  6.34  69 1016.2  25.1  26.7  20.0 99.0 99.00
2016 02 20 00 50  15 11.0 13.6  2.71 10.81  6.43  59 1016.9  25.0  26.7  20.4 99.0 99.00
2016 02 20 01 50  19 11.3 14.3  3.02  7.69  6.51   1 1017.1  25.0  26.7  19.1 99.0 99.00
2016 02 20 02 50  20 10.9 12.5  3.30  7.69  6.87 349 1017.2  25.0  26.7  19.3 99.0 99.00
2016 02 20 03 50  20 10.9 12.8  3.39  8.33  6.99 357 1017.1  24.8  26.8  19.2 99.0 99.00
2016 02 20 04 50  13  9.8 12.1  3.21  7.69  6.74 360 1016.5  24.7  26.9  18.7 99.0 99.00
2016 02 20 05 50  16  9.5 11.9  3.01 10.81  6.68  50 1016.1  24.5  26.9  18.5 99.0 99.00
2016 02 20 06 50  19  9.4 11.1  3.07  8.33  6.86  16 1015.6  24.5  26.9  18.4 99.0 99.00
2016 02 20 07 50  24  9.7 11.3  3.03 11.43  6.83  53 1015.4  24.4  27.0  17.9 99.0 99.00
2016 02 20 08 50  27  9.8 12.1  2.96  8.33  6.66 353 1015.0  24.4  27.0  18.1 99.0 99.00
2016 02 20 09 50  22 10.0 12.0  3.18  8.33  6.86  18 1015.5  24.4  27.0  17.2 99.0 99.00
2016 02 20 10 50  19 10.1 12.6  3.03  8.33  6.87   6 1015.9  24.4  27.0  17.6 99.0 99.00
2016 02 20 11 50  26 10.0 11.8  3.32 10.81  7.16  60 1016.8  24.5  27.0  17.9 99.0 99.00
2016 02 20 12 50  31  9.5 11.3  3.23  8.33  7.06  27 1017.7  24.6  27.0  17.9 99.0 99.00
2016 02 20 13 50  24 10.2 12.0  2.83 10.81  6.51  72 1018.2  24.4  27.0  18.4 99.0 99.00
2016 02 20 14 50  32 11.2 13.7  3.36  8.33  6.97  15 1018.2  24.2  27.0  18.8 99.0 99.00
2016 02 20 15 50  24 11.1 13.4  3.41  9.09  6.77  25 1018.1  24.2  27.0  18.5 99.0 99.00
2016 02 20 16 50  28 11.4 13.8  3.70  8.33  7.11   5 1017.2  24.3  27.0  18.7 99.0 99.00
2016 02 20 17 50  39 10.9 12.9  3.78  9.09  7.14  10 1016.8  24.2  27.0  19.2 99.0 99.00
2016 02 20 18 50  30 10.7 12.8  3.50  8.33  7.15  11 1016.2  24.4  27.0  18.3 99.0 99.00
2016 02 20 19 50  36 10.6 12.9  3.36 10.81  6.98  24 1015.7  24.5  27.0  17.5 99.0 99.00
2016 02 20 20 50  32 10.6 12.5  3.88 10.81  7.54  17 1015.9  24.4  27.0  18.9 99.0 99.00
2016 02 20 21 50  29 10.6 12.5  3.60 10.81  7.20  14 1015.9  24.4  27.0  18.8 99.0 99.00
2016 02 20 22 50  37 11.5 14.2  3.69  9.09  7.17  14 1016.0  24.2  27.0  18.9 99.0 99.00
2016 02 20 23 50  36 11.5 14.3  3.63 10.00  7.08  21 1016.5  24.3  27.0  18.9 99.0 99.00
2016 02 21 00 50  40 11.3 13.2  3.62 10.81  7.27  22 1017.4  24.0  27.0  19.2 99.0 99.00
2016 02 21 01 50  50 11.0 14.3  3.68 10.81  7.09  34 1017.7  23.4  27.0  19.7 99.0 99.00
2016 02 21 02 50  40 10.7 12.7  3.54 10.00  7.12   7 1017.7  23.0  27.0  19.5 99.0 99.00
2016 02 21 03 50  45 11.5 13.8  3.45 10.81  7.03  27 1017.1  23.9  27.1  19.3 99.0 99.00
2016 02 21 04 50  44 10.5 12.2  3.88 10.00  7.37  32 1016.6  23.9  27.0  19.0 99.0 99.00
2016 02 21 05 50  38 10.1 12.5  3.80 10.81  7.59  35 1015.8  24.4  27.0  18.8 99.0 99.00
2016 02 21 06 50  39 10.3 12.2  3.57 10.81  7.39  39 1015.0  24.2  27.0  19.0 99.0 99.00
2016 02 21 07 50  38 10.5 12.7  3.86 10.81  7.42  36 1014.5  23.8  27.0  19.3 99.0 99.00
2016 02 21 08 50  35  9.9 11.7  3.54 10.81  7.13  27 1014.4  24.3  27.0  18.9 99.0 99.00
2016 02 21 09 50  37 11.2 13.0  3.83 11.43  7.79  43 1014.3  23.2  27.0  19.9 99.0 99.00
2016 02 21 10 50  36 10.3 12.4  3.59 11.43  7.27  34 1014.9  24.0  27.0  19.3 99.0 99.00
2016 02 21 11 50  22  9.2 11.8  3.60 10.81  7.32  43 1015.4  23.8  27.0  19.9 99.0 99.00
2016 02 21 12 50  28 10.2 12.0  3.65 10.00  7.44  31 1015.7  24.2  27.0  19.8 99.0 99.00
2016 02 21 13 50  29 11.2 13.2  3.69 12.12  7.49  36 1016.0  24.2  27.0  19.7 99.0 99.00
2016 02 21 14 50  59 10.7 14.7  3.84 11.43  7.60  44 1016.4  22.4  27.0  20.4 99.0 99.00
2016 02 21 15 50  25  9.4 11.4  3.67 11.43  7.54  37 1015.9  23.7  27.0  20.6 99.0 99.00
2016 02 21 16 50  31 10.3 12.6  3.59 12.12  7.69  48 1014.9  24.4  27.0  20.0 99.0 99.00
2016 02 21 17 50  30 11.8 14.1  3.68 11.43  7.35  28 1014.3  24.1  27.1  20.5 99.0 99.00
2016 02 21 18 50  29 11.5 13.5  3.49 12.12  7.39  41 1013.7  24.4  27.0  19.9 99.0 99.00
2016 02 21 19 50  20 10.9 14.3  3.67 12.90  7.39  32 1013.4  24.4  27.0  20.7 99.0 99.00
2016 02 21 20 50  23 12.2 14.8  3.97 11.43  7.46  37 1013.4  24.3  27.0  20.4 99.0 99.00
2016 02 21 21 50  32 12.1 14.5  4.13 12.12  7.77  32 1013.7  24.3  27.0  20.5 99.0 99.00
2016 02 21 22 50  30 11.8 14.0  3.94 11.43  7.48  55 1014.0  23.6  27.0  21.0 99.0 99.00
2016 02 21 23 50  38 12.1 15.2  3.71 12.12  7.37  37 1014.2  23.7  27.1  21.2 99.0 99.00
2016 02 22 00 50  37 12.0 14.4  4.12 12.12  7.72  45 1014.6  24.6  27.0  20.6 99.0 99.00
2016 02 22 01 50  33 11.4 13.9  3.93 12.12  7.50  33 1014.9  24.2  27.0  21.3 99.0 99.00
2016 02 22 02 50  36 11.4 13.9  3.85 12.12  7.43  23 1014.8  24.3  27.0  21.1 99.0 99.00
2016 02 22 03 50  48 11.7 13.9  4.27 12.12  8.13  35 1014.6  24.5  27.0  21.3 99.0 99.00
2016 02 22 04 50  57 10.2 12.2  4.11 12.12  7.79  34 1014.2  24.7  27.0  21.0 99.0 99.00
2016 02 22 05 50  59  9.0 10.8  3.78 13.79  7.67  25 1013.7  24.6  27.0  21.3 99.0 99.00
2016 02 22 06 50  79  7.8 10.0  3.62 12.12  7.89  35 1013.0  23.5  27.0  20.7 99.0 99.00
2016 02 22 07 50  49 10.2 12.5  3.86 12.12  8.24  42 1012.2  24.1  27.0  21.5 99.0 99.00
2016 02 22 08 50 101  5.7  7.4  3.81 12.12  8.22  46 1012.0  23.6  27.0  21.1 99.0 99.00
2016 02 22 09 50  62  6.0  8.3  3.24 12.12  7.77  58 1012.4  24.2  27.0  21.5 99.0 99.00
2016 02 22 10 50  67  5.3  7.0  3.56 12.12  8.12  38 1013.0  24.6  27.0  21.4 99.0 99.00
2016 02 22 11 50 101  5.0  6.0  3.07 12.12  8.08  42 1013.8  25.1  27.0  20.7 99.0 99.00
2016 02 22 12 50 119  4.7  5.9  3.42 13.79  8.67  28 1014.7  25.0  27.0  21.0 99.0 99.00
2016 02 22 13 50 129  4.9  5.8  3.02 12.90  8.18  35 1015.1  25.1  27.0  20.4 99.0 99.00
2016 02 22 14 50 135  3.9  5.3  3.01 12.12  8.27  51 1015.4  25.2  27.1  20.9 99.0 99.00
2016 02 22 15 50 137  3.1  4.3  3.12 12.12  8.64  44 1015.1  25.3  27.1  21.0 99.0 99.00
2016 02 22 16 50 144  3.5  5.0  3.21 12.12  9.10  46 1014.5  25.4  27.3  21.0 99.0 99.00
2016 02 22 17 50 146  3.3  4.6  2.90 12.90  8.78  38 1013.7  25.4  27.5  20.7 99.0 99.00
2016 02 22 18 50 143  1.9  3.3  3.12 12.12  8.90  36 1013.4  25.5  27.6  21.0 99.0 99.00
2016 02 22 19 50 122  2.6  3.6  2.97 11.43  8.93  60 1013.4  25.5  27.6  20.9 99.0 99.00
2016 02 22 20 50 155  6.8  8.5  2.76 11.43  8.82  46 1013.8  23.2  27.4  21.3 99.0 99.00
2016 02 22 21 50  77  3.1  4.1  3.05 12.90  9.04  27 1014.0  23.1  27.3  20.8 99.0 99.00
2016 02 22 22 50 137  6.7  7.9  2.75 12.12  8.73  45 1014.2  24.9  27.2  20.4 99.0 99.00
2016 02 22 23 50 131  4.9  5.9  2.74 11.43  8.16  37 1014.7  25.0  27.2  21.1 99.0 99.00
2016 02 23 00 50  94  3.4  4.2  2.78 10.81  8.25  40 1015.2  25.5  27.1  20.4 99.0 99.00
2016 02 23 01 50 101  4.3  5.4  2.68 12.12  8.20  24 1015.6  25.7  27.1  20.4 99.0 99.00
2016 02 23 02 50 107  5.5  6.8  2.57 12.12  8.15  42 1015.6  25.6  27.0  20.6 99.0 99.00
2016 02 23 03 50 102  6.3  7.6  2.72 12.12  8.47  44 1015.3  25.3  27.0  21.3 99.0 99.00
2016 02 23 04 50 102  5.7  6.8  2.63 12.12  8.37  36 1015.0  25.2  27.0  21.8 99.0 99.00
2016 02 23 05 50 102  5.7  6.6  2.47 12.12  8.10  47 1014.4  25.2  27.0  21.8 99.0 99.00
2016 02 23 06 50 101  4.5  5.8  2.38 11.43  7.90  50 1014.6  25.3  26.9  21.9 99.0 99.00
2016 02 23 07 50 104  4.6  5.8  2.48 12.12  8.24  49 1014.5  25.3  27.0  21.7 99.0 99.00
2016 02 23 08 50 109  4.8  5.9  2.44 11.43  8.07  58 1014.6  25.3  27.0  21.7 99.0 99.00
2016 02 23 09 50  93  5.0  6.1  2.37 12.12  8.29  44 1015.0  25.1  27.0  21.7 99.0 99.00
2016 02 23 10 50  99  5.9  7.2  2.23 12.12  7.95  41 1015.6  25.3  27.0  21.7 99.0 99.00
2016 02 23 11 50 114  6.0  7.4  2.48 12.12  8.46  44 1016.4  25.8  27.0  21.3 99.0 99.00
2016 02 23 12 50 120  6.0  7.1  2.39 11.43  8.06  62 1017.2  25.9  26.9  21.3 99.0 99.00
2016 02 23 13 50 126  6.6  7.7  2.32 12.90  8.07  68 1017.8  25.9  27.0  21.7 99.0 99.00
2016 02 23 14 50 129  6.0  7.2  2.39 12.12  8.02  41 1018.1  25.8  27.1  21.9 99.0 99.00
2016 02 23 15 50 122  5.9  7.1  2.02 10.81  7.42  50 1017.8  25.9  27.1  21.7 99.0 99.00
2016 02 23 16 50 130  5.6  6.7  2.25 11.43  7.94  61 1017.4  26.0  27.1  21.4 99.0 99.00
2016 02 23 17 50 128  5.2  6.6  2.26 12.12  7.90  52 1017.0  26.0  27.1  21.4 99.0 99.00
2016 02 23 18 50 121  5.2  6.3  2.47 11.43  8.35  64 1016.2  26.0  27.2  21.5 99.0 99.00
2016 02 23 19 50 116  4.8  5.6  2.16 12.12  7.84  73 1016.1  26.0  27.2  21.3 99.0 99.00
2016 02 23 20 50 119  5.3  6.2  1.97 10.81  7.64  48 1016.1  26.0  27.1  21.7 99.0 99.00
2016 02 23 21 50 123  5.8  6.7  2.16 11.43  7.85  49 1016.5  26.0  27.0  21.3 99.0 99.00
2016 02 23 22 50 116  5.5  6.7  2.09 11.43  7.99  65 1016.9  25.9  27.0  21.5 99.0 99.00
2016 02 23 23 50 115  5.6  7.1  2.13 12.12  7.92  42 1017.4  25.9  26.9  21.7 99.0 99.00
2016 02 24 00 50 115  6.4  7.4  1.86 11.43  7.37  34 1018.0  25.9  26.9  21.7 99.0 99.00
2016 02 24 01 50 113  6.6  7.6  2.19 11.43  7.77  47 1018.2  25.9  26.9  21.7 99.0 99.00
2016 02 24 02 50 111  6.6  7.9  2.02 12.12  7.44  52 1018.3  25.8  26.9  21.9 99.0 99.00
2016 02 24 03 50 110  6.4  7.8  2.01 11.43  7.52  48 1018.3  25.8  26.9  21.9 99.0 99.00
2016 02 24 04 50 103  7.2  8.6  1.91 11.43  6.96  69 1018.1  25.7  26.9  21.8 99.0 99.00
2016 02 24 05 50  98  6.8  8.2  1.83 10.81  6.56  66 1017.5  25.7  26.9  21.6 99.0 99.00
2016 02 24 06 50  92  7.3  8.9  1.79 11.43  6.66  49 1017.1  25.6  26.9  21.4 99.0 99.00
2016 02 24 07 50  93  7.1  8.4  1.93 11.43  6.98  66 1016.9  25.6  26.9  21.7 99.0 99.00
2016 02 24 08 50  94  7.9  9.3  1.85 10.81  6.66  51 1017.1  25.6  26.9  21.4 99.0 99.00
2016 02 24 09 50  98  7.9  9.6  1.81 11.43  6.55  71 1017.2  25.6  26.9  21.6 99.0 99.00
2016 02 24 10 50 108  8.3  9.8  1.97 11.43  6.45  62 1017.7  25.6  26.9  21.3 99.0 99.00
2016 02 24 11 50 106  7.8  9.5  1.89 11.43  6.51  44 1018.3  25.7  26.9  21.3 99.0 99.00
2016 02 24 12 50 104  8.3  9.6  2.17 10.81  6.73  52 1019.0  25.9  26.9  21.4 99.0 99.00
2016 02 24 13 50 105  7.8  9.6  1.93 10.81  6.18  55 1019.6  26.0  27.0  21.7 99.0 99.00
2016 02 24 14 50 112  7.9  9.1  1.83 10.81  6.17  57 1020.0  26.0  27.0  21.5 99.0 99.00
2016 02 24 15 50 107  7.4  9.1  1.79 11.43  6.01  60 1019.8  26.0  27.1  21.5 99.0 99.00
2016 02 24 16 50 110  8.0  9.2  1.86 10.00  6.26  71 1018.9  25.9  27.1  21.5 99.0 99.00
2016 02 24 17 50 112  7.2  8.6  1.83 10.81  5.98  74 1018.4  26.0  27.2  21.7 99.0 99.00
2016 02 24 18 50 108  7.1  8.3  1.75 11.43  6.26  66 1017.9  26.1  27.1  20.8 99.0 99.00
2016 02 24 19 50 116  6.9  7.9  1.77 10.00  6.35  81 1017.5  26.1  27.2  20.4 99.0 99.00
2016 02 24 20 50 117  7.1  8.2  1.72 11.43  6.30  72 1017.5  26.1  27.2  20.8 99.0 99.00
2016 02 24 21 50 105  7.0  8.6  1.64 10.81  6.15  42 1017.7  26.0  27.1  21.4 99.0 99.00
2016 02 24 22 50 102  7.4  8.7  1.66 10.00  5.96  70 1018.0  25.9  27.1  21.3 99.0 99.00
2016 02 24 23 50 101  7.6  8.7  1.59 10.00  6.02  73 1018.6  25.9  27.1  21.2 99.0 99.00
2016 02 25 00 50  95  6.9  7.9  1.66 10.00  6.01  66 1018.9  25.9  27.1  21.4 99.0 99.00
2016 02 25 01 50  95  7.2  8.4  1.66 10.00  5.96  76 1019.4  25.8  27.0  21.7 99.0 99.00
2016 02 25 02 50  93  6.3  7.4  1.62 10.81  6.08  64 1019.5  25.7  27.0  22.1 99.0 99.00
2016 02 25 03 50  94  7.0  9.1  1.54 11.43  6.03  58 1019.3  25.8  26.9  22.1 99.0 99.00
2016 02 25 04 50  94  7.4  8.5  1.72 10.81  6.18  71 1019.1  25.9  26.9  20.9 99.0 99.00
2016 02 25 05 50  92  6.8  8.0  1.52  9.09  5.66  55 1019.0  25.8  26.9  21.3 99.0 99.00
2016 02 25 06 50  96  7.0  8.7  1.61 10.81  5.94  70 1018.4  25.7  26.9  21.0 99.0 99.00
2016 02 25 07 50  86  7.0  8.6  1.54 10.81  5.82  63 1017.7  25.6  26.9  21.3 99.0 99.00
2016 02 25 08 50  85  7.3  8.7  1.63 10.00  5.88  61 1017.6  25.5  26.9  21.4 99.0 99.00
2016 02 25 09 50  85  7.0  8.5  1.55 10.00  5.73  61 1017.9  25.4  26.9  21.3 99.0 99.00
2016 02 25 10 50  78  6.6  7.6  1.48 10.81  5.40  55 1018.2  24.9  26.9  20.8 99.0 99.00
2016 02 25 11 50 100  7.6  9.3  1.57 10.81  5.77  79 1018.6  25.7  26.9  20.7 99.0 99.00
2016 02 25 12 50  96  7.8  9.0  1.58 10.00  5.51  55 1019.1  26.0  26.9  20.0 99.0 99.00
2016 02 25 13 50 100  7.7  9.2  1.64  9.09  5.65  59 1019.7  25.9  26.9  20.4 99.0 99.00
2016 02 25 14 50 103  7.5  9.0  1.68 10.00  5.53  63 1020.0  25.9  26.9  20.6 99.0 99.00
2016 02 25 15 50 100  7.5  9.3  1.68  9.09  5.63  71 1019.6  25.9  27.0  20.7 99.0 99.00
2016 02 25 16 50 104  7.2  8.6  1.59  6.67  5.57 107 1019.0  26.0  27.0  20.9 99.0 99.00
2016 02 25 17 50 106  7.1  8.1  1.71 10.00  5.76  88 1018.3  25.9  27.0  20.7 99.0 99.00
2016 02 25 18 50 102  6.4  7.7  1.77 10.00  5.97  88 1017.6  25.9  27.1  21.2 99.0 99.00
2016 02 25 19 50 103  6.7  7.8  1.63  7.14  5.53 125 1017.3  25.8  27.1  21.3 99.0 99.00
2016 02 25 20 50 104  6.6  8.3  1.62  6.25  5.63 111 1017.4  26.0  27.1  20.6 99.0 99.00
2016 02 25 21 50 107  6.6  8.4  1.75  7.69  5.90 103 1017.6  26.0  27.0  21.1 99.0 99.00
2016 02 25 22 50 104  6.9  7.8  1.70  7.69  5.73 109 1017.3  25.8  27.0  21.3 99.0 99.00
2016 02 25 23 50 104  7.0  8.4  1.71  6.67  5.82 114 1017.9  25.8  27.0  20.6 99.0 99.00
2016 02 26 00 50 104  6.6  7.9  1.72  6.25  5.85 100 1018.5  25.8  27.0  21.0 99.0 99.00
2016 02 26 01 50  99  7.0  8.0  1.69  6.67  5.80 103 1018.7  25.8  27.0  20.8 99.0 99.00
2016 02 26 02 50 100  6.9  8.2  1.76  7.69  5.82 107 1018.9  25.7  26.9  20.8 99.0 99.00
2016 02 26 03 50 104  6.7  7.7  1.76  7.69  5.79 115 1018.6  25.7  26.9  20.7 99.0 99.00
2016 02 26 04 50 104  6.9  8.2  1.76  9.09  5.87  68 1018.4  25.7  26.9  20.7 99.0 99.00
2016 02 26 05 50 101  6.5 10.0  1.70  7.14  6.05 106 1018.0  24.6  26.9  21.3 99.0 99.00
2016 02 26 06 50 103  7.7 10.0  1.69  7.69  5.56 106 1017.6  24.1  26.9  20.4 99.0 99.00
2016 02 26 07 50  93  6.7  8.0  1.69  8.33  6.04 116 1016.8  25.3  26.9  20.5 99.0 99.00
2016 02 26 08 50 101  7.0  8.4  1.63  9.09  5.85  98 1016.7  25.4  26.9  20.4 99.0 99.00
2016 02 26 09 50 111  6.3  7.6  1.76  8.33  5.79  99 1017.0  25.4  26.9  20.4 99.0 99.00
2016 02 26 10 50 107  6.2  7.5  1.78  7.69  6.04 104 1017.7  25.4  26.9  20.0 99.0 99.00
2016 02 26 11 50 100  6.0  6.9  1.75  7.69  5.98 108 1018.1  25.4  26.8  20.5 99.0 99.00
2016 02 26 12 50 109  6.6  7.8  1.70  7.69  5.96 110 1018.6  25.7  26.9  20.3 99.0 99.00
2016 02 26 13 50 107  6.9  8.0  1.62  7.69  5.72  99 1018.7  25.6  26.9  20.5 99.0 99.00
2016 02 26 14 50 112  7.2  8.5  1.68  7.69  5.86  98 1018.6  25.7  26.9  20.3 99.0 99.00
2016 02 26 15 50 110  6.6  7.7  1.67  8.33  5.97  95 1018.5  25.8  26.9  19.9 99.0 99.00
2016 02 26 16 50 110  5.4  6.3  1.78  8.33  6.15  94 1018.2  25.8  27.0  19.7 99.0 99.00
2016 02 26 17 50 111  5.6  6.6  1.51  8.33  5.87  91 1017.3  25.8  27.0  19.6 99.0 99.00
2016 02 26 18 50 111  4.9  5.6  1.61  7.69  6.00 111 1016.9  25.7  27.0  20.2 99.0 99.00
2016 02 26 19 50 118  4.8  6.0  1.70  8.33  6.34 107 1016.6  25.7  27.1  19.9 99.0 99.00
2016 02 26 20 50 124  5.7  6.6  1.57  9.09  6.08 102 1016.4  25.9  27.1  18.7 99.0 99.00
2016 02 26 21 50 121  5.6  6.5  1.62  9.09  6.15 109 1016.5  25.7  27.0  20.4 99.0 99.00
2016 02 26 22 50 117  5.1  6.0  1.46  8.33  5.96  92 1016.8  25.6  27.0  20.5 99.0 99.00
2016 02 26 23 50 116  4.7  5.7  1.53  9.09  6.18  88 1017.4  25.5  26.9  20.2 99.0 99.00
2016 02 27 00 50 122  4.5  5.8  1.51  8.33  6.23  93 1017.8  25.5  26.9  20.3 99.0 99.00
2016 02 27 01 50 125  4.7  5.9  1.37  8.33  5.87 106 1018.1  25.6  26.9  19.7 99.0 99.00
2016 02 27 02 50 119  4.3  5.2  1.40  9.09  6.14  91 1018.2  25.4  26.8  19.5 99.0 99.00
2016 02 27 03 50 110  4.2  5.4  1.48  7.69  5.96 113 1018.0  25.4  26.8  19.5 99.0 99.00
2016 02 27 04 50 114  4.2  5.4  1.45  9.09  6.12 104 1017.5  25.3  26.8  19.4 99.0 99.00
2016 02 27 05 50 123  4.5  5.5  1.39  7.69  6.08 108 1016.9  25.3  26.8  18.8 99.0 99.00
2016 02 27 06 50 113  4.5  5.4  1.39  9.09  6.32  87 1016.4  25.2  26.8  19.2 99.0 99.00
2016 02 27 07 50 132  3.2  4.1  1.41  9.09  6.41  85 1016.2  25.1  26.8  18.8 99.0 99.00
2016 02 27 08 50 121  3.6  4.6  1.29  8.33  6.19 110 1016.0  25.1  26.8  19.0 99.0 99.00
2016 02 27 09 50 120  3.5  4.4  1.44  8.33  6.48 106 1016.2  25.0  26.8  19.4 99.0 99.00
2016 02 27 10 50 123  3.6  4.8  1.40  7.69  6.50 107 1017.0  25.1  26.8  19.0 99.0 99.00
2016 02 27 11 50 120  3.9  4.9  1.38  8.33  6.40  99 1017.5  25.3  26.8  19.2 99.0 99.00
2016 02 27 12 50 114  3.8  5.0  1.31  9.09  6.47  90 1017.8  25.5  26.8  19.6 99.0 99.00
2016 02 27 13 50 118  3.8  4.8  1.47  8.33  6.87 100 1018.1  25.6  26.8  19.9 99.0 99.00
2016 02 27 14 50 124  4.1  4.9  1.39 10.00  6.60  79 1018.3  25.6  26.9  19.3 99.0 99.00
2016 02 27 15 50 138  4.3  5.5  1.36  9.09  6.56 105 1017.9  25.6  27.0  19.7 99.0 99.00
2016 02 27 16 50 150  4.5  5.6  1.46  8.33  6.63 111 1017.1  25.7  27.1  19.4 99.0 99.00
2016 02 27 17 50 154  3.1  4.2  1.54 10.81  6.94 339 1016.8  25.7  27.2  19.8 99.0 99.00
2016 02 27 18 50 140  3.5  5.0  1.63 10.81  7.31 334 1016.2  25.8  27.3  20.5 99.0 99.00
2016 02 27 19 50 145  4.0  5.4  1.69 10.00  7.38 336 1015.8  25.8  27.3  20.0 99.0 99.00
2016 02 27 20 50 147  3.7  4.9  1.44 10.81  7.05 331 1015.9  25.9  27.2  19.8 99.0 99.00
2016 02 27 21 50 144  3.5  4.8  1.53 10.00  7.16   3 1016.0  25.9  27.1  20.1 99.0 99.00
2016 02 27 22 50 134  3.6  4.4  1.64 10.81  7.37 327 1016.2  25.7  27.1  20.5 99.0 99.00
2016 02 27 23 50 142  3.2  4.1  1.57  9.09  7.23 346 1016.7  25.7  27.1  20.8 99.0 99.00
2016 02 28 00 50 131  3.3  4.0  1.42 10.00  6.97 318 1017.1  25.7  27.0  20.1 99.0 99.00
2016 02 28 01 50 136  3.0  4.1  1.59  9.09  7.49 353 1017.4  25.6  26.9  20.5 99.0 99.00
2016 02 28 02 50 122  3.2  4.1  1.47  9.09  7.33  26 1017.4  25.6  26.9  20.6 99.0 99.00
2016 02 28 03 50 121  4.4  5.5  1.44 10.81  7.47 340 1017.2  25.5  26.9  20.6 99.0 99.00
2016 02 28 04 50 124  3.8  4.6  1.58  9.09  7.45   2 1017.0  25.4  26.9  20.5 99.0 99.00
2016 02 28 05 50 146  3.5  4.6  1.39  8.33  7.06  90 1016.0  25.5  26.9  20.1 99.0 99.00
2016 02 28 06 50 133  3.4  4.5  1.45 10.00  7.35 344 1015.6  25.3  26.9  20.3 99.0 99.00
2016 02 28 07 50 131  3.6  4.7  1.51 10.00  7.43 347 1015.4  25.3  26.8  20.1 99.0 99.00
2016 02 28 08 50 129  3.1  4.1  1.46  8.33  7.07  93 1015.3  25.3  26.8  20.4 99.0 99.00
2016 02 28 09 50 119  2.6  3.7  1.46  9.09  7.22  15 1015.7  25.2  26.8  20.4 99.0 99.00
2016 02 28 10 50 129  3.0  4.0  1.45  9.09  7.26  13 1016.5  25.3  26.8  20.1 99.0 99.00
2016 02 28 11 50 123  3.1  4.1  1.40 10.00  7.03 351 1017.1  25.7  26.8  19.9 99.0 99.00
2016 02 28 12 50 118  3.3  4.3  1.45 10.00  7.02 345 1017.6  25.8  26.9  19.0 99.0 99.00
2016 02 28 13 50 129  2.3  3.2  1.50  9.09  7.11   2 1018.2  25.8  26.9  20.2 99.0 99.00
2016 02 28 14 50 117  2.6  3.6  1.54  8.33  7.15  47 1018.3  25.8  27.1  20.5 99.0 99.00
2016 02 28 15 50 129  3.7  4.6  1.52  8.33  6.93 100 1017.8  25.8  27.2  20.5 99.0 99.00
2016 02 28 16 50 142  3.5  4.6  1.55  9.09  7.04 329 1017.3  25.8  27.3  20.2 99.0 99.00
2016 02 28 17 50 144  3.5  4.7  1.56  9.09  6.99 343 1016.4  25.8  27.4  20.4 99.0 99.00
2016 02 28 18 50 153  2.2  3.0  1.76 10.00  7.24 343 1016.2  26.0  27.5  19.8 99.0 99.00
2016 02 28 19 50 165  2.0  3.0  1.72 10.81  7.38 340 1016.2  26.0  27.5  20.0 99.0 99.00
2016 02 28 20 50 238  0.1  0.4  1.73 10.00  7.46 346 1016.3  26.9  27.5  19.9 99.0 99.00
2016 02 28 21 50 310  0.3  1.1  1.63  9.09  7.04 351 1016.6  26.8  27.5  20.2 99.0 99.00
2016 02 28 22 50 359  2.3  3.1  1.85 10.00  7.57 331 1017.0  25.8  27.4  20.3 99.0 99.00
2016 02 28 23 50  40  1.5  2.3  1.90 10.00  7.54 340 1017.4  25.7  27.3  19.9 99.0 99.00
2016 02 29 00 50  41  0.6  1.6  1.88  9.09  7.47 344 1018.0  25.7  27.2  19.6 99.0 99.00
2016 02 29 01 50  31  2.0  2.6  1.68  9.09  7.01 360 1018.2  25.7  27.1  19.9 99.0 99.00
2016 02 29 02 50  34  3.0  3.7  1.80 10.00  7.24 340 1018.4  25.6  27.1  20.3 99.0 99.00
2016 02 29 03 50  56  2.7  3.6  1.89  9.09  7.29 354 1017.9  25.5  27.1  20.1 99.0 99.00
2016 02 29 04 50  40  3.1  4.1  1.82  9.09  7.18 352 1017.2  25.4  27.0  20.0 99.0 99.00
2016 02 29 05 50  34  7.2  9.2  1.74  9.09  6.46 335 1016.3  24.7  27.1  21.6 99.0 99.00
2016 02 29 06 50  53  8.5  9.9  1.86  9.09  6.09 342 1015.7  24.8  26.9  20.9 99.0 99.00
2016 02 29 07 50  39  8.1  9.6  1.76  9.09  5.86  19 1015.7  24.5  26.9  21.0 99.0 99.00
2016 02 29 08 50  47  8.3  9.4  2.03  9.09  5.95  16 1015.9  24.9  26.8  20.5 99.0 99.00
2016 02 29 09 50  54  8.9 10.2  1.86  7.14  5.75  34 1016.3  24.8  26.8  20.8 99.0 99.00
2016 02 29 10 50  54  9.1 10.6  2.02 10.00  5.77  19 1017.1  24.9  26.7  20.4 99.0 99.00
2016 02 29 11 50  51  9.1 10.7  1.97  8.33  5.68  71 1017.8  25.1  26.8  20.7 99.0 99.00
2016 02 29 12 50  58  8.9 10.4  2.12  8.33  5.86  47 1018.4  25.2  26.7  20.1 99.0 99.00
2016 02 29 13 50  60  8.6 10.0  1.98  9.09  5.79 360 1018.9  25.2  26.8  20.0 99.0 99.00
2016 02 29 14 50  65  8.6 10.1  2.13  7.69  6.05  65 1019.0  25.3  26.8  20.0 99.0 99.00
2016 02 29 15 50  71  8.2  9.6  2.11  7.69  5.89 358 1018.5  25.3  26.8  20.6 99.0 99.00
2016 02 29 16 50  68  8.6  9.9  2.02  8.33  5.78  14 1017.7  25.3  26.8  20.3 99.0 99.00
2016 02 29 17 50  73  8.3  9.6  2.08  8.33  6.05  48 1017.2  25.2  26.8  19.9 99.0 99.00
2016 02 29 18 50  68  8.5 10.0  1.99  7.69  5.82  14 1016.7  25.2  26.8  20.0 99.0 99.00
2016 02 29 19 50  67  8.6 10.3  1.99  7.14  5.80  12 1016.6  25.1  26.8  20.3 99.0 99.00
2016 02 29 20 50  60  8.4 10.2  2.09  7.69  5.96  22 1016.9  25.2  26.7  20.2 99.0 99.00
2016 02 29 21 50  61  7.8  9.5  1.95  6.25  5.79  36 1017.5  25.1  26.8  20.1 99.0 99.00
2016 02 29 22 50  58  8.4  9.9  2.16 10.00  6.20  32 1017.6  25.2  26.7  19.7 99.0 99.00
