#YY  MM DD hh mm WDIR WSPD GST  WVHT   DPD   APD MWD   PRES  ATMP  WTMP  DEWP  VIS  TIDE
#yr  mo dy hr mn degT m/s  m/s     m   sec   sec deg    hPa  degC  degC  degC  nmi    ft
2015 12 31 23 50  88  9.5 11.1  2.51  8.33  6.50 102 1020.9  26.4  26.9  20.2 99.0 99.00
2016 01 01 00 50  88  9.4 11.4  2.50  9.09  6.45 107 1021.1  26.4  26.9  20.7 99.0 99.00
2016 01 01 01 50  95  9.8 11.3  2.70  9.09  6.67  99 1021.1  26.4  26.9  20.1 99.0 99.00
2016 01 01 02 50  93 10.0 11.5  2.56  8.33  6.44  87 1020.9  26.5  26.8  17.8 99.0 99.00
2016 01 01 03 50  90  8.9 10.9  2.61  9.09  6.47  93 1020.5  26.3  26.8  18.7 99.0 99.00
2016 01 01 04 50  86  8.0  9.8  2.70  9.09  6.75 106 1020.0  26.1  26.8  20.1 99.0 99.00
2016 01 01 05 50  81  8.6 10.6  2.62  9.09  6.84  94 1019.4  26.1  26.8  20.5 99.0 99.00
2016 01 01 06 50  84  9.0 10.9  2.50  9.09  6.75  95 1018.7  26.1  26.8  20.0 99.0 99.00
2016 01 01 07 50  90  8.1  9.6  2.49  9.09  6.45 101 1018.4  26.1  26.8  20.5 99.0 99.00
2016 01 01 08 50  83  7.7 10.4  2.50 10.00  6.48  82 1018.6  26.0  26.8  20.5 99.0 99.00
2016 01 01 09 50  86  8.3 10.5  2.60  9.09  6.67  98 1019.0  25.9  26.8  20.5 99.0 99.00
2016 01 01 10 50  80  7.7  9.4  2.41  9.09  6.41 106 1019.5  26.1  26.8  19.9 99.0 99.00
2016 01 01 11 50  77  8.0  9.9  2.45  9.09  6.65  93 1020.0  26.1  26.8  20.5 99.0 99.00
2016 01 01 12 50  80  8.0  9.5  2.17  9.09  6.29  97 1020.3  26.2  26.8  20.2 99.0 99.00
2016 01 01 13 50  76  8.0  9.0  2.34  9.09  6.65 100 1020.8  26.2  26.9  20.9 99.0 99.00
2016 01 01 14 50  77  8.0 10.0  2.18  9.09  6.70  99 1020.5  26.2  26.9  21.6 99.0 99.00
2016 01 01 15 50  88  7.8  9.2  2.13  9.09  6.37  97 1019.8  26.2  26.9  21.5 99.0 99.00
2016 01 01 16 50  90  6.5  7.8  2.28  9.09  6.41 105 1019.2  26.1  26.9  21.6 99.0 99.00
2016 01 01 17 50  71  4.1  6.0  2.04  9.09  6.46  94 1018.7  24.6  26.9  21.0 99.0 99.00
2016 01 01 18 50  92  7.0  8.3  1.94  9.09  6.60  93 1018.0  26.3  27.0  21.2 99.0 99.00
2016 01 01 19 50  83  6.4  7.5  1.80  9.09  6.18 104 1017.8  26.2  26.9  21.4 99.0 99.00
2016 01 01 20 50  87  6.7  7.7  1.90  9.09  6.38 105 1017.9  26.2  26.9  21.6 99.0 99.00
2016 01 01 21 50  80  7.4  8.9  2.00  9.09  6.53 105 1018.2  26.1  26.9  22.2 99.0 99.00
2016 01 01 22 50  84  7.4  8.7  1.96  9.09  6.34  92 1018.4  26.1  26.9  21.6 99.0 99.00
2016 01 01 23 50  80  6.3  7.9  2.01  9.09  6.69 104 1019.0  26.0  26.9  22.1 99.0 99.00
2016 01 02 00 50  95  6.4  7.7  1.79  9.09  6.25 111 1019.4  26.3  26.9  21.6 99.0 99.00
2016 01 02 01 50  94  6.7  7.9  1.86  9.09  6.41  96 1019.7  26.2  26.9  21.4 99.0 99.00
2016 01 02 02 50  92  6.7  7.8  1.78  9.09  6.35  99 1019.7  26.3  26.9  21.8 99.0 99.00
2016 01 02 03 50  95  6.8  8.1  1.76  9.09  6.30 105 1019.4  26.2  26.9  21.3 99.0 99.00
2016 01 02 04 50  97  7.4  8.8  1.89  9.09  6.33 101 1018.9  26.1  26.8  21.2 99.0 99.00
2016 01 02 05 50  94  6.6  7.9  1.79  9.09  6.54  99 1018.3  26.1  26.8  21.6 99.0 99.00
2016 01 02 06 50  97  7.1  8.0  1.83  9.09  6.20 110 1017.7  26.2  26.8  20.6 99.0 99.00
2016 01 02 07 50  94  7.3  8.2  1.70 10.00  6.09 100 1017.3  26.1  26.8  21.2 99.0 99.00
2016 01 02 08 50 110  7.7  8.8  1.84  9.09  6.19 116 1017.3  26.0  26.8  20.8 99.0 99.00
2016 01 02 09 50  97  7.2  8.7  1.75  8.33  5.91  92 1017.5  25.9  26.8  21.4 99.0 99.00
2016 01 02 10 50 144  8.3  9.8  1.81  9.09  5.98  98 1018.1  24.6  26.8  21.7 99.0 99.00
2016 01 02 11 50  94  7.6  9.2  1.86  9.09  5.89 101 1018.8  26.1  26.8  19.7 99.0 99.00
2016 01 02 12 50 102  7.7  9.5  2.02  9.09  6.05 102 1019.5  26.4  26.8  19.5 99.0 99.00
2016 01 02 13 50 106  6.9  8.2  1.96  9.09  6.22  95 1020.1  26.3  26.8  19.6 99.0 99.00
2016 01 02 14 50 111  6.9  8.7  1.90  9.09  6.11 100 1020.1  26.4  26.8  20.4 99.0 99.00
2016 01 02 15 50 114  6.9  8.2  1.97  8.33  6.14 106 1019.3  26.4  26.9  20.2 99.0 99.00
2016 01 02 16 50 114  6.4  7.8  1.98  9.09  6.39  87 1018.4  26.4  26.9  21.0 99.0 99.00
2016 01 02 17 50 118  5.8  7.5  1.86  9.09  6.16  90 1017.4  26.4  26.9  20.8 99.0 99.00
2016 01 02 18 50 107  6.3  7.4  1.86  9.09  6.27  92 1016.8  26.4  26.9  20.3 99.0 99.00
2016 01 02 19 50 107  6.1  8.1  1.98  9.09  6.49  96 1016.6  26.3  26.9  20.0 99.0 99.00
2016 01 02 20 50 111  6.3  7.6  1.87  8.33  6.49 109 1016.9  26.4  26.9  20.2 99.0 99.00
2016 01 02 21 50 105  5.8  6.8  1.91  9.09  6.43  88 1017.2  26.3  26.9  20.5 99.0 99.00
2016 01 02 22 50 108  5.6  7.1  1.90  9.09  6.84  98 1017.7  26.4  26.9  20.2 99.0 99.00
2016 01 02 23 50 104  5.6  7.1  1.94  9.09  6.83  98 1018.1  26.4  26.8  20.9 99.0 99.00
2016 01 03 00 50  93  8.0  9.5  1.85  9.09  6.67 100 1018.5  26.3  26.8  21.3 99.0 99.00
2016 01 03 01 50 104  7.5  8.9  1.81  9.09  6.48 100 1018.9  26.2  26.8  21.3 99.0 99.00
2016 01 03 02 50 101  6.8  8.2  1.97  9.09  6.39  90 1018.8  26.3  26.8  21.3 99.0 99.00
2016 01 03 03 50 115  6.6  8.0  1.85 10.00  6.45  93 1018.5  26.3  26.8  20.3 99.0 99.00
2016 01 03 04 50 111  6.0  7.1  1.78  9.09  6.27  98 1018.0  26.3  26.8  20.5 99.0 99.00
2016 01 03 05 50 135 10.0 13.2  1.78  9.09  6.35 101 1017.5  24.2  26.8  21.0 99.0 99.00
2016 01 03 06 50 138  4.3 10.9  1.81  9.09  6.54  96 1017.1  24.7  26.8  21.8 99.0 99.00
2016 01 03 07 50 165  6.5  8.9  1.90  9.09  6.56  88 1016.7  24.7  26.8  21.4 99.0 99.00
2016 01 03 08 50 148  4.1  5.2  1.78  9.09  6.27 104 1016.8  25.0  26.8  21.3 99.0 99.00
2016 01 03 09 50 115  7.4  8.8  1.86  9.09  6.20  93 1016.8  25.7  26.8  21.2 99.0 99.00
2016 01 03 10 50 116  7.2  8.5  1.88 10.00  6.19 102 1017.5  26.0  26.8  20.8 99.0 99.00
2016 01 03 11 50 110  6.8  8.2  1.78 10.00  5.98  96 1018.2  26.3  26.8  20.6 99.0 99.00
2016 01 03 12 50 112  7.8  9.7  1.93  9.09  6.24 101 1019.0  26.4  26.8  20.4 99.0 99.00
2016 01 03 13 50 107  8.7 10.5  1.87  9.09  5.89  95 1019.4  26.2  26.8  21.4 99.0 99.00
2016 01 03 14 50 112  7.8  9.2  1.91  9.09  5.96 108 1019.3  26.2  26.8  20.5 99.0 99.00
2016 01 03 15 50 109  7.1  8.8  2.00  9.09  6.15 104 1018.6  26.2  26.9  21.2 99.0 99.00
2016 01 03 16 50 102  6.7  8.2  2.06  9.09  6.26  95 1017.8  25.4  26.9  21.2 99.0 99.00
2016 01 03 17 50 110  6.0  7.9  1.91  9.09  5.91  98 1016.9  25.4  26.9  21.6 99.0 99.00
2016 01 03 18 50 106 10.3 12.4  1.91  9.09  6.15 101 1016.3  25.2  26.9  22.0 99.0 99.00
2016 01 03 19 50 106  8.2  9.7  1.88  9.09  5.71  96 1016.3  25.8  26.8  20.5 99.0 99.00
2016 01 03 20 50 120  8.3  9.6  1.86  9.09  5.73  91 1016.5  25.9  26.8  21.5 99.0 99.00
2016 01 03 21 50 158 10.5 13.1  1.80 10.00  6.05 109 1017.3  23.1  26.8  21.4 99.0 99.00
2016 01 03 22 50 166  3.0  3.8  1.80  9.09  6.17 103 1017.5  24.5  26.8  20.6 99.0 99.00
2016 01 03 23 50 125  2.5  3.4  1.82  9.09  6.45 104 1017.9  25.0  26.8  21.3 99.0 99.00
2016 01 04 00 50 117  7.4  9.3  1.63  9.09  6.07  95 1018.1  26.4  26.8  20.9 99.0 99.00
2016 01 04 01 50 112  7.7  9.6  1.80  9.09  5.98  99 1018.4  26.4  26.8  21.0 99.0 99.00
2016 01 04 02 50 108  8.8 10.2  1.87  9.09  5.82  99 1018.3  26.2  26.8  20.4 99.0 99.00
2016 01 04 03 50 110  8.4 10.0  1.79  8.33  5.67  97 1017.8  26.1  26.8  19.9 99.0 99.00
2016 01 04 04 50 116  7.2  8.8  1.82  9.09  5.78 108 1017.4  26.1  26.8  20.4 99.0 99.00
2016 01 04 05 50 106  7.7  9.2  1.69 10.00  5.85 104 1016.6  26.1  26.8  21.2 99.0 99.00
2016 01 04 06 50 100  7.5  9.0  1.78  8.33  5.85  98 1016.0  26.0  26.8  21.0 99.0 99.00
2016 01 04 07 50 104  7.4  8.9  1.81  9.09  5.85  87 1015.6  26.0  26.8  20.6 99.0 99.00
2016 01 04 08 50  99  6.3  7.7  1.70 10.00  5.71 111 1015.6  26.0  26.8  21.0 99.0 99.00
2016 01 04 09 50 110  8.1  9.9  1.76 10.00  5.98  97 1015.4  25.9  26.8  21.2 99.0 99.00
2016 01 04 10 50 118  7.8  9.8  1.78 10.00  5.84 104 1015.8  25.8  26.8  21.6 99.0 99.00
2016 01 04 11 50 118  8.7 10.1  1.86  9.09  5.88  98 1016.5  26.3  26.8  20.7 99.0 99.00
2016 01 04 12 50 115  9.2 11.5  1.88 10.00  6.00 105 1017.3  26.3  26.8  20.9 99.0 99.00
2016 01 04 13 50 111  8.3  9.4  1.75 10.00  5.78 121 1017.8  26.3  26.8  21.3 99.0 99.00
2016 01 04 14 50 128  7.3  8.8  1.84  9.09  6.00 103 1017.6  26.5  26.8  21.3 99.0 99.00
2016 01 04 15 50 122  8.7 10.6  1.94  9.09  5.95 102 1016.8  26.0  26.8  21.2 99.0 99.00
2016 01 04 16 50 133  7.6  9.8  1.94  8.33  5.94  99 1016.1  26.4  26.8  21.5 99.0 99.00
2016 01 04 17 50 125  6.6  7.7  1.87  9.09  5.95 112 1015.0  26.1  26.9  21.4 99.0 99.00
2016 01 04 18 50 135  7.4  9.2  1.89  7.69  5.87 102 1014.6  26.6  26.8  20.8 99.0 99.00
2016 01 04 19 50 129  7.2  8.3  1.98  7.69  5.98 107 1014.9  26.5  26.8  21.0 99.0 99.00
2016 01 04 20 50 127  7.2  8.6  2.05  8.33  6.09 100 1015.2  26.5  26.8  21.5 99.0 99.00
2016 01 04 21 50 134  7.1  8.7  1.96  9.09  6.06 100 1015.6  26.5  26.8  21.3 99.0 99.00
2016 01 04 22 50 140  6.3  7.7  1.84  9.09  5.78  94 1016.1  26.4  26.8  21.2 99.0 99.00
2016 01 04 23 50 138  5.7  6.8  1.92  8.33  6.10  91 1016.7  26.2  26.8  21.6 99.0 99.00
2016 01 05 00 50 136  6.0  7.0  1.80  9.09  6.14  98 1017.2  26.4  26.8  21.5 99.0 99.00
2016 01 05 01 50 131  6.1  7.3  1.81  7.69  6.07 101 1017.5  26.3  26.8  21.5 99.0 99.00
2016 01 05 02 50 114  3.9  5.4  1.85  9.09  6.22  85 1017.4  25.3  26.8  19.9 99.0 99.00
2016 01 05 03 50 130  5.4  6.4  1.91  9.09  6.38 102 1017.1  26.0  26.8  20.6 99.0 99.00
2016 01 05 04 50 140  5.2  6.4  1.97  9.09  6.44 101 1016.9  26.2  26.8  21.7 99.0 99.00
2016 01 05 05 50 107  5.9  8.9  2.13  9.09  6.69  95 1016.5  25.0  26.8  21.4 99.0 99.00
2016 01 05 06 50  95  3.2  4.4  2.06  9.09  6.67 104 1016.0  25.2  26.8  19.9 99.0 99.00
2016 01 05 07 50 123  4.5  5.4  1.94 10.00  6.65 113 1015.6  25.8  26.8  21.6 99.0 99.00
2016 01 05 08 50 124  5.1  6.3  2.15  9.09  6.92 101 1015.9  25.7  26.8  21.7 99.0 99.00
2016 01 05 09 50 115  4.8  5.8  2.05  9.09  6.67 101 1016.1  25.9  26.8  21.5 99.0 99.00
2016 01 05 10 50 109  6.5  7.7  1.88 10.00  6.47  95 1016.7  25.3  26.8  21.7 99.0 99.00
2016 01 05 11 50 177  2.5  4.0  1.75  8.33  6.07  88 1017.8  25.1  26.8  20.7 99.0 99.00
2016 01 05 12 50 132  3.1  3.8  1.92  9.09  6.47  99 1018.6  25.5  26.8  20.4 99.0 99.00
2016 01 05 13 50 120  2.7  3.4  1.76 10.00  6.37 103 1019.0  26.0  26.8  19.8 99.0 99.00
2016 01 05 14 50 125  2.1  3.0  1.65  7.69  6.21 102 1018.7  26.4  26.8  19.9 99.0 99.00
2016 01 05 15 50 131  3.4  4.1  1.88 10.00  6.76 105 1018.3  26.2  26.9  20.5 99.0 99.00
2016 01 05 16 50 125  3.8  4.7  1.74  9.09  6.72 111 1017.6  26.1  27.0  21.1 99.0 99.00
2016 01 05 17 50 115  2.6  3.7  1.64 10.00  6.75 106 1016.9  26.0  27.1  21.1 99.0 99.00
2016 01 05 18 50 109  2.3  3.5  1.60  9.09  6.73 102 1016.2  26.0  27.2  21.1 99.0 99.00
2016 01 05 19 50  88  2.9  3.8  1.61  9.09  6.73 110 1016.1  26.1  27.1  21.2 99.0 99.00
2016 01 05 20 50  89  4.4  5.4  1.81  9.09  7.10 101 1016.4  25.6  27.1  21.4 99.0 99.00
2016 01 05 21 50  98  4.1  4.9  1.44  8.33  6.45 108 1016.7  26.0  27.0  20.8 99.0 99.00
2016 01 05 22 50 117  3.7  4.6  1.76  9.09  7.03 104 1017.1  25.5  26.9  21.8 99.0 99.00
2016 01 05 23 50  95  3.3  4.3  1.67  9.09  6.78 101 1017.8  25.6  26.9  21.5 99.0 99.00
2016 01 06 00 50 108  3.6  4.8  1.71  8.33  7.16  99 1018.2  26.0  26.9  20.8 99.0 99.00
2016 01 06 01 50 106  3.6  4.5  1.71  9.09  6.90 107 1018.5  26.0  26.9  21.4 99.0 99.00
2016 01 06 02 50 102  3.6  4.9  1.66  9.09  6.85 108 1018.4  25.8  26.9  21.4 99.0 99.00
2016 01 06 03 50 101  4.6  5.7  1.63 10.00  6.89 111 1017.7  25.6  26.9  21.8 99.0 99.00
2016 01 06 04 50  65  4.3  5.0  1.73  9.09  7.06 109 1017.4  25.5  26.8  21.7 99.0 99.00
2016 01 06 05 50  87  5.5  6.8  1.64  9.09  6.84  94 1016.9  25.8  26.9  21.4 99.0 99.00
2016 01 06 06 50  90  5.4  6.8  1.89  9.09  7.00 102 1016.5  25.7  26.8  21.2 99.0 99.00
2016 01 06 07 50  95  5.3  6.5  1.68  9.09  6.55 108 1016.2  25.7  26.8  21.7 99.0 99.00
2016 01 06 08 50 112  5.5  6.7  1.65  9.09  6.55  94 1016.4  25.8  26.8  21.5 99.0 99.00
2016 01 06 09 50 123  4.4  5.3  1.58  9.09  6.37 105 1016.8  25.8  26.8  21.5 99.0 99.00
2016 01 06 10 50 110  5.5  7.2  1.67  9.09  6.55 109 1017.2  25.8  26.8  21.4 99.0 99.00
2016 01 06 11 50 108  5.6  6.7  1.55  9.09  6.32 102 1018.0  25.9  26.8  21.6 99.0 99.00
2016 01 06 13 50 108  5.4  8.3  1.56  9.09  5.75 105 1020.0  24.1  26.8  20.7 99.0 99.00
2016 01 06 14 50 158  1.3  2.2  1.63 10.00  6.49  98 1019.7  24.8  26.8  22.1 99.0 99.00
2016 01 06 15 50 127  4.0  5.9  1.64 10.00  6.63 108 1019.0  25.7  26.9  21.6 99.0 99.00
2016 01 06 16 50 112  6.5  7.7  1.67 10.00  6.30  96 1017.8  26.4  26.9  21.6 99.0 99.00
2016 01 06 17 50 122  7.3  8.4  1.70  9.09  6.03  96 1017.0  26.1  26.9  20.8 99.0 99.00
2016 01 06 19 50 115  6.5  8.0  1.64  9.09  5.87 104 1016.2  26.0  27.0  22.3 99.0 99.00
2016 01 06 20 50 130  5.3  6.1  1.76 10.00  6.15 111 1016.4  25.8  26.9  21.8 99.0 99.00
2016 01 06 21 50 118  6.8  8.2  1.71 10.00  6.28 114 1016.6  26.3  26.9  22.0 99.0 99.00
2016 01 06 22 50 128  7.2  8.9  1.73  9.09  6.24 103 1016.9  26.4  26.9  21.9 99.0 99.00
2016 01 06 23 50 119  7.3  8.9  1.63  9.09  6.03  99 1017.2  26.4  26.9  22.0 99.0 99.00
2016 01 07 00 50 120  8.1  9.5  1.72  9.09  6.04  89 1017.6  26.5  26.9  22.1 99.0 99.00
2016 01 07 01 50 117  8.1  9.8  1.91  9.09  6.16 102 1018.2  26.4  26.9  21.9 99.0 99.00
2016 01 07 02 50 122  7.3  9.0  1.96 12.12  6.24 351 1018.3  26.3  26.9  21.8 99.0 99.00
2016 01 07 03 50 127  7.8  9.3  2.12 10.00  6.87  99 1017.9  26.3  26.8  21.7 99.0 99.00
2016 01 07 04 50 126  8.3 10.3  2.41 12.12  7.21 335 1017.5  26.4  26.8  21.6 99.0 99.00
2016 01 07 05 50 125  8.8 10.9  2.52 11.43  7.39 334 1016.7  26.4  26.8  21.2 99.0 99.00
2016 01 07 06 50 135  7.5  9.1  2.75 16.00  7.80 352 1016.0  26.1  26.8  21.7 99.0 99.00
2016 01 07 07 50 122  8.3 10.1  2.91 13.79  7.98 341 1015.4  26.2  26.8  21.7 99.0 99.00
2016 01 07 08 50 120  7.3  9.0  3.13 14.81  8.31 350 1016.0  26.2  26.8  21.4 99.0 99.00
2016 01 07 09 50 121  8.2 10.1  2.64 14.81  7.41 347 1016.2  26.2  26.8  21.3 99.0 99.00
2016 01 07 10 50 116  7.8 10.1  2.81 14.81  8.00 356 1016.5  26.1  26.8  21.4 99.0 99.00
2016 01 07 11 50 120  8.7 10.2  3.02 14.81  8.23 359 1017.0  26.3  26.8  21.7 99.0 99.00
2016 01 07 12 50 129  8.7 10.4  3.08 14.81  7.80 354 1017.9  26.4  26.8  21.3 99.0 99.00
2016 01 07 13 50 126  7.8  9.8  3.59 13.79  8.84 356 1018.4  26.5  26.8  21.6 99.0 99.00
2016 01 07 14 50 132  7.9 10.0  3.19 14.81  8.32   6 1018.4  26.6  26.9  21.6 99.0 99.00
2016 01 07 15 50 122  8.4 10.2  3.05 13.79  8.16 357 1017.4  26.4  26.9  22.0 99.0 99.00
2016 01 07 16 50 121  9.2 11.8  2.89 13.79  7.82   3 1016.3  26.0  26.9  21.7 99.0 99.00
2016 01 07 17 50 126  8.5 10.7  2.59 14.81  7.08   8 1015.4  26.3  26.9  21.9 99.0 99.00
2016 01 07 18 50 138  8.6 10.4  2.78 13.79  7.35   7 1014.7  26.2  26.9  21.6 99.0 99.00
2016 01 07 19 50 153  8.2 10.2  2.71 13.79  7.29 359 1014.8  26.1  26.9  21.8 99.0 99.00
2016 01 07 20 50 142  8.4 10.3  2.55 13.79  7.27  24 1014.7  26.3  26.9  21.5 99.0 99.00
2016 01 07 21 50 138  7.5  9.2  2.63 12.90  7.24 360 1014.8  26.2  26.8  21.8 99.0 99.00
2016 01 07 22 50 142  7.5  9.2  2.69 13.79  7.68  13 1015.0  26.3  26.8  21.9 99.0 99.00
2016 01 07 23 50 154  8.4 11.0  2.62 12.90  7.50   1 1015.6  26.2  26.8  21.3 99.0 99.00
2016 01 08 00 50 152  6.8  8.8  2.58 12.90  7.65   7 1016.3  26.5  26.8  21.1 99.0 99.00
2016 01 08 01 50 178  6.6  8.4  2.40 12.90  7.19 355 1016.9  25.8  26.8  22.3 99.0 99.00
2016 01 08 02 50 128  8.0  9.7  2.52 10.81  7.26  50 1016.5  26.0  26.8  22.2 99.0 99.00
2016 01 08 03 50 143  8.7 10.7  2.34 12.90  7.02  34 1015.6  26.2  26.8  20.9 99.0 99.00
2016 01 08 04 50 127  6.8  8.3  2.50 12.12  7.02  11 1015.7  25.4  26.8  21.3 99.0 99.00
2016 01 08 05 50 151  6.6  8.5  2.44 12.12  7.02  24 1014.9  26.1  26.8  21.2 99.0 99.00
2016 01 08 06 50 143  7.6  9.2  2.42 12.12  7.01   5 1014.1  26.2  26.8  21.1 99.0 99.00
2016 01 08 07 50 142  7.5  9.4  2.47 12.12  7.09  15 1013.3  26.1  26.8  21.1 99.0 99.00
2016 01 08 08 50 161  6.4  8.1  2.29 10.00  7.08  80 1013.9  26.1  26.8  21.2 99.0 99.00
2016 01 08 09 50 151  6.6  8.1  2.35 10.00  6.99  91 1013.7  26.0  26.8  21.2 99.0 99.00
2016 01 08 10 50 159  4.8  6.2  2.34 12.12  7.13  14 1014.5  26.1  26.8  21.0 99.0 99.00
2016 01 08 11 50 162  5.0  6.6  2.21 10.00  7.26  86 1015.1  26.2  26.8  21.0 99.0 99.00
2016 01 08 12 50 157  5.1  6.5  2.13 10.00  7.12  94 1015.8  26.3  26.8  21.2 99.0 99.00
2016 01 08 13 50 156  5.3  6.1  2.24 12.12  7.25  19 1016.2  26.4  26.8  21.4 99.0 99.00
2016 01 08 14 50 153  5.9  6.8  2.11 12.12  7.43  11 1015.9  26.1  26.9  21.9 99.0 99.00
2016 01 08 15 50 152  5.8  7.1  2.02 10.00  7.36 103 1015.1  26.2  26.9  22.0 99.0 99.00
2016 01 08 16 50 176  5.3  6.3  1.92 10.00  6.92  97 1014.5  26.2  26.9  21.7 99.0 99.00
2016 01 08 17 50 159  4.9  6.2  2.13 11.43  7.49  14 1013.6  26.1  27.0  22.0 99.0 99.00
2016 01 08 18 50 160  5.3  6.8  2.00 10.00  7.27  91 1013.4  26.2  27.0  21.9 99.0 99.00
2016 01 08 19 50 168  5.8  7.5  2.14 10.00  7.41  90 1013.1  26.3  27.0  21.5 99.0 99.00
2016 01 08 20 50 164  6.2  7.5  2.01 10.00  7.27 101 1013.3  26.3  26.9  21.6 99.0 99.00
2016 01 08 21 50 166  6.0  7.2  1.90 10.81  7.07  50 1013.4  26.0  26.9  22.0 99.0 99.00
2016 01 08 22 50 167  5.3  6.5  1.93 11.43  6.98  25 1013.6  26.1  26.9  21.7 99.0 99.00
2016 01 08 23 50 180  4.5  5.6  1.85 12.12  6.81 360 1014.2  26.1  26.9  21.3 99.0 99.00
2016 01 09 00 50 256  5.3  6.4  1.82 11.43  7.11  22 1014.6  24.5  26.8  22.2 99.0 99.00
2016 01 09 01 50 261  3.9  5.4  1.76 12.12  7.06  27 1014.7  24.7  26.8  22.1 99.0 99.00
2016 01 09 02 50 210  2.7  3.6  1.83 10.81  7.00  55 1014.6  25.2  26.8  21.7 99.0 99.00
2016 01 09 03 50 217  3.2  4.2  1.79 10.81  7.12 348 1014.5  25.5  26.8  21.5 99.0 99.00
2016 01 09 04 50 260  6.2  7.7  1.80 10.81  7.31 335 1014.4  23.8  26.8  21.1 99.0 99.00
2016 01 09 05 50 259  4.6  5.8  1.96 10.81  7.90  10 1013.9  23.9  26.8  21.1 99.0 99.00
2016 01 09 06 50 275  5.5  8.0  1.87 10.00  8.02  43 1012.9  24.8  26.8  20.7 99.0 99.00
2016 01 09 07 50 219  6.2  7.2  2.01 10.00  8.12 342 1012.0  24.5  26.8  20.5 99.0 99.00
2016 01 09 08 50 255  5.0  6.3  1.59  8.33  7.40  80 1012.1  25.7  26.8  19.9 99.0 99.00
2016 01 09 09 50 269  4.8  5.8  1.60 10.00  7.27  47 1012.6  25.8  26.8  20.9 99.0 99.00
2016 01 09 10 50 272  4.2  5.2  1.66 10.81  7.60 345 1012.9  25.7  26.8  21.2 99.0 99.00
2016 01 09 11 50 293  3.9  4.9  1.75 10.00  7.57  16 1013.8  25.6  26.8  21.2 99.0 99.00
2016 01 09 12 50 276  2.8  4.1  1.83 10.00  7.92 350 1014.5  25.7  26.8  21.3 99.0 99.00
2016 01 09 13 50 291  3.0  4.0  1.78 10.00  8.01 342 1015.1  25.8  26.8  21.5 99.0 99.00
2016 01 09 14 50 290  1.8  2.6  1.80 10.00  8.07 356 1015.0  25.9  26.9  21.4 99.0 99.00
2016 01 09 15 50 293  1.9  2.7  1.72 10.81  7.97  11 1014.9  26.0  27.2  21.3 99.0 99.00
2016 01 09 16 50 331  2.5  3.5  1.87 10.00  8.03  12 1014.2  26.0  27.4  21.1 99.0 99.00
2016 01 09 17 50 320  3.3  4.3  1.93  9.09  8.20 360 1013.4  26.0  27.4  21.0 99.0 99.00
2016 01 09 18 50 323  3.3  4.5  1.74  8.33  7.81  54 1013.0  26.1  27.3  21.4 99.0 99.00
2016 01 09 19 50 328  3.9  5.5  1.58 10.00  7.60  60 1012.9  26.1  27.2  21.8 99.0 99.00
2016 01 09 20 50 345  5.5  6.7  1.56  9.09  7.63  70 1013.1  26.1  27.1  21.4 99.0 99.00
2016 01 09 21 50   1  5.2  6.0  1.66 10.00  7.50  23 1013.4  25.9  27.0  21.2 99.0 99.00
2016 01 09 22 50   2  4.6  5.7  1.47 10.00  7.09  19 1013.9  25.9  26.9  20.8 99.0 99.00
2016 01 09 23 50 359  5.3  6.8  1.59  9.09  7.11   1 1014.4  25.9  26.9  21.1 99.0 99.00
2016 01 10 00 50 355  5.3  6.3  1.53  9.09  6.73  54 1015.1  25.8  26.9  20.7 99.0 99.00
2016 01 10 01 50  10  4.7  5.9  1.53  9.09  6.69   9 1015.5  25.8  26.8  20.5 99.0 99.00
2016 01 10 02 50   7  4.4  5.4  1.57  9.09  7.14  25 1015.6  25.8  26.8  19.9 99.0 99.00
2016 01 10 03 50  10  4.3  5.2  1.55  9.09  7.08  54 1015.4  25.7  26.8  20.1 99.0 99.00
2016 01 10 04 50  10  4.5  5.6  1.57 10.00  7.50   1 1015.2  25.6  26.8  19.7 99.0 99.00
2016 01 10 05 50  23  4.3  5.7  1.64 10.81  7.40 347 1014.7  25.5  26.8  19.6 99.0 99.00
2016 01 10 06 50  23  4.4  5.6  1.68 10.00  7.45 352 1014.0  25.5  26.8  19.5 99.0 99.00
2016 01 10 07 50  37  4.0  5.0  1.52  9.09  7.50  25 1013.8  25.3  26.8  19.4 99.0 99.00
2016 01 10 08 50  26  4.3  5.5  1.71 10.00  7.46   7 1013.8  25.3  26.8  19.3 99.0 99.00
2016 01 10 09 50  27  4.2  5.9  1.66  9.09  7.39  29 1014.0  25.4  26.8  19.2 99.0 99.00
2016 01 10 10 50  28  4.1  5.4  1.62  9.09  7.38  43 1014.3  25.3  26.8  18.5 99.0 99.00
2016 01 10 11 50  31  3.6  4.9  1.69  9.09  7.39  41 1015.0  25.5  26.8  17.9 99.0 99.00
2016 01 10 12 50  34  3.8  5.0  1.50  9.09  7.23  57 1016.1  25.6  26.8  18.5 99.0 99.00
2016 01 10 13 50  26  4.8  5.9  1.45  8.33  7.13  58 1016.7  25.4  26.8  19.0 99.0 99.00
2016 01 10 14 50  23  4.8  6.3  1.61  9.09  7.41  62 1016.7  25.6  26.8  18.6 99.0 99.00
2016 01 10 15 50  27  3.8  4.9  1.46  7.69  7.05  68 1016.5  25.6  26.9  18.3 99.0 99.00
2016 01 10 16 50  30  3.2  4.4  1.45  9.09  7.24  35 1015.9  25.6  26.9  17.8 99.0 99.00
2016 01 10 17 50  34  3.3  4.3  1.50 19.05  7.41  68 1015.1  25.6  27.0  17.9 99.0 99.00
2016 01 10 18 50  31  2.9  4.1  1.60 19.05  7.77  25 1014.7  25.7  27.0  18.0 99.0 99.00
2016 01 10 19 50  36  2.5  3.8  1.57  9.09  7.75  20 1014.8  25.7  27.0  18.0 99.0 99.00
2016 01 10 20 50  31  3.3  4.6  1.57 10.00  7.83 358 1015.0  25.6  27.0  18.1 99.0 99.00
2016 01 10 21 50  24  4.0  5.1  1.69 19.05  8.23  65 1015.4  25.6  26.9  18.6 99.0 99.00
2016 01 10 22 50  35  3.7  5.0  1.74 17.39  8.42  37 1015.6  25.5  26.9  18.2 99.0 99.00
2016 01 10 23 50  19  3.9  5.0  1.80 19.05  8.68  44 1016.2  25.5  26.9  17.6 99.0 99.00
2016 01 11 00 50  38  3.6  5.3  1.72 17.39  8.46  39 1016.7  25.4  26.9  18.2 99.0 99.00
2016 01 11 01 50  42  3.6  4.7  1.70 19.05  8.53  17 1017.2  25.5  26.8  18.6 99.0 99.00
2016 01 11 02 50  40  3.4  4.8  1.68 17.39  8.51  41 1017.3  25.5  26.8  17.6 99.0 99.00
2016 01 11 03 50  50  3.6  5.1  1.70 19.05  8.67  57 1017.2  25.4  26.8  18.7 99.0 99.00
2016 01 11 04 50  35  3.6  5.2  1.70 19.05  8.65  53 1016.8  25.3  26.8  18.5 99.0 99.00
2016 01 11 05 50  41  3.4  4.6  2.14 19.05  9.07  22 1016.5  25.2  26.8  18.5 99.0 99.00
2016 01 11 06 50  31  3.6  5.2  1.93 19.05  9.36  38 1016.0  25.3  26.8  18.6 99.0 99.00
2016 01 11 07 50  39  3.8  4.9  1.98 16.00  9.42  28 1015.6  25.2  26.8  19.2 99.0 99.00
2016 01 11 08 50  27  3.6  5.0  1.95 16.00  9.48  31 1015.7  25.3  26.8  18.9 99.0 99.00
2016 01 11 09 50  27  5.3  6.8  2.37 16.00 10.07  28 1016.0  25.4  26.8  18.8 99.0 99.00
2016 01 11 10 50  31  5.2  7.0  2.70 16.00 10.67  18 1016.5  25.3  26.8  19.3 99.0 99.00
2016 01 11 11 50  33  4.2  5.6  2.93 14.81 10.71  19 1017.4  25.5  26.8  18.6 99.0 99.00
2016 01 11 12 50  39  4.9  6.1  3.00 16.00 11.09  28 1018.2  25.7  26.8  18.8 99.0 99.00
2016 01 11 13 50  31  5.3  7.1  3.26 16.00 11.05  31 1018.8  25.6  26.8  18.8 99.0 99.00
2016 01 11 14 50  43  4.4  5.9  3.39 14.81 11.25  32 1018.4  25.6  26.8  19.1 99.0 99.00
2016 01 11 15 50  52  4.2  5.6  3.62 14.81 11.55  27 1017.9  25.6  26.9  19.0 99.0 99.00
2016 01 11 16 50  57  3.5  4.9  3.66 16.00 11.61  37 1017.0  25.5  26.9  18.9 99.0 99.00
2016 01 11 17 50  61  3.3  5.4  3.70 16.00 11.68  31 1016.0  25.6  27.0  19.1 99.0 99.00
2016 01 11 18 50  63  3.7  4.9  3.94 16.00 12.23  43 1015.2  25.5  27.0  19.2 99.0 99.00
2016 01 11 19 50  68  4.3  5.6  3.90 14.81 12.04  34 1015.1  25.5  27.0  19.4 99.0 99.00
2016 01 11 20 50  65  4.6  6.4  3.55 16.00 11.73  39 1015.1  25.6  27.0  19.4 99.0 99.00
2016 01 11 21 50  52  4.4  5.9  4.27 16.00 12.10  40 1015.7  25.4  26.9  19.4 99.0 99.00
2016 01 11 22 50  59  4.7  6.8  4.37 16.00 11.88  45 1016.1  25.4  26.9  19.1 99.0 99.00
2016 01 11 23 50  49  4.1  5.6  3.97 16.00 12.12  42 1017.1  25.4  26.9  18.9 99.0 99.00
2016 01 12 00 50  44  4.1  5.7  4.20 14.81 12.57  40 1017.7  25.4  26.9  19.0 99.0 99.00
2016 01 12 01 50  46  4.5  6.2  4.12 16.00 12.04  44 1018.2  25.5  26.8  19.1 99.0 99.00
2016 01 12 02 50  59  4.6  6.1  4.10 16.00 12.60  44 1018.2  25.4  26.8  19.0 99.0 99.00
2016 01 12 03 50  63  5.0  7.9  4.17 16.00 12.22  36 1017.9  25.5  26.8  18.7 99.0 99.00
2016 01 12 04 50  66  4.8  6.9  3.87 16.00 11.97  48 1017.8  25.4  26.8  18.8 99.0 99.00
2016 01 12 05 50  58  4.3  6.2  4.00 14.81 11.81  38 1017.4  25.3  26.8  18.8 99.0 99.00
2016 01 12 06 50  49  3.4  5.6  3.95 16.00 11.93  40 1016.8  25.2  26.8  18.9 99.0 99.00
2016 01 12 07 50  61  3.1  4.9  3.78 14.81 11.16  37 1016.4  25.2  26.8  19.2 99.0 99.00
2016 01 12 08 50  55  3.6  5.3  3.78 14.81 11.47  39 1016.3  24.3  26.8  20.4 99.0 99.00
2016 01 12 09 50  67  3.2  4.8  3.94 13.79 11.73  39 1016.4  24.3  26.8  20.4 99.0 99.00
2016 01 12 10 50  52  3.9  5.5  3.77 14.81 11.31  38 1016.7  24.6  26.8  20.4 99.0 99.00
2016 01 12 11 50  60  4.8  6.5  3.67 16.00 11.38  34 1017.5  23.8  26.8  21.3 99.0 99.00
2016 01 12 12 50 102  2.2  3.3  3.63 14.81 11.40  39 1018.2  24.9  26.8  21.3 99.0 99.00
2016 01 12 13 50  93  5.8  7.0  3.81 14.81 11.14  45 1018.8  25.8  26.8  20.2 99.0 99.00
2016 01 12 14 50  81  5.5  6.8  3.84 14.81 11.22  43 1019.0  25.7  26.9  20.6 99.0 99.00
2016 01 12 15 50  82  5.7  7.3  3.43 14.81 10.28  44 1018.2  25.6  26.9  20.2 99.0 99.00
2016 01 12 16 50  84  5.1  6.2  3.78 14.81 10.73  40 1017.3  25.6  27.0  20.0 99.0 99.00
2016 01 12 17 50  64  5.5  7.5  3.23 13.79 10.14  42 1016.3  25.4  27.0  20.1 99.0 99.00
2016 01 12 18 50  69  4.5  6.6  3.27 13.79 10.19  39 1015.9  25.5  27.0  19.9 99.0 99.00
2016 01 12 19 50  70  5.0  6.9  3.64 14.81 10.70  43 1015.8  25.6  27.0  19.5 99.0 99.00
2016 01 12 20 50  71  4.8  6.3  3.54 14.81 10.46  49 1015.8  25.6  27.0  19.0 99.0 99.00
2016 01 12 21 50  68  5.6  7.2  3.67 14.81 10.76  40 1016.1  25.5  26.9  19.0 99.0 99.00
2016 01 12 22 50  73  5.0  6.9  3.26 14.81 10.14  35 1016.3  25.5  26.9  18.6 99.0 99.00
2016 01 12 23 50  83  5.5  6.8  3.24 13.79 10.03  46 1016.7  25.4  26.8  18.9 99.0 99.00
2016 01 13 00 50  83  5.7  7.5  3.16 12.90  9.96  39 1017.2  25.3  26.8  19.0 99.0 99.00
2016 01 13 01 50  91  5.5  6.9  3.53 13.79 10.67  34 1017.7  25.3  26.8  19.2 99.0 99.00
2016 01 13 02 50  91  5.2  6.8  3.06 14.81 10.06  45 1017.5  25.2  26.8  18.7 99.0 99.00
2016 01 13 03 50  85  4.2  6.2  3.55 14.81 10.71  38 1017.4  25.2  26.8  18.1 99.0 99.00
2016 01 13 04 50  97  4.6  6.8  3.31 14.81 10.65  32 1016.8  25.1  26.8  18.3 99.0 99.00
2016 01 13 05 50  82  5.0  6.4  3.30 13.79 10.46  40 1016.7  25.2  26.8  18.3 99.0 99.00
2016 01 13 06 50  95  3.4  4.5  3.45 13.79 10.74  40 1016.3  25.1  26.8  18.2 99.0 99.00
2016 01 13 07 50  82  3.9  5.4  3.67 14.81 11.02  47 1016.2  25.1  26.8  18.0 99.0 99.00
2016 01 13 08 50  76  3.8  5.0  2.83 14.81  9.98  40 1016.2  25.1  26.8  18.1 99.0 99.00
2016 01 13 09 50  85  4.3  5.8  2.95 16.00 10.20  49 1016.5  25.0  26.8  18.2 99.0 99.00
2016 01 13 10 50  81  4.3  5.7  2.96 14.81 10.31  41 1016.9  25.1  26.8  18.3 99.0 99.00
2016 01 13 11 50  76  4.5  6.1  2.90 13.79 10.13  41 1017.6  25.2  26.8  17.8 99.0 99.00
2016 01 13 12 50  84  4.6  6.1  3.00 14.81 10.51  43 1018.2  25.4  26.8  17.3 99.0 99.00
2016 01 13 13 50 100  5.0  6.0  3.09 14.81 10.63  48 1018.6  25.3  26.8  18.1 99.0 99.00
2016 01 13 14 50  88  3.9  4.9  2.86 13.79 10.40  44 1018.8  25.5  26.9  17.5 99.0 99.00
2016 01 13 15 50  85  3.8  5.1  2.76 13.79 10.29  48 1018.2  25.4  26.9  17.5 99.0 99.00
2016 01 13 16 50 102  4.2  5.8  2.93 14.81 10.73  46 1017.3  25.4  26.9  17.5 99.0 99.00
2016 01 13 17 50 109  3.6  5.6  2.80 13.79 10.61  39 1016.5  25.4  27.0  16.9 99.0 99.00
2016 01 13 18 50 101  3.0  4.1  2.86 13.79 10.59  44 1016.0  25.3  27.0  17.5 99.0 99.00
2016 01 13 19 50 107  2.8  4.1  2.84 13.79 10.40  31 1015.9  25.3  27.0  17.0 99.0 99.00
2016 01 13 20 50 105  2.4  3.1  2.98 14.81 10.65  46 1016.1  25.4  27.0  17.3 99.0 99.00
2016 01 13 21 50 118  1.8  2.8  2.78 14.81 10.69  55 1016.3  25.2  26.9  17.4 99.0 99.00
2016 01 13 22 50  91  1.9  3.0  3.02 14.81 10.63  56 1016.5  25.2  26.9  17.9 99.0 99.00
2016 01 13 23 50  85  2.0  3.1  2.61 13.79 10.03  51 1017.1  25.2  26.9  17.8 99.0 99.00
2016 01 14 00 50  62  3.3  5.0  2.84 14.81 10.54  52 1017.6  25.2  26.9  18.1 99.0 99.00
2016 01 14 01 50  64  3.3  5.0  2.53 13.79 10.24  54 1017.9  25.2  26.8  17.4 99.0 99.00
2016 01 14 02 50  62  3.3  5.0  2.68 13.79 10.33  46 1017.6  25.2  26.8  17.3 99.0 99.00
2016 01 14 03 50  69  3.8  5.0  2.67 14.81 10.25  56 1017.3  25.2  26.8  17.3 99.0 99.00
2016 01 14 04 50  68  3.4  5.0  2.53 14.81 10.26  51 1016.9  25.0  26.8  17.9 99.0 99.00
2016 01 14 05 50  76  3.8  5.3  2.13 13.79  9.59  49 1016.4  25.0  26.8  17.2 99.0 99.00
2016 01 14 06 50  80  3.5  4.8  2.36 13.79 10.03  47 1016.0  24.9  26.8  17.7 99.0 99.00
2016 01 14 07 50  82  4.5  5.9  2.13 12.12  9.73  50 1015.8  24.9  26.8  17.5 99.0 99.00
2016 01 14 08 50  67  3.9  5.3  2.50 13.79  9.88  46 1016.0  24.9  26.8  17.6 99.0 99.00
2016 01 14 09 50  73  4.2  5.5  2.55 12.90 10.20  52 1016.5  24.9  26.8  17.3 99.0 99.00
2016 01 14 10 50  69  4.9  6.0  2.17 13.79  9.62  56 1016.9  25.0  26.8  17.7 99.0 99.00
2016 01 14 11 50  49  4.7  6.3  1.93 13.79  9.06  47 1017.7  25.1  26.8  17.2 99.0 99.00
2016 01 14 12 50  60  5.2  6.9  2.16 12.90  9.29  60 1018.2  25.2  26.8  16.9 99.0 99.00
2016 01 14 13 50  63  5.0  6.3  1.99 12.12  8.83  57 1018.8  25.3  26.8  16.6 99.0 99.00
2016 01 14 14 50  78  5.0  6.5  2.06 13.79  9.00  59 1018.7  25.3  26.8  17.5 99.0 99.00
2016 01 14 15 50  71  4.8  6.7  1.87 12.90  8.53  42 1018.2  25.3  26.9  17.9 99.0 99.00
2016 01 14 16 50  79  4.5  5.7  2.02 13.79  8.93  55 1017.4  25.2  26.9  17.2 99.0 99.00
2016 01 14 17 50  91  4.1  5.3  2.05 12.90  9.20  57 1016.8  25.2  26.9  17.7 99.0 99.00
2016 01 14 18 50  82  4.0  5.7  2.01 12.90  9.16  53 1016.2  25.3  27.0  17.9 99.0 99.00
2016 01 14 19 50  67  4.4  6.1  2.20 13.79  9.55  59 1016.4  25.4  27.0  18.0 99.0 99.00
2016 01 14 20 50  66  4.1  5.3  2.05 12.90  9.21  54 1016.8  25.5  26.9  17.7 99.0 99.00
2016 01 14 21 50  78  4.3  5.4  2.07 12.90  9.18  52 1017.1  25.4  26.9  18.1 99.0 99.00
2016 01 14 22 50  67  4.8  6.1  2.16 12.90  9.39  51 1017.3  25.3  26.8  18.1 99.0 99.00
2016 01 14 23 50  71  5.1  6.6  1.92 13.79  8.78  46 1018.0  25.3  26.8  18.0 99.0 99.00
2016 01 15 00 50  63  4.9  6.0  1.98 13.79  8.79  67 1018.2  25.4  26.8  18.4 99.0 99.00
2016 01 15 01 50  68  5.4  7.2  2.01 12.90  8.42  48 1018.3  25.4  26.8  18.6 99.0 99.00
2016 01 15 02 50 100  8.2  9.6  1.97 12.90  8.07  49 1018.4  24.1  26.8  20.5 99.0 99.00
2016 01 15 03 50  87  7.2  8.8  2.19 13.79  8.03  42 1018.1  24.7  26.8  18.9 99.0 99.00
2016 01 15 04 50  78  5.8  7.7  2.11 13.79  7.31  47 1018.0  22.6  26.8  18.7 99.0 99.00
2016 01 15 05 50  21  2.4  3.4  1.82 13.79  8.40  38 1016.9  23.7  26.7  18.4 99.0 99.00
2016 01 15 06 50  84  5.3  6.3  1.74 12.90  8.40  61 1016.1  24.7  26.7  19.3 99.0 99.00
2016 01 15 07 50  86  5.8  6.8  1.95 12.90  8.70  47 1015.5  25.0  26.8  18.5 99.0 99.00
2016 01 15 08 50  81  4.6  6.0  1.75 11.43  7.72  43 1015.8  24.9  26.7  19.0 99.0 99.00
2016 01 15 09 50  89  4.4  5.2  1.91 12.90  8.44  44 1016.2  25.3  26.8  18.1 99.0 99.00
2016 01 15 10 50  80  5.6  6.8  1.75 12.90  7.73  38 1016.4  25.2  26.8  18.4 99.0 99.00
2016 01 15 11 50  82  5.5  6.9  1.83 12.12  7.90  26 1017.1  25.3  26.7  18.4 99.0 99.00
2016 01 15 12 50  75  6.1  7.3  1.88 12.12  7.98  34 1017.9  25.4  26.7  18.1 99.0 99.00
2016 01 15 13 50  74  6.1  7.2  1.77 12.12  7.32  46 1018.2  25.5  26.8  18.3 99.0 99.00
2016 01 15 14 50  82  6.8  8.6  2.06 12.12  8.08  27 1017.9  25.4  26.8  18.6 99.0 99.00
2016 01 15 15 50  89  6.2  7.5  1.82 10.81  7.11  23 1017.3  25.4  26.8  18.4 99.0 99.00
2016 01 15 16 50  85  6.3  7.7  1.93 10.00  7.34  23 1016.4  25.4  26.8  18.6 99.0 99.00
2016 01 15 17 50  82  6.1  7.5  1.97 12.12  7.47  22 1015.5  25.4  26.9  18.5 99.0 99.00
2016 01 15 18 50  90  6.1  7.4  1.99 12.12  7.56  28 1014.9  25.5  26.9  18.0 99.0 99.00
2016 01 15 19 50  92  6.8  8.1  2.08 12.12  7.84  32 1014.9  25.5  26.9  18.7 99.0 99.00
2016 01 15 20 50  85  7.7  9.4  1.86 12.12  7.06  31 1015.0  25.5  26.8  18.7 99.0 99.00
2016 01 15 21 50  92  7.4  9.0  1.98 11.43  6.82  22 1015.3  25.6  26.8  17.8 99.0 99.00
2016 01 15 22 50  95  7.9  9.5  2.01 12.12  7.04  18 1015.4  25.4  26.8  18.8 99.0 99.00
2016 01 15 23 50  98  8.0  9.9  1.83 10.81  6.40  22 1015.6  25.5  26.7  18.1 99.0 99.00
2016 01 16 00 50 111  7.7  9.5  1.82 11.43  6.29  21 1015.9  25.6  26.7  17.8 99.0 99.00
2016 01 16 01 50 112  7.6  8.9  1.89 11.43  6.56  38 1016.1  25.6  26.7  18.3 99.0 99.00
2016 01 16 02 50 113  7.2  9.0  1.72 11.43  6.24  27 1016.0  25.5  26.7  18.2 99.0 99.00
2016 01 16 03 50 115  7.0  8.3  1.89 12.12  6.51  15 1015.7  25.5  26.7  18.6 99.0 99.00
2016 01 16 04 50 122  6.7  8.1  2.09 11.43  6.75  29 1015.5  25.5  26.7  18.2 99.0 99.00
2016 01 16 05 50 134  5.8  7.2  1.74 12.12  6.22  32 1015.2  25.5  26.7  18.4 99.0 99.00
2016 01 16 06 50 130  6.1  7.3  1.81 11.43  6.40  22 1014.6  25.5  26.7  17.9 99.0 99.00
2016 01 16 07 50 139  4.5  6.2  1.76 11.43  6.67  35 1014.4  25.4  26.6  18.3 99.0 99.00
2016 01 16 08 50 127  3.8  4.9  1.73 10.81  6.63  30 1014.6  25.4  26.6  18.6 99.0 99.00
2016 01 16 09 50 116  6.0  7.0  1.75 11.43  6.73  19 1014.8  25.2  26.6  19.8 99.0 99.00
2016 01 16 10 50 120  5.5  6.8  1.87 11.43  6.79  46 1015.6  25.2  26.6  19.4 99.0 99.00
2016 01 16 11 50 109  3.2  4.4  1.72 11.43  7.01  31 1016.5  25.4  26.6  19.2 99.0 99.00
2016 01 16 12 50  95  3.0  4.6  1.64 11.43  6.90  20 1017.3  25.7  26.6  18.8 99.0 99.00
2016 01 16 13 50 160  6.6  7.8  1.69 12.12  6.97  43 1017.9  24.8  26.6  20.3 99.0 99.00
2016 01 16 14 50 144  4.7  5.5  1.81 10.81  7.22  13 1018.0  25.5  26.6  19.6 99.0 99.00
2016 01 16 15 50 129  5.5  6.4  1.61 11.43  7.01  31 1017.4  25.1  26.6  20.4 99.0 99.00
2016 01 16 16 50  91  6.7  8.0  1.74 12.12  6.74  52 1016.4  25.3  26.7  19.0 99.0 99.00
2016 01 16 17 50 109  8.9 10.7  1.59 11.43  6.82  34 1015.6  23.9  26.7  20.4 99.0 99.00
2016 01 16 18 50  85  5.2  6.4  1.52 12.12  6.53  53 1014.8  25.2  26.7  19.9 99.0 99.00
2016 01 16 19 50 110  4.5  5.4  1.51 10.00  7.23  34 1014.4  25.3  26.7  20.1 99.0 99.00
2016 01 16 20 50 122  6.7  8.4  1.61 11.43  7.23  40 1014.2  25.9  26.7  20.5 99.0 99.00
2016 01 16 21 50 123  7.5  9.0  1.59 11.43  6.97  51 1014.4  25.8  26.7  20.7 99.0 99.00
2016 01 16 22 50 120  7.1  8.7  1.54 10.81  6.06  21 1014.9  25.7  26.7  21.2 99.0 99.00
2016 01 16 23 50 126  6.7  8.2  1.53 12.12  6.24  45 1015.6  25.7  26.6  20.5 99.0 99.00
2016 01 17 00 50 126  5.4  6.5  1.66 10.81  6.76  26 1016.1  25.7  26.6  20.5 99.0 99.00
2016 01 17 01 50 127  5.0  6.0  1.57 12.12  6.78  57 1016.5  25.8  26.6  20.4 99.0 99.00
2016 01 17 02 50 130  5.1  6.2  1.63 10.81  7.05  46 1016.4  25.8  26.6  20.3 99.0 99.00
2016 01 17 03 50 130  4.5  5.6  1.49 12.12  6.66  63 1016.2  25.7  26.6  20.5 99.0 99.00
2016 01 17 04 50 131  4.1  5.1  1.44 12.12  6.74  36 1015.9  25.7  26.6  19.9 99.0 99.00
2016 01 17 05 50 129  4.4  5.4  1.39 11.43  6.45  55 1015.4  25.7  26.6  19.6 99.0 99.00
2016 01 17 06 50 135  4.2  5.1  1.45 11.43  6.92  42 1014.7  25.6  26.6  19.5 99.0 99.00
2016 01 17 07 50 136  4.5  5.2  1.38 11.43  6.73  42 1014.5  25.6  26.6  19.6 99.0 99.00
2016 01 17 08 50 144  3.2  4.0  1.41 12.12  7.09  55 1014.6  25.5  26.6  19.8 99.0 99.00
2016 01 17 09 50 111  4.3  5.8  1.29 12.12  6.88  56 1015.0  25.6  26.6  20.1 99.0 99.00
2016 01 17 10 50 111  4.6  5.4  1.25 10.00  6.77  60 1015.8  25.7  26.6  19.5 99.0 99.00
2016 01 17 11 50 114  5.6  6.6  1.32 11.43  6.67  44 1016.1  25.8  26.6  19.8 99.0 99.00
2016 01 17 12 50 112  5.5  6.5  1.30 10.81  6.54  48 1016.7  25.8  26.6  19.7 99.0 99.00
2016 01 17 13 50 114  5.8  7.1  1.28 11.43  6.41  38 1017.3  26.0  26.7  20.0 99.0 99.00
2016 01 17 14 50 123  5.4  6.3  1.19 11.43  6.11  48 1017.3  25.9  26.7  20.0 99.0 99.00
2016 01 17 15 50 130  6.0  6.9  1.29 10.00  6.52  46 1016.7  25.8  26.7  20.1 99.0 99.00
2016 01 17 16 50 142  6.4  7.5  1.08 10.81  6.12  58 1015.7  25.8  26.7  20.5 99.0 99.00
2016 01 17 17 50 141  6.7  7.5  1.18 12.12  6.20  62 1014.9  26.0  26.8  19.9 99.0 99.00
2016 01 17 18 50 153  5.1  5.9  1.17 11.43  6.01  46 1014.9  26.0  26.8  19.5 99.0 99.00
2016 01 17 19 50 145  5.3  6.3  1.17 12.12  6.09  42 1014.8  26.1  26.8  19.6 99.0 99.00
2016 01 17 20 50 143  5.7  6.6  1.18 13.79  5.98  47 1014.9  25.9  26.8  20.1 99.0 99.00
2016 01 17 21 50 146  6.2  7.2  1.15 13.79  5.83  42 1015.1  25.8  26.8  20.3 99.0 99.00
2016 01 17 22 50 141  6.5  8.0  1.13 10.00  5.54  83 1015.2  25.8  26.7  20.3 99.0 99.00
2016 01 17 23 50 145  6.2  7.3  1.10 11.43  5.55  78 1015.8  26.1  26.7  20.8 99.0 99.00
2016 01 18 00 50 148  4.1  5.1  1.10 10.00  5.61  76 1016.4  26.1  26.7  21.2 99.0 99.00
2016 01 18 01 50 138  6.2  7.4  1.12 11.43  5.61  53 1016.4  26.3  26.7  21.6 99.0 99.00
2016 01 18 02 50 144  7.8  9.2  1.07 10.81  5.27  57 1016.1  26.2  26.7  21.2 99.0 99.00
2016 01 18 03 50 151  7.6  8.8  1.19 10.00  5.05  55 1015.7  26.1  26.7  21.0 99.0 99.00
2016 01 18 04 50 144  6.3  7.7  1.18 10.81  5.16  57 1015.8  25.9  26.7  21.2 99.0 99.00
2016 01 18 05 50 141  4.9  6.2  1.12 10.00  5.14  60 1015.5  25.9  26.7  21.3 99.0 99.00
2016 01 18 06 50 171  4.1  5.2  1.05 11.43  5.14  42 1015.2  26.1  26.7  20.4 99.0 99.00
2016 01 18 07 50 139  2.4  3.0  1.10  9.09  5.39  71 1014.9  25.9  26.7  20.9 99.0 99.00
2016 01 18 08 50 144  3.9  4.7  1.11 11.43  5.57  72 1014.8  25.1  26.7  21.2 99.0 99.00
2016 01 18 09 50 140  4.3  5.3  1.05 12.12  5.47  27 1014.9  24.7  26.7  21.3 99.0 99.00
2016 01 18 10 50 148  2.9  3.3  1.07 10.81  5.51  28 1015.2  25.2  26.7  21.6 99.0 99.00
2016 01 18 11 50 117  4.8  5.6  1.06 11.43  5.59  29 1015.8  25.4  26.7  20.8 99.0 99.00
2016 01 18 12 50 105  5.3  6.5  1.04 10.81  5.61  54 1016.1  25.6  26.7  20.2 99.0 99.00
2016 01 18 13 50 112  4.7  5.6  1.04 10.81  5.62   1 1017.0  26.1  26.7  19.9 99.0 99.00
2016 01 18 14 50 136  6.1  7.0  0.94 10.81  5.39  54 1017.0  25.5  26.7  20.9 99.0 99.00
2016 01 18 15 50 145  4.7  5.4  1.02 10.81  5.81  10 1016.6  26.2  26.7  19.9 99.0 99.00
2016 01 18 16 50 144  4.6  5.5  1.00 11.43  5.78  33 1015.7  26.1  26.8  20.9 99.0 99.00
2016 01 18 17 50 148  3.1  4.0  1.01 10.00  6.11 348 1015.2  26.0  26.9  21.3 99.0 99.00
2016 01 18 18 50 139  3.5  4.5  0.97 10.00  6.18   4 1015.0  25.9  26.9  21.2 99.0 99.00
2016 01 18 19 50 129  2.8  3.8  0.98 10.00  6.52 341 1015.0  26.1  26.9  20.8 99.0 99.00
2016 01 18 20 50 122  2.4  3.0  1.00 10.00  6.40 355 1015.3  26.1  26.9  20.7 99.0 99.00
2016 01 18 21 50 104  2.4  3.0  0.98 10.00  6.50  24 1015.8  25.9  26.9  20.9 99.0 99.00
2016 01 18 22 50  93  1.9  2.6  1.03 10.00  6.47  13 1016.3  25.9  26.8  20.6 99.0 99.00
2016 01 18 23 50 112  3.6  4.4  0.95 10.00  6.22  70 1017.0  25.8  26.8  21.6 99.0 99.00
2016 01 19 00 50 114  2.9  3.6  0.98 10.81  6.02  50 1017.8  25.9  26.7  21.2 99.0 99.00
2016 01 19 01 50 117  2.8  3.7  0.99 10.00  6.13   8 1018.3  25.8  26.7  21.3 99.0 99.00
2016 01 19 02 50 109  1.0  1.5  0.95 10.00  6.11  26 1018.5  25.8  26.7  21.0 99.0 99.00
2016 01 19 03 50  82  2.1  2.6  1.01  9.09  6.28  14 1018.2  25.8  26.7  21.2 99.0 99.00
2016 01 19 04 50  65  1.0  1.6  0.92  9.09  5.84 324 1017.9  25.8  26.7  20.9 99.0 99.00
2016 01 19 05 50  54  2.6  3.2  0.86 10.81  5.87  51 1017.4  25.7  26.7  21.1 99.0 99.00
2016 01 19 06 50  86  2.9  3.8  0.98  8.33  6.41 348 1016.9  25.6  26.7  22.0 99.0 99.00
2016 01 19 07 50  96  2.5  3.4  0.94  9.09  6.46  20 1016.4  25.4  26.7  22.0 99.0 99.00
2016 01 19 08 50  85  2.2  2.8  0.90 11.43  6.39  44 1016.3  25.4  26.7  21.3 99.0 99.00
2016 01 19 09 50  80  1.4  2.0  0.90  6.67  6.04  89 1016.7  25.5  26.7  21.4 99.0 99.00
2016 01 19 10 50  63  2.0  2.6  0.95 10.81  6.59  41 1017.2  25.4  26.7  20.9 99.0 99.00
2016 01 19 11 50  61  2.3  3.5  0.89 10.81  6.10  39 1017.7  25.8  26.6  20.5 99.0 99.00
2016 01 19 12 50  68  1.8  2.4  0.89 10.81  6.48  48 1018.7  26.0  26.6  20.6 99.0 99.00
2016 01 19 13 50  63  1.9  2.6  0.89  5.88  6.26  82 1019.3  25.9  26.7  20.7 99.0 99.00
2016 01 19 14 50  88  1.5  2.2  0.92 10.00  6.35  42 1019.2  25.9  26.9  21.2 99.0 99.00
2016 01 19 15 50  97  3.2  4.3  0.96 10.00  6.46  44 1018.7  25.9  27.1  21.1 99.0 99.00
2016 01 19 16 50 100  3.4  4.3  0.89 12.12  6.58  51 1017.7  25.8  27.1  21.1 99.0 99.00
2016 01 19 17 50 103  3.4  4.3  0.90 12.12  6.70 355 1016.7  25.7  27.2  21.4 99.0 99.00
2016 01 19 18 50 114  2.4  3.5  0.94 11.43  6.87  42 1016.2  25.7  27.2  21.6 99.0 99.00
2016 01 19 19 50  77  1.4  2.1  0.97 11.43  6.82   4 1016.1  25.8  27.3  20.6 99.0 99.00
2016 01 19 20 50  46  2.1  3.1  1.00 12.90  6.90 358 1016.4  26.2  27.2  20.7 99.0 99.00
2016 01 19 21 50  61  0.7  1.6  1.13 12.12  7.62 328 1016.6  26.0  27.1  20.8 99.0 99.00
2016 01 19 22 50 117  4.8  5.8  1.12 12.12  7.68 352 1016.8  25.2  26.9  22.0 99.0 99.00
2016 01 19 23 50  98  2.2  3.0  1.24 12.12  7.92 336 1017.3  25.3  26.9  21.2 99.0 99.00
2016 01 20 00 50  63  1.2  2.0  1.64 11.43  8.63 330 1017.5  25.3  26.7  21.7 99.0 99.00
2016 01 20 01 50  25  1.0  1.7  1.54 11.43  8.46 320 1017.8  25.7  26.7  21.1 99.0 99.00
2016 01 20 02 50  50  1.9  2.7  1.72 10.81  8.87 338 1018.0  25.8  26.7  21.0 99.0 99.00
2016 01 20 03 50  46  2.3  3.2  1.64 11.43  8.86 331 1017.7  25.7  26.7  21.2 99.0 99.00
2016 01 20 04 50 114  4.0  5.9  1.59 10.81  8.38 331 1017.2  24.9  26.7  21.2 99.0 99.00
2016 01 20 05 50 134  2.7  3.5  1.40 10.81  8.19 316 1016.5  24.4  26.7  20.6 99.0 99.00
2016 01 20 06 50  94  3.6  4.6  1.86 10.81  9.25 328 1016.1  24.8  26.7  20.8 99.0 99.00
2016 01 20 07 50  37  5.1  5.8  1.51 12.12  8.57 342 1015.8  23.6  26.7  21.3 99.0 99.00
2016 01 20 08 50  42  5.3  6.2  1.66 11.43  8.91 340 1016.2  23.2  26.8  20.9 99.0 99.00
2016 01 20 09 50  55  5.8  6.8  1.58 11.43  8.25 348 1016.7  22.6  26.7  21.2 99.0 99.00
2016 01 20 10 50  58  3.0  4.0  1.43 10.81  7.92 334 1017.2  22.6  26.7  20.9 99.0 99.00
2016 01 20 11 50  42  0.8  1.7  1.44 10.81  7.94 335 1017.5  23.8  26.7  20.6 99.0 99.00
2016 01 20 12 50  50  6.0  6.9  1.55 11.43  8.19 341 1018.3  24.5  26.7  21.6 99.0 99.00
2016 01 20 13 50  41  7.9  9.0  1.39 11.43  7.26 336 1019.0  23.6  26.7  21.1 99.0 99.00
2016 01 20 14 50  42  4.8  5.6  1.48 10.81  7.40 347 1019.2  24.3  26.7  20.5 99.0 99.00
2016 01 20 15 50  52  2.8  3.7  1.52 10.81  7.91 357 1018.9  25.0  26.8  20.3 99.0 99.00
2016 01 20 16 50  77  3.0  4.0  1.49 10.00  7.74 336 1017.7  25.4  26.9  20.7 99.0 99.00
2016 01 20 17 50 117  2.3  3.4  1.76 10.81  8.11 345 1016.7  25.3  27.0  21.2 99.0 99.00
2016 01 20 18 50  98  3.9  5.1  1.44 10.00  7.56 335 1015.6  25.7  27.0  20.5 99.0 99.00
2016 01 20 19 50  98  4.0  5.0  1.78 10.00  8.04 348 1015.6  25.4  26.9  21.4 99.0 99.00
2016 01 20 20 50  98  3.8  5.2  1.59 10.00  7.31 333 1016.1  25.6  26.9  21.3 99.0 99.00
2016 01 20 21 50  89  3.7  4.5  1.80 10.00  7.83 359 1016.6  25.7  26.7  20.6 99.0 99.00
2016 01 20 22 50  88  4.0  5.3  2.10 10.00  7.97 357 1016.6  25.8  26.7  20.5 99.0 99.00
2016 01 20 23 50  47  5.6  6.8  2.05 12.90  7.82 355 1017.1  24.6  26.6  21.3 99.0 99.00
2016 01 21 00 50  58  3.2  4.2  2.58 12.90  8.82 349 1017.7  25.0  26.6  21.4 99.0 99.00
2016 01 21 01 50  86  3.9  4.9  2.38 10.81  8.31 343 1018.2  25.4  26.6  21.3 99.0 99.00
2016 01 21 02 50  93  3.7  4.9  2.52 12.12  8.45 346 1018.2  25.5  26.6  21.6 99.0 99.00
2016 01 21 03 50  83  4.2  5.3  2.47 12.90  8.43 356 1018.0  25.5  26.6  21.1 99.0 99.00
2016 01 21 04 50  98  4.7  5.7  2.64 12.90  8.66 347 1017.6  25.4  26.6  21.1 99.0 99.00
2016 01 21 05 50 117  4.5  5.7  2.47 12.90  8.16 342 1016.8  25.4  26.6  20.3 99.0 99.00
2016 01 21 06 50 118  3.6  5.3  2.22 12.12  7.83 342 1016.2  25.4  26.5  19.6 99.0 99.00
2016 01 21 07 50 122  3.2  4.6  2.12 12.12  7.85 343 1016.1  25.2  26.5  20.5 99.0 99.00
2016 01 21 08 50 112  2.9  4.1  2.38 12.12  8.47 350 1015.9  25.3  26.4  19.6 99.0 99.00
2016 01 21 09 50 109  3.3  4.6  2.26 12.90  8.10 347 1016.3  25.4  26.4  19.5 99.0 99.00
2016 01 21 10 50 104  2.6  3.7  2.54 12.90  8.52 344 1016.8  25.3  26.4  19.9 99.0 99.00
2016 01 21 11 50 126  3.1  4.9  2.69 12.12  9.00 338 1017.3  25.6  26.4  19.7 99.0 99.00
2016 01 21 12 50 106  2.8  4.1  2.70 12.90  9.19 341 1018.3  25.8  26.5  19.6 99.0 99.00
2016 01 21 13 50 109  3.1  4.2  3.07 12.12  9.16 347 1018.9  25.8  26.5  19.7 99.0 99.00
2016 01 21 14 50 103  2.7  4.1  3.44 12.12  9.49 352 1019.0  25.8  26.7  20.3 99.0 99.00
2016 01 21 15 50  95  2.2  3.4  3.21 12.12  9.37 353 1018.8  25.7  26.8  20.1 99.0 99.00
2016 01 21 16 50  94  1.3  2.9  3.22 12.90  9.24 348 1017.9  25.8  27.1  19.7 99.0 99.00
2016 01 21 17 50 115  1.9  3.5  2.99 12.12  9.25 353 1017.0  25.7  27.5  19.9 99.0 99.00
2016 01 21 18 50 132  0.8  2.0  3.31 12.90  9.52 353 1016.4  25.9  27.7  19.7 99.0 99.00
2016 01 21 19 50 100  0.9  2.4  3.21 12.90  9.57 351 1016.4  26.0  27.7  19.6 99.0 99.00
2016 01 21 20 50 124  1.3  2.9  3.49 12.90  9.76 356 1016.6  26.0  27.7  19.9 99.0 99.00
2016 01 21 21 50  93  1.4  2.8  3.24 12.12  9.50 347 1016.9  25.8  27.5  20.1 99.0 99.00
2016 01 21 22 50  90  2.1  2.9  3.00 12.90  9.30 347 1017.3  25.8  27.2  20.1 99.0 99.00
2016 01 21 23 50  80  2.1  3.1  3.06 10.81  9.15 347 1017.8  25.8  27.3  19.9 99.0 99.00
2016 01 22 00 50  58  2.3  3.5  2.91 12.12  8.76 349 1018.4  25.7  27.0  20.0 99.0 99.00
2016 01 22 01 50  86  2.4  3.3  2.95 12.90  8.70 350 1018.6  25.7  26.8  20.1 99.0 99.00
2016 01 22 02 50  71  2.9  3.9  2.76 12.90  8.93 360 1018.6  25.5  26.8  20.4 99.0 99.00
2016 01 22 03 50  57  2.4  3.5  2.56 12.90  8.68 342 1018.3  25.4  26.7  20.4 99.0 99.00
2016 01 22 04 50  51  2.9  3.8  2.79 13.79  8.86   4 1017.9  25.5  26.7  20.0 99.0 99.00
2016 01 22 05 50  46  3.4  4.2  2.50 12.90  8.34 356 1017.4  25.1  26.6  20.6 99.0 99.00
2016 01 22 06 50  60  3.5  4.4  2.63 12.12  8.47 356 1016.5  25.2  26.6  20.3 99.0 99.00
2016 01 22 07 50  64  3.4  4.3  2.44 12.12  8.11 348 1016.2  24.9  26.6  21.1 99.0 99.00
2016 01 22 08 50  76  3.0  3.9  2.74 12.12  8.64 357 1016.2  25.0  26.6  21.2 99.0 99.00
2016 01 22 09 50  93  3.5  4.4  2.58 12.12  8.36 350 1016.4  25.1  26.6  20.7 99.0 99.00
2016 01 22 10 50  78  3.7  4.5  2.44 12.12  8.34 355 1017.0  25.2  26.6  20.5 99.0 99.00
2016 01 22 11 50  80  4.0  5.3  2.29 11.43  8.16 351 1017.6  25.4  26.6  20.5 99.0 99.00
2016 01 22 12 50  72  4.0  5.1  2.13 12.12  7.89 355 1018.3  25.5  26.6  20.5 99.0 99.00
2016 01 22 13 50  89  4.5  5.6  2.13 12.90  7.63   1 1018.9  25.7  26.7  20.6 99.0 99.00
2016 01 22 14 50  32  5.6  6.8  2.19 12.12  7.75 354 1019.0  24.5  26.7  21.7 99.0 99.00
2016 01 22 15 50  71  5.4  7.5  2.18 11.43  7.41   2 1018.8  23.6  26.6  21.4 99.0 99.00
2016 01 22 16 50  21  6.0  9.4  2.34 11.43  7.50 358 1017.8  24.1  26.7  20.9 99.0 99.00
2016 01 22 17 50  72  5.4  6.6  2.26 11.43  7.50   1 1016.6  25.1  26.7  21.5 99.0 99.00
2016 01 22 18 50  93  5.4  7.7  2.06 11.43  7.43  10 1016.1  24.2  26.7  21.4 99.0 99.00
2016 01 22 19 50  93  5.9  7.1  2.02 12.12  7.44  10 1015.6  25.6  26.7  20.8 99.0 99.00
2016 01 22 20 50  99  6.5  7.8  2.03 11.43  6.93 351 1015.6  25.6  26.7  20.8 99.0 99.00
2016 01 22 21 50  80  5.5  7.1  1.97 10.81  7.04 350 1015.9  25.3  26.6  21.8 99.0 99.00
2016 01 22 22 50 115  7.2  8.8  1.97 11.43  6.79   6 1016.1  25.9  26.5  20.9 99.0 99.00
2016 01 22 23 50 121  6.4  8.0  2.07 12.12  6.75  17 1016.7  25.9  26.4  20.5 99.0 99.00
2016 01 23 00 50 117  7.1  8.2  2.15 12.12  7.23   2 1016.6  25.9  26.4  20.6 99.0 99.00
2016 01 23 01 50 137  5.5  8.2  1.98 11.43  6.58  11 1016.8  24.7  26.4  20.6 99.0 99.00
2016 01 23 02 50 129  5.4  6.6  1.87 12.12  6.60  17 1017.0  25.3  26.4  21.6 99.0 99.00
2016 01 23 03 50 138  6.5  7.8  1.87 11.43  6.70 360 1016.9  26.0  26.4  21.3 99.0 99.00
2016 01 23 04 50 138  9.2 11.5  1.73 12.12  6.28  13 1016.3  25.6  26.4  20.6 99.0 99.00
2016 01 23 05 50 149  8.3 10.0  1.92 11.43  6.42  28 1015.8  25.9  26.4  21.2 99.0 99.00
2016 01 23 06 50 148  8.0  9.6  1.86 10.00  6.30 357 1015.2  26.0  26.4  20.6 99.0 99.00
2016 01 23 07 50 144  8.7 10.3  1.73 10.81  5.90   4 1014.6  25.9  26.4  20.9 99.0 99.00
2016 01 23 08 50 144  9.0 11.2  1.77 11.43  5.91  17 1014.6  26.0  26.4  21.0 99.0 99.00
2016 01 23 09 50 146  9.2 11.2  1.74 10.81  5.66  15 1015.1  26.0  26.4  20.6 99.0 99.00
2016 01 23 10 50 143 10.0 12.7  1.78 12.12  5.59   9 1015.6  25.5  26.4  21.3 99.0 99.00
2016 01 23 11 50 158  9.5 11.0  1.90  5.56  5.64 140 1016.2  26.2  26.4  19.9 99.0 99.00
2016 01 23 12 50 157  8.9 10.8  1.97 11.43  5.66  20 1016.8  26.1  26.4  20.7 99.0 99.00
2016 01 23 13 50 161  9.6 11.7  2.01  5.56  5.49 144 1017.5  26.3  26.4  19.9 99.0 99.00
2016 01 23 14 50 158  9.3 11.3  2.08  6.25  5.80 135 1017.7  26.4  26.5  20.2 99.0 99.00
2016 01 23 15 50 155  9.1 10.6  1.95  6.25  5.72 134 1017.4  26.4  26.5  20.3 99.0 99.00
2016 01 23 16 50 153  9.2 11.2  1.87 12.12  5.61  14 1016.5  26.4  26.5  20.9 99.0 99.00
2016 01 23 17 50 152  9.5 11.3  2.11 10.81  6.09  10 1015.6  26.5  26.5  20.2 99.0 99.00
2016 01 23 18 50 157  9.4 11.4  1.93 11.43  5.85 357 1015.0  26.4  26.6  20.3 99.0 99.00
2016 01 23 19 50 151  9.3 11.3  2.20 10.81  6.08 359 1014.6  26.5  26.6  19.9 99.0 99.00
2016 01 23 20 50 152  9.3 11.7  2.00  6.67  5.67 143 1014.5  26.4  26.6  20.2 99.0 99.00
2016 01 23 21 50 157  9.2 11.1  1.93 10.81  5.72  33 1014.6  26.4  26.6  20.5 99.0 99.00
2016 01 23 22 50 152  9.4 11.5  1.87  6.67  5.65 135 1015.0  26.4  26.6  20.6 99.0 99.00
2016 01 23 23 50 152  9.9 11.7  1.87  6.25  5.51 146 1015.2  26.3  26.6  20.5 99.0 99.00
2016 01 24 00 50 152 10.4 12.7  1.93 10.81  5.41  24 1015.5  26.3  26.6  20.6 99.0 99.00
2016 01 24 01 50 153 10.5 12.3  1.90  6.25  5.40 145 1015.6  26.3  26.5  20.8 99.0 99.00
2016 01 24 02 50 152 10.5 12.9  2.12  6.67  5.42 142 1015.5  26.2  26.5  20.8 99.0 99.00
2016 01 24 03 50 152 10.7 13.0  2.00  6.25  5.29 148 1015.3  26.1  26.5  20.9 99.0 99.00
2016 01 24 04 50 158 10.3 12.4  2.17  6.67  5.47 136 1015.1  26.1  26.5  21.1 99.0 99.00
2016 01 24 06 50 164 10.0 12.0  2.11  6.25  5.45 136 1014.4  26.1  26.5  21.0 99.0 99.00
2016 01 24 07 50 162  9.7 11.6  2.16  6.67  5.49 134 1013.5  26.0  26.5  21.0 99.0 99.00
2016 01 24 08 50 162  9.8 11.5  2.13  6.67  5.54 140 1013.1  26.0  26.5  20.9 99.0 99.00
2016 01 24 09 50 167  9.6 11.0  2.02  6.67  5.46 143 1013.6  26.0  26.5  20.8 99.0 99.00
2016 01 24 10 50 170  9.1 10.6  1.99  7.14  5.60 128 1013.9  26.0  26.5  21.0 99.0 99.00
2016 01 24 11 50 167  8.7 10.2  1.94  6.67  5.48 127 1014.9  26.1  26.4  21.2 99.0 99.00
2016 01 24 12 50 166  8.4  9.9  1.94  7.14  5.55 134 1015.7  26.3  26.4  21.2 99.0 99.00
2016 01 24 13 50 166  8.5 10.1  2.02  6.67  5.60 149 1016.5  26.4  26.5  20.9 99.0 99.00
2016 01 24 14 50 168  9.8 12.0  1.93  6.67  5.47 137 1016.2  26.4  26.5  21.6 99.0 99.00
2016 01 24 15 50 174 10.1 11.8  2.02  6.67  5.30 141 1015.9  26.5  26.6  21.7 99.0 99.00
2016 01 24 16 50 174  9.7 11.6  1.97  6.67  5.38 131 1015.3  26.5  26.6  21.8 99.0 99.00
2016 01 24 17 50 175  9.7 11.8  1.90  5.88  5.29 152 1014.4  26.5  26.6  22.0 99.0 99.00
2016 01 24 18 50 173  9.4 11.2  1.79  6.67  5.22 132 1013.9  26.5  26.6  22.0 99.0 99.00
2016 01 24 19 50 174  9.0 10.4  1.74  6.67  5.24 128 1014.2  26.6  26.6  21.9 99.0 99.00
2016 01 24 20 50 178  8.6  9.8  1.72  5.88  5.21 153 1014.6  26.6  26.7  21.9 99.0 99.00
2016 01 24 21 50 177  7.9  9.3  1.78  6.25  5.42 149 1015.2  26.5  26.7  22.2 99.0 99.00
2016 01 24 22 50 182  7.8  9.1  1.59  5.26  5.38 178 1015.8  26.5  26.7  22.1 99.0 99.00
2016 01 24 23 50 181  8.5  9.6  1.65 12.90  5.50 311 1016.5  26.5  26.6  21.6 99.0 99.00
2016 01 25 00 50 188  6.8  8.0  1.86 12.12  5.92 331 1017.3  26.5  26.5  22.0 99.0 99.00
2016 01 25 01 50 184  6.1  7.3  1.86 12.90  6.18 317 1017.7  26.4  26.5  22.0 99.0 99.00
2016 01 25 02 50 173  5.6  6.9  2.10 12.12  6.96 315 1018.1  26.3  26.5  22.3 99.0 99.00
2016 01 25 03 50 360  6.9  8.4  2.22 11.43  7.37 306 1019.1  22.6  26.4  21.5 99.0 99.00
2016 01 25 04 50   1  7.7  9.1  2.47 12.90  7.18 314 1019.1  22.8  26.4  19.5 99.0 99.00
2016 01 25 05 50  12  4.7  7.6  2.57 13.79  7.51 312 1018.8  23.8  26.4  18.2 99.0 99.00
2016 01 25 06 50  49  3.7  6.1  2.86 12.90  7.97 316 1018.1  23.8  26.4  18.9 99.0 99.00
2016 01 25 07 50  88  6.8  8.9  2.60 12.90  8.01 308 1017.4  23.9  26.4  19.6 99.0 99.00
2016 01 25 08 50  70  6.1  8.2  2.65 12.90  8.38 308 1017.6  24.7  26.4  18.6 99.0 99.00
2016 01 25 09 50  72  6.4  8.0  3.15 12.90  9.23 310 1018.2  24.5  26.4  20.1 99.0 99.00
2016 01 25 10 50  77  6.5  8.4  2.89 12.12  8.61 315 1019.0  24.2  26.5  20.3 99.0 99.00
2016 01 25 11 50  78  8.0  9.7  2.94 12.90  8.71 313 1019.5  24.5  26.5  20.7 99.0 99.00
2016 01 25 12 50  72  7.6  9.2  2.97 12.90  8.69 302 1020.5  24.4  26.5  20.2 99.0 99.00
2016 01 25 13 50  73  5.7  7.3  3.17 12.12  9.10 311 1021.7  24.6  26.6  19.8 99.0 99.00
2016 01 25 14 50  71  4.2  5.7  2.85 12.12  8.41 304 1021.9  24.8  26.6  20.2 99.0 99.00
2016 01 25 15 50  70  4.9  6.1  3.06 12.12  8.38 304 1021.8  24.8  26.6  20.7 99.0 99.00
2016 01 25 16 50  77  3.6  6.0  2.66 12.12  7.81 304 1021.4  25.0  26.6  20.5 99.0 99.00
2016 01 25 17 50  71  4.5  6.0  2.63 10.81  8.01 307 1020.5  25.2  26.6  20.2 99.0 99.00
2016 01 25 18 50  85  4.1  5.6  2.92 12.12  8.27 307 1020.0  25.4  26.7  20.7 99.0 99.00
2016 01 25 19 50  90  3.8  5.2  2.77 12.12  8.07 301 1020.0  25.6  26.6  20.5 99.0 99.00
2016 01 25 20 50 106  6.7  9.0  2.71 12.12  8.34 312 1019.8  25.7  26.6  20.7 99.0 99.00
2016 01 25 21 50 102  4.0  5.1  2.50 12.12  7.89 310 1020.7  25.8  26.6  21.0 99.0 99.00
2016 01 25 22 50  98  3.9  5.4  2.71 11.43  8.27 306 1021.0  25.9  26.6  21.2 99.0 99.00
2016 01 25 23 50 109  4.2  5.4  2.62 11.43  8.29 309 1021.1  25.9  26.6  21.1 99.0 99.00
2016 01 26 00 50  65  5.2  6.5  2.64 12.12  8.04 313 1021.6  25.9  26.5  21.8 99.0 99.00
2016 01 26 01 50  46  5.4  6.8  2.60 12.12  7.88 307 1022.2  25.9  26.5  21.9 99.0 99.00
2016 01 26 02 50  37  7.0  8.5  2.48 11.43  7.78 305 1022.2  25.7  26.5  21.4 99.0 99.00
2016 01 26 03 50  37  6.9  8.0  2.51 11.43  7.66 303 1022.0  25.6  26.5  21.4 99.0 99.00
2016 01 26 04 50  48  6.5  7.5  2.49 11.43  7.51 298 1021.8  25.6  26.5  21.0 99.0 99.00
2016 01 26 05 50  48  6.3  7.6  2.37 12.12  7.32 319 1021.3  25.7  26.5  21.0 99.0 99.00
2016 01 26 06 50  53  6.5  7.7  2.08 10.81  7.06 302 1020.6  25.6  26.5  20.8 99.0 99.00
2016 01 26 07 50  48  6.4  7.7  2.33 11.43  7.47 314 1020.6  25.5  26.4  21.3 99.0 99.00
2016 01 26 08 50  53  6.5  7.7  2.31 11.43  7.54 309 1020.2  25.4  26.4  21.4 99.0 99.00
2016 01 26 09 50  60  6.0  7.2  2.47 11.43  7.89 307 1020.6  25.4  26.4  21.3 99.0 99.00
2016 01 26 10 50  70  6.5  8.0  2.40 11.43  7.85 311 1020.9  25.6  26.4  21.5 99.0 99.00
2016 01 26 11 50  80  6.2  7.6  2.23 12.90  7.41 343 1021.7  25.8  26.4  20.3 99.0 99.00
2016 01 26 12 50  77  6.7  7.7  2.45 11.43  7.91 319 1022.7  25.8  26.4  21.0 99.0 99.00
2016 01 26 13 50  76  7.0  9.1  2.20 13.79  7.49 334 1023.3  26.0  26.4  20.6 99.0 99.00
2016 01 26 14 50  76  7.2  8.7  2.41 11.43  7.62 320 1023.2  26.0  26.5  20.4 99.0 99.00
2016 01 26 15 50  79  7.2  8.5  2.37 10.81  7.57 314 1022.9  26.0  26.5  20.7 99.0 99.00
2016 01 26 16 50  74  7.5  8.9  2.19 12.12  7.00 336 1022.5  26.0  26.6  21.1 99.0 99.00
2016 01 26 17 50  81  7.3  9.2  2.26 12.90  7.02 343 1021.5  26.0  26.6  21.1 99.0 99.00
2016 01 26 18 50  73  7.7  9.4  2.42 10.81  7.23 317 1021.0  26.0  26.6  21.0 99.0 99.00
2016 01 26 19 50  83  8.5 10.0  2.18 11.43  6.69 324 1020.6  26.1  26.6  20.6 99.0 99.00
2016 01 26 20 50  87 10.4 12.3  2.44 12.90  6.97 354 1020.5  25.6  26.6  20.8 99.0 99.00
2016 01 26 21 50  77  8.2 10.1  2.37 12.12  6.73 343 1020.6  25.8  26.6  21.4 99.0 99.00
2016 01 26 22 50  86  8.7 11.0  2.28 12.12  6.63 337 1020.9  26.1  26.7  20.9 99.0 99.00
2016 01 26 23 50  84  9.4 10.6  2.53 11.43  6.89 337 1021.3  26.1  26.7  20.7 99.0 99.00
2016 01 27 00 50  84  9.4 11.0  2.39 12.12  6.73 344 1021.7  26.1  26.6  21.1 99.0 99.00
2016 01 27 01 50  87 10.0 12.1  2.45 12.90  6.80 344 1021.7  26.2  26.6  20.7 99.0 99.00
2016 01 27 02 50  90 10.5 12.2  2.50 11.43  6.82 337 1021.6  26.2  26.6  21.0 99.0 99.00
2016 01 27 03 50  97  9.5 11.7  2.57 12.12  6.29 351 1021.6  26.1  26.6  20.9 99.0 99.00
2016 01 27 04 50  95  9.4 11.5  2.43 12.90  6.48 341 1021.2  26.1  26.6  20.7 99.0 99.00
2016 01 27 05 50  92  9.9 11.8  2.77 12.90  6.88 348 1020.8  26.2  26.6  20.8 99.0 99.00
2016 01 27 06 50  96  9.7 12.1  2.77 12.12  6.73 345 1020.1  26.2  26.6  21.4 99.0 99.00
2016 01 27 07 50  97  9.9 11.7  2.72 11.43  6.63 345 1019.6  26.1  26.6  21.4 99.0 99.00
2016 01 27 08 50 102 10.1 12.0  2.64 12.90  6.50 350 1019.5  26.1  26.6  20.9 99.0 99.00
2016 01 27 09 50 102  9.9 11.9  2.66  8.33  6.30  32 1019.9  26.1  26.5  20.5 99.0 99.00
2016 01 27 10 50  98  9.5 11.2  2.90 12.90  6.84 347 1020.2  26.0  26.5  20.6 99.0 99.00
2016 01 27 11 50  93  9.5 11.1  2.88 11.43  6.86 355 1020.8  26.1  26.5  20.3 99.0 99.00
2016 01 27 12 50  99  9.1 10.9  2.89 11.43  6.98 353 1021.5  26.2  26.5  20.6 99.0 99.00
2016 01 27 13 50 105  8.2  9.9  2.87 11.43  6.82 347 1022.2  26.3  26.5  20.6 99.0 99.00
2016 01 27 14 50  93  8.2 10.3  2.74 10.81  6.92 346 1022.3  26.3  26.6  20.9 99.0 99.00
2016 01 27 15 50  98  9.5 11.0  2.56  9.09  6.71  87 1021.4  26.3  26.6  20.7 99.0 99.00
2016 01 27 16 50 104  9.5 11.3  2.59 11.43  6.63 359 1020.1  26.3  26.6  20.9 99.0 99.00
2016 01 27 17 50 111 10.4 12.7  2.54  9.09  6.65 103 1018.8  26.2  26.6  21.0 99.0 99.00
2016 01 27 18 50 113  9.1 11.3  2.64 10.00  6.63  11 1018.5  26.3  26.6  20.8 99.0 99.00
2016 01 27 19 50 117  9.2 11.0  2.51  8.33  6.33  96 1018.4  26.4  26.6  20.6 99.0 99.00
2016 01 27 20 50 125  8.4 10.3  2.54 10.00  6.63  22 1018.6  26.3  26.6  20.9 99.0 99.00
2016 01 27 21 50 120  7.8  9.2  2.32 10.81  6.43 355 1019.0  26.3  26.6  20.7 99.0 99.00
2016 01 27 22 50 115  7.3  9.1  2.63  9.09  6.86  96 1019.3  26.3  26.6  20.5 99.0 99.00
2016 01 27 23 50 112  8.5 10.7  2.25  8.33  6.55  96 1019.4  26.3  26.6  20.8 99.0 99.00
2016 01 28 00 50 121  5.5  7.0  2.07  8.33  6.29 119 1020.4  25.9  26.6  20.9 99.0 99.00
2016 01 28 01 50 124  7.8  9.3  2.33  8.33  6.61  94 1020.5  26.2  26.6  20.5 99.0 99.00
2016 01 28 02 50 115  8.4 10.0  2.37  9.09  6.66 104 1020.6  26.1  26.6  20.2 99.0 99.00
2016 01 28 03 50 118  8.1 10.3  2.22  7.69  6.39  87 1020.3  26.2  26.6  21.1 99.0 99.00
2016 01 28 04 50 115  8.8 10.7  2.22  8.33  6.16 101 1020.0  26.0  26.6  20.4 99.0 99.00
2016 01 28 05 50 119  8.5 10.1  2.14  8.33  5.97  93 1020.0  26.1  26.6  20.0 99.0 99.00
2016 01 28 06 50 117  7.3  8.8  2.21  8.33  6.11 115 1019.2  26.0  26.6  19.8 99.0 99.00
2016 01 28 07 50 101  8.6 10.2  2.18  8.33  6.17  92 1018.5  26.2  26.6  19.2 99.0 99.00
2016 01 28 08 50 116 12.7 14.6  2.11  8.33  5.95  88 1018.2  25.0  26.6  20.4 99.0 99.00
2016 01 28 09 50 106  6.8  9.4  1.93  7.69  5.85  93 1018.4  25.8  26.6  20.1 99.0 99.00
2016 01 28 10 50  97  9.8 11.3  2.14  8.33  6.25 104 1018.8  25.9  26.6  20.6 99.0 99.00
2016 01 28 11 50 105  9.8 11.5  2.04  8.33  5.90  88 1019.4  26.0  26.6  19.8 99.0 99.00
2016 01 28 13 50 106  9.5 11.4  2.16  8.33  5.88  97 1020.5  26.1  26.6  20.0 99.0 99.00
2016 01 28 14 50 110  8.8 10.2  2.23  8.33  5.90 101 1020.5  26.2  26.6  20.0 99.0 99.00
2016 01 28 15 50 110  8.5 10.2  2.21  8.33  5.97 107 1019.9  26.2  26.6  20.0 99.0 99.00
2016 01 28 16 50 112  9.3 11.0  2.21  9.09  6.02  97 1018.9  26.2  26.6  19.8 99.0 99.00
2016 01 28 17 50 102  9.1 10.8  2.16  9.09  5.81 102 1018.1  26.1  26.6  20.2 99.0 99.00
2016 01 28 18 50 110  8.4  9.7  2.12  9.09  5.92 111 1017.7  26.1  26.7  20.2 99.0 99.00
2016 01 28 19 50 117  8.6 10.0  2.10  8.33  5.92 109 1017.1  26.1  26.7  19.7 99.0 99.00
2016 01 28 20 50 104  7.8  9.4  2.08  9.09  6.06 109 1017.2  26.0  26.7  20.7 99.0 99.00
2016 01 28 21 50 108  8.1  9.4  2.15  9.09  6.34 102 1017.4  26.0  26.7  20.7 99.0 99.00
2016 01 28 22 50 108  8.6 10.4  1.86  9.09  6.01 116 1017.8  26.0  26.6  20.7 99.0 99.00
2016 01 28 23 50 110  8.1  9.2  2.14  9.09  6.23 109 1018.3  26.0  26.6  20.9 99.0 99.00
2016 01 29 00 50 108  8.0  9.3  2.09 10.00  6.35  84 1018.6  26.0  26.6  20.8 99.0 99.00
2016 01 29 01 50 107  8.1  9.8  1.98  9.09  6.21 113 1018.9  26.0  26.6  20.4 99.0 99.00
2016 01 29 02 50 104  7.9  9.5  2.20  9.09  6.40 107 1018.7  26.1  26.6  21.1 99.0 99.00
2016 01 29 03 50 108  8.8 10.5  2.08  9.09  6.14  97 1018.0  26.0  26.6  21.1 99.0 99.00
2016 01 29 04 50 116  8.3  9.8  2.18  9.09  6.23 104 1017.4  26.0  26.6  21.2 99.0 99.00
2016 01 29 05 50 111  8.1  9.8  2.12  9.09  6.20 104 1016.8  25.9  26.6  20.9 99.0 99.00
2016 01 29 06 50 113  8.6 10.3  2.11  9.09  6.08 105 1016.0  25.9  26.6  21.3 99.0 99.00
2016 01 29 07 50 123 10.4 12.8  2.33  9.09  5.69  89 1015.7  24.0  26.6  20.7 99.0 99.00
2016 01 29 08 50 137  6.3  7.8  2.15  9.09  5.95 102 1015.7  25.0  26.6  22.0 99.0 99.00
2016 01 29 09 50 148  7.3  8.8  2.24  9.09  6.16  97 1015.5  24.7  26.6  21.9 99.0 99.00
2016 01 29 10 50 143  7.0  8.6  1.96  8.33  5.77 100 1015.9  25.6  26.6  22.0 99.0 99.00
2016 01 29 11 50 138  8.3  9.9  1.84 10.00  5.65  98 1016.4  25.9  26.6  21.1 99.0 99.00
2016 01 29 12 50 138  7.9 10.0  1.86  9.09  5.72  93 1017.3  25.4  26.6  21.0 99.0 99.00
2016 01 29 13 50 148  7.7  9.7  1.97  9.09  6.05 104 1018.1  26.1  26.6  21.3 99.0 99.00
2016 01 29 14 50 140  7.6  9.1  1.90  9.09  5.68 107 1018.1  26.2  26.6  20.9 99.0 99.00
2016 01 29 15 50 148  7.5  8.8  1.85  9.09  5.89 107 1017.8  26.3  26.6  21.0 99.0 99.00
2016 01 29 16 50 153  6.9  8.0  1.82  8.33  5.92 102 1017.4  26.4  26.6  20.8 99.0 99.00
2016 01 29 17 50 160  6.0  7.0  1.79  9.09  5.97 100 1016.9  26.4  26.6  20.9 99.0 99.00
2016 01 29 18 50 154  5.0  6.7  1.87  9.09  6.15  99 1016.3  26.3  26.7  21.4 99.0 99.00
2016 01 29 19 50 147  5.5  6.9  1.77  9.09  5.98 102 1016.2  26.4  26.6  20.7 99.0 99.00
2016 01 29 20 50 153  5.1  6.1  1.66  7.69  6.07  96 1016.4  26.4  26.6  20.8 99.0 99.00
2016 01 29 21 50 148  5.4  6.5  1.77 10.00  6.39  97 1016.6  26.2  26.6  20.9 99.0 99.00
2016 01 29 22 50 138  5.2  6.1  1.71  9.09  6.40 103 1017.1  26.0  26.6  21.0 99.0 99.00
2016 01 29 23 50 137  3.7  4.5  1.68  9.09  6.40 116 1017.7  26.0  26.6  20.7 99.0 99.00
2016 01 30 00 50 141  4.2  5.0  1.64  8.33  6.52  96 1018.3  26.2  26.5  20.0 99.0 99.00
2016 01 30 01 50 137  4.6  5.4  1.74  9.09  6.79 102 1018.2  26.1  26.5  20.7 99.0 99.00
2016 01 30 02 50 130  5.1  6.0  1.66  9.09  6.70  94 1018.1  26.1  26.5  20.9 99.0 99.00
2016 01 30 03 50 126  6.3  7.2  1.49 10.00  6.23 103 1018.0  25.6  26.5  21.7 99.0 99.00
2016 01 30 04 50 131  4.7  5.6  1.53  8.33  6.39  93 1017.8  25.6  26.5  21.1 99.0 99.00
2016 01 30 05 50 121  5.5  6.7  1.68  8.33  6.50 100 1017.4  25.5  26.5  21.1 99.0 99.00
2016 01 30 06 50 119  5.9  7.1  1.54  9.09  6.18  96 1017.0  25.6  26.5  21.2 99.0 99.00
2016 01 30 07 50 131  5.9  6.8  1.64  9.09  6.27  98 1016.6  25.7  26.5  21.1 99.0 99.00
2016 01 30 08 50 126  6.2  7.6  1.50 10.00  5.92  92 1016.3  25.6  26.5  21.3 99.0 99.00
2016 01 30 09 50 112  5.9  7.1  1.53  9.09  6.10 104 1016.4  25.6  26.5  21.4 99.0 99.00
2016 01 30 10 50 114  6.6  7.4  1.43  9.09  5.96 100 1017.1  25.5  26.5  21.4 99.0 99.00
2016 01 30 11 50 115  7.2  8.3  1.55  9.09  6.17 100 1017.7  25.7  26.5  21.6 99.0 99.00
2016 01 30 12 50 123  6.2  7.2  1.49  9.09  5.91  99 1018.5  25.8  26.5  21.7 99.0 99.00
2016 01 30 13 50 118  6.2  7.1  1.51  9.09  5.97  88 1019.2  26.1  26.6  21.5 99.0 99.00
2016 01 30 14 50 116  6.0  7.1  1.51  9.09  6.15  99 1019.2  26.2  26.6  21.4 99.0 99.00
2016 01 30 15 50 116  6.7  7.8  1.45  9.09  6.16  92 1018.8  26.2  26.6  21.6 99.0 99.00
2016 01 30 16 50 118  5.8  7.2  1.57  8.33  6.34  93 1018.3  26.1  26.6  21.2 99.0 99.00
2016 01 30 17 50 122  5.4  6.6  1.40  9.09  6.09  97 1017.4  26.1  26.7  21.5 99.0 99.00
2016 01 30 18 50 118  2.4  3.1  1.49  9.09  6.32  95 1017.3  26.2  26.8  21.6 99.0 99.00
2016 01 30 19 50 103  3.3  4.4  1.56  9.09  6.53  91 1017.5  26.0  26.9  21.6 99.0 99.00
2016 01 30 20 50 139  3.9  5.8  1.39  9.09  6.15  98 1017.8  25.2  26.8  20.6 99.0 99.00
2016 01 30 21 50 114  2.7  3.5  1.33 10.00  6.23  93 1018.2  26.1  26.7  21.1 99.0 99.00
2016 01 30 22 50 172  1.5  2.0  1.33  9.09  6.41  93 1018.5  25.5  26.7  20.8 99.0 99.00
2016 01 30 23 50 200  2.2  3.0  1.63  9.09  7.03  90 1019.1  25.2  26.7  21.1 99.0 99.00
2016 01 31 00 50 130  1.9  3.0  1.46  9.09  6.74  97 1019.4  25.7  26.7  21.8 99.0 99.00
2016 01 31 01 50 110  4.1  5.6  1.40  9.09  6.73  90 1019.9  25.9  26.7  20.7 99.0 99.00
2016 01 31 02 50 109  3.7  4.8  1.48  9.09  6.87  90 1020.0  25.9  26.6  21.6 99.0 99.00
2016 01 31 03 50 118  4.4  5.5  1.30  9.09  6.69  90 1019.6  26.0  26.6  21.6 99.0 99.00
2016 01 31 04 50 113  4.8  5.7  1.31  9.09  6.70  99 1019.3  25.8  26.6  21.7 99.0 99.00
2016 01 31 05 50  98  4.4  5.4  1.37  9.09  6.76  96 1018.9  25.8  26.6  21.4 99.0 99.00
2016 01 31 06 50  95  4.4  5.9  1.41  9.09  6.84 100 1018.1  25.6  26.6  21.5 99.0 99.00
2016 01 31 07 50  98  4.1  5.0  1.44  9.09  6.84  95 1017.5  25.6  26.6  21.4 99.0 99.00
2016 01 31 08 50  89  4.7  5.8  1.30  9.09  6.45  91 1017.5  25.5  26.6  21.6 99.0 99.00
2016 01 31 09 50  89  4.9  6.0  1.41  9.09  6.71  94 1018.0  25.5  26.6  21.2 99.0 99.00
2016 01 31 10 50  80  5.3  6.3  1.26  8.33  6.24  87 1018.4  25.5  26.6  21.3 99.0 99.00
2016 01 31 11 50  82  5.1  6.0  1.32  9.09  6.54  80 1019.0  25.6  26.6  21.2 99.0 99.00
2016 01 31 12 50  80  5.1  6.2  1.35  9.09  6.58  99 1019.8  25.9  26.6  21.0 99.0 99.00
2016 01 31 13 50  89  5.2  6.3  1.29  9.09  6.38  89 1020.4  26.0  26.6  21.1 99.0 99.00
2016 01 31 14 50  86  5.3  6.5  1.21  9.09  6.05  75 1020.6  25.9  26.6  21.0 99.0 99.00
2016 01 31 15 50  94  5.6  6.6  1.29  9.09  6.39  91 1019.9  25.9  26.7  20.9 99.0 99.00
2016 01 31 16 50  98  5.6  6.8  1.29  9.09  6.35  92 1019.2  25.9  26.7  20.7 99.0 99.00
2016 01 31 17 50  92  5.1  6.3  1.30  8.33  6.08  71 1018.4  25.9  26.8  20.2 99.0 99.00
2016 01 31 18 50  83  5.6  6.6  1.24  9.09  6.08  82 1017.9  25.9  26.8  20.3 99.0 99.00
2016 01 31 19 50  86  5.6  7.2  1.45  9.09  6.30  78 1017.7  25.8  26.8  20.3 99.0 99.00
2016 01 31 20 50  90  5.8  6.8  1.46  8.33  6.27  73 1017.7  25.9  26.8  20.0 99.0 99.00
2016 01 31 21 50  94  6.0  7.2  1.75 10.00  6.69 334 1017.9  25.8  26.7  20.6 99.0 99.00
2016 01 31 22 50  97  6.0  7.6  1.76  9.09  6.96  57 1018.2  25.7  26.6  20.2 99.0 99.00
