#YY  MM DD hh mm WDIR WSPD GST  WVHT   DPD   APD MWD   PRES  ATMP  WTMP  DEWP  VIS  TIDE
#yr  mo dy hr mn degT m/s  m/s     m   sec   sec deg    hPa  degC  degC  degC  nmi    ft
2016 03 31 23 50 102  8.6 10.4  2.11  8.33  6.03 109 1019.5  25.9  26.8  19.5 99.0 99.00
2016 04 01 00 50  99  7.7  9.5  2.02  8.33  5.88 110 1020.2  25.9  26.8  19.8 99.0 99.00
2016 04 01 01 50  96  8.5  9.9  2.14  8.33  5.95 116 1020.3  25.9  26.8  19.7 99.0 99.00
2016 04 01 02 50 105  8.6 10.1  1.96  8.33  5.73 122 1020.5  25.9  26.8  20.0 99.0 99.00
2016 04 01 03 50 103  9.5 11.3  1.98  8.33  5.77 126 1020.0  25.7  26.8  19.8 99.0 99.00
2016 04 01 04 50 103  9.8 11.3  2.05  7.69  5.81 118 1019.7  25.7  26.8  19.7 99.0 99.00
2016 04 01 05 50  99  8.9 10.8  2.06  7.69  5.80 115 1018.9  25.6  26.8  20.2 99.0 99.00
2016 04 01 06 50  97  8.6 10.4  2.08  8.33  5.77 123 1018.6  25.5  26.7  20.0 99.0 99.00
2016 04 01 07 50 104  9.2 10.9  2.14  7.69  5.95 110 1018.3  25.6  26.8  19.8 99.0 99.00
2016 04 01 08 50  95  8.7 10.2  2.22  7.69  5.90 112 1018.3  25.5  26.8  20.1 99.0 99.00
2016 04 01 09 50 102  8.1 10.1  2.13  7.69  5.96 109 1018.9  25.5  26.8  20.1 99.0 99.00
2016 04 01 10 50  95  7.4  9.2  2.26  7.69  6.00 123 1019.2  25.5  26.8  20.8 99.0 99.00
2016 04 01 11 50  93  8.3 10.8  2.14  8.33  6.00 102 1019.8  25.6  26.8  20.3 99.0 99.00
2016 04 01 12 50 100  8.1  9.8  2.21  7.69  6.02 105 1020.0  25.7  26.8  20.6 99.0 99.00
2016 04 01 13 50  89  8.6 10.1  2.07  7.69  5.92  93 1019.7  25.7  26.8  20.7 99.0 99.00
2016 04 01 14 50  94  7.8  9.6  2.18  8.33  5.96 107 1019.8  25.7  26.9  21.0 99.0 99.00
2016 04 01 15 50 100  7.8  8.9  2.36  7.69  6.44 103 1019.6  25.7  26.9  21.1 99.0 99.00
2016 04 01 16 50  99  7.1  8.4  2.37  8.33  6.42 108 1019.1  25.8  26.9  20.9 99.0 99.00
2016 04 01 17 50  94  6.6  8.1  2.17  8.33  6.19  88 1018.6  25.8  26.9  21.1 99.0 99.00
2016 04 01 18 50 103  6.6  8.1  2.19  7.14  6.17  98 1017.9  25.8  27.0  20.5 99.0 99.00
2016 04 01 19 50  93  7.0  8.3  2.02  7.69  6.11 110 1017.5  25.8  27.0  20.8 99.0 99.00
2016 04 01 20 50  98  6.9  7.7  2.08  8.33  6.16  82 1017.3  25.8  27.0  20.7 99.0 99.00
2016 04 01 21 50  94  7.1  8.6  2.01  8.33  6.28  96 1017.3  25.7  26.9  21.5 99.0 99.00
2016 04 01 22 50  91  7.1  8.3  2.05  8.33  6.26  91 1017.6  25.7  26.9  21.5 99.0 99.00
2016 04 02 00 50 106  7.1  8.5  1.99  8.33  6.03  71 1018.8  25.7  26.9  21.7 99.0 99.00
2016 04 02 01 50  99  6.7  8.4  1.90  8.33  5.94  83 1019.0  25.6  26.9  22.0 99.0 99.00
2016 04 02 02 50  96  6.7  7.8  1.98  7.69  6.15  71 1018.9  25.7  26.8  21.7 99.0 99.00
2016 04 02 03 50  97  5.8  7.0  1.96  9.09  6.19  81 1018.7  25.7  26.8  21.9 99.0 99.00
2016 04 02 04 50  94  6.8  8.2  1.97  7.69  6.30  90 1018.1  25.5  26.8  21.8 99.0 99.00
2016 04 02 05 50  95  7.6  8.9  1.85  7.69  6.15  92 1017.3  25.5  26.8  21.6 99.0 99.00
2016 04 02 06 50 100  7.8  9.2  1.89  8.33  5.98  85 1016.8  25.4  26.8  21.9 99.0 99.00
2016 04 02 07 50  93  8.4 10.2  1.99  7.69  6.01  77 1016.4  25.3  26.8  21.7 99.0 99.00
2016 04 02 08 50 100  8.6 10.4  2.06  7.69  6.01  88 1016.4  25.2  26.8  21.4 99.0 99.00
2016 04 02 09 50 108  8.3  9.8  2.18  8.33  6.00  70 1017.1  25.2  26.8  21.2 99.0 99.00
2016 04 02 10 50 108  6.3  7.7  2.06  8.33  5.99  95 1017.8  25.4  26.8  21.3 99.0 99.00
2016 04 02 11 50  99  6.5  7.9  2.20  9.09  6.13  85 1018.3  25.6  26.8  20.2 99.0 99.00
2016 04 02 12 50 105  7.1  8.8  2.01  8.33  5.99  81 1018.8  25.8  26.8  21.6 99.0 99.00
2016 04 02 13 50 100  7.7  9.1  1.89  9.09  5.87  78 1018.7  25.5  26.8  21.3 99.0 99.00
2016 04 02 14 50 108  8.3  9.8  2.01  9.09  6.13  86 1018.5  25.9  26.9  21.2 99.0 99.00
2016 04 02 15 50 106  7.8  9.3  1.94  9.09  5.72  99 1018.2  25.9  26.9  21.4 99.0 99.00
2016 04 02 16 50 105  8.0  9.9  2.06  8.33  6.07  90 1017.4  25.6  26.9  21.4 99.0 99.00
2016 04 02 17 50 110  8.7 10.0  1.95  8.33  5.90  81 1016.7  25.5  26.9  21.4 99.0 99.00
2016 04 02 18 50 102  7.6  9.1  2.11  8.33  6.11  95 1016.1  25.6  26.9  21.8 99.0 99.00
2016 04 02 19 50 105  7.1  8.5  2.04  8.33  6.14  90 1015.8  25.7  26.9  21.2 99.0 99.00
2016 04 02 20 50 111  6.8  8.3  2.11  8.33  6.26  85 1015.9  25.8  26.9  21.1 99.0 99.00
2016 04 02 21 50 110  7.2  8.3  2.07  8.33  6.17  94 1016.2  25.8  26.9  21.3 99.0 99.00
2016 04 02 22 50 103  6.9  8.0  1.92  9.09  6.01  83 1016.7  25.8  26.9  21.3 99.0 99.00
2016 04 02 23 50 104  7.2  8.9  2.02  9.09  6.21  97 1017.4  25.8  26.9  21.3 99.0 99.00
2016 04 03 00 50 102  6.9  8.7  1.91  6.67  6.01  97 1018.0  25.7  26.9  21.3 99.0 99.00
2016 04 03 01 50 102  7.0  8.6  2.06  8.33  6.41  78 1018.5  25.8  26.8  21.3 99.0 99.00
2016 04 03 02 50 100  7.1  8.7  2.00  8.33  6.19  81 1018.7  25.7  26.8  21.2 99.0 99.00
2016 04 03 03 50 105  7.4  8.8  2.03  9.09  6.32 103 1018.1  25.6  26.8  21.1 99.0 99.00
2016 04 03 04 50 103  7.5  8.7  1.91  7.69  6.06  83 1017.5  25.4  26.8  21.4 99.0 99.00
2016 04 03 05 50 104  7.3  8.4  1.96  9.09  6.12  81 1016.8  25.5  26.8  20.5 99.0 99.00
2016 04 03 06 50 111  6.6  7.9  2.10  8.33  6.19  85 1016.3  25.5  26.8  20.2 99.0 99.00
2016 04 03 07 50 107  6.8  8.0  2.04  9.09  6.44 103 1016.0  25.4  26.8  20.6 99.0 99.00
2016 04 03 08 50 106  6.5  7.7  1.98  9.09  6.26  96 1015.7  25.4  26.8  20.5 99.0 99.00
2016 04 03 09 50 107  6.5  8.0  2.13  8.33  6.50  82 1016.2  25.4  26.8  20.3 99.0 99.00
2016 04 03 10 50 107  5.8  7.0  1.84  8.33  6.04  89 1016.9  25.3  26.8  20.5 99.0 99.00
2016 04 03 11 50 103  6.2  7.4  2.00  8.33  6.29  76 1017.6  25.5  26.8  20.7 99.0 99.00
2016 04 03 12 50 106  6.0  7.4  1.89  7.69  6.15  89 1018.0  25.6  26.8  20.5 99.0 99.00
2016 04 03 13 50 107  5.6  6.8  2.00  9.09  6.42  95 1018.1  25.6  26.9  20.8 99.0 99.00
2016 04 03 14 50 104  5.0  6.3  1.99  8.33  6.45  79 1018.3  25.6  26.9  21.1 99.0 99.00
2016 04 03 15 50 107  6.0  7.0  1.94  9.09  6.51  89 1017.8  25.6  27.0  20.7 99.0 99.00
2016 04 03 16 50 113  6.0  7.4  1.85  8.33  6.18  88 1017.1  25.7  27.0  20.8 99.0 99.00
2016 04 03 17 50 115  5.6  6.8  1.82  9.09  6.36  90 1016.4  25.6  27.1  20.8 99.0 99.00
2016 04 03 18 50 116  4.7  5.8  1.81  9.09  6.42 102 1016.0  25.7  27.1  20.5 99.0 99.00
2016 04 03 19 50 120  5.1  6.7  1.69  9.09  6.38 109 1015.7  25.8  27.2  20.6 99.0 99.00
2016 04 03 20 50 109  4.4  5.4  1.90  9.09  6.83  99 1016.1  25.9  27.1  20.8 99.0 99.00
2016 04 03 21 50 114  4.2  5.3  1.85  9.09  6.82  95 1016.5  25.8  27.1  20.4 99.0 99.00
2016 04 03 22 50 113  3.4  4.3  1.77  8.33  6.64  89 1017.4  25.8  27.0  20.5 99.0 99.00
2016 04 03 23 50 100  3.7  5.0  1.81  9.09  6.99  95 1018.3  25.8  27.0  20.5 99.0 99.00
2016 04 04 00 50 101  3.3  4.4  1.97  9.09  6.88 100 1019.0  25.8  26.9  20.8 99.0 99.00
2016 04 04 01 50  93  3.4  4.3  1.94  9.09  6.96  96 1019.4  25.7  26.9  20.6 99.0 99.00
2016 04 04 02 50  95  5.2  6.3  1.71  8.33  6.70  93 1019.1  25.6  26.9  21.0 99.0 99.00
2016 04 04 03 50  89  6.0  7.2  1.90  9.09  6.78 100 1018.8  25.5  26.9  21.1 99.0 99.00
2016 04 04 04 50  92  5.2  6.4  1.92  9.09  6.76  95 1018.4  25.5  26.9  20.6 99.0 99.00
2016 04 04 05 50  98  5.3  6.6  1.73  9.09  6.56  87 1017.9  25.4  26.9  20.7 99.0 99.00
2016 04 04 06 50  91  5.1  6.2  1.88  9.09  6.72  96 1017.1  25.3  26.8  20.4 99.0 99.00
2016 04 04 07 50  98  5.4  6.6  1.86 10.00  6.74 101 1016.8  25.3  26.8  20.6 99.0 99.00
2016 04 04 08 50  92  5.6  6.8  1.75  9.09  6.59  92 1016.9  25.3  26.8  20.8 99.0 99.00
2016 04 04 09 50  88  5.3  6.7  1.77  9.09  6.82  98 1017.5  25.3  26.8  20.6 99.0 99.00
2016 04 04 10 50  83  4.9  6.0  1.82 10.00  6.72  92 1018.1  25.5  26.8  20.3 99.0 99.00
2016 04 04 11 50  88  5.0  6.1  1.91  9.09  6.89  95 1018.8  25.5  26.8  20.4 99.0 99.00
2016 04 04 12 50  91  5.3  6.6  1.64 10.00  6.63 101 1019.2  25.6  26.8  20.1 99.0 99.00
2016 04 04 13 50  92  5.5  6.7  1.89  9.09  6.68  98 1019.6  25.6  26.9  20.4 99.0 99.00
2016 04 04 14 50  97  5.4  6.5  1.61 10.00  6.44 103 1019.5  25.7  26.9  20.6 99.0 99.00
2016 04 04 15 50 102  5.7  7.0  1.86 10.00  6.91  95 1019.2  25.7  27.0  20.6 99.0 99.00
2016 04 04 16 50 112  4.7  6.2  1.57 10.00  6.21  85 1018.4  25.6  27.1  21.1 99.0 99.00
2016 04 04 17 50 106  5.2  6.3  1.95  9.09  6.99  95 1017.5  25.6  27.1  20.7 99.0 99.00
2016 04 04 18 50 109  5.8  7.4  1.91  9.09  6.88  86 1016.7  25.6  27.2  20.8 99.0 99.00
2016 04 04 19 50 106  5.4  6.7  1.78  9.09  6.68  97 1016.4  25.7  27.1  21.2 99.0 99.00
2016 04 04 20 50  98  5.1  6.3  1.57  9.09  6.38  94 1016.3  25.6  27.1  21.6 99.0 99.00
2016 04 04 21 50 108  5.7  6.9  1.70  9.09  6.58  88 1016.5  25.6  27.1  21.4 99.0 99.00
2016 04 04 22 50 105  5.8  7.0  1.77 10.00  6.73  90 1016.7  25.6  27.0  21.5 99.0 99.00
2016 04 04 23 50 114  6.7  8.2  1.77  9.09  6.68  96 1017.0  25.8  27.0  21.2 99.0 99.00
2016 04 05 00 50 117  7.0  8.2  1.89 10.00  6.89  88 1017.5  25.8  26.9  21.0 99.0 99.00
2016 04 05 01 50 110  7.1  8.3  1.79  9.09  6.63  93 1018.1  25.8  26.9  21.0 99.0 99.00
2016 04 05 02 50 117  6.2  7.5  1.85 10.00  6.67  94 1018.1  25.7  26.8  21.0 99.0 99.00
2016 04 05 03 50 109  6.5  7.5  1.71 10.00  6.41  96 1017.9  25.7  26.8  20.6 99.0 99.00
2016 04 05 04 50 107  5.4  7.2  1.78  9.09  6.28  88 1017.3  25.5  26.9  21.0 99.0 99.00
2016 04 05 05 50 117  6.4  7.8  1.66  9.09  6.20  93 1016.2  25.5  26.8  20.6 99.0 99.00
2016 04 05 06 50 117  6.3  7.5  1.73 10.00  6.41  97 1015.7  25.4  26.8  21.0 99.0 99.00
2016 04 05 07 50 112  5.4  6.4  1.66 10.00  6.34  95 1015.5  25.3  26.8  20.9 99.0 99.00
2016 04 05 08 50 125  5.2  6.7  1.80 10.00  6.86  95 1015.9  25.3  26.8  20.6 99.0 99.00
2016 04 05 09 50 119  5.3  6.3  1.72 10.00  6.50  91 1016.4  25.4  26.8  20.6 99.0 99.00
2016 04 05 10 50 127  4.8  5.9  1.62  9.09  6.49  87 1016.8  25.6  26.8  20.3 99.0 99.00
2016 04 05 11 50 129  4.4  5.4  1.59  9.09  6.39  83 1017.4  25.6  26.8  20.5 99.0 99.00
2016 04 05 12 50 132  4.7  6.0  1.60 10.00  6.42 104 1017.9  25.6  26.8  20.4 99.0 99.00
2016 04 05 13 50 130  4.5  5.3  1.72  9.09  6.80  92 1018.1  25.6  26.8  20.8 99.0 99.00
2016 04 05 14 50 140  4.2  5.3  1.70  9.09  6.72  85 1018.0  25.7  26.9  20.6 99.0 99.00
2016 04 05 15 50 162  4.1  4.9  1.60 10.00  6.83  87 1017.7  25.7  27.0  20.8 99.0 99.00
2016 04 05 16 50 162  3.7  5.0  1.68 10.00  7.03  89 1016.8  25.8  27.2  21.0 99.0 99.00
2016 04 05 17 50 156  4.3  5.5  1.56 10.00  6.96  97 1015.8  25.8  27.3  21.2 99.0 99.00
2016 04 05 18 50 160  3.1  3.8  1.77  9.09  7.30  96 1015.1  25.9  27.3  21.1 99.0 99.00
2016 04 05 19 50 148  3.6  4.6  1.83  9.09  7.64  88 1014.3  25.9  27.3  21.0 99.0 99.00
2016 04 05 20 50 153  4.0  5.1  1.68 10.00  7.33 106 1014.3  25.9  27.2  21.2 99.0 99.00
2016 04 05 21 50 162  4.1  5.0  1.87  9.09  7.68  90 1014.3  25.9  27.2  21.0 99.0 99.00
2016 04 05 22 50 173  3.4  4.9  1.71 12.90  7.47 328 1014.8  25.9  27.1  21.2 99.0 99.00
2016 04 05 23 50 157  3.8  4.7  1.86  9.09  7.86  83 1015.2  25.8  27.1  21.1 99.0 99.00
2016 04 06 00 50 155  2.9  4.5  1.76 12.12  7.57 337 1015.9  25.9  27.0  21.4 99.0 99.00
2016 04 06 01 50 153  2.7  3.6  1.86  9.09  7.84  85 1016.3  25.8  27.0  21.1 99.0 99.00
2016 04 06 02 50 169  2.3  3.2  1.86 10.00  7.96  72 1016.4  25.7  26.9  21.0 99.0 99.00
2016 04 06 03 50 162  1.5  2.6  1.80  9.09  7.79  73 1016.1  25.6  26.9  21.3 99.0 99.00
2016 04 06 04 50 129  1.5  2.2  1.89 10.00  7.96  40 1015.5  25.4  26.9  21.2 99.0 99.00
2016 04 06 05 50 169  2.7  3.4  1.75  9.09  7.80  90 1014.7  25.4  26.9  20.8 99.0 99.00
2016 04 06 06 50 161  2.8  3.9  1.85  9.09  7.87  92 1014.2  25.3  26.9  20.8 99.0 99.00
2016 04 06 07 50 144  2.5  3.5  1.84 10.00  7.95  90 1014.0  25.3  26.9  21.3 99.0 99.00
2016 04 06 08 50 158  3.5  4.3  1.83 10.00  7.87  77 1014.2  25.3  26.8  20.9 99.0 99.00
2016 04 06 09 50 180  2.2  3.3  1.54 10.00  7.66  91 1014.8  25.3  26.8  21.1 99.0 99.00
2016 04 06 10 50 168  2.1  2.9  1.63  9.09  7.75  73 1015.4  25.4  26.8  20.6 99.0 99.00
2016 04 06 11 50 159  2.2  3.0  1.93 10.00  7.97  76 1015.8  25.7  26.8  20.6 99.0 99.00
2016 04 06 12 50 156  1.9  2.7  1.52 10.00  7.67  73 1016.2  25.8  26.9  20.8 99.0 99.00
2016 04 06 13 50 137  1.5  2.5  1.79 10.00  7.99  84 1016.6  25.8  27.1  20.6 99.0 99.00
2016 04 06 14 50 169  1.6  2.2  1.83  9.09  8.03  80 1016.8  25.7  27.5  20.4 99.0 99.00
2016 04 06 15 50 184  1.0  1.7  1.67 10.00  8.01  84 1016.4  25.8  28.0  20.3 99.0 99.00
2016 04 06 16 50 144  1.7  2.6  1.63 10.00  7.82  81 1015.7  26.0  28.4  20.2 99.0 99.00
2016 04 06 17 50 353  0.5  1.7  1.81 10.00  8.12  65 1015.5  26.5  29.0  20.1 99.0 99.00
2016 04 06 18 50 196  0.3  1.1  1.73 10.00  8.12  84 1015.0  26.3  29.6  20.0 99.0 99.00
2016 04 06 19 50  83  1.1  1.9  1.82 10.00  8.27  70 1014.5  26.3  29.6  20.0 99.0 99.00
2016 04 06 20 50 350  0.6  1.4  1.82 10.00  8.17  93 1014.7  26.8  29.8  19.7 99.0 99.00
2016 04 06 21 50  21  2.4  3.3  1.63 10.81  7.86  72 1015.1  26.4  28.9  19.9 99.0 99.00
2016 04 06 22 50  15  3.5  4.8  1.78 10.00  8.35  91 1015.5  26.3  28.4  20.2 99.0 99.00
2016 04 06 23 50   3 11.3 13.1  1.91 10.81  7.87  57 1016.0  24.2  27.7  20.1 99.0 99.00
2016 04 07 00 50  18  8.9 10.9  1.92 10.00  6.44  93 1016.5  25.0  27.1  19.6 99.0 99.00
2016 04 07 01 50  33  8.8 10.1  1.86  9.09  5.87  71 1016.3  24.4  27.0  20.3 99.0 99.00
2016 04 07 02 50  68  6.1  7.4  2.00 10.00  6.24  86 1016.3  25.5  26.9  19.9 99.0 99.00
2016 04 07 03 50  86  7.8  9.4  1.95  9.09  6.13  89 1015.8  25.6  26.8  20.5 99.0 99.00
2016 04 07 04 50  93  6.2  7.1  1.87 10.00  6.35  93 1015.5  25.8  26.8  20.4 99.0 99.00
2016 04 07 05 50  73  7.4  8.7  1.84 10.00  6.43  82 1015.1  25.2  26.8  21.6 99.0 99.00
2016 04 07 06 50  87  7.9  9.8  1.92 10.00  6.56  93 1014.4  25.3  26.8  21.2 99.0 99.00
2016 04 07 07 50  94  9.2 10.8  1.90 10.00  6.25  82 1013.5  25.4  26.8  21.7 99.0 99.00
2016 04 07 08 50 110  8.7 10.5  2.24 10.00  6.45  75 1013.5  25.2  26.8  21.5 99.0 99.00
2016 04 07 09 50 119  8.0  9.8  2.18  9.09  6.40  61 1013.7  25.6  26.8  20.9 99.0 99.00
2016 04 07 10 50 122  7.1  8.4  2.19 10.00  6.38  91 1014.4  25.9  26.7  20.9 99.0 99.00
2016 04 07 11 50 124  6.8  8.0  2.01  7.69  6.12  15 1015.2  26.0  26.7  21.0 99.0 99.00
2016 04 07 12 50 123  5.6  7.1  2.02  7.14  6.16  56 1016.1  25.9  26.8  21.5 99.0 99.00
2016 04 07 13 50 125  4.9  5.9  2.10 10.00  6.48  68 1016.9  25.8  26.8  21.7 99.0 99.00
2016 04 07 14 50 129  3.2  4.1  2.09 10.00  6.48  69 1017.1  25.7  26.9  21.6 99.0 99.00
2016 04 07 15 50 100  2.2  3.2  1.91 10.00  6.48  89 1016.8  25.8  27.2  21.1 99.0 99.00
2016 04 07 16 50  92  2.3  3.3  1.94  7.69  6.27  13 1016.0  25.8  27.3  21.2 99.0 99.00
2016 04 07 17 50  80  2.6  3.6  1.91  7.14  6.38  15 1015.5  25.9  27.5  21.1 99.0 99.00
2016 04 07 18 50 111  3.1  4.2  2.00  7.69  6.59 360 1014.8  25.9  27.5  21.3 99.0 99.00
2016 04 07 19 50  94  2.1  2.9  2.10 10.00  6.67  70 1014.6  26.1  27.5  21.1 99.0 99.00
2016 04 07 20 50  71  2.9  3.7  2.21  8.33  6.92  21 1014.4  26.2  27.5  21.2 99.0 99.00
2016 04 07 21 50  83  3.2  4.6  2.15  9.09  6.84  37 1014.5  26.2  27.4  21.5 99.0 99.00
2016 04 07 22 50  64  2.7  3.8  2.21  8.33  7.23 360 1015.1  26.1  27.3  21.6 99.0 99.00
2016 04 07 23 50 112  4.5  7.2  2.51 13.79  7.85 324 1015.6  25.7  27.2  21.6 99.0 99.00
2016 04 08 00 50 107  3.8  5.2  2.53  9.09  7.59 355 1016.1  26.1  27.1  21.3 99.0 99.00
2016 04 08 01 50  94  3.4  4.8  2.80 13.79  8.35 341 1016.5  25.9  27.1  21.8 99.0 99.00
2016 04 08 02 50  96  2.9  3.9  2.85 13.79  8.24 328 1016.6  26.1  27.0  21.5 99.0 99.00
2016 04 08 03 50  98  3.8  5.0  2.45 13.79  7.89 345 1016.1  25.9  27.0  21.3 99.0 99.00
2016 04 08 04 50  95  4.9  6.1  2.35 13.79  8.19 339 1015.2  25.8  27.1  21.8 99.0 99.00
2016 04 08 05 50  95  4.4  5.6  2.58 13.79  7.95 338 1014.8  25.7  27.1  21.4 99.0 99.00
2016 04 08 06 50  96  4.4  5.7  2.71 12.90  8.35 340 1014.1  25.7  27.1  21.9 99.0 99.00
2016 04 08 07 50 101  4.7  5.9  2.56 12.90  7.97 337 1014.1  25.6  27.0  20.9 99.0 99.00
2016 04 08 08 50  83  4.5  5.7  2.40 12.90  7.97 339 1014.4  25.5  26.9  21.7 99.0 99.00
2016 04 08 09 50  87  4.6  6.0  2.45 12.90  8.21 337 1014.8  25.6  27.0  21.2 99.0 99.00
2016 04 08 10 50 104  5.4  6.7  2.65 12.12  8.33 335 1015.1  25.9  27.0  20.7 99.0 99.00
2016 04 08 11 50  93  5.0  6.1  2.69 12.90  8.38 346 1015.8  26.0  26.9  21.2 99.0 99.00
2016 04 08 12 50 105  4.9  5.9  3.15 12.90  8.99 347 1016.2  26.0  27.0  21.2 99.0 99.00
2016 04 08 13 50 109  5.4  6.7  2.92 12.90  8.94 348 1016.8  26.0  27.0  21.6 99.0 99.00
2016 04 08 14 50 109  5.1  6.2  2.85 12.90  8.84   2 1016.8  26.1  27.1  21.6 99.0 99.00
2016 04 08 15 50 104  5.0  6.2  2.54 12.12  8.38 345 1016.6  26.0  27.2  21.5 99.0 99.00
2016 04 08 16 50 111  4.8  5.8  2.83 12.90  8.84 359 1016.4  26.1  27.3  21.4 99.0 99.00
2016 04 08 17 50 112  4.8  5.7  2.75 12.90  8.70 348 1015.8  26.1  27.4  21.5 99.0 99.00
2016 04 08 18 50 115  4.8  6.0  2.75 12.90  8.60 353 1015.2  26.1  27.4  21.2 99.0 99.00
2016 04 08 19 50 109  3.9  4.9  2.69 12.12  8.63 355 1014.8  26.2  27.4  21.4 99.0 99.00
2016 04 08 20 50 102  3.9  5.0  2.40 12.12  8.21 351 1015.0  26.3  27.4  21.2 99.0 99.00
2016 04 08 21 50 115  4.0  5.9  2.34 12.12  8.31 359 1015.2  26.1  27.3  21.5 99.0 99.00
2016 04 08 22 50 123  2.6  3.8  2.20 10.81  7.90 349 1015.6  25.6  27.2  22.0 99.0 99.00
2016 04 08 23 50 119  3.0  3.9  2.39 12.12  8.28 358 1016.1  25.9  27.2  22.0 99.0 99.00
2016 04 09 00 50 114  3.1  3.9  2.31 12.12  8.27 353 1016.7  25.8  27.2  21.8 99.0 99.00
2016 04 09 01 50  97  2.8  3.6  2.24 11.43  8.23 357 1017.3  26.0  27.2  22.2 99.0 99.00
2016 04 09 02 50 125  3.9  5.0  2.28 11.43  7.94 359 1017.4  25.4  27.2  21.3 99.0 99.00
2016 04 09 03 50 151  3.8  4.8  2.22 11.43  8.03 346 1017.1  25.0  27.1  21.8 99.0 99.00
2016 04 09 04 50 125  2.7  4.1  2.14 10.81  7.91   9 1016.8  25.3  27.1  21.7 99.0 99.00
2016 04 09 05 50 107  2.3  3.0  2.15 11.43  7.94 356 1016.4  25.6  27.0  21.9 99.0 99.00
2016 04 09 06 50 114  4.7  5.6  2.27 10.00  7.84  36 1015.7  25.8  27.0  21.1 99.0 99.00
2016 04 09 07 50 111  4.3  5.3  1.97 11.43  7.59   9 1015.5  25.7  27.0  21.1 99.0 99.00
2016 04 09 08 50  99  4.6  5.8  2.21 10.00  7.88  16 1015.5  25.7  26.9  21.4 99.0 99.00
2016 04 09 09 50 119  4.7  6.2  1.90 10.81  7.42 352 1015.8  24.9  26.9  20.9 99.0 99.00
2016 04 09 10 50 103  5.3  6.4  2.25 11.43  7.92 354 1016.3  25.7  26.9  21.0 99.0 99.00
2016 04 09 11 50 102  5.6  6.7  1.96  9.09  7.44  28 1016.6  26.0  26.9  20.6 99.0 99.00
2016 04 09 12 50  95  6.2  7.9  2.05 10.81  7.35 358 1016.9  25.9  27.0  21.2 99.0 99.00
2016 04 09 13 50 105  6.0  7.0  2.06 10.81  7.37  10 1017.2  26.0  27.0  21.0 99.0 99.00
2016 04 09 14 50 104  5.9  7.0  2.09 11.43  7.31   8 1017.3  26.1  27.1  21.4 99.0 99.00
2016 04 09 15 50 117  5.5  7.0  2.03 10.81  7.42  15 1017.1  26.1  27.1  21.4 99.0 99.00
2016 04 09 16 50 118  5.6  7.3  1.99 10.81  6.94   7 1016.7  26.2  27.2  21.1 99.0 99.00
2016 04 09 17 50 120  5.4  6.4  1.96  9.09  6.86  50 1016.0  26.3  27.3  21.1 99.0 99.00
2016 04 09 18 50 121  4.7  6.0  1.91  9.09  7.05  35 1015.5  26.2  27.3  21.3 99.0 99.00
2016 04 09 19 50 124  4.1  5.5  1.98  9.09  7.10  38 1015.1  26.3  27.3  21.2 99.0 99.00
2016 04 09 20 50 117  4.5  5.5  1.95  9.09  7.13  28 1015.1  26.4  27.3  20.1 99.0 99.00
2016 04 09 21 50  93  4.4  5.2  1.84  9.09  7.04  34 1015.4  26.4  27.3  21.1 99.0 99.00
2016 04 09 22 50 104  4.6  5.6  1.71 11.43  6.77  18 1015.9  26.2  27.3  20.8 99.0 99.00
2016 04 09 23 50 107  4.6  5.9  1.75 10.00  6.97  14 1016.2  26.2  27.2  21.0 99.0 99.00
2016 04 10 00 50 110  5.4  6.7  1.69  8.33  6.59  42 1016.7  26.2  27.2  20.9 99.0 99.00
2016 04 10 01 50 100  5.9  7.0  1.77  9.09  6.69  20 1016.9  26.0  27.1  21.4 99.0 99.00
2016 04 10 02 50 103  6.4  7.5  1.81  9.09  6.61  26 1016.9  25.9  27.1  21.5 99.0 99.00
2016 04 10 03 50 107  5.7  7.2  1.72 10.81  6.32   9 1016.7  26.0  27.1  20.9 99.0 99.00
2016 04 10 04 50  95  5.6  7.0  1.69 10.00  6.46  16 1016.4  25.9  27.0  21.3 99.0 99.00
2016 04 10 05 50  93  5.1  6.3  1.67  9.09  6.27  51 1015.8  25.9  27.0  21.2 99.0 99.00
2016 04 10 06 50  90  5.6  6.8  1.88 10.00  6.66  26 1015.4  25.7  27.1  20.9 99.0 99.00
2016 04 10 07 50  92  8.1  9.5  1.66  9.09  6.19  53 1015.3  25.0  27.1  21.5 99.0 99.00
2016 04 10 08 50 104  6.5  7.7  1.70  9.09  6.19  33 1015.4  25.8  27.1  20.3 99.0 99.00
2016 04 10 09 50 104  6.8  8.1  1.59 10.81  6.06  13 1015.9  25.6  27.0  20.5 99.0 99.00
2016 04 10 10 50 100  6.4  7.8  1.60  9.09  6.10  21 1016.4  26.0  27.0  20.9 99.0 99.00
2016 04 10 11 50 101  6.6  8.0  1.58  9.09  6.03  44 1017.0  26.1  27.0  20.6 99.0 99.00
2016 04 10 12 50 106  5.6  7.0  1.61  8.33  6.15  62 1017.3  26.0  27.1  20.9 99.0 99.00
2016 04 10 13 50 104  6.5  7.8  1.55  9.09  5.97  53 1017.7  26.1  27.1  21.1 99.0 99.00
2016 04 10 14 50 110  6.2  7.7  1.58  8.33  5.79  61 1017.8  26.1  27.1  21.2 99.0 99.00
2016 04 10 15 50 100  6.6  8.3  1.66  8.33  5.99  43 1017.9  26.0  27.2  20.8 99.0 99.00
2016 04 10 16 50 108  5.2  6.3  1.68  9.09  6.10  43 1017.1  26.1  27.2  21.1 99.0 99.00
2016 04 10 17 50 107  5.4  6.7  1.69  8.33  6.18  48 1016.8  26.1  27.3  20.9 99.0 99.00
2016 04 10 18 50 106  4.9  6.1  1.66  9.09  6.21  44 1016.6  26.3  27.3  20.3 99.0 99.00
2016 04 10 19 50  97  4.5  5.3  1.59  8.33  6.20  58 1016.2  26.3  27.3  20.5 99.0 99.00
2016 04 10 20 50 100  4.3  5.4  1.59  7.69  6.15  75 1016.2  26.4  27.3  20.8 99.0 99.00
2016 04 10 21 50  80  4.6  5.6  1.54  8.33  5.98  52 1016.5  26.2  27.2  21.2 99.0 99.00
2016 04 10 22 50  73  5.8  7.1  1.56  9.09  6.13  35 1016.7  26.2  27.2  21.1 99.0 99.00
2016 04 10 23 50  70  4.7  5.9  1.61  9.09  6.34  51 1017.2  26.2  27.1  21.6 99.0 99.00
2016 04 11 00 50  64  6.3  7.5  1.50  9.09  6.08  48 1017.6  26.2  27.1  22.0 99.0 99.00
2016 04 11 01 50  72  6.5  7.9  1.51 10.00  5.78  38 1017.6  26.1  27.1  21.8 99.0 99.00
2016 04 11 02 50  72  6.2  7.2  1.54  8.33  5.82  71 1017.9  26.0  27.1  21.7 99.0 99.00
2016 04 11 03 50  74  6.4  7.5  1.57  6.67  5.86 106 1017.7  26.0  27.2  21.6 99.0 99.00
2016 04 11 04 50  69  6.8  8.3  1.57  8.33  5.82  75 1016.9  25.9  27.1  21.6 99.0 99.00
2016 04 11 05 50  75  7.0  8.3  1.69  7.69  5.94  81 1016.2  25.9  27.1  22.0 99.0 99.00
2016 04 11 06 50  84  6.4  7.9  1.70  7.69  5.75  79 1015.6  25.8  27.1  22.1 99.0 99.00
2016 04 11 07 50  87  6.2  7.4  1.59  9.09  5.81  45 1015.5  25.7  27.1  22.1 99.0 99.00
2016 04 11 08 50  87  6.5  7.5  1.63  7.14  5.95  95 1015.9  25.6  27.1  21.9 99.0 99.00
2016 04 11 09 50  80  6.3  7.6  1.61  8.33  5.85  67 1016.2  25.7  27.1  21.7 99.0 99.00
2016 04 11 10 50  90  6.7  8.3  1.60  8.33  5.86  57 1016.4  25.8  27.1  21.6 99.0 99.00
2016 04 11 11 50  90  7.4  8.8  1.83  7.69  6.15  79 1016.7  25.8  27.1  21.5 99.0 99.00
2016 04 11 12 50 100  8.4 10.1  1.68  9.09  6.01  62 1016.7  25.2  27.1  21.9 99.0 99.00
2016 04 11 13 50 107  7.6  8.9  1.73  8.33  5.82  72 1016.9  25.3  27.1  22.0 99.0 99.00
2016 04 11 14 50 110  7.8  9.3  1.91  7.14  5.96  95 1016.7  25.0  27.1  21.6 99.0 99.00
2016 04 11 15 50 115  7.0 10.7  1.83  8.33  6.14  94 1016.6  25.4  27.1  22.1 99.0 99.00
2016 04 11 16 50 130  8.2 10.2  2.07  9.09  5.99  70 1016.5  22.7  27.1  21.2 99.0 99.00
2016 04 11 17 50 133  1.8  3.0  1.94  8.33  5.99  82 1015.9  22.9  27.1  20.8 99.0 99.00
2016 04 11 18 50 207  1.3  2.7  1.96  9.09  6.36  58 1015.4  23.5  27.0  21.9 99.0 99.00
2016 04 11 19 50 117  6.7  8.3  1.79  7.69  6.04 103 1015.0  23.5  27.0  21.5 99.0 99.00
2016 04 11 20 50 223  2.2  3.8  1.93  7.69  6.24 101 1015.0  23.7  26.9  21.7 99.0 99.00
2016 04 11 21 50 101  5.9  6.9  1.95  9.09  6.25  64 1014.9  25.7  26.9  20.7 99.0 99.00
2016 04 11 22 50  81  6.3  8.1  1.92  9.09  6.23  83 1015.2  25.1  26.9  21.8 99.0 99.00
2016 04 11 23 50  74  8.1  9.6  1.84  9.09  5.98  73 1015.8  24.1  27.0  22.0 99.0 99.00
2016 04 12 00 50  90  9.7 11.9  1.98  9.09  5.99  66 1015.7  23.9  27.0  21.6 99.0 99.00
2016 04 12 01 50  94  9.3 11.1  2.02  9.09  5.95  65 1015.8  23.9  27.0  21.2 99.0 99.00
2016 04 12 02 50  96  7.8  9.1  2.02  9.09  6.19  87 1015.6  24.2  27.0  21.6 99.0 99.00
2016 04 12 03 50 107  7.4  9.0  2.02  9.09  6.07  81 1015.6  24.6  27.0  20.8 99.0 99.00
2016 04 12 04 50 104  7.1  8.7  2.16  8.33  6.39  83 1015.0  24.3  27.0  21.4 99.0 99.00
2016 04 12 05 50 111  8.8 10.4  2.08  9.09  6.34  69 1014.6  22.6  27.0  20.9 99.0 99.00
2016 04 12 06 50  99  6.7  9.2  2.10  9.09  6.57  45 1014.6  22.3  27.0  20.6 99.0 99.00
2016 04 12 07 50  80  8.0  9.9  1.98  9.09  6.33  72 1014.5  22.2  26.9  21.2 99.0 99.00
2016 04 12 08 50 106  9.0 11.2  2.14  9.09  6.40  69 1014.7  21.9  26.8  20.6 99.0 99.00
2016 04 12 09 50 102 10.9 12.8  2.17  9.09  6.43  52 1014.4  22.2  26.8  21.1 99.0 99.00
2016 04 12 10 50 116  8.2  9.9  2.20  9.09  6.52  68 1014.8  22.8  26.8  20.5 99.0 99.00
2016 04 12 11 50 123  9.0 11.0  2.29  9.09  6.55  55 1015.3  23.5  26.8  20.3 99.0 99.00
2016 04 12 12 50 134  8.5 11.0  2.17  9.09  6.48  50 1015.6  24.5  26.9  20.3 99.0 99.00
2016 04 12 13 50 129  6.3  7.5  2.14 10.00  6.36  40 1015.9  24.3  27.0  19.7 99.0 99.00
2016 04 12 14 50 130  6.8  8.0  2.09  9.09  6.57  81 1015.3  24.5  27.0  20.5 99.0 99.00
2016 04 12 15 50 135  7.0  8.6  2.29  9.09  6.74  21 1015.3  24.5  27.1  20.7 99.0 99.00
2016 04 12 16 50 153  7.8 10.1  2.27 10.00  6.68  29 1015.0  24.9  27.1  20.6 99.0 99.00
2016 04 12 17 50 151  5.6  6.9  2.28 11.43  6.74 337 1014.4  25.0  27.1  20.5 99.0 99.00
2016 04 12 18 50 157  4.8  6.2  2.25 10.00  6.76 354 1013.6  24.9  27.1  20.6 99.0 99.00
2016 04 12 19 50 184  4.7  6.0  2.13  8.33  6.57  28 1013.8  24.8  27.2  20.7 99.0 99.00
2016 04 12 20 50 173  5.1  7.0  2.22  9.09  6.87  68 1013.5  25.1  27.2  20.9 99.0 99.00
2016 04 12 21 50 199  4.2  5.2  2.09 10.00  6.94  10 1013.5  25.1  27.1  20.7 99.0 99.00
2016 04 12 22 50 203  2.1  3.2  2.08  9.09  6.86  53 1013.7  25.0  27.0  20.8 99.0 99.00
2016 04 12 23 50 219  1.9  2.9  2.12  9.09  6.96  56 1014.2  25.0  26.9  20.9 99.0 99.00
2016 04 13 00 50 229  0.7  1.7  2.21  9.09  6.85  39 1014.7  25.0  26.8  20.9 99.0 99.00
2016 04 13 01 50 228  1.1  2.0  1.98  8.33  6.96   4 1014.6  25.0  26.8  21.0 99.0 99.00
2016 04 13 02 50 319  0.7  1.9  1.94  9.09  6.88  34 1014.7  25.0  26.8  21.0 99.0 99.00
2016 04 13 03 50 308  1.4  2.2  2.03  7.69  6.61  60 1014.3  24.9  26.8  21.2 99.0 99.00
2016 04 13 04 50 305  1.1  2.4  1.83  7.69  6.58  71 1013.5  24.8  26.8  21.0 99.0 99.00
2016 04 13 05 50 350  0.9  2.0  1.80  9.09  6.85  36 1012.9  23.6  26.6  21.3 99.0 99.00
2016 04 13 06 50 261  1.6  4.0  1.91  9.09  6.67  30 1012.3  24.0  26.8  21.4 99.0 99.00
2016 04 13 07 50 138  1.8  2.4  1.88  9.09  6.88  30 1012.2  23.8  26.9  20.9 99.0 99.00
2016 04 13 08 50  94  0.6  1.6  1.81  9.09  6.93  63 1012.7  24.2  26.9  20.4 99.0 99.00
2016 04 13 09 50 157  0.5  1.6  1.68  9.09  6.75  62 1013.1  24.5  26.9  20.8 99.0 99.00
2016 04 13 10 50 232  1.1  2.1  1.79  9.09  6.93  42 1013.9  23.6  26.9  21.2 99.0 99.00
2016 04 13 11 50 101  1.8  2.4  1.75 10.00  6.88 353 1014.3  23.7  26.8  21.1 99.0 99.00
2016 04 13 12 50 150  0.8  1.6  1.76  8.33  6.88  42 1014.6  25.0  26.9  20.3 99.0 99.00
2016 04 13 13 50 121  0.2  0.9  1.87  7.69  7.02  73 1014.8  25.5  27.2  20.0 99.0 99.00
2016 04 13 14 50 242  0.1  0.7  1.76  9.09  6.96  38 1014.5  25.8  27.6  20.1 99.0 99.00
2016 04 13 15 50 325  0.2  0.9  1.77  9.09  7.16  58 1013.9  25.5  28.5  19.5 99.0 99.00
2016 04 13 16 50 285  2.6  4.1  1.71  8.33  7.06  56 1013.3  25.6  29.2  19.8 99.0 99.00
2016 04 13 17 50 275  2.8  4.0  1.78  8.33  7.28  60 1012.5  25.8  28.8  20.2 99.0 99.00
2016 04 13 18 50 282  3.6  4.5  1.85  9.09  7.45  49 1012.0  25.9  28.2  19.5 99.0 99.00
2016 04 13 19 50 302  4.2  5.4  1.77  9.09  7.41  45 1011.8  26.0  27.7  19.9 99.0 99.00
2016 04 13 20 50 316  4.7  5.6  1.76  8.33  7.03  51 1011.4  26.0  27.9  19.7 99.0 99.00
2016 04 13 21 50 316  4.6  5.7  1.73  8.33  7.17  73 1011.8  25.7  27.4  20.5 99.0 99.00
2016 04 13 22 50 320  4.4  5.4  1.69  8.33  7.09  59 1012.3  25.7  27.4  20.2 99.0 99.00
2016 04 13 23 50 333  5.3  6.1  1.71  9.09  7.02  23 1012.2  25.6  27.3  20.5 99.0 99.00
2016 04 14 00 50 328  5.1  6.0  1.54  8.33  6.67  36 1012.4  25.6  27.2  20.2 99.0 99.00
2016 04 14 01 50 329  3.9  4.9  1.68  7.69  6.83  59 1012.6  25.5  27.0  20.3 99.0 99.00
2016 04 14 02 50 340  3.5  4.8  1.63  9.09  6.77   3 1012.6  25.4  26.9  20.2 99.0 99.00
2016 04 14 03 50 320  3.0  3.8  1.54  9.09  6.83  49 1012.4  25.4  26.9  20.4 99.0 99.00
2016 04 14 04 50 333  3.4  4.4  1.60  8.33  7.04  37 1011.9  25.3  26.9  20.0 99.0 99.00
2016 04 14 05 50 331  2.6  3.3  1.49  8.33  6.93  60 1011.6  25.2  27.0  19.9 99.0 99.00
2016 04 14 06 50 319  2.6  3.6  1.50  7.69  7.01  58 1011.4  25.1  27.0  20.0 99.0 99.00
2016 04 14 07 50 323  2.9  3.9  1.57  9.09  7.19  48 1011.2  25.0  27.0  20.0 99.0 99.00
2016 04 14 08 50 314  2.4  3.1  1.54  8.33  7.18  45 1011.4  25.1  27.0  20.1 99.0 99.00
2016 04 14 09 50 299  3.5  4.5  1.38  8.33  7.00  65 1012.2  25.1  27.0  20.3 99.0 99.00
2016 04 14 10 50 313  1.9  2.8  1.37  8.33  7.03  45 1012.6  25.2  27.0  20.1 99.0 99.00
2016 04 14 11 50 310  2.4  3.3  1.38  8.33  7.02  51 1013.2  25.3  27.1  19.7 99.0 99.00
2016 04 14 12 50 316  2.7  3.6  1.38  9.09  6.92  71 1013.4  25.3  27.2  20.2 99.0 99.00
2016 04 14 13 50 305  2.3  3.2  1.45  8.33  6.99  50 1013.7  25.4  27.3  20.4 99.0 99.00
2016 04 14 14 50 333  2.5  3.8  1.50  9.09  7.19  39 1013.7  25.5  27.5  20.1 99.0 99.00
2016 04 14 15 50 310  2.2  3.0  1.35  9.09  7.23  28 1013.4  25.6  27.8  20.3 99.0 99.00
2016 04 14 16 50 342  2.7  3.4  1.40  7.14  7.09  42 1013.0  25.6  28.2  20.3 99.0 99.00
2016 04 14 17 50 350  2.8  3.9  1.33  8.33  7.01  62 1012.4  25.8  28.4  20.5 99.0 99.00
2016 04 14 18 50 346  3.5  4.7  1.47  9.09  7.43  51 1011.8  25.9  28.0  20.3 99.0 99.00
2016 04 14 19 50 356  4.0  5.2  1.31  7.14  7.17  61 1011.5  25.9  27.9  20.4 99.0 99.00
2016 04 14 20 50 350  4.2  5.2  1.37  7.69  7.30  35 1011.7  25.9  27.8  20.4 99.0 99.00
2016 04 14 21 50 358  5.1  6.4  1.32  8.33  6.85  31 1011.9  25.9  27.6  20.3 99.0 99.00
2016 04 14 22 50   8  4.8  6.5  1.36  8.33  6.80  39 1012.0  25.7  27.5  20.1 99.0 99.00
2016 04 14 23 50   5  3.7  4.6  1.38  9.09  6.88  43 1012.4  25.7  27.4  19.9 99.0 99.00
2016 04 15 00 50  15  4.3  5.6  1.47  7.69  6.85  51 1012.9  25.6  27.4  20.3 99.0 99.00
2016 04 15 01 50   6  4.4  5.1  1.30  9.09  6.85  48 1013.5  25.7  27.4  19.8 99.0 99.00
2016 04 15 02 50  12  4.4  5.7  1.36  9.09  6.92  40 1013.6  25.6  27.3  20.0 99.0 99.00
2016 04 15 03 50   9  4.7  5.8  1.39  9.09  7.07  40 1013.4  25.5  27.1  19.8 99.0 99.00
2016 04 15 04 50  22  3.3  4.2  1.36  8.33  6.78  46 1012.9  25.4  27.1  18.7 99.0 99.00
2016 04 15 05 50   4  2.6  3.3  1.50  9.09  7.03  49 1012.4  25.3  27.1  20.1 99.0 99.00
2016 04 15 06 50  25  2.5  3.6  1.39  8.33  6.91  57 1011.6  25.3  27.1  19.6 99.0 99.00
2016 04 15 07 50 354  3.0  3.7  1.46  9.09  7.18  40 1011.5  25.3  27.1  19.2 99.0 99.00
2016 04 15 08 50   9  2.6  3.6  1.33  9.09  7.13  42 1011.6  25.1  27.1  19.7 99.0 99.00
2016 04 15 09 50  30  2.4  3.2  1.39  9.09  7.07  40 1011.9  25.1  27.1  19.5 99.0 99.00
2016 04 15 10 50  35  2.9  3.8  1.34  8.33  7.02  30 1012.5  25.4  27.1  19.1 99.0 99.00
2016 04 15 11 50  10  2.3  3.1  1.36  9.09  6.99  49 1013.1  25.5  27.2  19.2 99.0 99.00
2016 04 15 12 50  16  2.9  3.8  1.34  9.09  7.05  47 1013.4  25.3  27.2  19.8 99.0 99.00
2016 04 15 13 50  27  2.4  3.3  1.32  9.09  7.04  33 1013.9  25.4  27.3  19.4 99.0 99.00
2016 04 15 14 50  20  2.3  3.2  1.38  9.09  7.20  52 1013.9  25.5  27.5  19.2 99.0 99.00
2016 04 15 15 50  30  2.3  3.3  1.32  9.09  7.23  43 1013.7  25.4  27.7  19.3 99.0 99.00
2016 04 15 16 50  24  2.5  3.6  1.27  9.09  7.25  43 1013.3  25.5  27.9  19.0 99.0 99.00
2016 04 15 17 50   2  1.9  2.9  1.34  9.09  7.33  36 1012.7  25.6  28.1  19.2 99.0 99.00
2016 04 15 18 50 344  1.1  2.1  1.35  8.33  7.39  56 1012.3  25.7  28.4  19.0 99.0 99.00
2016 04 15 19 50   8  1.7  3.1  1.35  8.33  7.31  40 1012.2  25.9  28.6  18.3 99.0 99.00
2016 04 15 20 50  34  1.3  2.5  1.34  8.33  7.54  30 1011.9  25.9  28.5  18.9 99.0 99.00
2016 04 15 21 50  10  2.1  3.3  1.35  8.33  7.68  38 1012.3  25.8  28.1  18.8 99.0 99.00
2016 04 15 22 50   4  2.3  3.4  1.30  8.33  7.53  49 1013.0  25.7  28.0  18.2 99.0 99.00
2016 04 15 23 50 352  1.7  2.9  1.36  8.33  7.51  47 1013.7  25.7  27.9  18.8 99.0 99.00
2016 04 16 00 50   2  1.7  2.6  1.38  8.33  7.75  39 1014.1  25.5  27.7  18.9 99.0 99.00
2016 04 16 01 50 347  4.0  5.3  1.22  8.33  7.32  47 1014.3  25.4  27.7  19.7 99.0 99.00
2016 04 16 02 50  32  2.7  3.6  1.38  7.69  7.64  46 1014.2  25.5  27.6  18.6 99.0 99.00
2016 04 16 03 50  43  3.7  4.9  1.38  9.09  7.81  52 1013.6  25.4  27.6  19.3 99.0 99.00
2016 04 16 04 50  22  2.2  3.3  1.29  7.69  7.64  47 1013.2  25.4  27.5  18.5 99.0 99.00
2016 04 16 05 50  27  2.5  3.5  1.33 14.81  7.99  28 1012.2  25.2  27.4  19.0 99.0 99.00
2016 04 16 06 50  28  2.3  3.5  1.31 13.79  7.89  25 1011.9  25.2  27.4  18.9 99.0 99.00
2016 04 16 07 50  33  2.4  3.7  1.27  8.33  7.71  53 1011.9  25.2  27.3  18.3 99.0 99.00
2016 04 16 08 50  33  2.3  3.2  1.32 13.79  8.01  41 1012.1  25.2  27.3  18.6 99.0 99.00
2016 04 16 09 50  66  1.7  2.4  1.30 14.81  8.19  29 1012.7  25.1  27.3  18.9 99.0 99.00
2016 04 16 10 50  63  1.7  2.6  1.40 13.79  8.33  18 1013.3  25.3  27.3  18.6 99.0 99.00
2016 04 16 11 50  74  0.9  1.9  1.27 13.79  8.37  42 1013.8  25.3  27.3  18.8 99.0 99.00
2016 04 16 12 50  43  3.1  4.2  1.48 13.79  8.89  26 1014.2  25.3  27.4  19.2 99.0 99.00
2016 04 16 13 50  59  2.9  5.0  1.44 13.79  8.62  29 1014.3  25.4  27.5  19.1 99.0 99.00
2016 04 16 14 50  93  2.9  3.8  1.38 13.79  8.16  50 1013.9  25.2  27.5  19.8 99.0 99.00
2016 04 16 15 50 104  2.0  3.1  1.43 13.79  8.14  39 1013.9  25.3  27.7  19.3 99.0 99.00
2016 04 16 16 50 109  1.2  1.7  1.59 13.79  8.75  46 1013.6  25.4  28.1  19.2 99.0 99.00
2016 04 16 17 50 160  0.2  0.9  1.58 13.79  8.83  44 1013.1  25.7  28.9  19.2 99.0 99.00
2016 04 16 18 50  71  0.5  1.4  1.44 12.90  8.57  39 1012.4  25.8  29.3  19.2 99.0 99.00
2016 04 16 19 50 318  0.4  0.9  1.43 13.79  8.55  47 1011.9  26.5  29.6  18.3 99.0 99.00
2016 04 16 20 50 166  0.1  0.5  1.47 13.79  8.40  31 1011.9  27.0  29.5  18.2 99.0 99.00
2016 04 16 21 50   2  0.6  1.4  1.49 12.90  8.46  47 1012.2  26.4  29.1  18.5 99.0 99.00
2016 04 16 22 50 350  0.9  1.4  1.58 13.79  8.68  32 1012.6  25.8  28.1  18.7 99.0 99.00
2016 04 16 23 50  33  0.8  1.6  1.64 10.00  8.44  25 1013.2  25.8  28.2  18.5 99.0 99.00
2016 04 17 00 50  89  1.4  1.9  1.55 12.90  8.44  32 1013.5  25.8  27.9  18.4 99.0 99.00
2016 04 17 01 50  77  1.0  1.8  1.57 12.90  8.64  42 1013.8  25.8  28.3  18.5 99.0 99.00
2016 04 17 02 50  84  1.5  2.3  1.57 12.90  8.57  32 1013.8  25.8  27.8  18.7 99.0 99.00
2016 04 17 03 50 115  1.8  3.0  1.55 12.90  8.34  23 1013.8  25.7  27.8  19.1 99.0 99.00
2016 04 17 04 50 132  1.6  2.6  1.38 12.90  8.18  24 1013.6  25.7  27.8  18.9 99.0 99.00
2016 04 17 05 50 145  2.2  3.5  1.46 12.12  8.24  23 1012.9  25.7  27.8  18.8 99.0 99.00
2016 04 17 06 50 146  2.3  3.4  1.46 12.12  8.38   2 1012.2  25.6  27.5  18.8 99.0 99.00
2016 04 17 07 50 175  3.2  4.1  1.61 12.12  8.86 356 1012.3  25.6  27.6  18.7 99.0 99.00
2016 04 17 08 50 186  2.3  3.5  1.62 12.90  8.73   8 1012.8  25.6  27.5  19.0 99.0 99.00
2016 04 17 09 50 188  2.7  3.8  1.58 12.12  8.62 358 1013.2  25.6  27.4  18.5 99.0 99.00
2016 04 17 10 50 197  3.1  4.2  1.56 12.12  8.60  15 1013.5  25.7  27.3  18.9 99.0 99.00
2016 04 17 11 50 200  3.9  5.5  1.66 12.12  8.98 355 1014.1  25.8  27.3  19.1 99.0 99.00
2016 04 17 12 50 199  4.3  5.5  1.53 10.81  8.68   1 1014.6  25.8  27.3  19.0 99.0 99.00
2016 04 17 13 50 221  4.7  5.8  1.48 12.90  8.94  18 1014.9  25.9  27.4  19.5 99.0 99.00
2016 04 17 14 50 217  5.0  6.6  1.59 11.43  8.90   9 1014.9  25.9  27.5  19.4 99.0 99.00
2016 04 17 15 50 221  5.2  6.8  1.54 12.90  8.52 351 1014.5  26.0  27.9  19.4 99.0 99.00
2016 04 17 16 50 231  5.4  6.4  1.57 12.90  8.45   2 1014.3  26.1  28.0  19.8 99.0 99.00
2016 04 17 17 50 236  5.5  7.0  1.60 12.12  8.20   6 1013.5  26.2  28.0  19.5 99.0 99.00
2016 04 17 18 50 239  5.7  6.7  1.40 11.43  7.58 347 1013.1  26.4  27.7  19.6 99.0 99.00
2016 04 17 19 50 242  6.0  7.1  1.62 12.90  7.96  13 1013.0  26.4  27.5  20.3 99.0 99.00
2016 04 17 20 50 258  5.8  7.1  1.64 12.12  7.74 357 1012.9  26.5  27.5  20.0 99.0 99.00
2016 04 17 21 50 250  5.6  6.6  1.46 10.81  7.41  16 1012.9  26.4  27.4  20.4 99.0 99.00
2016 04 17 22 50 252  5.5  6.9  1.56 12.90  7.92  19 1013.3  26.4  27.3  20.6 99.0 99.00
2016 04 17 23 50 274  5.5  6.3  1.64 12.12  8.43   1 1013.8  26.4  27.3  20.3 99.0 99.00
2016 04 18 00 50 269  5.1  6.0  1.79 12.12  8.06 354 1014.0  26.4  27.3  20.9 99.0 99.00
2016 04 18 01 50 278  5.4  6.5  1.83 11.43  8.24 358 1014.4  26.3  27.3  20.6 99.0 99.00
2016 04 18 02 50 281  3.8  5.0  2.00 12.12  8.58   4 1014.5  26.1  27.3  20.0 99.0 99.00
2016 04 18 03 50 295  3.6  4.7  1.83 12.12  8.23 350 1014.3  26.2  27.3  19.6 99.0 99.00
2016 04 18 04 50 282  3.9  4.7  2.01 12.12  8.70  15 1013.9  26.0  27.3  20.2 99.0 99.00
2016 04 18 05 50 284  2.5  3.3  2.17 12.12  9.33  15 1013.2  25.9  27.3  19.6 99.0 99.00
2016 04 18 06 50 345  2.6  3.5  2.10 12.12  9.52  10 1012.6  25.6  27.3  20.8 99.0 99.00
2016 04 18 07 50  10  2.2  3.3  2.27 14.81 10.01 334 1012.3  25.4  27.2  20.7 99.0 99.00
2016 04 18 08 50 334  1.0  2.0  2.30 14.81  9.85 339 1012.7  25.4  27.2  20.5 99.0 99.00
2016 04 18 09 50  20  1.5  2.9  2.29 13.79 10.28 332 1013.0  25.3  27.2  20.6 99.0 99.00
2016 04 18 10 50  41  1.7  2.7  2.15 14.81 10.21 338 1013.6  25.6  27.2  20.4 99.0 99.00
2016 04 18 11 50  52  1.3  2.0  2.17 14.81 10.08 330 1014.5  25.8  27.3  20.3 99.0 99.00
2016 04 18 12 50  47  1.1  2.0  2.40 14.81 10.67 334 1014.9  26.2  27.4  20.3 99.0 99.00
2016 04 18 13 50  91  0.7  1.6  2.49 14.81 10.79 322 1015.1  26.2  27.8  20.3 99.0 99.00
2016 04 18 14 50  74  1.2  1.8  2.25 13.79 10.12 331 1014.9  25.8  27.9  20.3 99.0 99.00
2016 04 18 15 50  49  2.6  3.6  2.14 11.43  9.96 349 1014.5  25.7  27.7  20.3 99.0 99.00
2016 04 18 16 50 176  2.6  8.3  2.14 12.90 10.06 345 1015.0  22.3  27.2  19.9 99.0 99.00
2016 04 18 17 50  96  1.9  2.6  2.33 14.81  9.88 326 1014.4  22.6  26.6  20.4 99.0 99.00
2016 04 18 18 50  46  2.6  4.0  2.29 12.90  9.98 338 1013.6  24.0  26.9  21.0 99.0 99.00
2016 04 18 19 50  37  3.2  4.2  2.03 12.12  9.53 346 1013.2  24.7  27.4  21.2 99.0 99.00
2016 04 18 20 50  26  4.8  6.5  2.40 13.79  9.99 329 1012.9  25.1  27.4  20.1 99.0 99.00
2016 04 18 21 50  21  5.1  6.5  2.61 14.81 10.38 330 1013.5  25.3  27.4  20.3 99.0 99.00
2016 04 18 22 50  21  5.3  6.6  2.37 14.81  9.26 326 1014.0  25.2  27.3  19.7 99.0 99.00
2016 04 18 23 50   8  6.1  7.3  2.39 11.43  9.08 345 1014.4  25.2  27.3  19.5 99.0 99.00
2016 04 19 00 50 357  5.9  7.3  2.51 14.81  9.41 338 1014.8  25.3  27.3  18.9 99.0 99.00
2016 04 19 01 50 358  5.5  7.2  2.37 14.81  8.82 325 1015.0  25.3  27.2  18.9 99.0 99.00
2016 04 19 02 50 360  5.9  7.4  2.28 13.79  8.81 323 1014.7  25.2  27.2  18.5 99.0 99.00
2016 04 19 03 50 350  5.1  6.6  2.21 12.12  8.41 344 1014.3  25.1  27.2  18.4 99.0 99.00
2016 04 19 04 50 340  5.1  6.5  2.21 11.43  8.50 349 1014.4  25.2  27.1  18.4 99.0 99.00
2016 04 19 05 50 348  6.2  7.7  2.26 11.43  8.54 341 1013.6  25.0  27.1  18.0 99.0 99.00
2016 04 19 06 50 340  6.5  7.7  2.11 13.79  8.09 343 1013.6  24.8  27.1  18.5 99.0 99.00
2016 04 19 07 50 348  6.4  8.3  2.18 13.79  7.93 334 1013.4  24.8  27.1  18.3 99.0 99.00
2016 04 19 08 50 348  6.3  7.8  2.08 12.90  8.05 343 1013.5  24.7  27.1  17.9 99.0 99.00
2016 04 19 09 50 345  5.9  7.4  2.20 13.79  8.40 333 1013.9  24.8  27.0  16.3 99.0 99.00
2016 04 19 10 50 342  5.4  6.3  2.16 11.43  8.20 345 1014.5  24.9  27.0  15.9 99.0 99.00
2016 04 19 11 50 350  4.6  5.9  1.84 12.90  7.70 329 1015.2  24.9  27.0  16.2 99.0 99.00
2016 04 19 12 50 348  4.4  5.9  2.10 12.90  8.44 338 1015.7  24.8  27.1  16.6 99.0 99.00
2016 04 19 13 50 353  3.8  5.1  1.87 12.12  7.82 341 1015.9  24.9  27.1  16.4 99.0 99.00
2016 04 19 14 50 348  3.9  4.9  1.84 12.12  7.92 345 1016.0  25.0  27.2  15.6 99.0 99.00
2016 04 19 15 50   2  4.4  5.8  1.89 12.90  8.05 329 1015.6  25.0  27.3  17.1 99.0 99.00
2016 04 19 16 50 350  4.0  5.3  1.74 12.90  7.67 340 1015.3  25.3  27.4  15.5 99.0 99.00
2016 04 19 17 50 360  3.8  5.0  1.91 12.12  7.79 342 1014.9  25.3  27.5  15.0 99.0 99.00
2016 04 19 18 50 358  3.9  5.2  1.97 11.43  8.06 339 1014.5  25.2  27.5  16.5 99.0 99.00
2016 04 19 19 50 360  3.8  5.3  1.80 13.79  7.72 348 1014.1  25.3  27.5  16.9 99.0 99.00
2016 04 19 20 50 356  4.4  5.8  1.83 12.90  7.67 345 1014.1  25.3  27.5  17.0 99.0 99.00
2016 04 19 21 50  14  5.1  6.4  1.90 12.12  7.74 341 1014.2  25.3  27.4  17.5 99.0 99.00
2016 04 19 22 50  18  4.9  6.5  1.79 12.90  7.45 344 1014.6  25.2  27.3  17.2 99.0 99.00
2016 04 19 23 50   9  5.0  6.3  1.83 12.90  7.74 340 1015.0  25.2  27.3  16.7 99.0 99.00
2016 04 20 00 50  27  4.4  5.8  1.83 12.12  7.64 344 1015.6  25.2  27.2  17.4 99.0 99.00
2016 04 20 01 50  29  5.1  6.6  1.84 12.12  7.57 340 1015.8  25.2  27.1  17.2 99.0 99.00
2016 04 20 02 50  27  5.3  6.4  1.96 10.00  7.64 354 1015.8  25.1  27.1  17.0 99.0 99.00
2016 04 20 03 50  22  5.0  6.4  1.78 12.12  7.27 350 1015.3  25.1  27.1  16.4 99.0 99.00
2016 04 20 04 50  32  4.0  5.7  1.80 10.81  7.62 341 1014.9  24.9  27.0  17.1 99.0 99.00
2016 04 20 05 50  31  3.6  4.7  1.85 12.12  7.67 351 1014.5  24.9  27.0  16.7 99.0 99.00
2016 04 20 06 50  13  3.3  4.5  2.03 11.43  8.27 341 1014.1  24.8  27.0  16.1 99.0 99.00
2016 04 20 07 50  10  3.9  6.2  1.84 11.43  7.77 340 1014.0  24.8  27.1  16.6 99.0 99.00
2016 04 20 08 50   5  4.7  6.2  1.93 10.00  7.84 341 1014.1  24.7  27.1  16.2 99.0 99.00
2016 04 20 09 50 358  4.7  6.0  1.85 10.81  7.58 338 1014.6  25.0  27.1  13.8 99.0 99.00
2016 04 20 10 50 354  4.6  6.1  1.98 11.43  7.75 343 1015.2  24.9  27.1  14.5 99.0 99.00
2016 04 20 11 50 343  4.4  5.8  1.84 10.81  7.25 354 1015.7  24.9  27.0  14.4 99.0 99.00
2016 04 20 12 50 354  4.8  6.2  1.93 11.43  7.44 342 1015.9  24.9  27.0  14.4 99.0 99.00
2016 04 20 13 50   1  4.4  6.0  2.11 10.81  7.83 339 1016.1  24.9  27.0  14.6 99.0 99.00
2016 04 20 14 50 353  4.3  5.5  1.86 11.43  7.62 334 1016.2  25.0  27.0  14.4 99.0 99.00
2016 04 20 15 50 349  4.7  6.4  1.96 10.81  7.58 336 1016.0  25.1  27.0  14.5 99.0 99.00
2016 04 20 16 50 359  4.1  5.7  1.81 10.00  7.51 345 1015.7  25.1  27.0  15.1 99.0 99.00
2016 04 20 17 50 353  3.5  4.9  1.91 11.43  7.52 341 1015.1  25.3  26.9  14.3 99.0 99.00
2016 04 20 18 50 352  3.7  5.0  1.93 10.00  7.42 341 1014.7  25.1  27.1  15.5 99.0 99.00
2016 04 20 19 50  16  3.6  4.8  1.73 11.43  7.20 347 1014.3  25.3  27.2  14.8 99.0 99.00
2016 04 20 20 50  25  4.2  5.1  1.80 10.00  7.47 341 1014.0  25.2  27.2  16.4 99.0 99.00
2016 04 20 21 50  29  3.3  4.7  1.87 10.00  7.54 353 1014.2  25.4  27.0  15.2 99.0 99.00
2016 04 20 22 50  22  3.5  4.7  1.76 10.00  7.53 347 1015.0  25.2  27.0  15.6 99.0 99.00
2016 04 20 23 50   7  4.8  6.4  1.77 10.81  7.45 354 1015.8  25.2  26.9  15.6 99.0 99.00
2016 04 21 00 50  12  3.9  5.1  1.69 10.81  7.20 359 1016.6  25.2  26.9  15.3 99.0 99.00
2016 04 21 01 50  24  4.2  5.4  1.73 10.00  7.25 350 1016.6  25.1  26.9  15.1 99.0 99.00
2016 04 21 02 50  18  3.1  4.8  1.69 10.81  7.30   5 1016.5  25.1  26.9  14.4 99.0 99.00
2016 04 21 03 50  41  3.9  4.7  1.51  9.09  6.91 349 1016.2  25.1  26.9  14.7 99.0 99.00
2016 04 21 04 50  66  3.5  4.4  1.76 10.00  7.44 345 1015.9  25.0  26.9  14.8 99.0 99.00
2016 04 21 05 50  41  5.6  7.0  1.64 10.00  7.26 343 1015.0  24.9  26.9  17.3 99.0 99.00
2016 04 21 06 50  62  5.6  7.0  1.53 10.00  6.79 354 1014.6  24.8  27.0  16.7 99.0 99.00
2016 04 21 07 50  48  4.7  5.9  1.59  9.09  6.99 360 1014.6  24.8  27.0  16.7 99.0 99.00
2016 04 21 08 50  47  3.9  5.1  1.60 10.00  7.11 348 1014.8  24.9  27.0  16.0 99.0 99.00
2016 04 21 09 50  32  6.6  8.1  1.57 10.00  6.87 352 1015.0  24.7  27.0  17.8 99.0 99.00
2016 04 21 10 50  45  6.5  8.3  1.56  8.33  6.37 338 1015.8  24.8  27.0  17.3 99.0 99.00
2016 04 21 11 50  44  5.8  7.2  1.62 10.00  6.36  10 1016.6  25.0  27.0  17.1 99.0 99.00
2016 04 21 12 50  39  6.0  6.9  1.47  9.09  6.29 354 1017.1  25.1  27.0  17.2 99.0 99.00
2016 04 21 13 50  31  6.5  8.2  1.64  9.09  6.83 360 1017.5  25.1  27.0  17.1 99.0 99.00
2016 04 21 14 50  31  7.0  8.6  1.47 10.00  6.14 350 1017.7  25.1  27.0  16.5 99.0 99.00
2016 04 21 15 50  27  6.6  8.0  1.58 10.00  6.14 357 1017.6  25.2  27.0  16.2 99.0 99.00
2016 04 21 16 50  38  6.0  7.4  1.62  9.09  6.27 355 1017.5  25.3  27.1  15.8 99.0 99.00
2016 04 21 17 50  41  6.5  8.1  1.59  9.09  6.14 358 1017.0  25.2  27.1  15.5 99.0 99.00
2016 04 21 18 50  44  6.5  8.0  1.47 10.00  5.97   7 1016.7  25.2  27.1  16.3 99.0 99.00
2016 04 21 19 50  40  6.8  8.4  1.47 10.00  5.86   3 1016.6  25.2  27.1  15.6 99.0 99.00
2016 04 21 20 50  49  6.5  7.9  1.63  9.09  6.27 355 1016.8  25.3  27.1  16.3 99.0 99.00
2016 04 21 21 50  55  7.0  8.6  1.46 10.00  5.85   5 1017.2  25.2  27.1  17.0 99.0 99.00
2016 04 21 22 50  52  7.0  8.0  1.62  9.09  5.96  10 1017.6  25.0  27.1  17.1 99.0 99.00
2016 04 21 23 50  57  6.9  8.4  1.61 10.00  5.79  11 1018.2  25.1  27.0  17.6 99.0 99.00
2016 04 22 00 50  59  6.9  8.4  1.61  9.09  5.75   3 1018.8  25.1  27.0  17.5 99.0 99.00
2016 04 22 01 50  51  7.5  9.2  1.52 10.00  5.91  17 1019.0  25.0  27.0  17.8 99.0 99.00
2016 04 22 02 50  75  7.4  8.9  1.52  9.09  5.61   6 1019.0  25.1  27.0  16.6 99.0 99.00
2016 04 22 03 50  62  7.6  8.9  1.56  9.09  5.77  13 1018.5  25.0  27.0  17.4 99.0 99.00
2016 04 22 04 50  70  7.4  9.9  1.53  9.09  5.54  15 1018.0  25.0  27.0  17.4 99.0 99.00
2016 04 22 05 50  65  7.1  8.7  1.52 10.00  5.53  10 1017.4  24.9  27.0  17.5 99.0 99.00
2016 04 22 06 50  64  7.2  8.6  1.38  8.33  5.29 356 1017.1  24.8  27.0  17.2 99.0 99.00
2016 04 22 07 50  70  7.2  8.9  1.43 10.00  5.32  11 1017.2  24.8  27.0  17.1 99.0 99.00
2016 04 22 08 50  66  6.7  8.8  1.43  9.09  5.33  18 1017.2  24.8  27.0  17.5 99.0 99.00
2016 04 22 09 50  66  7.3  8.7  1.40  9.09  5.58   7 1017.5  24.7  27.0  17.2 99.0 99.00
2016 04 22 10 50  70  7.3  8.6  1.47  9.09  5.53  13 1018.4  25.0  26.9  17.2 99.0 99.00
2016 04 22 11 50  65  7.3  8.5  1.53 10.00  5.78   5 1018.9  25.1  26.9  17.7 99.0 99.00
2016 04 22 12 50  68  7.4  8.7  1.68  9.09  6.07   7 1019.3  25.2  27.0  18.0 99.0 99.00
2016 04 22 13 50  78  7.7  9.1  1.91 10.00  6.40  10 1019.6  25.4  27.0  17.4 99.0 99.00
2016 04 22 14 50  76  8.0  9.6  2.08 10.81  6.82 354 1019.4  25.6  27.0  16.3 99.0 99.00
2016 04 22 15 50  77  8.0  9.5  2.19 10.81  6.69 359 1019.1  25.5  27.0  17.0 99.0 99.00
2016 04 22 16 50  77  7.8  9.1  2.30 10.81  6.79 351 1018.7  25.7  26.9  17.0 99.0 99.00
2016 04 22 17 50  73  7.4  8.7  2.14 10.00  6.63 355 1018.1  25.7  27.0  18.2 99.0 99.00
2016 04 22 18 50  75  8.0 10.1  2.18 11.43  6.62 351 1017.6  25.6  27.0  19.3 99.0 99.00
2016 04 22 19 50  77  8.3  9.7  2.28 10.81  6.78 343 1017.5  25.6  27.0  19.1 99.0 99.00
2016 04 22 20 50  83  7.8  9.4  2.40 10.00  6.90 351 1017.3  25.7  26.9  18.3 99.0 99.00
2016 04 22 21 50  80  7.8  9.1  2.46 10.81  6.85 360 1017.6  25.7  26.9  19.0 99.0 99.00
2016 04 22 22 50  69  8.2 10.1  2.23 10.81  6.58 350 1017.7  25.8  26.9  19.1 99.0 99.00
2016 04 22 23 50  78  7.7  9.6  2.41 10.81  6.84 340 1018.2  25.8  26.9  19.5 99.0 99.00
2016 04 23 00 50  72  7.9  9.4  2.37 11.43  6.59 342 1018.5  25.9  26.9  19.3 99.0 99.00
2016 04 23 01 50  78  8.0 10.0  2.38 11.43  6.78 347 1018.6  25.9  27.0  19.9 99.0 99.00
2016 04 23 02 50  78  8.9 10.8  2.57 12.12  6.76 345 1018.2  25.8  26.9  20.1 99.0 99.00
2016 04 23 03 50  75  8.4 10.0  2.43  6.25  6.54  80 1018.4  25.8  26.9  19.9 99.0 99.00
2016 04 23 04 50  78  8.3  9.8  2.57 11.43  7.03 353 1017.5  25.8  26.9  20.4 99.0 99.00
2016 04 23 05 50  76  8.5 10.3  2.65 11.43  6.79   1 1016.6  25.7  26.9  20.2 99.0 99.00
2016 04 23 06 50  77  8.3  9.9  2.58 10.81  6.69   4 1016.0  25.7  26.9  20.5 99.0 99.00
2016 04 23 07 50  75  7.6  9.1  2.66 11.43  6.89 360 1015.6  25.7  26.9  20.9 99.0 99.00
2016 04 23 08 50  84  7.7  9.6  2.83 11.43  7.17   2 1015.6  25.7  26.9  21.2 99.0 99.00
2016 04 23 09 50  79  8.1  9.6  2.67 10.81  7.10 360 1015.5  25.7  27.0  21.9 99.0 99.00
2016 04 23 10 50  85  7.6  9.3  2.60 10.81  6.89 358 1016.1  25.7  27.0  21.8 99.0 99.00
2016 04 23 11 50  81  6.7  8.0  2.50 10.81  6.98 343 1016.4  25.6  26.9  22.4 99.0 99.00
2016 04 23 12 50  81  6.3  7.6  2.59 11.43  7.01   6 1016.8  25.8  27.0  22.9 99.0 99.00
2016 04 23 13 50  91  7.4  8.9  2.62 11.43  7.11   7 1017.1  26.1  27.0  22.6 99.0 99.00
2016 04 23 14 50  98  7.7  9.5  2.44 10.81  6.78 359 1016.8  26.3  27.0  22.6 99.0 99.00
2016 04 23 15 50  99  8.1  9.8  2.42 11.43  6.81 354 1016.6  26.2  27.1  22.7 99.0 99.00
2016 04 23 16 50  87  6.2  7.3  2.53 12.12  6.76  19 1016.2  26.1  27.1  22.9 99.0 99.00
2016 04 23 17 50  92  6.4  7.7  2.34 11.43  6.72   6 1015.5  26.2  27.1  23.2 99.0 99.00
2016 04 23 18 50  95  7.6  9.8  2.36 11.43  6.64   6 1014.3  26.2  27.1  23.0 99.0 99.00
2016 04 23 19 50  74  7.4  9.4  2.30 11.43  6.69   5 1013.6  25.5  27.1  23.0 99.0 99.00
2016 04 23 20 50 107  6.9  9.2  2.19 11.43  6.49  12 1013.8  23.4  27.1  21.8 99.0 99.00
2016 04 23 21 50 114  7.4 10.3  2.27 10.81  6.55   2 1013.9  23.7  27.0  22.2 99.0 99.00
2016 04 23 22 50  52  5.8  7.3  2.21 11.43  6.50   3 1014.4  23.9  27.0  22.1 99.0 99.00
2016 04 23 23 50  68  4.6  5.9  2.03 11.43  6.44 356 1014.9  24.9  26.9  22.8 99.0 99.00
2016 04 24 00 50  55  7.0  8.6  1.99 10.81  6.40  15 1015.2  24.5  26.9  23.1 99.0 99.00
2016 04 24 01 50  53  5.2  6.1  2.09 10.81  6.62  14 1015.3  24.7  26.9  22.8 99.0 99.00
2016 04 24 02 50  73  5.3  6.4  2.28 10.81  6.96  10 1015.3  25.0  27.0  22.8 99.0 99.00
2016 04 24 03 50  92  6.1  7.4  2.05 12.12  6.70  14 1014.9  25.0  27.0  22.8 99.0 99.00
2016 04 24 04 50 114  8.2  9.5  2.16 10.81  6.70  24 1014.5  24.5  26.9  22.7 99.0 99.00
2016 04 24 05 50 108  6.1  7.1  2.09 12.12  6.65   6 1013.6  24.7  27.0  22.7 99.0 99.00
2016 04 24 06 50 109  7.1  8.5  1.93 10.81  6.52  16 1012.4  25.4  27.0  22.7 99.0 99.00
2016 04 24 07 50 126  8.6 10.1  2.03 10.81  6.80   8 1011.9  25.6  27.0  23.0 99.0 99.00
2016 04 24 08 50 126  8.5 10.3  2.22 10.81  6.69  30 1012.2  25.2  27.0  23.0 99.0 99.00
2016 04 24 09 50 130  8.5 10.2  2.00 10.00  6.28  22 1012.4  25.5  27.0  23.2 99.0 99.00
2016 04 24 10 50 139  8.4 10.3  2.00 11.43  6.48  12 1012.6  25.7  27.0  23.1 99.0 99.00
2016 04 24 11 50 139  8.3  9.7  1.95 10.81  6.11  27 1013.0  25.9  27.1  23.1 99.0 99.00
2016 04 24 12 50 146  7.6  9.0  2.08 11.43  6.62  21 1013.2  25.8  27.1  23.6 99.0 99.00
2016 04 24 13 50 151  6.1  7.3  2.04 12.12  6.18  14 1013.1  25.8  27.1  24.0 99.0 99.00
2016 04 24 14 50 178  7.4  9.3  1.91 10.81  6.29  15 1012.9  26.8  27.1  23.9 99.0 99.00
2016 04 24 15 50 177  8.6 10.7  1.93 10.81  6.48  15 1012.0  26.8  27.1  23.7 99.0 99.00
2016 04 24 16 50 184  9.4 11.2  1.97 12.12  6.15  15 1011.3  26.8  27.1  23.7 99.0 99.00
2016 04 24 17 50 188  8.8 10.3  1.97 12.90  5.98  35 1011.0  26.8  27.1  23.8 99.0 99.00
2016 04 24 18 50 199  8.4 10.4  1.94 11.43  5.81  24 1010.4  26.7  27.1  24.1 99.0 99.00
2016 04 24 19 50 203  8.3  9.5  1.96 10.81  5.76  20 1010.0  26.7  27.0  24.4 99.0 99.00
2016 04 24 20 50 206  9.1 11.0  2.10 12.12  6.06  16 1009.5  26.7  27.0  24.4 99.0 99.00
2016 04 24 21 50 230  7.6  9.6  2.22 12.12  5.96  22 1010.0  26.1  27.0  23.4 99.0 99.00
2016 04 24 22 50 302  9.9 13.1  2.02 12.12  6.08  28 1011.1  26.0  27.1  23.7 99.0 99.00
2016 04 24 23 50 308 11.0 13.2  2.04 11.43  5.88  17 1011.8  23.8  27.0  22.5 99.0 99.00
2016 04 25 00 50 300  8.4 10.2  1.80 11.43  5.55  29 1012.3  24.0  27.0  22.3 99.0 99.00
2016 04 25 01 50 279  7.7  8.9  1.71 10.81  5.69  16 1012.6  24.8  27.0  22.7 99.0 99.00
2016 04 25 02 50 268  6.6  8.0  1.65 12.12  5.87  18 1012.5  25.0  27.0  23.0 99.0 99.00
2016 04 25 03 50 261  4.3  5.0  1.56 10.81  5.99  25 1012.1  25.2  27.0  23.1 99.0 99.00
2016 04 25 04 50 273  4.0  4.6  1.58 10.81  6.05  19 1011.5  25.3  27.0  22.7 99.0 99.00
2016 04 25 05 50 288  4.0  5.1  1.54  7.14  6.28 113 1010.8  25.4  27.0  22.0 99.0 99.00
2016 04 25 06 50 287  3.1  4.1  1.35 10.81  6.09  31 1010.4  25.3  27.0  22.0 99.0 99.00
2016 04 25 07 50 311  3.7  4.6  1.39  6.67  6.23 106 1010.5  25.3  27.0  22.2 99.0 99.00
2016 04 25 08 50 329  3.1  4.0  1.39  6.67  6.32 103 1010.9  25.4  27.0  21.8 99.0 99.00
2016 04 25 09 50 353  2.9  3.9  1.40 10.00  6.37  28 1011.4  25.4  27.0  21.5 99.0 99.00
2016 04 25 10 50 351  3.0  4.0  1.34 10.00  6.27  45 1012.0  25.6  27.0  21.8 99.0 99.00
2016 04 25 11 50 346  3.3  4.0  1.35  7.69  6.40 120 1012.6  25.6  27.1  21.3 99.0 99.00
2016 04 25 12 50 345  3.3  4.2  1.33 10.00  6.39  22 1012.9  25.6  27.1  21.5 99.0 99.00
2016 04 25 13 50 347  3.5  4.4  1.38  9.09  6.54  53 1013.0  25.6  27.2  21.5 99.0 99.00
2016 04 25 14 50 345  3.9  4.7  1.34  7.14  6.34 117 1013.4  25.7  27.4  21.4 99.0 99.00
2016 04 25 15 50 345  4.9  5.7  1.22 10.00  6.45  38 1013.0  25.8  27.4  21.8 99.0 99.00
2016 04 25 16 50 354  4.1  5.1  1.18  9.09  6.38  74 1012.6  25.9  27.5  21.6 99.0 99.00
2016 04 25 17 50 347  3.8  4.6  1.27  9.09  6.43  88 1012.0  25.9  27.5  21.6 99.0 99.00
2016 04 25 18 50 352  3.6  4.6  1.28  7.69  6.39 120 1011.4  26.0  27.6  21.2 99.0 99.00
2016 04 25 19 50 359  3.8  4.6  1.18  9.09  6.33  58 1011.1  26.1  27.6  21.6 99.0 99.00
2016 04 25 20 50  13  6.6  7.8  1.15  9.09  6.15 114 1010.9  25.9  27.4  21.5 99.0 99.00
2016 04 25 21 50  10  6.7  7.7  1.23  9.09  5.73  77 1011.5  25.7  27.3  21.0 99.0 99.00
2016 04 25 22 50  11  7.7  8.7  1.14  9.09  5.17  98 1012.0  25.7  27.2  20.6 99.0 99.00
2016 04 25 23 50  17  7.8  9.4  1.22  8.33  5.06 110 1012.2  25.6  27.2  20.3 99.0 99.00
2016 04 26 00 50  26  7.0  8.4  1.35 10.81  5.44  35 1012.7  25.6  27.1  20.1 99.0 99.00
2016 04 26 01 50  29  6.2  7.5  1.32  9.09  5.31 114 1013.2  25.6  27.1  19.9 99.0 99.00
2016 04 26 02 50  40  5.9  7.0  1.24  8.33  5.29 107 1013.3  25.6  27.1  19.2 99.0 99.00
2016 04 26 03 50  35  5.7  6.9  1.22 10.81  5.32  20 1012.9  25.7  27.0  19.3 99.0 99.00
2016 04 26 04 50  38  5.5  6.5  1.13  9.09  5.25  60 1012.3  25.6  27.0  19.6 99.0 99.00
2016 04 26 05 50  35  6.3  7.7  1.20 10.81  5.27   7 1011.5  25.3  27.0  19.7 99.0 99.00
2016 04 26 06 50  36  5.9  7.2  1.20  8.33  5.16 101 1011.2  25.3  27.0  19.7 99.0 99.00
2016 04 26 07 50  37  6.1  7.1  1.22  7.69  5.22 100 1010.9  25.1  27.1  19.7 99.0 99.00
2016 04 26 08 50  46  6.2  7.6  1.19  9.09  5.30 111 1011.0  25.2  27.1  20.1 99.0 99.00
2016 04 26 09 50  52  6.5  8.0  1.24  7.69  5.25 109 1011.3  25.0  27.1  20.1 99.0 99.00
2016 04 26 10 50  50  5.9  7.2  1.19  9.09  5.22  94 1012.1  25.1  27.1  20.1 99.0 99.00
2016 04 26 11 50  57  6.3  8.1  1.22  9.09  5.14  87 1012.8  25.1  27.1  19.9 99.0 99.00
2016 04 26 12 50  55  6.3  7.3  1.19  5.00  5.10  12 1013.4  25.1  27.1  19.8 99.0 99.00
2016 04 26 13 50  55  7.0  8.5  1.17  9.09  5.25 112 1013.3  25.3  27.1  19.8 99.0 99.00
2016 04 26 14 50  58  6.3  7.4  1.18  8.33  5.14 105 1013.5  25.4  27.1  20.0 99.0 99.00
2016 04 26 15 50  65  6.1  7.0  1.18  8.33  5.17 106 1013.2  25.4  27.2  19.9 99.0 99.00
2016 04 26 16 50  72  6.7  7.9  1.23 12.12  5.30   4 1012.3  25.4  27.2  20.1 99.0 99.00
2016 04 26 17 50  69  6.1  7.7  1.24 12.12  5.25 346 1012.2  25.5  27.2  20.5 99.0 99.00
2016 04 26 18 50  62  6.5  7.6  1.32  8.33  5.41  97 1011.7  25.5  27.2  20.5 99.0 99.00
2016 04 26 19 50  69  7.2  8.8  1.38 12.12  5.57 346 1011.3  25.5  27.2  20.7 99.0 99.00
2016 04 26 20 50  67  8.2  9.9  1.62 11.43  5.95 334 1011.1  25.5  27.2  20.9 99.0 99.00
2016 04 26 21 50  76  7.9  9.4  1.78 11.43  6.43 337 1011.5  25.7  27.2  21.3 99.0 99.00
2016 04 26 22 50  69  7.8  9.3  1.71 10.81  6.10 334 1011.8  25.7  27.2  21.8 99.0 99.00
2016 04 26 23 50  61  7.8  9.6  2.04 11.43  6.77 337 1012.3  25.4  27.2  22.1 99.0 99.00
2016 04 27 00 50 129  7.9 10.4  1.99 10.81  6.37 342 1013.3  23.3  27.2  21.9 99.0 99.00
2016 04 27 01 50 104  5.0  6.7  2.01 12.12  6.36  13 1013.9  23.1  27.2  21.8 99.0 99.00
2016 04 27 02 50 101  2.9  3.7  1.96 10.81  6.57 336 1014.5  22.9  26.9  21.8 99.0 99.00
2016 04 27 03 50 142  3.8  5.1  1.99 10.81  6.97 348 1014.0  23.7  26.9  21.8 99.0 99.00
2016 04 27 04 50 178  3.0  4.2  2.01 11.43  7.31 356 1013.3  23.7  26.9  21.1 99.0 99.00
2016 04 27 05 50 139  3.3  4.4  1.91 10.81  7.16 359 1012.3  23.9  26.9  19.9 99.0 99.00
2016 04 27 06 50 146  5.9  7.3  1.89 10.81  7.41 350 1011.3  24.5  26.9  21.2 99.0 99.00
2016 04 27 07 50 148  6.2  7.4  1.94 10.00  7.39 341 1011.1  25.1  27.0  20.0 99.0 99.00
2016 04 27 08 50 121  4.6  5.6  2.08 10.81  7.66 359 1011.7  25.2  27.1  20.3 99.0 99.00
2016 04 27 09 50 110  5.1  6.1  1.89 10.81  7.16   3 1012.7  25.5  27.1  20.5 99.0 99.00
2016 04 27 10 50 104  4.5  5.6  2.04 10.00  7.39 343 1013.1  25.5  27.1  21.8 99.0 99.00
2016 04 27 11 50 129  5.1  6.4  2.00  8.33  7.04   7 1013.9  25.9  27.1  20.2 99.0 99.00
2016 04 27 12 50 126  5.7  7.4  2.02 10.00  7.18 341 1014.9  25.1  27.1  21.4 99.0 99.00
2016 04 27 13 50 136  6.2  7.6  2.10 10.00  7.10   4 1014.9  24.1  27.0  19.9 99.0 99.00
2016 04 27 14 50 161  8.1  9.8  1.85 10.81  6.70 350 1014.8  24.5  27.0  19.9 99.0 99.00
2016 04 27 15 50 155  9.7 11.7  1.97 10.00  6.23 355 1013.7  24.4  27.0  20.5 99.0 99.00
2016 04 27 16 50 162  9.0 10.9  1.78  9.09  5.59 350 1013.0  25.1  27.1  20.6 99.0 99.00
2016 04 27 17 50 179  4.7  6.1  1.80 10.00  6.12 348 1013.3  25.3  27.0  20.3 99.0 99.00
2016 04 27 18 50 168  2.5  3.5  1.75 10.81  6.54  11 1013.9  25.8  27.1  21.1 99.0 99.00
2016 04 27 19 50  72  3.8  4.6  1.57 10.00  6.41   2 1013.8  25.8  27.1  21.0 99.0 99.00
2016 04 27 20 50 101  6.3  7.4  1.86 10.00  6.89 355 1012.6  25.5  27.2  21.9 99.0 99.00
2016 04 27 21 50  60  5.1  6.0  1.89 10.00  6.98 358 1013.0  25.7  27.1  21.7 99.0 99.00
2016 04 27 22 50  73  5.9  6.8  1.86 10.00  6.84 354 1013.4  25.9  27.1  21.8 99.0 99.00
2016 04 27 23 50  72  5.7  6.8  1.68  9.09  6.54   7 1014.2  26.2  27.1  21.8 99.0 99.00
2016 04 28 00 50  66  6.0  7.2  1.72 10.00  6.36   1 1014.7  26.3  27.1  22.9 99.0 99.00
2016 04 28 01 50  68  5.3  6.1  1.78 10.00  6.60 358 1014.8  26.2  27.1  23.3 99.0 99.00
2016 04 28 02 50  91  5.4  6.6  1.61 10.81  6.46   5 1014.8  26.2  27.1  23.8 99.0 99.00
2016 04 28 03 50  82  5.4  6.6  1.65 10.00  6.70 355 1014.5  26.3  27.1  23.9 99.0 99.00
2016 04 28 04 50  75  5.0  5.8  1.67 10.00  6.62 355 1014.1  26.1  27.0  24.2 99.0 99.00
2016 04 28 05 50 104  5.4  6.9  1.79 10.00  6.93 353 1013.7  26.2  27.0  24.0 99.0 99.00
2016 04 28 06 50 110  5.9  6.7  1.70 10.81  6.76  12 1013.3  26.2  27.0  23.8 99.0 99.00
2016 04 28 07 50  99  6.9  8.0  1.75 10.00  6.80   6 1013.2  26.3  27.1  23.9 99.0 99.00
2016 04 28 08 50 121  5.2  7.6  1.65 10.00  6.25  27 1013.7  26.4  27.0  23.8 99.0 99.00
2016 04 28 09 50 112  7.2  8.3  1.78 10.00  6.46  17 1013.4  26.3  27.0  23.9 99.0 99.00
2016 04 28 10 50 110  5.9  6.9  1.70 10.00  6.24   5 1014.4  26.4  27.0  24.0 99.0 99.00
2016 04 28 11 50 113  4.3  5.2  1.72 10.00  6.44  23 1015.2  26.4  27.0  24.0 99.0 99.00
2016 04 28 12 50 119  6.5  7.5  1.83 10.00  6.77  17 1014.6  26.5  27.0  24.0 99.0 99.00
2016 04 28 13 50 117  5.7  6.7  1.77 10.00  6.64  13 1015.1  26.6  27.1  23.9 99.0 99.00
2016 04 28 14 50 103  4.4  5.4  1.65 10.00  6.62  22 1015.3  26.6  27.2  24.1 99.0 99.00
2016 04 28 15 50 111  4.6  5.5  1.62  9.09  6.60  21 1015.2  26.8  27.3  24.1 99.0 99.00
2016 04 28 16 50 108  4.4  5.5  1.78  9.09  6.92  17 1015.1  26.8  27.5  23.8 99.0 99.00
2016 04 28 17 50 106  4.3  5.1  1.73 10.00  6.62  30 1014.8  26.8  27.7  23.7 99.0 99.00
2016 04 28 18 50 115  5.4  6.6  1.60 10.00  6.59  19 1014.3  26.9  27.6  23.6 99.0 99.00
2016 04 28 19 50 100  5.1  6.0  1.63 10.81  6.65 353 1014.1  26.9  27.7  23.5 99.0 99.00
2016 04 28 20 50  84  5.1  6.1  1.67 10.00  6.64  29 1014.2  26.9  27.5  23.7 99.0 99.00
2016 04 28 21 50 101  6.2  7.2  1.71 10.81  6.57  28 1014.2  26.8  27.4  23.7 99.0 99.00
2016 04 28 22 50  94  5.8  6.8  1.65 10.00  6.50  20 1014.2  26.6  27.2  23.8 99.0 99.00
2016 04 28 23 50 112  6.3  7.6  1.58 10.00  6.25  28 1014.4  26.6  27.2  23.8 99.0 99.00
2016 04 29 00 50 114  5.5  6.4  1.66 10.81  6.37  21 1014.9  26.5  27.1  24.1 99.0 99.00
2016 04 29 01 50 112  5.3  6.2  1.59 10.00  6.12  51 1015.3  26.6  27.2  23.8 99.0 99.00
2016 04 29 02 50 105  4.8  5.9  1.50 10.00  6.13  39 1015.4  26.5  27.2  23.8 99.0 99.00
2016 04 29 03 50 102  5.6  6.7  1.63 10.81  6.24  18 1015.2  26.4  27.2  23.7 99.0 99.00
2016 04 29 04 50 102  4.8  6.0  1.64 10.00  6.30  19 1014.7  26.4  27.1  23.7 99.0 99.00
2016 04 29 05 50 120  5.2  6.3  1.75 10.00  6.37  24 1014.0  26.3  27.1  23.7 99.0 99.00
2016 04 29 06 50 113  5.4  6.6  1.51 10.81  6.25  31 1013.1  26.2  27.1  23.6 99.0 99.00
2016 04 29 07 50 110  5.9  6.8  1.61 10.00  6.31  27 1013.1  26.3  27.1  23.5 99.0 99.00
2016 04 29 08 50 110  5.6  6.7  1.67 10.00  6.47  30 1013.4  26.2  27.1  23.5 99.0 99.00
2016 04 29 09 50 108  4.9  6.1  1.54 10.81  6.05  23 1013.8  26.3  27.1  23.6 99.0 99.00
2016 04 29 10 50  64  4.6  7.2  1.61  8.33  6.16  51 1014.1  24.7  27.1  22.8 99.0 99.00
2016 04 29 11 50 231  3.3  5.4  1.63 10.00  6.02  33 1014.9  24.7  27.1  22.8 99.0 99.00
2016 04 29 12 50  56  4.5  5.5  1.73  8.33  5.82  65 1015.0  24.5  26.9  21.5 99.0 99.00
2016 04 29 13 50  82  4.7  5.9  1.68 10.81  5.72  36 1015.3  24.5  27.0  21.6 99.0 99.00
2016 04 29 14 50  98  3.8  4.9  1.62 10.00  5.83  53 1015.0  24.9  27.1  22.2 99.0 99.00
2016 04 29 15 50 113  3.6  4.6  1.54 10.00  6.01  65 1014.5  25.3  27.1  22.2 99.0 99.00
2016 04 29 16 50 113  5.8  6.7  1.48  9.09  6.17  85 1013.8  25.6  27.1  22.5 99.0 99.00
2016 04 29 17 50  93  6.0  7.0  1.45  9.09  5.88  52 1013.6  25.3  27.1  22.7 99.0 99.00
2016 04 29 18 50 100  6.9  7.8  1.47 10.00  5.90  48 1013.2  25.6  27.1  22.7 99.0 99.00
2016 04 29 19 50 101  7.3  8.5  1.42  7.69  5.58  82 1012.9  25.6  27.1  22.5 99.0 99.00
2016 04 29 20 50 107  6.6  7.9  1.53  9.09  6.03  70 1012.7  25.8  27.1  22.6 99.0 99.00
2016 04 29 21 50 102  5.5  6.4  1.47 10.00  5.89  70 1013.0  26.1  27.1  22.9 99.0 99.00
2016 04 29 22 50  89  4.4  5.4  1.36 10.00  5.74  53 1013.6  26.2  27.2  22.9 99.0 99.00
2016 04 29 23 50  95  4.5  5.3  1.46 10.00  6.01  52 1014.1  26.3  27.1  22.7 99.0 99.00
2016 04 30 00 50 104  5.5  6.5  1.28 10.00  5.73  63 1014.4  26.1  27.1  23.2 99.0 99.00
2016 04 30 01 50  90  4.6  5.7  1.39 10.00  6.04  54 1014.8  26.2  27.1  23.7 99.0 99.00
2016 04 30 02 50  99  4.7  5.5  1.44 10.00  6.10  56 1014.6  26.1  27.1  23.7 99.0 99.00
2016 04 30 03 50 181  8.8 10.5  1.42  9.09  5.83  75 1014.4  23.0  27.1  21.7 99.0 99.00
2016 04 30 04 50 125  9.8 11.8  1.47 10.00  5.69  40 1013.3  24.0  27.1  21.5 99.0 99.00
2016 04 30 05 50 119  8.0  9.7  1.27  9.09  5.57  55 1013.0  24.6  27.1  21.4 99.0 99.00
2016 04 30 06 50 105  5.5  7.0  1.29  9.09  5.49  70 1012.3  24.7  27.1  20.9 99.0 99.00
2016 04 30 07 50 115  5.4  7.0  1.31  9.09  5.80  73 1012.2  24.9  27.1  21.8 99.0 99.00
2016 04 30 08 50 113  4.0  5.1  1.28  9.09  5.93  69 1012.7  25.1  27.1  21.8 99.0 99.00
2016 04 30 09 50 153  4.8  6.0  1.22  9.09  5.87  53 1013.2  25.0  27.0  21.0 99.0 99.00
2016 04 30 10 50 136  3.7  4.6  1.24 10.00  6.01  53 1013.8  25.4  27.1  20.6 99.0 99.00
2016 04 30 11 50 112  3.6  4.8  1.25  7.69  5.95  90 1013.9  25.6  27.1  21.5 99.0 99.00
2016 04 30 12 50 112  5.0  6.1  1.50  9.09  6.07  66 1014.3  25.7  27.1  21.8 99.0 99.00
2016 04 30 14 50  89  5.5  6.6  1.31  9.09  5.99  71 1014.8  25.5  27.2  22.4 99.0 99.00
2016 04 30 15 50 108  6.7  7.9  1.27  9.09  6.07  60 1014.3  25.6  27.1  22.5 99.0 99.00
2016 04 30 16 50 103  7.8  8.9  1.40  9.09  5.69  76 1014.0  25.4  27.1  22.1 99.0 99.00
2016 04 30 17 50 105  7.7  8.9  1.32  9.09  5.34  74 1013.5  25.2  27.1  22.1 99.0 99.00
2016 04 30 18 50 100  5.9  7.3  1.40  9.09  5.38  79 1013.1  25.3  27.1  22.1 99.0 99.00
2016 04 30 19 50 106  5.9  7.2  1.33  8.33  5.34  79 1013.0  25.6  27.1  21.8 99.0 99.00
2016 04 30 20 50  94  6.8  8.0  1.33  7.69  5.36  96 1013.4  25.8  27.1  21.2 99.0 99.00
2016 04 30 21 50 127  6.9  8.6  1.25  9.09  5.30  95 1013.2  25.2  27.1  21.8 99.0 99.00
2016 04 30 22 50 132  5.7  6.7  1.48 10.00  5.68  45 1013.4  24.7  27.0  21.1 99.0 99.00
