#YY  MM DD hh mm WDIR WSPD GST  WVHT   DPD   APD MWD   PRES  ATMP  WTMP  DEWP  VIS  TIDE
#yr  mo dy hr mn degT m/s  m/s     m   sec   sec deg    hPa  degC  degC  degC  nmi    ft
2016 05 31 23 50 148  4.7  5.5  1.44  6.67  5.58 131 1016.3  24.3  24.3  24.0 99.0 99.00
2016 06 01 00 50 155  5.3  6.4  1.28  7.14  5.33 143 1016.5  24.5  24.2  23.4 99.0 99.00
2016 06 01 01 50 148  4.6  5.4  1.36  7.14  5.48 142 1016.9  24.6  24.2  24.0 99.0 99.00
2016 06 01 02 50 150  6.8  8.0  1.42  7.69  5.57 124 1016.5  24.6  24.2  23.8 99.0 99.00
2016 06 01 03 50 154  5.6  6.8  1.30  7.69  5.34 131 1016.6  24.5  24.2  23.9 99.0 99.00
2016 06 01 04 50 152  5.3  6.5  1.29  7.14  5.29 122 1016.3  24.6  24.2  24.0 99.0 99.00
2016 06 01 05 50 156  6.5  7.6  1.26  6.67  5.13 132 1016.2  24.6  24.2  23.7 99.0 99.00
2016 06 01 06 50 158  6.7  8.0  1.31  7.14  4.91 128 1016.0  24.5  24.2  23.6 99.0 99.00
2016 06 01 07 50 153  6.1  7.0  1.28  6.67  5.09 132 1015.9  24.5  24.2  23.8 99.0 99.00
2016 06 01 08 50 153  4.6  5.2  1.28  7.14  5.08 127 1016.0  24.5  24.2  23.7 99.0 99.00
2016 06 01 09 50 153  6.7  8.5  1.25  6.67  5.03 127 1016.2  23.9  24.2  23.4 99.0 99.00
2016 06 01 10 50 157  7.3  8.4  1.32  6.67  4.97 129 1016.8  24.2  24.2  23.1 99.0 99.00
2016 06 01 11 50 158  6.6  7.9  1.38  7.14  5.04 138 1017.2  24.3  24.3  23.4 99.0 99.00
2016 06 01 12 50 166  8.4 10.1  1.34  6.67  4.74 132 1017.4  24.2  24.3  23.3 99.0 99.00
2016 06 01 13 50 169  8.9 10.5  1.45  6.67  4.81 135 1017.6  24.1  24.3  23.1 99.0 99.00
2016 06 01 14 50 163  7.9  9.3  1.48  7.14  4.82 135 1018.2  23.6  24.3  22.5 99.0 99.00
2016 06 01 15 50 172  6.6  8.0  1.43  6.25  5.00 136 1018.6  23.9  24.3  22.6 99.0 99.00
2016 06 01 16 50 192  6.4  7.4  1.35  7.14  5.10 120 1018.4  23.9  24.3  22.6 99.0 99.00
2016 06 01 17 50 201  8.2  9.3  1.41  6.67  5.23 134 1018.1  23.8  24.3  22.5 99.0 99.00
2016 06 01 18 50 189  7.7  8.8  1.32  6.25  5.11 132 1018.0  23.7  24.3  22.5 99.0 99.00
2016 06 01 19 50 189  6.9  7.7  1.46  6.67  5.21 138 1017.8  23.7  24.3  22.6 99.0 99.00
2016 06 01 20 50 188  5.6  6.2  1.44  7.69  5.49 131 1017.5  23.8  24.3  22.8 99.0 99.00
2016 06 01 21 50 182  5.3  6.4  1.35  6.67  5.31 126 1017.7  24.1  24.3  22.7 99.0 99.00
2016 06 01 22 50 158  5.1  6.4  1.42 16.00  5.62  61 1017.7  24.1  24.3  22.4 99.0 99.00
2016 06 01 23 50 153  3.6  4.5  1.47  6.25  5.71 134 1018.0  24.1  24.3  22.7 99.0 99.00
2016 06 02 00 50 131  3.7  4.5  1.33 14.81  5.96  78 1018.4  24.2  24.3  22.2 99.0 99.00
2016 06 02 01 50 130  5.2  5.9  1.33 14.81  5.98  44 1018.3  24.2  24.2  22.5 99.0 99.00
2016 06 02 02 50 135  4.5  5.2  1.30 14.81  5.99  67 1018.9  24.2  24.2  22.9 99.0 99.00
2016 06 02 03 50 135  3.6  4.3  1.45 14.81  6.57  57 1018.7  24.2  24.2  22.8 99.0 99.00
2016 06 02 04 50 125  2.7  3.3  1.38 13.79  6.51  59 1018.1  24.1  24.2  22.7 99.0 99.00
2016 06 02 05 50 116  0.3  0.6  1.36 13.79  6.61  50 1017.9  24.0  24.2  22.5 99.0 99.00
2016 06 02 06 50 260  1.0  1.7  1.42 13.79  6.86  49 1017.4  23.9  24.2  22.7 99.0 99.00
2016 06 02 07 50 286  1.6  2.0  1.53 13.79  7.15  69 1017.2  23.8  24.2  22.7 99.0 99.00
2016 06 02 08 50 250  1.6  2.4  1.50 13.79  7.21  61 1017.5  23.8  24.2  22.7 99.0 99.00
2016 06 02 09 50 233  2.3  2.9  1.71 13.79  7.40  46 1017.8  23.8  24.2  22.5 99.0 99.00
2016 06 02 10 50 241  2.6  3.4  1.48 13.79  7.25  82 1018.5  23.9  24.2  22.5 99.0 99.00
2016 06 02 11 50 243  2.8  3.8  1.54 12.90  7.33  67 1019.1  23.9  24.2  22.2 99.0 99.00
2016 06 02 12 50 252  2.4  3.0  1.74 13.79  7.37  63 1019.6  23.9  24.3  22.4 99.0 99.00
2016 06 02 13 50 240  2.3  3.1  1.69 13.79  7.58  58 1020.0  24.1  24.4  22.6 99.0 99.00
2016 06 02 14 50 219  2.5  3.4  1.68 13.79  7.54  66 1020.1  24.0  24.8  22.8 99.0 99.00
2016 06 02 15 50 201  2.0  2.7  1.47 12.90  7.17  64 1019.6  24.3  25.4  22.9 99.0 99.00
2016 06 02 16 50 200  3.0  4.2  1.36  7.14  6.94 141 1019.5  24.6  25.3  22.9 99.0 99.00
2016 06 02 17 50 208  3.6  4.3  1.29  7.14  7.16 132 1019.3  24.7  25.3  22.8 99.0 99.00
2016 06 02 18 50 206  3.2  4.6  1.30 12.90  7.49  52 1018.7  24.8  25.4  22.8 99.0 99.00
2016 06 02 19 50 206  3.6  4.4  1.20 13.79  7.22  63 1018.6  24.9  25.3  22.9 99.0 99.00
2016 06 02 20 50 205  3.9  4.7  1.23 10.81  7.42  66 1018.5  25.0  25.4  22.9 99.0 99.00
2016 06 02 21 50 227  3.4  4.2  1.17 12.90  7.17  38 1018.3  25.0  25.3  22.9 99.0 99.00
2016 06 02 22 50 223  3.3  4.0  1.16  8.33  7.38 130 1018.4  25.0  25.1  22.7 99.0 99.00
2016 06 02 23 50 223  2.8  3.5  1.13 13.79  7.38  48 1018.5  24.8  25.1  22.8 99.0 99.00
2016 06 03 00 50 203  2.5  3.0  1.14 12.90  7.07  63 1018.8  24.7  25.0  22.7 99.0 99.00
2016 06 03 01 50 185  2.6  3.2  1.10  8.33  7.01 132 1019.1  24.7  24.9  22.9 99.0 99.00
2016 06 03 02 50 182  3.1  3.7  1.05  8.33  6.95 130 1019.2  24.6  24.9  23.2 99.0 99.00
2016 06 03 03 50 184  3.1  3.7  1.16  7.69  6.99 141 1019.3  24.6  24.9  23.2 99.0 99.00
2016 06 03 04 50 186  2.9  3.3  1.11 12.90  7.25  52 1019.0  24.5  24.8  23.2 99.0 99.00
2016 06 03 05 50 198  2.5  3.1  1.23 12.90  7.50  40 1018.7  24.5  24.9  23.1 99.0 99.00
2016 06 03 06 50 216  2.5  3.0  1.08 12.12  7.21  36 1018.5  24.4  24.9  23.5 99.0 99.00
2016 06 03 07 50 221  3.0  3.8  1.19  7.69  7.16 149 1018.4  24.4  24.8  23.4 99.0 99.00
2016 06 03 08 50 217  2.5  2.9  1.17  7.69  6.92 145 1018.4  24.4  24.8  23.1 99.0 99.00
2016 06 03 09 50 210  2.4  2.9  1.19 12.12  6.83  67 1018.5  24.4  24.7  23.4 99.0 99.00
2016 06 03 10 50 196  2.0  2.6  1.21 13.79  7.05  58 1018.7  24.5  24.7  23.4 99.0 99.00
2016 06 03 11 50 206  2.0  2.5  1.28 12.90  6.84  60 1019.0  24.6  24.7  23.4 99.0 99.00
2016 06 03 12 50 189  3.0  3.5  1.23 12.90  6.82  72 1019.3  24.5  24.8  23.2 99.0 99.00
2016 06 03 13 50 206  2.5  3.1  1.19  6.67  6.52 151 1019.4  24.6  25.0  23.5 99.0 99.00
2016 06 03 14 50 203  2.7  3.4  1.18 12.90  6.55  61 1019.3  24.7  25.3  23.3 99.0 99.00
2016 06 03 15 50 215  3.3  3.9  1.15 12.90  6.53  67 1019.2  24.9  25.4  23.0 99.0 99.00
2016 06 03 16 50 224  3.5  4.3  1.10  9.09  6.66 146 1019.0  25.0  25.6  22.8 99.0 99.00
2016 06 03 17 50 240  3.4  4.3  1.18  8.33  6.60 142 1018.5  25.1  25.8  22.8 99.0 99.00
2016 06 03 18 50 246  3.5  4.2  1.06 10.81  6.59  37 1018.0  25.2  25.8  22.7 99.0 99.00
2016 06 03 19 50 238  3.4  4.2  1.00 12.12  6.65  34 1017.5  25.3  25.8  22.8 99.0 99.00
2016 06 03 20 50 229  3.5  4.2  1.08  9.09  6.75 127 1017.3  25.4  25.8  22.8 99.0 99.00
2016 06 03 21 50 221  3.4  4.4  1.04  7.14  6.84 151 1017.1  25.4  25.7  22.9 99.0 99.00
2016 06 03 22 50 230  3.2  4.1  1.01  7.69  6.51 144 1017.5  25.5  25.7  22.7 99.0 99.00
2016 06 03 23 50 232  3.3  3.7  1.10  7.69  6.82 107 1017.8  25.3  25.6  23.0 99.0 99.00
2016 06 04 00 50 224  3.9  4.6  1.12  8.33  6.64 157 1018.1  25.3  25.5  23.1 99.0 99.00
2016 06 04 01 50 214  4.8  5.6  1.26  8.33  6.88 201 1018.3  25.3  25.4  23.1 99.0 99.00
2016 06 04 02 50 228  5.1  6.2  1.08  8.33  6.25 264 1018.4  25.3  25.4  22.8 99.0 99.00
2016 06 04 03 50 220  5.5  6.2  1.35  7.69  6.52 270 1018.3  25.2  25.4  22.9 99.0 99.00
2016 06 04 04 50 225  5.7  6.4  1.31  9.09  6.53 169 1017.9  25.1  25.3  22.9 99.0 99.00
2016 06 04 05 50 239  5.5  6.4  1.22  8.33  6.09 147 1017.8  25.0  25.3  23.0 99.0 99.00
2016 06 04 06 50 234  5.9  6.7  1.22  9.09  5.97 142 1017.2  24.9  25.0  23.1 99.0 99.00
2016 06 04 07 50 242  5.6  6.4  1.43  8.33  6.21 162 1017.2  24.9  24.9  23.1 99.0 99.00
2016 06 04 08 50 241  5.7  6.5  1.28  9.09  6.05 138 1017.2  24.9  24.9  23.6 99.0 99.00
2016 06 04 09 50 247  5.5  6.7  1.36  8.33  6.23 186 1017.2  24.9  24.9  23.6 99.0 99.00
2016 06 04 10 50 246  6.0  7.1  1.34  7.14  5.92 156 1017.3  25.0  24.9  23.7 99.0 99.00
2016 06 04 11 50 246  5.8  7.0  1.36  7.69  5.89 295 1017.4  25.0  24.8  23.5 99.0 99.00
2016 06 04 12 50 247  5.2  6.2  1.28  9.09  5.68 135 1017.4  25.1  24.9  23.8 99.0 99.00
2016 06 04 13 50 258  4.3  5.7  1.40  7.69  6.10 274 1017.5  25.1  24.9  24.3 99.0 99.00
2016 06 04 14 50 270  4.4  5.4  1.18  7.14  5.84 292 1017.8  25.3  25.0  23.9 99.0 99.00
2016 06 04 15 50 273  4.4  5.2  1.24  8.33  6.06 134 1017.7  25.3  25.1  23.7 99.0 99.00
2016 06 04 16 50 273  4.3  5.0  1.29  7.69  6.03 267 1017.5  25.4  25.3  23.7 99.0 99.00
2016 06 04 17 50 258  3.6  4.6  1.13 10.00  6.01 100 1017.1  25.6  25.4  24.2 99.0 99.00
2016 06 04 18 50 269  3.2  3.9  1.19  7.14  5.98 338 1016.5  25.7  25.5  23.9 99.0 99.00
2016 06 04 19 50 252  3.3  4.1  1.26  7.14  6.07 343 1016.0  25.8  25.7  23.8 99.0 99.00
2016 06 04 20 50 249  3.6  4.3  1.14  6.67  5.94 338 1015.8  25.8  25.7  23.7 99.0 99.00
2016 06 04 21 50 257  3.9  4.4  1.22  6.67  6.02 334 1015.6  25.9  25.7  23.5 99.0 99.00
2016 06 04 22 50 243  3.2  3.7  1.20  6.67  6.20 326 1015.5  25.7  25.6  23.8 99.0 99.00
2016 06 04 23 50 237  2.9  3.5  1.21  6.25  5.94 337 1015.7  25.4  25.5  23.7 99.0 99.00
2016 06 05 00 50 243  2.9  3.5  1.09  7.14  6.04 131 1016.3  25.4  25.4  23.7 99.0 99.00
2016 06 05 01 50 238  3.0  3.4  1.18  6.25  6.10 342 1016.7  25.4  25.4  23.9 99.0 99.00
2016 06 05 02 50 252  3.5  4.3  1.14  6.25  6.07 315 1017.0  25.4  25.4  23.6 99.0 99.00
2016 06 05 03 50 242  3.5  4.3  1.13  8.33  6.22 146 1016.7  25.3  25.4  23.8 99.0 99.00
2016 06 05 04 50 250  3.9  4.3  1.11  7.69  6.24 128 1016.5  25.2  25.5  23.6 99.0 99.00
2016 06 05 05 50 238  3.5  4.1  1.17  9.09  6.14 135 1016.0  25.2  25.4  23.8 99.0 99.00
2016 06 05 06 50 227  3.6  4.1  1.15  9.09  6.11 148 1015.5  25.1  25.4  23.7 99.0 99.00
2016 06 05 07 50 237  2.9  3.5  1.14  8.33  6.13 132 1015.2  25.1  25.4  24.0 99.0 99.00
2016 06 05 08 50 231  5.5  6.6  1.07  9.09  5.91 121 1015.3  25.0  25.4  24.0 99.0 99.00
2016 06 05 09 50 262  4.2  5.0  1.12  7.69  5.75 124 1015.6  25.1  25.4  23.1 99.0 99.00
2016 06 05 10 50 250  4.0  4.6  1.13  8.33  5.87 146 1015.9  25.2  25.3  23.1 99.0 99.00
2016 06 05 11 50 254  3.3  4.1  1.03  9.09  5.73 129 1016.3  25.3  25.3  23.1 99.0 99.00
2016 06 05 12 50 245  3.6  4.6  1.08  8.33  5.98 145 1016.6  25.3  25.4  23.8 99.0 99.00
2016 06 05 13 50 234  4.1  4.8  0.99  7.69  5.80 152 1016.7  25.3  25.5  23.7 99.0 99.00
2016 06 05 14 50 237  3.8  4.8  1.12  9.09  6.07 133 1017.0  25.5  25.6  23.7 99.0 99.00
2016 06 05 15 50 244  2.9  3.7  1.03  9.09  6.13 116 1017.3  25.5  25.6  23.4 99.0 99.00
2016 06 05 16 50 218  3.9  4.6  1.05 10.00  6.17 132 1017.1  25.7  25.9  23.3 99.0 99.00
2016 06 05 17 50 214  3.8  4.5  1.04  8.33  6.35 130 1016.6  25.7  26.1  23.3 99.0 99.00
2016 06 05 18 50 216  4.2  5.1  0.96  9.09  5.99 137 1016.5  25.8  26.1  23.3 99.0 99.00
2016 06 05 19 50 225  4.8  5.5  0.95  8.33  6.03 143 1016.4  25.9  26.2  23.1 99.0 99.00
2016 06 05 20 50 223  5.4  6.0  1.03  9.09  6.43 138 1016.2  25.9  26.2  22.8 99.0 99.00
2016 06 05 21 50 223  4.4  5.2  1.00  8.33  6.27 145 1016.1  25.9  26.1  22.9 99.0 99.00
2016 06 05 22 50 220  4.7  5.6  0.96  9.09  6.18 152 1016.3  25.9  26.1  22.6 99.0 99.00
2016 06 05 23 50 215  5.0  5.7  0.92  9.09  5.75 157 1016.5  25.7  26.0  23.0 99.0 99.00
2016 06 06 00 50 219  5.1  6.0  0.95  9.09  6.21 136 1016.7  25.7  25.9  22.8 99.0 99.00
2016 06 06 01 50 198  4.8  5.4  1.01  8.33  6.04 137 1017.1  25.7  25.9  22.3 99.0 99.00
2016 06 06 02 50 194  5.0  5.9  1.03  9.09  5.96 130 1017.2  25.7  25.7  22.3 99.0 99.00
2016 06 06 03 50 214  5.6  6.5  1.01  9.09  6.01 139 1017.5  25.6  25.6  22.9 99.0 99.00
2016 06 06 04 50 213  5.2  6.1  0.97  7.14  5.54 133 1017.2  25.5  25.5  23.3 99.0 99.00
2016 06 06 05 50 216  5.7  6.8  1.00  9.09  5.52 126 1017.3  25.5  25.4  23.3 99.0 99.00
2016 06 06 06 50 225  5.1  5.9  0.96  8.33  5.57 141 1016.9  25.4  25.4  23.5 99.0 99.00
2016 06 06 07 50 219  4.7  5.7  0.93  9.09  5.49 132 1016.4  25.4  25.4  23.9 99.0 99.00
2016 06 06 08 50 204  4.9  6.0  0.91  9.09  5.33 103 1016.0  25.4  25.3  24.1 99.0 99.00
2016 06 06 09 50 198  4.9  5.7  0.98  9.09  5.72 137 1015.8  25.4  25.3  23.9 99.0 99.00
2016 06 06 10 50 204  5.2  6.2  0.94  9.09  5.55 134 1016.0  25.5  25.2  23.8 99.0 99.00
2016 06 06 11 50 204  5.0  5.8  0.96  9.09  5.59 157 1016.3  25.5  25.2  24.1 99.0 99.00
2016 06 06 12 50 217  5.3  6.3  0.94  9.09  5.63 157 1016.8  25.6  25.3  24.3 99.0 99.00
2016 06 06 13 50 217  5.9  7.1  0.99  9.09  5.76 143 1017.1  25.6  25.4  23.9 99.0 99.00
2016 06 06 14 50 209  5.6  6.8  0.95  9.09  5.49 155 1017.0  25.7  25.6  23.9 99.0 99.00
2016 06 06 15 50 206  5.9  6.9  0.99  9.09  5.57 144 1016.9  25.8  25.8  24.0 99.0 99.00
2016 06 06 16 50 204  5.5  6.7  0.99  9.09  5.47 153 1016.9  25.9  25.9  23.9 99.0 99.00
2016 06 06 18 50 197  6.3  7.0  0.97  9.09  5.30 129 1016.2  26.1  26.0  24.2 99.0 99.00
2016 06 06 19 50 195  5.2  6.0  0.99  8.33  5.36 135 1015.9  26.2  26.1  24.6 99.0 99.00
2016 06 06 20 50 201  5.8  6.9  1.08  9.09  5.64 150 1015.7  26.2  26.1  24.3 99.0 99.00
2016 06 06 21 50 193  6.4  7.3  1.03  8.33  5.20 137 1015.2  26.0  25.9  24.7 99.0 99.00
2016 06 06 22 50 192  6.4  7.6  0.96 10.00  5.15  98 1015.3  26.0  25.9  24.7 99.0 99.00
2016 06 06 23 50 198  6.3  7.7  1.04  9.09  5.05 121 1015.5  26.0  25.8  25.1 99.0 99.00
2016 06 07 00 50 195  7.0  8.4  1.09  9.09  4.86 176 1015.7  26.1  25.7  24.9 99.0 99.00
2016 06 07 01 50 197  7.1  8.1  1.12  9.09  4.59 144 1015.9  26.0  25.7  24.9 99.0 99.00
2016 06 07 02 50 193  7.7  9.4  1.12  9.09  4.68 150 1015.7  25.9  25.6  24.9 99.0 99.00
2016 06 07 03 50 193  7.6  8.7  1.13 10.00  4.67 100 1015.7  25.9  25.6  25.0 99.0 99.00
2016 06 07 04 50 190  7.2  9.0  1.12  8.33  4.85 136 1014.8  25.9  25.6  24.9 99.0 99.00
2016 06 07 05 50 199  7.6  9.6  1.08  8.33  4.57 129 1014.4  25.8  25.6  24.9 99.0 99.00
2016 06 07 06 50 201  7.5  8.8  1.17  9.09  4.69 144 1013.9  25.8  25.5  24.6 99.0 99.00
2016 06 07 07 50 198  7.3  8.8  1.12  4.76  4.65 213 1013.5  25.7  25.5  24.9 99.0 99.00
2016 06 07 08 50 197  7.7  9.3  1.15  9.09  4.62 141 1013.3  25.6  25.5  24.8 99.0 99.00
2016 06 07 09 50 196  8.3  9.9  1.18  9.09  4.74 134 1013.3  25.6  25.5  24.7 99.0 99.00
2016 06 07 10 50 202  8.3  9.9  1.06  8.33  4.48 147 1013.5  25.7  25.5  24.7 99.0 99.00
2016 06 07 11 50 195  8.2  9.7  1.10  9.09  4.46 147 1013.3  25.8  25.5  24.8 99.0 99.00
2016 06 07 12 50 195  8.8 10.7  1.18  9.09  4.55 128 1013.0  25.8  25.5  24.6 99.0 99.00
2016 06 07 13 50 196  8.4 11.1  1.20  5.00  4.49 206 1012.8  25.9  25.6  24.7 99.0 99.00
2016 06 07 14 50 198  9.4 11.2  1.27  8.33  4.74 133 1012.8  25.9  25.6  24.5 99.0 99.00
2016 06 07 15 50 192  9.9 11.6  1.30  4.35  4.53 199 1011.9  26.0  25.7  24.6 99.0 99.00
2016 06 07 16 50 196 10.0 11.7  1.41  5.00  4.50 205 1011.8  26.2  25.8  24.7 99.0 99.00
2016 06 07 17 50 190 10.7 13.1  1.45  5.00  4.48 212 1011.0  26.1  25.9  24.6 99.0 99.00
2016 06 07 18 50 198 10.4 12.7  1.57  5.00  4.63 220 1010.7  26.3  25.8  24.6 99.0 99.00
2016 06 07 19 50 198 11.1 12.9  1.65  5.56  4.57 200 1010.2  26.3  25.8  24.7 99.0 99.00
2016 06 07 20 50 195 11.9 13.8  1.76  5.88  4.69 194 1009.2  26.2  25.7  24.8 99.0 99.00
2016 06 07 21 50 198 12.3 15.1  1.85  5.56  4.75 210 1008.8  26.2  25.6  24.8 99.0 99.00
2016 06 07 22 50 195 13.0 15.4  2.03  6.25  4.98 192 1008.1  26.2  25.6  24.8 99.0 99.00
2016 06 07 23 50 197 13.3 15.9  2.09  5.88  4.97 209 1008.0  26.2  25.5  24.8 99.0 99.00
2016 06 08 00 50 201 13.4 16.0  2.28  6.67  5.11 203 1007.9  26.2  25.4  24.9 99.0 99.00
2016 06 08 01 50 202 13.6 16.4  2.50  6.67  5.39 199 1008.1  26.3  25.4  24.9 99.0 99.00
2016 06 08 02 50 203 13.4 16.4  2.49  7.69  5.38 216 1008.2  26.2  25.3  25.0 99.0 99.00
2016 06 08 03 50 204 14.7 18.3  2.84  7.14  5.69 203 1008.1  26.3  25.2  24.9 99.0 99.00
2016 06 08 04 50 244 11.1 14.6  3.31  7.14  6.10 210 1008.8  24.0  25.2  24.0 99.0 99.00
2016 06 08 05 50 229 11.8 14.6  3.27  7.69  6.33 225 1008.8  25.4  25.2  24.5 99.0 99.00
2016 06 08 06 50 245  9.9 13.0  2.99  8.33  6.26 233 1008.9  25.3  25.1  24.5 99.0 99.00
2016 06 08 07 50 244  7.4  9.0  3.04  9.09  6.46 253 1009.4  24.4  25.1  24.2 99.0 99.00
2016 06 08 08 50 229  7.0  9.4  2.66  9.09  6.41 250 1009.8  25.3  25.1  24.6 99.0 99.00
2016 06 08 09 50 215  6.5  8.0  2.85  9.09  6.62 246 1010.0  24.2  25.1  24.0 99.0 99.00
2016 06 08 10 50 214  7.8  9.1  2.66  9.09  6.45 241 1011.2  23.8  25.1  23.4 99.0 99.00
2016 06 08 11 50 232  4.5  7.0  2.40  8.33  6.56 224 1010.9  24.0  25.1  23.0 99.0 99.00
2016 06 08 12 50 190  5.7  6.7  2.59  8.33  7.23 228 1010.9  23.9  25.1  21.5 99.0 99.00
2016 06 08 13 50 231  6.2  7.5  2.42 10.00  7.10 255 1010.7  24.8  25.1  23.5 99.0 99.00
2016 06 08 14 50 226  6.7  8.4  2.46  9.09  7.17 244 1010.8  24.9  25.2  23.9 99.0 99.00
2016 06 08 15 50 214  9.1 10.9  2.92 10.00  7.35 254 1011.4  24.9  25.1  23.3 99.0 99.00
2016 06 08 17 50 222  7.7  9.3  2.71 10.00  6.52 248 1009.9  24.5  25.1  23.8 99.0 99.00
2016 06 08 18 50 222  8.9 10.5  2.67 10.81  6.59 246 1009.9  24.4  25.1  23.4 99.0 99.00
2016 06 08 19 50 226  6.4  7.5  2.69  7.69  6.52 214 1009.7  24.5  25.1  23.3 99.0 99.00
2016 06 08 20 50 215  7.8  9.3  2.61  9.09  6.56 250 1009.5  25.0  25.1  24.2 99.0 99.00
2016 06 08 21 50 229  8.0  9.7  2.53  9.09  6.36 242 1009.6  25.1  25.1  24.0 99.0 99.00
2016 06 08 22 50 244  7.6  9.0  2.56 10.00  6.39 248 1010.0  25.1  25.1  23.8 99.0 99.00
2016 06 08 23 50 251  7.5  8.9  2.54  9.09  6.31 246 1010.4  25.0  25.0  23.6 99.0 99.00
2016 06 09 00 50 255  7.2  8.8  2.38  8.33  6.20 241 1011.2  24.9  25.0  23.5 99.0 99.00
2016 06 09 01 50 255  7.4  9.3  2.23  7.69  6.02 218 1011.7  25.0  25.0  23.9 99.0 99.00
2016 06 09 02 50 245  7.3  8.8  2.34  7.69  6.15 214 1012.0  25.1  25.0  24.1 99.0 99.00
2016 06 09 03 50 243  7.7  9.5  2.22  8.33  6.04 239 1012.1  25.2  25.0  24.3 99.0 99.00
2016 06 09 04 50 250  8.2  9.3  2.12  8.33  5.99 243 1012.1  25.3  25.0  24.2 99.0 99.00
2016 06 09 05 50 255  7.8  9.6  2.14  7.69  5.98 208 1012.0  25.3  25.0  23.8 99.0 99.00
2016 06 09 06 50 262  7.2  8.7  1.98  8.33  5.84 226 1012.0  25.3  24.9  23.7 99.0 99.00
2016 06 09 07 50 266  6.2  7.5  1.85  7.69  5.85 209 1011.9  25.1  24.9  23.9 99.0 99.00
2016 06 09 08 50 271  5.7  6.8  1.77  7.69  5.87 215 1011.9  25.1  24.9  23.9 99.0 99.00
2016 06 09 09 50 359  6.3  7.6  1.78  7.69  6.12 218 1012.5  24.8  24.9  22.5 99.0 99.00
2016 06 09 10 50  17  5.8  7.1  1.73  7.69  5.90 211 1013.3  24.8  24.9  21.4 99.0 99.00
2016 06 09 11 50  23  4.8  5.7  1.44  8.33  5.62 236 1014.1  24.8  24.9  20.9 99.0 99.00
2016 06 09 12 50  43  4.1  4.9  1.66  7.69  6.09 214 1014.8  24.7  24.9  20.5 99.0 99.00
2016 06 09 13 50  37  3.7  4.5  1.56  8.33  5.96 241 1015.0  24.7  24.9  20.1 99.0 99.00
2016 06 09 14 50  38  3.4  4.3  1.61  7.69  6.14 204 1015.4  24.8  25.1  19.4 99.0 99.00
2016 06 09 15 50  29  3.7  4.7  1.64  7.14  6.16 195 1015.3  24.9  25.2  19.1 99.0 99.00
2016 06 09 16 50  40  4.7  5.5  1.64  6.67  6.12 194 1015.3  24.6  25.2  20.5 99.0 99.00
2016 06 09 17 50  45  4.8  5.8  1.73  6.67  6.05 185 1014.6  24.4  25.2  20.5 99.0 99.00
2016 06 09 18 50  36  4.8  5.9  1.72  7.69  5.92 257 1014.1  24.3  25.2  20.2 99.0 99.00
2016 06 09 19 50  38  4.5  5.7  1.64  6.67  5.75 230 1014.5  24.2  25.2  19.9 99.0 99.00
2016 06 09 20 50  35  3.2  4.3  1.65  6.67  5.87 249 1014.6  24.2  25.3  19.4 99.0 99.00
2016 06 09 21 50  24  2.9  4.2  1.59  7.69  5.85 258 1014.7  24.4  25.3  18.8 99.0 99.00
2016 06 09 22 50  57  1.4  2.0  1.55  7.14  5.93 246 1015.0  24.3  25.3  17.9 99.0 99.00
2016 06 09 23 50  16  2.0  3.1  1.54  6.25  5.97 209 1015.3  24.3  25.4  17.6 99.0 99.00
2016 06 10 00 50 348  2.8  4.1  1.84  9.09  6.74 359 1015.3  24.4  25.3  17.0 99.0 99.00
2016 06 10 01 50 354  3.0  4.1  1.90  9.09  6.49 351 1015.9  24.4  25.3  16.4 99.0 99.00
2016 06 10 02 50 346  3.4  4.6  2.05  8.33  6.92 359 1016.4  24.4  25.3  15.9 99.0 99.00
2016 06 10 03 50 352  3.6  4.9  1.94  9.09  6.56 352 1016.6  24.3  25.3  16.0 99.0 99.00
2016 06 10 04 50 344  3.4  4.6  2.01  7.14  6.71 299 1016.4  24.2  25.2  15.3 99.0 99.00
2016 06 10 05 50 354  3.5  4.7  2.00  7.14  6.69 306 1015.6  24.1  25.2  15.9 99.0 99.00
2016 06 10 06 50   2  3.8  5.0  1.98  9.09  6.87 340 1015.3  23.9  25.2  15.6 99.0 99.00
2016 06 10 07 50 353  4.4  6.3  1.95  9.09  6.83 353 1015.1  23.7  25.1  15.5 99.0 99.00
2016 06 10 08 50 345  4.9  6.1  1.85  8.33  6.92 339 1015.2  23.6  25.1  16.3 99.0 99.00
2016 06 10 09 50 353  4.6  6.6  1.97  9.09  7.00   5 1015.5  23.6  25.1  17.0 99.0 99.00
2016 06 10 10 50 348  5.2  6.4  1.97  8.33  6.94 352 1015.9  23.7  25.1  15.4 99.0 99.00
2016 06 10 11 50 356  3.7  6.0  1.88  9.09  6.73 354 1016.7  23.8  25.1  14.9 99.0 99.00
2016 06 10 12 50 335  3.7  5.2  1.80  9.09  6.60 348 1017.2  23.8  25.1  14.9 99.0 99.00
2016 06 10 13 50 338  4.0  5.0  1.87  9.09  6.60   4 1017.6  23.9  25.1  15.3 99.0 99.00
2016 06 10 14 50 330  2.6  3.9  1.82  9.09  6.60 352 1017.8  23.9  25.2  15.3 99.0 99.00
2016 06 10 15 50 307  3.1  4.5  1.74  7.14  6.48 344 1017.8  24.1  25.3  16.0 99.0 99.00
2016 06 10 16 50 288  3.1  4.5  1.66  8.33  6.44 357 1017.7  24.2  25.4  16.1 99.0 99.00
2016 06 10 17 50 293  3.2  4.3  1.64  9.09  6.56 350 1017.1  24.3  25.6  16.2 99.0 99.00
2016 06 10 18 50 271  3.4  4.4  1.57  8.33  6.34 355 1016.7  24.5  25.7  16.1 99.0 99.00
2016 06 10 19 50 280  4.2  5.2  1.52  7.14  6.44 326 1016.8  24.6  25.7  17.1 99.0 99.00
2016 06 10 20 50 279  5.4  6.5  1.45  7.14  6.36 328 1016.9  24.7  25.7  17.1 99.0 99.00
2016 06 10 21 50 277  5.2  6.3  1.46  9.09  6.16 354 1016.9  24.8  25.7  16.4 99.0 99.00
2016 06 10 22 50 281  5.7  7.5  1.45  8.33  6.07 359 1017.3  24.9  25.6  17.8 99.0 99.00
2016 06 10 23 50 275  5.7  6.9  1.54  8.33  6.16 346 1017.6  24.7  25.6  19.4 99.0 99.00
2016 06 11 00 50 259  4.8  5.8  1.44  8.33  5.88 351 1017.5  24.7  25.6  19.8 99.0 99.00
2016 06 11 01 50 279  5.8  6.6  1.39 10.00  5.93  15 1017.5  25.3  25.5  18.0 99.0 99.00
2016 06 11 02 50 271  5.5  6.2  1.39 10.00  5.79  10 1018.0  25.3  25.4  18.0 99.0 99.00
2016 06 11 03 50 299  5.3  6.5  1.27  9.09  5.71  10 1018.0  25.3  25.4  18.8 99.0 99.00
2016 06 11 04 50 307  6.2  7.3  1.27  7.14  5.72 340 1017.6  25.3  25.4  18.7 99.0 99.00
2016 06 11 05 50 314  6.3  7.4  1.29  7.14  5.58 327 1017.4  25.0  25.4  20.0 99.0 99.00
2016 06 11 06 50   5  6.6  7.7  1.32  7.14  5.64 337 1017.6  24.2  25.3  20.4 99.0 99.00
2016 06 11 08 50  10  5.7  6.7  1.32  7.14  5.31 351 1018.3  23.8  25.3  18.7 99.0 99.00
2016 06 11 09 50  20  6.0  7.2  1.42  7.14  5.39 358 1018.8  23.5  25.3  18.3 99.0 99.00
2016 06 11 10 50  26  5.0  6.2  1.53  6.67  5.51  11 1019.2  23.4  25.3  17.3 99.0 99.00
2016 06 11 11 50  26  5.1  6.6  1.34  7.14  5.42  10 1019.7  23.4  25.3  17.1 99.0 99.00
2016 06 11 12 50  18  5.3  6.7  1.33  7.69  5.35 357 1020.3  23.4  25.3  16.9 99.0 99.00
2016 06 11 13 50  24  4.2  5.9  1.29  7.14  5.53   2 1020.6  23.4  25.4  16.6 99.0 99.00
2016 06 11 14 50  18  4.6  5.8  1.18  6.67  5.53 354 1021.1  23.4  25.4  16.0 99.0 99.00
2016 06 11 15 50  22  3.7  5.0  1.12  7.14  5.35 355 1021.2  23.4  25.5  15.2 99.0 99.00
2016 06 11 17 50 354  1.5  3.1  1.03  7.14  5.49 360 1020.9  23.6  25.7  14.4 99.0 99.00
2016 06 11 18 50  27  1.7  2.6  1.00  6.25  5.58 305 1020.7  23.5  25.9  15.0 99.0 99.00
2016 06 11 19 50  36  0.9  2.6  0.93  7.14  5.54 345 1020.3  23.7  26.1  14.8 99.0 99.00
2016 06 11 20 50 357  1.5  2.4  0.96  5.88  5.44 309 1019.8  23.9  26.2  14.8 99.0 99.00
2016 06 11 21 50 259  0.3  0.9  1.02  6.67  5.52 332 1019.7  24.3  26.0  14.7 99.0 99.00
2016 06 11 22 50 307  1.5  3.0  1.06  6.67  5.58 327 1019.9  24.1  26.0  14.4 99.0 99.00
2016 06 11 23 50 283  1.5  2.4  1.07  6.25  5.63 309 1019.8  23.5  25.8  14.4 99.0 99.00
2016 06 12 00 50 270  1.3  3.5  1.14  6.25  5.67 321 1020.2  23.5  25.7  14.7 99.0 99.00
2016 06 12 01 50 271  2.3  3.7  1.01  6.25  5.56 327 1020.5  23.5  25.7  14.7 99.0 99.00
2016 06 12 02 50 270  2.0  3.4  0.97  6.25  5.52 323 1020.5  23.4  25.6  15.1 99.0 99.00
2016 06 12 03 50 284  1.0  1.6  0.97  6.25  5.46 338 1020.5  23.3  25.5  14.8 99.0 99.00
2016 06 12 04 50 213  1.2  2.7  0.92  7.14  5.45 353 1020.1  23.3  25.5  15.2 99.0 99.00
2016 06 12 05 50 258  2.3  3.9  0.93  6.67  5.59   7 1019.6  23.2  25.5  15.3 99.0 99.00
2016 06 12 06 50 230  3.3  4.3  0.97  6.25  5.71 357 1019.3  23.3  25.4  15.7 99.0 99.00
2016 06 12 07 50 238  3.4  4.5  0.90  6.67  5.71  22 1019.0  23.3  25.4  15.7 99.0 99.00
2016 06 12 08 50 227  4.4  5.9  0.99  6.67  5.78  16 1018.8  23.4  25.4  15.7 99.0 99.00
2016 06 12 09 50 226  4.3  5.1  0.94  6.25  5.70  29 1019.2  23.4  25.4  16.0 99.0 99.00
2016 06 12 10 50 232  3.3  4.2  0.92  6.25  5.59  18 1019.0  23.7  25.4  16.4 99.0 99.00
2016 06 12 11 50 230  4.1  5.1  0.93  5.88  5.55   3 1019.0  23.7  25.4  16.6 99.0 99.00
2016 06 12 12 50 237  4.2  5.4  0.92  6.67  5.55  10 1018.9  23.9  25.4  17.4 99.0 99.00
2016 06 12 13 50 228  4.8  6.0  0.81  6.25  5.37   8 1018.7  23.9  25.5  18.0 99.0 99.00
2016 06 12 14 50 234  4.7  5.9  0.76  5.88  5.20   3 1018.5  24.1  25.5  18.4 99.0 99.00
2016 06 12 15 50 229  5.0  6.4  0.71  5.88  4.85 308 1018.2  24.3  25.6  18.5 99.0 99.00
2016 06 12 16 50 227  5.8  7.0  0.68  8.33  4.75  75 1017.5  24.5  25.6  18.9 99.0 99.00
2016 06 12 17 50 221  6.7  8.1  0.70  5.56  4.38 294 1016.9  24.5  25.6  19.1 99.0 99.00
2016 06 12 18 50 220  7.0  8.2  0.72  8.33  4.07  43 1016.4  24.6  25.6  19.3 99.0 99.00
2016 06 12 19 50 223  7.3  8.4  0.82  7.69  4.04 146 1016.4  24.6  25.6  19.7 99.0 99.00
2016 06 12 20 50 222  7.6  9.3  0.83  7.69  3.95 132 1016.1  24.7  25.5  19.8 99.0 99.00
2016 06 12 21 50 220  7.9  9.3  0.88  3.85  3.90 269 1015.7  24.7  25.5  19.8 99.0 99.00
2016 06 12 22 50 214  8.0  9.3  0.89  3.57  3.85 231 1015.5  24.7  25.5  19.6 99.0 99.00
2016 06 12 23 50 215  8.3  9.8  0.90  3.85  3.77 253 1015.6  24.8  25.5  19.8 99.0 99.00
2016 06 13 00 50 210  8.9 10.4  0.99  4.00  3.99 242 1015.2  24.8  25.4  19.4 99.0 99.00
2016 06 13 01 50 213  8.9 10.5  1.02  4.17  4.04 242 1015.1  24.8  25.4  20.0 99.0 99.00
2016 06 13 02 50 215  9.5 10.8  1.04  4.35  4.02 251 1014.7  24.9  25.4  20.2 99.0 99.00
2016 06 13 03 50 226  9.0 10.4  1.18  4.35  4.27 238 1014.5  25.0  25.4  20.7 99.0 99.00
2016 06 13 04 50 229  9.1 10.5  1.26  5.26  4.34 256 1013.7  25.0  25.3  20.9 99.0 99.00
2016 06 13 05 50 220  9.5 11.3  1.31  5.26  4.61 260 1012.6  25.0  25.3  21.4 99.0 99.00
2016 06 13 06 50 221 10.0 11.8  1.29  5.26  4.68 251 1011.3  25.0  25.3  20.9 99.0 99.00
2016 06 13 07 50 223  9.8 11.6  1.48  5.26  4.87 251 1010.8  25.1  25.3  21.1 99.0 99.00
2016 06 13 08 50 223 10.5 12.4  1.50  5.88  4.78 260 1010.0  25.2  25.3  20.6 99.0 99.00
2016 06 13 09 50 226 10.2 12.0  1.65  5.56  4.99 247 1010.3  25.3  25.3  21.2 99.0 99.00
2016 06 13 10 50 229 10.2 12.0  1.67  5.88  5.07 255 1010.6  25.3  25.3  21.4 99.0 99.00
2016 06 13 11 50 228 10.2 12.2  1.67  5.88  5.13 255 1010.9  25.5  25.3  21.8 99.0 99.00
2016 06 13 12 50 225  9.9 11.9  1.89  6.67  5.35 266 1010.9  25.6  25.4  22.1 99.0 99.00
2016 06 13 13 50 219 11.7 13.5  1.86  7.14  5.32 269 1010.1  25.4  25.4  22.6 99.0 99.00
2016 06 13 14 50 226  9.9 11.7  2.03  6.67  5.33 264 1011.4  25.5  25.4  23.2 99.0 99.00
2016 06 13 15 50 219 11.2 14.1  2.06  6.67  5.46 255 1010.7  25.6  25.4  23.5 99.0 99.00
2016 06 13 16 50 220 11.4 14.1  2.03  7.14  5.32 265 1009.7  25.6  25.4  23.7 99.0 99.00
2016 06 13 17 50 229 10.9 12.8  2.18  7.14  5.37 267 1009.5  25.6  25.4  24.0 99.0 99.00
2016 06 13 18 50 228 11.0 13.4  2.14  7.69  5.46 269 1009.4  25.7  25.3  24.2 99.0 99.00
2016 06 13 19 50 225 10.9 12.5  2.17  7.69  5.53 273 1008.5  25.7  25.4  24.3 99.0 99.00
2016 06 13 20 50 292  7.2 14.1  2.30  7.14  5.41 271 1008.6  25.1  25.4  24.0 99.0 99.00
2016 06 13 21 50 316  6.7  8.0  2.17  7.14  5.54 263 1009.1  25.1  25.4  22.7 99.0 99.00
2016 06 13 22 50 341  5.1  6.4  1.96  7.69  5.71 271 1010.3  24.8  25.4  22.3 99.0 99.00
2016 06 13 23 50  15  6.9  8.7  1.77  7.69  5.51 260 1010.7  24.5  25.4  21.6 99.0 99.00
2016 06 14 00 50  27  6.0  7.5  1.61  7.14  5.45 266 1011.5  24.2  25.4  21.3 99.0 99.00
2016 06 14 01 50  29  4.8  6.3  1.53  8.33  5.32 282 1012.0  24.0  25.3  20.3 99.0 99.00
2016 06 14 02 50  32  4.0  5.7  1.50  7.69  5.53 258 1012.5  23.7  25.3  19.6 99.0 99.00
2016 06 14 03 50   5  2.9  3.8  1.31  6.67  5.33 262 1012.8  23.7  25.3  18.9 99.0 99.00
2016 06 14 04 50   5  4.1  5.3  1.24  6.67  5.15 258 1012.5  23.5  25.3  18.3 99.0 99.00
2016 06 14 05 50  16  2.5  3.6  1.28  7.69  5.45 254 1012.7  23.5  25.3  18.1 99.0 99.00
2016 06 14 06 50 352  2.5  3.2  1.36  6.25  5.62 255 1012.2  23.5  25.2  17.6 99.0 99.00
2016 06 14 07 50 319  1.2  2.5  1.24  7.14  5.46 261 1012.5  23.3  25.2  17.3 99.0 99.00
2016 06 14 08 50 327  1.9  2.7  1.25  6.67  5.59 275 1012.7  23.4  25.3  17.1 99.0 99.00
2016 06 14 09 50 300  1.8  3.2  1.30  5.88  5.53 302 1013.4  23.4  25.3  17.1 99.0 99.00
2016 06 14 10 50 335  1.9  3.4  1.33  7.14  5.67 307 1014.2  23.6  25.3  17.0 99.0 99.00
2016 06 14 11 50 308  1.8  2.5  1.42  7.14  5.68 295 1014.9  23.7  25.3  16.4 99.0 99.00
2016 06 14 12 50 323  3.2  4.3  1.40  6.25  5.68 304 1015.0  23.8  25.3  16.9 99.0 99.00
2016 06 14 13 50 314  3.3  4.1  1.23  7.69  5.54 344 1015.3  23.8  25.4  16.9 99.0 99.00
2016 06 14 14 50 285  2.8  3.9  1.21  7.14  5.62 319 1015.7  23.9  25.5  16.8 99.0 99.00
2016 06 14 15 50 243  1.8  2.8  1.23  7.14  5.55 327 1016.1  24.0  25.7  17.3 99.0 99.00
2016 06 14 16 50 243  2.9  3.7  1.28  6.25  5.51 299 1016.1  24.2  25.9  17.3 99.0 99.00
2016 06 14 17 50 275  3.3  4.7  1.22  6.25  5.33 319 1015.9  24.3  25.9  17.7 99.0 99.00
2016 06 14 18 50 278  3.1  3.9  1.16  8.33  5.31   3 1016.0  24.4  25.9  17.6 99.0 99.00
2016 06 14 19 50 290  4.3  5.4  1.28  7.69  5.50 319 1015.8  24.6  26.0  17.5 99.0 99.00
2016 06 14 20 50 286  4.9  6.2  1.09  7.69  5.33 326 1015.6  24.7  25.9  17.8 99.0 99.00
2016 06 14 21 50 304  5.3  6.3  1.17  7.69  5.42 354 1015.5  24.8  25.8  18.1 99.0 99.00
2016 06 14 22 50 291  4.3  5.1  1.23  7.69  6.00 344 1016.1  24.8  25.7  18.4 99.0 99.00
2016 06 14 23 50 266  3.6  4.5  1.25  7.69  6.06 353 1016.3  24.6  25.6  18.8 99.0 99.00
2016 06 15 00 50 269  2.7  3.6  1.34  7.14  6.18 353 1016.4  24.5  25.5  19.0 99.0 99.00
2016 06 15 01 50 253  2.4  3.2  1.38  7.69  6.23 356 1017.0  24.5  25.4  19.2 99.0 99.00
2016 06 15 02 50 244  2.3  3.1  1.42  7.69  6.29 351 1017.6  24.6  25.4  19.3 99.0 99.00
2016 06 15 03 50 250  3.1  3.6  1.33  7.14  6.19 351 1017.8  24.5  25.4  19.8 99.0 99.00
2016 06 15 04 50 258  3.2  4.9  1.31  7.69  6.11  10 1017.9  24.6  25.4  19.8 99.0 99.00
2016 06 15 05 50 271  3.8  4.9  1.23  7.14  6.17  28 1018.0  24.4  25.5  20.0 99.0 99.00
2016 06 15 06 50 250  4.1  5.0  1.18  7.14  6.06 133 1017.5  24.4  25.4  19.7 99.0 99.00
2016 06 15 07 50 239  4.6  5.5  1.16  7.14  5.78 137 1017.4  24.5  25.4  19.3 99.0 99.00
2016 06 15 08 50 252  4.0  5.2  1.19  7.69  5.74  10 1017.4  24.5  25.4  19.2 99.0 99.00
2016 06 15 09 50 259  4.2  5.4  0.99  7.14  5.30 353 1017.8  24.5  25.4  19.8 99.0 99.00
2016 06 15 10 50 252  4.0  4.9  1.04  6.67  5.29 183 1018.3  24.6  25.4  19.6 99.0 99.00
2016 06 15 11 50 254  4.3  5.1  1.01  6.25  5.19 167 1018.5  24.6  25.4  19.6 99.0 99.00
2016 06 15 12 50 275  2.7  4.0  0.97  6.67  5.00 171 1018.6  24.7  25.4  19.7 99.0 99.00
2016 06 15 13 50 238  3.1  4.0  0.95  6.67  5.17 172 1018.5  24.8  25.6  20.1 99.0 99.00
2016 06 15 14 50 221  4.0  4.8  0.94  6.25  5.24 189 1018.8  24.8  25.7  20.4 99.0 99.00
2016 06 15 15 50 226  5.1  6.0  1.02  6.25  5.34 245 1018.8  24.8  25.7  20.8 99.0 99.00
2016 06 15 16 50 224  5.1  5.9  1.02  6.25  4.96 301 1018.6  24.9  25.8  21.0 99.0 99.00
2016 06 15 17 50 242  4.6  5.5  1.03  6.25  5.19 211 1018.6  25.0  25.9  20.8 99.0 99.00
2016 06 15 18 50 241  3.7  4.4  1.10  7.69  5.25  25 1017.9  25.2  26.0  21.1 99.0 99.00
2016 06 15 19 50 244  4.2  4.9  1.02  6.25  5.18 359 1017.6  25.3  26.0  21.3 99.0 99.00
2016 06 15 20 50 237  3.8  4.6  0.90  7.69  5.16  26 1017.1  25.5  26.0  22.0 99.0 99.00
2016 06 15 21 50 243  3.4  4.1  0.93  7.14  5.40  42 1016.9  25.5  25.9  22.2 99.0 99.00
2016 06 15 22 50 232  3.1  3.9  0.87  6.25  5.34  18 1016.6  25.5  25.9  22.6 99.0 99.00
2016 06 15 23 50 202  4.3  5.0  0.84  6.25  5.37  27 1016.4  25.4  25.9  22.7 99.0 99.00
2016 06 16 00 50 205  5.2  6.3  0.89  6.67  5.31 138 1016.7  25.6  25.8  23.1 99.0 99.00
2016 06 16 01 50 218  4.3  5.1  0.71  6.67  4.91 154 1017.3  25.6  25.8  23.3 99.0 99.00
2016 06 16 02 50 214  4.6  5.3  0.80  6.67  5.04 143 1017.1  25.6  25.7  23.2 99.0 99.00
2016 06 16 03 50 216  5.0  5.9  0.75  5.88  5.04 321 1016.8  25.6  25.7  23.9 99.0 99.00
2016 06 16 04 50 215  5.8  6.9  0.79  6.25  4.97 334 1016.2  25.6  25.7  24.4 99.0 99.00
2016 06 16 05 50 217  6.1  7.2  0.83  5.88  4.72 290 1015.4  25.7  25.6  25.0 99.0 99.00
2016 06 16 06 50 220  8.0  9.2  0.85  5.88  4.50 260 1015.2  25.6  25.6  24.4 99.0 99.00
2016 06 16 07 50 225  7.9  9.3  0.97  7.69  4.42 125 1015.1  25.6  25.6  24.3 99.0 99.00
2016 06 16 08 50 220  8.1 10.0  1.10  4.35  4.45 212 1014.5  25.6  25.6  23.6 99.0 99.00
2016 06 16 09 50 227  8.3 10.3  1.12  4.55  4.41 239 1014.4  25.5  25.5  23.4 99.0 99.00
2016 06 16 10 50 232  8.1  9.6  1.26  4.55  4.39 216 1014.4  25.6  25.5  23.4 99.0 99.00
2016 06 16 11 50 233  9.0 11.1  1.18  4.55  4.25 225 1014.3  25.7  25.5  23.2 99.0 99.00
2016 06 16 12 50 226  9.2 10.5  1.24  5.26  4.37 225 1014.4  25.7  25.5  23.7 99.0 99.00
2016 06 16 13 50 228  8.8 10.6  1.29  5.26  4.37 227 1014.4  25.7  25.5  23.9 99.0 99.00
2016 06 16 14 50 226  8.6 10.3  1.36  5.00  4.41 232 1014.5  25.8  25.5  23.8 99.0 99.00
2016 06 16 15 50 229  7.9  9.1  1.26  5.00  4.48 221 1014.2  25.8  25.6  24.0 99.0 99.00
2016 06 16 16 50 227  8.3 10.0  1.26  6.25  4.38 224 1013.5  25.9  25.7  24.3 99.0 99.00
2016 06 16 17 50 228  8.7  9.9  1.35  6.25  4.78 245 1012.8  25.9  25.7  24.4 99.0 99.00
2016 06 16 18 50 217  8.8 10.4  1.37  6.25  4.87 242 1012.1  25.9  25.7  24.7 99.0 99.00
2016 06 16 19 50 216  8.4 10.2  1.46  6.67  4.96 247 1011.7  26.0  25.7  24.8 99.0 99.00
2016 06 16 20 50 218  9.3 11.4  1.43  6.67  4.91 246 1011.3  26.1  25.7  24.9 99.0 99.00
2016 06 16 21 50 217  9.5 11.4  1.52  6.67  5.00 259 1010.9  26.2  25.7  25.0 99.0 99.00
2016 06 16 22 50 215  9.6 11.5  1.61  7.14  5.03 247 1010.4  26.1  25.7  25.0 99.0 99.00
2016 06 16 23 50 224  9.4 11.9  1.62  7.14  5.02 252 1010.3  26.1  25.7  25.2 99.0 99.00
2016 06 17 00 50 218  9.5 11.7  1.60  6.67  5.04 260 1010.2  26.2  25.7  25.3 99.0 99.00
2016 06 17 01 50 219 10.1 12.1  1.77  6.67  5.18 248 1010.2  26.2  25.6  25.4 99.0 99.00
2016 06 17 02 50 222 10.1 12.7  1.84  6.67  5.29 259 1010.0  26.3  25.6  25.5 99.0 99.00
2016 06 17 03 50 223 10.8 13.2  1.80  6.67  5.19 257 1009.6  26.2  25.6  25.4 99.0 99.00
2016 06 17 04 50 225 11.2 13.8  1.95  7.14  5.36 254 1009.1  26.2  25.6  25.3 99.0 99.00
2016 06 17 05 50 224 11.4 13.4  2.04  6.67  5.32 253 1008.1  26.1  25.6  25.2 99.0 99.00
2016 06 17 06 50 223 11.8 13.9  2.03  6.67  5.30 260 1007.1  26.1  25.6  25.2 99.0 99.00
2016 06 17 07 50 228 12.4 15.4  2.25  7.14  5.52 262 1006.9  26.1  25.5  25.1 99.0 99.00
2016 06 17 08 50 228 11.4 14.6  2.44  7.14  5.58 257 1007.1  26.1  25.5  25.1 99.0 99.00
2016 06 17 09 50 229 11.3 13.5  2.21  7.14  5.38 252 1007.5  26.1  25.5  25.0 99.0 99.00
2016 06 17 10 50 233 10.4 12.6  2.37  7.14  5.54 252 1007.7  26.0  25.4  25.0 99.0 99.00
2016 06 17 11 50 226  9.0 10.7  2.25  7.69  5.52 269 1007.9  26.1  25.4  25.1 99.0 99.00
2016 06 17 12 50 224  9.3 10.8  2.25  7.14  5.59 259 1008.1  26.1  25.5  25.2 99.0 99.00
2016 06 17 13 50 223  8.6  9.9  2.18  7.69  5.50 269 1008.4  26.2  25.5  25.3 99.0 99.00
2016 06 17 14 50 234  5.7  7.8  2.28  7.69  5.76 253 1008.7  25.5  25.5  24.5 99.0 99.00
2016 06 17 15 50 255  9.9 12.1  2.10  7.69  5.56 259 1008.7  25.3  25.6  22.6 99.0 99.00
2016 06 17 16 50 248  8.5 10.1  2.17  7.69  5.65 262 1008.8  25.5  25.6  23.5 99.0 99.00
2016 06 17 17 50 244  7.9  9.2  1.97  7.69  5.69 258 1008.4  25.4  25.6  23.3 99.0 99.00
2016 06 17 18 50 194  9.8 14.8  1.89  7.69  5.78 257 1007.1  23.8  25.6  22.8 99.0 99.00
2016 06 17 19 50 246  6.2  7.9  2.08  8.33  5.99 255 1007.9  25.5  25.6  22.3 99.0 99.00
2016 06 17 20 50 265  4.6  5.9  1.88  7.69  6.13 255 1007.6  26.0  25.7  21.2 99.0 99.00
2016 06 17 21 50 263  4.4  5.1  1.86  7.69  6.08 255 1007.9  26.0  25.7  21.5 99.0 99.00
2016 06 17 22 50 232  5.1  6.1  1.77  7.69  6.13 247 1008.2  25.4  25.6  23.9 99.0 99.00
2016 06 17 23 50 236  7.4  9.5  1.75  8.33  5.99 247 1008.9  25.5  25.6  23.0 99.0 99.00
2016 06 18 00 50 243  6.2  7.6  1.76  8.33  5.86 256 1009.1  25.1  25.6  23.5 99.0 99.00
2016 06 18 01 50 240  4.8  5.9  1.70  7.69  5.71 245 1009.2  25.3  25.5  22.3 99.0 99.00
2016 06 18 02 50 234  3.8  4.8  1.56  7.69  5.64 245 1010.2  25.5  25.5  22.5 99.0 99.00
2016 06 18 03 50 229  3.5  4.2  1.53  7.69  5.62 248 1010.1  25.7  25.5  23.1 99.0 99.00
2016 06 18 04 50 266  7.8 13.2  1.67  8.33  5.85 254 1009.8  25.4  25.5  23.7 99.0 99.00
2016 06 18 05 50 339  5.9  7.2  1.66  7.69  5.68 264 1010.4  23.6  25.4  22.8 99.0 99.00
2016 06 18 06 50  67  1.7  2.9  1.51  7.69  5.57 258 1009.3  24.1  25.4  22.7 99.0 99.00
2016 06 18 07 50 161  1.8  2.7  1.50  8.33  5.70 245 1009.4  24.1  25.4  22.5 99.0 99.00
2016 06 18 08 50 158  4.7  5.6  1.35  7.69  5.58 245 1009.2  24.1  25.4  23.0 99.0 99.00
2016 06 18 09 50 160  4.0  4.8  1.44  8.33  5.77 238 1009.4  24.4  25.4  22.6 99.0 99.00
2016 06 18 10 50 171  2.9  3.5  1.36  7.69  5.82 247 1010.2  24.8  25.4  23.0 99.0 99.00
2016 06 18 11 50 141  4.0  4.7  1.51  7.14  5.99 275 1010.8  25.0  25.4  22.8 99.0 99.00
2016 06 18 12 50 166  4.9  5.9  1.56  7.14  6.10 350 1010.8  25.3  25.4  23.4 99.0 99.00
2016 06 18 13 50 355  5.9  9.2  1.58  7.14  6.26 302 1012.9  22.9  25.4  22.6 99.0 99.00
2016 06 18 14 50  93  3.6  4.7  1.48  6.67  6.02 343 1012.6  22.8  25.4  22.0 99.0 99.00
2016 06 18 15 50 125  6.5  8.0  1.45  7.14  6.15 248 1011.7  23.4  25.4  22.1 99.0 99.00
2016 06 18 16 50 130  5.6  6.9  1.45  7.14  5.88 322 1011.7  24.2  25.5  22.0 99.0 99.00
2016 06 18 17 50 113  3.9  5.0  1.54  7.14  6.07 292 1012.0  24.5  25.6  21.9 99.0 99.00
2016 06 18 18 50 164  5.8  7.2  1.44  8.33  5.95 254 1011.9  24.8  25.6  22.1 99.0 99.00
2016 06 18 19 50 238  5.8  8.1  1.47  7.69  5.92 284 1012.7  24.6  25.6  22.2 99.0 99.00
2016 06 18 20 50 249  6.0  7.2  1.51  7.69  5.44 279 1013.2  23.0  25.5  21.0 99.0 99.00
2016 06 18 21 50 357  4.7  5.7  1.48  8.33  5.85 294 1012.0  23.5  25.4  21.7 99.0 99.00
2016 06 18 22 50  38 12.3 14.3  1.55  8.33  5.55 316 1012.4  23.6  25.4  22.0 99.0 99.00
2016 06 18 23 50  55 14.8 17.5  2.19  7.69  5.63 342 1013.0  23.3  25.4  21.2 99.0 99.00
2016 06 19 00 50  62 13.7 16.5  3.44 10.00  6.68  13 1014.2  23.3  25.4  20.8 99.0 99.00
2016 06 19 01 50  57 12.4 15.1  4.20 10.00  7.57  24 1015.0  23.2  25.3  20.6 99.0 99.00
2016 06 19 02 50  54 12.3 14.2  3.45 10.00  6.85  23 1015.8  23.1  25.3  20.6 99.0 99.00
2016 06 19 03 50  57 12.2 15.1  3.29 10.00  6.81  34 1015.8  22.7  25.3  20.9 99.0 99.00
2016 06 19 04 50  59 10.3 12.5  3.19 10.00  6.89  27 1015.9  22.3  25.2  20.5 99.0 99.00
2016 06 19 05 50  49 12.0 14.0  3.32 10.00  6.77  34 1015.7  21.7  25.2  20.9 99.0 99.00
2016 06 19 06 50  52 11.2 13.8  3.89 10.00  7.08  35 1015.7  22.7  25.2  20.6 99.0 99.00
2016 06 19 07 50  40 11.3 14.4  3.38  9.09  6.85  45 1015.9  23.0  25.2  20.1 99.0 99.00
2016 06 19 08 50  39 11.8 14.0  3.49 10.00  7.05  25 1016.0  22.8  25.1  20.0 99.0 99.00
2016 06 19 09 50  32 12.6 15.3  3.50  9.09  7.09  39 1016.2  23.4  25.1  19.1 99.0 99.00
2016 06 19 10 50  35 12.8 15.6  3.69  9.09  7.11  42 1016.7  23.5  25.1  18.6 99.0 99.00
2016 06 19 11 50  28 12.9 16.4  3.88  9.09  7.13  34 1017.0  23.4  25.1  19.2 99.0 99.00
2016 06 19 12 50  35 13.1 15.5  3.52  8.33  6.86  29 1017.4  23.5  25.1  19.1 99.0 99.00
2016 06 19 13 50  40 13.0 16.1  3.81  9.09  7.09  26 1017.7  23.6  25.1  18.5 99.0 99.00
2016 06 19 14 50  41 12.3 15.1  3.70  9.09  7.00  37 1018.3  23.7  25.1  18.6 99.0 99.00
2016 06 19 15 50  42 12.2 15.1  3.70  9.09  6.82  40 1018.6  23.7  25.1  18.8 99.0 99.00
2016 06 19 16 50  40 12.0 14.8  3.74  9.09  6.87  41 1018.5  23.7  25.1  18.3 99.0 99.00
2016 06 19 17 50  33 12.0 14.0  3.54  9.09  6.84  42 1018.4  23.6  25.1  18.6 99.0 99.00
2016 06 19 18 50  38 12.6 15.0  3.32  9.09  6.67  36 1018.3  23.5  25.1  18.2 99.0 99.00
2016 06 19 19 50  34 11.1 13.5  3.36  9.09  6.75  36 1018.3  23.5  25.1  18.8 99.0 99.00
2016 06 19 20 50  35 10.5 12.2  3.27  9.09  6.71  34 1018.4  23.6  25.1  18.1 99.0 99.00
2016 06 19 21 50  40 10.3 12.4  3.10  9.09  6.63  47 1018.3  23.6  25.0  17.8 99.0 99.00
2016 06 19 22 50  32  9.7 11.7  2.96 10.00  6.62  48 1018.6  23.5  25.0  18.2 99.0 99.00
2016 06 19 23 50  35  9.9 11.9  2.83  9.09  6.45  51 1018.8  23.3  25.0  18.0 99.0 99.00
2016 06 20 00 50  38  9.1 10.5  2.85  9.09  6.69  53 1019.4  23.4  25.0  16.9 99.0 99.00
2016 06 20 01 50  37  8.2 10.4  2.41  8.33  6.35  43 1019.8  23.3  25.0  17.3 99.0 99.00
2016 06 20 02 50  29  7.5  9.9  2.49  8.33  6.43  43 1019.9  23.2  24.9  17.4 99.0 99.00
2016 06 20 03 50  30  6.3  7.9  2.57 10.00  6.72  58 1020.3  23.1  24.9  16.8 99.0 99.00
2016 06 20 04 50  36  6.2  7.8  2.43 10.00  6.75  64 1020.1  23.0  24.9  17.2 99.0 99.00
2016 06 20 05 50  14  5.8  7.9  2.40  9.09  6.78  55 1019.9  23.0  24.9  17.5 99.0 99.00
2016 06 20 06 50  31  5.9  7.9  2.38  9.09  6.76  61 1019.5  23.1  24.8  17.0 99.0 99.00
2016 06 20 07 50  12  6.1  7.4  2.27 10.00  6.89  71 1019.3  23.0  24.8  17.1 99.0 99.00
2016 06 20 08 50  10  6.3  7.7  2.35 10.81  6.87  73 1019.3  23.1  24.8  17.0 99.0 99.00
2016 06 20 09 50 360  5.8  7.8  2.17 10.81  6.84  75 1019.6  23.0  24.8  17.7 99.0 99.00
2016 06 20 10 50   4  5.3  6.6  2.07  9.09  6.72  71 1020.1  23.0  24.8  16.9 99.0 99.00
2016 06 20 11 50  11  4.5  5.6  2.17 10.00  6.79  67 1020.5  23.2  24.8  16.9 99.0 99.00
2016 06 20 12 50   6  4.6  5.8  2.12 10.00  6.80  69 1020.7  23.3  24.9  17.1 99.0 99.00
2016 06 20 13 50  16  3.2  4.7  2.07  9.09  6.70  60 1021.4  23.3  24.9  17.0 99.0 99.00
2016 06 20 14 50  28  2.3  3.4  1.86  8.33  6.48  62 1021.8  23.3  25.0  17.0 99.0 99.00
2016 06 20 15 50   6  2.0  2.8  1.87  9.09  6.33  59 1021.7  23.3  25.3  17.3 99.0 99.00
2016 06 20 16 50 352  1.4  2.3  2.02  9.09  6.58  54 1021.7  23.4  25.6  17.4 99.0 99.00
2016 06 20 17 50 327  1.8  3.0  1.84  9.09  6.48  62 1021.3  23.7  26.0  17.3 99.0 99.00
2016 06 20 18 50 328  1.5  3.0  1.70  8.33  6.25  57 1021.3  23.9  26.1  17.4 99.0 99.00
2016 06 20 19 50 351  3.0  3.7  1.80  9.09  6.52  51 1020.9  23.4  25.9  18.0 99.0 99.00
2016 06 20 20 50  16  1.1  2.0  1.71  8.33  6.26  50 1020.8  23.7  25.9  18.0 99.0 99.00
2016 06 20 21 50 313  0.3  0.9  1.54  9.09  6.10  53 1020.8  24.3  26.0  18.1 99.0 99.00
2016 06 20 22 50 324  1.1  2.2  1.62  8.33  6.36  51 1020.6  24.3  25.9  17.7 99.0 99.00
2016 06 20 23 50 335  0.7  1.3  1.47  8.33  6.17  53 1020.4  23.6  25.7  17.1 99.0 99.00
2016 06 21 00 50 253  0.4  1.0  1.58  8.33  6.43  48 1020.9  23.5  25.7  17.4 99.0 99.00
2016 06 21 01 50 193  1.0  2.3  1.52  9.09  6.59  53 1021.6  23.5  25.5  17.4 99.0 99.00
2016 06 21 02 50 255  1.3  2.2  1.63 10.00  6.91  46 1021.4  23.6  25.2  17.0 99.0 99.00
2016 06 21 03 50 264  1.4  2.4  1.71 10.00  7.11  44 1021.4  23.7  25.1  16.8 99.0 99.00
2016 06 21 04 50 227  1.6  2.5  1.47 10.81  6.79  33 1021.3  23.5  25.2  17.4 99.0 99.00
2016 06 21 05 50 202  2.4  3.5  1.43 10.00  6.70  44 1021.5  23.6  25.0  17.5 99.0 99.00
2016 06 21 06 50 196  2.6  3.3  1.56 10.81  6.88  45 1021.7  23.5  24.9  17.0 99.0 99.00
2016 06 21 07 50 222  1.6  2.5  1.46 10.00  6.76  44 1021.8  23.4  24.9  17.0 99.0 99.00
2016 06 21 08 50 202  2.0  3.0  1.52 10.00  6.89  28 1022.0  23.4  24.9  17.2 99.0 99.00
2016 06 21 09 50 207  2.5  3.4  1.42 10.00  6.74  31 1021.8  23.3  24.9  17.0 99.0 99.00
2016 06 21 10 50 235  2.5  3.8  1.64  9.09  7.23  36 1022.4  23.5  24.9  17.2 99.0 99.00
2016 06 21 11 50 263  2.7  3.9  1.43  9.09  6.92  35 1022.8  23.6  24.9  16.8 99.0 99.00
2016 06 21 12 50 267  2.6  3.5  1.42  9.09  6.99  39 1023.2  23.7  24.9  16.8 99.0 99.00
2016 06 21 13 50 252  0.8  1.9  1.43  9.09  6.83  42 1023.1  23.8  25.2  17.3 99.0 99.00
2016 06 21 14 50 229  1.3  2.0  1.32  8.33  6.88  39 1023.4  23.9  25.6  16.8 99.0 99.00
2016 06 21 15 50 241  1.2  2.5  1.22  9.09  6.61  35 1022.7  23.9  25.8  16.9 99.0 99.00
2016 06 21 16 50 224  1.8  2.7  1.13  7.14  6.41  40 1022.3  24.2  26.2  16.2 99.0 99.00
2016 06 21 17 50 234  1.6  2.6  1.13  8.33  6.61  37 1022.3  24.5  26.2  15.1 99.0 99.00
2016 06 21 18 50 199  0.6  1.5  1.13  9.09  6.55  42 1022.7  24.8  26.3  15.2 99.0 99.00
2016 06 21 19 50 190  1.1  2.1  1.07  9.09  6.30  39 1022.2  24.9  26.7  14.5 99.0 99.00
2016 06 21 20 50 178  2.0  2.8  1.03  7.69  6.29  47 1021.9  24.8  26.2  14.5 99.0 99.00
2016 06 21 21 50 150  2.8  4.0  0.94  8.33  6.22  40 1021.2  24.8  26.1  15.5 99.0 99.00
2016 06 21 22 50 144  3.1  4.0  0.93  7.69  6.13  44 1021.2  24.8  26.1  17.7 99.0 99.00
2016 06 21 23 50 149  4.7  6.0  0.88  7.69  6.05  34 1021.2  24.8  25.6  18.7 99.0 99.00
2016 06 22 00 50 155  5.6  6.7  0.85  7.14  5.59  46 1021.7  25.0  25.1  19.1 99.0 99.00
2016 06 22 01 50 164  4.4  5.6  0.84  8.33  5.16  33 1022.7  25.2  25.0  19.7 99.0 99.00
2016 06 22 02 50 170  5.6  6.7  0.81  8.33  4.70  45 1022.8  25.2  24.9  20.9 99.0 99.00
2016 06 22 03 50 170  5.1  6.0  0.85  7.69  4.52  69 1022.6  25.1  24.9  22.3 99.0 99.00
2016 06 22 04 50 176  4.6  5.6  0.89  8.33  4.92  65 1022.3  25.1  24.9  23.3 99.0 99.00
2016 06 22 05 50 182  5.3  6.4  0.87  6.67  4.83 102 1021.9  25.1  24.9  23.5 99.0 99.00
2016 06 22 06 50 187  4.1  4.8  0.94  7.69  4.58 120 1021.6  25.2  24.9  24.0 99.0 99.00
2016 06 22 07 50 193  4.0  4.7  0.89  8.33  4.97  96 1021.4  25.1  24.8  24.3 99.0 99.00
2016 06 22 08 50 181  4.7  5.6  0.87  7.69  5.03 108 1021.0  25.1  25.0  24.3 99.0 99.00
2016 06 22 09 50 188  4.4  5.1  0.88  8.33  5.23 108 1021.3  25.2  25.0  24.5 99.0 99.00
2016 06 22 10 50 193  4.4  5.1  0.85  6.67  5.12 110 1021.4  25.3  25.0  24.4 99.0 99.00
2016 06 22 11 50 202  4.2  4.8  0.92  7.69  5.52 124 1021.9  25.4  25.1  24.5 99.0 99.00
2016 06 22 12 50 197  4.4  5.1  0.91  7.69  5.40 129 1021.8  25.5  25.1  24.2 99.0 99.00
2016 06 22 13 50 191  5.3  6.2  0.86  7.69  5.26 102 1021.7  25.6  25.2  24.6 99.0 99.00
2016 06 22 14 50 200  5.1  6.3  0.99  8.33  5.29 132 1021.9  25.7  25.3  24.8 99.0 99.00
2016 06 22 15 50 185  5.9  7.0  1.02  7.14  5.38 181 1021.1  25.7  25.4  24.8 99.0 99.00
2016 06 22 16 50 196  4.4  6.4  1.00  6.67  5.23  16 1021.6  25.8  25.4  25.1 99.0 99.00
2016 06 22 17 50 220  4.7  5.5  1.05  7.14  5.43 108 1021.7  26.0  25.6  25.1 99.0 99.00
2016 06 22 18 50 175  5.8  7.0  1.15  7.69  5.56 124 1021.2  25.3  25.8  23.6 99.0 99.00
2016 06 22 19 50 188  5.3  6.4  1.12  6.25  5.30  10 1021.5  25.9  25.7  24.1 99.0 99.00
2016 06 22 20 50 214  4.0  4.7  1.08  8.33  5.31 147 1021.3  26.1  25.7  24.5 99.0 99.00
2016 06 22 21 50 199  4.7  5.8  1.14  7.69  5.39 147 1020.9  25.9  25.7  24.9 99.0 99.00
2016 06 22 22 50 204  5.9  6.7  1.20  8.33  5.41 142 1020.9  25.7  25.6  23.4 99.0 99.00
2016 06 22 23 50 206  5.9  6.8  1.20  8.33  5.21 120 1021.3  25.6  25.6  23.9 99.0 99.00
2016 06 23 00 50 199  6.3  7.5  1.18  8.33  5.30 148 1021.6  25.5  25.5  24.1 99.0 99.00
2016 06 23 01 50 213  4.9  5.7  1.20  8.33  5.39 138 1022.3  25.7  25.5  24.5 99.0 99.00
2016 06 23 02 50 225  5.1  6.1  1.19  7.69  5.23 128 1022.7  25.7  25.4  24.7 99.0 99.00
2016 06 23 03 50 221  4.4  5.1  1.29  7.69  5.28 166 1022.8  25.6  25.4  24.8 99.0 99.00
2016 06 23 04 50 211  5.1  5.9  1.18  7.69  5.39 138 1022.3  25.5  25.4  24.9 99.0 99.00
2016 06 23 05 50 221  5.0  6.4  1.26  9.09  5.53 154 1021.8  25.5  25.4  24.8 99.0 99.00
2016 06 23 06 50 218  5.5  6.6  1.38  7.69  5.65 114 1021.4  25.5  25.4  24.6 99.0 99.00
2016 06 23 07 50 216  6.0  7.4  1.27  7.69  5.45 118 1020.6  25.4  25.3  24.5 99.0 99.00
2016 06 23 09 50 209  6.2  7.5  1.18  7.69  5.16 125 1020.6  25.4  25.3  24.4 99.0 99.00
2016 06 23 10 50 212  5.7  6.7  1.14  8.33  5.25 140 1020.9  25.5  25.3  24.4 99.0 99.00
2016 06 23 11 50 223  5.8  6.6  1.16  7.69  5.08 129 1021.5  25.7  25.4  24.3 99.0 99.00
2016 06 23 12 50 226  5.0  6.4  1.14  7.69  5.29 137 1021.8  25.7  25.5  24.5 99.0 99.00
2016 06 23 13 50 228  4.0  4.9  1.12  8.33  5.47 147 1022.3  25.8  25.6  24.7 99.0 99.00
2016 06 23 14 50 214  4.6  5.4  1.12  8.33  5.49 139 1022.1  25.8  25.6  24.7 99.0 99.00
2016 06 23 15 50 213  5.1  6.0  1.16  7.69  5.54 109 1021.9  25.9  25.8  24.8 99.0 99.00
2016 06 23 16 50 219  5.3  6.3  1.17  8.33  5.47 143 1022.1  26.1  25.9  24.9 99.0 99.00
2016 06 23 17 50 224  6.0  7.0  1.11  7.69  5.37 140 1021.8  26.1  25.9  24.8 99.0 99.00
2016 06 23 18 50 219  5.4  6.3  1.17  7.69  5.25 134 1021.4  26.2  26.0  25.0 99.0 99.00
2016 06 23 19 50 226  5.8  7.0  1.10  8.33  5.25 130 1021.0  26.3  26.0  25.0 99.0 99.00
2016 06 23 20 50 222  4.5  5.5  1.13  8.33  5.20 131 1020.9  26.3  26.0  25.1 99.0 99.00
2016 06 23 21 50 215  4.9  5.8  1.07  7.69  5.38 139 1020.7  26.3  26.0  25.1 99.0 99.00
2016 06 23 22 50 207  5.0  6.1  1.08  7.14  5.22 126 1020.6  26.2  25.9  25.0 99.0 99.00
2016 06 23 23 50 207  5.3  6.3  1.08  7.69  5.35 128 1020.5  26.0  25.9  25.0 99.0 99.00
2016 06 24 00 50 210  5.6  6.7  1.13  8.33  5.41 129 1020.5  26.0  25.8  24.9 99.0 99.00
2016 06 24 01 50 208  5.4  6.4  1.16  7.69  5.39 123 1021.0  25.9  25.8  25.0 99.0 99.00
2016 06 24 02 50 202  6.5  7.6  1.20  7.14  5.26 143 1020.5  25.8  25.7  24.8 99.0 99.00
2016 06 24 03 50 200  6.9  8.1  1.19  7.69  5.04 131 1020.0  25.8  25.7  24.7 99.0 99.00
2016 06 24 04 50 206  6.9  8.3  1.18  8.33  4.98 133 1019.8  25.9  25.7  24.7 99.0 99.00
2016 06 24 05 50 208  6.6  7.8  1.27  8.33  5.18 118 1019.7  25.9  25.6  24.7 99.0 99.00
2016 06 24 06 50 220  7.3  8.6  1.22  8.33  4.96 118 1020.0  25.9  25.6  24.6 99.0 99.00
2016 06 24 07 50 225  6.4  7.4  1.26  7.69  4.91 131 1020.2  25.9  25.6  24.7 99.0 99.00
2016 06 24 08 50 221  6.9  8.0  1.30  8.33  5.14 118 1020.0  25.9  25.6  24.5 99.0 99.00
2016 06 24 09 50 226  5.9  7.2  1.22  8.33  5.00 123 1020.2  25.8  25.5  24.6 99.0 99.00
2016 06 24 10 50 234  5.5  6.6  1.25  8.33  5.20 116 1020.6  25.9  25.5  24.5 99.0 99.00
2016 06 24 11 50 229  5.6  6.7  1.24  7.69  5.16 123 1021.1  26.0  25.6  24.3 99.0 99.00
2016 06 24 12 50 221  4.4  5.2  1.21  8.33  5.16 132 1021.6  26.1  25.7  24.6 99.0 99.00
2016 06 24 13 50 216  5.2  6.0  1.29  8.33  5.27 132 1021.6  26.1  25.8  24.6 99.0 99.00
2016 06 24 14 50 207  4.8  5.7  1.21  8.33  5.48 128 1021.8  26.1  25.9  24.7 99.0 99.00
2016 06 24 15 50 206  5.8  6.8  1.14  8.33  5.47 119 1021.9  26.1  26.0  24.7 99.0 99.00
2016 06 24 16 50 206  5.1  6.0  1.13  7.69  5.40 111 1022.1  26.2  26.0  24.6 99.0 99.00
2016 06 24 17 50 202  4.9  6.0  1.23  8.33  5.58 119 1021.7  26.3  26.1  24.8 99.0 99.00
2016 06 24 18 50 205  4.8  5.6  1.15  7.69  5.35 106 1021.6  26.4  26.2  25.0 99.0 99.00
2016 06 24 19 50 206  4.6  5.2  1.16  8.33  5.45 120 1021.4  26.5  26.1  25.0 99.0 99.00
2016 06 24 20 50 199  4.6  5.5  1.24  7.69  5.65 117 1020.9  26.5  26.1  25.1 99.0 99.00
2016 06 24 21 50 196  4.9  5.9  1.27  7.69  5.67 109 1020.4  26.4  26.0  25.2 99.0 99.00
2016 06 24 22 50 196  5.1  5.7  1.29  8.33  5.56 110 1020.6  26.3  26.0  25.1 99.0 99.00
2016 06 24 23 50 200  4.9  5.8  1.27  8.33  5.70 117 1020.8  26.3  25.9  25.4 99.0 99.00
2016 06 25 00 50 196  4.9  5.6  1.25  8.33  5.63 123 1020.8  26.2  25.9  25.4 99.0 99.00
2016 06 25 01 50 188  4.8  5.5  1.33  8.33  5.80 118 1020.9  26.2  25.8  25.4 99.0 99.00
2016 06 25 02 50 194  4.5  5.4  1.30  8.33  5.82 119 1021.0  26.2  25.8  25.5 99.0 99.00
2016 06 25 03 50 195  5.3  6.2  1.14  8.33  5.47 126 1020.7  26.1  25.8  25.5 99.0 99.00
2016 06 25 04 50 206  5.5  6.3  1.10  8.33  5.54 117 1020.3  26.1  25.8  25.3 99.0 99.00
2016 06 25 05 50 204  5.2  6.2  1.25  8.33  5.69 114 1020.2  26.1  25.9  25.4 99.0 99.00
2016 06 25 06 50 202  5.3  6.1  1.13  8.33  5.40 109 1019.9  26.1  25.9  25.1 99.0 99.00
2016 06 25 07 50 199  5.9  7.2  1.13  8.33  5.54 120 1019.5  26.1  25.9  25.1 99.0 99.00
2016 06 25 08 50 200  6.3  7.9  1.13  7.69  5.02 128 1019.6  26.1  25.9  25.2 99.0 99.00
2016 06 25 09 50 200  5.9  7.1  1.15  8.33  5.21 109 1019.8  26.2  25.9  25.0 99.0 99.00
2016 06 25 10 50 215  5.9  7.1  1.13  8.33  4.99 112 1020.1  26.2  26.0  24.4 99.0 99.00
2016 06 25 11 50 213  5.3  6.5  1.11  7.69  5.10 100 1020.6  26.3  26.0  24.8 99.0 99.00
2016 06 25 12 50 206  5.9  7.0  1.14  8.33  5.28 106 1020.5  26.4  26.0  24.7 99.0 99.00
2016 06 25 13 50 213  5.0  5.9  1.08  7.69  5.14 119 1020.9  26.4  26.1  24.8 99.0 99.00
2016 06 25 14 50 212  5.4  6.2  1.12  7.69  5.23 116 1021.0  26.4  26.2  24.9 99.0 99.00
2016 06 25 15 50 215  5.7  6.5  1.05  8.33  5.18 110 1021.2  26.5  26.2  24.7 99.0 99.00
2016 06 25 16 50 210  4.2  5.2  1.06  8.33  5.13 101 1021.1  26.5  26.1  24.8 99.0 99.00
2016 06 25 17 50 202  6.2  7.6  1.11  8.33  5.30 106 1020.4  26.5  26.1  25.0 99.0 99.00
2016 06 25 18 50 199  6.1  7.0  1.16  8.33  5.27 108 1020.1  26.5  26.1  25.0 99.0 99.00
2016 06 25 19 50 201  6.3  7.5  1.09  7.69  4.99 122 1019.8  26.5  26.1  25.1 99.0 99.00
2016 06 25 20 50 198  6.1  7.2  1.13  7.69  5.13 116 1019.8  26.5  26.1  24.9 99.0 99.00
2016 06 25 21 50 219  7.2  8.7  1.15  8.33  4.98 114 1019.9  26.5  26.1  22.9 99.0 99.00
2016 06 25 22 50 215  4.7  5.5  1.07  8.33  4.68 130 1019.8  26.3  26.0  23.9 99.0 99.00
2016 06 25 23 50 212  5.3  6.2  1.15  8.33  5.04 111 1019.5  26.3  26.0  22.6 99.0 99.00
2016 06 26 00 50 211  5.2  6.3  1.12  8.33  4.91 105 1020.2  26.2  25.9  24.1 99.0 99.00
2016 06 26 01 50 210  5.2  6.1  1.14  8.33  5.03 109 1020.3  26.2  25.9  24.9 99.0 99.00
2016 06 26 02 50 200  5.8  7.0  1.05  8.33  4.90 123 1020.2  26.2  25.9  24.8 99.0 99.00
2016 06 26 03 50 202  6.0  6.9  1.12  7.69  5.18 120 1019.8  26.2  25.9  24.9 99.0 99.00
2016 06 26 04 50 220  6.4  7.5  1.15  7.69  5.01 115 1019.2  26.2  25.9  24.2 99.0 99.00
2016 06 26 05 50 211  6.3  7.5  1.07  8.33  4.98 121 1018.7  26.1  25.8  24.5 99.0 99.00
2016 06 26 06 50 247  4.2  4.8  1.06  7.69  4.92 108 1018.6  25.8  25.8  22.6 99.0 99.00
2016 06 26 07 50 234  3.8  4.5  1.05  8.33  5.13 122 1018.8  25.9  25.9  22.1 99.0 99.00
2016 06 26 09 50 228  2.0  2.6  0.94  8.33  5.06 108 1019.2  25.9  25.9  23.8 99.0 99.00
2016 06 26 10 50 175  3.6  5.2  0.97  8.33  5.26 114 1019.6  25.2  25.9  22.0 99.0 99.00
2016 06 26 11 50 139  3.0  4.0  0.89  8.33  5.19 114 1020.1  24.7  25.9  21.8 99.0 99.00
2016 06 26 12 50 113  2.6  3.3  0.90  7.69  5.54 124 1019.8  24.9  25.9  23.1 99.0 99.00
2016 06 26 13 50 173  2.0  3.7  0.86  7.69  5.34 106 1020.0  25.6  25.8  23.6 99.0 99.00
2016 06 26 14 50 334  6.0  7.8  0.92  8.33  5.36 116 1021.8  22.9  25.5  22.1 99.0 99.00
2016 06 26 15 50 197  5.0  5.9  0.90  7.69  5.45 114 1021.0  23.1  25.2  22.3 99.0 99.00
2016 06 26 16 50 169  3.2  4.1  0.89  8.33  5.35 117 1020.0  23.7  25.2  21.1 99.0 99.00
2016 06 26 17 50 210  4.4  5.1  0.91  8.33  5.36 115 1019.0  24.5  25.4  21.5 99.0 99.00
2016 06 26 18 50 204  6.0  6.8  0.90  8.33  5.41 115 1018.9  24.8  25.7  22.1 99.0 99.00
2016 06 26 19 50 219  6.4  7.9  0.85  8.33  5.16 114 1018.0  25.3  25.8  22.6 99.0 99.00
2016 06 26 20 50 217  5.0  6.1  0.92  8.33  4.87 102 1018.4  25.5  25.9  22.7 99.0 99.00
2016 06 26 21 50 162  2.8  3.6  0.96  8.33  4.82 114 1019.2  25.5  25.9  22.9 99.0 99.00
2016 06 26 22 50 122  4.7  5.8  0.95  8.33  5.22 117 1019.2  25.4  25.9  23.4 99.0 99.00
2016 06 26 23 50 132  5.6  6.5  0.89  8.33  5.06 123 1018.9  25.4  25.8  23.1 99.0 99.00
2016 06 27 00 50 133  6.3  7.3  1.00  8.33  5.08 115 1018.7  25.3  25.8  23.3 99.0 99.00
2016 06 27 01 50 144  7.0  8.2  1.01  8.33  4.75 126 1018.9  25.6  25.8  23.5 99.0 99.00
2016 06 27 02 50 154  6.8  7.9  0.96  8.33  4.68 106 1018.4  25.6  25.8  23.3 99.0 99.00
2016 06 27 03 50 164  7.9  9.0  0.91  8.33  4.68 116 1018.0  25.7  25.7  24.1 99.0 99.00
2016 06 27 04 50 174  6.9  8.6  0.96  8.33  4.52  98 1018.0  25.9  25.7  23.6 99.0 99.00
2016 06 27 05 50 177  5.8  6.7  0.98  7.69  4.57 118 1017.9  25.9  25.7  23.6 99.0 99.00
2016 06 27 06 50 184  7.1  8.4  1.04  9.09  4.71 125 1017.9  25.9  25.7  23.9 99.0 99.00
2016 06 27 07 50 157  6.9  8.8  1.04  8.33  4.53 122 1017.5  25.1  25.6  23.0 99.0 99.00
2016 06 27 08 50 181  6.4  7.8  1.01  8.33  4.41 116 1017.3  25.7  25.7  24.0 99.0 99.00
2016 06 27 09 50 159  8.8 11.4  1.09  8.33  4.60 117 1018.3  22.9  25.6  21.8 99.0 99.00
2016 06 27 10 50 128  6.4  7.8  1.06  7.69  4.68  91 1018.6  23.9  25.6  22.3 99.0 99.00
2016 06 27 11 50 108  2.9  3.7  1.10  4.35  4.79 191 1018.8  24.6  25.6  22.2 99.0 99.00
2016 06 27 12 50 231  5.4 12.1  1.07  8.33  4.83 111 1019.9  23.0  25.6  21.1 99.0 99.00
2016 06 27 13 50 113  3.9  6.6  1.28  5.26  4.67 142 1019.6  23.0  25.6  22.4 99.0 99.00
2016 06 27 14 50 114  5.1  6.9  1.33  5.26  4.81 159 1020.2  23.6  25.5  22.3 99.0 99.00
2016 06 27 15 50 101  7.2  8.4  1.12  4.17  4.58 165 1019.8  24.0  25.5  23.3 99.0 99.00
2016 06 27 16 50 120  6.3  7.6  1.14  9.09  4.72 108 1019.4  24.3  25.5  23.2 99.0 99.00
2016 06 27 17 50 163  6.6  7.4  1.10  9.09  4.88  89 1019.1  24.9  25.5  23.3 99.0 99.00
2016 06 27 18 50 145  6.0  7.2  1.07  9.09  4.86  84 1018.9  25.0  25.5  23.7 99.0 99.00
2016 06 27 19 50 137  7.8  9.1  1.12  8.33  5.12  89 1018.2  25.1  25.5  22.4 99.0 99.00
2016 06 27 20 50 154  6.9  8.0  1.08  8.33  4.84 101 1017.7  25.0  25.5  22.8 99.0 99.00
2016 06 27 21 50 138  7.4  8.3  1.13  8.33  4.74 106 1017.5  25.3  25.5  23.3 99.0 99.00
2016 06 27 22 50 151  8.2  9.5  1.09  7.14  4.75  84 1017.7  25.2  25.6  23.4 99.0 99.00
2016 06 27 23 50 160  8.3  9.8  1.19  9.09  4.76  70 1017.6  25.2  25.6  23.5 99.0 99.00
2016 06 28 00 50 168  7.9  9.4  1.22  8.33  4.72  72 1017.8  25.4  25.6  23.9 99.0 99.00
2016 06 28 01 50 178  6.9  8.2  1.27  8.33  4.69 106 1018.6  25.6  25.6  23.6 99.0 99.00
2016 06 28 02 50 174  6.0  7.3  1.29  4.35  4.79 128 1018.6  25.7  25.5  23.9 99.0 99.00
2016 06 28 03 50 158  6.4  8.0  1.22  5.00  4.80 119 1018.3  25.6  25.5  23.6 99.0 99.00
2016 06 28 04 50 148  5.0  6.6  1.20  9.09  4.90  72 1018.0  25.6  25.5  24.3 99.0 99.00
2016 06 28 05 50 163  7.1  8.5  1.28  9.09  5.12  21 1017.5  25.6  25.5  24.2 99.0 99.00
2016 06 28 06 50 172  6.1  7.9  1.23  9.09  4.98  76 1017.4  25.7  25.5  24.2 99.0 99.00
2016 06 28 07 50 173  5.1  6.1  1.20  8.33  4.97 100 1017.2  25.7  25.6  24.1 99.0 99.00
2016 06 28 08 50 186  7.7  9.6  1.07  8.33  5.06  72 1016.9  24.9  25.6  23.2 99.0 99.00
2016 06 28 09 50 196  6.1  8.0  1.17  8.33  5.28  84 1017.5  25.5  25.6  23.4 99.0 99.00
2016 06 28 10 50 193  5.9  6.9  1.08  9.09  5.08  73 1017.4  25.8  25.6  23.8 99.0 99.00
2016 06 28 11 50 202  4.8  5.8  0.94  8.33  4.83 100 1017.9  25.9  25.6  24.0 99.0 99.00
2016 06 28 12 50 202  4.3  5.2  1.03  8.33  5.07  65 1018.4  26.1  25.7  24.2 99.0 99.00
2016 06 28 13 50 198  4.7  5.7  1.07  8.33  5.17  75 1018.4  26.1  25.7  24.2 99.0 99.00
2016 06 28 14 50 198  5.7  6.6  1.04  7.69  5.13  84 1018.5  26.0  25.7  24.0 99.0 99.00
2016 06 28 15 50 183  4.1  5.0  1.02  9.09  5.08  71 1018.4  26.1  25.8  24.5 99.0 99.00
2016 06 28 16 50 200  4.6  5.6  1.01  9.09  5.17  83 1018.5  26.1  25.8  24.6 99.0 99.00
2016 06 28 17 50 288  3.9  5.0  1.03  9.09  5.02 101 1018.5  23.7  25.7  22.2 99.0 99.00
2016 06 28 18 50 235  5.1  6.9  1.03  8.33  4.84 109 1018.5  24.6  25.8  22.5 99.0 99.00
2016 06 28 19 50 185  3.5  4.4  1.03  9.09  4.81  79 1017.8  24.7  25.8  22.3 99.0 99.00
2016 06 28 20 50 160  3.3  4.0  1.00  4.76  4.96 231 1017.5  24.9  25.9  22.3 99.0 99.00
2016 06 28 21 50 182  3.8  4.5  0.99  9.09  5.25  88 1017.5  25.3  25.9  21.8 99.0 99.00
2016 06 28 22 50 167  4.2  4.8  0.96  8.33  5.16 100 1017.8  25.6  25.9  22.8 99.0 99.00
2016 06 28 23 50 168  4.4  5.1  0.96  9.09  5.16  88 1018.0  25.7  25.9  23.8 99.0 99.00
2016 06 29 00 50 169  4.0  4.6  0.93  9.09  5.19  86 1018.4  25.8  25.8  24.4 99.0 99.00
2016 06 29 01 50 164  3.3  3.8  0.92  8.33  5.36  83 1019.0  25.9  25.8  25.0 99.0 99.00
2016 06 29 02 50 176  4.2  5.0  0.90  9.09  5.42  94 1019.0  25.9  25.7  25.0 99.0 99.00
2016 06 29 03 50 180  5.0  6.0  0.95  8.33  5.56 102 1018.7  25.9  25.7  24.9 99.0 99.00
2016 06 29 04 50 181  4.8  5.8  0.92  9.09  5.29  97 1018.5  25.9  25.8  24.9 99.0 99.00
2016 06 29 05 50 191  4.9  5.7  0.96  9.09  5.52 116 1017.9  25.9  25.8  24.9 99.0 99.00
2016 06 29 06 50 187  4.8  6.0  0.91  7.69  5.28  91 1017.7  25.8  25.8  24.9 99.0 99.00
2016 06 29 07 50 188  4.7  5.6  0.98  7.69  5.35  99 1017.8  25.9  25.8  24.7 99.0 99.00
2016 06 29 09 50 181  4.4  5.1  1.00  7.14  5.24  98 1018.1  25.9  25.7  24.7 99.0 99.00
2016 06 29 10 50 180  4.6  5.4  1.02  7.69  5.21 105 1018.1  26.0  25.8  24.9 99.0 99.00
2016 06 29 11 50 180  4.3  5.2  1.03  8.33  5.39  91 1018.5  26.1  25.8  24.9 99.0 99.00
2016 06 29 12 50 182  4.7  5.5  1.03  6.67  5.36 105 1018.7  26.2  25.8  24.7 99.0 99.00
2016 06 29 13 50 179  5.4  6.3  1.05  7.14  5.30 110 1018.8  26.2  25.9  24.6 99.0 99.00
2016 06 29 14 50 187  5.4  6.1  1.08  8.33  5.25  96 1019.1  26.3  26.0  24.9 99.0 99.00
2016 06 29 15 50 189  5.7  6.7  1.10  7.14  5.21 101 1019.2  26.5  26.1  24.6 99.0 99.00
2016 06 29 16 50 187  5.2  6.1  1.03  7.69  5.01 109 1019.0  26.5  26.2  24.9 99.0 99.00
2016 06 29 17 50 196  5.2  5.8  1.07  8.33  5.11 109 1018.9  26.6  26.2  24.9 99.0 99.00
2016 06 29 18 50 195  4.8  5.6  1.03  8.33  4.90  84 1018.8  26.7  26.3  25.0 99.0 99.00
2016 06 29 19 50 193  4.5  5.1  1.06  7.69  4.99 107 1018.5  26.8  26.4  25.3 99.0 99.00
2016 06 29 20 50 194  4.9  5.8  1.05  8.33  5.09 103 1018.4  26.8  26.4  25.2 99.0 99.00
2016 06 29 21 50 195  4.6  5.4  1.05  7.69  5.02 102 1018.3  26.8  26.4  25.1 99.0 99.00
2016 06 29 22 50 188  4.7  5.7  0.99  7.69  4.87 105 1018.8  26.7  26.4  25.5 99.0 99.00
2016 06 29 23 50 189  5.0  5.8  1.05  8.33  5.08  90 1019.2  26.6  26.3  25.2 99.0 99.00
2016 06 30 00 50 183  5.3  6.3  0.98  8.33  4.91  95 1019.2  26.5  26.3  25.5 99.0 99.00
2016 06 30 01 50 180  5.8  6.7  1.01  8.33  4.89 109 1019.6  26.5  26.3  25.6 99.0 99.00
2016 06 30 02 50 186  5.9  7.0  1.08  8.33  4.86  99 1019.6  26.5  26.2  25.6 99.0 99.00
2016 06 30 03 50 184  6.3  7.3  1.07  7.69  4.97 105 1019.2  26.4  26.2  25.4 99.0 99.00
2016 06 30 04 50 183  6.9  7.7  1.08  7.14  4.75  91 1018.7  26.4  26.2  25.6 99.0 99.00
2016 06 30 05 50 189  6.2  7.3  1.19  7.69  4.98  90 1018.5  26.4  26.2  25.7 99.0 99.00
2016 06 30 06 50 199  6.2  7.5  1.14  6.25  4.83 131 1018.8  26.4  26.2  25.5 99.0 99.00
2016 06 30 07 50 202  5.7  6.7  1.12  6.25  4.83 122 1018.9  26.4  26.2  25.3 99.0 99.00
2016 06 30 08 50 203  5.1  5.9  1.13  7.14  4.92 102 1019.0  26.4  26.1  25.5 99.0 99.00
2016 06 30 09 50 197  4.7  5.5  1.13  8.33  4.90 105 1019.2  26.3  26.1  25.5 99.0 99.00
2016 06 30 10 50 190  4.6  5.4  1.07  5.56  4.79 258 1019.4  26.4  26.1  25.4 99.0 99.00
2016 06 30 11 50 190  4.4  5.4  1.13  8.33  5.09 109 1019.8  26.4  26.0  25.0 99.0 99.00
2016 06 30 12 50 175  4.2  5.3  1.06  8.33  4.86  89 1020.3  26.4  26.1  25.5 99.0 99.00
2016 06 30 13 50 181  4.0  5.0  1.02  8.33  4.86  89 1020.5  26.4  26.3  25.6 99.0 99.00
2016 06 30 14 50 181  4.8  5.7  1.04  5.56  4.99 257 1020.9  26.6  26.4  25.4 99.0 99.00
2016 06 30 15 50 183  4.5  5.3  0.96  7.14  4.88  89 1021.0  26.7  26.5  25.6 99.0 99.00
2016 06 30 16 50 175  4.7  5.5  1.06  6.67  4.99 124 1021.0  26.7  26.6  25.9 99.0 99.00
2016 06 30 17 50 184  5.0  5.6  0.99  6.25  5.05 252 1020.7  26.8  26.6  25.7 99.0 99.00
2016 06 30 18 50 186  5.7  6.4  1.02  6.25  5.05 244 1020.6  26.9  26.6  25.6 99.0 99.00
2016 06 30 19 50 187  5.0  6.0  1.07  5.88  4.99 246 1020.3  27.1  26.7  25.4 99.0 99.00
2016 06 30 20 50 184  4.6  5.5  1.04  5.56  4.92 243 1020.2  27.0  26.7  25.7 99.0 99.00
2016 06 30 21 50 186  4.9  5.8  0.97  6.25  4.77 231 1020.6  27.0  26.6  25.0 99.0 99.00
2016 06 30 22 50 172  4.4  5.4  1.01  5.26  4.72 246 1021.1  26.9  26.6  25.7 99.0 99.00
