#YY  MM DD hh mm WDIR WSPD GST  WVHT   DPD   APD MWD   PRES  ATMP  WTMP  DEWP  VIS  TIDE
#yr  mo dy hr mn degT m/s  m/s     m   sec   sec deg    hPa  degC  degC  degC  nmi    ft
2016 07 31 23 50 216  4.8  5.4  0.97  5.00  4.77 209 1021.5  28.8  29.5  26.0 99.0 99.00
2016 08 01 00 50 218  5.6  6.9  1.06  4.76  4.86 222 1021.8  29.1  29.4  25.6 99.0 99.00
2016 08 01 01 50 211  5.3  6.4  0.93  5.26  4.99 200 1022.1  29.2  29.4  25.1 99.0 99.00
2016 08 01 02 50 206  5.6  7.0  0.95  5.00  4.92 206 1022.1  29.1  29.4  25.3 99.0 99.00
2016 08 01 03 50 207  5.2  6.0  0.95  5.00  4.92 212 1022.4  29.1  29.4  25.7 99.0 99.00
2016 08 01 04 50 206  5.8  7.1  0.97  5.26  4.85 204 1022.1  29.0  29.4  25.7 99.0 99.00
2016 08 01 05 50 214  6.0  7.2  0.96  5.00  4.80 229 1022.0  28.9  29.4  25.5 99.0 99.00
2016 08 01 06 50 210  5.9  7.1  0.96  4.76  4.94 215 1021.7  28.9  29.4  25.2 99.0 99.00
2016 08 01 07 50 228  5.2  6.2  0.97  9.09  4.89 136 1021.8  28.8  29.4  25.2 99.0 99.00
2016 08 01 08 50 228  6.3  7.3  0.98  5.56  4.96 184 1021.7  28.9  29.3  25.1 99.0 99.00
2016 08 01 09 50 227  5.5  6.5  1.00  7.69  4.92 116 1022.1  28.7  29.3  25.6 99.0 99.00
2016 08 01 10 50 241  5.3  6.1  1.05  8.33  4.89 140 1022.0  28.7  29.3  23.9 99.0 99.00
2016 08 01 11 50 228  5.4  6.5  1.09  7.69  5.18 141 1022.3  28.7  29.3  25.4 99.0 99.00
2016 08 01 12 50 234  5.1  6.1  1.15  9.09  5.36 134 1022.5  29.0  29.3  24.8 99.0 99.00
2016 08 01 13 50 248  4.8  5.4  1.17  7.69  5.29 137 1022.7  29.1  29.4  24.3 99.0 99.00
2016 08 01 14 50 248  5.3  6.4  1.08  7.69  5.18 141 1022.9  29.2  29.4  24.8 99.0 99.00
2016 08 01 15 50 242  5.1  6.1  1.22  7.69  5.43 142 1022.8  29.1  29.5  25.0 99.0 99.00
2016 08 01 16 50 237  5.3  6.2  1.15  7.69  5.41 145 1022.5  29.1  29.6  25.2 99.0 99.00
2016 08 01 17 50 239  5.7  6.7  1.16  9.09  5.46 147 1022.4  29.2  29.5  25.1 99.0 99.00
2016 08 01 18 50 261  6.4  7.7  1.41  8.33  5.90 144 1021.9  28.9  29.6  25.5 99.0 99.00
2016 08 01 19 50 247  4.2  4.9  1.32  8.33  5.93 142 1021.3  29.1  29.7  24.6 99.0 99.00
2016 08 01 20 50 224  4.0  4.8  1.31  8.33  6.10 146 1020.8  29.1  29.7  25.1 99.0 99.00
2016 08 01 21 50 233  4.4  5.4  1.25  8.33  6.09 143 1020.3  29.3  29.8  25.0 99.0 99.00
2016 08 01 22 50 245  5.2  6.1  1.26  8.33  6.10 159 1020.4  29.3  29.7  24.8 99.0 99.00
2016 08 01 23 50 241  4.6  5.4  1.31  9.09  6.18 143 1020.6  29.1  29.7  24.6 99.0 99.00
2016 08 02 00 50 240  4.3  5.4  1.44  8.33  6.53 148 1021.1  29.1  29.6  24.7 99.0 99.00
2016 08 02 01 50 247  4.2  5.3  1.37  9.09  6.38 145 1021.6  29.0  29.6  24.7 99.0 99.00
2016 08 02 02 50 255  4.6  5.6  1.27  9.09  6.15 144 1021.5  29.0  29.6  24.7 99.0 99.00
2016 08 02 03 50 237  5.1  6.0  1.43  8.33  6.43 147 1021.7  29.0  29.6  24.2 99.0 99.00
2016 08 02 04 50 247  5.2  6.4  1.44  8.33  6.40 146 1021.2  28.9  29.5  24.5 99.0 99.00
2016 08 02 05 50 235  5.9  6.8  1.44  9.09  6.45 140 1020.7  28.8  29.5  24.4 99.0 99.00
2016 08 02 06 50 231  5.2  6.4  1.48  9.09  6.47 142 1020.1  28.7  29.5  24.8 99.0 99.00
2016 08 02 07 50 238  6.2  7.4  1.53  9.09  6.43 133 1019.7  28.7  29.4  23.9 99.0 99.00
2016 08 02 08 50 243  6.0  7.5  1.59  8.33  6.43 136 1019.6  28.6  29.4  24.6 99.0 99.00
2016 08 02 09 50 247  6.2  7.4  1.38  8.33  6.03 140 1019.7  28.6  29.4  23.8 99.0 99.00
2016 08 02 10 50 233  6.5  7.4  1.59 10.00  6.37 145 1020.0  28.7  29.4  23.7 99.0 99.00
2016 08 02 11 50 246  6.9  8.4  1.45  9.09  5.99 137 1020.4  28.7  29.4  23.6 99.0 99.00
2016 08 02 12 50 251  7.6  9.1  1.57 10.00  5.95 146 1020.7  28.7  29.4  23.6 99.0 99.00
2016 08 02 13 50 249  6.7  7.8  1.56  9.09  5.99 136 1020.7  28.8  29.4  23.8 99.0 99.00
2016 08 02 14 50 257  7.3  8.6  1.50  9.09  5.78 136 1020.8  28.8  29.4  23.6 99.0 99.00
2016 08 02 15 50 253  7.5  8.8  1.45  9.09  5.71 141 1021.0  28.9  29.4  23.5 99.0 99.00
2016 08 02 16 50 253  7.1  8.9  1.53 10.00  5.71 131 1020.8  29.0  29.4  23.7 99.0 99.00
2016 08 02 17 50 256  6.9  8.2  1.50  9.09  5.62 135 1020.4  29.1  29.4  23.5 99.0 99.00
2016 08 02 18 50 257  5.6  6.9  1.62  9.09  6.01 134 1019.8  29.1  29.4  23.8 99.0 99.00
2016 08 02 19 50 246  5.6  6.7  1.47  9.09  5.97 141 1019.1  29.1  29.4  23.9 99.0 99.00
2016 08 02 20 50 243  5.2  6.6  1.54 10.00  6.27 139 1018.6  29.2  29.4  23.3 99.0 99.00
2016 08 02 21 50 240  5.3  6.4  1.46 10.00  6.04 146 1018.2  29.1  29.4  23.7 99.0 99.00
2016 08 02 22 50 236  6.0  7.1  1.46 10.00  6.43 138 1018.0  29.0  29.4  23.6 99.0 99.00
2016 08 02 23 50 229  5.7  6.8  1.45 10.00  6.20 134 1018.0  29.0  29.4  24.1 99.0 99.00
2016 08 03 00 50 228  6.0  7.1  1.29  8.33  6.03 149 1018.1  29.0  29.3  23.9 99.0 99.00
2016 08 03 01 50 234  6.0  7.6  1.22 10.00  5.69 130 1018.6  29.0  29.3  23.4 99.0 99.00
2016 08 03 02 50 230  5.8  6.9  1.46  9.09  6.36 144 1018.1  28.8  29.3  23.7 99.0 99.00
2016 08 03 03 50 229  6.2  7.6  1.27  9.09  5.78 163 1018.0  28.9  29.2  23.9 99.0 99.00
2016 08 03 04 50 232  5.9  7.4  1.40  9.09  6.07 141 1017.7  28.9  29.2  23.6 99.0 99.00
2016 08 03 05 50 229  6.4  7.7  1.34 10.00  6.09 140 1017.0  28.8  29.2  24.0 99.0 99.00
2016 08 03 06 50 220  6.3  7.5  1.37  9.09  5.74 146 1016.7  28.8  29.2  24.3 99.0 99.00
2016 08 03 07 50 257 10.0 13.7  1.45  9.09  5.86 135 1016.9  28.1  29.2  24.1 99.0 99.00
2016 08 03 08 50 250  8.0  9.8  1.54 10.00  5.07 140 1017.6  24.6  29.2  23.6 99.0 99.00
2016 08 03 09 50 210  5.8  6.8  1.43  9.09  5.46 152 1017.8  25.2  29.2  23.9 99.0 99.00
2016 08 03 10 50 209  5.2  6.7  1.43  9.09  5.72 135 1017.9  26.1  29.2  22.9 99.0 99.00
2016 08 03 11 50 243  4.3  5.5  1.38  9.09  5.49 136 1017.8  27.1  29.2  22.5 99.0 99.00
2016 08 03 12 50 218  5.9  6.7  1.34  9.09  5.76 139 1018.3  27.3  29.2  23.5 99.0 99.00
2016 08 03 13 50 331  3.6  4.8  1.26  8.33  5.66 146 1018.3  26.2  29.2  24.3 99.0 99.00
2016 08 03 14 50 236  5.4  6.8  1.25  9.09  5.54 136 1018.4  27.9  29.2  23.7 99.0 99.00
2016 08 03 15 50 239  5.2  6.4  1.22  8.33  5.45 138 1018.5  27.6  29.3  21.9 99.0 99.00
2016 08 03 16 50 245  5.7  6.8  1.18  9.09  5.42 133 1018.3  28.0  29.4  24.5 99.0 99.00
2016 08 03 17 50 236  5.8  6.9  1.16  8.33  5.68 142 1018.1  28.4  29.4  24.1 99.0 99.00
2016 08 03 18 50 250  5.2  6.3  1.14  9.09  5.68 139 1017.6  28.7  29.3  24.8 99.0 99.00
2016 08 03 19 50 259  6.3  7.2  1.18  7.69  5.73 138 1017.4  28.7  29.3  25.0 99.0 99.00
2016 08 03 20 50 264  5.3  6.2  1.17  9.09  5.62 140 1017.1  28.6  29.2  24.4 99.0 99.00
2016 08 03 21 50 293  6.1  7.3  1.15  8.33  5.50 149 1017.6  27.5  29.2  24.3 99.0 99.00
2016 08 03 22 50 262  4.4  5.6  1.14  7.69  5.65 138 1017.8  28.0  29.3  23.9 99.0 99.00
2016 08 03 23 50 255  5.4  6.6  1.11  9.09  5.41 137 1017.8  28.3  29.2  23.3 99.0 99.00
2016 08 04 00 50 246  5.6  6.9  1.13  9.09  5.42 132 1018.0  28.5  29.2  22.8 99.0 99.00
2016 08 04 01 50 255  6.1  7.3  1.15  8.33  5.25 144 1017.8  27.6  29.2  25.1 99.0 99.00
2016 08 04 02 50 263  5.0  5.9  1.13  8.33  5.10 141 1017.8  27.5  29.2  23.4 99.0 99.00
2016 08 04 03 50 266  3.3  4.4  1.16  9.09  5.16 157 1017.8  27.5  29.2  23.1 99.0 99.00
2016 08 04 04 50 243  2.1  2.8  1.11  8.33  5.08 140 1017.7  27.6  29.2  23.1 99.0 99.00
2016 08 04 05 50 209  2.7  3.6  1.04  7.69  5.09 157 1017.7  27.9  29.2  23.2 99.0 99.00
2016 08 04 06 50 211  3.7  4.6  1.18  9.09  5.64 143 1017.4  28.2  29.2  23.2 99.0 99.00
2016 08 04 07 50 209  4.7  5.9  1.07  8.33  5.47 150 1017.2  28.2  29.2  24.3 99.0 99.00
2016 08 04 08 50 205  5.8  7.1  1.07  8.33  5.50 149 1017.0  28.3  29.2  24.6 99.0 99.00
2016 08 04 09 50 197  5.9  7.5  1.04  8.33  5.31 143 1016.9  28.4  29.2  24.7 99.0 99.00
2016 08 04 10 50 192  7.0  8.2  0.96  6.67  5.00 169 1017.3  28.4  29.1  25.0 99.0 99.00
2016 08 04 11 50 212  6.2  7.7  1.05  7.14  5.01 150 1017.7  28.5  29.1  24.3 99.0 99.00
2016 08 04 12 50 210  8.1 10.0  1.16  8.33  5.11 139 1017.9  28.9  29.1  24.1 99.0 99.00
2016 08 04 13 50 291 10.1 12.0  1.14  7.69  4.97 141 1018.9  26.1  29.1  24.4 99.0 99.00
2016 08 04 14 50 290  8.5 11.9  1.33  8.33  4.86 138 1019.8  26.1  29.0  23.4 99.0 99.00
2016 08 04 15 50 278  5.7  6.7  1.34  4.55  4.72 254 1020.2  25.0  29.0  23.3 99.0 99.00
2016 08 04 16 50 271  5.6  7.2  1.24  5.26  4.84 246 1019.5  25.6  29.0  22.8 99.0 99.00
2016 08 04 17 50 224  3.0  4.1  1.16  6.67  5.21  37 1018.8  26.4  29.0  22.3 99.0 99.00
2016 08 04 18 50 213  5.1  6.2  1.13  7.14  5.36  46 1018.1  27.2  29.0  22.8 99.0 99.00
2016 08 04 19 50 226  4.5  5.5  1.15  6.67  5.48  93 1018.1  27.8  29.0  23.9 99.0 99.00
2016 08 04 20 50 217  5.2  6.0  1.10  7.14  5.65 131 1018.4  28.1  29.0  25.1 99.0 99.00
2016 08 04 21 50 197  4.1  5.0  1.21  8.33  5.57 124 1018.2  28.1  29.1  25.2 99.0 99.00
2016 08 04 22 50 187  4.7  5.6  1.20  8.33  5.61  97 1017.9  28.2  29.0  25.5 99.0 99.00
2016 08 04 23 50 234  5.0  5.8  1.24  8.33  5.64  94 1018.1  26.1  29.0  22.7 99.0 99.00
2016 08 05 00 50 182  4.4  5.4  1.06  8.33  5.40 132 1018.3  27.3  28.9  21.9 99.0 99.00
2016 08 05 01 50 181  4.9  6.0  1.25  6.25  5.83 298 1018.5  28.0  28.9  23.3 99.0 99.00
2016 08 05 02 50 177  4.1  5.1  1.12  6.67  5.85 295 1018.3  28.1  29.0  25.1 99.0 99.00
2016 08 05 03 50 194  5.4  6.8  1.11  6.67  5.77 177 1018.2  28.5  29.0  25.4 99.0 99.00
2016 08 05 04 50 215  5.8  6.9  1.09  6.67  5.67 227 1018.0  28.6  29.0  25.6 99.0 99.00
2016 08 05 05 50 214  7.2  8.6  1.19  6.67  5.48 303 1017.6  28.7  29.0  25.5 99.0 99.00
2016 08 05 06 50 220  7.7  8.9  1.17  6.67  5.34 294 1017.0  28.8  29.0  24.9 99.0 99.00
2016 08 05 07 50 222  7.4  9.0  1.21  6.25  5.23 287 1017.0  28.7  29.0  25.3 99.0 99.00
2016 08 05 08 50 229  7.3  8.9  1.31  8.33  5.12 102 1017.1  28.8  29.0  25.2 99.0 99.00
2016 08 05 09 50 234  7.2  8.8  1.22  7.69  4.99 116 1017.0  28.7  29.0  25.3 99.0 99.00
2016 08 05 10 50 237  7.1  8.3  1.32  6.25  5.08 297 1017.5  28.7  28.9  25.0 99.0 99.00
2016 08 05 11 50 244  7.0  8.1  1.27  6.25  4.93 304 1017.9  28.8  28.9  25.0 99.0 99.00
2016 08 05 12 50 246  6.6  7.7  1.21  8.33  5.03 349 1018.0  28.9  28.9  25.1 99.0 99.00
2016 08 05 13 50 246  6.9  8.2  1.18  6.25  4.93 289 1018.0  29.0  29.0  24.8 99.0 99.00
2016 08 05 14 50 242  7.7  8.8  1.15  9.09  4.89  85 1018.0  29.0  29.0  24.8 99.0 99.00
2016 08 05 15 50 289  5.6  6.7  1.14  4.35  4.80 268 1018.3  28.2  29.0  25.0 99.0 99.00
2016 08 05 16 50 269  8.5 12.8  1.24  7.69  4.83 118 1018.4  26.2  28.9  24.4 99.0 99.00
2016 08 05 17 50 252  3.6  4.7  1.28  4.35  4.86 276 1018.5  27.4  28.9  24.6 99.0 99.00
2016 08 05 18 50 206  3.9  4.9  1.19  6.67  5.03 127 1018.3  26.9  28.9  23.3 99.0 99.00
2016 08 05 19 50 265  5.7  6.7  1.20  5.26  4.82 291 1017.9  28.8  29.0  24.8 99.0 99.00
2016 08 05 20 50 279  6.0  7.0  1.21  6.25  4.99 329 1017.9  28.6  29.0  23.9 99.0 99.00
2016 08 05 21 50 270  4.9  6.0  1.20  7.69  5.11 128 1017.7  28.6  29.0  24.3 99.0 99.00
2016 08 05 22 50 296  2.6  4.3  1.15  6.25  5.20 283 1017.5  28.4  29.0  24.8 99.0 99.00
2016 08 05 23 50 253  2.7  4.6  1.09  6.67  5.09 230 1018.0  28.5  29.0  25.5 99.0 99.00
2016 08 06 00 50 291  2.2  2.9  1.16  8.33  5.36  91 1018.1  27.5  28.9  22.3 99.0 99.00
2016 08 06 01 50 261  2.7  3.4  1.08  9.09  5.41 109 1018.1  28.0  28.9  23.7 99.0 99.00
2016 08 06 02 50 235  3.8  4.6  1.09 10.00  5.46  69 1017.9  28.3  28.9  24.6 99.0 99.00
2016 08 06 03 50 234  5.7  6.6  1.05  6.25  5.65 263 1017.7  28.3  28.9  22.8 99.0 99.00
2016 08 06 04 50 244  5.6  6.7  1.07  7.69  5.87  93 1017.7  28.5  28.9  25.4 99.0 99.00
2016 08 06 05 50 248  5.1  6.2  0.99 10.00  5.55  62 1017.4  28.5  28.9  25.4 99.0 99.00
2016 08 06 06 50 232  6.2  7.7  1.03 10.00  5.61  49 1017.1  28.4  28.9  25.4 99.0 99.00
2016 08 06 07 50 248  6.0  7.2  1.08 10.00  5.76  61 1017.3  28.6  28.9  24.8 99.0 99.00
2016 08 06 08 50 252  6.1  7.6  1.07 10.00  5.32  68 1017.2  28.6  28.9  25.3 99.0 99.00
2016 08 06 09 50 248  5.9  6.8  1.09  8.33  5.20 115 1017.2  28.7  28.9  25.0 99.0 99.00
2016 08 06 10 50 242  5.9  7.1  1.09 10.00  5.34  72 1017.1  28.7  28.9  24.9 99.0 99.00
2016 08 06 11 50 237  6.6  7.9  1.06  9.09  5.06  65 1017.5  28.7  28.9  24.8 99.0 99.00
2016 08 06 12 50 235  6.2  7.7  1.12 10.00  5.39  92 1017.5  28.7  28.9  25.0 99.0 99.00
2016 08 06 13 50 227  6.5  8.1  1.15 10.00  5.22  57 1017.6  28.7  29.0  25.0 99.0 99.00
2016 08 06 14 50 228  6.5  7.4  1.19 10.81  5.22  63 1017.7  28.8  29.0  24.7 99.0 99.00
2016 08 06 15 50 228  6.7  7.7  1.16 10.00  5.09  58 1017.5  28.8  29.0  25.0 99.0 99.00
2016 08 06 16 50 240  7.4  8.4  1.16  9.09  5.03 104 1017.3  29.0  29.0  24.5 99.0 99.00
2016 08 06 17 50 236  7.4  9.4  1.19 10.81  5.05  76 1017.2  29.1  29.0  24.9 99.0 99.00
2016 08 06 18 50 249  6.9  8.0  1.19 10.00  5.13  63 1016.9  29.1  29.1  24.7 99.0 99.00
2016 08 06 19 50 245  7.1  8.3  1.23 10.00  5.21 109 1016.7  29.1  29.1  24.9 99.0 99.00
2016 08 06 20 50 243  6.2  7.6  1.19 10.00  5.13  70 1016.7  29.2  29.1  25.4 99.0 99.00
2016 08 06 21 50 234  6.9  8.8  1.15 10.00  4.98  82 1016.7  29.0  29.0  25.6 99.0 99.00
2016 08 06 22 50 234  7.4  8.7  1.19 10.81  5.16  58 1016.8  29.1  29.1  25.0 99.0 99.00
2016 08 06 23 50 236  6.9  8.1  1.30 10.00  5.41 100 1016.9  29.0  29.0  24.5 99.0 99.00
2016 08 07 00 50 229  7.5  9.0  1.27 10.81  5.09  70 1017.0  28.9  29.0  24.6 99.0 99.00
2016 08 07 01 50 226  7.0  8.1  1.35 10.00  5.52  83 1017.3  28.9  28.9  24.9 99.0 99.00
2016 08 07 02 50 235  8.0  9.4  1.23 10.00  5.41  90 1017.3  28.9  28.9  24.3 99.0 99.00
2016 08 07 03 50 221  7.2  9.0  1.27 10.81  5.30  76 1017.1  28.8  28.8  24.8 99.0 99.00
2016 08 07 04 50 227  7.8  9.4  1.29  9.09  5.26  96 1016.9  28.8  28.8  24.3 99.0 99.00
2016 08 07 05 50 224  7.8  9.0  1.28 10.00  5.29  64 1016.4  28.8  28.8  24.4 99.0 99.00
2016 08 07 06 50 218  7.1  8.5  1.32  5.00  5.18 225 1016.4  28.6  28.8  25.4 99.0 99.00
2016 08 07 07 50 231  9.0 10.5  1.39  5.56  5.25 249 1016.1  28.7  28.9  25.0 99.0 99.00
2016 08 07 08 50 236  7.8  9.4  1.44 11.43  5.37  35 1016.3  28.7  28.9  24.7 99.0 99.00
2016 08 07 09 50 222  7.3  9.2  1.42  5.88  5.23 266 1016.6  28.3  28.9  24.3 99.0 99.00
2016 08 07 10 50 238  8.0  9.2  1.40  5.56  5.22 273 1016.7  28.9  28.9  24.6 99.0 99.00
2016 08 07 11 50 243  8.0  9.8  1.50  6.67  5.39 297 1016.8  28.9  28.9  24.4 99.0 99.00
2016 08 07 12 50 229  7.3  8.6  1.52  5.88  5.24 290 1016.9  28.6  28.9  25.1 99.0 99.00
2016 08 07 13 50 236  7.2  8.7  1.59  6.25  5.45 301 1017.0  29.0  29.0  25.2 99.0 99.00
2016 08 07 14 50 232  6.7  8.1  1.45  6.25  5.39 294 1017.3  29.0  29.0  25.3 99.0 99.00
2016 08 07 15 50 245  7.4  8.7  1.44  5.88  5.29 288 1017.0  29.1  29.0  25.1 99.0 99.00
2016 08 07 16 50 247  7.0  8.5  1.40 10.81  5.25 104 1017.2  29.2  29.1  25.4 99.0 99.00
2016 08 07 17 50 246  7.2  8.5  1.50  6.67  5.29 287 1017.1  29.2  29.1  25.6 99.0 99.00
2016 08 07 18 50 249  7.4  8.7  1.44  5.88  5.26 283 1016.9  29.3  29.1  25.5 99.0 99.00
2016 08 07 19 50 249  7.5  9.0  1.37  5.88  5.19 285 1016.7  29.3  29.2  25.3 99.0 99.00
2016 08 07 20 50 247  7.6  9.7  1.51  5.88  5.20 289 1016.8  29.3  29.2  25.1 99.0 99.00
2016 08 07 21 50 239  7.7  8.9  1.52 10.00  5.43 112 1016.6  29.3  29.1  24.8 99.0 99.00
2016 08 07 22 50 245  7.8  9.1  1.53  6.67  5.34 272 1016.6  29.1  29.1  25.0 99.0 99.00
2016 08 07 23 50 238  7.8  9.4  1.56  6.67  5.29 256 1016.8  29.0  29.0  24.3 99.0 99.00
2016 08 08 00 50 240  7.5  8.8  1.52  7.69  5.50 171 1017.3  29.0  29.0  24.5 99.0 99.00
2016 08 08 01 50 233  7.3  8.9  1.55  5.26  5.61 255 1017.5  29.0  28.9  24.4 99.0 99.00
2016 08 08 02 50 239  7.9  9.3  1.52  6.25  5.50 239 1017.3  28.9  28.9  24.7 99.0 99.00
2016 08 08 03 50 249  7.0  8.6  1.54  7.14  5.68 280 1017.0  28.7  28.9  24.8 99.0 99.00
2016 08 08 04 50 243  6.3  7.5  1.43  6.67  5.48 292 1016.9  28.6  28.9  25.0 99.0 99.00
2016 08 08 05 50 248  6.4  7.3  1.51 10.81  5.75  67 1016.5  28.6  28.9  25.1 99.0 99.00
2016 08 08 06 50 252  7.1  8.3  1.33  6.25  5.50 248 1016.4  28.6  28.9  25.1 99.0 99.00
2016 08 08 07 50 249  6.8  8.3  1.40  6.67  5.47 274 1016.3  28.6  28.9  24.6 99.0 99.00
2016 08 08 08 50 255  7.0  8.1  1.38  6.67  5.58 301 1016.8  28.5  28.9  24.5 99.0 99.00
2016 08 08 09 50 252  6.5  7.5  1.29  7.14  5.69 276 1017.2  28.5  28.9  24.3 99.0 99.00
2016 08 08 10 50 251  6.2  7.4  1.29  5.88  5.44 272 1017.9  28.7  28.9  24.8 99.0 99.00
2016 08 08 11 50 256  6.2  7.4  1.31 10.00  5.60 129 1018.2  28.7  28.9  24.4 99.0 99.00
2016 08 08 12 50 264  5.8  7.0  1.29  5.88  5.47 287 1018.2  28.9  28.9  24.2 99.0 99.00
2016 08 08 13 50 268  5.2  6.4  1.25  5.88  5.50 289 1018.6  28.8  28.9  24.8 99.0 99.00
2016 08 08 14 50 269  5.1  6.1  1.21  9.09  5.53 140 1018.6  28.9  29.0  24.8 99.0 99.00
2016 08 08 15 50 270  4.8  5.7  1.26  9.09  5.54 123 1018.6  29.0  29.1  24.7 99.0 99.00
2016 08 08 16 50 265  4.5  5.2  1.22 13.79  5.76  72 1018.4  29.0  29.2  24.6 99.0 99.00
2016 08 08 17 50 265  4.5  5.5  1.25  9.09  5.59 135 1018.2  29.1  29.3  25.0 99.0 99.00
2016 08 08 18 50 234  4.3  5.6  1.19 10.00  5.84 149 1018.1  28.7  29.3  25.3 99.0 99.00
2016 08 08 19 50 271  4.5  5.5  1.25 10.00  5.81 116 1017.9  29.3  29.4  24.7 99.0 99.00
2016 08 08 20 50 260  4.4  5.4  1.24  9.09  5.86 148 1017.7  29.3  29.4  25.0 99.0 99.00
2016 08 08 21 50 248  3.8  4.5  1.11  9.09  5.65 148 1017.8  29.3  29.4  25.0 99.0 99.00
2016 08 08 22 50 257  3.8  4.9  1.14 10.00  6.00 110 1017.9  29.1  29.3  24.7 99.0 99.00
2016 08 08 23 50 248  3.5  4.2  1.12 12.90  5.98  58 1018.3  28.9  29.2  24.6 99.0 99.00
2016 08 09 00 50 243  3.5  4.3  1.10 10.00  6.34 127 1018.9  28.9  29.2  24.9 99.0 99.00
2016 08 09 01 50 243  3.5  4.3  1.12 11.43  6.24  58 1019.0  28.8  29.2  25.1 99.0 99.00
2016 08 09 02 50 242  3.9  4.6  1.11  9.09  6.50 129 1019.2  28.8  29.1  25.0 99.0 99.00
2016 08 09 03 50 258  4.0  4.7  1.03 10.00  6.40 151 1019.2  28.8  29.1  24.8 99.0 99.00
2016 08 09 04 50 275  3.8  4.5  1.09 10.81  6.44  83 1019.2  28.6  29.1  24.7 99.0 99.00
2016 08 09 05 50 281  4.0  4.9  1.00  9.09  6.23 146 1018.9  28.6  29.1  25.0 99.0 99.00
2016 08 09 06 50 291  3.8  4.7  1.00 10.00  6.39 140 1018.9  28.6  29.1  24.2 99.0 99.00
2016 08 09 07 50 304  3.7  4.9  1.02 10.00  6.26 130 1018.8  28.5  29.1  24.7 99.0 99.00
2016 08 09 08 50 287  2.9  4.1  0.93 10.81  6.29 128 1019.1  28.5  29.1  24.5 99.0 99.00
2016 08 09 09 50 311  2.9  3.6  0.95 10.00  6.10 125 1019.3  28.4  29.1  24.4 99.0 99.00
2016 08 09 10 50 317  2.0  2.7  0.97 10.00  6.30 116 1019.8  28.6  29.1  24.3 99.0 99.00
2016 08 09 11 50 315  1.6  2.3  1.02 10.00  6.64 113 1020.3  28.6  29.1  24.1 99.0 99.00
2016 08 09 12 50 333  1.6  2.2  0.97 10.00  6.40 125 1020.7  28.7  29.2  23.9 99.0 99.00
2016 08 09 13 50 287  1.5  2.6  0.94 10.00  6.16  94 1021.1  28.7  29.5  24.3 99.0 99.00
2016 08 09 14 50 266  2.3  3.0  0.99  9.09  6.35 119 1021.3  28.5  29.6  25.2 99.0 99.00
2016 08 09 15 50 317  2.2  3.1  1.01 10.00  6.53 146 1021.4  28.7  29.7  24.8 99.0 99.00
2016 08 09 16 50 261  1.4  3.3  0.92  9.09  6.15 104 1021.3  27.5  29.5  24.7 99.0 99.00
2016 08 09 17 50 354  3.1  4.1  0.99  9.09  6.35 123 1021.0  28.8  30.0  24.6 99.0 99.00
2016 08 09 18 50  22  3.2  3.8  0.93  9.09  6.17 136 1020.5  29.0  30.3  24.7 99.0 99.00
2016 08 09 19 50  42  3.0  3.8  0.94 10.00  6.28 107 1020.3  28.9  30.0  24.9 99.0 99.00
2016 08 09 20 50  58  1.8  2.6  0.91 10.00  6.20 141 1020.1  29.0  30.0  24.6 99.0 99.00
2016 08 09 21 50  70  2.1  2.9  0.87  9.09  6.05 166 1020.3  29.1  29.9  24.8 99.0 99.00
2016 08 09 22 50  85  1.7  2.4  0.90 10.00  6.43 113 1020.5  29.1  29.8  24.6 99.0 99.00
2016 08 09 23 50  33  2.1  2.8  0.94  9.09  6.46 132 1020.6  28.8  29.7  24.6 99.0 99.00
2016 08 10 00 50  46  1.9  2.6  0.85  9.09  6.27 121 1020.8  28.8  29.5  24.1 99.0 99.00
2016 08 10 01 50  48  2.8  3.5  0.89 10.00  6.49 130 1021.3  28.8  29.5  24.2 99.0 99.00
2016 08 10 02 50  52  3.4  4.1  0.79 10.00  6.33 116 1021.0  28.6  29.4  24.2 99.0 99.00
2016 08 10 03 50  61  3.0  3.7  0.82  9.09  6.47 126 1021.2  28.6  29.3  24.1 99.0 99.00
2016 08 10 04 50  54  2.4  3.2  0.83 10.00  6.37 121 1021.3  28.6  29.3  23.8 99.0 99.00
2016 08 10 05 50  46  3.5  4.2  0.82  9.09  6.48 129 1021.0  28.5  29.2  24.2 99.0 99.00
2016 08 10 06 50  55  3.3  4.1  0.82 10.00  6.66 117 1020.9  28.3  29.2  24.5 99.0 99.00
2016 08 10 07 50  68  3.3  3.9  0.76  8.33  6.25 172 1020.9  28.3  29.3  24.8 99.0 99.00
2016 08 10 08 50  64  4.7  5.7  0.79  9.09  6.48 135 1021.3  28.3  29.2  25.0 99.0 99.00
2016 08 10 09 50  66  6.8  7.7  0.88 10.00  5.23 111 1021.5  28.0  29.2  24.2 99.0 99.00
2016 08 10 10 50  71  6.0  7.6  0.83 10.00  4.79 119 1021.9  28.4  29.2  25.3 99.0 99.00
2016 08 10 11 50  82  5.5  6.6  0.91 10.00  4.92 121 1022.2  28.5  29.1  25.0 99.0 99.00
2016 08 10 12 50  89  5.6  6.6  0.88  9.09  4.91 123 1022.2  28.4  29.1  25.0 99.0 99.00
2016 08 10 13 50  95  5.4  6.4  0.94  9.09  4.86 120 1022.6  28.6  29.1  25.0 99.0 99.00
2016 08 10 14 50  93  5.5  6.4  0.91  9.09  4.94 133 1022.8  28.6  29.2  25.2 99.0 99.00
2016 08 10 15 50 106  5.3  6.2  0.93  9.09  4.99  86 1022.6  28.6  29.3  24.8 99.0 99.00
2016 08 10 16 50 107  5.4  6.6  0.95  9.09  5.08 144 1022.3  28.6  29.4  24.3 99.0 99.00
2016 08 10 17 50 106  4.7  5.7  0.91  9.09  4.83 116 1022.2  28.8  29.4  24.3 99.0 99.00
2016 08 10 18 50 104  4.4  5.4  0.90  9.09  4.92 127 1021.9  28.8  29.5  24.7 99.0 99.00
2016 08 10 19 50 109  4.2  5.0  0.97  9.09  5.38 105 1021.5  28.8  29.6  24.3 99.0 99.00
2016 08 10 20 50 110  3.9  5.3  0.97  5.56  5.19  65 1021.5  28.9  29.5  24.6 99.0 99.00
2016 08 10 21 50 111  3.8  5.5  0.90  8.33  5.05 111 1021.6  28.9  29.5  24.5 99.0 99.00
2016 08 10 22 50 114  3.2  4.2  0.95  9.09  5.04 140 1021.7  28.8  29.4  24.6 99.0 99.00
2016 08 10 23 50 110  3.3  3.9  0.87  5.00  5.11  98 1021.8  28.7  29.4  24.9 99.0 99.00
2016 08 11 00 50 111  3.0  4.0  0.91  5.56  4.96  84 1022.0  28.7  29.4  24.7 99.0 99.00
2016 08 11 01 50  86  5.8  6.9  0.94  5.56  4.74  76 1022.3  28.1  29.4  25.8 99.0 99.00
2016 08 11 02 50  94  5.3  6.7  1.06  5.56  4.90  64 1022.2  28.1  29.3  25.6 99.0 99.00
2016 08 11 03 50  94  7.7  9.2  1.20  5.88  4.73  62 1021.8  28.4  29.3  25.1 99.0 99.00
2016 08 11 04 50  96  7.5  8.9  1.21  6.25  4.83  64 1021.5  27.9  29.3  25.4 99.0 99.00
2016 08 11 05 50  99  6.5  7.5  1.26  5.88  4.94  73 1021.3  28.1  29.2  25.0 99.0 99.00
2016 08 11 06 50  83  7.4  8.5  1.22  5.88  4.90  76 1021.2  28.1  29.2  24.6 99.0 99.00
2016 08 11 07 50  85  6.0  7.1  1.24  5.88  5.00  73 1021.2  28.1  29.1  23.9 99.0 99.00
2016 08 11 08 50  80  5.4  6.6  1.11  6.67  4.99  65 1021.1  28.0  29.1  23.9 99.0 99.00
2016 08 11 09 50  82  5.5  7.0  1.12  5.88  4.93  85 1021.5  28.1  29.0  23.9 99.0 99.00
2016 08 11 10 50  81  5.9  7.2  1.16  6.67  5.08  74 1021.7  28.2  29.0  23.6 99.0 99.00
2016 08 11 11 50  77  5.8  7.1  1.10  6.25  5.02  77 1021.8  28.3  29.0  23.9 99.0 99.00
2016 08 11 12 50  75  6.5  9.3  1.08  5.56  4.92 117 1021.8  28.2  29.1  23.8 99.0 99.00
2016 08 11 13 50  87  7.1  8.5  1.12  6.67  4.92  79 1021.8  28.2  29.1  23.6 99.0 99.00
2016 08 11 14 50  87  6.7  7.8  1.16  5.88  4.87  74 1021.9  28.3  29.1  23.6 99.0 99.00
2016 08 11 15 50  91  6.1  7.5  1.19  6.25  4.98  82 1021.8  28.3  29.1  23.8 99.0 99.00
2016 08 11 16 50  90  5.7  6.6  1.16  6.67  4.99  86 1021.7  28.3  29.1  23.0 99.0 99.00
2016 08 11 17 50  98  6.2  7.3  1.11  6.25  5.02  84 1021.5  28.3  29.1  23.2 99.0 99.00
2016 08 11 18 50  93  5.8  7.0  1.17  7.14  5.00  86 1021.3  28.4  29.2  23.1 99.0 99.00
2016 08 11 19 50 107  4.8  5.8  1.12  6.25  5.10  78 1020.8  28.4  29.2  23.1 99.0 99.00
2016 08 11 20 50  96  5.0  5.9  1.06  6.67  5.11  90 1020.4  28.4  29.2  23.3 99.0 99.00
2016 08 11 21 50  85  5.0  6.0  1.10  5.88  5.04  90 1019.9  28.3  29.2  23.1 99.0 99.00
2016 08 11 22 50  70  4.6  5.5  1.07  6.25  5.03  84 1019.8  28.2  29.2  22.6 99.0 99.00
2016 08 11 23 50  81  4.9  6.2  1.09  6.67  5.18  90 1019.7  27.9  29.1  22.6 99.0 99.00
2016 08 12 00 50  75  4.7  5.8  1.11  6.67  5.26  93 1020.1  27.9  29.1  22.2 99.0 99.00
2016 08 12 01 50  86  4.9  6.0  1.12  6.67  5.30  85 1020.5  27.8  29.1  21.9 99.0 99.00
2016 08 12 02 50  93  5.3  6.6  1.05  5.56  5.19  81 1020.4  27.8  29.1  22.0 99.0 99.00
2016 08 12 03 50  93  4.5  5.5  1.04  7.69  5.28  97 1020.5  27.8  29.1  21.8 99.0 99.00
2016 08 12 04 50  84  4.4  5.4  0.98  7.14  5.23  99 1020.1  27.7  29.0  21.7 99.0 99.00
2016 08 12 05 50  81  5.2  6.4  1.02  7.14  5.40  93 1019.9  27.7  29.0  20.8 99.0 99.00
2016 08 12 06 50  93  3.9  4.9  1.07  7.14  5.37  94 1019.8  27.6  29.0  21.1 99.0 99.00
2016 08 12 07 50  78  4.9  6.0  1.02  7.14  5.32  92 1019.4  27.4  29.0  21.5 99.0 99.00
2016 08 12 08 50  78  4.3  5.5  1.04  7.14  5.28  98 1019.5  27.2  29.0  20.6 99.0 99.00
2016 08 12 09 50  86  4.0  5.0  0.96  7.14  5.24  99 1019.9  27.2  29.0  20.4 99.0 99.00
2016 08 12 10 50  82  4.3  5.3  1.04  7.14  5.47 100 1020.0  27.5  29.0  20.2 99.0 99.00
2016 08 12 11 50  83  4.9  6.0  0.96  7.14  5.45  98 1019.9  27.5  29.0  19.9 99.0 99.00
2016 08 12 12 50  80  5.7  7.1  0.95  7.14  5.32  86 1020.0  27.5  29.0  20.4 99.0 99.00
2016 08 12 13 50  79  5.3  6.5  0.99  7.14  5.49 114 1020.1  27.5  29.0  20.4 99.0 99.00
2016 08 12 14 50  80  5.1  7.0  1.01  7.14  5.42  96 1020.3  27.5  29.0  20.7 99.0 99.00
2016 08 12 15 50 103  4.9  6.2  1.01  7.14  5.45  87 1020.0  27.4  29.0  20.9 99.0 99.00
2016 08 12 16 50 111  3.5  4.5  1.02  7.14  5.39 107 1019.8  27.5  29.1  21.0 99.0 99.00
2016 08 12 17 50 102  3.0  4.1  1.05  7.14  5.54  98 1019.5  27.6  29.2  20.9 99.0 99.00
2016 08 12 18 50  99  1.7  2.4  1.03  6.67  5.74 103 1019.4  27.7  29.4  20.8 99.0 99.00
2016 08 12 19 50  57  2.3  3.7  0.97  6.67  5.52  94 1019.1  27.8  29.6  21.1 99.0 99.00
2016 08 12 20 50  44  2.3  3.3  0.96  6.67  5.68  99 1019.2  27.9  29.6  20.9 99.0 99.00
2016 08 12 21 50  46  2.7  3.6  0.92  6.25  5.61 102 1019.0  27.9  29.6  21.0 99.0 99.00
2016 08 12 22 50  49  2.3  3.0  0.92  6.67  5.68 103 1019.0  27.9  29.4  21.0 99.0 99.00
2016 08 12 23 50  70  3.1  3.9  0.91  6.25  5.65 104 1019.1  27.8  29.3  20.0 99.0 99.00
2016 08 13 00 50  83  3.0  4.0  0.84  6.67  5.57  99 1019.1  27.7  29.2  21.0 99.0 99.00
2016 08 13 01 50  88  2.2  3.1  0.85  9.09  5.96  96 1019.7  27.7  29.2  20.9 99.0 99.00
2016 08 13 02 50  91  1.6  2.5  0.80  7.14  5.66 125 1019.6  27.7  29.1  21.8 99.0 99.00
2016 08 13 03 50  79  1.3  2.0  0.81  9.09  5.86 109 1019.8  27.7  29.1  21.5 99.0 99.00
2016 08 13 04 50 113  0.7  1.3  0.80  7.14  5.86 110 1019.5  27.7  29.1  20.9 99.0 99.00
2016 08 13 05 50  85  0.6  1.2  0.85  9.09  5.95 107 1019.1  27.5  29.1  21.5 99.0 99.00
2016 08 13 06 50   6  1.0  1.4  0.78  8.33  5.79 110 1019.1  27.5  29.1  21.6 99.0 99.00
2016 08 13 07 50  10  1.2  2.8  0.79  6.25  5.74 115 1019.2  27.4  29.0  21.4 99.0 99.00
2016 08 13 08 50  18  2.5  3.9  0.85  6.67  5.81 124 1019.4  27.4  29.0  21.5 99.0 99.00
2016 08 13 09 50  18  2.1  3.0  0.83  8.33  5.65 117 1019.8  27.4  29.1  21.5 99.0 99.00
2016 08 13 10 50  27  2.4  3.0  0.81  6.67  5.82 110 1020.3  27.7  29.0  21.5 99.0 99.00
2016 08 13 11 50  29  2.4  3.4  0.78  6.67  5.78 127 1020.4  27.7  29.1  21.8 99.0 99.00
2016 08 13 12 50  30  2.8  4.2  0.75  6.25  5.73 109 1020.5  27.6  29.1  22.1 99.0 99.00
2016 08 13 13 50  55  3.2  4.1  0.80  9.09  5.97 111 1020.4  27.6  29.2  22.0 99.0 99.00
2016 08 13 14 50  56  2.8  3.4  0.73  8.33  5.81 114 1020.5  27.7  29.3  22.6 99.0 99.00
2016 08 13 15 50  69  3.3  4.5  0.83  9.09  5.99 124 1020.5  27.7  29.4  22.7 99.0 99.00
2016 08 13 16 50  69  4.1  5.1  0.81  9.09  6.03 119 1020.1  27.8  29.5  23.2 99.0 99.00
2016 08 13 17 50  79  3.1  4.6  0.84  9.09  5.98 102 1019.8  28.0  29.6  22.8 99.0 99.00
2016 08 13 18 50  89  2.5  3.3  0.81  9.09  5.92 131 1019.5  28.1  29.7  23.2 99.0 99.00
2016 08 13 19 50  53  2.2  3.0  0.83  6.67  5.90 114 1019.2  28.2  29.9  23.4 99.0 99.00
2016 08 13 20 50  47  2.6  3.7  0.82  6.67  5.89 107 1019.2  28.3  29.9  23.4 99.0 99.00
2016 08 13 21 50  34  3.2  4.1  0.80  6.25  5.74 127 1019.3  28.3  29.8  23.6 99.0 99.00
2016 08 13 22 50  48  3.2  3.9  0.76  6.25  5.69 111 1019.2  28.1  29.6  23.6 99.0 99.00
2016 08 13 23 50  38  2.8  3.7  0.74  9.09  5.70  77 1019.4  28.1  29.5  23.5 99.0 99.00
2016 08 14 00 50  50  3.4  4.3  0.73  6.67  5.77 111 1019.8  28.2  29.5  23.6 99.0 99.00
2016 08 14 01 50  33  1.9  2.9  0.76  9.09  5.80 158 1020.1  27.9  29.5  23.8 99.0 99.00
2016 08 14 02 50  52  3.4  4.2  0.76  6.67  5.86 108 1020.4  28.1  29.4  24.0 99.0 99.00
2016 08 14 03 50 143  3.2  4.0  0.72  8.33  5.60  93 1020.6  28.6  29.4  23.7 99.0 99.00
2016 08 14 04 50 149  2.8  3.5  0.74  6.25  5.51 114 1020.4  28.5  29.3  23.3 99.0 99.00
2016 08 14 05 50 140  3.3  4.1  0.78  9.09  5.67 114 1020.1  28.5  29.3  23.7 99.0 99.00
2016 08 14 06 50 143  2.0  2.8  0.69  6.67  5.48 102 1020.0  28.4  29.3  23.6 99.0 99.00
2016 08 14 07 50 115  1.6  2.3  0.74  7.14  5.55  93 1020.2  28.3  29.3  23.4 99.0 99.00
2016 08 14 08 50  10  1.0  1.5  0.68  7.14  5.41 100 1020.2  27.8  29.3  23.9 99.0 99.00
2016 08 14 09 50  13  3.4  4.2  0.71  9.09  5.65 128 1020.6  27.9  29.2  24.1 99.0 99.00
2016 08 14 10 50  31  2.3  3.4  0.66  9.09  5.59 110 1021.2  28.1  29.2  24.1 99.0 99.00
2016 08 14 11 50  82  3.2  4.1  0.65  7.14  5.81 124 1021.2  28.6  29.3  23.0 99.0 99.00
2016 08 14 12 50  81  3.5  4.5  0.71  9.09  5.84 121 1021.5  28.5  29.3  23.1 99.0 99.00
2016 08 14 13 50  84  3.8  4.7  0.66  6.67  5.55  95 1021.6  28.6  29.4  23.9 99.0 99.00
2016 08 14 14 50 105  3.6  4.9  0.66  9.09  5.42  90 1021.6  28.8  29.5  24.1 99.0 99.00
2016 08 14 15 50 131  4.8  6.1  0.74  6.67  5.58 119 1021.4  28.9  29.6  24.9 99.0 99.00
2016 08 14 16 50 137  6.1  8.0  0.74  9.09  5.00  98 1021.3  28.9  29.6  24.7 99.0 99.00
2016 08 14 17 50 142  5.2  6.2  0.76  7.69  4.68  98 1021.3  28.8  29.6  24.4 99.0 99.00
2016 08 14 18 50 132  4.8  5.7  0.83  6.67  4.80 134 1020.8  28.7  29.6  25.0 99.0 99.00
2016 08 14 19 50 152  4.0  5.1  0.77  8.33  4.72 128 1020.9  28.9  29.6  24.7 99.0 99.00
2016 08 14 20 50 138  4.3  5.1  0.79  6.25  4.86 123 1020.9  29.0  29.6  24.3 99.0 99.00
2016 08 14 21 50 130  4.7  5.6  0.81  9.09  5.13 143 1020.9  29.0  29.6  25.1 99.0 99.00
2016 08 14 22 50 128  5.0  5.7  0.74  6.25  4.70 148 1021.1  28.9  29.5  24.4 99.0 99.00
2016 08 14 23 50 134  4.6  5.6  0.72  8.33  4.85 167 1021.4  28.9  29.5  23.9 99.0 99.00
2016 08 15 00 50 124  4.9  5.9  0.72  9.09  4.72 159 1021.7  28.8  29.4  23.9 99.0 99.00
2016 08 15 01 50 132  4.9  6.3  0.68  6.25  4.65 105 1022.2  28.9  29.4  23.9 99.0 99.00
2016 08 15 02 50 135  4.8  5.4  0.68  9.09  4.72 179 1022.0  28.8  29.4  24.0 99.0 99.00
2016 08 15 03 50 142  4.3  5.4  0.69  9.09  5.11  97 1022.4  28.7  29.3  24.0 99.0 99.00
2016 08 15 04 50 155  4.5  5.6  0.66  8.33  4.98 120 1022.1  28.6  29.3  24.1 99.0 99.00
2016 08 15 05 50 155  4.0  5.1  0.66  8.33  4.86  95 1021.7  28.6  29.3  23.4 99.0 99.00
2016 08 15 06 50 146  3.2  4.3  0.70  7.69  5.17 141 1021.6  28.5  29.3  24.2 99.0 99.00
2016 08 15 07 50 125  3.9  5.0  0.69  9.09  4.90 140 1021.8  28.4  29.3  23.9 99.0 99.00
2016 08 15 08 50 137  3.7  4.4  0.70  9.09  5.13 130 1022.1  28.4  29.3  23.7 99.0 99.00
2016 08 15 09 50 140  3.8  4.6  0.69  9.09  5.03 140 1022.4  28.5  29.3  22.8 99.0 99.00
2016 08 15 10 50 139  3.8  5.1  0.69  7.69  5.27 122 1022.7  28.5  29.2  23.5 99.0 99.00
2016 08 15 11 50 129  3.5  4.2  0.68  8.33  5.40 143 1023.0  28.6  29.2  23.6 99.0 99.00
2016 08 15 12 50 131  3.5  4.3  0.68  9.09  5.26 103 1023.0  28.5  29.2  24.0 99.0 99.00
2016 08 15 13 50 122  3.8  4.8  0.67 10.00  5.62  97 1023.4  28.6  29.3  23.9 99.0 99.00
2016 08 15 14 50 117  3.8  4.7  0.67  9.09  5.42 128 1023.6  28.6  29.4  23.6 99.0 99.00
2016 08 15 15 50 118  4.0  4.7  0.63  9.09  5.39 129 1023.4  28.6  29.5  23.7 99.0 99.00
2016 08 15 16 50 122  4.1  5.1  0.67  7.14  5.24 155 1023.3  28.6  29.5  23.6 99.0 99.00
2016 08 15 17 50 125  4.1  4.9  0.67  9.09  5.19 140 1023.3  28.5  29.6  23.6 99.0 99.00
2016 08 15 18 50 132  3.9  5.0  0.67 10.00  5.31 108 1023.0  28.5  29.6  23.0 99.0 99.00
2016 08 15 19 50 126  3.6  4.6  0.68  9.09  5.25  92 1022.8  28.5  29.6  23.1 99.0 99.00
2016 08 15 20 50 126  2.7  4.0  0.64  8.33  4.94  89 1022.8  28.6  29.6  22.5 99.0 99.00
2016 08 15 21 50 106  3.5  4.3  0.69  9.09  5.47  71 1022.6  28.5  29.5  22.9 99.0 99.00
2016 08 15 22 50  90  2.6  3.5  0.67  9.09  5.41  91 1022.6  28.4  29.5  22.6 99.0 99.00
2016 08 15 23 50 114  3.5  4.4  0.63 10.00  5.49 108 1022.9  28.4  29.5  22.9 99.0 99.00
2016 08 16 00 50 110  3.4  4.4  0.61  9.09  5.67 104 1023.4  28.3  29.4  22.6 99.0 99.00
2016 08 16 01 50 108  3.2  4.6  0.62  9.09  5.73 110 1023.7  28.2  29.4  22.7 99.0 99.00
2016 08 16 02 50 112  3.8  4.8  0.66  8.33  5.93 107 1023.6  28.1  29.4  22.6 99.0 99.00
2016 08 16 04 50 124  3.2  4.2  0.65  9.09  5.96  72 1023.3  27.9  29.3  22.8 99.0 99.00
2016 08 16 05 50 109  3.4  5.0  0.64  9.09  5.89 119 1023.2  27.9  29.3  22.4 99.0 99.00
2016 08 16 06 50  95  2.5  3.6  0.69  9.09  6.04 103 1023.3  27.9  29.2  22.2 99.0 99.00
2016 08 16 07 50  96  2.8  3.6  0.66  8.33  5.93 111 1023.2  27.8  29.2  22.5 99.0 99.00
2016 08 16 08 50  80  2.8  3.9  0.70  9.09  6.02 102 1023.4  27.7  29.2  22.3 99.0 99.00
2016 08 16 09 50 104  3.2  4.5  0.62 10.00  5.67  74 1023.9  27.7  29.2  22.0 99.0 99.00
2016 08 16 10 50  98  3.5  4.2  0.67 10.00  6.03  80 1024.5  27.8  29.2  21.8 99.0 99.00
2016 08 16 11 50  92  3.1  4.6  0.67  8.33  6.05 111 1024.8  28.0  29.2  22.2 99.0 99.00
2016 08 16 12 50  97  3.6  4.7  0.66  9.09  5.88  76 1024.8  28.0  29.2  22.3 99.0 99.00
2016 08 16 13 50  87  3.9  4.8  0.69  9.09  5.85 130 1025.0  28.0  29.3  22.4 99.0 99.00
2016 08 16 14 50  99  3.8  4.5  0.71 10.00  5.98 110 1025.0  28.0  29.4  22.3 99.0 99.00
2016 08 16 15 50  99  3.8  4.9  0.68 10.00  5.85  82 1024.8  28.1  29.4  22.4 99.0 99.00
2016 08 16 16 50  79  3.5  4.5  0.68 10.00  5.74  69 1024.5  28.1  29.6  22.2 99.0 99.00
2016 08 16 17 50  72  3.1  4.2  0.74 10.81  5.74 122 1024.3  28.1  29.6  22.2 99.0 99.00
2016 08 16 18 50  86  3.9  5.1  0.73 10.00  5.68 105 1023.9  28.2  29.7  22.4 99.0 99.00
2016 08 16 19 50  97  3.5  4.6  0.72 10.81  5.94  96 1023.5  28.3  29.7  22.7 99.0 99.00
2016 08 16 20 50  66  3.5  4.3  0.68 10.00  5.60  92 1023.2  28.3  29.6  22.9 99.0 99.00
2016 08 16 21 50 100  3.4  4.2  0.66 10.81  5.68  15 1023.3  28.4  29.6  23.0 99.0 99.00
2016 08 16 22 50 118  3.1  3.9  0.66 10.00  5.82  41 1023.0  28.4  29.6  22.8 99.0 99.00
2016 08 16 23 50 112  2.9  4.0  0.65 10.00  5.86  36 1023.0  28.3  29.6  22.9 99.0 99.00
2016 08 17 00 50 102  2.5  3.4  0.64  9.09  5.88 122 1023.5  28.3  29.5  23.3 99.0 99.00
2016 08 17 01 50  77  2.4  3.3  0.71 10.00  6.08  81 1023.8  28.2  29.4  23.0 99.0 99.00
2016 08 17 02 50  84  2.9  4.1  0.66 10.00  6.14 137 1023.8  28.2  29.4  23.2 99.0 99.00
2016 08 17 03 50  72  2.9  3.7  0.67  9.09  5.98  90 1023.9  28.2  29.4  23.2 99.0 99.00
2016 08 17 04 50 103  2.9  3.6  0.63  9.09  6.07 189 1023.5  28.1  29.3  23.1 99.0 99.00
2016 08 17 05 50 113  2.5  3.0  0.63 10.81  5.83 116 1023.3  28.1  29.3  23.1 99.0 99.00
2016 08 17 06 50 115  2.5  3.2  0.71 10.00  6.36 109 1023.2  28.0  29.3  23.3 99.0 99.00
2016 08 17 07 50  93  2.1  2.8  0.71 10.00  6.38 117 1023.1  28.0  29.3  23.4 99.0 99.00
2016 08 17 08 50 140  1.1  1.7  0.69 10.00  6.10  90 1023.2  28.0  29.2  23.3 99.0 99.00
2016 08 17 09 50 138  1.4  1.9  0.69  9.09  6.20  95 1023.5  28.0  29.2  23.3 99.0 99.00
2016 08 17 10 50 130  0.6  1.2  0.70  5.56  5.81 163 1023.6  28.2  29.2  23.2 99.0 99.00
2016 08 17 11 50 135  1.4  2.1  0.74 10.00  5.86 105 1024.1  28.4  29.3  23.1 99.0 99.00
2016 08 17 12 50 139  1.6  2.4  0.75  5.88  6.00 149 1024.2  28.4  29.3  23.4 99.0 99.00
2016 08 17 13 50 146  0.8  1.3  0.73  6.25  5.92 145 1024.2  28.8  29.4  23.7 99.0 99.00
2016 08 17 14 50 148  1.1  1.8  0.76  5.56  5.92 162 1024.4  28.6  29.7  23.6 99.0 99.00
2016 08 17 15 50 151  0.8  1.4  0.73  7.69  5.97 102 1024.0  28.6  30.1  23.9 99.0 99.00
2016 08 17 16 50 159  0.8  1.4  0.73  9.09  5.98 122 1023.5  29.0  31.0  23.5 99.0 99.00
2016 08 17 17 50 136  2.0  3.3  0.73  6.25  5.82 143 1023.0  28.5  30.6  23.6 99.0 99.00
2016 08 17 18 50 134  1.9  2.9  0.71  6.25  5.94 148 1022.2  28.6  30.5  23.6 99.0 99.00
2016 08 17 19 50 158  2.5  3.5  0.77  5.88  5.79 149 1021.6  28.7  30.5  23.5 99.0 99.00
2016 08 17 20 50 156  1.8  2.4  0.82  6.25  5.87 133 1021.3  28.8  30.3  22.8 99.0 99.00
2016 08 17 21 50 164  0.4  0.9  0.77  6.25  5.99 152 1021.5  29.0  30.3  22.8 99.0 99.00
2016 08 17 22 50 161  1.8  2.9  0.76  9.09  5.88 126 1021.6  28.7  30.1  22.9 99.0 99.00
2016 08 17 23 50 142  1.8  2.9  0.80  7.14  5.98 142 1021.8  28.7  30.1  23.0 99.0 99.00
2016 08 18 00 50 126  1.5  2.2  0.72  6.67  6.13 137 1021.9  28.6  29.9  22.9 99.0 99.00
2016 08 18 01 50 162  1.9  3.0  0.78  6.67  6.13 137 1022.2  28.6  29.7  23.2 99.0 99.00
2016 08 18 02 50 144  1.9  2.8  0.74  7.14  6.19 134 1022.2  28.5  29.7  23.1 99.0 99.00
2016 08 18 03 50 163  1.8  3.1  0.75  6.25  6.10 140 1022.0  28.4  29.7  23.4 99.0 99.00
2016 08 18 04 50 187  0.9  1.6  0.79  6.67  6.26 145 1022.1  28.4  29.6  23.2 99.0 99.00
2016 08 18 05 50 256  0.9  1.5  0.81  7.14  6.36 142 1021.6  28.3  29.6  23.6 99.0 99.00
2016 08 18 06 50 199  0.6  1.1  0.78  6.67  6.14 147 1021.2  28.2  29.6  23.7 99.0 99.00
2016 08 18 07 50 168  0.1  0.5  0.73  5.88  6.10 144 1021.1  28.0  29.6  23.5 99.0 99.00
2016 08 18 08 50 226  0.3  0.9  0.77  6.67  6.32 150 1021.1  28.1  29.5  24.1 99.0 99.00
2016 08 18 09 50 245  0.6  1.0  0.74  6.67  6.05 133 1021.1  28.0  29.5  23.6 99.0 99.00
2016 08 18 10 50 223  0.8  1.9  0.76  6.25  6.07 154 1021.3  28.2  29.5  22.9 99.0 99.00
2016 08 18 11 50 269  0.4  1.0  0.77  6.25  6.07 159 1020.9  28.3  29.5  23.0 99.0 99.00
2016 08 18 12 50 305  0.5  1.2  0.77  7.14  6.19 154 1020.9  28.4  29.6  23.5 99.0 99.00
2016 08 18 13 50 200  0.8  1.7  0.76  6.67  6.16 145 1020.9  28.4  29.8  23.2 99.0 99.00
2016 08 18 14 50 271  1.2  1.6  0.75  6.67  5.99 149 1020.9  28.3  30.0  23.4 99.0 99.00
2016 08 18 15 50 283  1.5  2.2  0.81  7.14  6.06 151 1020.7  28.4  30.3  23.4 99.0 99.00
2016 08 18 16 50 299  0.8  1.7  0.78  6.25  6.12 155 1020.7  28.6  30.8  23.2 99.0 99.00
2016 08 18 17 50 326  0.4  0.8  0.79  8.33  6.29 154 1020.3  29.0  31.7  22.3 99.0 99.00
2016 08 18 18 50 162  0.5  0.9  0.81  6.67  6.12 154 1019.9  29.5  32.0  23.1 99.0 99.00
2016 08 18 19 50 169  0.4  1.0  0.80  6.25  6.30 150 1019.0  29.5  32.1  22.8 99.0 99.00
2016 08 18 20 50 223  0.7  1.1  0.77  5.88  6.06 156 1018.9  29.8  31.6  22.6 99.0 99.00
2016 08 18 21 50 132  0.6  1.2  0.81  6.67  6.20 154 1018.5  29.6  31.4  22.8 99.0 99.00
2016 08 18 22 50 166  2.2  3.4  0.78  6.25  6.16 147 1018.3  29.1  31.1  22.4 99.0 99.00
2016 08 18 23 50 169  2.4  3.1  0.73  6.67  6.12 140 1018.1  28.9  30.7  23.0 99.0 99.00
2016 08 19 00 50 174  2.4  3.5  0.77  6.67  6.15 163 1018.7  29.0  30.5  22.2 99.0 99.00
2016 08 19 01 50 185  1.9  2.7  0.76  6.67  6.13 140 1019.1  29.0  30.4  22.4 99.0 99.00
2016 08 19 02 50 192  3.1  4.3  0.79  7.69  6.34 147 1018.9  28.9  30.1  23.4 99.0 99.00
2016 08 19 04 50 234  3.0  3.7  0.76  6.67  6.21 134 1018.1  28.8  29.8  22.9 99.0 99.00
2016 08 19 05 50 231  2.7  3.8  0.79  6.67  6.38 151 1017.9  28.7  29.7  23.2 99.0 99.00
2016 08 19 06 50 247  2.9  4.1  0.87  7.14  6.36 142 1017.5  28.6  29.7  23.3 99.0 99.00
2016 08 19 07 50 275  3.0  3.9  0.76  7.14  6.26 150 1016.9  28.5  29.6  23.0 99.0 99.00
2016 08 19 08 50 279  2.6  3.5  0.86  6.67  6.36 145 1016.6  28.4  29.6  22.9 99.0 99.00
2016 08 19 09 50 282  3.1  3.8  0.84  6.67  6.18 146 1016.7  28.5  29.4  22.6 99.0 99.00
2016 08 19 10 50 287  2.8  3.5  0.90  7.14  6.20 144 1017.2  28.6  29.5  22.6 99.0 99.00
2016 08 19 11 50 296  3.1  4.0  0.86  7.69  6.01 153 1017.2  28.6  29.4  22.8 99.0 99.00
2016 08 19 12 50 280  2.4  3.3  0.87  6.67  6.00 157 1017.3  28.6  29.4  22.5 99.0 99.00
2016 08 19 13 50 276  2.8  3.7  0.89  6.25  5.95 149 1017.3  28.6  29.5  23.4 99.0 99.00
2016 08 19 14 50 289  3.5  4.1  0.98  7.14  6.06 134 1017.3  28.8  29.6  23.3 99.0 99.00
2016 08 19 15 50 291  2.9  3.8  0.97  7.69  6.06 132 1017.1  28.8  29.8  22.9 99.0 99.00
2016 08 19 16 50 263  2.8  3.7  1.01  7.14  6.11 141 1017.0  28.8  30.0  23.3 99.0 99.00
2016 08 19 17 50 230  3.2  4.5  0.95  7.14  6.04 137 1016.6  28.9  30.1  23.8 99.0 99.00
2016 08 19 18 50 231  3.2  4.2  0.99  7.14  5.91 137 1016.0  28.9  30.1  23.6 99.0 99.00
2016 08 19 19 50 228  3.4  4.2  1.07  7.14  5.97 144 1015.4  29.0  30.1  23.8 99.0 99.00
2016 08 19 20 50 228  3.3  4.6  0.93  6.67  5.33 140 1015.1  29.1  30.1  23.8 99.0 99.00
2016 08 19 21 50 245  3.4  4.2  0.95  6.67  5.52 125 1015.0  29.0  29.9  23.9 99.0 99.00
2016 08 19 22 50 240  3.5  4.3  0.91  7.69  5.49 140 1015.2  28.8  29.9  23.8 99.0 99.00
2016 08 19 23 50 260  3.7  4.6  0.96  6.67  5.58 136 1015.1  28.5  29.7  23.4 99.0 99.00
2016 08 20 00 50 257  2.6  3.6  1.00  7.69  5.75 138 1015.5  28.8  29.7  23.4 99.0 99.00
2016 08 20 01 50 208  2.1  3.4  1.03  7.69  6.04 140 1015.7  28.4  29.7  24.1 99.0 99.00
2016 08 20 02 50 244  3.3  4.3  1.04  7.69  6.02 146 1015.7  28.8  29.7  23.5 99.0 99.00
2016 08 20 03 50 241  2.8  4.0  1.01  7.69  5.86 139 1015.4  28.7  29.6  23.4 99.0 99.00
2016 08 20 04 50 243  3.6  5.0  1.02  7.69  5.87 144 1015.0  28.8  29.6  23.3 99.0 99.00
2016 08 20 05 50 238  3.5  5.1  1.01  7.69  5.75 141 1014.5  28.7  29.5  22.8 99.0 99.00
2016 08 20 06 50 243  4.2  5.4  1.00  7.14  5.66 141 1014.3  28.6  29.5  23.5 99.0 99.00
2016 08 20 07 50 242  4.9  5.8  0.99  7.14  5.56 145 1014.1  28.6  29.5  23.2 99.0 99.00
2016 08 20 08 50 250  5.1  6.3  0.94  7.14  5.37 151 1013.9  28.6  29.5  23.6 99.0 99.00
2016 08 20 09 50 257  4.8  5.9  0.93  7.14  5.31 150 1014.2  28.6  29.4  23.1 99.0 99.00
2016 08 20 10 50 258  4.0  4.7  0.97  7.14  5.28 147 1014.5  28.7  29.5  23.0 99.0 99.00
2016 08 20 11 50 250  3.6  4.3  0.89  6.67  5.34 155 1014.8  28.8  29.5  23.1 99.0 99.00
2016 08 20 12 50 233  3.6  4.6  0.94  6.25  5.40 147 1014.7  28.8  29.5  23.0 99.0 99.00
2016 08 20 13 50 238  4.3  5.1  0.89  6.67  5.30 133 1014.6  28.7  29.5  23.1 99.0 99.00
2016 08 20 14 50 236  5.2  6.1  0.86  6.67  5.15 134 1014.6  28.7  29.6  23.7 99.0 99.00
2016 08 20 15 50 227  4.8  5.7  0.88  6.67  5.04 155 1014.9  28.8  29.6  23.6 99.0 99.00
2016 08 20 16 50 221  4.6  5.8  0.91  7.14  5.05 138 1014.7  29.1  29.7  23.2 99.0 99.00
2016 08 20 17 50 254  2.7  3.6  0.86  6.67  4.77 137 1014.4  28.9  29.6  23.2 99.0 99.00
2016 08 20 18 50 239  4.7  5.4  0.87  5.88  4.86 343 1014.0  29.2  29.7  22.6 99.0 99.00
2016 08 20 19 50 243  3.5  4.2  0.82  5.56  4.79 299 1013.8  29.2  29.7  23.2 99.0 99.00
2016 08 20 20 50 312  3.2  4.1  0.92  6.67  5.03 136 1013.6  27.7  29.6  23.8 99.0 99.00
2016 08 20 21 50 222  0.9  1.4  0.93  5.56  4.88 249 1013.8  27.7  29.6  22.3 99.0 99.00
2016 08 20 22 50 115  0.3  0.7  0.92  6.25  4.90 142 1013.7  28.4  29.5  22.6 99.0 99.00
2016 08 20 23 50 179  4.2  5.0  0.90  5.88  4.82 335 1013.9  28.4  29.5  23.8 99.0 99.00
2016 08 21 00 50 188  6.1  7.3  0.87  6.25  4.87 122 1014.0  28.3  29.5  24.0 99.0 99.00
2016 08 21 01 50 218  3.9  4.9  0.78  6.67  4.68 126 1014.3  27.8  29.5  24.3 99.0 99.00
2016 08 21 02 50 213  4.2  5.6  0.78  5.88  4.91 278 1014.2  28.4  29.5  24.7 99.0 99.00
2016 08 21 04 50 252  7.5  9.4  0.73 13.79  4.74  93 1014.3  26.7  29.4  23.8 99.0 99.00
2016 08 21 05 50 213  8.2 11.3  0.71  5.26  4.88 304 1013.8  26.8  29.4  24.2 99.0 99.00
2016 08 21 06 50 208  6.9  8.4  0.89  3.85  4.47 210 1013.8  27.2  29.4  23.2 99.0 99.00
2016 08 21 07 50 185  7.8  9.3  0.87  4.55  4.58 256 1013.7  27.4  29.4  23.5 99.0 99.00
2016 08 21 08 50 195  7.4  8.7  0.89  5.56  4.57 297 1013.6  28.1  29.4  22.6 99.0 99.00
2016 08 21 09 50 222  7.3  8.9  0.95  4.76  4.59 233 1013.9  28.4  29.4  23.3 99.0 99.00
2016 08 21 10 50 230  6.6  7.9  0.95  4.35  4.76 244 1014.1  28.3  29.4  24.2 99.0 99.00
2016 08 21 11 50 225  5.8  7.1  0.98  4.55  4.76 246 1014.3  27.9  29.3  24.7 99.0 99.00
2016 08 21 12 50 199  6.1  7.1  0.95  4.17  4.64 246 1014.5  28.5  29.3  24.7 99.0 99.00
2016 08 21 13 50 168  6.9  8.5  1.00  4.17  4.55 249 1015.1  26.8  29.3  24.8 99.0 99.00
2016 08 21 14 50 207  7.8  9.6  1.08  4.35  4.59 234 1014.7  28.1  29.4  24.4 99.0 99.00
2016 08 21 15 50 217  7.9  9.3  1.10  5.88  4.66 301 1014.9  28.4  29.4  24.7 99.0 99.00
2016 08 21 16 50 215  8.4 10.2  1.07  4.35  4.53 226 1014.3  28.3  29.4  25.0 99.0 99.00
2016 08 21 17 50 239  6.3  8.1  1.15  5.56  4.74 273 1014.9  28.6  29.3  25.4 99.0 99.00
2016 08 21 18 50 213  3.6  5.2  1.26  5.00  4.83 238 1014.3  27.3  29.3  25.1 99.0 99.00
2016 08 21 19 50 247  8.6 11.0  1.08  5.00  4.85 234 1014.1  27.3  29.3  24.7 99.0 99.00
2016 08 21 20 50 239  7.7  9.2  1.14  5.26  4.76 241 1014.1  28.4  29.3  24.5 99.0 99.00
2016 08 21 21 50 227  6.5  7.4  1.16  6.25  4.72 279 1014.4  27.7  29.3  24.4 99.0 99.00
2016 08 21 22 50 220  6.0  7.5  1.09  5.26  4.85 274 1014.3  28.1  29.3  24.8 99.0 99.00
2016 08 21 23 50 205  6.3  7.8  1.17  5.56  5.01 276 1014.9  25.9  29.2  24.8 99.0 99.00
2016 08 22 00 50 220  5.3  6.3  1.03  5.56  5.04 278 1014.9  28.6  29.3  26.3 99.0 99.00
2016 08 22 01 50 234  7.1  8.4  1.06  5.88  5.06 276 1015.1  29.0  29.3  25.6 99.0 99.00
2016 08 22 02 50 237  7.8  9.3  1.12  5.26  4.99 268 1015.0  28.6  29.3  25.7 99.0 99.00
2016 08 22 04 50 244  6.9  8.8  1.17  5.88  4.96 289 1015.0  29.0  29.3  25.5 99.0 99.00
2016 08 22 05 50 247  7.7  9.5  1.25  6.25  5.09 292 1014.6  29.0  29.3  25.4 99.0 99.00
2016 08 22 06 50 247  8.1  9.5  1.26  6.67  5.02 290 1014.4  29.0  29.3  25.7 99.0 99.00
2016 08 22 07 50 252  7.1  8.4  1.24  6.67  5.00 297 1014.6  29.0  29.3  25.8 99.0 99.00
2016 08 22 08 50 243  6.8  7.8  1.28  6.25  5.01 287 1014.4  29.0  29.3  25.9 99.0 99.00
2016 08 22 09 50 240  6.3  7.3  1.20  6.25  4.99 294 1015.0  29.0  29.3  25.8 99.0 99.00
2016 08 22 10 50 234  6.3  7.5  1.14  7.14  4.95 277 1015.4  29.0  29.3  26.2 99.0 99.00
2016 08 22 11 50 237  6.4  7.5  1.25  6.67  5.08 287 1015.9  29.2  29.3  26.0 99.0 99.00
2016 08 22 12 50 244  6.5  7.9  1.19  6.25  5.00 304 1016.1  29.1  29.3  26.4 99.0 99.00
2016 08 22 13 50 252  5.2  6.4  1.16  6.67  4.78 285 1016.7  28.4  29.3  24.4 99.0 99.00
2016 08 22 14 50 294  6.3  8.5  1.11  6.67  4.92 288 1017.0  27.4  29.3  24.6 99.0 99.00
2016 08 22 15 50 229  5.9  6.9  1.09  6.67  4.87 300 1016.5  28.5  29.3  25.6 99.0 99.00
2016 08 22 16 50 235  6.7  7.6  1.10  6.25  4.84 291 1016.5  28.9  29.3  26.0 99.0 99.00
2016 08 22 17 50 223  6.5  8.0  1.05  5.56  4.91 282 1016.6  28.7  29.3  25.3 99.0 99.00
2016 08 22 18 50 239  5.5  6.5  1.02  5.88  4.83 304 1016.1  29.1  29.3  26.3 99.0 99.00
2016 08 22 19 50 248  5.6  6.3  1.06  6.25  4.87 308 1016.3  29.1  29.4  26.8 99.0 99.00
2016 08 22 20 50 242  5.0  6.4  0.99  5.26  4.70 287 1016.5  29.3  29.4  26.8 99.0 99.00
2016 08 22 21 50 265  4.7  5.7  1.09  5.88  4.98 296 1016.9  29.5  29.4  26.5 99.0 99.00
2016 08 22 22 50 260  4.1  4.8  0.99  5.56  4.98 281 1017.2  29.4  29.3  26.2 99.0 99.00
2016 08 22 23 50 259  4.1  5.1  1.03  6.25  5.07 303 1017.3  29.3  29.3  26.6 99.0 99.00
2016 08 23 00 50 234  5.1  5.9  0.99  6.25  5.03 304 1017.4  29.2  29.3  26.9 99.0 99.00
2016 08 23 01 50 302  3.4  4.3  0.94  5.88  5.10 311 1018.4  28.4  29.3  24.7 99.0 99.00
2016 08 23 02 50 295  3.8  4.6  0.90  6.25  5.05 313 1018.5  28.2  29.3  24.9 99.0 99.00
2016 08 23 03 50 280  3.0  3.8  0.91  6.25  5.18 297 1018.2  28.6  29.3  24.6 99.0 99.00
2016 08 23 04 50 238  2.1  2.6  0.88  6.25  5.09 301 1018.1  28.5  29.3  25.2 99.0 99.00
2016 08 23 05 50 279  1.7  2.8  0.92  6.67  5.38 305 1017.9  28.8  29.3  24.5 99.0 99.00
2016 08 23 06 50 306  3.3  4.0  0.89  6.67  5.44 294 1017.7  28.7  29.3  25.3 99.0 99.00
2016 08 23 07 50 310  2.2  2.9  0.87  6.67  5.46 290 1018.0  28.6  29.3  26.6 99.0 99.00
2016 08 23 08 50 323  3.5  4.2  0.97  7.14  5.56 311 1017.8  28.6  29.3  26.7 99.0 99.00
2016 08 23 09 50   7  4.2  5.0  0.86  6.67  5.39 301 1018.1  28.2  29.3  25.4 99.0 99.00
2016 08 23 10 50  39  4.8  5.6  0.94  6.67  5.75 294 1018.9  28.6  29.3  26.2 99.0 99.00
2016 08 23 11 50  37  5.1  5.9  0.84  6.25  5.49 293 1019.4  28.7  29.3  25.9 99.0 99.00
2016 08 23 12 50  34  7.4  8.9  0.83  6.67  5.20 290 1019.5  28.5  29.3  26.2 99.0 99.00
2016 08 23 13 50  32  8.4  9.7  0.98  6.67  4.28 292 1019.9  28.4  29.3  25.6 99.0 99.00
2016 08 23 14 50  34  8.5 10.2  1.16  4.55  4.40 348 1019.9  28.6  29.3  25.3 99.0 99.00
2016 08 23 15 50  28  8.7 10.6  1.23  4.76  4.52   7 1019.8  28.5  29.3  24.8 99.0 99.00
2016 08 23 16 50  28  8.7 10.1  1.33  5.26  4.52  12 1019.6  28.5  29.3  24.4 99.0 99.00
2016 08 23 17 50  20  8.5 10.2  1.33  5.26  4.69   7 1019.6  28.5  29.3  24.7 99.0 99.00
2016 08 23 18 50  33  8.6 10.1  1.32  5.56  4.64 357 1019.4  28.5  29.4  24.5 99.0 99.00
2016 08 23 19 50  31  8.5 10.3  1.27  5.56  4.61   2 1019.4  28.6  29.3  24.4 99.0 99.00
2016 08 23 20 50  32  8.6 10.1  1.36  5.56  4.63 358 1019.1  28.6  29.4  23.9 99.0 99.00
2016 08 23 21 50  29  8.4 10.0  1.41  5.88  4.74   1 1019.1  28.5  29.3  24.2 99.0 99.00
2016 08 23 22 50  40  7.8  9.0  1.33  5.88  4.80 355 1019.4  28.5  29.3  23.8 99.0 99.00
2016 08 23 23 50  39  7.7  9.0  1.27  5.88  4.76 354 1019.4  28.4  29.3  23.8 99.0 99.00
2016 08 24 00 50  36  7.9  9.5  1.36  6.67  4.76 349 1019.2  28.4  29.3  23.8 99.0 99.00
2016 08 24 01 50  33  7.6  9.2  1.32 11.43  4.73 126 1019.5  28.4  29.2  23.5 99.0 99.00
2016 08 24 02 50  40  7.4  8.9  1.29 11.43  4.87 125 1019.4  28.4  29.2  24.0 99.0 99.00
2016 08 24 03 50  44  7.5  8.9  1.26 10.81  4.84 107 1019.5  28.4  29.2  24.0 99.0 99.00
2016 08 24 04 50  37  7.6  9.0  1.31 11.43  4.99 131 1019.2  28.4  29.2  23.8 99.0 99.00
2016 08 24 05 50  27  8.5  9.7  1.34 10.81  4.91 110 1018.9  28.2  29.2  24.2 99.0 99.00
2016 08 24 06 50  26  8.2 10.0  1.41 10.81  5.25 114 1018.7  28.2  29.2  24.4 99.0 99.00
2016 08 24 07 50  24  8.6 10.3  1.51 10.00  5.28 109 1018.3  28.1  29.2  24.5 99.0 99.00
2016 08 24 08 50  28  9.3 10.6  1.41 10.00  5.14 114 1018.3  27.6  29.2  24.8 99.0 99.00
2016 08 24 09 50  28  9.4 11.1  1.61 10.00  5.27 125 1018.7  27.9  29.2  24.8 99.0 99.00
2016 08 24 10 50  26 11.6 13.7  1.61 10.00  5.03 121 1018.7  27.5  29.2  24.4 99.0 99.00
2016 08 24 11 50  29 10.8 12.8  1.73 10.00  5.00 129 1019.2  27.3  29.2  24.7 99.0 99.00
2016 08 24 12 50  42 10.2 12.0  1.94  5.56  5.09  28 1019.3  27.6  29.2  24.4 99.0 99.00
2016 08 24 13 50  48 10.0 11.5  1.84  7.14  5.05  11 1019.6  28.2  29.2  23.6 99.0 99.00
2016 08 24 14 50  42 10.5 12.2  1.88 10.00  5.28 131 1019.6  28.1  29.1  23.0 99.0 99.00
2016 08 24 15 50  39  9.7 11.3  1.79  5.56  5.14  53 1019.4  26.5  29.1  23.8 99.0 99.00
2016 08 24 16 50  48 10.4 12.7  1.89  7.14  5.22 358 1018.7  28.1  29.1  23.2 99.0 99.00
2016 08 24 17 50  47  9.8 11.4  1.93  5.88  5.30  49 1019.0  28.2  29.1  23.3 99.0 99.00
2016 08 24 18 50  45  9.2 11.0  2.06  7.14  5.53  19 1018.6  28.2  29.1  23.6 99.0 99.00
2016 08 24 19 50  42  9.5 11.4  2.08  7.69  5.53  23 1018.1  28.1  29.1  23.3 99.0 99.00
2016 08 24 20 50  32  9.7 11.3  2.05  6.67  5.53  38 1018.0  28.1  29.1  22.8 99.0 99.00
2016 08 24 21 50  37  9.0 10.7  1.97  6.67  5.50  35 1017.9  28.2  29.1  22.5 99.0 99.00
2016 08 24 22 50  39  8.6 10.6  2.05  7.14  5.66  38 1018.2  28.1  29.1  23.2 99.0 99.00
2016 08 24 23 50  68  9.7 11.2  1.90  6.67  5.32  35 1018.1  26.8  29.1  24.2 99.0 99.00
2016 08 25 00 50  46  8.5 10.2  1.78  7.14  5.48  38 1018.3  28.2  29.1  24.5 99.0 99.00
2016 08 25 01 50  49  7.7  9.0  1.58  6.67  4.99  36 1018.3  27.9  29.0  25.0 99.0 99.00
2016 08 25 02 50  39  6.6  8.3  1.74  7.14  5.40  34 1018.1  27.9  29.0  24.7 99.0 99.00
2016 08 25 04 50  48  8.6  9.9  1.52  6.67  5.10  62 1017.0  28.1  29.0  24.0 99.0 99.00
2016 08 25 05 50  45  8.2  9.4  1.43  8.33  5.03 106 1016.3  28.2  29.0  24.2 99.0 99.00
2016 08 25 06 50  47  8.3 10.2  1.52  8.33  5.01  89 1016.2  28.1  29.0  24.5 99.0 99.00
2016 08 25 07 50  41  9.5 10.7  1.55  6.25  5.01  45 1015.9  27.9  29.0  24.4 99.0 99.00
2016 08 25 08 50  49 10.1 11.8  1.56  6.25  4.88  63 1015.7  27.9  29.0  24.3 99.0 99.00
2016 08 25 09 50  46  9.8 11.4  1.63  6.25  4.93  61 1016.1  28.0  28.9  24.2 99.0 99.00
2016 08 25 10 50  53 10.1 11.6  1.70  6.67  4.94  48 1016.3  27.9  28.9  24.5 99.0 99.00
2016 08 25 11 50  69  7.2 10.5  1.66  5.88  4.87  37 1016.7  26.8  28.9  24.8 99.0 99.00
2016 08 25 12 50  46  9.3 10.8  1.68  5.88  5.09  39 1016.7  27.9  28.9  24.8 99.0 99.00
2016 08 25 13 50  53  8.3  9.7  1.54  7.14  4.78  80 1017.0  27.9  28.9  24.8 99.0 99.00
2016 08 25 14 50  55  8.6 10.0  1.51  5.88  4.78  65 1017.0  28.2  28.9  24.6 99.0 99.00
2016 08 25 15 50  54  8.2  9.3  1.47  6.67  4.80  73 1016.5  28.2  29.0  24.7 99.0 99.00
2016 08 25 16 50  66  7.3  8.6  1.33  7.14  4.80 106 1016.3  28.4  29.0  24.8 99.0 99.00
2016 08 25 17 50  60  8.3  9.7  1.35  6.25  4.69  67 1016.5  28.6  29.0  24.4 99.0 99.00
2016 08 25 18 50  68  7.4  8.6  1.17  5.56  4.61  79 1016.1  28.6  29.0  24.1 99.0 99.00
2016 08 25 19 50  70  6.9  8.4  1.29  6.67  4.67  82 1015.7  28.6  29.0  24.0 99.0 99.00
2016 08 25 20 50  71  6.2  7.0  1.22  7.69  4.81 105 1015.4  28.6  29.0  23.8 99.0 99.00
2016 08 25 21 50  64  5.3  6.2  1.24  7.69  5.00 105 1015.6  28.6  29.0  23.9 99.0 99.00
2016 08 25 22 50  51  5.8  6.7  1.14  6.25  5.07  66 1015.6  28.5  29.0  23.9 99.0 99.00
2016 08 25 23 50  47  5.4  6.2  1.26  7.69  5.30 123 1016.1  28.4  29.0  23.9 99.0 99.00
2016 08 26 00 50  55  6.2  7.3  1.17  7.69  5.34 103 1016.6  28.4  29.0  23.5 99.0 99.00
2016 08 26 01 50  47  6.5  7.4  1.29  8.33  5.49 116 1016.4  28.2  28.9  23.7 99.0 99.00
2016 08 26 02 50  49  6.7  7.9  1.35  6.25  5.45  77 1016.1  28.2  28.9  23.7 99.0 99.00
2016 08 26 03 50  46  6.6  8.2  1.28  7.69  5.31 109 1016.0  28.1  28.9  23.6 99.0 99.00
2016 08 26 04 50  48  5.5  6.5  1.30  7.14  5.27 103 1015.9  28.0  28.9  23.0 99.0 99.00
2016 08 26 05 50  49  5.5  6.7  1.29  9.09  5.33 135 1015.3  27.8  28.9  23.1 99.0 99.00
2016 08 26 06 50  50  5.2  6.3  1.26  6.25  5.23  64 1015.2  27.9  28.9  22.7 99.0 99.00
2016 08 26 07 50  36  5.4  6.6  1.33 10.00  5.63 132 1015.1  27.9  28.9  22.2 99.0 99.00
2016 08 26 08 50  31  4.8  5.7  1.29  7.14  5.60 110 1015.3  27.8  28.9  22.4 99.0 99.00
2016 08 26 09 50  25  5.1  6.5  1.19 10.00  5.74 148 1015.8  27.6  28.8  22.6 99.0 99.00
2016 08 26 10 50  25  5.6  6.7  1.19  9.09  5.51 134 1016.3  27.7  28.8  22.4 99.0 99.00
2016 08 26 11 50  22  5.7  6.6  1.22 10.00  5.52 149 1016.6  27.9  28.8  22.0 99.0 99.00
2016 08 26 12 50  16  6.0  7.3  1.32 10.00  5.80 149 1016.7  27.8  28.8  21.8 99.0 99.00
2016 08 26 13 50  11  5.4  6.3  1.26  9.09  5.67 145 1016.8  27.8  28.8  22.1 99.0 99.00
2016 08 26 14 50   3  5.3  6.3  1.25 10.00  5.81 139 1016.8  28.0  28.9  21.0 99.0 99.00
2016 08 26 15 50 352  3.5  4.6  1.18 10.00  5.79 157 1017.0  28.2  29.0  20.6 99.0 99.00
2016 08 26 16 50 328  3.0  3.9  1.27  9.09  6.47 139 1016.7  28.3  29.1  20.2 99.0 99.00
2016 08 26 17 50 328  3.0  4.0  1.20  9.09  6.35 135 1016.1  28.4  29.3  20.2 99.0 99.00
2016 08 26 18 50 321  3.5  4.9  1.18  9.09  6.40 133 1015.4  28.1  29.3  21.5 99.0 99.00
2016 08 26 19 50 318  3.6  4.5  1.10  9.09  6.38 137 1015.2  28.1  29.3  22.4 99.0 99.00
2016 08 26 20 50 334  3.1  4.3  1.10  8.33  6.60 146 1015.2  28.0  29.2  22.0 99.0 99.00
2016 08 26 21 50 325  2.9  4.5  1.21  8.33  6.71 138 1015.3  28.1  29.2  22.1 99.0 99.00
2016 08 26 22 50 342  2.7  4.1  1.21  8.33  6.88 128 1015.4  28.0  29.1  21.8 99.0 99.00
2016 08 26 23 50  21  2.9  3.9  1.14  9.09  6.72 122 1015.8  27.8  29.1  21.6 99.0 99.00
2016 08 27 00 50  51  3.1  4.2  1.19  8.33  6.90 135 1016.1  27.5  29.0  21.1 99.0 99.00
2016 08 27 01 50  32  1.6  2.2  1.09  9.09  6.85 147 1016.4  27.4  29.0  20.2 99.0 99.00
2016 08 27 02 50  81  0.8  1.6  1.13  9.09  6.78 150 1016.1  27.4  28.9  20.0 99.0 99.00
2016 08 27 03 50   2  0.3  0.8  1.21  9.09  7.08 141 1015.8  27.3  28.9  20.5 99.0 99.00
2016 08 27 04 50  40  1.0  1.4  1.16  9.09  6.89 130 1015.3  27.4  28.9  20.4 99.0 99.00
2016 08 27 05 50 356  1.5  2.2  1.07  9.09  6.75 144 1015.0  27.4  28.9  21.3 99.0 99.00
2016 08 27 06 50 344  1.8  2.7  1.07  9.09  6.82 149 1014.7  27.4  28.9  22.2 99.0 99.00
2016 08 27 07 50   3  4.0  4.8  0.97  9.09  6.63 147 1015.0  27.5  28.9  23.2 99.0 99.00
2016 08 27 08 50  13  3.8  4.8  0.93  8.33  6.74 142 1015.3  27.6  28.9  23.7 99.0 99.00
2016 08 27 09 50  11  3.6  4.6  0.97  9.09  6.67 144 1015.8  27.9  28.9  24.2 99.0 99.00
2016 08 27 10 50  42  3.5  4.2  0.95  8.33  6.33 152 1016.1  28.1  28.8  23.5 99.0 99.00
2016 08 27 11 50  12  4.0  4.8  0.95  8.33  6.18 145 1016.1  28.2  28.9  24.1 99.0 99.00
2016 08 27 12 50  50  4.6  7.0  0.89  9.09  5.48 136 1016.3  28.1  28.9  24.0 99.0 99.00
2016 08 27 13 50  29  6.2  7.0  0.97  8.33  5.24 152 1016.4  28.3  28.9  24.0 99.0 99.00
2016 08 27 14 50  26  6.3  7.2  1.02  8.33  5.16 142 1016.5  28.4  28.9  24.2 99.0 99.00
2016 08 27 15 50  34  7.2  8.1  1.09  8.33  4.97 144 1016.2  28.4  28.9  24.2 99.0 99.00
2016 08 27 16 50  30  8.2  9.2  1.12  8.33  4.68 140 1016.0  28.4  28.9  23.8 99.0 99.00
2016 08 27 17 50  44  7.4  9.3  1.23  8.33  4.67 150 1015.6  28.3  28.9  24.5 99.0 99.00
2016 08 27 18 50  56  7.2  8.0  1.21  8.33  4.40 143 1015.3  28.0  28.9  24.6 99.0 99.00
2016 08 27 19 50  51  6.7  7.7  1.16  4.55  4.33  71 1015.1  27.1  28.9  24.1 99.0 99.00
2016 08 27 20 50  40  6.8  7.8  1.17  7.69  4.69 122 1014.7  27.5  28.9  24.9 99.0 99.00
2016 08 27 21 50  23  6.1  7.3  1.14  7.69  4.89 123 1014.3  27.7  28.9  24.4 99.0 99.00
2016 08 27 22 50  19  5.7  6.5  1.20  7.14  5.08 113 1014.4  27.6  28.9  24.6 99.0 99.00
2016 08 27 23 50  17  6.6  8.5  1.17  6.67  5.36 110 1014.6  28.2  28.9  25.1 99.0 99.00
2016 08 28 00 50  25  9.0 10.9  1.27  7.69  5.10 110 1014.9  28.7  28.9  25.0 99.0 99.00
2016 08 28 01 50  28  8.6 10.3  1.34  7.69  4.81 106 1014.8  28.7  28.9  24.8 99.0 99.00
2016 08 28 02 50  24  9.2 10.9  1.47  7.14  5.06 112 1014.8  28.6  28.9  24.6 99.0 99.00
2016 08 28 03 50  29 10.5 13.7  1.54  7.14  5.21 101 1014.4  27.4  28.9  25.0 99.0 99.00
2016 08 28 04 50  16  9.3 10.8  1.77  7.69  5.18 106 1013.7  28.2  28.9  25.2 99.0 99.00
2016 08 28 05 50  12  9.4 11.7  1.95  7.69  5.38 111 1013.0  27.1  28.9  25.1 99.0 99.00
2016 08 28 06 50  13 12.0 16.4  1.99  7.69  5.36  97 1012.1  27.9  28.9  25.7 99.0 99.00
2016 08 28 07 50  19 12.1 14.8  2.02  7.69  5.51  97 1011.0  28.4  28.8  26.1 99.0 99.00
2016 08 28 08 50  20 12.9 16.0  2.09  7.69  5.50  92 1010.6  27.5  28.8  26.5 99.0 99.00
2016 08 28 09 50  48 11.8 14.9  2.42  6.25  5.54  72 1009.7  28.5  28.9  26.3 99.0 99.00
2016 08 28 10 50  65 11.3 14.4  2.24  7.69  5.56  94 1010.1  27.7  28.8  26.7 99.0 99.00
2016 08 28 11 50  94 11.4 14.0  2.44  7.69  5.58  84 1010.7  27.8  28.8  26.7 99.0 99.00
2016 08 28 12 50 110  8.3  9.8  2.24  6.67  5.72  86 1011.3  28.0  28.8  26.5 99.0 99.00
2016 08 28 13 50 119  8.5 10.9  2.13  5.88  5.70  70 1012.2  28.4  28.8  26.4 99.0 99.00
2016 08 28 14 50 125 11.2 13.6  2.05  7.69  5.65  84 1013.1  28.1  28.8  25.7 99.0 99.00
2016 08 28 15 50 132 11.5 13.7  2.06 13.79  5.59 121 1013.0  28.0  28.9  25.7 99.0 99.00
2016 08 28 16 50 143 11.5 13.6  2.00 13.79  5.39 119 1013.3  28.5  28.8  25.5 99.0 99.00
2016 08 28 17 50 147 10.2 12.4  1.94 12.90  5.33 118 1013.5  28.7  28.9  25.2 99.0 99.00
2016 08 28 18 50 157 10.2 12.5  2.18  5.88  5.58 159 1013.4  28.6  28.9  25.8 99.0 99.00
2016 08 28 19 50 160  9.5 11.5  1.88 12.90  5.38  94 1013.6  28.7  28.9  25.0 99.0 99.00
2016 08 28 20 50 154  9.3 11.1  1.96 13.79  6.02 119 1013.8  28.8  28.9  25.2 99.0 99.00
2016 08 28 21 50 185  9.7 11.5  1.71 12.90  5.63 101 1014.1  27.6  28.9  25.3 99.0 99.00
2016 08 28 22 50 173  4.4  5.9  1.79 12.90  6.02 103 1014.5  27.7  28.8  25.6 99.0 99.00
2016 08 28 23 50 161  8.0  9.6  1.56 12.90  5.63 103 1014.9  29.0  28.8  25.0 99.0 99.00
2016 08 29 00 50 155  7.7  9.6  1.72 12.12  5.74  93 1015.9  29.0  28.7  24.8 99.0 99.00
2016 08 29 01 50 154  7.2  8.7  1.78 12.12  6.14 106 1016.5  29.0  28.7  24.7 99.0 99.00
2016 08 29 02 50 153  7.2  8.8  1.64 12.12  5.70 101 1016.5  28.8  28.7  24.9 99.0 99.00
2016 08 29 03 50 152  6.9  7.9  1.57 12.12  5.69 117 1016.6  28.7  28.7  25.0 99.0 99.00
2016 08 29 04 50 156  6.5  7.8  1.55 12.12  5.70 116 1016.2  28.8  28.6  25.0 99.0 99.00
2016 08 29 05 50 138  6.6  8.0  1.48 12.12  5.58  79 1015.9  28.6  28.6  25.6 99.0 99.00
2016 08 29 06 50 146  6.3  7.7  1.57 11.43  5.81  97 1015.8  28.6  28.6  25.0 99.0 99.00
2016 08 29 07 50 148  6.0  7.0  1.42 12.12  5.60 100 1015.7  28.6  28.6  24.7 99.0 99.00
2016 08 29 08 50 150  5.0  6.0  1.48 12.12  6.04 107 1016.1  28.5  28.6  24.9 99.0 99.00
2016 08 29 09 50 144  4.8  5.5  1.46 12.12  6.11  94 1016.5  28.5  28.6  24.8 99.0 99.00
2016 08 29 10 50 135  4.6  5.5  1.54 12.12  6.39  93 1017.0  28.5  28.5  24.9 99.0 99.00
2016 08 29 11 50 138  4.3  5.4  1.35 12.12  6.33  92 1017.4  28.6  28.6  24.8 99.0 99.00
2016 08 29 12 50 146  5.2  6.5  1.39 12.90  6.15  78 1017.5  28.7  28.6  24.3 99.0 99.00
2016 08 29 13 50 143  5.0  5.9  1.54 12.12  6.72  88 1017.7  28.6  28.6  24.9 99.0 99.00
2016 08 29 14 50 152  4.9  5.7  1.63 12.12  7.08  83 1018.0  28.8  28.7  24.3 99.0 99.00
2016 08 29 15 50 144  5.1  5.9  1.67 12.12  7.18  80 1017.8  28.7  28.8  24.7 99.0 99.00
2016 08 29 16 50 159  4.9  5.8  1.54 12.90  6.90  77 1017.5  28.7  28.9  24.9 99.0 99.00
2016 08 29 17 50 174  4.6  5.6  1.52 11.43  7.30  82 1017.3  28.8  29.0  24.2 99.0 99.00
2016 08 29 18 50 166  4.5  5.5  1.43 11.43  7.04 100 1016.8  28.9  29.0  24.1 99.0 99.00
2016 08 29 19 50 173  3.9  4.8  1.50 12.90  7.62 149 1016.5  28.9  29.1  24.1 99.0 99.00
2016 08 29 20 50 168  3.7  4.6  1.50 12.90  7.96  82 1016.4  28.8  29.1  24.4 99.0 99.00
2016 08 29 21 50 198  2.8  3.3  1.63 12.90  8.16  79 1016.3  29.1  29.0  23.5 99.0 99.00
2016 08 29 22 50 202  2.1  2.8  1.51 12.12  8.21  89 1016.5  28.9  28.9  23.6 99.0 99.00
2016 08 29 23 50 200  0.6  1.2  1.52 12.12  8.03  77 1016.9  28.6  28.9  24.2 99.0 99.00
2016 08 30 00 50 268  1.3  2.2  1.43 12.12  7.63  68 1017.7  28.5  28.9  24.1 99.0 99.00
2016 08 30 01 50  60  1.5  2.3  1.57 11.43  8.08  98 1018.0  28.2  28.8  24.5 99.0 99.00
2016 08 30 02 50 108  1.8  2.7  1.43 11.43  7.81  80 1017.9  28.4  28.8  24.2 99.0 99.00
2016 08 30 03 50 113  2.6  3.4  1.57 12.12  8.02  91 1017.5  28.2  28.8  24.4 99.0 99.00
2016 08 30 04 50 130  2.3  3.1  1.52 12.12  7.88  94 1017.2  28.2  28.7  24.2 99.0 99.00
2016 08 30 05 50 121  2.5  3.4  1.36 11.43  7.25  97 1016.8  28.1  28.7  24.7 99.0 99.00
2016 08 30 06 50 136  2.6  3.5  1.36 12.12  7.35  93 1016.6  28.1  28.7  24.7 99.0 99.00
2016 08 30 07 50 141  2.3  2.8  1.45 12.12  7.79  73 1016.3  28.1  28.7  24.9 99.0 99.00
2016 08 30 08 50 155  3.5  5.0  1.30 11.43  7.06  86 1016.2  28.2  28.7  24.8 99.0 99.00
2016 08 30 09 50 163  3.4  4.1  1.43 11.43  7.65  86 1016.3  28.1  28.7  24.4 99.0 99.00
2016 08 30 10 50 149  3.7  4.4  1.42 12.12  7.40  81 1016.6  28.3  28.6  24.0 99.0 99.00
2016 08 30 11 50 138  2.6  3.4  1.26 10.00  7.07  91 1017.4  28.4  28.6  24.4 99.0 99.00
2016 08 30 12 50 191  1.1  1.5  1.40 11.43  7.38  89 1018.0  28.5  28.7  24.6 99.0 99.00
2016 08 30 13 50 155  2.4  3.1  1.43 11.43  7.40  83 1018.3  28.5  28.8  25.0 99.0 99.00
2016 08 30 14 50 173  3.5  4.2  1.45 11.43  7.65  78 1018.6  28.0  28.9  24.9 99.0 99.00
2016 08 30 15 50 156  1.8  2.5  1.37 10.81  7.34  81 1018.2  28.4  29.2  24.8 99.0 99.00
2016 08 30 16 50 160  2.0  2.8  1.39 10.81  7.59  76 1018.1  28.7  29.6  24.7 99.0 99.00
2016 08 30 17 50 112  3.7  4.6  1.34 10.81  7.52  66 1017.9  28.3  29.6  25.1 99.0 99.00
2016 08 30 18 50 160  4.8  5.8  1.40 11.43  7.55  64 1017.1  27.2  29.2  25.1 99.0 99.00
2016 08 30 19 50 179  1.8  2.6  1.34 10.81  7.49  67 1016.7  27.7  29.2  23.2 99.0 99.00
2016 08 30 20 50 115  1.0  1.7  1.40 11.43  8.03  77 1016.7  28.0  29.3  23.8 99.0 99.00
2016 08 30 21 50 123  2.0  2.7  1.18 10.81  7.89  78 1016.3  28.2  29.2  24.3 99.0 99.00
2016 08 30 22 50 148  2.8  3.6  1.19 10.00  7.83  90 1016.1  28.2  29.1  25.0 99.0 99.00
2016 08 30 23 50 149  3.9  4.6  1.21 10.81  7.80  80 1016.5  28.3  29.0  25.3 99.0 99.00
2016 08 31 00 50 172  5.0  5.7  1.16 10.81  7.74  75 1017.1  28.7  29.0  24.5 99.0 99.00
2016 08 31 01 50 166  4.6  5.5  1.23 11.43  7.52  80 1017.5  28.6  28.9  25.2 99.0 99.00
2016 08 31 02 50 176  5.5  7.3  1.27 10.81  7.54  83 1017.3  28.5  28.9  25.5 99.0 99.00
2016 08 31 03 50 168  5.1  6.1  1.29  9.09  7.34  85 1017.3  28.6  28.9  25.2 99.0 99.00
2016 08 31 04 50 187  4.5  5.4  1.17 10.81  6.66  80 1017.0  28.6  28.8  25.3 99.0 99.00
2016 08 31 05 50 182  4.3  5.2  1.23 10.81  6.62  83 1016.7  28.6  28.8  24.8 99.0 99.00
2016 08 31 06 50 194  3.6  4.7  1.15 10.81  6.68  84 1016.6  28.4  28.8  25.2 99.0 99.00
2016 08 31 07 50 210  2.6  3.3  1.29 11.43  6.94  87 1016.6  27.5  28.8  24.1 99.0 99.00
2016 08 31 08 50 179  3.8  4.4  1.23 10.81  6.73  91 1016.3  28.3  28.7  25.2 99.0 99.00
2016 08 31 09 50 193  2.8  3.8  1.35 10.81  6.68  92 1016.6  27.3  28.7  23.8 99.0 99.00
2016 08 31 10 50 165  3.7  5.0  1.29 10.81  6.94  95 1017.0  27.6  28.7  24.3 99.0 99.00
2016 08 31 11 50 146  1.8  2.4  1.17 10.00  6.55  82 1017.2  28.0  28.7  23.8 99.0 99.00
2016 08 31 12 50 176  2.8  3.4  1.17 10.00  6.77  89 1017.3  28.1  28.7  24.7 99.0 99.00
2016 08 31 13 50 157  3.8  4.4  1.04 10.00  6.73  75 1017.3  28.1  28.8  24.7 99.0 99.00
2016 08 31 14 50 164  4.0  4.8  1.05  9.09  6.55  91 1017.2  28.3  28.9  25.2 99.0 99.00
2016 08 31 15 50 181  4.3  5.3  0.92 10.00  6.07  91 1017.1  28.3  29.0  24.7 99.0 99.00
2016 08 31 16 50 184  4.6  5.4  0.97 10.00  6.31  82 1016.8  28.4  29.0  24.9 99.0 99.00
2016 08 31 17 50 193  4.3  5.0  0.92 10.00  6.05  57 1016.4  28.6  29.1  25.1 99.0 99.00
2016 08 31 18 50 196  4.1  5.0  0.85 10.00  5.96  79 1016.0  28.7  29.1  24.6 99.0 99.00
2016 08 31 19 50 191  4.0  4.9  0.85  8.33  5.85  93 1015.5  28.7  29.1  25.3 99.0 99.00
2016 08 31 20 50 191  4.6  5.4  0.82 10.00  5.85  74 1015.5  28.8  29.1  24.9 99.0 99.00
2016 08 31 21 50 193  5.4 10.2  0.85 10.00  5.63  67 1015.7  28.2  29.1  24.6 99.0 99.00
2016 08 31 22 50 196  4.8  5.7  0.82  8.33  5.61 112 1015.8  28.7  29.0  25.3 99.0 99.00
