#YY  MM DD hh mm WDIR WSPD GST  WVHT   DPD   APD MWD   PRES  ATMP  WTMP  DEWP  VIS  TIDE
#yr  mo dy hr mn degT m/s  m/s     m   sec   sec deg    hPa  degC  degC  degC  nmi    ft
2016 08 31 23 50 196  4.6  5.6  0.78  9.09  5.40  79 1015.9  28.7  29.0  25.2 99.0 99.00
2016 09 01 00 50 191  4.5  5.9  0.77  8.33  5.47  95 1016.2  28.7  29.0  25.4 99.0 99.00
2016 09 01 01 50 163  4.4  5.1  0.76  9.09  5.41  91 1016.3  28.3  29.0  25.8 99.0 99.00
2016 09 01 02 50 175  4.1  4.9  0.73  8.33  4.93  88 1016.2  28.4  29.0  25.9 99.0 99.00
2016 09 01 03 50 191  5.1  5.8  0.75 10.00  5.34  94 1015.9  28.7  29.0  24.9 99.0 99.00
2016 09 01 04 50 201  5.4  6.6  0.74  9.09  5.08  75 1015.8  28.6  29.0  25.4 99.0 99.00
2016 09 01 05 50 201  5.1  6.3  0.82  9.09  5.12  77 1015.5  28.6  28.9  25.4 99.0 99.00
2016 09 01 06 50 206  5.8  7.2  0.79  8.33  4.78  97 1015.3  28.6  29.0  25.2 99.0 99.00
2016 09 01 07 50 212  5.0  6.4  0.92  5.56  5.09 330 1015.0  28.5  28.9  25.3 99.0 99.00
2016 09 01 08 50 211  5.5  6.3  0.91 10.00  4.93  75 1014.8  28.4  28.9  25.3 99.0 99.00
2016 09 01 09 50 219  6.0  7.0  0.87 10.00  4.93  69 1015.0  28.6  28.9  25.0 99.0 99.00
2016 09 01 10 50 210  5.1  6.0  0.94 10.00  5.15  75 1015.2  28.4  28.9  25.5 99.0 99.00
2016 09 01 11 50 201  6.4  8.0  0.92 10.00  5.11  64 1015.3  28.6  28.9  25.8 99.0 99.00
2016 09 01 12 50 201  6.4  7.6  0.98 10.00  5.33  86 1015.4  28.8  28.9  25.0 99.0 99.00
2016 09 01 13 50 217  7.2  8.5  0.85 10.00  4.80 106 1015.5  28.8  28.9  25.2 99.0 99.00
2016 09 01 14 50 212  6.3  7.9  0.98 10.00  5.06  69 1015.7  28.7  29.0  25.9 99.0 99.00
2016 09 01 15 50 221 12.9 15.7  0.96  9.09  4.88  54 1015.4  27.8  29.0  25.1 99.0 99.00
2016 09 01 16 50 232  7.7  9.3  1.15  4.55  4.51 236 1014.9  27.3  29.0  24.4 99.0 99.00
2016 09 01 17 50 210  7.1  8.5  1.13  5.00  4.73 245 1014.5  27.8  29.0  24.4 99.0 99.00
2016 09 01 18 50 213  8.2  9.8  1.14 10.00  5.08 351 1014.3  28.0  29.0  25.0 99.0 99.00
2016 09 01 19 50 215  9.2 10.7  1.24  5.26  4.92 280 1014.4  28.3  29.0  25.4 99.0 99.00
2016 09 01 20 50 214  8.5 10.5  1.33  5.00  4.86 256 1013.8  28.7  29.0  25.4 99.0 99.00
2016 09 01 21 50 223  9.1 11.9  1.38  5.26  4.90 256 1013.9  28.5  28.9  25.4 99.0 99.00
2016 09 01 22 50 243 10.1 11.8  1.67  6.25  5.20 267 1014.2  28.8  28.9  23.6 99.0 99.00
2016 09 01 23 50 233 10.5 13.6  1.63  6.25  5.21 278 1014.3  29.0  28.8  24.0 99.0 99.00
2016 09 02 00 50 224 11.0 13.4  1.91  6.67  5.40 274 1014.8  29.1  28.8  25.2 99.0 99.00
2016 09 02 01 50 234 11.5 14.4  2.33  7.14  5.72 283 1015.3  26.4  28.7  24.5 99.0 99.00
2016 09 02 02 50 230 13.4 16.5  2.72  7.69  6.16 286 1015.4  27.5  28.7  24.7 99.0 99.00
2016 09 02 03 50 232 10.4 12.4  3.10  7.69  6.68 279 1015.4  28.0  28.6  25.3 99.0 99.00
2016 09 02 04 50 222  8.8 10.3  3.17  9.09  6.78 288 1015.3  28.0  28.6  24.6 99.0 99.00
2016 09 02 05 50 243 10.2 12.9  3.76 10.81  7.48 303 1014.9  29.0  28.6  26.5 99.0 99.00
2016 09 02 06 50 256 11.9 14.8  3.89 10.00  7.43 302 1014.4  29.1  28.6  25.1 99.0 99.00
2016 09 02 07 50 257 10.4 14.2  3.51 10.81  7.34 295 1014.7  29.1  28.5  25.6 99.0 99.00
2016 09 02 08 50 259  9.6 12.0  3.42 10.00  7.41 295 1014.9  29.0  28.5  25.8 99.0 99.00
2016 09 02 09 50 311 12.6 15.3  3.47 10.00  7.28 292 1016.2  25.6  28.5  24.5 99.0 99.00
2016 09 02 10 50 272  8.2  9.8  3.06 10.00  6.66 279 1016.7  27.4  28.5  24.4 99.0 99.00
2016 09 02 11 50 287  6.3  8.1  2.83 10.00  6.69 288 1017.1  28.0  28.5  24.6 99.0 99.00
2016 09 02 12 50 282  4.7  6.1  2.61 10.00  6.73 274 1017.7  28.3  28.6  25.1 99.0 99.00
2016 09 02 13 50 253  3.7  4.9  2.22  7.14  6.57 272 1017.9  28.5  28.6  26.0 99.0 99.00
2016 09 02 14 50 250  5.0  6.1  1.99  8.33  6.44 285 1018.0  29.0  28.6  25.7 99.0 99.00
2016 09 02 15 50 235  5.2  6.6  1.91  8.33  6.58 273 1018.3  29.0  28.7  26.7 99.0 99.00
2016 09 02 16 50 236  5.5  6.4  1.78  9.09  6.38 284 1018.1  29.0  28.8  26.7 99.0 99.00
2016 09 02 17 50 227  5.5  7.0  1.78  9.09  6.24 276 1017.9  29.1  28.9  26.7 99.0 99.00
2016 09 02 18 50 251  8.7 10.6  1.58  8.33  6.07 280 1017.6  28.5  28.9  25.2 99.0 99.00
2016 09 02 19 50 214  4.2  5.1  1.75  8.33  6.17 280 1017.5  28.2  28.8  25.5 99.0 99.00
2016 09 02 20 50 218  3.5  4.2  1.72  8.33  6.18 274 1017.6  29.0  28.9  24.8 99.0 99.00
2016 09 02 21 50 212  4.3  5.3  1.63  7.69  6.07 280 1017.8  28.9  28.9  26.3 99.0 99.00
2016 09 02 22 50 222  4.4  5.5  1.63  7.69  6.00 283 1017.7  29.0  28.8  27.0 99.0 99.00
2016 09 02 23 50 218  3.9  4.7  1.62  8.33  6.03 292 1018.2  29.0  28.8  27.4 99.0 99.00
2016 09 03 00 50 210  4.8  5.6  1.55  7.69  5.85 286 1018.5  29.0  28.8  27.2 99.0 99.00
2016 09 03 01 50 202  5.2  6.3  1.47  7.69  5.84 295 1018.7  28.9  28.8  26.2 99.0 99.00
2016 09 03 02 50 205  4.5  5.6  1.50  7.14  5.62 284 1018.8  28.9  28.8  27.3 99.0 99.00
2016 09 03 03 50 213  4.2  5.0  1.46  7.14  5.66 292 1018.8  28.9  28.7  27.2 99.0 99.00
2016 09 03 04 50 201  4.1  5.1  1.42  7.14  5.57 278 1018.3  28.9  28.7  27.1 99.0 99.00
2016 09 03 05 50 196  5.4  6.6  1.40  6.67  5.67 282 1017.8  28.8  28.7  27.1 99.0 99.00
2016 09 03 06 50 211  5.5  6.5  1.44  6.67  5.60 281 1017.9  28.8  28.7  27.0 99.0 99.00
2016 09 03 07 50 207  5.9  6.9  1.34  7.14  5.57 282 1017.3  28.8  28.7  26.7 99.0 99.00
2016 09 03 08 50 195  5.9  7.3  1.34  6.67  5.49 287 1017.1  28.8  28.7  26.5 99.0 99.00
2016 09 03 09 50 200  5.8  6.9  1.26  7.14  5.45 282 1017.4  28.7  28.7  26.2 99.0 99.00
2016 09 03 10 50 202  6.3  7.0  1.18  6.67  5.49 281 1017.9  28.8  28.7  26.2 99.0 99.00
2016 09 03 11 50 196  6.3  7.4  1.14  7.14  5.38 241 1018.0  28.8  28.7  26.3 99.0 99.00
2016 09 03 12 50 190  5.7  6.6  1.18  6.67  5.72 253 1018.3  28.9  28.7  26.3 99.0 99.00
2016 09 03 13 50 196  6.6  7.5  1.14  6.67  5.56 245 1018.3  29.0  28.7  25.9 99.0 99.00
2016 09 03 14 50 211  6.9  8.6  1.13  5.88  5.39 238 1018.5  29.1  28.7  26.0 99.0 99.00
2016 09 03 15 50 205  7.1  8.4  1.20  6.67  5.25 239 1018.1  29.1  28.8  25.5 99.0 99.00
2016 09 03 16 50 198  7.3  8.5  1.21  6.67  5.27 253 1017.8  29.2  28.8  25.7 99.0 99.00
2016 09 03 17 50 208  8.3 10.0  1.28  6.67  5.38 256 1017.5  29.2  28.8  25.8 99.0 99.00
2016 09 03 18 50 208  8.3 10.0  1.34  6.67  5.30 253 1016.8  29.2  28.8  25.8 99.0 99.00
2016 09 03 19 50 206  8.6 10.9  1.56  6.67  5.70 262 1016.4  29.3  28.8  26.0 99.0 99.00
2016 09 03 20 50 218  9.0 10.9  2.27 12.12  6.92 299 1016.5  29.4  28.8  25.4 99.0 99.00
2016 09 03 21 50 218  9.4 11.6  2.78 12.90  7.54 294 1016.4  29.3  28.8  25.6 99.0 99.00
2016 09 03 22 50 215  9.4 11.3  3.31 12.12  8.09 298 1016.4  29.2  28.8  26.0 99.0 99.00
2016 09 03 23 50 216  9.8 12.2  4.00 11.43  8.16 301 1016.7  29.2  28.8  25.7 99.0 99.00
2016 09 04 00 50 220  9.4 12.0  4.33 12.12  8.46 297 1017.2  29.2  28.8  25.7 99.0 99.00
2016 09 04 01 50 216  9.4 11.7  4.00 11.43  7.97 302 1017.2  29.2  28.8  25.7 99.0 99.00
2016 09 04 02 50 216  9.5 11.4  4.05 11.43  8.05 298 1016.8  29.1  28.8  25.6 99.0 99.00
2016 09 04 03 50 218  9.3 10.9  3.67  9.09  7.55 287 1016.8  29.0  28.7  25.9 99.0 99.00
2016 09 04 04 50 222 10.3 12.2  3.76 11.43  7.77 293 1016.7  29.1  28.7  25.3 99.0 99.00
2016 09 04 05 50 222 10.6 13.1  3.65 11.43  7.67 304 1016.2  29.1  28.7  25.3 99.0 99.00
2016 09 04 06 50 221  9.9 12.5  3.10 11.43  7.11 305 1016.1  29.0  28.7  25.7 99.0 99.00
2016 09 04 07 50 220  9.7 11.4  3.19 10.81  7.05 296 1016.2  28.9  28.7  25.9 99.0 99.00
2016 09 04 08 50 227  9.8 12.1  2.85 10.00  6.75 305 1016.1  29.0  28.7  25.7 99.0 99.00
2016 09 04 09 50 253  9.1 11.3  2.65 11.43  6.68 301 1016.6  27.8  28.7  23.6 99.0 99.00
2016 09 04 10 50 261  7.5 10.8  2.70 11.43  6.91 285 1016.7  27.9  28.6  25.8 99.0 99.00
2016 09 04 11 50 244  9.6 11.7  2.69 11.43  7.20 324 1016.8  28.4  28.6  23.5 99.0 99.00
2016 09 04 12 50 247  9.0 10.6  2.63 11.43  6.88 301 1017.0  28.5  28.6  24.9 99.0 99.00
2016 09 04 13 50 251  8.3 10.0  2.53 10.81  7.04 315 1017.5  28.6  28.6  25.5 99.0 99.00
2016 09 04 14 50 241 10.1 12.6  2.56 10.81  6.95 312 1017.4  27.8  28.6  24.5 99.0 99.00
2016 09 04 15 50 244  8.6 10.4  2.66 10.81  7.18 328 1017.3  28.3  28.6  23.9 99.0 99.00
2016 09 04 16 50 253  8.3  9.8  2.66 10.00  7.60 315 1016.9  28.5  28.6  23.9 99.0 99.00
2016 09 04 17 50 271  6.5  8.7  2.37 10.81  6.91 313 1016.7  27.2  28.6  24.8 99.0 99.00
2016 09 04 18 50 271  8.3  9.8  2.47 10.00  7.03 324 1015.9  28.3  28.6  23.7 99.0 99.00
2016 09 04 19 50 279  7.6  9.3  2.51 10.00  6.95 330 1015.6  28.3  28.6  23.4 99.0 99.00
2016 09 04 20 50 273  7.1  8.7  2.40  7.14  6.61 289 1015.5  28.3  28.6  23.5 99.0 99.00
2016 09 04 21 50 278  7.6  9.4  2.25 10.00  6.78 322 1015.5  28.2  28.6  23.2 99.0 99.00
2016 09 04 22 50 278  7.1  8.6  2.36  7.14  6.66 297 1015.6  28.0  28.6  23.0 99.0 99.00
2016 09 04 23 50 265  6.5  7.7  2.39  7.14  6.88 305 1016.0  28.0  28.6  23.2 99.0 99.00
2016 09 05 00 50 274  6.1  7.8  2.36 10.81  6.76 337 1016.3  27.9  28.6  23.0 99.0 99.00
2016 09 05 01 50 259  6.6  7.6  2.54  7.14  6.80 313 1016.5  28.0  28.6  22.6 99.0 99.00
2016 09 05 02 50 251  6.2  7.6  2.32 10.00  6.72 345 1016.5  27.9  28.5  22.6 99.0 99.00
2016 09 05 03 50 247  5.9  7.1  2.45 10.00  6.75 342 1016.5  27.9  28.5  23.1 99.0 99.00
2016 09 05 04 50 246  5.7  6.6  2.16 10.00  6.64 339 1016.3  27.8  28.5  23.0 99.0 99.00
2016 09 05 05 50 243  5.9  8.2  2.27 10.81  7.02 346 1016.1  27.8  28.5  22.8 99.0 99.00
2016 09 05 06 50 238  6.1  7.4  2.12 10.00  6.69 352 1015.9  27.8  28.5  23.0 99.0 99.00
2016 09 05 07 50 239  6.1  7.5  2.06  8.33  6.74 341 1015.9  27.9  28.5  22.3 99.0 99.00
2016 09 05 08 50 235  5.4  6.7  2.09  9.09  6.83 360 1015.9  27.9  28.5  22.3 99.0 99.00
2016 09 05 09 50 238  5.4  6.5  2.05 16.00  7.19  16 1015.9  27.9  28.4  22.1 99.0 99.00
2016 09 05 10 50 239  5.5  6.8  2.15 14.81  7.67  16 1016.2  28.0  28.4  22.8 99.0 99.00
2016 09 05 11 50 226  5.0  7.0  2.20 13.79  8.08  28 1016.2  27.1  28.4  23.3 99.0 99.00
2016 09 05 12 50 283  7.5  8.5  2.64 12.90  8.56  12 1016.7  26.0  28.4  22.3 99.0 99.00
2016 09 05 13 50 288  5.9  7.6  2.66 12.12  7.94  14 1017.2  25.0  28.4  23.1 99.0 99.00
2016 09 05 14 50 274  3.8  4.6  2.94 12.12  9.15  11 1017.1  25.0  28.4  23.0 99.0 99.00
2016 09 05 15 50 244  4.9  6.2  2.57 14.81  8.76  15 1017.1  25.3  28.5  23.0 99.0 99.00
2016 09 05 16 50 229  5.6  6.9  2.66 13.79  8.94  15 1017.1  25.8  28.4  23.7 99.0 99.00
2016 09 05 17 50 233  6.0  7.4  2.31 13.79  8.58  14 1016.6  26.3  28.4  23.4 99.0 99.00
2016 09 05 18 50 237  5.3  6.7  2.19 12.90  8.21  14 1016.4  26.8  28.5  22.1 99.0 99.00
2016 09 05 19 50 257  5.6  7.5  2.22 12.90  7.89  13 1016.1  26.9  28.5  22.4 99.0 99.00
2016 09 05 20 50 242  4.8  6.2  2.05 12.90  7.98   2 1016.4  27.0  28.5  22.5 99.0 99.00
2016 09 05 21 50 232  4.9  6.5  2.00 12.90  7.79  10 1016.6  27.3  28.5  22.8 99.0 99.00
2016 09 05 22 50 243  5.2  6.6  1.81 11.43  7.51  21 1016.4  27.4  28.5  23.0 99.0 99.00
2016 09 05 23 50 245  2.6  3.5  2.03 12.12  7.68  18 1016.9  27.3  28.5  22.5 99.0 99.00
2016 09 06 00 50 293  4.0  5.1  1.72 10.81  6.99  13 1017.3  27.5  28.5  22.1 99.0 99.00
2016 09 06 01 50 276  3.9  5.4  1.81 12.12  7.36  24 1017.7  27.5  28.4  21.9 99.0 99.00
2016 09 06 02 50 282  3.0  3.9  1.79 10.00  7.19   6 1017.9  27.5  28.4  21.5 99.0 99.00
2016 09 06 03 50 280  3.1  4.3  1.73 11.43  7.36  12 1018.2  27.4  28.4  21.1 99.0 99.00
2016 09 06 04 50 278  2.6  3.6  1.84 10.81  7.68   9 1018.3  27.3  28.4  21.4 99.0 99.00
2016 09 06 05 50 251  1.6  2.7  2.01 10.81  8.02  12 1018.1  27.3  28.4  21.2 99.0 99.00
2016 09 06 06 50 157  5.9  7.6  1.74 10.00  7.47   5 1017.9  25.8  28.4  23.0 99.0 99.00
2016 09 06 07 50 151  3.5  4.7  1.98 10.81  7.66 359 1018.4  24.8  28.4  22.1 99.0 99.00
2016 09 06 08 50 171  3.2  4.8  1.76 10.81  7.57  26 1018.4  25.9  28.4  22.2 99.0 99.00
2016 09 06 09 50 198  2.9  3.9  1.76 10.00  7.30  25 1018.8  26.4  28.4  22.4 99.0 99.00
2016 09 06 10 50 283  3.5  4.6  1.64 10.81  7.22   3 1019.3  25.9  28.4  21.5 99.0 99.00
2016 09 06 11 50 268  2.5  3.2  1.70  7.69  7.23  39 1019.8  26.2  28.4  21.8 99.0 99.00
2016 09 06 12 50 356  1.0  1.8  1.55  9.09  6.87   8 1020.2  26.7  28.4  22.0 99.0 99.00
2016 09 06 13 50 143  1.2  2.3  1.60 10.81  6.98  11 1020.6  25.9  28.3  22.4 99.0 99.00
2016 09 06 14 50 138  1.9  2.7  1.73 10.00  7.33   3 1020.8  25.9  28.5  22.5 99.0 99.00
2016 09 06 15 50  47  0.6  1.4  1.61  8.33  7.06  24 1020.5  26.8  29.2  22.1 99.0 99.00
2016 09 06 16 50   1  2.1  3.3  1.52 10.81  7.00  14 1020.6  27.1  29.0  20.9 99.0 99.00
2016 09 06 17 50  74  2.8  3.4  1.67  9.09  7.25 354 1020.2  26.7  29.3  22.6 99.0 99.00
2016 09 06 18 50 108  4.3  5.4  1.67 10.00  7.42   6 1020.1  26.5  29.2  22.3 99.0 99.00
2016 09 06 19 50 144  2.3  3.4  1.70 11.43  7.55   8 1020.1  26.0  28.8  22.5 99.0 99.00
2016 09 06 20 50 117  0.3  1.4  1.86 11.43  8.08   1 1020.2  27.0  28.9  21.8 99.0 99.00
2016 09 06 21 50  16  0.6  1.8  1.80 11.43  7.93  10 1020.3  26.9  28.9  21.5 99.0 99.00
2016 09 06 22 50  36  1.7  2.4  1.70 10.00  7.65   2 1020.6  26.9  28.7  21.4 99.0 99.00
2016 09 06 23 50  32  2.1  2.9  1.86 11.43  8.09   2 1021.0  26.9  28.7  21.6 99.0 99.00
2016 09 07 00 50  53  3.0  3.6  1.69  9.09  7.70  15 1021.1  27.1  28.7  21.1 99.0 99.00
2016 09 07 01 50  56  2.2  3.0  1.58 11.43  7.74   8 1021.3  27.1  28.6  21.2 99.0 99.00
2016 09 07 02 50  74  1.7  2.4  1.46 11.43  7.81  15 1021.6  27.1  28.6  20.8 99.0 99.00
2016 09 07 03 50  51  1.6  2.4  1.48 10.81  7.56   9 1021.6  26.9  28.5  21.4 99.0 99.00
2016 09 07 04 50  76  1.0  1.6  1.42 10.81  7.58  23 1021.4  26.9  28.5  21.3 99.0 99.00
2016 09 07 05 50 114  0.5  1.5  1.38 10.00  7.60  21 1020.9  26.8  28.4  21.0 99.0 99.00
2016 09 07 06 50 164  0.8  1.9  1.50 10.00  7.64  12 1020.8  26.7  28.4  21.1 99.0 99.00
2016 09 07 07 50 131  0.1  0.6  1.38 10.81  7.59 354 1020.6  26.6  28.4  21.0 99.0 99.00
2016 09 07 08 50 320  1.3  2.2  1.39  8.33  7.23  75 1020.6  26.8  28.5  21.0 99.0 99.00
2016 09 07 09 50 295  1.5  2.2  1.42 10.81  7.42 359 1021.1  26.8  28.5  20.8 99.0 99.00
2016 09 07 10 50 333  2.2  3.2  1.34 10.00  7.21  32 1021.5  26.8  28.5  21.7 99.0 99.00
2016 09 07 11 50 355  2.5  3.4  1.32 10.00  7.18  74 1021.7  26.9  28.6  21.9 99.0 99.00
2016 09 07 12 50  22  2.5  3.3  1.20  9.09  6.92  77 1022.1  26.9  28.6  21.7 99.0 99.00
2016 09 07 13 50  20  2.5  3.5  1.19  9.09  6.92  79 1022.4  26.9  28.7  21.8 99.0 99.00
2016 09 07 14 50  10  2.7  3.6  1.14  9.09  6.92  33 1022.6  27.0  28.8  21.9 99.0 99.00
2016 09 07 15 50  39  2.7  4.0  1.19  9.09  7.05  77 1022.4  27.0  29.0  21.8 99.0 99.00
2016 09 07 16 50  62  2.4  3.3  1.18  9.09  6.91  35 1022.0  27.1  29.2  21.7 99.0 99.00
2016 09 07 17 50  29  1.9  3.4  1.18  9.09  6.97  98 1021.7  27.3  29.3  21.9 99.0 99.00
2016 09 07 18 50  42  2.0  3.1  1.15 10.00  7.03  13 1021.4  27.5  29.5  22.2 99.0 99.00
2016 09 07 19 50  56  1.2  1.9  1.19 10.00  7.02   4 1021.4  27.8  29.6  21.4 99.0 99.00
2016 09 07 20 50  52  0.4  1.2  1.09 10.00  6.62 356 1021.4  28.0  29.6  21.1 99.0 99.00
2016 09 07 21 50  29  1.2  2.1  1.10  9.09  6.72  81 1021.1  27.9  29.6  21.7 99.0 99.00
2016 09 07 22 50  26  1.4  2.2  1.14  8.33  6.75  85 1021.0  27.6  29.4  21.8 99.0 99.00
2016 09 07 23 50  19  0.4  1.1  1.20  9.09  6.89  43 1021.2  27.4  29.3  21.7 99.0 99.00
2016 09 08 00 50  47  0.7  1.2  1.10  9.09  6.74 118 1021.5  27.4  29.2  21.5 99.0 99.00
2016 09 08 01 50  95  0.4  1.0  1.05  8.33  6.62  21 1021.1  27.3  29.1  21.7 99.0 99.00
2016 09 08 02 50 108  1.0  1.9  1.12  8.33  6.83 148 1020.9  27.3  29.0  22.0 99.0 99.00
2016 09 08 03 50 355  0.4  1.3  1.16  9.09  7.07 356 1020.5  27.2  28.9  22.1 99.0 99.00
2016 09 08 04 50 320  0.9  1.4  1.07  9.09  6.92 360 1020.4  27.2  28.8  22.3 99.0 99.00
2016 09 08 05 50  39  0.5  1.3  0.98  9.09  6.73  23 1019.8  27.1  28.8  22.3 99.0 99.00
2016 09 08 06 50  61  0.1  0.5  1.12  8.33  6.90  30 1019.7  27.0  28.8  22.3 99.0 99.00
2016 09 08 07 50 300  0.3  0.9  1.15  8.33  6.97  70 1019.4  26.9  28.7  22.4 99.0 99.00
2016 09 08 08 50   1  1.3  2.0  1.10  8.33  6.96  54 1019.6  26.9  28.5  22.7 99.0 99.00
2016 09 08 09 50 340  1.6  2.4  1.21 10.00  7.29  79 1019.6  26.9  28.6  22.7 99.0 99.00
2016 09 08 10 50 358  1.0  1.5  1.22 10.00  7.21  89 1020.0  27.0  28.6  22.5 99.0 99.00
2016 09 08 11 50  38  0.3  0.7  1.32  9.09  7.50  73 1020.2  27.8  28.6  22.6 99.0 99.00
2016 09 08 12 50  94  0.2  0.7  1.33 10.00  7.22  89 1020.7  27.8  28.7  22.9 99.0 99.00
2016 09 08 13 50 313  1.2  2.2  1.41  9.09  7.25  77 1021.0  27.3  29.0  22.9 99.0 99.00
2016 09 08 14 50 352  0.7  1.4  1.58  9.09  7.62  75 1020.8  27.5  29.7  22.9 99.0 99.00
2016 09 08 15 50 209  0.3  1.0  1.47  9.09  7.18  79 1020.3  28.0  30.4  22.8 99.0 99.00
2016 09 08 16 50 350  0.3  1.1  1.52  9.09  7.55  83 1020.1  27.9  30.6  22.6 99.0 99.00
2016 09 08 17 50 290  0.5  1.4  1.41  7.69  7.17  73 1019.6  28.3  31.2  22.8 99.0 99.00
2016 09 08 18 50 291  1.3  2.0  1.49  8.33  7.14  73 1019.1  28.3  31.5  22.8 99.0 99.00
2016 09 08 19 50 168  0.5  1.3  1.31  9.09  6.91  70 1019.1  28.5  31.2  22.8 99.0 99.00
2016 09 08 20 50 341  0.7  1.9  1.45  9.09  7.11  93 1018.6  28.5  31.3  22.9 99.0 99.00
2016 09 08 21 50  72  1.3  2.2  1.23 10.00  6.93 107 1018.6  28.3  31.0  22.8 99.0 99.00
2016 09 08 22 50 117  6.7  8.0  1.44  9.09  7.29  82 1018.8  26.8  30.1  22.6 99.0 99.00
2016 09 08 23 50 101  1.2  2.1  1.33  9.09  6.94  86 1019.3  27.2  29.3  22.9 99.0 99.00
2016 09 09 00 50  76  1.9  2.9  1.31  9.09  7.13 104 1019.5  27.3  29.1  24.5 99.0 99.00
2016 09 09 01 50 158  1.3  2.2  1.36 10.00  6.89  93 1020.0  27.8  29.2  24.0 99.0 99.00
2016 09 09 02 50 131  1.1  1.6  1.24  9.09  6.75  80 1019.7  27.9  29.1  24.1 99.0 99.00
2016 09 09 03 50  58  2.0  3.3  1.24  8.33  6.97  76 1019.6  27.7  29.2  24.2 99.0 99.00
2016 09 09 04 50 117  2.5  3.3  1.20  7.69  6.81  81 1019.3  28.1  28.9  24.2 99.0 99.00
2016 09 09 05 50 150  3.2  4.4  1.18  9.09  6.84  90 1019.0  28.2  29.0  24.0 99.0 99.00
2016 09 09 06 50 160  2.9  3.8  1.14  9.09  6.59  74 1018.5  28.2  28.9  24.0 99.0 99.00
2016 09 09 07 50 164  2.4  3.2  1.22  9.09  6.94  81 1018.5  28.1  28.7  24.0 99.0 99.00
2016 09 09 08 50 157  1.7  2.2  1.22  9.09  6.93  93 1018.9  28.1  28.7  24.1 99.0 99.00
2016 09 09 09 50 119  0.6  1.3  1.07  9.09  6.56  93 1019.1  28.0  28.7  23.6 99.0 99.00
2016 09 09 10 50  96  1.4  1.9  1.24  9.09  7.15  99 1019.4  28.3  28.7  23.5 99.0 99.00
2016 09 09 11 50  95  1.8  2.6  1.13  9.09  7.00  95 1019.6  28.5  28.8  23.9 99.0 99.00
2016 09 09 12 50  87  2.9  3.8  1.17  8.33  6.96 106 1019.8  28.1  28.8  24.3 99.0 99.00
2016 09 09 13 50  81  3.0  3.6  1.26  9.09  7.20 104 1020.1  28.3  28.9  24.3 99.0 99.00
2016 09 09 14 50  79  3.6  4.5  1.25  8.33  7.02  77 1020.0  28.3  29.0  24.5 99.0 99.00
2016 09 09 15 50 143  5.5  6.7  1.15  8.33  6.77  82 1019.9  27.5  28.8  24.0 99.0 99.00
2016 09 09 16 50  82  6.3  7.4  1.18  8.33  6.75  86 1020.1  27.4  28.9  24.0 99.0 99.00
2016 09 09 17 50 122  5.4  6.4  1.22  8.33  6.04  93 1019.8  27.2  28.8  23.6 99.0 99.00
2016 09 09 18 50 155  5.5  6.5  1.21  8.33  5.69  94 1019.3  27.6  28.8  24.5 99.0 99.00
2016 09 09 19 50 160  4.3  5.2  1.03  8.33  5.53  85 1019.1  27.5  28.8  23.4 99.0 99.00
2016 09 09 20 50 139  6.2  7.4  1.11  8.33  5.60  74 1019.0  27.4  28.7  23.3 99.0 99.00
2016 09 09 21 50 131  3.3  4.1  1.09  9.09  5.44 105 1018.7  27.3  28.7  23.0 99.0 99.00
2016 09 09 22 50  66  0.9  1.3  1.10  9.09  5.55  90 1018.6  27.2  28.6  23.2 99.0 99.00
2016 09 09 23 50  73  2.4  3.1  1.02 10.00  5.70 125 1019.5  27.3  28.6  23.4 99.0 99.00
2016 09 10 00 50  72  2.5  3.5  1.08  9.09  6.03 100 1019.9  27.5  28.6  23.3 99.0 99.00
2016 09 10 01 50  83  3.0  3.8  1.03  8.33  6.14  90 1020.6  27.7  28.6  22.9 99.0 99.00
2016 09 10 02 50 124  2.4  3.2  0.99  9.09  6.29  87 1021.2  27.9  28.6  23.3 99.0 99.00
2016 09 10 03 50 105  1.9  2.7  1.03  8.33  6.37 103 1020.8  27.8  28.6  24.2 99.0 99.00
2016 09 10 04 50  72  0.6  1.2  1.08  8.33  6.72  94 1020.3  27.7  28.6  24.6 99.0 99.00
2016 09 10 05 50  96  1.5  2.3  0.94  8.33  6.64  87 1020.2  27.8  28.6  24.4 99.0 99.00
2016 09 10 06 50 108  3.5  4.1  1.00  9.09  6.64 104 1019.6  28.0  28.5  25.0 99.0 99.00
2016 09 10 07 50 113  3.5  4.6  1.01  8.33  6.66  95 1019.5  28.0  28.5  25.1 99.0 99.00
2016 09 10 08 50  54  1.8  2.9  1.00  9.09  6.67  97 1019.6  26.7  28.4  22.7 99.0 99.00
2016 09 10 09 50  84  3.0  3.9  0.95  9.09  6.58  85 1020.0  27.2  28.5  24.7 99.0 99.00
2016 09 10 10 50  97  3.3  4.0  0.96  8.33  6.15  83 1020.4  27.4  28.5  24.9 99.0 99.00
2016 09 10 11 50  92  3.8  4.6  0.97  9.09  5.99  94 1020.7  27.7  28.5  24.7 99.0 99.00
2016 09 10 12 50  97  5.2  6.0  0.93  8.33  5.95  95 1021.0  28.1  28.5  24.3 99.0 99.00
2016 09 10 13 50 113  5.1  6.2  0.94  9.09  5.74 105 1021.2  28.2  28.6  24.5 99.0 99.00
2016 09 10 14 50 111  5.1  5.9  0.96  8.33  5.94  96 1021.3  28.2  28.6  24.7 99.0 99.00
2016 09 10 15 50 133  3.9  4.6  0.94  7.69  5.67  91 1021.5  28.3  28.7  24.8 99.0 99.00
2016 09 10 16 50 129  3.6  4.4  0.87  8.33  5.62  96 1021.1  28.3  28.7  24.8 99.0 99.00
2016 09 10 17 50 145  2.7  3.7  0.90  8.33  5.72  76 1020.9  28.4  29.0  24.3 99.0 99.00
2016 09 10 18 50 132  2.4  3.3  0.93  8.33  6.21  75 1020.8  28.5  29.2  24.1 99.0 99.00
2016 09 10 19 50 147  2.1  2.9  0.83 10.00  5.83 103 1020.8  28.7  29.1  24.4 99.0 99.00
2016 09 10 20 50 119  2.6  3.5  0.96  9.09  6.26 106 1020.5  28.7  29.2  24.8 99.0 99.00
2016 09 10 21 50 100  4.6  5.2  0.94  9.09  6.26  71 1020.2  28.5  29.1  24.6 99.0 99.00
2016 09 10 22 50 107  4.1  5.0  0.92 10.00  6.22  55 1020.6  28.5  29.0  24.6 99.0 99.00
2016 09 10 23 50 119  3.7  4.6  0.89  9.09  6.13  81 1021.2  28.5  28.9  25.2 99.0 99.00
2016 09 11 00 50 133  2.8  3.4  0.91  9.09  6.28 192 1021.5  28.4  28.9  23.6 99.0 99.00
2016 09 11 01 50 148  4.7  5.5  0.92  7.69  6.38 103 1021.4  28.4  28.8  25.0 99.0 99.00
2016 09 11 02 50 160  4.7  5.6  0.88  7.14  6.29 107 1021.5  28.4  28.8  25.3 99.0 99.00
2016 09 11 03 50 174  5.0  6.1  0.89  8.33  6.06  97 1021.0  28.4  28.7  25.5 99.0 99.00
2016 09 11 04 50 176  5.3  6.5  0.95  7.14  6.16 110 1020.6  28.4  28.7  25.5 99.0 99.00
2016 09 11 05 50 174  5.4  6.6  1.00  8.33  6.25 109 1020.2  28.4  28.7  25.1 99.0 99.00
2016 09 11 06 50 172  5.3  6.3  1.04 10.00  6.01 139 1019.8  28.3  28.7  25.6 99.0 99.00
2016 09 11 07 50 185  5.0  6.1  1.03 10.81  5.99 120 1020.1  28.3  28.7  25.5 99.0 99.00
2016 09 11 08 50 189  4.9  5.8  1.03  9.09  5.92 118 1020.2  28.4  28.7  25.4 99.0 99.00
2016 09 11 09 50 183  4.7  5.7  1.04  8.33  6.06 107 1020.5  28.4  28.7  25.6 99.0 99.00
2016 09 11 10 50 173  4.3  5.5  1.04 10.00  5.95 131 1020.8  28.4  28.7  25.7 99.0 99.00
2016 09 11 11 50 185  5.2  6.1  1.14  9.09  6.53 115 1021.0  28.6  28.7  25.5 99.0 99.00
2016 09 11 12 50 199  4.4  5.5  1.12  9.09  6.35 121 1021.4  28.7  28.6  25.5 99.0 99.00
2016 09 11 13 50 210  4.4  5.4  1.02 10.00  6.04 142 1021.7  28.8  28.7  25.6 99.0 99.00
2016 09 11 14 50 187  5.3  6.6  0.99 10.00  5.77 118 1021.2  28.7  28.7  25.9 99.0 99.00
2016 09 11 15 50 198  4.3  5.2  1.10  9.09  6.10 132 1021.2  28.8  28.8  26.2 99.0 99.00
2016 09 11 16 50 197  5.0  6.0  1.05  9.09  5.80 123 1020.5  28.9  28.9  25.9 99.0 99.00
2016 09 11 17 50 199  4.7  5.8  1.02 10.00  5.71 131 1020.2  28.9  28.9  26.0 99.0 99.00
2016 09 11 18 50 207  2.1  2.8  0.99  9.09  5.71 125 1019.8  28.5  28.9  24.2 99.0 99.00
2016 09 11 19 50 223  5.7  7.0  1.07  9.09  5.93 140 1019.6  29.0  28.9  26.0 99.0 99.00
2016 09 11 20 50 243  5.1  6.6  1.04  9.09  5.68 130 1019.5  28.1  28.9  24.1 99.0 99.00
2016 09 11 21 50 233  4.6  5.6  1.09  9.09  5.74 135 1019.6  27.9  28.8  23.9 99.0 99.00
2016 09 11 22 50 229  4.2  5.0  1.08  9.09  5.84 140 1019.9  28.4  28.8  24.5 99.0 99.00
2016 09 11 23 50 248  3.5  4.3  1.12  9.09  5.92 147 1020.4  28.4  28.8  25.4 99.0 99.00
2016 09 12 00 50 219  3.3  4.1  1.09  9.09  6.13 128 1020.7  28.4  28.8  25.8 99.0 99.00
2016 09 12 01 50 246  3.5  4.1  0.99  9.09  6.09 133 1020.7  28.4  28.8  25.9 99.0 99.00
2016 09 12 02 50 241  2.8  3.4  1.04  8.33  6.24 123 1020.5  28.3  28.8  25.8 99.0 99.00
2016 09 12 03 50 245  2.3  3.0  1.00  9.09  6.36 140 1020.1  28.3  28.8  25.5 99.0 99.00
2016 09 12 04 50 256  3.4  4.2  0.98  9.09  6.06 151 1019.8  28.3  28.8  24.9 99.0 99.00
2016 09 12 05 50 249  2.3  3.3  1.02  8.33  6.13 149 1019.5  28.1  28.8  24.9 99.0 99.00
2016 09 12 06 50 255  2.3  3.0  0.95  9.09  6.06 128 1019.0  28.0  28.8  24.9 99.0 99.00
2016 09 12 07 50 276  2.6  3.3  1.03  8.33  6.31 139 1018.9  27.9  28.8  25.0 99.0 99.00
2016 09 12 08 50 282  2.8  3.9  0.89  8.33  5.97 135 1019.1  28.0  28.8  24.5 99.0 99.00
2016 09 12 09 50 298  3.1  3.9  1.00  8.33  6.56 129 1019.5  27.9  28.7  24.3 99.0 99.00
2016 09 12 10 50 305  3.2  4.2  0.98 10.00  6.81 122 1019.9  27.9  28.8  24.0 99.0 99.00
2016 09 12 11 50 306  2.5  3.3  0.94  9.09  6.70 134 1020.1  28.1  28.7  23.7 99.0 99.00
2016 09 12 12 50 306  2.5  3.3  0.93  9.09  6.69 152 1020.4  28.1  28.8  24.1 99.0 99.00
2016 09 12 13 50 311  2.4  3.2  1.00  7.69  6.89 129 1020.8  28.1  28.9  24.5 99.0 99.00
2016 09 12 14 50 309  2.3  3.0  0.97 12.12  6.96 264 1020.7  28.1  29.1  24.3 99.0 99.00
2016 09 12 15 50 341  2.3  3.1  1.00  7.69  6.84 140 1020.5  28.2  29.3  24.2 99.0 99.00
2016 09 12 16 50 338  3.2  4.1  0.97  7.69  7.16 151 1020.0  28.2  29.6  24.0 99.0 99.00
2016 09 12 17 50   9  3.4  4.4  0.96  7.14  6.94 149 1019.8  28.2  29.7  24.3 99.0 99.00
2016 09 12 18 50   4  2.8  3.7  0.94  7.14  6.93 136 1019.3  28.3  29.6  23.5 99.0 99.00
2016 09 12 19 50 358  3.4  4.4  0.87  7.14  6.87 142 1019.3  28.4  29.6  23.5 99.0 99.00
2016 09 12 20 50 358  3.4  4.4  1.08  7.69  7.15 151 1019.2  28.4  29.3  23.2 99.0 99.00
2016 09 12 21 50  14  3.7  4.8  1.00  7.69  7.01 155 1019.1  28.3  29.2  23.3 99.0 99.00
2016 09 12 22 50  21  3.1  4.0  1.01 10.81  7.00 138 1019.1  28.1  29.1  23.4 99.0 99.00
2016 09 12 23 50  21  3.0  3.8  0.93  7.69  7.04 138 1019.5  28.0  29.1  23.5 99.0 99.00
2016 09 13 00 50  26  3.3  4.1  0.90  7.69  6.98 164 1020.1  27.9  29.0  23.6 99.0 99.00
2016 09 13 01 50  21  3.9  4.7  0.90 10.81  7.00 106 1020.5  28.0  29.0  23.5 99.0 99.00
2016 09 13 02 50  30  3.6  4.5  0.92  8.33  6.99 125 1020.1  27.9  28.9  23.5 99.0 99.00
2016 09 13 03 50  38  2.8  3.7  0.83 10.81  6.86 126 1019.7  27.8  28.9  23.3 99.0 99.00
2016 09 13 04 50  42  2.3  2.9  0.86  7.69  6.88 145 1019.4  27.8  28.9  23.4 99.0 99.00
2016 09 13 05 50  12  2.1  2.7  0.81  7.69  6.84 151 1019.1  27.7  28.9  23.2 99.0 99.00
2016 09 13 06 50 358  1.8  2.6  0.89 10.81  7.03 129 1018.7  27.6  28.9  23.5 99.0 99.00
2016 09 13 07 50 349  2.8  3.5  0.90 10.00  7.22 144 1018.9  27.5  28.9  23.5 99.0 99.00
2016 09 13 08 50   3  3.4  4.3  0.85 10.81  6.91 118 1019.4  27.6  28.9  23.5 99.0 99.00
2016 09 13 09 50   6  4.7  5.8  0.81 10.81  6.82 125 1019.7  27.6  28.7  23.5 99.0 99.00
2016 09 13 10 50  15  4.3  5.1  0.81 10.81  7.34 128 1020.2  27.7  28.7  23.2 99.0 99.00
2016 09 13 12 50  31  4.2  4.8  0.80 10.00  6.79 139 1021.0  27.9  28.7  22.9 99.0 99.00
2016 09 13 13 50  32  3.9  4.7  0.77 10.81  6.58 135 1021.3  28.0  28.8  23.3 99.0 99.00
2016 09 13 14 50  34  3.9  4.6  0.81 10.81  6.71 314 1021.4  27.9  28.8  23.9 99.0 99.00
2016 09 13 15 50  20  4.1  5.1  0.82 11.43  6.79 134 1021.2  27.9  29.0  23.9 99.0 99.00
2016 09 13 16 50  30  3.9  4.9  0.85 10.81  6.89 113 1020.7  28.0  29.0  24.4 99.0 99.00
2016 09 13 17 50  49  3.1  3.8  0.80  6.67  6.75 142 1019.9  28.1  29.2  23.1 99.0 99.00
2016 09 13 18 50  45  2.4  3.4  0.81 10.81  6.85 128 1019.3  28.1  29.4  23.9 99.0 99.00
2016 09 13 19 50  51  2.8  3.8  0.81 10.81  6.72 133 1018.8  28.1  29.3  23.6 99.0 99.00
2016 09 13 20 50  39  2.2  3.2  0.80 10.81  6.72 128 1018.8  28.2  29.3  23.1 99.0 99.00
2016 09 13 21 50  23  2.2  3.0  0.78 10.81  6.92 314 1019.1  28.4  29.3  22.9 99.0 99.00
2016 09 13 22 50  28  1.9  2.7  0.77 10.81  7.12 107 1019.3  28.0  29.2  23.1 99.0 99.00
2016 09 13 23 50 353  2.8  3.5  0.80 10.00  7.28 106 1019.9  28.1  29.2  23.0 99.0 99.00
2016 09 14 00 50   3  3.2  4.0  0.76 10.81  7.23 127 1020.3  28.1  29.1  23.4 99.0 99.00
2016 09 14 01 50 356  3.5  4.8  0.75 10.00  7.34 124 1020.4  28.0  29.1  23.1 99.0 99.00
2016 09 14 02 50 351  2.6  3.7  0.79 10.00  7.40 133 1020.4  27.9  29.0  23.5 99.0 99.00
2016 09 14 03 50  27  2.9  4.0  0.75  9.09  7.12 131 1020.0  27.8  29.0  23.3 99.0 99.00
2016 09 14 04 50  21  2.9  3.8  0.78 10.81  7.54 145 1019.9  27.7  28.9  23.0 99.0 99.00
2016 09 14 05 50  34  2.6  3.5  0.87 10.81  7.68 131 1019.4  27.7  28.9  22.9 99.0 99.00
2016 09 14 06 50  28  2.1  2.6  0.95 10.00  7.74 130 1019.0  27.6  28.9  22.6 99.0 99.00
2016 09 14 07 50 354  2.4  3.1  0.97 10.00  8.04 124 1018.9  27.5  28.9  22.7 99.0 99.00
2016 09 14 08 50 355  1.3  2.0  1.05 10.00  7.84 131 1019.0  27.5  28.9  22.7 99.0 99.00
2016 09 14 09 50   2  1.3  2.2  1.04 10.00  7.70 116 1019.3  27.4  28.8  22.7 99.0 99.00
2016 09 14 10 50 337  1.8  2.5  1.13 10.00  7.69 140 1019.7  27.4  28.9  22.4 99.0 99.00
2016 09 14 11 50 341  2.0  2.8  1.25 10.00  7.88 128 1019.7  27.6  28.9  22.6 99.0 99.00
2016 09 14 12 50 344  2.6  3.2  1.20 10.00  8.00 143 1020.0  27.6  28.9  22.8 99.0 99.00
2016 09 14 13 50 350  2.7  3.3  1.22 10.81  7.90 136 1020.5  27.8  28.9  22.4 99.0 99.00
2016 09 14 14 50   2  2.0  2.6  1.22 10.00  8.01 123 1020.5  27.8  28.9  23.2 99.0 99.00
2016 09 14 15 50  11  1.9  2.9  1.26 10.00  8.27 138 1020.3  27.9  29.4  23.2 99.0 99.00
2016 09 14 16 50 358  1.7  2.4  1.31 10.81  8.28 139 1020.0  28.0  29.7  22.8 99.0 99.00
2016 09 14 17 50   6  1.3  2.0  1.37  9.09  8.07 116 1019.5  28.1  30.2  23.0 99.0 99.00
2016 09 14 18 50   9  1.3  2.0  1.30 10.00  8.26 134 1018.9  28.3  30.6  23.2 99.0 99.00
2016 09 14 19 50   4  2.0  2.7  1.38 10.81  8.46 132 1018.4  28.3  30.2  23.4 99.0 99.00
2016 09 14 20 50  25  3.0  3.8  1.46 11.43  8.59 112 1018.0  28.3  29.8  23.0 99.0 99.00
2016 09 14 21 50  27  1.8  2.9  1.61 11.43  8.89 127 1018.0  28.4  29.7  22.7 99.0 99.00
2016 09 14 22 50 349  2.3  3.3  1.53 10.00  8.56 130 1018.0  28.1  29.4  22.7 99.0 99.00
2016 09 14 23 50 357  2.2  3.5  1.64 11.43  9.17 124 1018.3  28.1  29.5  22.0 99.0 99.00
2016 09 15 00 50 355  2.0  2.8  1.55 10.81  8.83 134 1018.7  28.0  29.3  22.5 99.0 99.00
2016 09 15 01 50 360  1.8  2.9  1.61 11.43  9.29 114 1018.7  28.0  29.1  22.3 99.0 99.00
2016 09 15 02 50 345  1.0  2.1  1.69 10.81  8.99 127 1018.7  27.9  29.1  22.5 99.0 99.00
2016 09 15 03 50 279  1.4  2.4  1.66 10.81  9.30 124 1018.8  27.8  29.0  22.6 99.0 99.00
2016 09 15 04 50 286  2.3  3.5  1.66 12.12  9.36 118 1018.7  27.7  29.0  22.6 99.0 99.00
2016 09 15 05 50 329  3.0  4.2  1.68 10.81  9.24 119 1018.4  27.7  29.0  22.5 99.0 99.00
2016 09 15 06 50 335  2.6  3.7  1.50 11.43  8.92 119 1017.8  27.6  28.9  22.3 99.0 99.00
2016 09 15 07 50 333  2.4  3.6  1.71 12.12  9.14 116 1017.6  27.6  28.9  22.4 99.0 99.00
2016 09 15 08 50 313  3.4  4.7  1.57 11.43  9.09 128 1017.6  27.5  28.9  22.7 99.0 99.00
2016 09 15 09 50 323  2.7  3.9  1.79 10.81  9.37 131 1017.6  27.5  28.9  22.6 99.0 99.00
2016 09 15 10 50 304  2.3  3.4  1.71 11.43  9.26 126 1017.8  27.6  28.9  22.3 99.0 99.00
2016 09 15 11 50 344  2.0  3.0  1.59 10.00  9.00 129 1018.2  27.7  28.9  22.0 99.0 99.00
2016 09 15 12 50 317  1.6  2.5  1.51 10.81  8.98 126 1018.4  27.7  28.9  22.3 99.0 99.00
2016 09 15 13 50 333  0.8  1.7  1.60 11.43  9.10 127 1018.7  27.9  29.1  22.7 99.0 99.00
2016 09 15 14 50 331  0.7  1.6  1.56 11.43  9.07 129 1018.7  28.1  29.4  22.7 99.0 99.00
2016 09 15 15 50 356  0.8  1.3  1.55 11.43  9.11 115 1018.9  28.2  29.7  22.8 99.0 99.00
2016 09 15 16 50 280  1.3  2.6  1.63 11.43  8.84 118 1018.8  28.2  30.0  23.0 99.0 99.00
2016 09 15 17 50 311  2.7  4.0  1.42 11.43  8.61 116 1018.5  28.1  29.7  23.1 99.0 99.00
2016 09 15 18 50 307  2.9  4.0  1.42 10.00  8.66 122 1017.8  26.7  29.2  22.9 99.0 99.00
2016 09 15 19 50 353  2.8  3.6  1.50 11.43  8.44 105 1017.5  26.8  29.0  21.6 99.0 99.00
2016 09 15 20 50   5  4.4  5.3  1.40 11.43  7.88 115 1017.3  27.2  28.9  22.7 99.0 99.00
2016 09 15 21 50 354  2.6  3.5  1.48 10.81  8.22 111 1017.5  26.9  28.9  22.8 99.0 99.00
2016 09 15 22 50  36  2.1  2.6  1.48 10.81  8.54 115 1017.1  26.9  28.9  23.2 99.0 99.00
2016 09 15 23 50   9  1.1  1.7  1.42 11.43  8.66 114 1017.4  27.0  28.9  22.8 99.0 99.00
2016 09 16 00 50  30  1.0  2.1  1.40 10.81  8.38 117 1018.2  27.1  28.9  22.8 99.0 99.00
2016 09 16 01 50  46  1.9  2.6  1.41 11.43  8.63 116 1018.1  27.3  28.9  22.3 99.0 99.00
2016 09 16 02 50 300  0.4  1.3  1.42 11.43  8.26 115 1018.5  27.5  28.9  21.6 99.0 99.00
2016 09 16 03 50 356  0.7  1.3  1.40 10.81  8.37 108 1018.2  27.5  28.9  21.8 99.0 99.00
2016 09 16 04 50 305  0.3  0.8  1.41 10.81  8.63 116 1018.3  27.5  28.8  21.5 99.0 99.00
2016 09 16 05 50 349  1.2  1.9  1.36 11.43  8.19 104 1018.3  27.2  28.8  21.1 99.0 99.00
2016 09 16 06 50 344  1.8  2.4  1.39 10.81  8.68 115 1017.7  27.1  28.6  21.5 99.0 99.00
2016 09 16 07 50   1  1.9  2.6  1.34 10.81  8.66 104 1017.4  27.0  28.1  21.3 99.0 99.00
2016 09 16 08 50  82  1.1  2.2  1.27 10.81  8.64 117 1017.0  27.1  28.7  21.6 99.0 99.00
2016 09 16 09 50  75  1.3  2.0  1.26 10.81  8.34 119 1017.1  27.1  28.8  22.4 99.0 99.00
2016 09 16 10 50  80  2.6  3.5  1.30 10.00  8.33 110 1017.3  27.4  28.8  21.9 99.0 99.00
2016 09 16 11 50 104  1.4  2.3  1.24 10.00  8.28 123 1017.9  27.5  28.8  22.2 99.0 99.00
2016 09 16 12 50 126  1.1  1.8  1.12 10.81  8.03 107 1018.5  27.7  28.8  22.8 99.0 99.00
2016 09 16 13 50  72  1.2  2.5  1.08 10.00  8.09 131 1018.7  28.0  28.9  22.6 99.0 99.00
2016 09 16 14 50  97  2.3  2.9  1.17 10.00  8.20 121 1018.6  28.0  28.9  22.9 99.0 99.00
2016 09 16 15 50  78  2.0  3.0  1.30 10.00  8.48 126 1018.9  27.8  28.9  23.6 99.0 99.00
2016 09 16 16 50  81  3.7  4.7  1.17 10.00  7.95 120 1018.3  27.9  28.9  23.1 99.0 99.00
2016 09 16 17 50  71  9.0 10.6  1.12 10.00  7.39 115 1017.4  26.3  28.8  23.7 99.0 99.00
2016 09 16 18 50  73  6.1  7.7  1.15 10.00  5.91 118 1017.7  26.2  28.8  23.2 99.0 99.00
2016 09 16 19 50  64  2.4  3.6  1.23 10.00  5.99 123 1018.4  24.8  28.7  23.3 99.0 99.00
2016 09 16 20 50 289  0.2  0.8  1.22 10.00  6.46 121 1018.5  23.2  27.9  20.9 99.0 99.00
2016 09 16 21 50 150  6.1  7.5  1.23  9.09  6.75 333 1017.7  25.5  28.2  22.7 99.0 99.00
2016 09 16 22 50 159  3.1  4.1  1.09  9.09  6.28 113 1017.8  25.6  28.5  22.6 99.0 99.00
2016 09 16 23 50 126  3.0  3.8  1.19  9.09  6.77 122 1018.0  26.3  28.6  22.7 99.0 99.00
2016 09 17 00 50 123  2.3  3.2  1.16 10.00  6.83 109 1018.7  26.9  28.7  22.0 99.0 99.00
2016 09 17 01 50 124  3.2  4.3  1.09  9.09  6.56 120 1018.8  27.1  28.7  21.8 99.0 99.00
2016 09 17 03 50 104  3.1  4.3  1.15  9.09  7.04 125 1018.8  27.1  28.7  22.1 99.0 99.00
2016 09 17 04 50  96  4.3  5.5  1.16  9.09  7.02 113 1018.6  27.0  28.7  22.4 99.0 99.00
2016 09 17 05 50  92  5.0  6.0  1.08  9.09  7.01 109 1018.4  27.0  28.7  23.4 99.0 99.00
2016 09 17 06 50  86  5.4  7.0  1.21 10.00  6.89 111 1018.1  27.1  28.7  22.6 99.0 99.00
2016 09 17 07 50 106  5.3  7.0  1.26  9.09  6.82 124 1018.1  27.4  28.7  22.5 99.0 99.00
2016 09 17 08 50  89  5.1  6.7  1.33  9.09  6.89 120 1018.1  27.3  28.7  22.7 99.0 99.00
2016 09 17 09 50  86  5.1  5.9  1.29  9.09  6.73 109 1018.5  27.4  28.7  22.1 99.0 99.00
2016 09 17 10 50 104  5.0  7.4  1.36  9.09  6.70 114 1018.9  27.6  28.7  22.2 99.0 99.00
2016 09 17 11 50  97  6.1  7.5  1.24  9.09  6.41 121 1019.1  27.7  28.7  22.4 99.0 99.00
2016 09 17 12 50  95  5.3  6.6  1.23  8.33  6.07  94 1019.5  27.9  28.7  22.1 99.0 99.00
2016 09 17 13 50  89  6.6  8.2  1.29  9.09  6.28 111 1019.6  28.0  28.7  21.4 99.0 99.00
2016 09 17 14 50  98  6.6  8.2  1.50  9.09  6.25 109 1020.0  28.0  28.7  22.3 99.0 99.00
2016 09 17 15 50  95  6.4  7.6  1.33  7.69  5.70  49 1019.9  28.0  28.7  22.8 99.0 99.00
2016 09 17 16 50 100  7.1  8.8  1.47  8.33  5.90  81 1019.7  28.0  28.7  22.2 99.0 99.00
2016 09 17 17 50 103  4.5  6.6  1.39  8.33  5.91  84 1019.3  27.8  28.8  22.4 99.0 99.00
2016 09 17 18 50  98  5.5  6.7  1.37  7.69  5.77  60 1018.9  28.1  28.8  22.5 99.0 99.00
2016 09 17 19 50  98  5.3  6.7  1.44  9.09  5.89 110 1018.6  28.2  28.8  22.1 99.0 99.00
2016 09 17 20 50  97  5.5  6.6  1.41  8.33  5.86  46 1018.5  28.2  28.8  21.7 99.0 99.00
2016 09 17 21 50  91  5.6  6.6  1.33  7.14  5.83  41 1018.9  28.2  28.7  21.7 99.0 99.00
2016 09 17 22 50  90  5.4  6.8  1.35  8.33  5.88  68 1018.9  28.1  28.7  21.6 99.0 99.00
2016 09 17 23 50  98  6.3  7.8  1.34  7.69  5.98  47 1018.9  28.1  28.7  22.1 99.0 99.00
2016 09 18 00 50  89  6.8  8.2  1.36  9.09  6.02 107 1019.2  28.0  28.7  22.3 99.0 99.00
2016 09 18 01 50  90  7.0  8.7  1.40  9.09  5.77  93 1019.2  28.0  28.7  22.8 99.0 99.00
2016 09 18 02 50  93  6.4  8.0  1.26  8.33  5.53 101 1019.1  27.9  28.7  22.3 99.0 99.00
2016 09 18 03 50  84  6.2  7.3  1.27  7.14  5.65  41 1019.0  27.9  28.7  22.0 99.0 99.00
2016 09 18 04 50  97  6.3  7.5  1.36  8.33  5.80  93 1018.8  28.0  28.7  22.0 99.0 99.00
2016 09 18 05 50  96  5.8  7.1  1.28  7.14  5.50  76 1018.6  27.9  28.7  23.0 99.0 99.00
2016 09 18 06 50  88  7.7 10.1  1.24  8.33  5.69  83 1018.0  26.5  28.7  21.7 99.0 99.00
2016 09 18 07 50 102  3.5  4.6  1.25  8.33  5.79  86 1017.8  27.8  28.7  22.7 99.0 99.00
2016 09 18 08 50  93  4.8  6.0  1.20  8.33  5.64  83 1017.6  27.9  28.7  22.0 99.0 99.00
2016 09 18 09 50  88  4.5  5.6  1.26  8.33  5.62  80 1017.8  27.6  28.7  22.9 99.0 99.00
2016 09 18 10 50  87  5.0  6.0  1.16  8.33  5.83 109 1018.1  27.9  28.7  22.7 99.0 99.00
2016 09 18 11 50  78  5.6  6.8  1.19  7.69  5.61  47 1018.4  27.9  28.7  23.4 99.0 99.00
2016 09 18 12 50  83  5.5  6.8  1.27  4.76  5.46  99 1018.7  27.9  28.7  22.7 99.0 99.00
2016 09 18 13 50  85  5.8  7.5  1.34  8.33  5.64  92 1018.8  28.0  28.7  23.3 99.0 99.00
2016 09 18 14 50  84  5.6  6.7  1.34  8.33  5.57  99 1018.9  28.0  28.7  22.6 99.0 99.00
2016 09 18 15 50  81  6.5  8.2  1.39  8.33  5.66 103 1018.5  27.7  28.7  23.9 99.0 99.00
2016 09 18 16 50  88  5.9  7.1  1.40  6.25  5.56  59 1018.4  27.9  28.8  23.4 99.0 99.00
2016 09 18 17 50  83  5.5  6.4  1.52  7.69  5.86  84 1017.9  27.7  28.8  23.3 99.0 99.00
2016 09 18 18 50  89  6.4  7.6  1.48  8.33  5.74  74 1017.4  28.0  28.8  23.4 99.0 99.00
2016 09 18 19 50  93  6.4  8.0  1.44  7.69  5.61  77 1017.2  28.1  28.8  23.4 99.0 99.00
2016 09 18 20 50  85  6.1  7.6  1.50  7.69  5.66  85 1017.1  28.1  28.8  23.6 99.0 99.00
2016 09 18 21 50  88  6.4  7.7  1.35  8.33  5.47  89 1016.9  28.1  28.7  24.0 99.0 99.00
2016 09 18 22 50  90  7.8 10.9  1.38  7.69  5.66  81 1016.9  28.0  28.7  23.9 99.0 99.00
2016 09 18 23 50  95  7.4  8.8  1.40  7.69  5.46  82 1017.3  28.1  28.7  23.8 99.0 99.00
2016 09 19 00 50  81  7.5  8.9  1.48  6.67  5.60  65 1017.9  28.0  28.7  23.9 99.0 99.00
2016 09 19 01 50  87  6.8  8.2  1.39  7.14  5.47  80 1017.8  28.0  28.7  23.8 99.0 99.00
2016 09 19 02 50  81  7.3  8.7  1.39  6.25  5.44  81 1017.9  27.9  28.7  22.9 99.0 99.00
2016 09 19 03 50  76  6.1  7.4  1.45  6.67  5.78  94 1017.7  27.7  28.7  22.7 99.0 99.00
2016 09 19 04 50  79  5.4  6.6  1.43  7.69  5.71 103 1017.8  27.7  28.7  22.6 99.0 99.00
2016 09 19 05 50  82  4.7  5.7  1.42  8.33  5.81 104 1017.5  27.6  28.7  22.6 99.0 99.00
2016 09 19 06 50  76  4.5  5.7  1.37  7.69  5.91  85 1017.0  27.6  28.7  22.8 99.0 99.00
2016 09 19 07 50  65  4.9  6.3  1.32  7.14  5.92  84 1016.7  27.6  28.7  23.3 99.0 99.00
2016 09 19 08 50  67  5.2  6.1  1.27  6.67  5.64 103 1016.5  27.6  28.7  23.1 99.0 99.00
2016 09 19 09 50  62  5.0  6.8  1.28  6.25  5.76  93 1017.0  27.6  28.7  23.4 99.0 99.00
2016 09 19 10 50  53  5.0  6.0  1.27  7.69  5.75  87 1017.4  27.6  28.7  24.0 99.0 99.00
2016 09 19 11 50  51  5.8  7.0  1.36  7.14  5.74  83 1017.4  27.7  28.7  24.1 99.0 99.00
2016 09 19 12 50  56  5.9  7.0  1.32  7.69  5.78  87 1017.2  27.6  28.7  24.0 99.0 99.00
2016 09 19 13 50  63  4.2  5.1  1.27  7.14  5.95  95 1017.4  27.9  28.7  24.4 99.0 99.00
2016 09 19 14 50  82  4.2  5.5  1.21  8.33  5.76 101 1017.5  28.1  28.7  24.1 99.0 99.00
2016 09 19 15 50  88  3.7  4.6  1.22  7.14  5.85 102 1017.1  28.1  28.8  24.1 99.0 99.00
2016 09 19 16 50  89  3.2  4.2  1.17 11.43  5.86  66 1016.7  28.2  28.9  24.0 99.0 99.00
2016 09 19 17 50  97  3.1  3.9  1.32  8.33  6.29  81 1016.0  28.2  29.0  24.4 99.0 99.00
2016 09 19 18 50 108  2.5  3.2  1.18  9.09  6.09  91 1015.5  28.4  29.1  23.5 99.0 99.00
2016 09 19 19 50  98  2.3  3.3  1.26 10.00  6.28  63 1015.3  28.4  29.2  23.6 99.0 99.00
2016 09 19 20 50 122  2.4  3.3  1.14  9.09  6.36  93 1015.5  28.4  29.0  23.4 99.0 99.00
2016 09 19 21 50 111  3.0  3.7  1.29  9.09  6.57  59 1015.6  28.5  29.0  22.6 99.0 99.00
2016 09 19 22 50 133  2.5  3.4  1.24  9.09  6.70  84 1015.8  28.3  28.9  22.9 99.0 99.00
2016 09 19 23 50 130  2.3  3.1  1.30  9.09  6.66  56 1016.3  28.2  28.9  23.2 99.0 99.00
2016 09 20 00 50 140  1.9  2.9  1.13  9.09  6.34  74 1016.8  28.1  28.9  23.1 99.0 99.00
2016 09 20 01 50 145  1.4  2.2  1.43  9.09  7.09  66 1017.0  28.0  28.8  23.1 99.0 99.00
2016 09 20 02 50 151  1.1  1.9  1.29  9.09  6.86  71 1017.1  27.9  28.8  23.0 99.0 99.00
2016 09 20 03 50 135  1.6  2.3  1.26  8.33  6.83  70 1017.0  27.9  28.8  23.1 99.0 99.00
2016 09 20 04 50 158  0.9  1.4  1.26  8.33  6.71  83 1016.6  27.8  28.8  23.5 99.0 99.00
2016 09 20 05 50 174  1.2  2.0  1.30  8.33  6.72  71 1016.5  27.7  28.8  23.3 99.0 99.00
2016 09 20 06 50 209  1.4  2.3  1.34  7.69  6.67  94 1016.1  27.6  28.8  23.1 99.0 99.00
2016 09 20 07 50 144  1.1  1.7  1.11  9.09  6.45  86 1015.8  27.4  28.8  23.0 99.0 99.00
2016 09 20 08 50 178  1.5  2.5  1.10  9.09  6.43 100 1015.9  27.5  28.8  22.5 99.0 99.00
2016 09 20 09 50 168  1.0  1.9  1.19  7.14  6.48  94 1016.1  27.4  28.8  22.8 99.0 99.00
2016 09 20 10 50 192  0.7  1.7  1.29  7.14  6.63 110 1016.3  27.4  28.8  23.1 99.0 99.00
2016 09 20 11 50 153  0.5  1.6  1.27  7.69  6.52 113 1016.7  28.1  28.8  23.0 99.0 99.00
2016 09 20 12 50 167  0.9  1.9  1.21  8.33  6.38  87 1017.0  28.1  28.8  23.1 99.0 99.00
2016 09 20 13 50 172  1.4  2.3  1.32  6.67  6.44 118 1017.3  27.9  28.9  23.1 99.0 99.00
2016 09 20 14 50 193  2.0  3.0  1.30  6.67  6.50 112 1017.5  27.8  29.0  23.4 99.0 99.00
2016 09 20 15 50 180  1.8  3.3  1.22  8.33  6.59  68 1017.1  28.0  29.2  23.7 99.0 99.00
2016 09 20 16 50 200  1.6  2.8  1.20  5.56  6.25 115 1016.8  28.2  29.4  22.6 99.0 99.00
2016 09 20 17 50 221  1.5  2.5  1.12  6.67  6.28 109 1016.5  28.3  29.5  22.6 99.0 99.00
2016 09 20 18 50 189  0.5  1.5  1.18  6.67  6.67 107 1016.4  28.5  29.8  23.5 99.0 99.00
2016 09 20 19 50 189  1.9  2.7  1.22  6.67  6.47 115 1016.2  28.5  29.6  22.6 99.0 99.00
2016 09 20 20 50 204  1.4  2.2  1.16  6.67  6.41 120 1016.4  28.4  29.5  22.4 99.0 99.00
2016 09 20 21 50 187  1.3  2.1  1.10  7.14  6.65  99 1016.2  28.3  29.4  22.6 99.0 99.00
2016 09 20 22 50 218  1.2  2.2  1.18  7.69  6.50 107 1016.4  28.0  29.3  22.9 99.0 99.00
2016 09 20 23 50 277  0.8  1.5  1.14  7.69  6.76 104 1016.7  28.0  29.2  23.0 99.0 99.00
2016 09 21 00 50 115  0.3  1.3  1.16  7.14  6.89 124 1016.8  27.9  29.1  23.0 99.0 99.00
2016 09 21 01 50 109  1.4  2.4  1.20  7.69  6.86 111 1016.7  27.9  29.1  23.2 99.0 99.00
2016 09 21 02 50  95  2.2  3.1  1.27 12.12  6.90  96 1016.8  27.8  29.0  23.1 99.0 99.00
2016 09 21 03 50 111  2.4  3.3  1.19  7.69  6.90 107 1016.5  27.8  28.9  23.4 99.0 99.00
2016 09 21 04 50 125  3.1  4.4  1.22 12.12  6.99  92 1016.3  27.8  28.9  23.3 99.0 99.00
2016 09 21 05 50 129  3.4  4.1  1.19 11.43  6.83  95 1016.2  27.8  28.9  23.7 99.0 99.00
2016 09 21 06 50 151  3.8  5.2  1.20  7.14  6.81 113 1016.0  28.0  28.9  23.8 99.0 99.00
2016 09 21 07 50 158  3.3  4.2  1.19 10.81  6.68  93 1015.9  28.0  28.8  23.6 99.0 99.00
2016 09 21 08 50 158  3.4  4.3  1.15  7.14  6.62 116 1015.8  27.9  28.8  23.5 99.0 99.00
2016 09 21 09 50 167  2.6  3.3  1.23  6.67  6.77 113 1015.9  27.9  28.8  23.2 99.0 99.00
2016 09 21 10 50 170  2.9  3.8  1.25  6.67  6.72 120 1016.1  28.0  28.8  24.0 99.0 99.00
2016 09 21 11 50 170  2.9  3.8  1.29 11.43  7.16 105 1016.6  28.1  28.8  24.2 99.0 99.00
2016 09 21 12 50 164  2.8  3.6  1.41 11.43  7.19  92 1017.0  28.4  28.8  24.4 99.0 99.00
2016 09 21 13 50 147  2.8  3.7  1.22 11.43  6.92 112 1017.3  28.3  28.9  24.4 99.0 99.00
2016 09 21 14 50 157  2.8  3.7  1.29 12.12  7.38 104 1017.4  28.4  28.9  24.6 99.0 99.00
2016 09 21 15 50 188  3.3  4.1  1.31 11.43  7.18 121 1017.2  28.5  29.0  24.2 99.0 99.00
2016 09 21 16 50 192  2.5  3.2  1.31 11.43  7.28  94 1017.2  28.6  29.0  24.3 99.0 99.00
2016 09 21 17 50 191  2.1  2.9  1.28 10.00  7.22 110 1016.9  28.7  29.0  23.9 99.0 99.00
2016 09 21 18 50 187  1.1  1.9  1.27 11.43  7.40  96 1016.6  28.7  29.0  24.0 99.0 99.00
2016 09 21 19 50 179  0.5  1.4  1.26  7.14  7.03 113 1016.2  28.6  29.1  24.1 99.0 99.00
2016 09 21 20 50 119  0.8  1.3  1.34 10.00  7.42  94 1016.0  28.5  29.1  24.5 99.0 99.00
2016 09 21 21 50 131  1.2  2.1  1.27 11.43  7.16 111 1016.3  28.5  29.1  24.3 99.0 99.00
2016 09 21 22 50 118  1.4  2.1  1.41 10.00  7.51 103 1016.7  28.3  29.1  24.7 99.0 99.00
2016 09 21 23 50 139  2.7  3.5  1.23 10.81  7.43 105 1016.9  28.3  29.0  24.8 99.0 99.00
2016 09 22 00 50 143  3.0  4.0  1.20 10.00  7.26 102 1017.4  28.4  29.1  24.7 99.0 99.00
2016 09 22 01 50 140  3.1  4.0  1.17 11.43  7.28  84 1017.4  28.4  29.0  24.6 99.0 99.00
2016 09 22 02 50 139  2.9  3.7  1.29 10.81  7.40 101 1017.2  28.3  29.0  24.5 99.0 99.00
2016 09 22 03 50 144  2.9  3.9  1.20 10.81  7.31  91 1017.1  28.3  29.0  24.2 99.0 99.00
2016 09 22 04 50 157  1.7  2.6  1.26  9.09  7.23 115 1016.9  28.2  28.9  24.2 99.0 99.00
2016 09 22 05 50 157  1.9  2.5  1.16 10.81  7.39 102 1016.5  28.2  28.8  24.0 99.0 99.00
2016 09 22 06 50 151  1.7  2.4  1.10  9.09  6.77 119 1016.1  28.1  28.8  23.7 99.0 99.00
2016 09 22 07 50 133  1.2  2.2  1.12 12.12  7.05 126 1015.9  28.0  28.8  23.9 99.0 99.00
2016 09 22 08 50 145  1.9  2.7  1.13 10.00  7.17  93 1016.2  28.0  28.8  24.2 99.0 99.00
2016 09 22 09 50 150  1.6  2.1  1.13 11.43  7.19 109 1016.4  28.0  28.8  24.3 99.0 99.00
2016 09 22 10 50 124  1.1  2.1  1.19 10.81  7.34  95 1016.8  28.0  28.8  24.1 99.0 99.00
2016 09 22 11 50 111  0.8  1.4  1.26 12.12  7.60 109 1017.3  28.7  28.9  24.0 99.0 99.00
2016 09 22 12 50  96  1.1  1.7  1.25 12.12  7.79 110 1017.4  28.7  28.9  23.7 99.0 99.00
2016 09 22 13 50  95  0.7  1.6  1.19 11.43  7.79 113 1017.8  29.1  29.1  24.1 99.0 99.00
2016 09 22 14 50 145  1.0  1.9  1.28 11.43  8.10 114 1017.8  28.6  29.3  24.0 99.0 99.00
2016 09 22 15 50 100  1.5  2.3  1.39 10.81  8.12 113 1017.7  28.6  29.5  23.6 99.0 99.00
2016 09 22 16 50  62  1.0  1.7  1.40 11.43  8.21 109 1017.2  28.8  29.7  23.9 99.0 99.00
2016 09 22 17 50 113  1.5  2.4  1.32 10.00  8.12 119 1016.7  28.6  29.8  24.1 99.0 99.00
2016 09 22 18 50  82  1.7  2.9  1.40 10.81  8.19 111 1016.2  28.4  29.6  24.4 99.0 99.00
2016 09 22 19 50 110  1.8  3.0  1.58 11.43  8.57 111 1016.2  28.6  29.9  24.1 99.0 99.00
2016 09 22 20 50 102  2.2  3.4  1.62 11.43  8.64 119 1016.2  28.7  29.9  24.3 99.0 99.00
2016 09 22 21 50  92  2.3  3.4  1.63 11.43  8.57 111 1016.2  28.4  29.7  23.8 99.0 99.00
2016 09 22 22 50  77  2.7  3.7  1.63 11.43  8.94 119 1016.2  28.3  29.6  23.6 99.0 99.00
2016 09 22 23 50  78  3.3  4.7  1.44 10.81  8.39 116 1016.2  28.3  29.6  24.0 99.0 99.00
2016 09 23 00 50  77  3.0  4.9  1.62 10.81  8.49 113 1016.3  28.2  29.2  23.6 99.0 99.00
2016 09 23 01 50  85  2.9  4.3  1.52 10.81  8.43 121 1016.4  28.2  29.2  23.3 99.0 99.00
2016 09 23 02 50  57  2.2  3.3  1.46 11.43  8.26 103 1016.5  28.2  29.1  23.4 99.0 99.00
2016 09 23 03 50  75  3.1  4.3  1.59 11.43  8.41 117 1016.3  28.1  29.1  23.9 99.0 99.00
2016 09 23 04 50  79  2.8  3.7  1.63 10.81  8.44 118 1016.0  28.1  29.0  23.0 99.0 99.00
2016 09 23 05 50  90  2.6  3.6  1.49 10.81  8.05 115 1015.6  28.0  29.0  23.4 99.0 99.00
2016 09 23 06 50  61  2.0  2.9  1.56 10.81  8.22 123 1015.3  27.9  29.0  23.9 99.0 99.00
2016 09 23 07 50  20  1.9  2.6  1.44  9.09  7.99 111 1015.0  27.9  29.1  24.0 99.0 99.00
2016 09 23 08 50  24  2.1  2.8  1.84 11.43  8.80 119 1015.1  27.9  29.1  24.0 99.0 99.00
2016 09 23 09 50  27  2.9  3.9  1.76 10.81  8.34 116 1015.4  27.8  29.0  24.2 99.0 99.00
2016 09 23 10 50  21  3.3  4.2  1.68 10.00  8.33 114 1015.7  27.8  28.9  23.8 99.0 99.00
2016 09 23 11 50  27  4.1  5.2  1.92 10.81  8.78 119 1015.9  28.0  29.0  23.3 99.0 99.00
2016 09 23 12 50  34  4.4  5.7  1.50 10.81  8.17 112 1016.2  28.0  28.9  23.5 99.0 99.00
2016 09 23 13 50  31  4.7  5.5  1.91 10.81  8.72 125 1016.3  28.0  29.0  23.7 99.0 99.00
2016 09 23 14 50  31  4.9  6.3  1.83 10.81  8.30 121 1016.0  28.0  29.0  23.5 99.0 99.00
2016 09 23 15 50  27  5.3  6.9  1.89 10.81  8.30 121 1015.5  27.9  29.0  23.6 99.0 99.00
2016 09 23 16 50  20  5.0  6.1  1.83 10.81  8.39 122 1014.7  27.9  29.1  23.5 99.0 99.00
2016 09 23 17 50  11  5.4  6.5  1.98 10.00  8.35 120 1014.2  28.1  29.2  23.4 99.0 99.00
2016 09 23 18 50  12  5.1  6.7  2.14 10.00  8.34 114 1013.3  28.0  29.2  23.3 99.0 99.00
2016 09 23 19 50 353  4.8  6.1  2.06 10.81  8.38 120 1013.2  28.0  29.2  23.5 99.0 99.00
2016 09 23 20 50   3  5.5  7.3  2.10 10.00  8.38 121 1012.9  28.1  29.2  23.4 99.0 99.00
2016 09 23 21 50 348  5.9  7.2  2.25 10.81  8.38 117 1013.0  28.0  29.1  24.0 99.0 99.00
2016 09 23 22 50 356  6.3  7.3  2.20 10.00  8.30 118 1013.0  27.9  29.1  23.9 99.0 99.00
2016 09 23 23 50 347  6.6  8.2  2.38 10.81  8.50 123 1012.9  27.9  29.1  24.2 99.0 99.00
2016 09 24 00 50 348  6.3  7.8  2.22 11.43  7.96 119 1012.9  28.0  29.0  24.0 99.0 99.00
2016 09 24 01 50 352  6.7  8.0  2.11 10.00  7.49 114 1013.4  28.1  29.0  23.9 99.0 99.00
2016 09 24 02 50 347  6.6  7.8  2.37 10.81  7.64 112 1013.7  28.2  29.0  23.9 99.0 99.00
2016 09 24 03 50 339  5.9  7.4  2.45 10.81  8.01 118 1013.4  28.1  28.9  24.1 99.0 99.00
2016 09 24 04 50 327  6.2  7.8  2.57 10.81  8.02 112 1012.9  28.2  28.9  24.1 99.0 99.00
2016 09 24 05 50 316  5.9  7.7  2.58 10.81  8.21 113 1012.9  28.2  28.9  24.2 99.0 99.00
2016 09 24 06 50 335  5.9  7.2  2.57 10.81  8.15 115 1012.4  27.9  28.9  24.8 99.0 99.00
2016 09 24 07 50 316  7.6  9.9  2.51 10.81  7.69 110 1012.2  28.1  28.9  24.7 99.0 99.00
2016 09 24 08 50 316  7.6  9.3  2.33 10.00  7.46 110 1012.4  28.0  28.9  24.5 99.0 99.00
2016 09 24 09 50 320  6.8  8.3  2.34 11.43  7.33 113 1012.8  28.0  28.9  24.1 99.0 99.00
2016 09 24 10 50 311  6.7  8.0  2.63 11.43  7.92 114 1013.2  28.0  28.9  24.3 99.0 99.00
2016 09 24 11 50 315  7.9  9.5  2.17 11.43  7.28 113 1013.8  28.1  28.9  23.8 99.0 99.00
2016 09 24 12 50 315  8.2 10.0  1.97 11.43  6.87 104 1014.2  28.2  28.8  24.1 99.0 99.00
2016 09 24 13 50 309  8.4 10.4  1.92 10.81  6.41 107 1014.2  28.2  28.9  24.0 99.0 99.00
2016 09 24 14 50 307  8.1 10.2  1.79 11.43  6.09 104 1014.1  28.3  28.9  23.9 99.0 99.00
2016 09 24 15 50 298  7.9  9.6  1.92 10.00  6.51 105 1014.0  28.3  29.0  24.5 99.0 99.00
2016 09 24 16 50 297  7.4  8.9  1.80 10.81  6.12 107 1014.0  28.4  28.9  24.4 99.0 99.00
2016 09 24 17 50 294  8.1  9.6  1.80 10.81  5.88 108 1013.3  28.5  29.0  24.4 99.0 99.00
2016 09 24 18 50 290  7.5  9.1  1.53 10.81  5.66 105 1012.7  28.5  28.9  24.4 99.0 99.00
2016 09 24 19 50 289  8.0  9.3  1.41 10.81  5.45 113 1012.6  28.6  29.0  24.1 99.0 99.00
2016 09 24 20 50 281  7.3  9.1  1.44 10.81  5.27 117 1012.8  28.8  28.9  23.9 99.0 99.00
2016 09 24 21 50 286  8.1 10.1  1.46 10.81  5.36 117 1013.2  28.7  28.9  24.0 99.0 99.00
2016 09 24 22 50 302  7.8  9.1  1.47 10.00  5.11 104 1013.4  28.5  28.8  24.0 99.0 99.00
2016 09 24 23 50 302  7.5  9.2  1.33 10.00  4.86 107 1013.6  28.4  28.9  23.5 99.0 99.00
2016 09 25 00 50 305  7.1  8.8  1.41 10.00  5.12 110 1014.0  28.2  28.9  23.7 99.0 99.00
2016 09 25 01 50 303  6.8  8.6  1.31 10.00  5.04 111 1014.0  28.1  28.9  24.2 99.0 99.00
2016 09 25 02 50 310  7.0  7.8  1.26 10.00  4.87 118 1014.1  28.0  29.0  24.3 99.0 99.00
2016 09 25 03 50 317  6.3  7.6  1.19 10.00  4.98 116 1013.9  28.0  29.0  24.0 99.0 99.00
2016 09 25 04 50 338  4.6  6.1  1.16  9.09  5.06 106 1014.0  27.6  29.0  23.6 99.0 99.00
2016 09 25 05 50 343  4.7  6.2  1.14  9.09  5.30 110 1013.8  27.6  28.9  24.1 99.0 99.00
2016 09 25 06 50 340  4.6  6.2  1.11  9.09  5.43 111 1013.5  27.7  28.9  23.7 99.0 99.00
2016 09 25 07 50 339  5.2  6.3  1.08  9.09  5.56  93 1013.1  27.6  28.9  23.9 99.0 99.00
2016 09 25 08 50 346  4.7  5.9  1.14  9.09  5.78 120 1013.4  27.7  28.9  23.3 99.0 99.00
2016 09 25 09 50 349  4.5  5.8  1.03  9.09  5.39 110 1013.7  27.6  28.9  23.4 99.0 99.00
2016 09 25 10 50  12  4.7  5.9  1.09  9.09  5.49 108 1014.3  27.7  28.9  23.2 99.0 99.00
2016 09 25 11 50   4  4.7  5.7  0.97  9.09  5.53 111 1015.0  27.7  28.9  22.8 99.0 99.00
2016 09 25 12 50   7  4.3  5.6  1.07  8.33  5.77 104 1015.4  27.7  28.9  22.6 99.0 99.00
2016 09 25 13 50   3  4.1  5.3  0.98  8.33  5.35 102 1015.9  27.7  28.9  22.6 99.0 99.00
2016 09 25 14 50 343  4.0  5.0  0.98  9.09  5.61 101 1015.8  27.7  29.0  22.1 99.0 99.00
2016 09 25 15 50 351  3.4  4.3  0.99  9.09  5.51 107 1015.8  27.6  29.1  22.2 99.0 99.00
2016 09 25 16 50 331  3.7  4.8  1.01  8.33  5.50 113 1015.4  27.6  29.2  21.7 99.0 99.00
2016 09 25 17 50 333  3.3  5.3  1.00  9.09  5.56  99 1014.9  27.5  29.3  21.5 99.0 99.00
2016 09 25 18 50 325  4.4  5.4  0.97  5.88  5.55  19 1014.6  27.5  29.3  21.5 99.0 99.00
2016 09 25 19 50 326  4.8  6.2  0.97  6.25  5.48  19 1014.0  27.7  29.2  21.1 99.0 99.00
2016 09 25 20 50 322  5.8  7.5  1.00  5.88  5.45   9 1014.0  27.7  29.2  22.2 99.0 99.00
2016 09 25 21 50 351  9.5 10.9  1.11  5.88  4.88   4 1014.1  27.0  29.1  22.5 99.0 99.00
2016 09 25 22 50 349  8.7 10.4  1.17  6.67  4.59  30 1014.9  26.7  29.0  21.8 99.0 99.00
2016 09 25 23 50 354  7.6  9.0  1.35  6.25  4.78  12 1015.5  26.6  28.9  21.6 99.0 99.00
2016 09 26 00 50  12  8.6 10.2  1.37  6.67  4.78  37 1016.0  26.5  28.9  21.3 99.0 99.00
2016 09 26 01 50  10  7.6  8.9  1.49  6.25  4.99  20 1016.3  26.4  28.9  20.9 99.0 99.00
2016 09 26 02 50   8  8.3 10.0  1.59  6.67  5.01   9 1016.2  26.3  28.8  20.9 99.0 99.00
2016 09 26 03 50   9  9.1 11.2  1.71  6.67  5.16  11 1015.9  26.1  28.8  20.5 99.0 99.00
2016 09 26 04 50   9  9.2 11.3  1.89  7.14  5.41  19 1015.6  26.0  28.8  20.7 99.0 99.00
2016 09 26 05 50  11  8.7 10.9  2.16  7.69  5.87   8 1015.7  25.9  28.8  20.3 99.0 99.00
2016 09 26 06 50  15  8.2 10.3  2.23  8.33  6.27   3 1015.4  25.8  28.7  19.8 99.0 99.00
2016 09 26 07 50  15  7.4  9.5  2.07  8.33  6.06  20 1015.5  25.7  28.7  20.0 99.0 99.00
2016 09 26 08 50  18  8.2 10.3  2.02  9.09  6.05  13 1015.5  25.7  28.7  19.8 99.0 99.00
2016 09 26 09 50  18  7.6  9.2  2.05  7.69  6.03   9 1016.2  25.6  28.7  19.1 99.0 99.00
2016 09 26 10 50  23  7.7  9.8  2.10  8.33  6.15   9 1016.8  25.6  28.6  18.9 99.0 99.00
2016 09 26 11 50  24  7.6  9.4  2.01  8.33  6.10  30 1017.3  25.6  28.7  18.5 99.0 99.00
2016 09 26 12 50  28  7.1  9.0  1.95  7.69  5.93  22 1017.8  25.6  28.6  17.7 99.0 99.00
2016 09 26 13 50  37  6.1  8.0  2.02  8.33  6.02  39 1018.0  25.8  28.7  16.6 99.0 99.00
2016 09 26 14 50  37  5.6  7.3  1.79  8.33  5.90  32 1018.1  25.9  28.7  16.5 99.0 99.00
2016 09 26 15 50  54  6.7  9.5  1.79  7.69  5.91  20 1017.7  26.1  28.7  16.9 99.0 99.00
2016 09 26 16 50  54  7.5  9.6  1.78  8.33  5.96  44 1017.5  26.0  28.7  18.5 99.0 99.00
2016 09 26 17 50  54  7.7  9.7  1.77  8.33  5.79  32 1017.2  25.9  28.7  18.2 99.0 99.00
2016 09 26 18 50  50  8.1 10.5  1.77  7.14  5.63  28 1017.1  25.8  28.7  17.6 99.0 99.00
2016 09 26 19 50  49  7.9 10.1  1.74  7.69  5.87  17 1017.1  25.9  28.6  16.6 99.0 99.00
2016 09 26 20 50  53  7.7  9.8  1.67  8.33  5.56  34 1017.0  26.1  28.6  17.4 99.0 99.00
2016 09 26 21 50  66  7.8 10.0  1.76  7.69  5.75  15 1017.2  26.0  28.6  18.2 99.0 99.00
2016 09 26 22 50  61  8.3 10.5  1.86  7.69  5.97  31 1017.7  26.0  28.6  19.1 99.0 99.00
2016 09 26 23 50  67  7.2  9.3  1.81  7.14  5.71  16 1018.3  26.0  28.6  18.7 99.0 99.00
2016 09 27 00 50  71  7.7  9.4  1.90  7.14  5.88  26 1018.5  26.0  28.6  18.8 99.0 99.00
2016 09 27 01 50  78  7.5  9.6  1.94  7.69  5.82  11 1018.6  25.9  28.6  18.7 99.0 99.00
2016 09 27 02 50  70  8.3 10.7  1.88  8.33  5.95  22 1018.4  25.7  28.6  17.9 99.0 99.00
2016 09 27 03 50  76  7.3  9.6  1.77  9.09  5.95  36 1018.5  25.7  28.6  17.7 99.0 99.00
2016 09 27 04 50  77  7.7  9.9  1.84  8.33  6.37  28 1018.4  25.7  28.6  17.8 99.0 99.00
2016 09 27 05 50  88  6.1  8.0  1.69  8.33  6.12   3 1018.1  25.7  28.6  17.4 99.0 99.00
2016 09 27 06 50  78  7.0  8.8  1.79  8.33  6.37  11 1017.6  25.5  28.5  17.8 99.0 99.00
2016 09 27 07 50  80  6.7  8.1  1.75  9.09  6.34  12 1017.2  25.5  28.4  18.4 99.0 99.00
2016 09 27 08 50 100  6.8  8.1  1.75  9.09  6.48  54 1017.0  25.6  28.4  18.5 99.0 99.00
2016 09 27 09 50  92  6.4  8.3  1.67  8.33  6.31  20 1017.1  25.6  28.4  18.4 99.0 99.00
2016 09 27 10 50  90  7.5  9.0  1.67  9.09  6.41  50 1017.1  25.8  28.4  19.0 99.0 99.00
2016 09 27 11 50 106  8.5 10.3  1.70  8.33  6.16  29 1017.1  26.0  28.3  19.6 99.0 99.00
2016 09 27 12 50 109  8.2 10.4  1.67  7.69  6.09  24 1017.6  26.3  28.3  20.3 99.0 99.00
2016 09 27 13 50 114  8.8 10.7  1.69  8.33  6.04  27 1017.7  26.6  28.4  20.7 99.0 99.00
2016 09 27 14 50 118  8.6 10.8  1.67  7.69  6.07 356 1017.7  26.9  28.3  21.3 99.0 99.00
2016 09 27 15 50 129  9.3 11.2  1.72  7.69  5.78   7 1017.4  27.1  28.4  21.5 99.0 99.00
2016 09 27 16 50 127  8.8 11.2  1.77  7.69  5.80  47 1016.7  27.2  28.3  22.3 99.0 99.00
2016 09 27 17 50 122  9.3 11.4  1.88  6.67  5.78  88 1015.7  27.3  28.3  22.6 99.0 99.00
2016 09 27 18 50 123  9.9 11.4  1.91  5.88  5.77  96 1015.3  27.1  28.4  22.9 99.0 99.00
2016 09 27 19 50 129 10.2 13.3  1.83  5.56  5.82 110 1015.0  27.6  28.4  23.5 99.0 99.00
2016 09 27 20 50 128 10.9 13.5  2.10  6.25  5.76 108 1014.5  27.7  28.5  23.9 99.0 99.00
2016 09 27 21 50 142 10.1 12.4  2.18  6.67  5.95 110 1014.4  26.7  28.4  23.7 99.0 99.00
2016 09 27 22 50 135 11.0 13.0  2.13  6.25  5.80 108 1014.3  27.6  28.4  24.6 99.0 99.00
2016 09 27 23 50 134  9.5 12.5  2.20  6.67  5.92 111 1014.5  27.7  28.4  25.0 99.0 99.00
2016 09 28 00 50 213  5.6  9.4  1.78  6.67  6.01 109 1015.8  23.3  28.2  22.5 99.0 99.00
2016 09 28 01 50 170  7.0  9.0  1.94  7.14  6.12 100 1016.4  25.8  28.3  23.1 99.0 99.00
2016 09 28 02 50 155  3.9  5.4  1.72  6.67  6.05 111 1015.9  25.8  28.2  22.3 99.0 99.00
2016 09 28 03 50 193  8.0  9.5  1.65  6.67  6.16 101 1015.4  25.9  28.3  23.8 99.0 99.00
2016 09 28 04 50 203  9.9 12.6  1.77  6.67  5.90 111 1014.6  26.6  28.3  23.3 99.0 99.00
2016 09 28 05 50 188  8.5 10.6  1.77  6.67  5.57 110 1014.1  26.9  28.2  22.8 99.0 99.00
2016 09 28 06 50 192  8.3 10.1  1.74  6.25  5.51 112 1014.3  27.2  28.2  22.8 99.0 99.00
2016 09 28 07 50 186  8.1 10.1  1.69  6.67  5.62 120 1014.4  27.3  28.2  24.0 99.0 99.00
2016 09 28 08 50 196  7.5  9.1  1.78  5.88  5.61 162 1014.7  27.5  28.4  24.1 99.0 99.00
2016 09 28 09 50 205  7.8  9.6  1.66  5.88  5.49 154 1015.1  27.7  28.4  24.5 99.0 99.00
2016 09 28 10 50 239  7.8 11.5  1.87  6.25  5.51 140 1015.8  24.1  28.4  21.5 99.0 99.00
2016 09 28 11 50 201  5.7  7.2  1.88  5.88  5.70 171 1016.3  25.5  28.4  21.9 99.0 99.00
2016 09 28 12 50 169  6.9  8.6  1.82  5.56  5.76 192 1017.0  26.1  28.4  23.0 99.0 99.00
2016 09 28 13 50 175  7.9  9.7  1.78  6.25  5.64 151 1017.5  26.5  28.4  24.4 99.0 99.00
2016 09 28 14 50 170  7.7  9.0  1.56  5.56  5.54 205 1017.5  26.9  28.4  23.7 99.0 99.00
2016 09 28 15 50 186  8.2 10.0  1.65 11.43  5.55  69 1017.2  27.4  28.4  24.5 99.0 99.00
2016 09 28 16 50 176  8.0  9.8  1.77  5.88  5.55 180 1017.2  27.4  28.4  24.6 99.0 99.00
2016 09 28 17 50 177  8.8 10.7  1.64  5.88  5.37 225 1017.1  26.9  28.5  24.8 99.0 99.00
2016 09 28 18 50 186  8.8 10.3  1.68  6.25  5.33 159 1016.9  27.7  28.5  24.7 99.0 99.00
2016 09 28 19 50 187  9.0 10.5  1.66  6.25  5.30 169 1017.1  27.6  28.5  25.2 99.0 99.00
2016 09 28 20 50 202  7.4  8.8  1.74  5.88  5.27 199 1017.4  28.0  28.4  25.4 99.0 99.00
2016 09 28 21 50 203  7.9  9.1  1.56  5.88  5.22 189 1017.2  27.9  28.4  25.5 99.0 99.00
2016 09 28 22 50 211  7.4  8.3  1.63  5.88  5.20 193 1017.8  28.0  28.4  25.1 99.0 99.00
2016 09 28 23 50 209  8.1 10.8  1.54  5.88  5.21 214 1018.2  28.1  28.4  24.8 99.0 99.00
2016 09 29 00 50 176  5.6  7.2  1.50  6.25  5.34 172 1018.8  26.9  28.4  23.1 99.0 99.00
2016 09 29 01 50 204  8.6 11.2  1.40  5.88  5.30 169 1019.5  26.3  28.4  23.9 99.0 99.00
2016 09 29 02 50 218  5.4  6.3  1.45  5.56  5.42 221 1019.5  26.9  28.4  23.6 99.0 99.00
2016 09 29 03 50 206  4.3  5.7  1.30  5.88  5.52 184 1019.4  27.5  28.4  23.8 99.0 99.00
2016 09 29 04 50 195  5.0  6.4  1.39  5.56  5.54 166 1019.4  27.7  28.4  24.4 99.0 99.00
2016 09 29 05 50 201  5.1  6.1  1.35  5.88  5.62 203 1019.4  27.9  28.4  24.9 99.0 99.00
2016 09 29 06 50 199  4.4  5.4  1.33  5.88  5.57 205 1018.8  27.9  28.4  25.3 99.0 99.00
2016 09 29 07 50 182  7.7  9.5  1.31  5.88  5.64 238 1018.7  26.8  28.4  23.5 99.0 99.00
2016 09 29 08 50 208  7.5 10.6  1.30  5.88  5.16 179 1019.5  25.2  28.4  23.3 99.0 99.00
2016 09 29 09 50 171  3.9  4.6  1.28  5.88  5.26 250 1019.9  26.1  28.4  23.4 99.0 99.00
2016 09 29 10 50 154  4.7  5.5  1.17  5.56  5.54 219 1019.9  25.9  28.4  24.0 99.0 99.00
2016 09 29 11 50 116  6.0  7.4  1.15  5.56  5.43 224 1020.7  26.2  28.4  24.5 99.0 99.00
2016 09 29 12 50 122  4.8  5.9  1.19  5.56  5.50 201 1020.9  26.5  28.4  23.9 99.0 99.00
2016 09 29 13 50 126  6.2  7.2  1.17  5.26  5.56 165 1021.2  26.7  28.4  24.4 99.0 99.00
2016 09 29 14 50 138  5.4  6.2  1.06  6.67  5.30  88 1020.7  27.5  28.4  23.4 99.0 99.00
2016 09 29 15 50 141  7.4  8.9  1.12  5.26  5.35 204 1020.3  27.1  28.4  23.1 99.0 99.00
2016 09 29 16 50 167  7.9  9.1  1.11  8.33  5.10  79 1020.4  27.4  28.4  23.1 99.0 99.00
2016 09 29 17 50 160  7.8  9.3  1.28  8.33  5.23  93 1020.1  27.7  28.3  23.5 99.0 99.00
2016 09 29 18 50 163  7.5  9.0  1.25  5.00  5.11 146 1020.2  27.9  28.3  24.1 99.0 99.00
2016 09 29 19 50 168  7.1  8.4  1.25  5.56  5.06 185 1020.2  27.9  28.4  25.2 99.0 99.00
2016 09 29 20 50 171  7.0  8.0  1.32  5.88  5.12 173 1020.4  28.0  28.4  25.6 99.0 99.00
2016 09 29 21 50 171  6.5  7.8  1.29  5.88  5.11 178 1020.8  28.0  28.4  25.7 99.0 99.00
2016 09 29 22 50 165  5.7  6.7  1.21  6.25  5.24 141 1020.5  28.0  28.4  25.9 99.0 99.00
2016 09 29 23 50 153  5.4  6.6  1.20  5.56  5.24 204 1020.8  28.2  28.4  25.6 99.0 99.00
2016 09 30 00 50 175  6.6  7.8  1.24  5.88  5.23 182 1021.3  27.8  28.4  23.7 99.0 99.00
2016 09 30 01 50 180  7.0  8.9  1.26  5.56  5.16 176 1021.6  27.6  28.4  24.4 99.0 99.00
2016 09 30 02 50 175  6.1  7.2  1.40  5.88  5.19 165 1021.6  28.0  28.4  24.0 99.0 99.00
2016 09 30 03 50 164  4.0  5.0  1.31  5.88  5.19 165 1021.2  27.7  28.3  25.0 99.0 99.00
2016 09 30 04 50 150  6.0  7.5  1.17  6.25  5.34 142 1020.6  27.9  28.3  25.4 99.0 99.00
2016 09 30 05 50 175  7.0  8.1  1.18  6.25  5.30 158 1020.6  28.0  28.3  25.2 99.0 99.00
2016 09 30 06 50 159  6.3  7.4  1.17  5.88  5.23 159 1020.1  27.8  28.3  25.0 99.0 99.00
2016 09 30 07 50 161  4.8  5.7  1.15  5.88  5.26 172 1020.0  27.9  28.2  25.0 99.0 99.00
2016 09 30 08 50 150  4.8  5.7  1.20  5.88  5.41 171 1019.8  27.9  28.2  24.7 99.0 99.00
2016 09 30 09 50 146  5.5  6.6  1.19  8.33  5.39  45 1020.2  27.9  28.2  24.7 99.0 99.00
2016 09 30 10 50 150  4.9  5.7  1.27  5.88  5.54 159 1020.6  27.8  28.2  24.7 99.0 99.00
2016 09 30 11 50 152  5.4  6.3  1.23  6.25  5.48 143 1020.8  28.1  28.2  24.3 99.0 99.00
2016 09 30 12 50 144  5.5  6.4  1.15  8.33  5.45  59 1021.3  28.0  28.2  24.7 99.0 99.00
2016 09 30 13 50 151  4.8  5.6  1.26  7.69  5.60  80 1021.8  28.1  28.3  24.9 99.0 99.00
2016 09 30 14 50 153  4.4  5.2  1.22  7.69  5.74  58 1022.0  28.2  28.3  25.0 99.0 99.00
2016 09 30 15 50 147  4.3  5.0  1.10  8.33  5.79  62 1021.8  28.2  28.4  25.1 99.0 99.00
2016 09 30 16 50 154  3.7  4.8  1.07  8.33  5.74  58 1021.4  28.1  28.5  25.2 99.0 99.00
2016 09 30 17 50 142  4.2  4.9  1.05  7.69  5.70  70 1021.0  28.2  28.6  24.5 99.0 99.00
2016 09 30 19 50 125  3.2  3.9  1.14  8.33  5.85  57 1020.1  28.2  28.8  24.0 99.0 99.00
2016 09 30 20 50 123  4.0  5.0  1.16  9.09  6.29  27 1020.2  28.1  28.8  25.0 99.0 99.00
2016 09 30 21 50 113  3.8  4.4  1.40  9.09  6.82   8 1020.3  28.1  28.8  23.4 99.0 99.00
2016 09 30 22 50  98  4.7  5.8  1.32  9.09  6.56  18 1020.1  27.8  28.7  24.7 99.0 99.00