#YY  MM DD hh mm WDIR WSPD GST  WVHT   DPD   APD MWD   PRES  ATMP  WTMP  DEWP  VIS  TIDE
#yr  mo dy hr mn degT m/s  m/s     m   sec   sec deg    hPa  degC  degC  degC  nmi    ft
2016 03 31 23 50 174  7.2  8.7  1.86  7.69  5.76 106 9999.0  21.1  20.4 999.0 99.0 99.00
2016 04 01 00 50 178  6.9  8.0  2.00  7.69  5.98 105 9999.0  21.1  20.4 999.0 99.0 99.00
2016 04 01 01 50 179  7.2  8.6  1.72  7.69  5.73 109 9999.0  21.0  20.4 999.0 99.0 99.00
2016 04 01 02 50 183  7.2  8.3  1.80  7.14  5.72 102 9999.0  20.9  20.4 999.0 99.0 99.00
2016 04 01 03 50 172  8.9 10.6  1.80  7.69  5.62 118 9999.0  20.9  20.4 999.0 99.0 99.00
2016 04 01 04 50 180  8.9 10.3  1.81  7.69  5.68 111 9999.0  20.9  20.4 999.0 99.0 99.00
2016 04 01 05 50 190  7.5  9.1  1.77  7.14  5.39 122 9999.0  21.0  20.5 999.0 99.0 99.00
2016 04 01 06 50 193  8.2  9.4  1.68  7.69  5.45 116 9999.0  21.0  20.5 999.0 99.0 99.00
2016 04 01 07 50 195  7.8  9.0  1.66  7.69  5.40 115 9999.0  21.0  20.5 999.0 99.0 99.00
2016 04 01 08 50 197  7.7  9.5  1.65  8.33  5.41 117 9999.0  21.0  20.5 999.0 99.0 99.00
2016 04 01 09 50 199  7.9  9.2  1.72  7.69  5.46 125 9999.0  21.1  20.6 999.0 99.0 99.00
2016 04 01 10 50 194  7.8  9.3  1.69  6.67  5.50 130 9999.0  21.1  20.6 999.0 99.0 99.00
2016 04 01 11 50 198  8.2  9.9  1.57  7.69  5.25 106 9999.0  21.2  20.6 999.0 99.0 99.00
2016 04 01 12 50 199  7.5  8.8  1.64  7.14  5.45 119 9999.0  21.3  20.6 999.0 99.0 99.00
2016 04 01 13 50 204  7.6  9.5  1.68  7.69  5.45 110 9999.0  21.4  20.7 999.0 99.0 99.00
2016 04 01 14 50 206  6.5  7.5  1.71  6.67  5.51 127 9999.0  21.4  20.7 999.0 99.0 99.00
2016 04 01 15 50 208  5.9  7.1  1.57  7.14  5.30 122 9999.0  21.4  20.8 999.0 99.0 99.00
2016 04 01 16 50 205  6.8  8.0  1.77  7.14  5.72 110 9999.0  21.6  20.9 999.0 99.0 99.00
2016 04 01 17 50 209  7.1  8.0  1.69  6.67  5.53 150 9999.0  21.6  20.9 999.0 99.0 99.00
2016 04 01 18 50 205  7.1  8.6  1.70  7.69  5.58 106 9999.0  21.6  21.0 999.0 99.0 99.00
2016 04 01 19 50 208  7.0  8.7  1.73  7.14  5.64 132 9999.0  21.7  21.0 999.0 99.0 99.00
2016 04 01 20 50 211  7.4  8.4  1.67  7.69  5.59 122 9999.0  21.8  21.0 999.0 99.0 99.00
2016 04 01 21 50 204  6.4  7.5  1.71  8.33  5.78 107 9999.0  21.6  20.9 999.0 99.0 99.00
2016 04 01 22 50 197  6.2  7.2  1.72  6.25  5.65 198 9999.0  21.6  20.9 999.0 99.0 99.00
2016 04 01 23 50 199  7.5  8.7  1.66  9.09  5.62 116 9999.0  21.6  20.8 999.0 99.0 99.00
2016 04 02 00 50 200  8.0  9.2  1.59  9.09  5.53 110 9999.0  21.5  20.7 999.0 99.0 99.00
2016 04 02 01 50 201  7.5  9.0  1.62  7.69  5.47 123 9999.0  21.5  20.7 999.0 99.0 99.00
2016 04 02 02 50 204  7.5  8.5  1.70  7.14  5.45 156 9999.0  21.6  20.7 999.0 99.0 99.00
2016 04 02 03 50 204  7.6  8.7  1.68  6.67  5.42 150 9999.0  21.5  20.7 999.0 99.0 99.00
2016 04 02 04 50 204  9.2 10.8  1.69  7.69  5.30 130 9999.0  21.7  20.8 999.0 99.0 99.00
2016 04 02 05 50 210  8.5 10.1  1.63  8.33  5.15 121 9999.0  21.7  20.8 999.0 99.0 99.00
2016 04 02 06 50 209  8.0  9.6  1.71  8.33  5.25 116 9999.0  21.7  20.8 999.0 99.0 99.00
2016 04 02 07 50 215  9.3 10.9  1.65  7.69  5.16 110 9999.0  21.8  20.8 999.0 99.0 99.00
2016 04 02 08 50 210  8.0  9.3  1.86  7.69  5.48 123 9999.0  21.7  20.8 999.0 99.0 99.00
2016 04 02 09 50 212  7.7  9.1  1.77  8.33  5.31 127 9999.0  21.7  20.8 999.0 99.0 99.00
2016 04 02 10 50 207  8.8 10.6  1.76  6.67  5.31 184 9999.0  21.7  20.8 999.0 99.0 99.00
2016 04 02 11 50 213  9.2 11.4  1.77  8.33  5.44 129 9999.0  21.9  20.9 999.0 99.0 99.00
2016 04 02 12 50 215 10.1 12.2  2.05  5.56  5.35 187 9999.0  22.0  20.9 999.0 99.0 99.00
2016 04 02 13 50 216 10.1 13.3  2.06  5.88  5.47 182 9999.0  21.9  20.9 999.0 99.0 99.00
2016 04 02 14 50 219 10.8 13.0  2.01  7.69  5.42 133 9999.0  22.0  20.9 999.0 99.0 99.00
2016 04 02 15 50 220 11.2 13.0  2.20  5.88  5.48 194 9999.0  21.9  20.8 999.0 99.0 99.00
2016 04 02 16 50 221 11.6 14.0  2.20  6.25  5.41 199 9999.0  22.0  20.8 999.0 99.0 99.00
2016 04 02 17 50 221 11.6 14.7  2.53  6.67  5.63 196 9999.0  22.0  20.8 999.0 99.0 99.00
2016 04 02 18 50 222 11.6 14.2  2.56  7.14  5.78 185 9999.0  22.1  20.7 999.0 99.0 99.00
2016 04 02 19 50 227 12.4 14.8  2.69  7.14  5.86 198 9999.0  22.1  20.7 999.0 99.0 99.00
2016 04 02 20 50 229 12.9 16.3  2.64  7.14  5.79 195 9999.0  22.2  20.7 999.0 99.0 99.00
2016 04 02 21 50 229 12.3 15.0  3.06  7.14  6.08 197 9999.0  22.1  20.6 999.0 99.0 99.00
2016 04 02 22 50 228 13.0 15.8  2.95  7.14  6.08 206 9999.0  22.2  20.6 999.0 99.0 99.00
2016 04 02 23 50 233 13.0 16.6  3.15  7.69  6.17 209 9999.0  22.3  20.6 999.0 99.0 99.00
2016 04 03 00 50 233 12.5 15.8  3.20  7.69  6.41 216 9999.0  22.3  20.6 999.0 99.0 99.00
2016 04 03 01 50 235 11.9 14.8  3.08  7.69  6.16 221 9999.0  22.2  20.6 999.0 99.0 99.00
2016 04 03 02 50 237 11.9 14.2  3.07  7.69  6.33 198 9999.0  22.2  20.5 999.0 99.0 99.00
2016 04 03 03 50 264 10.9 13.7  3.25  7.69  6.40 216 9999.0  21.8  20.5 999.0 99.0 99.00
2016 04 03 04 50 274  9.5 12.1  3.40  7.69  6.51 224 9999.0  21.8  20.5 999.0 99.0 99.00
2016 04 03 05 50 285  9.6 11.7  3.08  7.69  6.49 209 9999.0  21.8  20.4 999.0 99.0 99.00
2016 04 03 06 50 293 10.9 13.2  2.80  9.09  6.25 266 9999.0  21.5  20.4 999.0 99.0 99.00
2016 04 03 07 50 297 11.5 14.7  3.20  9.09  6.58 274 9999.0  20.9  20.3 999.0 99.0 99.00
2016 04 03 08 50 302 11.5 14.2  3.45  7.69  6.46 216 9999.0  20.3  20.2 999.0 99.0 99.00
2016 04 03 09 50 305 10.7 13.9  3.90  9.09  7.05 266 9999.0  19.8  20.2 999.0 99.0 99.00
2016 04 03 10 50 306 10.6 13.2  3.55  9.09  6.78 263 9999.0  19.6  20.1 999.0 99.0 99.00
2016 04 03 11 50 317  9.8 11.4  3.58  9.09  6.95 271 9999.0  19.4  20.1 999.0 99.0 99.00
2016 04 03 12 50 320  9.6 11.9  3.81  9.09  7.18 286 9999.0  19.3  20.1 999.0 99.0 99.00
2016 04 03 13 50 330  8.7 11.3  3.92  9.09  7.17 294 9999.0  19.1  20.1 999.0 99.0 99.00
2016 04 03 14 50 331  8.6 10.3  3.62  9.09  7.24 293 9999.0  19.1  20.1 999.0 99.0 99.00
2016 04 03 15 50 337  7.9  9.9  3.89  9.09  7.48 272 9999.0  19.2  20.2 999.0 99.0 99.00
2016 04 03 16 50 345  7.9 10.3  3.77  9.09  7.37 280 9999.0  19.0  20.2 999.0 99.0 99.00
2016 04 03 17 50 351  8.4 10.2  3.60  9.09  7.36 264 9999.0  18.7  20.2 999.0 99.0 99.00
2016 04 03 18 50  12  9.1 11.5  3.74  9.09  7.34 268 9999.0  17.6  20.3 999.0 99.0 99.00
2016 04 03 19 50  16  8.2 10.2  3.07  8.33  6.73 255 9999.0  17.1  20.4 999.0 99.0 99.00
2016 04 03 20 50  15  8.0  9.6  2.86  9.09  6.70 265 9999.0  16.8  20.6 999.0 99.0 99.00
2016 04 03 21 50  19  6.4  8.8  2.85  9.09  6.85 289 9999.0  16.4  20.6 999.0 99.0 99.00
2016 04 03 22 50  24  5.4  7.4  2.93  8.33  6.90 286 9999.0  16.0  20.5 999.0 99.0 99.00
2016 04 03 23 50  39  4.9  6.4  2.44  8.33  6.61 289 9999.0  15.8  20.6 999.0 99.0 99.00
2016 04 04 00 50  55  4.7  6.8  2.66  7.69  6.78 300 9999.0  15.7  20.6 999.0 99.0 99.00
2016 04 04 01 50  53  3.9  5.3  2.67  7.69  6.86 293 9999.0  15.5  20.6 999.0 99.0 99.00
2016 04 04 02 50  41  4.0  5.6  2.35  8.33  6.63 278 9999.0  15.4  20.6 999.0 99.0 99.00
2016 04 04 03 50  88  2.2  3.5  2.34  7.69  6.60 307 9999.0  15.5  20.5 999.0 99.0 99.00
2016 04 04 04 50  44  1.7  2.7  2.35  7.14  6.71 298 9999.0  15.5  20.5 999.0 99.0 99.00
2016 04 04 05 50  59  2.4  4.0  2.18  8.33  6.60 357 9999.0  15.4  20.5 999.0 99.0 99.00
2016 04 04 06 50 341  1.1  2.5  2.04  7.69  6.50 333 9999.0  15.4  20.5 999.0 99.0 99.00
2016 04 04 07 50  85  1.7  3.9  2.02  7.14  6.39 351 9999.0  15.6  20.5 999.0 99.0 99.00
2016 04 04 08 50 126  1.2  2.3  1.77  6.67  6.18 327 9999.0  15.4  20.3 999.0 99.0 99.00
2016 04 04 09 50  86  2.1  3.7  1.75  8.33  6.33  52 9999.0  15.6  20.2 999.0 99.0 99.00
2016 04 04 10 50  15  0.7  1.2  1.64  9.09  6.20  45 9999.0  15.6  20.2 999.0 99.0 99.00
2016 04 04 11 50 101  1.3  2.5  1.65  8.33  6.45  93 9999.0  16.4  20.2 999.0 99.0 99.00
2016 04 04 12 50  68  1.6  2.4  1.64  8.33  6.72 108 9999.0  16.5  20.4 999.0 99.0 99.00
2016 04 04 13 50 132  0.5  1.4  1.71  9.09  6.90  36 9999.0  17.0  20.7 999.0 99.0 99.00
2016 04 04 14 50 154  1.8  3.2  1.70  8.33  7.10  47 9999.0  16.8  21.0 999.0 99.0 99.00
2016 04 04 15 50 236  2.2  3.6  1.56 10.00  7.10  21 9999.0  16.8  21.3 999.0 99.0 99.00
2016 04 04 16 50 268  2.3  3.6  1.51 10.00  7.08  31 9999.0  16.8  21.4 999.0 99.0 99.00
2016 04 04 17 50 271  3.6  4.9  1.63 10.81  7.26  28 9999.0  17.0  21.4 999.0 99.0 99.00
2016 04 04 18 50 271  4.1  6.0  1.62  8.33  7.31  47 9999.0  17.2  21.4 999.0 99.0 99.00
2016 04 04 19 50 268  3.5  5.4  1.37 10.81  6.95  32 9999.0  17.3  21.4 999.0 99.0 99.00
2016 04 04 20 50 267  2.9  4.6  1.44  9.09  7.16  64 9999.0  17.5  21.4 999.0 99.0 99.00
2016 04 04 21 50 243  3.3  4.6  1.34  9.09  7.02  57 9999.0  17.8  21.4 999.0 99.0 99.00
2016 04 04 22 50 245  2.9  4.1  1.44  8.33  7.18  80 9999.0  17.8  21.3 999.0 99.0 99.00
2016 04 04 23 50 238  2.4  3.5  1.22  8.33  6.92  83 9999.0  18.0  21.2 999.0 99.0 99.00
2016 04 05 00 50 252  3.3  4.6  1.25  7.69  6.95  77 9999.0  18.2  21.1 999.0 99.0 99.00
2016 04 05 01 50 241  3.3  4.8  1.16  9.09  6.93 106 9999.0  18.5  21.0 999.0 99.0 99.00
2016 04 05 02 50 243  3.5  4.6  1.16  8.33  6.93  79 9999.0  18.7  21.0 999.0 99.0 99.00
2016 04 05 03 50 238  4.6  5.7  1.13  8.33  6.68  84 9999.0  18.8  20.9 999.0 99.0 99.00
2016 04 05 04 50 252  5.5  6.3  1.15  8.33  6.50  77 9999.0  18.9  20.9 999.0 99.0 99.00
2016 04 05 05 50 255  7.1  8.3  1.11  9.09  5.93 110 9999.0  18.9  20.8 999.0 99.0 99.00
2016 04 05 06 50 261  8.3 10.0  1.07  8.33  5.11 105 9999.0  19.2  20.8 999.0 99.0 99.00
2016 04 05 07 50 264  8.1  9.6  1.17  9.09  4.91 108 9999.0  19.3  20.8 999.0 99.0 99.00
2016 04 05 08 50 260  8.4 10.1  1.26  8.33  4.91  77 9999.0  19.3  20.7 999.0 99.0 99.00
2016 04 05 09 50 253  8.2 10.2  1.32  9.09  5.07  98 9999.0  19.4  20.7 999.0 99.0 99.00
2016 04 05 10 50 254  8.1  9.6  1.37  4.76  5.00 261 9999.0  19.7  20.7 999.0 99.0 99.00
2016 04 05 11 50 255  8.2  9.9  1.39  8.33  5.00 115 9999.0  19.8  20.6 999.0 99.0 99.00
2016 04 05 12 50 251  9.0 10.3  1.43  5.26  5.08 275 9999.0  20.0  20.7 999.0 99.0 99.00
2016 04 05 13 50 248  8.8 10.5  1.43  5.00  4.96 264 9999.0  20.3  20.7 999.0 99.0 99.00
2016 04 05 14 50 250  9.7 11.7  1.50  8.33  5.08  97 9999.0  20.5  20.8 999.0 99.0 99.00
2016 04 05 15 50 254  9.3 11.1  1.55  5.88  5.11 267 9999.0  20.7  20.9 999.0 99.0 99.00
2016 04 05 16 50 264  8.5 10.2  1.76  5.88  5.08 260 9999.0  21.0  20.9 999.0 99.0 99.00
2016 04 05 17 50 356 14.2 16.7  1.59  5.56  4.86 271 9999.0  18.6  20.9 999.0 99.0 99.00
2016 04 05 18 50 360 15.2 18.3  1.98  5.26  4.81 309 9999.0  16.9  20.8 999.0 99.0 99.00
2016 04 05 19 50 360 15.2 18.0  2.45  6.25  5.20 330 9999.0  15.7  20.7 999.0 99.0 99.00
2016 04 05 20 50   2 15.3 18.3  2.87  6.25  5.61 347 9999.0  15.3  20.6 999.0 99.0 99.00
2016 04 05 21 50   3 14.3 17.1  3.34  7.69  6.06 339 9999.0  14.7  20.5 999.0 99.0 99.00
2016 04 05 22 50   3 13.8 18.1  4.00  9.09  6.84 349 9999.0  14.1  20.5 999.0 99.0 99.00
2016 04 05 23 50 356 12.8 16.0  3.85 10.00  6.84 347 9999.0  13.8  20.4 999.0 99.0 99.00
2016 04 06 00 50  10 13.4 16.2  4.20 10.00  7.31 359 9999.0  13.8  20.4 999.0 99.0 99.00
2016 04 06 01 50 359 12.7 16.6  4.06 10.00  7.18 352 9999.0  13.7  20.3 999.0 99.0 99.00
2016 04 06 02 50  15 13.3 16.3  4.19 10.81  7.44   8 9999.0  13.8  20.3 999.0 99.0 99.00
2016 04 06 03 50  17 11.7 14.2  4.42 11.43  7.64  14 9999.0  13.8  20.3 999.0 99.0 99.00
2016 04 06 04 50  18 11.2 14.2  4.14 11.43  7.49  16 9999.0  14.2  20.3 999.0 99.0 99.00
2016 04 06 05 50  15 11.1 14.0  4.10 11.43  7.84  17 9999.0  14.3  20.3 999.0 99.0 99.00
2016 04 06 06 50  15 10.9 14.2  4.38 12.12  8.16  19 9999.0  14.5  20.3 999.0 99.0 99.00
2016 04 06 07 50  21  9.4 12.1  4.17 12.12  8.14  22 9999.0  14.8  20.3 999.0 99.0 99.00
2016 04 06 08 50  43  9.0 13.3  4.53 12.90  8.73  18 9999.0  15.3  20.2 999.0 99.0 99.00
2016 04 06 09 50  47  8.3 11.1  4.12 12.90  8.40  26 9999.0  15.4  20.2 999.0 99.0 99.00
2016 04 06 10 50  53  9.0 12.4  4.29 12.90  8.83  14 9999.0  15.8  20.1 999.0 99.0 99.00
2016 04 06 11 50  57  8.1 10.6  4.37 12.12  8.70  21 9999.0  16.0  20.1 999.0 99.0 99.00
2016 04 06 12 50  76  7.8 10.3  4.74 12.12  9.24  20 9999.0  15.9  20.1 999.0 99.0 99.00
2016 04 06 13 50  89  6.0  8.0  4.09 12.90  8.63  19 9999.0  16.1  20.1 999.0 99.0 99.00
2016 04 06 14 50  89  7.0 10.5  3.97 12.12  8.65  16 9999.0  15.9  20.2 999.0 99.0 99.00
2016 04 06 15 50 108  6.1  9.2  4.06 12.12  8.73  16 9999.0  16.3  20.2 999.0 99.0 99.00
2016 04 06 16 50 118  6.0  8.4  3.37 12.12  8.07  20 9999.0  16.7  20.2 999.0 99.0 99.00
2016 04 06 17 50 124  6.7  8.1  3.65 12.12  8.32  13 9999.0  16.7  20.3 999.0 99.0 99.00
2016 04 06 18 50 118  7.0  9.2  3.19 12.12  8.06  23 9999.0  16.2  20.3 999.0 99.0 99.00
2016 04 06 19 50  84  5.0  6.9  3.10 11.43  8.03  26 9999.0  14.9  20.3 999.0 99.0 99.00
2016 04 06 20 50  79  3.1  5.0  2.87 11.43  7.73  20 9999.0  16.4  20.4 999.0 99.0 99.00
2016 04 06 21 50 145  5.9  8.4  2.67 11.43  7.70  28 9999.0  17.4  20.3 999.0 99.0 99.00
2016 04 06 22 50 130  8.0 10.0  2.42 11.43  7.28  24 9999.0  17.3  20.3 999.0 99.0 99.00
2016 04 06 23 50 131  8.1 10.1  2.70 11.43  7.22  32 9999.0  16.6  20.3 999.0 99.0 99.00
2016 04 07 00 50 171  3.5  4.9  2.50 10.81  7.21  42 9999.0  16.8  20.3 999.0 99.0 99.00
2016 04 07 01 50 147  6.6  8.2  2.42 11.43  7.30  34 9999.0  17.7  20.3 999.0 99.0 99.00
2016 04 07 02 50 172  8.6 10.8  2.49 10.00  6.74  49 9999.0  18.0  20.3 999.0 99.0 99.00
2016 04 07 03 50 159  9.1 10.9  2.39 12.12  6.80  47 9999.0  17.6  20.3 999.0 99.0 99.00
2016 04 07 04 50 181 10.0 12.2  2.27 12.12  6.51  41 9999.0  18.4  20.3 999.0 99.0 99.00
2016 04 07 05 50 171 10.9 13.8  2.47 11.43  6.46  50 9999.0  18.0  20.3 999.0 99.0 99.00
2016 04 07 06 50 176 10.0 12.7  2.37 10.00  5.85  67 9999.0  17.6  20.3 999.0 99.0 99.00
2016 04 07 07 50 171 10.4 12.4  2.41 11.43  5.96  38 9999.0  18.5  20.3 999.0 99.0 99.00
2016 04 07 08 50 185  8.9 10.9  2.25  5.88  5.87 118 9999.0  19.1  20.3 999.0 99.0 99.00
2016 04 07 09 50 186 10.4 12.4  2.42 11.43  6.28  52 9999.0  19.3  20.3 999.0 99.0 99.00
2016 04 07 10 50 180 12.1 14.6  2.33 11.43  5.93  36 9999.0  19.4  20.3 999.0 99.0 99.00
2016 04 07 11 50 188 12.2 15.6  2.34 11.43  5.57  38 9999.0  19.6  20.3 999.0 99.0 99.00
2016 04 07 12 50 188 12.0 14.4  2.62  5.56  5.67 154 9999.0  19.8  20.3 999.0 99.0 99.00
2016 04 07 13 50 192 12.3 14.9  2.48  6.25  5.65 147 9999.0  20.1  20.3 999.0 99.0 99.00
2016 04 07 14 50 196 12.6 15.7  2.51  6.67  5.65 126 9999.0  20.4  20.4 999.0 99.0 99.00
2016 04 07 15 50 205 12.9 15.6  2.64  6.67  5.61 159 9999.0  20.5  20.4 999.0 99.0 99.00
2016 04 07 16 50 211 12.1 15.1  2.63  6.67  5.67 158 9999.0  20.6  20.4 999.0 99.0 99.00
2016 04 07 17 50 211 11.8 14.9  2.52  6.67  5.60 169 9999.0  20.7  20.5 999.0 99.0 99.00
2016 04 07 18 50 216 11.6 14.2  2.56  7.14  5.75 156 9999.0  20.8  20.5 999.0 99.0 99.00
2016 04 07 19 50 215 11.6 13.5  2.65  7.14  5.80 167 9999.0  20.7  20.5 999.0 99.0 99.00
2016 04 07 20 50 220 13.5 15.9  2.52  6.67  5.70 171 9999.0  20.9  20.5 999.0 99.0 99.00
2016 04 07 21 50 223 13.4 15.6  2.44  7.14  5.50 169 9999.0  20.8  20.4 999.0 99.0 99.00
2016 04 07 22 50 225 11.4 13.9  2.68  7.14  5.73 184 9999.0  20.8  20.4 999.0 99.0 99.00
2016 04 07 23 50 223  7.2  9.1  2.36  6.67  5.65 192 9999.0  19.5  20.4 999.0 99.0 99.00
2016 04 08 00 50 239  9.6 13.2  2.59  7.69  5.87 168 9999.0  20.2  20.4 999.0 99.0 99.00
2016 04 08 01 50 230  9.4 11.3  2.79  6.67  5.93 198 9999.0  20.7  20.4 999.0 99.0 99.00
2016 04 08 02 50 255  8.5 10.6  2.50  7.69  5.95 203 9999.0  20.7  20.4 999.0 99.0 99.00
2016 04 08 03 50 258  8.6 10.3  2.78  7.14  6.21 188 9999.0  20.7  20.4 999.0 99.0 99.00
2016 04 08 04 50 265  8.5 10.7  2.73  7.14  6.29 205 9999.0  20.7  20.4 999.0 99.0 99.00
2016 04 08 05 50 259  7.2  9.3  2.76  7.14  6.45 186 9999.0  20.5  20.4 999.0 99.0 99.00
2016 04 08 06 50 250  8.0  9.5  2.65  8.33  6.41 260 9999.0  20.5  20.4 999.0 99.0 99.00
2016 04 08 07 50 245  7.2  8.8  2.53  7.69  6.40 243 9999.0  20.4  20.4 999.0 99.0 99.00
2016 04 08 08 50 248  7.3  8.6  2.48  8.33  6.32 237 9999.0  20.4  20.4 999.0 99.0 99.00
2016 04 08 09 50 251  7.6  9.4  2.70  8.33  6.57 251 9999.0  19.2  20.4 999.0 99.0 99.00
2016 04 08 10 50 245  6.5  7.7  2.58  8.33  6.53 249 9999.0  19.0  20.4 999.0 99.0 99.00
2016 04 08 11 50 242  5.7  6.6  2.45  8.33  6.40 254 9999.0  19.4  20.4 999.0 99.0 99.00
2016 04 08 12 50 236  5.8  6.8  2.39  7.69  6.44 248 9999.0  19.8  20.4 999.0 99.0 99.00
2016 04 08 13 50 240  5.9  6.9  2.27  7.69  6.35 237 9999.0  20.2  20.4 999.0 99.0 99.00
2016 04 08 14 50 235  6.5  7.7  2.29  7.69  6.33 230 9999.0  20.2  20.5 999.0 99.0 99.00
2016 04 08 15 50 226  7.2  8.6  2.10  7.69  6.06 229 9999.0  20.5  20.6 999.0 99.0 99.00
2016 04 08 16 50 227  8.3  9.8  2.32  7.14  6.25 223 9999.0  20.6  20.6 999.0 99.0 99.00
2016 04 08 17 50 230  9.5 11.4  2.18  7.14  5.85 228 9999.0  20.9  20.6 999.0 99.0 99.00
2016 04 08 18 50 234  8.2  9.8  2.11  6.67  5.60 236 9999.0  21.1  20.6 999.0 99.0 99.00
2016 04 08 19 50 238  7.4  8.7  2.34  7.14  5.93 213 9999.0  21.2  20.6 999.0 99.0 99.00
2016 04 08 20 50 235  8.8 10.7  2.09  6.67  5.68 235 9999.0  21.4  20.6 999.0 99.0 99.00
2016 04 08 21 50 241 10.2 12.3  2.04  7.69  5.47 133 9999.0  21.5  20.6 999.0 99.0 99.00
2016 04 08 22 50 244 11.3 13.8  1.96  7.14  5.25 231 9999.0  21.4  20.5 999.0 99.0 99.00
2016 04 08 23 50 242 10.7 12.8  2.07  6.67  5.40 231 9999.0  21.1  20.5 999.0 99.0 99.00
2016 04 09 00 50 244 11.3 14.3  2.13  6.67  5.34 235 9999.0  21.2  20.5 999.0 99.0 99.00
2016 04 09 01 50 287 11.4 14.1  2.11  6.25  5.18 241 9999.0  20.8  20.4 999.0 99.0 99.00
2016 04 09 02 50 308  6.9  8.4  2.13  7.14  5.34 263 9999.0  20.4  20.4 999.0 99.0 99.00
2016 04 09 03 50 293  8.6 10.6  2.23  7.14  5.56 260 9999.0  20.8  20.3 999.0 99.0 99.00
2016 04 09 04 50 290  8.1  9.5  2.20  7.14  5.58 257 9999.0  20.5  20.3 999.0 99.0 99.00
2016 04 09 05 50 289  6.7  8.5  2.09  7.69  5.80 258 9999.0  20.6  20.3 999.0 99.0 99.00
2016 04 09 06 50 291  8.5 10.5  2.16  7.14  5.83 270 9999.0  20.8  20.3 999.0 99.0 99.00
2016 04 09 07 50 313  9.3 11.5  2.16  7.69  5.74 249 9999.0  19.9  20.3 999.0 99.0 99.00
2016 04 09 08 50 307  9.4 11.1 99.00 99.00 99.00 999 9999.0  19.6  20.2 999.0 99.0 99.00
2016 04 09 09 50 302  9.9 12.0  2.15  8.33  5.53 263 9999.0  19.3  20.2 999.0 99.0 99.00
2016 04 09 10 50 301 10.0 12.5  2.23  8.33  5.77 259 9999.0  19.0  20.2 999.0 99.0 99.00
2016 04 09 11 50 290  9.8 13.1 99.00 99.00 99.00 999 9999.0  18.8  20.2 999.0 99.0 99.00
2016 04 09 12 50 291 10.3 13.0  2.35  7.14  5.76 275 9999.0  18.6  20.1 999.0 99.0 99.00
2016 04 09 13 50 287  9.9 12.3  2.51  7.69  5.89 267 9999.0  18.3  20.1 999.0 99.0 99.00
2016 04 09 14 50 282 10.8 13.5  2.58  8.33  5.88 267 9999.0  18.3  20.1 999.0 99.0 99.00
2016 04 09 15 50 274 10.7 12.5  2.63  7.69  6.04 272 9999.0  18.3  20.1 999.0 99.0 99.00
2016 04 09 16 50 273 11.4 14.3  2.47  7.69  5.85 280 9999.0  18.2  20.2 999.0 99.0 99.00
2016 04 09 17 50 272 11.5 14.1  2.46  7.69  5.72 266 9999.0  18.3  20.2 999.0 99.0 99.00
2016 04 09 18 50 274 12.2 14.9  2.66  8.33  5.74 279 9999.0  18.3  20.2 999.0 99.0 99.00
2016 04 09 19 50 273 12.8 15.2  2.88  8.33  5.86 283 9999.0  17.9  20.3 999.0 99.0 99.00
2016 04 09 20 50 280 12.3 15.9  3.17  8.33  6.11 279 9999.0  17.7  20.3 999.0 99.0 99.00
2016 04 09 21 50 287 12.1 14.6  3.16  7.69  5.93 274 9999.0  17.5  20.2 999.0 99.0 99.00
2016 04 09 22 50 291 11.2 13.8  2.94  8.33  5.96 281 9999.0  17.4  20.2 999.0 99.0 99.00
2016 04 09 23 50 301 11.4 13.6  2.85  8.33  5.90 280 9999.0  17.5  20.2 999.0 99.0 99.00
2016 04 10 00 50 299 10.0 12.7 99.00 99.00 99.00 999 9999.0  17.5  20.1 999.0 99.0 99.00
2016 04 10 01 50 309 10.9 13.1  2.63  7.69  5.77 274 9999.0  17.8  20.1 999.0 99.0 99.00
2016 04 10 02 50 319 10.8 14.0  2.85  7.69  6.13 286 9999.0  18.0  20.1 999.0 99.0 99.00
2016 04 10 03 50 334 11.5 14.3  2.97  8.33  6.18 284 9999.0  17.5  20.0 999.0 99.0 99.00
2016 04 10 04 50 333 10.3 12.8  2.63  7.69  5.83 291 9999.0  16.8  20.0 999.0 99.0 99.00
2016 04 10 05 50 344 10.1 12.7  2.76  7.69  5.97 297 9999.0  15.9  20.0 999.0 99.0 99.00
2016 04 10 06 50 354 10.3 12.5  2.37  8.33  5.68 293 9999.0  15.1  19.9 999.0 99.0 99.00
2016 04 10 07 50 356 10.2 13.4  2.73  7.69  5.96 292 9999.0  14.5  19.9 999.0 99.0 99.00
2016 04 10 08 50 359  9.7 12.0  2.75  7.69  6.07 279 9999.0  14.3  19.9 999.0 99.0 99.00
2016 04 10 09 50 355  9.2 11.7  2.48  7.69  5.86 293 9999.0  14.0  19.9 999.0 99.0 99.00
2016 04 10 10 50   7  9.0 11.0  2.40  7.69  6.08 314 9999.0  13.9  19.8 999.0 99.0 99.00
2016 04 10 11 50  12  7.7  9.8  2.63  7.69  6.35 307 9999.0  13.5  19.8 999.0 99.0 99.00
2016 04 10 12 50   8  8.0 10.5  2.44  9.09  6.47 347 9999.0  13.5  19.8 999.0 99.0 99.00
2016 04 10 13 50   8  6.1  8.8  2.63  8.33  6.57 327 9999.0  13.7  19.9 999.0 99.0 99.00
2016 04 10 14 50  28  6.1  8.7  2.69 10.00  6.95   6 9999.0  13.7  19.9 999.0 99.0 99.00
2016 04 10 15 50  11  6.4  9.0  2.56  9.09  6.81 350 9999.0  13.9  20.0 999.0 99.0 99.00
2016 04 10 16 50  25  5.1  7.0  2.11  9.09  6.15 358 9999.0  14.2  20.0 999.0 99.0 99.00
2016 04 10 17 50  35  4.7  6.7  2.23  8.33  6.43 354 9999.0  14.3  20.0 999.0 99.0 99.00
2016 04 10 18 50  26  5.4  6.9  1.87  8.33  6.28 351 9999.0  14.5  20.1 999.0 99.0 99.00
2016 04 10 19 50  33  5.4  7.6  2.02  7.69  6.51 342 9999.0  14.6  20.1 999.0 99.0 99.00
2016 04 10 20 50  39  4.6  6.4  1.97  9.09  6.47  11 9999.0  14.7  20.1 999.0 99.0 99.00
2016 04 10 21 50  48  5.2  7.8  1.88  8.33  6.28   1 9999.0  14.8  20.1 999.0 99.0 99.00
2016 04 10 22 50  60  4.3  6.1  1.94  8.33  6.68 358 9999.0  14.8  20.1 999.0 99.0 99.00
2016 04 10 23 50  72  3.5  5.0  1.85 10.00  6.69  14 9999.0  14.7  20.0 999.0 99.0 99.00
2016 04 11 00 50  85  3.7  5.4  2.05 10.00  7.20  12 9999.0  14.8  19.9 999.0 99.0 99.00
2016 04 11 01 50 112  3.4  4.6  1.93  9.09  6.84  14 9999.0  14.9  19.9 999.0 99.0 99.00
2016 04 11 02 50  69  4.0  6.0  1.82 10.81  6.95  11 9999.0  14.8  19.9 999.0 99.0 99.00
2016 04 11 03 50  86  3.4  5.6  1.74  9.09  6.56   3 9999.0  14.9  19.9 999.0 99.0 99.00
2016 04 11 04 50  96  4.3  6.1  1.59 10.00  6.62  29 9999.0  15.0  19.9 999.0 99.0 99.00
2016 04 11 05 50 114  3.5  4.9  1.65  9.09  6.57  20 9999.0  15.1  19.9 999.0 99.0 99.00
2016 04 11 06 50 100  5.0  6.6  1.65  9.09  6.77  16 9999.0  15.5  19.8 999.0 99.0 99.00
2016 04 11 07 50 119  4.1  6.1  1.50 10.00  6.51   4 9999.0  15.7  19.8 999.0 99.0 99.00
2016 04 11 08 50 125  5.3  6.6  1.64  9.09  6.68  23 9999.0  16.1  19.8 999.0 99.0 99.00
2016 04 11 09 50 102  5.1  7.3  1.36 10.00  6.18  24 9999.0  16.2  19.8 999.0 99.0 99.00
2016 04 11 10 50  97  5.3  7.0  1.46  9.09  6.34  19 9999.0  16.4  19.8 999.0 99.0 99.00
2016 04 11 11 50  97  2.7  3.8  1.23 10.00  6.11  22 9999.0  16.4  19.8 999.0 99.0 99.00
2016 04 11 12 50  37  1.1  2.9  1.33  9.09  6.75  10 9999.0  16.7  19.9 999.0 99.0 99.00
2016 04 11 13 50 132  0.6  1.3  1.23 10.00  6.60  24 9999.0  17.5  19.9 999.0 99.0 99.00
2016 04 11 14 50  62  2.6  3.6  1.24  9.09  6.39  20 9999.0  17.3  20.1 999.0 99.0 99.00
2016 04 11 15 50 115  3.6  4.9  1.23  9.09  6.34  33 9999.0  17.7  20.3 999.0 99.0 99.00
2016 04 11 16 50  98  4.5  5.7  1.16 10.00  6.19  34 9999.0  17.8  20.4 999.0 99.0 99.00
2016 04 11 17 50  98  5.1  7.0  1.19  9.09  5.98  25 9999.0  17.7  20.4 999.0 99.0 99.00
2016 04 11 18 50  82  4.3  5.6  1.16  9.09  5.97  29 9999.0  17.8  20.4 999.0 99.0 99.00
2016 04 11 19 50  98  4.6  6.3  1.15  9.09  6.05  27 9999.0  18.2  20.5 999.0 99.0 99.00
2016 04 11 20 50  98  4.6  5.6  1.13  9.09  6.16  28 9999.0  18.4  20.5 999.0 99.0 99.00
2016 04 11 21 50 120  4.5  6.4  1.07  8.33  5.67  58 9999.0  18.6  20.5 999.0 99.0 99.00
2016 04 11 22 50 105  5.1  6.3  1.20  9.09  5.99  43 9999.0  18.4  20.4 999.0 99.0 99.00
2016 04 11 23 50 138  3.2  4.7  1.20  9.09  5.77  39 9999.0  18.7  20.3 999.0 99.0 99.00
2016 04 12 00 50 141  5.3  6.9  1.15  8.33  5.71  49 9999.0  19.1  20.2 999.0 99.0 99.00
2016 04 12 01 50 128  5.8  7.3  1.22 10.00  5.83  22 9999.0  19.2  20.1 999.0 99.0 99.00
2016 04 12 03 50  91  5.2  6.6  1.20  9.09  5.32  32 1024.2  19.8  21.0  13.1 99.0 99.00
2016 04 12 04 50 109  5.4  6.4  1.28  9.09  5.47  35 1023.4  19.8  21.0  12.5 99.0 99.00
2016 04 12 05 50 118  4.0  4.7  1.21  9.09  5.57  27 1022.7  19.9  21.0  13.1 99.0 99.00
2016 04 12 06 50 138  5.2  6.3  1.18  8.33  5.48  30 1022.0  20.3  20.9  11.3 99.0 99.00
2016 04 12 07 50 150  4.9  6.5  1.21  8.33  5.50  25 1022.1  20.3  20.9  12.2 99.0 99.00
2016 04 12 08 50 155  3.7  4.6  1.11 10.00  5.48  37 1021.5  20.3  20.9  11.6 99.0 99.00
2016 04 12 09 50 151  3.6  4.4  1.18  9.09  5.72  10 1021.4  20.2  20.9  13.0 99.0 99.00
2016 04 12 10 50 164  2.0  2.5  1.12  8.33  5.50  25 1022.3  20.3  20.9  13.8 99.0 99.00
2016 04 12 11 50 189  3.3  4.2  1.15  7.69  5.73  42 1022.9  20.6  20.9  12.9 99.0 99.00
2016 04 12 12 50 178  3.0  3.9  1.14  7.69  5.84  26 1023.1  20.7  20.9  12.6 99.0 99.00
2016 04 12 13 50 180  2.3  2.9  1.13  9.09  5.71  16 1023.1  20.7  21.0  13.1 99.0 99.00
2016 04 12 14 50 184  2.1  2.8  1.17  9.09  5.77  61 1023.2  20.8  21.1  13.1 99.0 99.00
2016 04 12 15 50 198  2.2  2.8  1.23  8.33  5.79  80 1022.8  20.9  21.4  13.5 99.0 99.00
2016 04 12 16 50 291  1.9  3.1  1.27  5.56  5.71 110 1022.0  20.8  21.7  14.1 99.0 99.00
2016 04 12 17 50 341  1.1  2.0  1.26  6.25  5.76 136 1021.4  21.0  22.6  14.2 99.0 99.00
2016 04 12 18 50 137  0.6  1.1  1.31  6.67  5.97 109 1021.0  21.3  22.7  13.9 99.0 99.00
2016 04 12 19 50 186  0.9  1.9  1.22  6.67  5.85 121 1020.3  21.5  22.8  14.1 99.0 99.00
2016 04 12 20 50 154  2.2  3.3  1.43  8.33  6.06  95 1019.8  21.1  22.2  13.8 99.0 99.00
2016 04 12 21 50 175  1.7  2.2  1.44  8.33  6.08  93 1020.0  21.1  21.6  14.5 99.0 99.00
2016 04 12 22 50 157  2.2  2.8  1.47  7.14  6.17  94 1020.0  21.1  21.3  14.2 99.0 99.00
2016 04 12 23 50 155  3.5  4.3  1.42  7.14  6.11  88 1020.1  21.1  21.2  15.6 99.0 99.00
2016 04 13 00 50 148  3.2  4.3  1.43  8.33  6.09  95 1020.1  21.1  21.1  15.3 99.0 99.00
2016 04 13 01 50 138  4.0  4.9  1.69  8.33  6.34  99 1020.0  21.0  21.0  15.7 99.0 99.00
2016 04 13 02 50 144  2.5  3.2  1.63  7.69  6.49  88 1020.4  21.1  21.2  15.7 99.0 99.00
2016 04 13 03 50 150  1.8  2.5  1.61  8.33  6.53  95 1020.3  21.0  21.3  16.1 99.0 99.00
2016 04 13 04 50 169  1.0  1.6  1.57  8.33  6.54  92 1020.0  21.1  21.2  16.1 99.0 99.00
2016 04 13 05 50 103  0.7  1.4  1.50  7.69  6.42  78 1019.5  21.0  21.1  16.2 99.0 99.00
2016 04 13 06 50  91  1.5  2.0  1.63  7.69  6.68 109 1018.8  20.8  21.1  16.8 99.0 99.00
2016 04 13 07 50 102  3.4  4.2  1.68  8.33  6.85  96 1018.2  20.7  21.0  17.4 99.0 99.00
2016 04 13 08 50 155  3.5  4.4  1.74  8.33  6.91  81 1018.4  20.6  21.0  17.7 99.0 99.00
2016 04 13 09 50 136  1.9  3.1  1.68  9.09  7.00  84 1018.8  20.5  20.9  17.8 99.0 99.00
2016 04 13 10 50  84  1.3  1.8  1.54  8.33  6.78  97 1019.2  20.5  20.9  17.1 99.0 99.00
2016 04 13 11 50  68  1.8  2.7  1.65  7.69  7.05 103 1019.5  21.0  20.9  17.2 99.0 99.00
2016 04 13 12 50  82  1.4  2.0  1.51  9.09  6.77  98 1019.7  21.0  21.0  17.2 99.0 99.00
2016 04 13 13 50  63  1.8  2.5  1.61  8.33  6.84 101 1020.1  20.9  21.1  17.5 99.0 99.00
2016 04 13 14 50  70  2.1  2.6  1.46  9.09  6.73 105 1020.3  20.8  21.4  17.3 99.0 99.00
2016 04 13 15 50  62  3.0  4.0  1.59  9.09  6.78 104 1019.9  20.8  21.5  17.2 99.0 99.00
2016 04 13 16 50  65  2.6  3.5  1.61  9.09  6.74  98 1019.3  20.8  21.6  16.3 99.0 99.00
2016 04 13 17 50  49  2.5  3.1  1.48  9.09  6.91 101 1018.9  21.0  21.7  15.5 99.0 99.00
2016 04 13 18 50  37  2.7  3.3  1.47  9.09  6.84  98 1018.6  21.0  21.8  15.5 99.0 99.00
2016 04 13 19 50  41  2.5  3.4  1.49  9.09  6.96  97 1018.2  21.1  22.0  15.6 99.0 99.00
2016 04 13 20 50  24  3.0  3.9  1.54  8.33  6.73 103 1018.1  21.1  22.0  15.9 99.0 99.00
2016 04 13 21 50  24  2.8  3.5  1.42  7.69  6.75  93 1018.1  21.1  22.0  16.0 99.0 99.00
2016 04 13 22 50  18  3.4  4.6  1.38  9.09  6.65  88 1018.2  20.8  21.8  17.3 99.0 99.00
2016 04 13 23 50  10  3.5  4.3  1.66  8.33  6.92  56 1018.6  20.6  21.7  17.0 99.0 99.00
2016 04 14 00 50  16  2.3  3.2  1.81  7.69  7.18  29 1019.0  20.6  21.6  16.7 99.0 99.00
2016 04 14 01 50  28  3.7  4.9  1.79  9.09  6.93  60 1018.8  20.6  21.6  17.1 99.0 99.00
2016 04 14 02 50  26  4.8  5.9  1.80  8.33  7.19  56 1018.6  20.5  21.5  16.9 99.0 99.00
2016 04 14 03 50  34  6.6  8.0  1.73  9.09  6.96  75 1018.3  20.1  21.4  17.5 99.0 99.00
2016 04 14 04 50  40  5.7  7.0  2.07  8.33  6.90  45 1018.3  19.7  21.3  17.0 99.0 99.00
2016 04 14 05 50  31  6.6  7.8  2.37  8.33  6.88  57 1017.8  20.2  21.3  17.1 99.0 99.00
2016 04 14 06 50  27  7.0  8.7  2.18 10.00  6.32  19 1017.1  20.1  21.1  17.1 99.0 99.00
2016 04 14 07 50  24  6.9  8.4  2.42  9.09  6.71  24 1017.1  19.9  21.1  17.4 99.0 99.00
2016 04 14 08 50  26  7.0  8.0  2.36 10.00  6.60  24 1016.8  19.9  21.1  17.2 99.0 99.00
2016 04 14 09 50  30  7.0  8.3  2.32  9.09  6.55  30 1016.8  20.0  21.1  17.4 99.0 99.00
2016 04 14 10 50  29  7.9  9.3  2.19  9.09  6.35  25 1017.3  20.1  21.1  17.2 99.0 99.00
2016 04 14 11 50  27  8.3  9.7  2.27  8.33  6.57  52 1018.0  20.0  21.1  17.4 99.0 99.00
2016 04 14 12 50  35  8.3 10.4  2.24  8.33  6.38  47 1018.1  19.8  21.2  17.3 99.0 99.00
2016 04 14 13 50  36  9.0 10.6  2.32  8.33  6.24  46 1018.4  19.9  21.2  17.1 99.0 99.00
2016 04 14 14 50  43  9.2 10.7  2.42  9.09  6.53  44 1018.6  20.0  21.3  16.9 99.0 99.00
2016 04 14 15 50  56  9.1 10.7  2.57  9.09  6.55  53 1018.7  19.6  21.4  17.2 99.0 99.00
2016 04 14 16 50  50  8.1  9.5  2.23  7.69  6.24  21 1018.6  20.2  21.5  16.7 99.0 99.00
2016 04 14 17 50  52  9.0 10.7  2.33  8.33  6.29  51 1017.9  20.3  21.5  16.2 99.0 99.00
2016 04 14 18 50  45  8.7 10.2  2.25  9.09  6.24  43 1017.9  20.3  21.6  15.6 99.0 99.00
2016 04 14 19 50  46  9.1 11.4  2.14  8.33  5.98  32 1017.9  20.2  21.7  15.4 99.0 99.00
2016 04 14 20 50  50  9.9 11.6  2.17  8.33  5.95  59 1017.8  20.1  21.7  15.6 99.0 99.00
2016 04 14 21 50  49  9.3 11.5  2.23  8.33  6.16  57 1018.4  20.0  21.7  15.0 99.0 99.00
2016 04 14 22 50  48 10.3 12.2  2.38  8.33  6.28  47 1018.3  19.8  21.6  14.8 99.0 99.00
2016 04 14 23 50  52 10.3 13.2  2.46  9.09  6.22  41 1018.6  19.7  21.6  14.8 99.0 99.00
2016 04 15 00 50  49 10.2 12.5  2.48  9.09  6.32  39 1019.0  19.6  21.6  14.3 99.0 99.00
2016 04 15 01 50  51 10.1 12.2  2.47  7.69  6.13  56 1019.6  19.4  21.5  13.8 99.0 99.00
2016 04 15 02 50  48 10.2 12.2  2.71  8.33  6.45  54 1019.3  19.2  21.6  13.3 99.0 99.00
2016 04 15 03 50  51  9.7 11.8  2.70  9.09  6.32  46 1019.4  19.0  21.5  13.1 99.0 99.00
2016 04 15 04 50  42  9.9 11.7  2.49  8.33  6.19  52 1019.5  18.9  21.5  12.7 99.0 99.00
2016 04 15 05 50  47  9.5 11.8  2.51  9.09  6.05  38 1019.3  18.7  21.5  12.2 99.0 99.00
2016 04 15 06 50  47  9.7 12.1  2.59  8.33  6.34  43 1018.5  18.5  21.5  12.3 99.0 99.00
2016 04 15 07 50  47  9.8 12.0  2.52 10.00  6.40  48 1018.4  18.5  21.5  12.0 99.0 99.00
2016 04 15 08 50  49 11.2 14.0  2.77  9.09  6.27  53 1018.1  18.5  21.5  11.4 99.0 99.00
2016 04 15 09 50  44 10.6 12.8  2.70  9.09  6.39  58 1018.4  18.4  21.5  11.0 99.0 99.00
2016 04 15 10 50  46 11.2 13.8  2.88  9.09  6.30  42 1018.8  18.3  21.5  11.7 99.0 99.00
2016 04 15 11 50  48 10.2 13.3  2.68  7.69  6.22  41 1019.5  18.7  21.5  11.9 99.0 99.00
2016 04 15 12 50  43 10.6 13.4  2.95 10.00  6.37  29 1019.7  18.9  21.5  12.5 99.0 99.00
2016 04 15 13 50  46 12.5 14.9  3.04 10.00  6.65  25 1019.6  18.8  21.6  12.4 99.0 99.00
2016 04 15 14 50  47 11.8 14.2  3.02  9.09  6.56  55 1020.1  18.8  21.6  11.3 99.0 99.00
2016 04 15 15 50  51 10.6 13.7  3.06  8.33  6.55  36 1020.3  18.9  21.6  11.6 99.0 99.00
2016 04 15 16 50  47 10.4 13.9  3.10  9.09  6.76  39 1020.4  18.7  21.7  12.1 99.0 99.00
2016 04 15 17 50  40 10.6 13.4  2.88  9.09  6.53  49 1020.4  18.6  21.7  12.3 99.0 99.00
2016 04 15 18 50  46 10.0 12.2  3.06  9.09  6.78  42 1020.6  18.7  21.8  11.4 99.0 99.00
2016 04 15 19 50  50  8.7 10.9  2.95  7.69  6.71  59 1020.4  18.8  21.8  10.8 99.0 99.00
2016 04 15 20 50  42  9.1 11.4  2.95 10.00  6.82  31 1020.7  18.6  21.7  11.4 99.0 99.00
2016 04 15 21 50  45  9.5 11.5  2.90 10.00  6.81  46 1020.8  18.6  21.7  11.5 99.0 99.00
2016 04 15 22 50  45  9.7 11.6  2.80  9.09  6.72  39 1020.8  18.6  21.7  11.2 99.0 99.00
2016 04 15 23 50  46 10.2 12.3  2.97  8.33  6.63  56 1020.7  18.7  21.7  10.9 99.0 99.00
2016 04 16 00 50  45 10.5 13.0  3.09  7.14  6.77  49 1021.1  18.7  21.8  11.5 99.0 99.00
2016 04 16 01 50  45 10.1 11.9  3.18 10.81  6.96  35 1021.2  18.8  21.8  11.6 99.0 99.00
2016 04 16 02 50  38 10.0 12.8  3.03 10.00  6.82  31 1021.1  18.9  21.8  12.0 99.0 99.00
2016 04 16 03 50  38 11.1 13.1  3.34 10.81  7.27  35 1021.0  18.7  21.8  12.0 99.0 99.00
2016 04 16 04 50  38 10.8 13.4  3.20 10.81  6.87  41 1020.9  18.7  21.8  11.2 99.0 99.00
2016 04 16 05 50  38 10.4 13.5  3.37 10.81  7.04  39 1020.8  18.5  21.8  11.7 99.0 99.00
2016 04 16 06 50  36  9.7 12.0  3.31 11.43  7.11  24 1020.2  18.5  21.9  10.8 99.0 99.00
2016 04 16 07 50  42  9.8 11.7  3.49 11.43  7.25  45 1020.2  18.5  21.9  10.6 99.0 99.00
2016 04 16 08 50  35  9.9 12.3  3.59 10.00  7.37  38 1020.3  18.4  21.8  10.1 99.0 99.00
2016 04 16 09 50  37  9.7 11.6  3.47 10.00  7.29  40 1020.4  18.2  21.7   9.9 99.0 99.00
2016 04 16 10 50  36  9.6 12.4  3.64 11.43  7.74  37 1020.7  18.3  21.7  10.0 99.0 99.00
2016 04 16 11 50  35  9.2 11.5  3.51 11.43  7.55  28 1021.0  18.4  21.7   8.6 99.0 99.00
2016 04 16 12 50  38 10.0 12.3  3.48 11.43  7.66  32 1021.4  18.5  21.7   8.5 99.0 99.00
2016 04 16 13 50  40  9.6 12.2  3.67 12.12  7.67  45 1021.8  18.4  21.7  10.1 99.0 99.00
2016 04 16 14 50  38  9.3 11.7  3.46 10.00  7.52  41 1022.2  18.2  21.8   9.8 99.0 99.00
2016 04 16 15 50  24  9.8 12.3  3.35 12.12  7.33  37 1022.3  18.2  21.8   8.4 99.0 99.00
2016 04 16 16 50  28 10.2 12.9  3.77 11.43  7.94  35 1021.9  17.9  21.8  10.8 99.0 99.00
2016 04 16 17 50  30 10.6 12.6  3.75 12.12  7.90  42 1021.9  18.1  21.8  10.2 99.0 99.00
2016 04 16 18 50  33 10.0 12.7  3.61 12.12  7.70  43 1021.8  18.2  21.8   9.0 99.0 99.00
2016 04 16 19 50  29  8.4 10.6  3.80 11.43  7.83  34 1021.4  18.1  21.9  10.5 99.0 99.00
2016 04 16 20 50  26  9.6 12.4  3.92 11.43  7.79  34 1020.9  18.5  21.9  10.1 99.0 99.00
2016 04 16 21 50  18 10.5 13.3  3.87 12.12  8.07  43 1020.8  18.6  21.9  11.7 99.0 99.00
2016 04 16 22 50  18 12.0 14.9  4.07 12.12  8.03  35 1020.9  18.6  21.9  11.2 99.0 99.00
2016 04 16 23 50  14 10.9 14.3  3.83 12.90  7.89  42 1021.3  18.5  21.9  10.7 99.0 99.00
2016 04 17 00 50  16 12.0 14.6  3.59 12.12  7.45  39 1021.6  18.5  21.9  10.8 99.0 99.00
2016 04 17 01 50   5 10.7 14.0  3.98 12.90  7.93  45 1022.0  18.5  21.9   9.8 99.0 99.00
2016 04 17 02 50  12  9.2 12.1  4.19 12.12  7.95  44 1022.2  18.5  21.9   9.5 99.0 99.00
2016 04 17 03 50  10  9.6 11.9  4.15 12.90  8.23  37 1022.1  18.5  21.8   9.0 99.0 99.00
2016 04 17 04 50  10 10.5 12.9  4.14 12.90  8.17  41 1021.8  18.2  21.8   8.9 99.0 99.00
2016 04 17 05 50   6 10.4 13.1  4.26 13.79  8.44  40 1021.2  18.2  21.8   9.8 99.0 99.00
2016 04 17 06 50   1  7.9 10.2  4.97 12.12  9.12  42 1020.8  18.2  21.8   9.2 99.0 99.00
2016 04 17 07 50 356  8.9 11.4  4.49 14.81  8.79  41 1020.2  18.3  21.8   9.6 99.0 99.00
2016 04 17 08 50 352  9.4 11.8  4.48 14.81  8.78  42 1020.0  18.5  21.8  10.9 99.0 99.00
2016 04 17 09 50 359 11.0 13.8  5.15 13.79  9.53  39 1020.2  18.2  21.7  13.4 99.0 99.00
2016 04 17 10 50   1  8.2 11.5  4.69 13.79  8.86  39 1020.8  17.2  21.7  13.1 99.0 99.00
2016 04 17 11 50 351  9.6 12.7  4.50 14.81  9.06  38 1020.8  18.4  21.8  13.8 99.0 99.00
2016 04 17 12 50   7  8.8 12.1  4.93 14.81  9.55  37 1021.2  18.8  21.8  13.2 99.0 99.00
2016 04 17 13 50  19  7.9 11.1  5.50 13.79  9.63  39 1021.5  17.9  22.0  13.6 99.0 99.00
2016 04 17 14 50  38  7.0  9.7  4.87 12.90  9.06  40 1021.6  18.6  22.0  14.3 99.0 99.00
2016 04 17 15 50  13  8.5 10.7  5.06 14.81  9.92  42 1021.5  18.2  22.1  13.4 99.0 99.00
2016 04 17 16 50  12  9.0 11.8  5.09 13.79  9.78  38 1021.3  19.5  22.1  14.4 99.0 99.00
2016 04 17 17 50  21  9.3 13.1  5.24 13.79  9.75  32 1021.2  19.5  22.2  14.0 99.0 99.00
2016 04 17 18 50  15  9.3 11.7  4.75 13.79  9.41  38 1021.1  19.6  22.2  13.4 99.0 99.00
2016 04 17 19 50  14  9.9 13.5  5.52 13.79 10.11  33 1020.6  19.5  22.2  12.1 99.0 99.00
2016 04 17 20 50  13  9.4 12.0  5.37 14.81  9.51  35 1020.6  19.5  22.2  13.5 99.0 99.00
2016 04 17 21 50  12 10.0 12.7  5.76 13.79 10.32  37 1020.6  19.6  22.2  12.7 99.0 99.00
2016 04 17 22 50  17  9.9 11.8  5.19 13.79  9.38  41 1020.6  19.5  22.2  12.7 99.0 99.00
2016 04 17 23 50  21 11.3 13.7  5.13 13.79  9.00  39 1020.6  19.6  22.1  12.5 99.0 99.00
2016 04 18 00 50  19 10.5 12.6  4.55 13.79  8.64  35 1020.8  19.6  22.0  12.5 99.0 99.00
2016 04 18 01 50  19  9.1 11.6  5.19 12.90  9.01  36 1021.3  19.6  22.0  13.2 99.0 99.00
2016 04 18 02 50  20  9.7 12.1  5.01 13.79  9.19  39 1021.3  19.6  22.0  13.3 99.0 99.00
2016 04 18 03 50  19  9.7 12.4  5.19 13.79  9.22  40 1021.1  19.7  22.0  13.3 99.0 99.00
2016 04 18 04 50  21  9.2 13.4  4.70 13.79  8.81  31 1021.2  19.6  22.0  14.0 99.0 99.00
2016 04 18 05 50  17  9.1 12.9  4.82 13.79  8.95  28 1020.9  19.5  22.0  12.7 99.0 99.00
2016 04 18 06 50  13  9.8 12.2  4.50 13.79  8.67  34 1020.4  19.4  21.9  12.2 99.0 99.00
2016 04 18 07 50   5  9.6 12.1  4.87 12.90  8.85  26 1020.4  19.3  21.9  12.6 99.0 99.00
2016 04 18 08 50  10  9.3 12.2  4.24 12.90  8.37  30 1020.3  19.3  21.8  12.6 99.0 99.00
2016 04 18 09 50  14  8.8 10.5  4.04 13.79  8.13  27 1020.4  19.1  21.7  12.7 99.0 99.00
2016 04 18 10 50   8  9.0 11.1  3.90 13.79  8.43  27 1020.7  19.4  21.6  12.5 99.0 99.00
2016 04 18 11 50   9  9.6 12.2  3.36 12.90  7.77  30 1021.3  19.2  21.5  12.7 99.0 99.00
2016 04 18 12 50   9  9.2 11.6  3.53 13.79  7.89  28 1021.6  19.2  21.4  11.4 99.0 99.00
2016 04 18 13 50  10  8.7 10.5  3.66 11.43  8.06  30 1021.9  19.3  21.4  11.6 99.0 99.00
2016 04 18 14 50   9  8.8 11.4  3.37 13.79  7.84  30 1022.2  19.2  21.3  12.9 99.0 99.00
2016 04 18 15 50   8  9.4 11.2  3.69 13.79  8.40  27 1022.2  19.4  21.3  12.0 99.0 99.00
2016 04 18 16 50   6  9.3 11.6  3.23 12.90  7.53  44 1022.2  19.3  21.2  12.0 99.0 99.00
2016 04 18 17 50  14  9.1 11.2  2.78 12.12  6.90  27 1021.9  19.5  21.0  12.1 99.0 99.00
2016 04 18 18 50  17  8.9 10.8  3.08 12.90  7.62  33 1021.4  19.7  21.0  12.3 99.0 99.00
2016 04 18 19 50  14  8.7 10.2  2.95 13.79  7.66  41 1020.9  19.9  21.0  12.7 99.0 99.00
2016 04 18 20 50  17  8.8 10.9  2.81 12.90  7.31  42 1020.6  20.1  21.1  13.1 99.0 99.00
2016 04 18 21 50  16  8.1  9.7  2.75 12.90  7.20  42 1020.6  20.2  21.0  13.1 99.0 99.00
2016 04 18 22 50  11  7.9  9.8  2.61 12.12  7.11  33 1020.8  20.3  21.0  13.9 99.0 99.00
2016 04 18 23 50   6  7.9  9.5  2.73 12.90  7.30  37 1021.1  20.2  21.0  14.6 99.0 99.00
2016 04 19 00 50  10  8.6 10.7  2.70 12.90  7.27  41 1021.5  20.2  21.0  14.6 99.0 99.00
2016 04 19 01 50   6  8.4  9.9  2.74 12.12  7.55  40 1021.9  20.2  21.0  14.6 99.0 99.00
2016 04 19 02 50  14  8.0  9.9  2.53 10.81  7.13  51 1021.7  20.1  21.0  14.1 99.0 99.00
2016 04 19 03 50  15  7.2  8.6  2.74 11.43  7.35  39 1021.8  20.1  21.0  13.8 99.0 99.00
2016 04 19 04 50  21  5.8  6.9  2.61 12.90  7.26  37 1021.4  20.0  20.9  14.8 99.0 99.00
2016 04 19 05 50  21  4.3  5.7  2.57 12.12  7.46  34 1021.0  19.8  20.9  14.5 99.0 99.00
2016 04 19 06 50  12  3.5  5.3  2.43 12.12  7.53  46 1020.4  19.6  20.9  14.4 99.0 99.00
2016 04 19 07 50   2  2.2  3.7  2.23 12.12  7.16  48 1020.3  19.5  20.9  14.2 99.0 99.00
2016 04 19 08 50 350  2.2  3.2  2.32 12.12  7.65  44 1020.3  19.4  20.9  14.1 99.0 99.00
2016 04 19 09 50 331  3.3  4.2  2.31 11.43  7.35  43 1020.5  19.1  20.8  14.4 99.0 99.00
2016 04 19 10 50 336  3.7  4.8  2.10 12.12  7.37  36 1021.0  19.0  20.7  14.5 99.0 99.00
2016 04 19 11 50 337  5.0  6.3  2.22 12.12  7.70  46 1021.8  19.1  20.6  14.9 99.0 99.00
2016 04 19 12 50 325  5.9  7.0  2.19 12.12  7.55  49 1022.2  19.3  20.5  14.9 99.0 99.00
2016 04 19 13 50 330  4.4  5.6  2.18 10.81  7.37  42 1022.1  19.6  20.5  14.8 99.0 99.00
2016 04 19 14 50 313  2.7  3.4  1.96 11.43  7.49  55 1022.2  19.8  20.6  14.9 99.0 99.00
2016 04 19 15 50 234  1.6  2.7  2.06 12.12  7.48  40 1021.3  19.9  21.0  15.2 99.0 99.00
2016 04 19 16 50 229  2.7  3.7  2.04 12.12  7.57   7 1020.2  20.1  21.4  15.7 99.0 99.00
2016 04 19 17 50 255  4.1  5.6  1.85 11.43  7.45  41 1019.7  20.5  21.4  16.4 99.0 99.00
2016 04 19 18 50 258  5.2  6.1  1.68 11.43  7.38  40 1019.3  20.9  21.4  17.0 99.0 99.00
2016 04 19 19 50 266  6.3  7.7  1.58 11.43  7.11  31 1019.1  21.3  21.1  17.8 99.0 99.00
2016 04 19 20 50 265  6.0  7.1  1.61 10.81  7.12  43 1018.7  21.4  21.1  17.8 99.0 99.00
2016 04 19 21 50 261  6.1  7.2  1.64 11.43  7.27  30 1018.4  21.4  21.0  18.0 99.0 99.00
2016 04 19 22 50 246  5.8  7.0  1.41 10.81  6.53  29 1017.8  21.3  21.0  18.3 99.0 99.00
2016 04 19 23 50 255  6.4  7.4  1.51 11.43  6.64  29 1017.6  21.1  20.9  18.4 99.0 99.00
2016 04 20 00 50 257  6.2  7.3  1.61 10.81  6.85  26 1018.1  21.1  20.9  18.4 99.0 99.00
2016 04 20 01 50 256  5.8  6.8  1.49 11.43  6.23  29 1018.5  21.3  20.8  18.0 99.0 99.00
2016 04 20 02 50 262  6.5  7.8  1.37 10.81  6.05  28 1018.4  21.5  20.7  17.4 99.0 99.00
2016 04 20 03 50 267  5.1  6.4  1.40 10.81  6.07  26 1018.3  21.2  20.6  17.9 99.0 99.00
2016 04 20 04 50 277  5.1  6.1  1.50 10.81  6.25  37 1018.5  21.1  20.5  18.2 99.0 99.00
2016 04 20 05 50 280  3.9  4.6  1.38 11.43  6.05  68 1018.1  20.8  20.5  18.4 99.0 99.00
2016 04 20 06 50 316  3.3  3.8  1.35 10.81  5.92  47 1017.7  20.7  20.4  18.4 99.0 99.00
2016 04 20 07 50 321  2.8  3.2  1.36 10.81  6.23  43 1017.4  20.5  20.4  18.6 99.0 99.00
2016 04 20 08 50 304  2.3  2.6  1.37 10.00  6.38  55 1017.2  20.5  20.4  18.7 99.0 99.00
2016 04 20 09 50 301  1.9  2.4  1.30 10.81  6.01  40 1017.6  20.5  20.4  18.7 99.0 99.00
2016 04 20 10 50 328  0.8  1.1  1.35 10.00  6.03  51 1018.4  20.4  20.3  18.8 99.0 99.00
2016 04 20 11 50  32  0.9  1.4  1.24 10.00  5.90  36 1019.4  20.7  20.3  19.0 99.0 99.00
2016 04 20 12 50 274  2.4  2.8  1.30 10.81  5.99  39 1019.5  20.6  20.4  18.7 99.0 99.00
2016 04 20 13 50  11  1.4  1.7  1.27 10.00  6.06  57 1020.1  20.9  20.7  18.7 99.0 99.00
2016 04 20 14 50  69  3.9  4.7  1.19 10.81  6.01  42 1020.6  21.3  21.0  17.9 99.0 99.00
2016 04 20 15 50  86  3.5  4.1  1.10 10.81  5.73  32 1020.8  21.1  20.9  17.9 99.0 99.00
2016 04 20 16 50  95  3.3  4.1  1.15 10.81  5.83  13 1020.7  21.2  21.1  17.9 99.0 99.00
2016 04 20 17 50  94  3.6  4.3  1.27 10.00  5.80  34 1020.5  21.2  21.0  17.8 99.0 99.00
2016 04 20 18 50  79  5.4  6.5  1.29 10.00  5.91  60 1020.6  21.1  21.1  17.8 99.0 99.00
2016 04 20 19 50  75  6.7  7.7  1.32 10.00  5.80  51 1020.2  20.7  21.0  16.9 99.0 99.00
2016 04 20 20 50  67  7.2  8.4  1.23 10.81  5.34  50 1020.3  20.6  20.9  17.0 99.0 99.00
2016 04 20 21 50  67  8.2 10.1  1.32 10.00  5.23  46 1020.6  20.1  20.9  15.6 99.0 99.00
2016 04 20 22 50  65  7.8  9.1  1.46 10.00  5.11  40 1020.9  20.0  20.8  15.0 99.0 99.00
2016 04 20 23 50  69  7.1  8.5  1.39 10.81  5.08  52 1021.1  20.0  20.7  14.8 99.0 99.00
2016 04 21 00 50  67  7.6  9.1  1.40  9.09  5.13  68 1021.8  19.8  20.7  14.5 99.0 99.00
2016 04 21 01 50  69  7.7  9.2  1.41  6.25  5.23 334 1022.4  19.7  20.6  13.9 99.0 99.00
2016 04 21 02 50  75  7.3  8.9  1.50  5.56  5.19  27 1022.5  19.6  20.5  13.1 99.0 99.00
2016 04 21 03 50  78  6.7  8.0  1.44  5.88  5.31  13 1022.7  19.5  20.4  13.0 99.0 99.00
2016 04 21 04 50  74  6.7  8.2  1.65 10.00  5.70  41 1022.6  19.4  20.4  12.8 99.0 99.00
2016 04 21 05 50  76  5.9  7.3  1.54  9.09  5.74  48 1022.6  19.4  20.3  12.5 99.0 99.00
2016 04 21 06 50  81  5.7  6.9  1.64  8.33  6.13  46 1022.4  19.3  20.3  12.1 99.0 99.00
2016 04 21 07 50  76  5.1  6.6  1.60  8.33  6.02  38 1022.3  19.3  20.3  12.4 99.0 99.00
2016 04 21 08 50  82  5.3  6.4  1.53 10.00  6.04  37 1022.3  19.3  20.3  12.2 99.0 99.00
2016 04 21 09 50  87  4.9  6.1  1.59  8.33  6.22  39 1022.4  19.2  20.3  11.2 99.0 99.00
2016 04 21 10 50  76  4.7  5.9  1.42  9.09  5.97  40 1022.8  19.3  20.3  11.7 99.0 99.00
2016 04 21 11 50  77  5.3  6.5  1.59  9.09  6.48  45 1023.5  19.5  20.3  11.4 99.0 99.00
2016 04 21 12 50  91  4.5  5.6  1.53  9.09  6.09  33 1024.0  19.5  20.2  10.5 99.0 99.00
2016 04 21 13 50  94  3.4  4.8  1.51  9.09  6.30   1 1024.3  19.6  20.2  11.1 99.0 99.00
2016 04 21 14 50  85  3.5  4.6  1.53  9.09  6.31  33 1024.7  19.6  20.3  12.2 99.0 99.00
2016 04 21 15 50  70  4.2  5.3  1.51 10.00  6.62  31 1024.8  19.4  20.4  12.1 99.0 99.00
2016 04 21 16 50  84  4.8  5.7  1.48 10.00  6.50  25 1024.3  19.5  20.5  12.2 99.0 99.00
2016 04 21 17 50  92  4.5  5.5  1.44 10.00  6.44  29 1024.0  19.5  20.6  12.0 99.0 99.00
2016 04 21 18 50  92  4.7  5.9  1.39  9.09  6.40  34 1023.5  19.6  20.6  12.3 99.0 99.00
2016 04 21 19 50 103  5.3  6.9  1.50 10.00  6.49  27 1022.9  19.6  20.6  12.2 99.0 99.00
2016 04 21 20 50 107  4.7  6.0  1.42  9.09  6.47  12 1022.8  19.7  20.6  12.7 99.0 99.00
2016 04 21 21 50 119  4.3  5.3  1.34 10.00  6.36  26 1022.8  19.7  20.6  12.5 99.0 99.00
2016 04 21 22 50 109  4.8  5.6  1.61  9.09  6.91  23 1022.7  19.7  20.5  12.1 99.0 99.00
2016 04 21 23 50 125  4.6  6.4  1.59 10.00  6.84  20 1023.1  19.7  20.5  13.2 99.0 99.00
2016 04 22 00 50 116  5.4  6.7  1.46 10.00  6.81  38 1023.1  19.5  20.4  13.2 99.0 99.00
2016 04 22 01 50 123  5.5  7.0  1.43 10.00  6.62  19 1023.6  19.5  20.4  13.0 99.0 99.00
2016 04 22 02 50 118  5.7  6.7  1.37 10.00  6.67  29 1023.6  19.5  20.3  12.8 99.0 99.00
2016 04 22 03 50 134  5.5  6.5  1.38  9.09  6.29  15 1023.5  19.6  20.3  12.5 99.0 99.00
2016 04 22 04 50 134  5.6  6.9  1.24 10.00  6.12  10 1023.0  19.6  20.3  12.2 99.0 99.00
2016 04 22 05 50 136  5.1  6.0  1.25  9.09  6.32  14 1022.4  19.7  20.2  12.9 99.0 99.00
2016 04 22 06 50 153  6.3  7.3  1.32 10.00  6.40  19 1021.8  19.7  20.2  12.9 99.0 99.00
2016 04 22 07 50 150  6.2  7.6  1.25  9.09  6.01  14 1021.6  19.8  20.3  13.2 99.0 99.00
2016 04 22 08 50 155  5.9  6.9  1.18 10.00  5.68   1 1021.5  19.9  20.2  13.9 99.0 99.00
2016 04 22 09 50 187  6.6  7.8  1.16 10.00  5.34  16 1021.4  20.0  20.2  12.8 99.0 99.00
2016 04 22 10 50 183  5.3  6.7  1.15 10.81  5.52   8 1021.8  20.0  20.2  13.2 99.0 99.00
2016 04 22 11 50 155  5.4  6.4  1.16 10.81  5.68  16 1022.1  20.0  20.2  13.5 99.0 99.00
2016 04 22 12 50 151  5.4  6.4  1.09 10.00  5.29   4 1022.1  20.0  20.2  13.4 99.0 99.00
2016 04 22 13 50 157  5.4  6.4  1.08 10.00  5.21  20 1022.3  20.1  20.3  14.1 99.0 99.00
2016 04 22 14 50 148  5.8  6.7  1.11 10.00  5.44  28 1022.5  20.2  20.4  14.1 99.0 99.00
2016 04 22 15 50 150  5.7  7.0  1.04 10.00  4.95  33 1022.4  20.3  20.4  14.1 99.0 99.00
2016 04 22 16 50 149  5.6  6.9  1.01 10.81  5.07  18 1021.8  20.4  20.6  14.5 99.0 99.00
2016 04 22 17 50 142  6.6  7.5  1.07  9.09  5.19  25 1021.1  20.4  20.6  14.2 99.0 99.00
2016 04 22 18 50 153  6.6  7.6  1.02 10.00  4.95  10 1020.6  20.5  20.7  14.5 99.0 99.00
2016 04 22 19 50 154  6.9  8.4  1.04 10.00  4.91  35 1019.6  20.5  20.7  14.6 99.0 99.00
2016 04 22 20 50 158  6.2  7.2  1.07 10.81  4.80  25 1019.1  20.6  20.7  15.2 99.0 99.00
2016 04 22 21 50 154  6.4  7.6  1.01 10.00  4.76   8 1018.8  20.8  20.7  15.7 99.0 99.00
2016 04 22 22 50 157  6.4  7.6  1.03 10.00  4.91  54 1018.6  20.8  20.6  16.4 99.0 99.00
2016 04 22 23 50 163  6.8  8.2  1.04 10.81  4.89  17 1018.5  20.9  20.7  16.5 99.0 99.00
2016 04 23 00 50 160  7.0  8.4  1.10 10.81  4.72  62 1018.4  20.9  20.8  17.0 99.0 99.00
2016 04 23 01 50 161  7.4  8.7  1.16  4.55  4.80 151 1018.3  21.0  20.8  17.1 99.0 99.00
2016 04 23 02 50 158  7.8  8.9  1.16 10.81  4.78  27 1017.9  21.0  20.8  17.1 99.0 99.00
2016 04 23 03 50 154  8.2  9.6  1.26  4.76  4.81 160 1017.3  21.0  20.8  17.3 99.0 99.00
2016 04 23 04 50 157  7.4  8.5  1.31  5.26  4.83 149 1016.9  21.0  20.8  17.4 99.0 99.00
2016 04 23 05 50 162  7.5  9.2  1.36  5.56  4.83 174 1016.1  21.0  20.7  17.7 99.0 99.00
2016 04 23 06 50 157  8.7 10.1  1.35  5.56  4.91 161 1014.8  21.0  20.8  17.7 99.0 99.00
2016 04 23 07 50 155  8.1  9.6  1.60  5.88  5.09 164 1014.0  21.1  20.8  18.0 99.0 99.00
2016 04 23 08 50 162  8.1  9.6  1.51  5.88  5.13 177 1013.7  21.2  20.8  18.2 99.0 99.00
2016 04 23 09 50 167  7.5  9.2  1.61  5.56  5.25 164 1013.6  21.4  20.9  18.4 99.0 99.00
2016 04 23 10 50 160  7.6  8.9  1.53  5.88  5.18 165 1012.8  21.3  20.9  18.7 99.0 99.00
2016 04 23 11 50 158  6.3  7.4  1.70  5.88  5.34 168 1012.8  21.3  20.9  19.0 99.0 99.00
2016 04 23 12 50 151  6.1  7.2  1.63  5.88  5.29 154 1012.2  21.3  21.0  19.2 99.0 99.00
2016 04 23 13 50 151  7.8  9.0  1.53  5.88  5.25 169 1011.6  21.6  21.1  19.0 99.0 99.00
2016 04 23 14 50 163  9.2 11.5  1.67  5.88  5.27 157 1011.0  21.2  21.0  19.6 99.0 99.00
2016 04 23 15 50 178 10.2 12.0  1.64  5.88  5.24 157 1010.0  21.3  21.1  19.8 99.0 99.00
2016 04 23 16 50 259  9.8 12.5  1.94  6.25  5.26 171 1011.3  17.3  21.1  16.9 99.0 99.00
2016 04 23 17 50 242  5.8  7.2  2.06  6.25  5.45 183 1010.2  17.7  21.0  16.8 99.0 99.00
2016 04 23 18 50 279  4.8  5.7  1.82  6.67  5.55 204 1009.1  18.2  21.0  16.9 99.0 99.00
2016 04 23 19 50 263  3.5  4.8  1.71  6.25  5.54 191 1008.2  19.1  21.0  17.7 99.0 99.00
2016 04 23 20 50 284  6.2  7.9  1.80  6.67  5.86 198 1008.1  19.8  21.0  17.3 99.0 99.00
2016 04 23 21 50 280  6.7  8.0  1.83  6.67  5.70 205 1008.6  20.3  21.1  17.7 99.0 99.00
2016 04 23 22 50 282  6.0  7.0  1.76  6.67  5.76 201 1008.7  20.6  21.0  18.1 99.0 99.00
2016 04 23 23 50 283  6.7  7.9  1.74  7.14  5.87 203 1008.8  20.8  21.0  18.7 99.0 99.00
2016 04 24 00 50 317  6.4  7.4  1.78  6.67  5.79 198 1009.5  21.0  21.0  18.3 99.0 99.00
2016 04 24 01 50 312  6.5  7.8  1.75  7.69  5.86 223 1010.1  20.9  20.9  18.0 99.0 99.00
2016 04 24 02 50 310  6.6  8.2  1.61  7.69  5.53 218 1010.4  20.9  21.0  18.0 99.0 99.00
2016 04 24 03 50 318  7.4  8.9  1.72  7.14  5.69 211 1010.9  20.9  21.0  17.9 99.0 99.00
2016 04 24 04 50 313  5.8  6.8  1.53  7.14  5.36 212 1011.1  20.9  21.0  17.7 99.0 99.00
2016 04 24 05 50 309  5.7  7.1  1.49  7.14  5.28 218 1010.9  20.9  21.0  18.2 99.0 99.00
2016 04 24 06 50 324  6.5  7.4  1.47  6.67  5.46 193 1010.4  20.2  21.1  15.4 99.0 99.00
2016 04 24 07 50 328  7.7  9.3  1.46  6.67  5.22 217 1010.6  20.4  21.2  15.2 99.0 99.00
2016 04 24 08 50 336  8.2 10.0  1.42  6.67  5.10 222 1010.8  20.1  21.2  16.0 99.0 99.00
2016 04 24 09 50 334  7.7  9.4  1.28  6.67  4.83 208 1011.5  20.4  21.2  16.8 99.0 99.00
2016 04 24 10 50 347  8.9 10.3  1.30  6.67  4.56 217 1012.4  20.4  21.2  16.4 99.0 99.00
2016 04 24 11 50 353  8.1 10.1  1.51  7.14  4.90 225 1013.0  20.4  21.2  16.2 99.0 99.00
2016 04 24 12 50 352  8.5 10.3  1.37  6.67  4.66 219 1013.7  20.4  21.2  16.5 99.0 99.00
2016 04 24 13 50 360  8.6 10.3  1.57  7.14  4.79 223 1014.7  20.5  21.3  16.4 99.0 99.00
2016 04 24 14 50   1 10.7 12.5  1.72  6.67  4.93 266 1014.9  20.2  21.2  16.4 99.0 99.00
2016 04 24 15 50   1  9.5 11.3  1.94  6.67  5.11 339 1015.0  20.3  21.2  15.6 99.0 99.00
2016 04 24 16 50 353  8.4 10.2  1.84  7.14  5.21 344 1015.7  20.3  21.2  15.3 99.0 99.00
2016 04 24 17 50 350  9.0 10.7  1.94  6.67  5.54 329 1015.8  20.1  21.2  15.5 99.0 99.00
2016 04 24 18 50 357  8.9 10.6  2.13  8.33  5.67 360 1015.5  20.2  21.2  14.7 99.0 99.00
2016 04 24 19 50   2  9.1 10.8  2.16  8.33  5.82   3 1015.4  20.1  21.2  14.1 99.0 99.00
2016 04 24 20 50   6  9.1 11.0  2.10  9.09  5.84  10 1014.9  20.1  21.2  13.8 99.0 99.00
2016 04 24 21 50  13  9.3 10.7  2.48  8.33  6.30   6 1014.7  20.0  21.2  13.6 99.0 99.00
2016 04 24 22 50  12  8.8 11.0  2.25  9.09  6.03  20 1015.3  19.9  21.1  13.3 99.0 99.00
2016 04 24 23 50  21  8.8 10.4  2.26  9.09  6.01  21 1015.8  19.7  21.1  13.4 99.0 99.00
2016 04 25 00 50  23  7.4  8.4  2.31  9.09  6.21  21 1016.9  19.9  21.1  13.2 99.0 99.00
2016 04 25 01 50  21  7.0  8.6  2.45  9.09  6.38  19 1017.3  19.9  21.1  13.8 99.0 99.00
2016 04 25 02 50  30  6.3  7.8  2.15  9.09  6.18  13 1017.6  19.9  21.0  14.0 99.0 99.00
2016 04 25 03 50  29  5.8  7.0  2.37  9.09  6.45  20 1017.4  19.9  21.0  13.1 99.0 99.00
2016 04 25 05 50  25  5.7  7.2  2.14  7.69  6.12  24 1017.5  19.8  21.0  13.3 99.0 99.00
2016 04 25 06 50  26  4.8  6.9  2.16  8.33  6.36  30 1017.5  19.7  21.0  12.5 99.0 99.00
2016 04 25 07 50  29  5.2  6.4  2.34  9.09  6.67  34 1017.8  19.5  21.0  12.4 99.0 99.00
2016 04 25 08 50  28  4.6  6.1  2.16  8.33  6.76  22 1017.9  19.4  21.0  12.7 99.0 99.00
2016 04 25 09 50  30  4.3  5.8  2.23 10.00  6.73  35 1018.3  19.4  21.0  12.1 99.0 99.00
2016 04 25 10 50  61  3.1  4.3  2.17 10.00  6.75  33 1018.8  19.5  21.0  11.3 99.0 99.00
2016 04 25 11 50  53  2.4  3.6  2.38 10.00  7.43  29 1019.3  19.7  21.0  11.4 99.0 99.00
2016 04 25 12 50  50  3.4  5.0  2.19 10.81  7.03  30 1019.3  19.5  21.0  11.5 99.0 99.00
2016 04 25 13 50  29  3.2  4.8  2.27 10.00  7.16  25 1019.8  19.4  21.0  11.6 99.0 99.00
2016 04 25 14 50  34  4.3  5.6  2.19  9.09  7.17  28 1020.1  19.4  21.1  11.9 99.0 99.00
2016 04 25 15 50  34  4.5  5.9  1.96  9.09  6.98  42 1020.2  19.5  21.1  12.3 99.0 99.00
2016 04 25 16 50  32  5.0  6.7  1.93 10.00  6.97  46 1019.9  19.5  21.2  12.7 99.0 99.00
2016 04 25 17 50  44  4.7  6.5  1.95 10.00  7.00  34 1019.5  19.4  21.3  12.1 99.0 99.00
2016 04 25 18 50  48  3.5  4.7  2.16 10.00  7.24  35 1019.5  19.5  21.4  12.0 99.0 99.00
2016 04 25 19 50  58  4.2  5.6  2.09 10.00  7.03  28 1018.9  19.6  21.4  12.5 99.0 99.00
2016 04 25 20 50  67  3.6  5.0  2.06 10.00  7.32  36 1018.8  19.5  21.4  12.1 99.0 99.00
2016 04 25 21 50  73  3.3  4.5  1.94 10.00  7.26  41 1018.8  19.6  21.4  12.5 99.0 99.00
2016 04 25 22 50  86  4.0  5.2  1.85  9.09  7.09  32 1018.5  19.5  21.3  12.5 99.0 99.00
2016 04 25 23 50  84  3.8  5.6  1.83 10.00  7.07  34 1018.5  19.5  21.3  13.1 99.0 99.00
2016 04 26 00 50  88  3.4  4.4  1.74 10.00  6.99  28 1018.7  19.4  21.2  12.9 99.0 99.00
2016 04 26 01 50  99  4.1  5.5  1.58  9.09  6.95  22 1018.8  19.4  21.2  13.2 99.0 99.00
2016 04 26 02 50 119  4.4  5.4  1.49 10.00  6.90  33 1019.0  19.4  21.2  13.3 99.0 99.00
2016 04 26 03 50 128  4.3  5.2  1.55 10.00  7.03  11 1018.7  19.3  21.1  13.7 99.0 99.00
2016 04 26 04 50 136  3.8  5.1  1.42 10.00  6.86  13 1018.6  19.3  21.1  13.7 99.0 99.00
2016 04 26 05 50 158  4.7  5.9  1.36 10.00  6.73  23 1017.9  19.4  21.1  13.8 99.0 99.00
2016 04 26 06 50 158  3.8  5.2  1.34  9.09  6.91  11 1017.6  19.5  21.1  13.4 99.0 99.00
2016 04 26 07 50 167  2.9  4.4  1.27 10.00  6.75  29 1017.4  19.5  21.1  13.3 99.0 99.00
2016 04 26 08 50 149  2.7  4.3  1.28  9.09  6.66  11 1017.4  19.5  21.1  13.2 99.0 99.00
2016 04 26 09 50 143  1.0  1.6  1.20  9.09  6.79  14 1017.6  19.5  21.1  12.5 99.0 99.00
2016 04 26 10 50 153  2.9  3.8  1.24  9.09  6.93  21 1017.8  19.7  21.0  12.5 99.0 99.00
2016 04 26 11 50 174  1.5  2.5  1.33 10.00  7.18  15 1018.4  19.9  21.0  12.3 99.0 99.00
2016 04 26 12 50 128  1.5  2.1  1.30 10.00  7.23  31 1018.8  20.0  21.1  12.1 99.0 99.00
2016 04 26 13 50 146  2.7  3.6  1.28  9.09  6.93  21 1019.0  20.0  21.2  12.5 99.0 99.00
2016 04 26 14 50 168  3.1  4.5  1.19 10.00  7.11  36 1019.0  20.0  21.3  12.7 99.0 99.00
2016 04 26 15 50 194  2.3  3.1  1.11 10.00  6.99  29 1019.1  20.1  21.5  12.8 99.0 99.00
2016 04 26 16 50 168  2.3  3.1  0.99 10.00  6.67  28 1018.6  20.2  21.8  12.7 99.0 99.00
2016 04 26 17 50 169  1.6  2.8  1.10 10.00  7.15  25 1018.1  20.3  22.1  13.0 99.0 99.00
2016 04 26 18 50 192  1.8  3.2  1.02 10.00  7.12  26 1017.9  20.5  22.5  12.8 99.0 99.00
2016 04 26 19 50 148  2.0  3.4  1.08 10.00  7.29  26 1017.0  20.4  22.5  12.8 99.0 99.00
2016 04 26 20 50 165  2.9  3.8  0.95 10.00  6.88  22 1016.6  20.5  22.3  12.9 99.0 99.00
2016 04 26 21 50 142  3.3  4.0  0.96 10.00  6.81  23 1016.5  20.6  22.0  13.3 99.0 99.00
2016 04 26 22 50 166  3.4  4.4  1.02  9.09  7.22  33 1016.2  20.7  21.8  13.1 99.0 99.00
2016 04 26 23 50 170  3.3  4.4  0.80  9.09  6.47  34 1016.1  20.5  21.6  13.4 99.0 99.00
2016 04 27 00 50 181  3.4  4.4  0.83  9.09  6.66  41 1016.2  20.5  21.5  14.1 99.0 99.00
2016 04 27 01 50 190  4.6  6.4  0.83 10.00  6.76  25 1016.5  20.5  21.3  14.1 99.0 99.00
2016 04 27 02 50 189  4.7  6.0  0.77  9.09  6.28  23 1016.7  20.6  21.3  14.2 99.0 99.00
2016 04 27 03 50 172  5.4  7.2  0.73  9.09  5.47  23 1016.2  20.6  21.3  14.3 99.0 99.00
2016 04 27 04 50 175  4.6  5.5  0.73 10.00  5.20  23 1015.8  20.5  21.2  14.4 99.0 99.00
2016 04 27 05 50 165  4.3  5.6  0.72  9.09  5.25  34 1015.2  20.5  21.2  14.3 99.0 99.00
2016 04 27 06 50 168  4.5  5.7  0.74 10.81  5.40  32 1015.0  20.4  21.2  14.3 99.0 99.00
2016 04 27 07 50 161  4.4  5.5  0.73 10.81  5.54  40 1014.9  20.3  21.2  14.3 99.0 99.00
2016 04 27 08 50 171  4.3  5.2  0.67  9.09  5.33  44 1015.4  20.5  21.2  13.7 99.0 99.00
2016 04 27 09 50 171  4.6  5.7  0.66  8.33  5.26  43 1015.6  20.5  21.2  14.1 99.0 99.00
2016 04 27 10 50 186  5.6  6.6  0.68 11.43  5.23  21 1016.3  20.8  21.2  14.0 99.0 99.00
2016 04 27 11 50 187  5.2  5.9  0.68 10.81  5.00  45 1016.9  20.9  21.2  13.9 99.0 99.00
2016 04 27 12 50 176  4.3  5.3  0.64 11.43  4.80  51 1017.3  20.9  21.2  13.2 99.0 99.00
2016 04 27 13 50 178  4.8  5.7  0.62  9.09  4.72  51 1017.2  20.9  21.2  13.2 99.0 99.00
2016 04 27 14 50 172  4.9  5.7  0.64 10.00  4.61  53 1017.1  21.0  21.3  12.9 99.0 99.00
2016 04 27 15 50 170  4.8  5.4  0.63 10.00  4.74  64 1017.2  21.0  21.4  13.4 99.0 99.00
2016 04 27 16 50 181  4.8  5.6  0.60 10.00  4.87 104 1016.5  21.1  21.5  13.3 99.0 99.00
2016 04 27 17 50 181  5.2  6.4  0.56 10.81  4.75  32 1016.0  21.3  21.5  13.9 99.0 99.00
2016 04 27 18 50 192  5.1  6.2  0.58 10.00  4.62  74 1016.1  21.4  21.6  14.1 99.0 99.00
2016 04 27 19 50 191  4.6  5.6  0.56 10.81  4.53  42 1015.8  21.5  21.6  14.8 99.0 99.00
2016 04 27 20 50 190  4.5  5.2  0.56  9.09  4.38  59 1015.3  21.7  21.6  14.7 99.0 99.00
2016 04 27 21 50 189  4.5  5.5  0.58 10.00  4.69  60 1015.3  21.7  21.6  15.6 99.0 99.00
2016 04 27 22 50 175  4.5  5.0  0.57 10.00  4.86  57 1015.6  21.6  21.5  16.0 99.0 99.00
2016 04 27 23 50 176  4.9  5.7  0.59  9.09  4.77  69 1015.7  21.4  21.6  16.2 99.0 99.00
2016 04 28 00 50 168  5.5  6.2  0.60 10.81  4.54  62 1015.9  21.3  21.5  16.9 99.0 99.00
2016 04 28 01 50 171  5.1  6.0  0.60  9.09  4.48  77 1016.4  21.4  21.4  16.7 99.0 99.00
2016 04 28 02 50 159  4.8  5.7  0.66  9.09  4.65  74 1016.5  21.4  21.4  17.0 99.0 99.00
2016 04 28 03 50 167  5.4  6.1  0.63 10.81  4.48  82 1016.3  21.4  21.4  17.4 99.0 99.00
2016 04 28 04 50 178  4.7  5.6  0.62  9.09  4.74  71 1016.3  21.4  21.4  17.8 99.0 99.00
2016 04 28 05 50 178  5.6  6.7  0.61  9.09  4.51  85 1015.9  21.2  21.3  18.5 99.0 99.00
2016 04 28 06 50 163  6.0  7.0  0.67  9.09  4.59  58 1015.3  21.2  21.3  18.3 99.0 99.00
2016 04 28 07 50 179  4.5  5.1  0.70  9.09  4.26  81 1015.4  21.2  21.3  18.1 99.0 99.00
2016 04 28 08 50 200  3.5  4.2  0.71 10.00  4.55  64 1015.8  21.2  21.3  18.1 99.0 99.00
2016 04 28 09 50 205  2.7  3.4  0.70 10.81  4.59 103 1016.1  21.1  21.3  18.5 99.0 99.00
2016 04 28 10 50 215  3.2  3.8  0.79 10.00  4.74  92 1016.8  21.4  21.3  17.1 99.0 99.00
2016 04 28 11 50 233  2.5  3.1  0.79  8.33  4.64  88 1017.7  21.5  21.3  17.4 99.0 99.00
2016 04 28 12 50 201  2.4  2.8  0.74 10.81  4.75  50 1018.0  21.4  21.4  18.3 99.0 99.00
2016 04 28 13 50 176  2.5  3.0  0.73 11.43  4.69  26 1017.8  21.4  21.5  18.5 99.0 99.00
2016 04 28 14 50 174  2.3  2.7  0.66 10.81  4.76  60 1018.1  21.5  21.7  19.0 99.0 99.00
2016 04 28 15 50 186  3.3  3.6  0.71  8.33  4.83 108 1018.2  21.7  21.8  18.9 99.0 99.00
2016 04 28 16 50 188  3.3  3.7  0.69 11.43  4.67 118 1017.7  21.9  22.1  18.9 99.0 99.00
2016 04 28 17 50 180  3.8  4.4  0.68 10.00  4.79  44 1017.4  22.0  22.2  19.0 99.0 99.00
2016 04 28 18 50 169  4.6  5.2  0.67  9.09  4.97  90 1016.7  22.1  22.1  18.7 99.0 99.00
2016 04 28 19 50 175  4.7  5.6  0.66  8.33  4.52  95 1016.5  22.2  22.0  18.8 99.0 99.00
2016 04 28 20 50 185  3.9  4.5  0.68 10.81  4.64  67 1016.2  22.2  22.0  19.0 99.0 99.00
2016 04 28 21 50 168  4.6  5.3  0.71 10.81  4.79  75 1016.0  22.1  21.9  19.3 99.0 99.00
2016 04 28 22 50 170  4.4  5.4  0.73 10.81  4.66 107 1015.9  22.0  21.8  19.5 99.0 99.00
2016 04 28 23 50 178  4.8  5.6  0.73 10.81  4.82  59 1016.2  21.9  21.7  19.8 99.0 99.00
2016 04 29 00 50 173  4.9  5.9  0.69 10.00  4.70  67 1016.6  21.8  21.7  20.4 99.0 99.00
2016 04 29 01 50 180  5.1  5.8  0.78 10.81  4.87  45 1017.2  21.7  21.7  20.1 99.0 99.00
2016 04 29 02 50 174  4.8  5.7  0.72 10.00  4.68  52 1017.0  21.6  21.8  20.2 99.0 99.00
2016 04 29 03 50 180  5.6  6.2  0.67  9.09  4.72  71 1016.3  21.5  21.7  20.2 99.0 99.00
2016 04 29 04 50 182  6.0  7.3  0.72  9.09  4.55  90 1015.8  21.5  21.7  20.2 99.0 99.00
2016 04 29 06 50 189  5.3  6.3  0.76 10.81  4.41  49 1014.9  21.5  21.7  20.1 99.0 99.00
2016 04 29 07 50 186  5.7  6.9  0.73 10.81  4.38  61 1014.7  21.4  21.6  20.2 99.0 99.00
2016 04 29 08 50 196  4.8  6.0  0.71 10.00  4.40  80 1014.8  21.4  21.5  20.4 99.0 99.00
2016 04 29 09 50 203  5.5  6.7  0.67  9.09  4.20 114 1014.7  21.6  21.5  20.1 99.0 99.00
2016 04 29 10 50 200  5.8  7.1  0.73  9.09  4.39  88 1014.9  21.7  21.5  19.8 99.0 99.00
2016 04 29 11 50 191  6.7  8.2  0.76 10.00  4.07  55 1015.0  21.7  21.4  20.1 99.0 99.00
2016 04 29 12 50 198  7.2  8.6  0.75 10.00  4.16  47 1015.2  21.8  21.4  20.2 99.0 99.00
2016 04 29 13 50 195  7.3  8.3  0.78  9.09  3.99  95 1014.8  21.8  21.4  20.1 99.0 99.00
2016 04 29 14 50 194  6.8  7.9  0.84 10.81  4.26  49 1015.3  21.9  21.5  20.2 99.0 99.00
2016 04 29 15 50 204  6.7  8.0  0.82 10.00  4.29  81 1015.7  22.0  21.6  20.3 99.0 99.00
2016 04 29 16 50 201  6.4  7.6  0.84  4.55  4.18 231 1014.7  22.0  21.6  20.3 99.0 99.00
2016 04 29 17 50 199  6.6  8.1  0.86  4.00  4.25 198 1013.8  21.9  21.7  20.4 99.0 99.00
2016 04 29 18 50 207  7.7  9.3  0.87  4.76  4.19 237 1013.4  22.1  21.7  20.5 99.0 99.00
2016 04 29 19 50 210  7.1  8.3  1.05  4.76  4.31 235 1012.8  22.2  21.7  20.7 99.0 99.00
2016 04 29 20 50 211  7.5  8.8  1.00  5.00  4.23 233 1012.6  22.1  21.8  20.9 99.0 99.00
2016 04 29 21 50 223  6.1  7.1  1.02  5.56  4.42 247 1013.2  22.1  21.8  21.0 99.0 99.00
2016 04 29 22 50 236  5.3  6.2  0.98  5.88  4.56 261 1013.5  22.2  21.7  21.0 99.0 99.00
2016 04 29 23 50 245  3.8  4.5  1.01  5.88  4.65 251 1013.9  22.0  21.7  21.3 99.0 99.00
2016 04 30 00 50 266  3.1  3.6  0.97  5.56  4.87 269 1014.6  21.9  21.7  21.3 99.0 99.00
2016 04 30 01 50 280  3.4  4.2  0.94  5.88  4.97 280 1015.3  22.0  21.6  21.1 99.0 99.00
2016 04 30 02 50 257  2.4  3.0  0.97  6.25  5.08 267 1015.3  21.9  21.6  21.1 99.0 99.00
2016 04 30 03 50 295  2.0  2.3  0.97  5.88  5.03 265 1015.1  21.8  21.6  21.1 99.0 99.00
2016 04 30 04 50  29  4.7  5.6  0.89  5.88  5.14 268 1015.3  22.0  21.6  20.7 99.0 99.00
2016 04 30 05 50  30  6.3  7.1  0.93  5.88  5.01 269 1015.0  21.9  21.6  20.3 99.0 99.00
2016 04 30 06 50  39  5.1  5.9  0.89  5.56  4.92 259 1015.1  21.7  21.6  20.0 99.0 99.00
2016 04 30 07 50  47  5.7  6.9  0.85 10.00  4.93  71 1015.3  21.6  21.6  19.9 99.0 99.00
2016 04 30 08 50  45  5.3  6.3  0.79 10.00  4.81  73 1016.0  21.6  21.7  19.6 99.0 99.00
2016 04 30 09 50  59  5.2  6.4  0.83  9.09  4.77  64 1016.0  21.5  21.7  19.6 99.0 99.00
2016 04 30 10 50  65  5.4  6.6  0.85 10.81  4.87  38 1016.8  21.3  21.7  19.3 99.0 99.00
2016 04 30 11 50  70  4.5  5.3  0.87  9.09  4.84  81 1017.4  21.4  21.7  18.9 99.0 99.00
2016 04 30 12 50  57  4.2  4.9  0.97 10.81  5.16  30 1017.7  21.4  21.7  18.5 99.0 99.00
2016 04 30 14 50  44  6.5  7.6  0.93 10.00  4.94  48 1018.3  21.3  21.7  17.7 99.0 99.00
2016 04 30 15 50  55  6.6  7.6  1.08 10.00  5.25  45 1018.1  21.2  21.7  17.3 99.0 99.00
2016 04 30 16 50  49  6.1  7.1  1.14  9.09  5.25  67 1017.9  21.1  22.0  17.3 99.0 99.00
2016 04 30 17 50  61  5.6  6.6  1.20  5.26  5.25 348 1017.9  21.1  22.4  17.3 99.0 99.00
2016 04 30 18 50  59  5.3  6.4  1.38 11.43  5.73  48 1018.0  21.2  22.9  17.0 99.0 99.00
2016 04 30 19 50  64  5.5  6.5  1.53 10.00  5.92  30 1017.9  21.4  23.0  16.9 99.0 99.00
2016 04 30 20 50  58  4.7  6.2  1.45 10.00  5.91  48 1018.0  21.4  23.0  16.9 99.0 99.00
2016 04 30 21 50  67  4.7  6.0  1.45 10.00  6.12  32 1018.1  21.4  23.1  17.1 99.0 99.00
2016 04 30 22 50  56  5.7  6.8  1.36 10.00  5.92  36 1018.6  21.4  23.2  17.3 99.0 99.00
