#YY  MM DD hh mm WDIR WSPD GST  WVHT   DPD   APD MWD   PRES  ATMP  WTMP  DEWP  VIS  TIDE
#yr  mo dy hr mn degT m/s  m/s     m   sec   sec deg    hPa  degC  degC  degC  nmi    ft
2016 01 31 23 50 218  5.1  6.1  1.09  9.09  5.93  90 9999.0  19.5  20.6 999.0 99.0 99.00
2016 02 01 00 50 208  5.3  6.3  1.09  9.09  5.89 121 9999.0  19.5  20.6 999.0 99.0 99.00
2016 02 01 01 50 208  5.8  7.1  0.94  9.09  5.36  81 9999.0  19.5  20.6 999.0 99.0 99.00
2016 02 01 02 50 208  6.0  7.5  1.00  9.09  5.48 103 9999.0  19.6  20.6 999.0 99.0 99.00
2016 02 01 03 50 202  5.8  6.8  0.98 10.00  5.25 133 9999.0  19.6  20.6 999.0 99.0 99.00
2016 02 01 04 50 201  6.3  7.5  0.99 10.00  5.12  91 9999.0  19.7  20.6 999.0 99.0 99.00
2016 02 01 05 50 202  6.4  7.4  0.98 10.00  5.29 119 9999.0  19.7  20.6 999.0 99.0 99.00
2016 02 01 06 50 200  6.9  8.1  1.04  9.09  5.41 120 9999.0  19.8  20.6 999.0 99.0 99.00
2016 02 01 07 50 198  6.1  7.0  1.07 10.00  5.33  92 9999.0  19.8  20.5 999.0 99.0 99.00
2016 02 01 08 50 204  6.5  7.5  1.00 10.00  5.14  98 9999.0  19.9  20.5 999.0 99.0 99.00
2016 02 01 09 50 205  6.3  7.4  1.05 10.00  5.03  93 9999.0  20.0  20.5 999.0 99.0 99.00
2016 02 01 10 50 210  7.0  8.4  1.09 10.00  5.04 104 9999.0  20.1  20.5 999.0 99.0 99.00
2016 02 01 11 50 206  4.8  6.1  1.11  9.09  5.17 101 9999.0  20.2  20.5 999.0 99.0 99.00
2016 02 01 12 50 213  5.5  6.6  1.09  9.09  5.14 109 9999.0  20.2  20.5 999.0 99.0 99.00
2016 02 01 13 50 214  5.8  6.8  1.19  9.09  5.36 106 9999.0  20.3  20.5 999.0 99.0 99.00
2016 02 01 14 50 215  5.7  6.7  1.03  9.09  4.83 117 9999.0  20.4  20.6 999.0 99.0 99.00
2016 02 01 15 50 217  5.1  6.2  1.09 10.00  5.12 101 9999.0  20.4  20.6 999.0 99.0 99.00
2016 02 01 16 50 217  6.2  7.2  1.11  9.09  5.33 113 9999.0  20.4  20.7 999.0 99.0 99.00
2016 02 01 17 50 222  6.4  7.5  1.05  9.09  5.01 122 9999.0  20.4  20.8 999.0 99.0 99.00
2016 02 01 18 50 223  6.7  7.9  1.08  9.09  5.15 131 9999.0  20.5  20.8 999.0 99.0 99.00
2016 02 01 19 50 224  6.8  8.2  1.14  9.09  4.85 119 9999.0  20.7  20.8 999.0 99.0 99.00
2016 02 01 20 50 227  7.3  8.5  1.04  9.09  4.73 142 9999.0  20.6  20.8 999.0 99.0 99.00
2016 02 01 21 50 229  7.0  8.3  1.18 10.00  5.03 102 9999.0  20.5  20.7 999.0 99.0 99.00
2016 02 01 22 50 236  6.4  7.9  1.21  9.09  5.08 112 9999.0  20.6  20.7 999.0 99.0 99.00
2016 02 01 23 50 224  5.8  6.9  1.22  9.09  5.02 125 9999.0  20.6  20.7 999.0 99.0 99.00
2016 02 02 00 50 222  5.8  6.8  1.26 10.00  5.14  87 9999.0  20.6  20.7 999.0 99.0 99.00
2016 02 02 01 50 221  7.2  8.5  1.17  9.09  4.93 101 9999.0  20.5  20.7 999.0 99.0 99.00
2016 02 02 02 50 246  7.4  8.6  1.25  9.09  4.82 113 9999.0  20.5  20.7 999.0 99.0 99.00
2016 02 02 03 50 265  7.1  8.5  1.22  9.09  4.96 115 9999.0  20.3  20.7 999.0 99.0 99.00
2016 02 02 04 50 266  7.2  8.4  1.27  9.09  5.17 107 9999.0  20.2  20.7 999.0 99.0 99.00
2016 02 02 05 50 267  6.5  7.7  1.27 10.00  4.88 118 9999.0  20.2  20.6 999.0 99.0 99.00
2016 02 02 06 50 268  5.7  6.7  1.17  9.09  4.99 114 9999.0  20.1  20.6 999.0 99.0 99.00
2016 02 02 07 50 277  6.1  7.1  1.19 10.00  5.17 111 9999.0  20.1  20.6 999.0 99.0 99.00
2016 02 02 08 50 279  5.7  6.8  1.11  9.09  5.02 121 9999.0  20.1  20.6 999.0 99.0 99.00
2016 02 02 09 50 278  5.4  6.6  1.07 10.00  4.90 112 9999.0  20.1  20.6 999.0 99.0 99.00
2016 02 02 10 50 286  5.2  6.4  1.07  9.09  4.96  97 9999.0  20.2  20.5 999.0 99.0 99.00
2016 02 02 11 50 295  4.8  5.7  1.11  9.09  5.45 103 9999.0  20.4  20.5 999.0 99.0 99.00
2016 02 02 12 50 320  3.3  4.0  1.06  9.09  5.29 113 9999.0  20.7  20.6 999.0 99.0 99.00
2016 02 02 13 50 344  2.9  3.8  1.07  9.09  5.61 100 9999.0  20.9  20.6 999.0 99.0 99.00
2016 02 02 14 50   1  2.2  2.7  1.03  9.09  5.72  96 9999.0  20.9  20.7 999.0 99.0 99.00
2016 02 02 15 50   7  1.3  1.7  0.99  9.09  5.57 110 9999.0  21.0  20.9 999.0 99.0 99.00
2016 02 02 16 50 350  1.3  1.8  0.96  9.09  5.51 112 9999.0  21.1  21.3 999.0 99.0 99.00
2016 02 02 17 50   6  2.0  2.4  0.96  9.09  5.82 127 9999.0  21.2  21.4 999.0 99.0 99.00
2016 02 02 18 50   6  2.4  2.9  0.91  9.09  5.65 105 9999.0  21.4  21.6 999.0 99.0 99.00
2016 02 02 19 50  22  3.2  3.7  0.88  9.09  5.65 112 9999.0  21.3  21.5 999.0 99.0 99.00
2016 02 02 20 50  44  2.7  3.3  0.95  9.09  6.05 112 9999.0  21.2  21.4 999.0 99.0 99.00
2016 02 02 21 50  43  3.3  3.8  0.87 10.00  5.45  94 9999.0  21.1  21.2 999.0 99.0 99.00
2016 02 02 22 50  68  3.4  4.3  0.89  9.09  5.80 107 9999.0  20.9  21.0 999.0 99.0 99.00
2016 02 02 23 50  85  3.2  3.8  0.91  9.09  5.88  96 9999.0  20.8  21.0 999.0 99.0 99.00
2016 02 03 00 50  94  2.8  3.4  0.96  9.09  6.18  88 9999.0  20.8  20.8 999.0 99.0 99.00
2016 02 03 01 50 118  3.5  4.3  1.01  9.09  6.10 116 9999.0  20.6  20.8 999.0 99.0 99.00
2016 02 03 02 50 134  4.0  4.9  1.02  9.09  6.17 117 9999.0  20.6  20.8 999.0 99.0 99.00
2016 02 03 03 50 142  4.7  5.5  0.96  9.09  6.13 114 9999.0  20.5  20.8 999.0 99.0 99.00
2016 02 03 04 50 148  3.9  4.9  0.90  9.09  5.96 128 9999.0  20.4  20.8 999.0 99.0 99.00
2016 02 03 05 50 158  4.6  5.6  0.98  9.09  5.98 110 9999.0  20.3  20.8 999.0 99.0 99.00
2016 02 03 06 50 155  4.7  5.7 99.00 99.00 99.00 999 9999.0  20.3  20.8 999.0 99.0 99.00
2016 02 03 07 50 164  5.1  5.9  0.88  9.09  5.49 117 9999.0  20.2  20.8 999.0 99.0 99.00
2016 02 03 08 50 165  4.6  5.7  0.97  9.09  5.70 127 9999.0  20.1  20.8 999.0 99.0 99.00
2016 02 03 09 50 157  5.7  6.9  0.97  9.09  5.77 129 9999.0  20.1  20.8 999.0 99.0 99.00
2016 02 03 10 50 170  6.0  7.3  1.01  8.33  5.70 120 9999.0  20.0  20.8 999.0 99.0 99.00
2016 02 03 11 50 167  6.1  7.2  1.03  9.09  5.59 129 9999.0  20.0  20.8 999.0 99.0 99.00
2016 02 03 12 50 163  7.2  8.5  1.08  9.09  5.44 113 9999.0  20.1  20.8 999.0 99.0 99.00
2016 02 03 13 50 159  8.6 10.0  1.11  7.69  5.18  99 9999.0  20.3  20.8 999.0 99.0 99.00
2016 02 03 14 50 163  7.9  9.2  1.20  9.09  4.99 123 9999.0  20.4  20.9 999.0 99.0 99.00
2016 02 03 15 50 167  6.3  7.7  1.28  9.09  5.18 107 9999.0  20.5  20.9 999.0 99.0 99.00
2016 02 03 16 50 173  6.4  7.5  1.20  9.09  5.26 101 9999.0  20.4  21.0 999.0 99.0 99.00
2016 02 03 17 50 169  7.8  9.1  1.22  9.09  5.10 117 9999.0  20.4  21.0 999.0 99.0 99.00
2016 02 03 18 50 170  8.2  9.7  1.25  9.09  4.90  99 9999.0  20.4  21.0 999.0 99.0 99.00
2016 02 03 19 50 172  8.5  9.7  1.23  4.55  4.86 145 9999.0  20.4  21.0 999.0 99.0 99.00
2016 02 03 20 50 178  8.6 10.3  1.35  4.76  4.78 154 9999.0  20.5  21.0 999.0 99.0 99.00
2016 02 03 21 50 186  7.7  9.1  1.28  9.09  4.87 127 9999.0  20.5  21.0 999.0 99.0 99.00
2016 02 03 22 50 180  9.0 11.0  1.32  9.09  4.82 121 9999.0  20.4  20.9 999.0 99.0 99.00
2016 02 03 23 50 178  8.9 11.2  1.39  5.00  4.81 155 9999.0  20.5  20.9 999.0 99.0 99.00
2016 02 04 00 50 182  9.9 11.6  1.35  4.76  4.69 148 9999.0  20.3  20.9 999.0 99.0 99.00
2016 02 04 01 50 185  9.6 10.9  1.41  5.00  4.79 150 9999.0  20.3  20.9 999.0 99.0 99.00
2016 02 04 02 50 195  8.3  9.9  1.56  5.00  4.73 161 9999.0  20.4  20.8 999.0 99.0 99.00
2016 02 04 03 50 192  9.8 11.5  1.54  5.56  4.89 151 9999.0  20.5  20.8 999.0 99.0 99.00
2016 02 04 04 50 199  9.7 11.4  1.61  5.88  4.89 151 9999.0  20.5  20.8 999.0 99.0 99.00
2016 02 04 05 50 203  9.8 11.7  1.75  5.56  4.97 144 9999.0  20.4  20.7 999.0 99.0 99.00
2016 02 04 06 50 202  9.6 11.4  1.78  5.56  5.03 171 9999.0  20.6  20.7 999.0 99.0 99.00
2016 02 04 07 50 209  9.5 10.9  1.83  5.56  5.02 170 9999.0  20.6  20.7 999.0 99.0 99.00
2016 02 04 08 50 206  8.7  9.9  1.67  5.88  4.93 156 9999.0  20.6  20.7 999.0 99.0 99.00
2016 02 04 09 50 204  8.3 10.0  1.83  5.56  5.18 182 9999.0  20.5  20.7 999.0 99.0 99.00
2016 02 04 10 50 200  9.1 10.6  1.72  5.26  5.16 184 9999.0  20.6  20.7 999.0 99.0 99.00
2016 02 04 11 50 200  8.8 10.1  1.60  6.25  5.15 160 9999.0  20.6  20.7 999.0 99.0 99.00
2016 02 04 12 50 196  9.3 11.2  1.74  5.56  5.16 173 9999.0  20.6  20.7 999.0 99.0 99.00
2016 02 04 13 50 192  9.6 11.6  1.65  5.56  4.93 177 9999.0  20.7  20.8 999.0 99.0 99.00
2016 02 04 14 50 189 10.7 12.8  1.67  5.26  4.93 185 9999.0  20.8  20.8 999.0 99.0 99.00
2016 02 04 15 50 193  9.5 11.3  1.80  5.56  5.13 170 9999.0  21.0  20.8 999.0 99.0 99.00
2016 02 04 16 50 197  8.9 10.6  1.78  5.88  5.25 162 9999.0  20.8  20.8 999.0 99.0 99.00
2016 02 04 17 50 202  8.0  9.6  1.78  5.56  5.19 185 9999.0  20.8  20.8 999.0 99.0 99.00
2016 02 04 18 50 195  8.1  9.6  1.77  6.67  5.41 226 9999.0  20.9  20.8 999.0 99.0 99.00
2016 02 04 19 50 201  7.6  8.5  1.88  7.69  5.57 260 9999.0  21.0  20.9 999.0 99.0 99.00
2016 02 04 20 50 195  7.2  8.5  1.80  7.69  5.60 275 9999.0  20.9  20.9 999.0 99.0 99.00
2016 02 04 21 50 198  6.7  7.9  1.81  7.14  5.64 263 9999.0  21.0  20.9 999.0 99.0 99.00
2016 02 04 22 50 188  6.5  7.6  1.80  7.69  5.56 259 9999.0  20.8  20.9 999.0 99.0 99.00
2016 02 04 23 50 187  8.2  9.5  1.61  7.14  5.47 259 9999.0  20.8  20.9 999.0 99.0 99.00
2016 02 05 00 50 188  8.4 10.0  1.70  7.69  5.49 265 9999.0  20.8  20.9 999.0 99.0 99.00
2016 02 05 01 50 188  8.7 10.2  1.67  9.09  5.42 130 9999.0  20.7  20.9 999.0 99.0 99.00
2016 02 05 02 50 196  8.4 10.0  1.74  7.69  5.39 249 9999.0  20.8  20.9 999.0 99.0 99.00
2016 02 05 03 50 196  9.2 10.4  1.66  7.69  5.30 263 9999.0  20.8  20.9 999.0 99.0 99.00
2016 02 05 04 50 205  9.9 11.3  1.81  7.69  5.33 251 9999.0  20.7  20.8 999.0 99.0 99.00
2016 02 05 05 50 199 10.4 12.3  1.83  7.69  5.27 248 9999.0  20.8  20.8 999.0 99.0 99.00
2016 02 05 06 50 190 11.0 12.8  1.92  5.56  5.12 168 9999.0  20.8  20.7 999.0 99.0 99.00
2016 02 05 07 50 197 12.0 14.5  1.87  5.88  5.10 158 9999.0  20.8  20.7 999.0 99.0 99.00
2016 02 05 08 50 201 11.9 14.1  2.12  6.25  5.24 174 9999.0  20.8  20.7 999.0 99.0 99.00
2016 02 05 09 50 202 12.3 14.4  2.10  6.25  5.18 170 9999.0  20.6  20.7 999.0 99.0 99.00
2016 02 05 10 50 205 12.3 15.1  2.18  6.25  5.11 173 9999.0  20.7  20.7 999.0 99.0 99.00
2016 02 05 11 50 200 13.7 16.1  2.36  6.25  5.37 160 9999.0  20.8  20.7 999.0 99.0 99.00
2016 02 05 12 50 211 12.0 14.1  2.30  5.88  5.25 178 9999.0  20.9  20.7 999.0 99.0 99.00
2016 02 05 13 50 283 13.4 16.9  2.45  6.67  5.50 176 9999.0  17.8  20.7 999.0 99.0 99.00
2016 02 05 14 50 305 14.8 18.1  2.61  6.67  5.46 189 9999.0  16.6  20.7 999.0 99.0 99.00
2016 02 05 15 50 317 13.5 17.1  2.61  6.67  5.40 204 9999.0  16.6  20.6 999.0 99.0 99.00
2016 02 05 16 50 328 13.1 15.9  2.74  7.14  5.50 276 9999.0  16.2  20.6 999.0 99.0 99.00
2016 02 05 17 50 332 13.4 16.1  3.05  7.69  5.85 281 9999.0  15.4  20.5 999.0 99.0 99.00
2016 02 05 18 50 338 13.6 17.2  3.54  8.33  6.31 281 9999.0  15.1  20.5 999.0 99.0 99.00
2016 02 05 19 50 347 12.4 15.3  3.59  8.33  6.29 285 9999.0  15.1  20.5 999.0 99.0 99.00
2016 02 05 20 50 358 12.2 15.6  3.94  8.33  6.62 295 9999.0  14.6  20.5 999.0 99.0 99.00
2016 02 05 21 50   2 11.8 15.1  3.67  7.69  6.64 303 9999.0  14.8  20.5 999.0 99.0 99.00
2016 02 05 22 50  16 11.4 14.0  4.19  9.09  7.02 307 9999.0  14.5  20.5 999.0 99.0 99.00
2016 02 05 23 50  10 11.4 14.0  4.09 10.00  7.09 323 9999.0  14.6  20.5 999.0 99.0 99.00
2016 02 06 00 50  35 10.5 13.1  4.09  9.09  7.20 322 9999.0  14.5  20.4 999.0 99.0 99.00
2016 02 06 01 50  35  8.8 11.0  3.39 10.00  6.94 340 9999.0  14.3  20.4 999.0 99.0 99.00
2016 02 06 02 50  18 10.5 13.8  3.28 10.00  6.69 337 9999.0  14.6  20.4 999.0 99.0 99.00
2016 02 06 03 50  22  9.7 11.8  3.40 10.00  7.19 344 9999.0  14.6  20.4 999.0 99.0 99.00
2016 02 06 04 50  35  9.9 12.7  3.33  9.09  7.10 348 9999.0  14.8  20.4 999.0 99.0 99.00
2016 02 06 05 50  38  9.6 12.4  3.07 10.81  7.01 356 9999.0  14.6  20.4 999.0 99.0 99.00
2016 02 06 06 50  42  7.7 10.4  3.05 10.81  6.77   6 9999.0  14.5  20.4 999.0 99.0 99.00
2016 02 06 07 50  59  7.6 11.0  2.89 10.00  6.97  15 9999.0  14.6  20.3 999.0 99.0 99.00
2016 02 06 08 50  50  7.7 10.8  2.78  7.69  7.23 344 9999.0  14.9  20.3 999.0 99.0 99.00
2016 02 06 09 50  47  8.4 11.4  2.97  9.09  7.30   4 9999.0  15.0  20.3 999.0 99.0 99.00
2016 02 06 10 50  81  6.6  9.1  2.70 10.81  7.13  10 9999.0  15.5  20.3 999.0 99.0 99.00
2016 02 06 11 50  62  7.0  9.4  2.74 10.00  7.47  18 9999.0  15.5  20.3 999.0 99.0 99.00
2016 02 06 12 50  59  7.4 10.0  2.96 10.81  7.88   9 9999.0  15.9  20.3 999.0 99.0 99.00
2016 02 06 13 50  53  5.8  8.2  2.84 12.12  7.46   9 9999.0  16.0  20.3 999.0 99.0 99.00
2016 02 06 14 50  68  4.2  6.2  2.77 10.81  7.88  23 9999.0  16.3  20.4 999.0 99.0 99.00
2016 02 06 15 50  66  3.2  4.8  2.66 11.43  7.82  18 9999.0  16.5  20.4 999.0 99.0 99.00
2016 02 06 16 50  82  3.9  6.2  2.37 12.12  7.53  26 9999.0  16.5  20.4 999.0 99.0 99.00
2016 02 06 17 50  83  4.4  5.8  2.52 10.00  7.64  39 9999.0  16.4  20.4 999.0 99.0 99.00
2016 02 06 18 50  77  6.3  8.3  2.58 11.43  7.62  27 9999.0  16.2  20.4 999.0 99.0 99.00
2016 02 06 19 50 101  6.6  8.9  2.63 11.43  7.59  21 9999.0  16.3  20.4 999.0 99.0 99.00
2016 02 06 20 50  72  5.6  7.3  2.44 10.81  7.53  45 9999.0  16.0  20.4 999.0 99.0 99.00
2016 02 06 21 50  95  6.8  8.1  2.36 10.81  7.27  27 9999.0  14.7  20.4 999.0 99.0 99.00
2016 02 06 22 50  67  7.1  9.1  2.43 10.00  7.46  27 9999.0  15.5  20.4 999.0 99.0 99.00
2016 02 06 23 50  71  6.8  8.4  2.42 11.43  7.44  18 9999.0  15.9  20.3 999.0 99.0 99.00
2016 02 07 00 50  77  6.5  8.7  2.18 10.81  7.00  26 9999.0  16.8  20.3 999.0 99.0 99.00
2016 02 07 01 50 102  7.7  9.7  2.22 11.43  7.02  24 9999.0  17.2  20.3 999.0 99.0 99.00
2016 02 07 02 50 112  8.9 10.6  2.22 10.81  6.83  31 9999.0  17.4  20.3 999.0 99.0 99.00
2016 02 07 03 50  96  9.4 11.2  2.15 10.00  6.27  37 9999.0  17.4  20.3 999.0 99.0 99.00
2016 02 07 04 50 110  9.6 11.3  2.19 10.00  6.32  51 9999.0  17.7  20.3 999.0 99.0 99.00
2016 02 07 05 50  90  8.2  9.7  2.39 10.81  6.45  44 9999.0  18.0  20.3 999.0 99.0 99.00
2016 02 07 06 50 110  8.0  9.2  2.19 10.81  6.22  47 9999.0  18.2  20.3 999.0 99.0 99.00
2016 02 07 07 50 117  9.2 10.7  2.24 10.81  6.36  37 9999.0  18.2  20.3 999.0 99.0 99.00
2016 02 07 08 50 104  8.7 10.6  2.20 10.00  6.08  58 9999.0  18.2  20.3 999.0 99.0 99.00
2016 02 07 09 50  97 11.5 13.9  2.22 10.81  6.11  47 9999.0  17.6  20.4 999.0 99.0 99.00
2016 02 07 10 50 104 12.6 15.1  2.35 10.81  6.06  51 9999.0  18.3  20.4 999.0 99.0 99.00
2016 02 07 11 50 131 13.0 15.2  2.63 10.00  6.13  89 9999.0  17.8  20.4 999.0 99.0 99.00
2016 02 07 12 50 126 14.5 17.5  2.47  5.88  5.87  85 9999.0  18.0  20.4 999.0 99.0 99.00
2016 02 07 13 50 129 14.5 17.7  2.73  6.67  5.99  91 9999.0  17.9  20.4 999.0 99.0 99.00
2016 02 07 14 50 130 11.4 13.5  3.01  6.67  6.21  97 9999.0  18.5  20.4 999.0 99.0 99.00
2016 02 07 15 50 211 14.2 17.9  2.72  7.14  6.14 102 9999.0  20.7  20.4 999.0 99.0 99.00
2016 02 07 16 50 217 13.9 19.0  2.63 11.43  5.86  85 9999.0  19.9  20.4 999.0 99.0 99.00
2016 02 07 17 50 217 11.9 15.7  3.00  6.25  6.04 163 9999.0  20.1  20.5 999.0 99.0 99.00
2016 02 07 18 50 200 14.0 18.5  3.02  7.14  6.04 169 9999.0  19.1  20.5 999.0 99.0 99.00
2016 02 07 19 50 213 16.2 19.6  3.36  7.14  6.19 184 9999.0  19.4  20.5 999.0 99.0 99.00
2016 02 07 20 50 272 15.0 18.5  3.87  7.69  6.61 187 9999.0  16.9  20.5 999.0 99.0 99.00
2016 02 07 21 50 272 12.7 15.5  3.61  8.33  6.52 190 9999.0  15.9  20.5 999.0 99.0 99.00
2016 02 07 22 50 254 15.5 19.7  3.56  7.69  6.23 200 9999.0  16.8  20.5 999.0 99.0 99.00
2016 02 07 23 50 274 17.1 21.6  4.22  8.33  6.52 250 9999.0  15.0  20.5 999.0 99.0 99.00
2016 02 08 00 50 268 24.2 29.5  6.97 10.00  8.04 274 9999.0  13.9  20.4 999.0 99.0 99.00
2016 02 08 01 50 275 24.4 30.5  7.71  9.09  8.64 285 9999.0  13.5  20.4 999.0 99.0 99.00
2016 02 08 02 50 291 25.6 32.8  9.01 11.43  9.57 284 9999.0  13.7  20.4 999.0 99.0 99.00
2016 02 08 03 50 297 23.0 29.6  8.61 13.79  9.45 308 9999.0  14.2  20.4 999.0 99.0 99.00
2016 02 08 04 50 301 22.0 28.3  8.88 12.90  9.34 291 9999.0  14.8  20.4 999.0 99.0 99.00
2016 02 08 05 50 306 21.4 26.7  8.26 13.79  8.96 313 9999.0  14.1  20.4 999.0 99.0 99.00
2016 02 08 06 50 298 21.3 26.0  8.18 12.12  9.01 316 9999.0  14.4  20.4 999.0 99.0 99.00
2016 02 08 07 50 303 18.1 22.1  9.25 10.81  9.16 310 9999.0  15.4  20.4 999.0 99.0 99.00
2016 02 08 08 50 296 18.1 22.9  8.05 12.90  9.05 321 9999.0  15.1  20.4 999.0 99.0 99.00
2016 02 08 09 50 302 15.3 20.1  7.54 12.12  9.11 329 9999.0  14.8  20.4 999.0 99.0 99.00
2016 02 08 10 50 297 14.2 18.4  8.30 12.90  9.74 337 9999.0  15.2  20.4 999.0 99.0 99.00
2016 02 08 11 50 301 14.4 18.0  8.25 12.12  9.70 339 9999.0  14.8  20.3 999.0 99.0 99.00
2016 02 08 12 50 301 13.1 17.6  7.71 13.79  9.74 347 9999.0  14.5  20.3 999.0 99.0 99.00
2016 02 08 13 50 304 13.3 16.4  6.99 12.90  9.37 343 9999.0  14.4  20.3 999.0 99.0 99.00
2016 02 08 14 50 300 12.2 16.2  6.51 14.81  9.24 342 9999.0  14.4  20.3 999.0 99.0 99.00
2016 02 08 15 50 300 10.9 13.7  6.02 11.43  8.84 348 9999.0  14.5  20.3 999.0 99.0 99.00
2016 02 08 16 50 290 10.9 13.4  5.25 10.00  8.43 320 9999.0  14.8  20.3 999.0 99.0 99.00
2016 02 08 17 50 286  9.9 12.1  4.50 10.81  7.96 335 9999.0  14.9  20.3 999.0 99.0 99.00
2016 02 08 18 50 277  9.3 12.3  4.52 10.00  8.18 325 9999.0  15.3  20.3 999.0 99.0 99.00
2016 02 08 19 50 269  9.7 12.5  4.61 13.79  8.65 354 9999.0  16.0  20.4 999.0 99.0 99.00
2016 02 08 20 50 265  8.8 12.5  4.52 14.81  8.71 335 9999.0  16.3  20.4 999.0 99.0 99.00
2016 02 08 21 50 254 11.4 14.9  4.58 14.81  8.96 331 9999.0  17.1  20.3 999.0 99.0 99.00
2016 02 08 22 50 253 10.6 14.3  3.91 14.81  7.96 322 9999.0  17.2  20.3 999.0 99.0 99.00
2016 02 08 23 50 260 10.6 13.6  4.01 14.81  8.01 341 9999.0  17.5  20.3 999.0 99.0 99.00
2016 02 09 00 50 260 12.5 16.2  3.95 14.81  7.88 353 9999.0  17.6  20.3 999.0 99.0 99.00
2016 02 09 01 50 252 11.5 14.2  3.60 13.79  7.13 352 9999.0  17.7  20.3 999.0 99.0 99.00
2016 02 09 02 50 251 13.3 16.9  3.41 10.81  6.69   9 9999.0  18.0  20.3 999.0 99.0 99.00
2016 02 09 03 50 252 13.2 17.0  3.81 13.79  7.01 345 9999.0  17.8  20.3 999.0 99.0 99.00
2016 02 09 04 50 241 13.2 17.5  3.80 13.79  6.98   1 9999.0  17.8  20.3 999.0 99.0 99.00
2016 02 09 05 50 263 12.5 16.7  4.17  7.14  7.45 259 9999.0  15.3  20.3 999.0 99.0 99.00
2016 02 09 06 50 244 12.6 15.3  3.66  7.69  7.22 251 9999.0  17.1  20.3 999.0 99.0 99.00
2016 02 09 07 50 263 16.3 22.3  4.16  7.69  6.95 262 9999.0  17.9  20.3 999.0 99.0 99.00
2016 02 09 08 50 289 15.0 18.2  4.41  7.69  7.14 262 9999.0  15.0  20.3 999.0 99.0 99.00
2016 02 09 09 50 296 16.3 20.7  4.27  7.69  7.30 259 9999.0  13.9  20.3 999.0 99.0 99.00
2016 02 09 10 50 276 14.7 17.4  4.97  9.09  7.55 267 9999.0  15.1  20.3 999.0 99.0 99.00
2016 02 09 11 50 287 15.9 20.2  5.88  9.09  7.98 266 9999.0  15.8  20.3 999.0 99.0 99.00
2016 02 09 12 50 284 16.6 21.4  5.16 10.81  7.71 273 9999.0  13.7  20.3 999.0 99.0 99.00
2016 02 09 13 50 276 15.8 19.6  5.14 10.00  7.85 257 9999.0  15.0  20.3 999.0 99.0 99.00
2016 02 09 14 50 280 15.0 18.3  5.61 10.81  8.05 270 9999.0  13.9  20.3 999.0 99.0 99.00
2016 02 09 15 50 274 15.5 19.6  5.15  9.09  7.75 272 9999.0  13.5  20.3 999.0 99.0 99.00
2016 02 09 16 50 274 13.4 16.5  5.19 10.00  8.01 262 9999.0  13.6  20.3 999.0 99.0 99.00
2016 02 09 17 50 276 13.2 17.4  5.09 10.81  7.99 268 9999.0  12.7  20.3 999.0 99.0 99.00
2016 02 09 18 50 271 13.2 16.9  4.71 10.81  7.73 263 9999.0  13.0  20.3 999.0 99.0 99.00
2016 02 09 19 50 276 14.8 18.1  4.95 10.00  7.72 263 9999.0  13.9  20.3 999.0 99.0 99.00
2016 02 09 20 50 266 12.9 17.1  4.26 11.43  7.21 260 9999.0  13.6  20.3 999.0 99.0 99.00
2016 02 09 21 50 267 15.9 19.5  5.55 10.00  8.19 266 9999.0  14.5  20.3 999.0 99.0 99.00
2016 02 09 22 50 264 16.2 21.0  5.21 10.00  7.59 267 9999.0  15.0  20.3 999.0 99.0 99.00
2016 02 09 23 50 268 16.4 20.6  5.14 10.00  7.56 252 9999.0  14.7  20.3 999.0 99.0 99.00
2016 02 10 00 50 271 17.2 21.2  5.45 10.00  7.63 253 9999.0  14.7  20.3 999.0 99.0 99.00
2016 02 10 01 50 274 17.7 21.5  5.99 10.81  7.93 238 9999.0  14.6  20.3 999.0 99.0 99.00
2016 02 10 02 50 277 16.0 19.3  5.59 10.00  7.85 261 9999.0  14.6  20.1 999.0 99.0 99.00
2016 02 10 03 50 293 14.2 17.4  5.74 10.00  7.85 261 9999.0  13.5  20.1 999.0 99.0 99.00
2016 02 10 04 50 287 13.3 16.2  6.31 10.81  8.55 271 9999.0  13.5  20.0 999.0 99.0 99.00
2016 02 10 05 50 284 12.2 16.3  5.47 10.81  8.11 268 9999.0  13.1  20.0 999.0 99.0 99.00
2016 02 10 06 50 300 12.2 14.7  6.07 10.81  8.62 266 9999.0  12.0  20.0 999.0 99.0 99.00
2016 02 10 07 50 291 11.6 14.4  5.05 10.81  8.10 272 9999.0  11.8  20.1 999.0 99.0 99.00
2016 02 10 08 50 292 15.2 20.5  4.96 10.81  8.00 263 9999.0  12.1  20.1 999.0 99.0 99.00
2016 02 10 09 50 288 14.8 19.6  4.94 10.00  7.70 269 9999.0  12.0  20.1 999.0 99.0 99.00
2016 02 10 10 50 286 15.9 21.4  4.71 10.00  7.33 269 9999.0  12.4  20.1 999.0 99.0 99.00
2016 02 10 11 50 276 16.9 22.0  4.87 10.00  7.55 272 9999.0  13.1  20.0 999.0 99.0 99.00
2016 02 10 12 50 282 14.8 18.2  5.88 10.81  8.14 277 9999.0  11.1  20.0 999.0 99.0 99.00
2016 02 10 13 50 285 16.3 20.2  5.90 10.00  8.02 279 9999.0  11.8  20.0 999.0 99.0 99.00
2016 02 10 14 50 269 15.1 18.6  5.83 10.81  8.17 269 9999.0  12.1  20.0 999.0 99.0 99.00
2016 02 10 15 50 276 15.6 20.0  5.87 10.81  8.03 270 9999.0  12.1  20.0 999.0 99.0 99.00
2016 02 10 16 50 278 15.0 18.2  5.12 11.43  7.71 272 9999.0  11.8  20.0 999.0 99.0 99.00
2016 02 10 17 50 280 15.2 18.7  5.46 10.81  7.89 262 9999.0  12.2  20.1 999.0 99.0 99.00
2016 02 10 18 50 267 14.3 18.1  5.01 10.81  7.61 266 9999.0  12.9  20.1 999.0 99.0 99.00
2016 02 10 19 50 268 15.0 18.1  4.42 10.00  7.20 269 9999.0  13.4  20.1 999.0 99.0 99.00
2016 02 10 20 50 268 16.8 21.5  5.14 10.00  7.56 262 9999.0  13.1  20.1 999.0 99.0 99.00
2016 02 10 21 50 258 15.2 19.4  4.61 10.81  7.19 259 9999.0  13.1  20.1 999.0 99.0 99.00
2016 02 10 22 50 271 16.9 20.9  5.53 10.00  7.61 265 9999.0  13.7  20.1 999.0 99.0 99.00
2016 02 10 23 50 274 17.3 21.5  5.02 10.00  7.20 265 9999.0  13.5  20.1 999.0 99.0 99.00
2016 02 11 00 50 289 17.3 21.9  5.47 10.00  7.56 260 9999.0  12.3  20.1 999.0 99.0 99.00
2016 02 11 01 50 281 15.5 19.5  5.18 10.81  7.57 265 9999.0  12.3  20.1 999.0 99.0 99.00
2016 02 11 02 50 283 15.2 18.6  4.83 10.00  7.29 267 9999.0  12.8  20.1 999.0 99.0 99.00
2016 02 11 03 50 278 14.6 18.1  5.17 10.00  7.54 266 9999.0  12.5  20.1 999.0 99.0 99.00
2016 02 11 04 50 284 14.7 17.9  4.94 10.00  7.33 275 9999.0  12.7  20.1 999.0 99.0 99.00
2016 02 11 05 50 289 14.2 18.5  4.07 10.00  6.78 264 9999.0  12.4  20.0 999.0 99.0 99.00
2016 02 11 06 50 294 13.3 17.4  4.56  9.09  7.21 271 9999.0  11.3  20.0 999.0 99.0 99.00
2016 02 11 07 50 289 13.1 17.1  4.17 10.00  7.28 262 9999.0  12.2  20.0 999.0 99.0 99.00
2016 02 11 08 50 294 13.8 17.1  4.28 10.00  7.06 255 9999.0  12.1  20.0 999.0 99.0 99.00
2016 02 11 09 50 294 13.1 16.4  4.00 10.00  7.04 267 9999.0  12.0  20.0 999.0 99.0 99.00
2016 02 11 10 50 289 12.5 16.2  3.82  9.09  6.81 262 9999.0  11.2  20.0 999.0 99.0 99.00
2016 02 11 11 50 302 13.3 16.3  4.22 10.00  7.07 268 9999.0  11.9  20.0 999.0 99.0 99.00
2016 02 11 12 50 299 13.5 17.2  4.16 10.00  6.92 267 9999.0  12.1  20.0 999.0 99.0 99.00
2016 02 11 13 50 297 12.3 15.5  4.20 10.00  7.00 267 9999.0  12.3  19.9 999.0 99.0 99.00
2016 02 11 14 50 295 13.1 16.7  3.78  9.09  6.82 283 9999.0  11.6  19.9 999.0 99.0 99.00
2016 02 11 15 50 299 12.2 16.5  4.00  9.09  6.92 275 9999.0  12.2  20.0 999.0 99.0 99.00
2016 02 11 16 50 302 11.9 14.7  3.68  9.09  6.69 273 9999.0  12.1  20.0 999.0 99.0 99.00
2016 02 11 17 50 297 11.1 14.6  3.70  9.09  6.75 276 9999.0  12.1  20.0 999.0 99.0 99.00
2016 02 11 18 50 294 11.1 14.3  3.56 10.00  6.68 279 9999.0  12.1  20.0 999.0 99.0 99.00
2016 02 11 19 50 293 11.1 15.0  3.64  9.09  6.84 279 9999.0  12.2  20.0 999.0 99.0 99.00
2016 02 11 20 50 297 10.3 13.3  3.23  9.09  6.39 275 9999.0  12.2  20.0 999.0 99.0 99.00
2016 02 11 21 50 300 10.5 12.8  2.94  9.09  6.23 270 9999.0  12.4  19.9 999.0 99.0 99.00
2016 02 11 22 50 299  9.2 11.5  2.61  8.33  5.84 270 9999.0  12.3  19.9 999.0 99.0 99.00
2016 02 11 23 50 302  8.8 11.0  2.50  8.33  5.98 274 9999.0  12.5  19.9 999.0 99.0 99.00
2016 02 12 00 50 295  8.4 10.9  2.46  8.33  6.00 279 9999.0  12.6  20.0 999.0 99.0 99.00
2016 02 12 01 50 299  9.0 11.2  2.42  8.33  5.97 278 9999.0  13.1  20.0 999.0 99.0 99.00
2016 02 12 02 50 299  8.0  9.9  2.30  7.69  5.96 286 9999.0  13.2  19.9 999.0 99.0 99.00
2016 02 12 03 50 303  6.4  8.3  2.07  7.69  5.77 293 9999.0  13.5  19.9 999.0 99.0 99.00
2016 02 12 04 50 317  7.2  9.2  2.16  7.69  5.86 296 9999.0  13.8  20.0 999.0 99.0 99.00
2016 02 12 05 50 319  7.1  9.5  1.98  7.69  5.76 319 9999.0  13.6  20.0 999.0 99.0 99.00
2016 02 12 06 50 335  5.5  8.3  1.83  7.69  5.53 289 9999.0  13.2  20.0 999.0 99.0 99.00
2016 02 12 07 50 345  3.8  7.5  1.73  7.69  5.56 317 9999.0  13.0  20.0 999.0 99.0 99.00
2016 02 12 08 50  22  3.6  4.7  1.78  7.14  5.61 325 9999.0  13.1  19.9 999.0 99.0 99.00
2016 02 12 09 50  35  2.4  4.4  1.55  6.25  5.39 296 9999.0  13.1  19.9 999.0 99.0 99.00
2016 02 12 10 50 108  2.9  3.9  1.53  7.69  5.74   1 9999.0  13.5  19.9 999.0 99.0 99.00
2016 02 12 11 50 148  5.1  7.0  1.51  7.14  5.76 342 9999.0  14.0  19.9 999.0 99.0 99.00
2016 02 12 12 50 169  5.1  7.4  1.21  6.25  5.56 314 9999.0  14.4  19.9 999.0 99.0 99.00
2016 02 12 13 50 175  7.5 10.0  1.17  7.69  5.23   2 9999.0  15.6  19.9 999.0 99.0 99.00
2016 02 12 14 50 215  8.8 11.9  1.12  6.25  5.07 332 9999.0  16.3  19.9 999.0 99.0 99.00
2016 02 12 15 50 213 12.8 16.7  1.34  7.69  4.49  29 9999.0  17.7  20.0 999.0 99.0 99.00
2016 02 12 16 50 221 14.5 17.2  1.99  5.56  4.84 207 9999.0  18.2  20.0 999.0 99.0 99.00
2016 02 12 17 50 224 15.5 18.8  2.46  5.56  5.14 215 9999.0  18.5  20.1 999.0 99.0 99.00
2016 02 12 18 50 228 16.7 20.2  2.98  6.67  5.55 231 9999.0  18.7  20.1 999.0 99.0 99.00
2016 02 12 19 50 228 16.7 21.8  4.03  7.69  6.16 228 9999.0  18.7  20.1 999.0 99.0 99.00
2016 02 12 20 50 239 16.4 20.1  3.99  8.33  6.38 227 9999.0  19.4  20.1 999.0 99.0 99.00
2016 02 12 21 50 241 17.7 21.6  4.37  8.33  6.54 233 9999.0  19.5  20.1 999.0 99.0 99.00
2016 02 12 22 50 242 18.5 22.0  4.81  8.33  7.05 237 9999.0  19.5  20.1 999.0 99.0 99.00
2016 02 12 23 50 243 17.0 20.7  4.72  9.09  7.04 237 9999.0  19.6  20.1 999.0 99.0 99.00
2016 02 13 00 50 272 15.6 21.3  4.94  9.09  7.03 232 9999.0  14.1  20.1 999.0 99.0 99.00
2016 02 13 01 50 255 13.8 16.8  4.85  9.09  7.26 245 9999.0  16.5  20.0 999.0 99.0 99.00
2016 02 13 02 50 279 12.9 16.3  5.43  9.09  7.51 250 9999.0  15.8  20.0 999.0 99.0 99.00
2016 02 13 03 50 260 14.4 17.5  4.46 10.00  7.17 254 9999.0  16.5  19.9 999.0 99.0 99.00
2016 02 13 04 50 284 10.6 14.5  4.32  9.09  7.01 252 9999.0  17.7  19.9 999.0 99.0 99.00
2016 02 13 05 50 318 12.2 15.5  4.25  9.09  6.77 271 9999.0  16.8  19.9 999.0 99.0 99.00
2016 02 13 06 50 327 11.4 13.9  4.47 10.00  7.14 255 9999.0  16.0  19.9 999.0 99.0 99.00
2016 02 13 07 50 319  7.9 11.2  4.34 10.00  7.27 261 9999.0  15.6  19.9 999.0 99.0 99.00
2016 02 13 08 50 324  8.3 10.6  3.97 10.00  7.07 250 9999.0  15.6  19.9 999.0 99.0 99.00
2016 02 13 09 50 327  8.7 11.5  3.50 10.00  6.94 264 9999.0  15.3  19.9 999.0 99.0 99.00
2016 02 13 10 50 317  9.1 12.5  3.25 10.00  6.73 267 9999.0  15.4  19.9 999.0 99.0 99.00
2016 02 13 11 50 313  9.2 12.3  3.20 10.00  6.78 263 9999.0  15.4  19.9 999.0 99.0 99.00
2016 02 13 12 50 309  9.2 11.7  3.26  9.09  6.85 264 9999.0  15.4  19.9 999.0 99.0 99.00
2016 02 13 13 50 307  9.7 12.8  3.18  9.09  6.55 268 9999.0  15.1  19.9 999.0 99.0 99.00
2016 02 13 14 50 307 10.7 13.6  2.92  7.14  6.29 300 9999.0  14.9  19.9 999.0 99.0 99.00
2016 02 13 15 50 313 10.0 12.6  3.05 10.00  6.49 245 9999.0  14.2  19.9 999.0 99.0 99.00
2016 02 13 16 50 318 10.1 12.5  2.75  7.69  5.99 310 9999.0  13.8  19.9 999.0 99.0 99.00
2016 02 13 17 50 336 10.6 12.5  2.81 10.00  6.22 262 9999.0  12.8  19.9 999.0 99.0 99.00
2016 02 13 18 50 335 10.6 13.7  3.02  7.69  6.46 313 9999.0  12.1  19.9 999.0 99.0 99.00
2016 02 13 19 50 336 11.2 14.4  3.05  7.69  6.43 327 9999.0  11.7  19.9 999.0 99.0 99.00
2016 02 13 20 50 339 11.2 13.9  3.02  7.69  6.25 318 9999.0  11.3  19.9 999.0 99.0 99.00
2016 02 13 21 50 334 10.9 13.9  2.97  9.09  6.33 274 9999.0  10.9  20.0 999.0 99.0 99.00
2016 02 13 22 50 337 10.7 14.8  2.78  7.69  6.00 323 9999.0  10.6  19.9 999.0 99.0 99.00
2016 02 13 23 50 338 10.7 13.9  2.89  8.33  6.07 316 9999.0  10.4  19.9 999.0 99.0 99.00
2016 02 14 00 50 333 10.6 13.2  2.80  8.33  6.03 311 9999.0  10.1  19.8 999.0 99.0 99.00
2016 02 14 01 50 330 11.1 14.2  2.89  8.33  6.29 341 9999.0   9.5  19.8 999.0 99.0 99.00
2016 02 14 02 50 341 10.9 13.8  2.78  7.69  5.99 326 9999.0   9.4  19.8 999.0 99.0 99.00
2016 02 14 03 50 346 10.1 12.6  2.65  8.33  5.93 340 9999.0   9.3  19.8 999.0 99.0 99.00
2016 02 14 04 50 342 10.4 14.1  2.98  7.69  6.10 325 9999.0   8.8  19.8 999.0 99.0 99.00
2016 02 14 05 50 339  8.8 11.9  2.38  8.33  5.83 351 9999.0   8.8  19.8 999.0 99.0 99.00
2016 02 14 06 50 335  9.7 13.5  2.70  8.33  6.08 339 9999.0   8.6  19.8 999.0 99.0 99.00
2016 02 14 07 50 349  9.6 11.8  2.46  7.69  5.86 332 9999.0   8.7  19.8 999.0 99.0 99.00
2016 02 14 08 50 360  7.6 11.0  2.61  8.33  6.29 360 9999.0   8.5  19.7 999.0 99.0 99.00
2016 02 14 09 50 351  9.1 11.4  2.72  9.09  6.63   7 9999.0   8.7  19.7 999.0 99.0 99.00
2016 02 14 10 50   1  7.3 10.5  2.72 10.00  6.61  10 9999.0   8.7  19.7 999.0 99.0 99.00
2016 02 14 11 50 353  8.7 11.3  2.62 10.00  6.48   5 9999.0   8.7  19.7 999.0 99.0 99.00
2016 02 14 12 50 358  7.3 10.2  2.61  9.09  6.56   3 9999.0   9.2  19.7 999.0 99.0 99.00
2016 02 14 13 50 345  7.5  9.6  2.48  9.09  6.23   1 9999.0   9.1  19.7 999.0 99.0 99.00
2016 02 14 14 50  15  6.0  9.4  2.69 10.81  6.79  12 9999.0   9.1  19.7 999.0 99.0 99.00
2016 02 14 15 50   7  7.9 10.1  2.67 10.00  6.77  16 9999.0   9.1  19.7 999.0 99.0 99.00
2016 02 14 16 50  25  5.9  8.7  2.65 10.81  6.97  17 9999.0   8.9  19.7 999.0 99.0 99.00
2016 02 14 17 50  19  4.8  7.6  2.71 10.00  7.13  11 9999.0   9.1  19.8 999.0 99.0 99.00
2016 02 14 18 50  40  3.3  5.1  2.77 10.00  7.28  15 9999.0   9.5  19.8 999.0 99.0 99.00
2016 02 14 19 50  30  5.7  7.8  2.61 10.81  7.28  18 9999.0   9.2  19.8 999.0 99.0 99.00
2016 02 14 20 50  28  7.9 10.3  2.38  9.09  6.76  17 9999.0   9.5  19.8 999.0 99.0 99.00
2016 02 14 21 50  50  7.4  9.5  2.15 10.81  6.49   6 9999.0   9.8  19.7 999.0 99.0 99.00
2016 02 14 22 50  41  7.1  9.1  2.59 10.00  6.85  16 9999.0  10.1  19.7 999.0 99.0 99.00
2016 02 14 23 50  51  6.6  9.4  2.56 10.00  6.87   4 9999.0  10.4  19.8 999.0 99.0 99.00
2016 02 15 00 50  50  6.4  8.7  2.44 10.00  6.92  11 9999.0  10.4  19.8 999.0 99.0 99.00
2016 02 15 01 50  60  6.8  9.9  2.31  9.09  6.86   6 9999.0  10.5  19.8 999.0 99.0 99.00
2016 02 15 02 50  86  5.8  9.1  2.29 10.00  6.92   3 9999.0  10.7  19.8 999.0 99.0 99.00
2016 02 15 03 50  81  6.0  9.2  2.10  9.09  6.81   7 9999.0  10.8  19.8 999.0 99.0 99.00
2016 02 15 04 50 102  6.3  8.9  2.37 10.00  7.36   9 9999.0  11.1  19.8 999.0 99.0 99.00
2016 02 15 05 50  91  6.5  9.9  2.21 10.00  7.40  15 9999.0  11.3  19.9 999.0 99.0 99.00
2016 02 15 06 50 112  6.0  7.7  2.22 10.81  7.40  22 9999.0  11.6  19.8 999.0 99.0 99.00
2016 02 15 07 50 121  4.8  6.5  2.18 10.81  7.28  31 9999.0  11.8  19.8 999.0 99.0 99.00
2016 02 15 08 50 113  5.6  7.5  2.00 10.81  7.02  23 9999.0  12.1  19.9 999.0 99.0 99.00
2016 02 15 09 50 130  5.9  8.3  1.71 10.81  6.64  40 9999.0  12.5  19.9 999.0 99.0 99.00
2016 02 15 10 50 151  6.6  8.3  1.94 11.43  6.97  44 9999.0  12.9  19.9 999.0 99.0 99.00
2016 02 15 11 50 145  7.6  9.2  2.00 10.81  7.03  29 9999.0  13.1  19.9 999.0 99.0 99.00
2016 02 15 12 50 156  8.2 10.9  1.76 10.81  6.58  32 9999.0  13.7  19.9 999.0 99.0 99.00
2016 02 15 13 50 148  9.0 12.0  1.94 10.81  6.58  45 9999.0  14.4  19.9 999.0 99.0 99.00
2016 02 15 14 50 159  9.1 11.6  1.72 10.81  5.77  45 9999.0  15.0  19.9 999.0 99.0 99.00
2016 02 15 15 50 149  9.6 12.0  1.75 10.00  5.75  40 9999.0  15.6  20.0 999.0 99.0 99.00
2016 02 15 16 50 147  9.6 11.9  1.83 10.00  5.49  53 9999.0  15.6  20.0 999.0 99.0 99.00
2016 02 15 17 50 148 10.2 12.6  1.86 10.00  5.77  43 9999.0  15.8  20.0 999.0 99.0 99.00
2016 02 15 18 50 155  8.7 11.2  1.97 10.00  5.74  54 9999.0  16.2  20.0 999.0 99.0 99.00
2016 02 15 19 50 145  9.6 11.8  2.01 10.00  5.73  37 9999.0  16.5  20.0 999.0 99.0 99.00
2016 02 15 20 50 143 10.2 12.3  2.02 10.00  5.74  61 9999.0  16.6  19.9 999.0 99.0 99.00
2016 02 15 21 50 146 10.4 12.7  1.95  5.88  5.53 120 9999.0  16.7  19.9 999.0 99.0 99.00
2016 02 15 22 50 148 11.0 13.4  2.11  5.88  5.63 122 9999.0  16.9  19.9 999.0 99.0 99.00
2016 02 15 23 50 148 11.4 14.1  2.16  6.25  5.63 126 9999.0  17.2  19.9 999.0 99.0 99.00
2016 02 16 00 50 147 11.5 13.6  2.30  5.88  5.62 124 9999.0  17.5  19.9 999.0 99.0 99.00
2016 02 16 01 50 148 12.0 14.0  2.27  6.25  5.56 123 9999.0  17.7  19.9 999.0 99.0 99.00
2016 02 16 02 50 147 12.7 16.2  2.39  6.67  5.59 118 9999.0  17.9  19.9 999.0 99.0 99.00
2016 02 16 03 50 149 12.1 14.2  2.52  7.14  5.66 139 9999.0  18.2  19.9 999.0 99.0 99.00
2016 02 16 04 50 149 13.4 16.4  2.65  7.14  5.88 126 9999.0  18.2  19.9 999.0 99.0 99.00
2016 02 16 05 50 150 13.1 16.0  3.01  7.69  6.01 128 9999.0  18.3  19.9 999.0 99.0 99.00
2016 02 16 06 50 150 13.8 16.5  2.79  7.69  5.88 132 9999.0  18.4  19.9 999.0 99.0 99.00
2016 02 16 07 50 162 13.3 15.9  2.83  7.69  6.01 127 9999.0  18.7  19.9 999.0 99.0 99.00
2016 02 16 08 50 162 13.4 16.0  2.79  7.69  5.92 137 9999.0  19.4  19.9 999.0 99.0 99.00
2016 02 16 09 50 166 13.5 15.7  2.86  7.14  5.97 129 9999.0  18.3  20.4 999.0 99.0 99.00
2016 02 16 10 50 163 13.8 16.5  3.09  7.69  6.15 140 9999.0  19.2  20.7 999.0 99.0 99.00
2016 02 16 11 50 175 13.3 16.5  3.13  7.69  6.18 127 9999.0  20.0  20.8 999.0 99.0 99.00
2016 02 16 12 50 174 14.2 17.3  3.39  7.69  6.27 141 9999.0  20.1  20.8 999.0 99.0 99.00
2016 02 16 13 50 174 15.6 19.0  3.55  8.33  6.47 142 9999.0  20.4  20.8 999.0 99.0 99.00
2016 02 16 14 50 177 15.2 18.4  3.70  8.33  6.55 131 9999.0  20.6  20.7 999.0 99.0 99.00
2016 02 16 15 50 176 14.6 17.9  3.44  7.69  6.42 145 9999.0  20.3  20.7 999.0 99.0 99.00
2016 02 16 16 50 186 14.4 18.0  3.70  7.69  6.58 150 9999.0  19.9  20.7 999.0 99.0 99.00
2016 02 16 17 50 205 12.4 15.5  3.47  8.33  6.44 144 9999.0  16.8  20.7 999.0 99.0 99.00
2016 02 16 18 50 219 10.9 13.6  3.46  8.33  6.70 133 9999.0  18.3  20.7 999.0 99.0 99.00
2016 02 16 19 50 226 10.4 11.8  3.29  9.09  6.41 116 9999.0  18.9  20.7 999.0 99.0 99.00
2016 02 16 20 50 224  9.5 11.3  3.45  9.09  6.79 112 9999.0  19.6  21.2 999.0 99.0 99.00
2016 02 16 21 50 215  9.5 11.7  3.07  9.09  6.79 117 9999.0  20.1  21.3 999.0 99.0 99.00
2016 02 16 22 50 262  6.3  8.3  2.91  8.33  6.70 111 9999.0  20.2  21.2 999.0 99.0 99.00
2016 02 16 23 50 281  6.3  8.1  2.75  9.09  6.82 111 9999.0  20.2  21.0 999.0 99.0 99.00
2016 02 17 00 50 262  4.4  6.3  3.15  9.09  7.22 105 9999.0  19.9  21.0 999.0 99.0 99.00
2016 02 17 01 50 273  4.9  6.4  3.34  9.09  7.46 111 9999.0  20.0  21.1 999.0 99.0 99.00
2016 02 17 02 50 268  5.9  7.9  3.45  9.09  7.50 111 9999.0  19.8  21.3 999.0 99.0 99.00
2016 02 17 03 50 272  7.5  9.5  3.34  9.09  7.29 114 9999.0  19.5  21.2 999.0 99.0 99.00
2016 02 17 04 50 271  8.6 10.8  3.10  8.33  6.98 133 9999.0  19.3  21.2 999.0 99.0 99.00
2016 02 17 05 50 269  6.8  9.7  2.85  8.33  6.88 158 9999.0  19.0  21.1 999.0 99.0 99.00
2016 02 17 06 50 280  8.0 10.3  3.11  9.09  7.04 138 9999.0  19.2  21.1 999.0 99.0 99.00
2016 02 17 07 50 282  8.2 10.4  2.81  9.09  6.81 106 9999.0  19.3  21.2 999.0 99.0 99.00
2016 02 17 08 50 295  7.2  9.1  2.63  8.33  6.55 169 9999.0  19.3  21.2 999.0 99.0 99.00
2016 02 17 09 50 295  7.1  8.9  2.75  9.09  6.71 111 9999.0  19.0  21.2 999.0 99.0 99.00
2016 02 17 10 50 299  7.5 10.2  2.69  9.09  6.68 106 9999.0  19.1  21.2 999.0 99.0 99.00
2016 02 17 11 50 294  5.8  8.0  2.43  9.09  6.68 110 9999.0  19.0  21.3 999.0 99.0 99.00
2016 02 17 12 50 288  5.2  7.9  2.53  9.09  7.02 110 9999.0  19.1  21.4 999.0 99.0 99.00
2016 02 17 13 50 285  4.5  6.8  2.61  9.09  7.02 104 9999.0  19.2  21.5 999.0 99.0 99.00
2016 02 17 14 50 281  4.6  6.7  2.51 10.00  7.18 108 9999.0  19.3  21.6 999.0 99.0 99.00
2016 02 17 15 50 290  5.2  7.0  2.68  9.09  7.30 108 9999.0  19.4  21.6 999.0 99.0 99.00
2016 02 17 16 50 284  5.3  7.5  2.60 10.81  7.51 100 9999.0  19.5  21.7 999.0 99.0 99.00
2016 02 17 17 50 268  5.5  7.3  2.56 10.00  7.29 106 9999.0  19.7  21.8 999.0 99.0 99.00
2016 02 17 18 50 264  5.7  7.8  2.48 10.00  7.20  97 9999.0  19.8  21.8 999.0 99.0 99.00
2016 02 17 19 50 273  6.6  8.9  2.42 10.00  6.99 105 9999.0  20.0  21.8 999.0 99.0 99.00
2016 02 17 20 50 281  7.1  9.0  2.34 10.00  7.01 101 9999.0  19.9  21.8 999.0 99.0 99.00
2016 02 17 21 50 280  6.6  9.5  2.25 10.00  6.98  88 9999.0  19.7  21.7 999.0 99.0 99.00
2016 02 17 22 50 275  7.1  9.2  2.09  9.09  6.62  84 9999.0  19.7  21.7 999.0 99.0 99.00
2016 02 17 23 50 281  7.0  8.7  2.19 10.00  6.70  93 9999.0  19.7  21.7 999.0 99.0 99.00
2016 02 18 00 50 284  6.8  8.7  2.11 10.00  6.64  90 9999.0  19.7  21.6 999.0 99.0 99.00
2016 02 18 01 50 298  7.6  9.5  2.30 10.00  6.74  95 9999.0  19.2  21.6 999.0 99.0 99.00
2016 02 18 02 50 291  8.1 10.6  2.37 10.00  6.74  73 9999.0  18.7  21.6 999.0 99.0 99.00
2016 02 18 03 50 292  8.2 10.5  2.16  9.09  6.44 105 9999.0  18.2  21.6 999.0 99.0 99.00
2016 02 18 04 50 290  8.1 11.0  2.34 10.00  6.45  85 9999.0  17.8  21.6 999.0 99.0 99.00
2016 02 18 05 50 305  8.4 11.0  2.38  9.09  6.62  97 9999.0  17.5  21.6 999.0 99.0 99.00
2016 02 18 06 50 311  8.4 12.5  2.38 10.00  6.57  86 9999.0  17.5  21.6 999.0 99.0 99.00
2016 02 18 07 50 356 11.9 14.5  2.29 10.00  6.24  79 9999.0  17.3  21.6 999.0 99.0 99.00
2016 02 18 08 50 346 10.8 13.7  2.38 10.00  5.81  76 9999.0  17.2  21.6 999.0 99.0 99.00
2016 02 18 09 50 352 11.8 14.4  2.61 10.00  6.12  73 9999.0  16.9  21.6 999.0 99.0 99.00
2016 02 18 10 50 356 11.8 15.4  2.55  6.25  5.85 328 9999.0  16.5  21.5 999.0 99.0 99.00
2016 02 18 11 50 357 10.5 13.2  3.04  6.67  6.22 347 9999.0  16.5  21.6 999.0 99.0 99.00
2016 02 18 12 50 349 10.9 13.7  3.26  7.69  6.63 341 9999.0  16.4  21.5 999.0 99.0 99.00
2016 02 18 13 50 350  9.2 11.7  3.12  7.69  6.66 358 9999.0  16.6  21.5 999.0 99.0 99.00
2016 02 18 14 50 356 10.0 12.4  3.12  8.33  6.62   3 9999.0  16.5  21.6 999.0 99.0 99.00
2016 02 18 15 50 352 10.4 13.2  3.00  7.69  6.51 358 9999.0  16.5  21.6 999.0 99.0 99.00
2016 02 18 16 50 352  9.9 12.4  3.12  7.69  6.77 359 9999.0  16.6  21.6 999.0 99.0 99.00
2016 02 18 17 50 348 11.6 14.5  2.88  8.33  6.45  21 9999.0  16.3  21.6 999.0 99.0 99.00
2016 02 18 18 50 355 11.2 13.8  3.11  8.33  6.57  11 9999.0  16.0  21.6 999.0 99.0 99.00
2016 02 18 19 50 350 10.5 13.0  2.85 10.81  6.39  62 9999.0  16.0  21.5 999.0 99.0 99.00
2016 02 18 20 50   3 11.2 14.5  2.83  7.69  6.28   9 9999.0  15.5  21.5 999.0 99.0 99.00
2016 02 18 21 50   1 10.7 13.4  3.09  8.33  6.33  19 9999.0  15.5  21.5 999.0 99.0 99.00
2016 02 18 22 50   7 10.5 13.7  2.95  8.33  6.48  29 9999.0  15.1  21.5 999.0 99.0 99.00
2016 02 18 23 50   5 11.1 14.7  3.07  8.33  6.48  35 9999.0  14.9  21.5 999.0 99.0 99.00
2016 02 19 00 50   7 10.7 13.6  3.20  9.09  6.55  43 9999.0  14.4  21.4 999.0 99.0 99.00
2016 02 19 01 50   3 10.1 13.0  3.12  9.09  6.65  49 9999.0  14.1  21.4 999.0 99.0 99.00
2016 02 19 02 50  15 10.6 13.3  3.44 10.00  6.93  66 9999.0  14.0  21.4 999.0 99.0 99.00
2016 02 19 03 50  32 10.2 13.4  3.14  7.69  6.47  22 9999.0  13.7  21.4 999.0 99.0 99.00
2016 02 19 04 50  22 10.0 12.4  3.02  9.09  6.49  49 9999.0  13.3  21.3 999.0 99.0 99.00
2016 02 19 05 50  22 10.1 12.5  3.51  9.09  6.86  48 9999.0  13.1  21.3 999.0 99.0 99.00
2016 02 19 06 50  18 10.5 13.6  3.19  9.09  6.68  36 9999.0  13.2  21.3 999.0 99.0 99.00
2016 02 19 07 50  17 10.0 12.7  3.24  9.09  6.84  39 9999.0  13.1  21.2 999.0 99.0 99.00
2016 02 19 08 50  32  9.0 12.4  3.65 10.00  7.06  63 9999.0  12.5  21.2 999.0 99.0 99.00
2016 02 19 09 50  19  9.6 12.0  3.62 10.00  7.15  56 9999.0  12.5  21.2 999.0 99.0 99.00
2016 02 19 10 50  29  8.5 11.3  3.27 10.00  7.00  29 9999.0  12.7  21.1 999.0 99.0 99.00
2016 02 19 11 50  31  6.8  9.7  3.08 10.00  7.11  48 9999.0  12.8  21.1 999.0 99.0 99.00
2016 02 19 12 50  46  7.6 10.0  2.88  9.09  6.88  33 9999.0  13.1  21.0 999.0 99.0 99.00
2016 02 19 13 50  45  7.8 10.8  3.01 10.00  6.96  35 9999.0  13.4  20.9 999.0 99.0 99.00
2016 02 19 14 50  51  8.5 10.6  2.86  8.33  6.86  22 9999.0  13.5  20.9 999.0 99.0 99.00
2016 02 19 15 50  20  6.5  8.9  2.63  9.09  6.80  30 9999.0  13.6  20.8 999.0 99.0 99.00
2016 02 19 16 50  38  6.4  8.8  2.45  8.33  6.51  11 9999.0  13.7  20.7 999.0 99.0 99.00
2016 02 19 17 50  25  6.4  8.1  2.44  9.09  6.71  36 9999.0  13.6  20.5 999.0 99.0 99.00
2016 02 19 18 50  26  5.1  7.2  2.34 10.00  6.77  51 9999.0  14.0  20.4 999.0 99.0 99.00
2016 02 19 19 50  33  6.1  8.5  2.07  9.09  6.78  25 9999.0  14.2  20.6 999.0 99.0 99.00
2016 02 19 20 50  43  5.1  7.0  2.39 10.00  7.11  58 9999.0  14.4  20.7 999.0 99.0 99.00
2016 02 19 21 50  55  4.1  6.6  2.25  8.33  6.97  29 9999.0  14.3  20.7 999.0 99.0 99.00
2016 02 19 22 50  80  3.8  5.9  2.33  9.09  7.22  27 9999.0  14.4  20.7 999.0 99.0 99.00
2016 02 19 23 50  88  3.0  4.5  1.94 10.00  6.74  48 9999.0  14.5  20.7 999.0 99.0 99.00
2016 02 20 00 50 153  2.9  6.6  2.07 10.00  7.12  51 9999.0  14.6  20.7 999.0 99.0 99.00
2016 02 20 01 50 138  2.9  4.9  2.06 10.81  7.23  60 9999.0  14.7  20.7 999.0 99.0 99.00
2016 02 20 02 50 184  2.9  4.6  2.01 10.81  7.24  49 9999.0  14.8  20.7 999.0 99.0 99.00
2016 02 20 03 50 173  1.9  3.3  1.97  9.09  7.19  63 9999.0  14.7  20.7 999.0 99.0 99.00
2016 02 20 04 50 174  1.8  3.6  1.95 10.81  7.27  56 9999.0  14.7  20.7 999.0 99.0 99.00
2016 02 20 05 50 169  1.0  2.2  1.88  9.09  7.30  53 9999.0  14.7  20.7 999.0 99.0 99.00
2016 02 20 06 50 112  1.6  2.7  1.88  9.09  7.55  43 9999.0  14.9  20.7 999.0 99.0 99.00
2016 02 20 07 50 335  1.7  3.0  2.01 10.00  7.53  36 9999.0  15.0  20.7 999.0 99.0 99.00
2016 02 20 08 50 307  2.2  3.4  1.90 10.00  7.46  46 9999.0  15.1  20.7 999.0 99.0 99.00
2016 02 20 09 50 267  1.3  3.2  1.87 10.81  7.56  54 9999.0  15.3  20.7 999.0 99.0 99.00
2016 02 20 10 50 254  0.6  1.5  1.93 10.81  7.83  48 9999.0  15.3  20.7 999.0 99.0 99.00
2016 02 20 11 50 264  1.1  2.8  1.84 10.81  7.73  47 9999.0  15.6  20.7 999.0 99.0 99.00
2016 02 20 12 50 349  1.2  2.4  1.76 10.81  7.62  65 9999.0  16.2  20.7 999.0 99.0 99.00
2016 02 20 13 50 215  1.3  3.2  1.92 10.00  7.88  58 9999.0  16.3  20.8 999.0 99.0 99.00
2016 02 20 14 50 245  2.1  3.3  1.79 10.81  7.83  45 9999.0  16.3  21.0 999.0 99.0 99.00
2016 02 20 15 50 217  3.0  4.7  1.74  9.09  7.84  49 9999.0  16.4  21.1 999.0 99.0 99.00
2016 02 20 16 50 202  3.8  5.3  1.99 10.00  8.31  63 9999.0  16.7  21.2 999.0 99.0 99.00
2016 02 20 17 50 202  4.0  5.4  1.85 10.00  8.28  58 9999.0  16.7  21.3 999.0 99.0 99.00
2016 02 20 18 50 230  5.2  6.7  1.66  9.09  7.98  59 9999.0  16.9  21.3 999.0 99.0 99.00
2016 02 20 19 50 227  5.3  7.2  1.91  9.09  8.03  65 9999.0  17.0  21.3 999.0 99.0 99.00
2016 02 20 20 50 222  6.3  8.3  1.97 10.81  7.82  52 9999.0  17.2  21.2 999.0 99.0 99.00
2016 02 20 21 50 235  6.5  8.4  1.96 10.81  7.46  52 9999.0  17.3  21.1 999.0 99.0 99.00
2016 02 20 22 50 227  6.7  8.6  1.68 10.00  7.12  69 9999.0  17.3  21.1 999.0 99.0 99.00
2016 02 20 23 50 224  7.1  9.3  1.73 10.00  6.86  61 9999.0  17.5  21.0 999.0 99.0 99.00
2016 02 21 00 50 218  8.0 10.1  1.83 10.81  6.73  76 9999.0  17.5  21.0 999.0 99.0 99.00
2016 02 21 01 50 235  7.8 10.1  1.81 10.00  6.49  65 9999.0  17.6  21.0 999.0 99.0 99.00
2016 02 21 02 50 232  7.1  9.1  1.72 10.81  6.26  59 9999.0  17.7  20.9 999.0 99.0 99.00
2016 02 21 03 50 229  7.5  9.1  1.76 12.12  6.47  81 9999.0  17.7  20.9 999.0 99.0 99.00
2016 02 21 04 50 232  6.9  8.6  1.64 11.43  6.09  68 9999.0  17.9  20.8 999.0 99.0 99.00
2016 02 21 05 50 238  7.3  9.3  1.65 11.43  6.14  74 9999.0  17.9  20.9 999.0 99.0 99.00
2016 02 21 06 50 242  7.7  9.2  1.51 12.12  5.85  71 9999.0  18.1  20.9 999.0 99.0 99.00
2016 02 21 07 50 227  8.3 10.0  1.51 12.12  5.81  67 9999.0  18.0  20.8 999.0 99.0 99.00
2016 02 21 08 50 242  8.2 10.2  1.59 10.81  5.73  83 9999.0  18.2  20.7 999.0 99.0 99.00
2016 02 21 09 50 241  8.4  9.7  1.59 10.81  5.64  71 9999.0  18.2  20.7 999.0 99.0 99.00
2016 02 21 10 50 242  8.2  9.6  1.52 12.12  5.59  67 9999.0  18.3  20.6 999.0 99.0 99.00
2016 02 21 11 50 242  8.2 10.3  1.57 12.12  5.61  57 9999.0  18.4  20.6 999.0 99.0 99.00
2016 02 21 12 50 240  8.5 10.2  1.65 10.81  5.78  75 9999.0  18.4  20.5 999.0 99.0 99.00
2016 02 21 13 50 238  7.8  9.3  1.64 11.43  5.63  71 9999.0  18.6  20.5 999.0 99.0 99.00
2016 02 21 14 50 236  8.0  9.7  1.80 11.43  5.96  69 9999.0  18.7  20.5 999.0 99.0 99.00
2016 02 21 15 50 236  7.6  8.8  1.73 12.12  5.60  78 9999.0  18.8  20.5 999.0 99.0 99.00
2016 02 21 16 50 239  7.7  9.3  1.68 11.43  5.80  95 9999.0  18.9  20.5 999.0 99.0 99.00
2016 02 21 17 50 244  7.5  9.1  1.51 10.81  5.38  82 9999.0  19.1  20.5 999.0 99.0 99.00
2016 02 21 18 50 242  8.5  9.9  1.56 11.43  5.40  66 9999.0  19.1  20.5 999.0 99.0 99.00
2016 02 21 19 50 240  8.5  9.8  1.58 11.43  5.66  81 9999.0  19.2  20.5 999.0 99.0 99.00
2016 02 21 20 50 244  7.6  9.2  1.68 10.00  5.94 101 9999.0  19.3  20.4 999.0 99.0 99.00
2016 02 21 21 50 246  7.6  8.9  1.83 12.12  5.81  78 9999.0  19.4  20.2 999.0 99.0 99.00
2016 02 21 22 50 248  7.6  9.3  1.74 10.81  5.64  89 9999.0  19.5  20.2 999.0 99.0 99.00
2016 02 21 23 50 243  7.4  8.6  1.69 11.43  5.53  98 9999.0  19.5  20.1 999.0 99.0 99.00
2016 02 22 00 50 243  7.6  9.3  1.51 11.43  5.46  80 9999.0  19.6  20.1 999.0 99.0 99.00
2016 02 22 01 50 241  8.2  9.4  1.59 10.81  5.54  90 9999.0  19.6  20.1 999.0 99.0 99.00
2016 02 22 02 50 244  7.4  8.8  1.56 11.43  5.65 100 9999.0  19.7  20.1 999.0 99.0 99.00
2016 02 22 03 50 239  8.3 10.0  1.48 11.43  5.51 110 9999.0  19.6  20.1 999.0 99.0 99.00
2016 02 22 04 50 243  8.7 10.5  1.55 12.12  5.33  76 9999.0  19.6  20.1 999.0 99.0 99.00
2016 02 22 06 50 246  8.8 10.5  1.60 11.43  5.14 102 9999.0  19.5  20.0 999.0 99.0 99.00
2016 02 22 07 50 247  7.9  9.6  1.60 10.81  5.15  89 9999.0  19.5  20.0 999.0 99.0 99.00
2016 02 22 08 50 249  8.1  9.7  1.63 11.43  5.44 106 9999.0  19.5  20.0 999.0 99.0 99.00
2016 02 22 09 50 248  8.2  9.8  1.71 11.43  5.64 118 9999.0  19.6  20.0 999.0 99.0 99.00
2016 02 22 10 50 246  8.3  9.9  1.70 10.81  5.59  96 9999.0  19.8  20.0 999.0 99.0 99.00
2016 02 22 11 50 245  8.4 10.0  1.76 12.12  5.76  85 9999.0  19.8  20.0 999.0 99.0 99.00
2016 02 22 12 50 249  8.6  9.9  1.67 12.12  5.53  78 9999.0  20.0  20.1 999.0 99.0 99.00
2016 02 22 13 50 251  3.8  4.8  1.72 12.12  5.70  82 9999.0  17.3  20.1 999.0 99.0 99.00
2016 02 22 14 50 243  7.2  8.8  1.73 11.43  5.91  80 9999.0  19.8  20.2 999.0 99.0 99.00
2016 02 22 15 50 242  8.6 10.7  1.71 11.43  5.76  98 9999.0  19.9  20.2 999.0 99.0 99.00
2016 02 22 16 50 246  8.7 10.5  1.91 12.12  5.69  81 9999.0  20.0  20.4 999.0 99.0 99.00
2016 02 22 17 50 243  8.3  9.8  1.88 11.43  5.77 100 9999.0  20.0  20.5 999.0 99.0 99.00
2016 02 22 18 50 242  8.2  9.8  1.83 11.43  5.81 128 9999.0  20.2  20.5 999.0 99.0 99.00
2016 02 22 19 50 252  7.4  9.1  1.83 12.12  5.98  88 9999.0  19.9  20.4 999.0 99.0 99.00
2016 02 22 20 50 247  8.5 10.3  1.89 12.12  6.15  77 9999.0  20.1  20.3 999.0 99.0 99.00
2016 02 22 21 50 244  6.8  8.2  1.91 11.43  6.03  87 9999.0  20.1  20.3 999.0 99.0 99.00
2016 02 22 22 50 242  6.3  7.8  1.73 11.43  5.66 103 9999.0  20.1  20.4 999.0 99.0 99.00
2016 02 22 23 50 241  6.5  8.0  1.78 12.12  6.00  92 9999.0  20.1  20.5 999.0 99.0 99.00
2016 02 23 00 50 234  6.5  7.6  1.76 12.12  6.27  98 9999.0  20.1  20.5 999.0 99.0 99.00
2016 02 23 01 50 233  6.7  8.0  1.60 12.12  6.04  84 9999.0  20.1  20.5 999.0 99.0 99.00
2016 02 23 02 50 226  7.1  8.3  1.72 11.43  6.18 111 9999.0  20.0  20.4 999.0 99.0 99.00
2016 02 23 03 50 231  5.9  6.9  1.77 12.12  6.58  93 9999.0  20.0  20.5 999.0 99.0 99.00
2016 02 23 04 50 231  6.0  7.4  1.48 12.12  6.09  80 9999.0  19.9  20.5 999.0 99.0 99.00
2016 02 23 05 50 222  6.6  8.2  1.70 12.90  6.52  81 9999.0  19.9  20.5 999.0 99.0 99.00
2016 02 23 06 50 224  6.8  8.3  1.74 12.12  6.55  97 9999.0  19.8  20.6 999.0 99.0 99.00
2016 02 23 07 50 224  5.9  6.7  1.55 12.90  6.43  74 9999.0  19.7  20.7 999.0 99.0 99.00
2016 02 23 08 50 224  5.6  6.6  1.51 12.90  6.30  88 9999.0  19.8  20.7 999.0 99.0 99.00
2016 02 23 09 50 209  5.4  6.4  1.61 12.12  6.66  92 9999.0  20.1  20.7 999.0 99.0 99.00
2016 02 23 10 50 208  7.2  8.8  1.63 11.43  6.63 107 9999.0  20.1  20.8 999.0 99.0 99.00
2016 02 23 11 50 193  7.4  9.1  1.61 11.43  6.11  94 9999.0  20.0  20.8 999.0 99.0 99.00
2016 02 23 12 50 195  7.7  9.1  1.74 12.12  6.42  82 9999.0  20.1  20.8 999.0 99.0 99.00
2016 02 23 13 50 194  7.9  9.5  1.63 12.12  6.09  83 9999.0  20.2  20.8 999.0 99.0 99.00
2016 02 23 14 50 197  7.7  9.4  1.77 11.43  6.26  88 9999.0  20.3  20.9 999.0 99.0 99.00
2016 02 23 15 50 191  8.4 10.1  1.78 12.12  6.46 103 9999.0  20.4  20.9 999.0 99.0 99.00
2016 02 23 16 50 191  8.7 10.6  1.78 12.12  6.09 101 9999.0  20.5  21.0 999.0 99.0 99.00
2016 02 23 17 50 192  8.3 10.1  1.65 12.12  5.87  81 9999.0  20.5  21.0 999.0 99.0 99.00
2016 02 23 18 50 202  7.9  9.4  1.70 12.12  5.91 108 9999.0  20.5  21.0 999.0 99.0 99.00
2016 02 23 19 50 202  6.7  8.0  1.89 12.12  6.01  95 9999.0  20.6  21.1 999.0 99.0 99.00
2016 02 23 20 50 194  6.2  7.4  1.79 11.43  6.14 106 9999.0  20.7  21.1 999.0 99.0 99.00
2016 02 23 21 50 197  7.3  8.8  1.79 11.43  6.28 105 9999.0  20.6  21.1 999.0 99.0 99.00
2016 02 23 22 50 195  8.2  9.7  1.87 11.43  6.33 112 9999.0  20.7  21.0 999.0 99.0 99.00
2016 02 23 23 50 192  8.1  9.7  1.88 11.43  6.40 114 9999.0  20.6  21.0 999.0 99.0 99.00
2016 02 24 00 50 187  8.7 10.3  1.81 12.12  6.15 105 9999.0  20.5  21.0 999.0 99.0 99.00
2016 02 24 01 50 186  8.9 10.9  1.88 12.12  6.13 125 9999.0  20.5  20.9 999.0 99.0 99.00
2016 02 24 02 50 185  9.5 11.2  1.89 12.12  5.87 133 9999.0  20.5  20.9 999.0 99.0 99.00
2016 02 24 03 50 186  9.4 11.4  1.87 11.43  5.96 107 9999.0  20.5  20.8 999.0 99.0 99.00
2016 02 24 04 50 185 10.1 12.2  1.92 11.43  5.98  91 9999.0  20.5  21.1 999.0 99.0 99.00
2016 02 24 05 50 187 10.2 12.3  1.98 12.12  6.02 112 9999.0  20.5  21.0 999.0 99.0 99.00
2016 02 24 06 50 181 10.7 12.8  2.07  5.56  5.70 171 9999.0  20.4  20.9 999.0 99.0 99.00
2016 02 24 07 50 182 11.0 13.3  2.26  5.56  5.83 164 9999.0  20.5  21.0 999.0 99.0 99.00
2016 02 24 08 50 186 11.3 13.5  2.32 12.12  6.08 106 9999.0  20.5  21.0 999.0 99.0 99.00
2016 02 24 09 50 184 11.5 13.6  2.28  5.88  5.80 173 9999.0  20.6  21.0 999.0 99.0 99.00
2016 02 24 10 50 186 10.9 13.0  2.44  6.25  5.96 178 9999.0  20.7  21.0 999.0 99.0 99.00
2016 02 24 11 50 185 11.0 13.7  2.37  6.67  6.04 183 9999.0  20.7  20.9 999.0 99.0 99.00
2016 02 24 12 50 187 11.4 14.0  2.40  5.88  5.86 167 9999.0  20.7  20.9 999.0 99.0 99.00
2016 02 24 13 50 187 11.4 13.6  2.48  6.67  5.93 186 9999.0  20.9  20.8 999.0 99.0 99.00
2016 02 24 14 50 187 11.6 14.9  2.43  6.25  5.92 171 9999.0  20.9  20.7 999.0 99.0 99.00
2016 02 24 15 50 190 11.0 13.0  2.40  6.25  5.72 162 9999.0  20.9  20.5 999.0 99.0 99.00
2016 02 24 16 50 191 10.9 13.5  2.63  6.67  5.92 186 9999.0  21.0  20.4 999.0 99.0 99.00
2016 02 24 17 50 192 11.3 13.5  2.64  7.14  5.91 184 9999.0  20.9  20.5 999.0 99.0 99.00
2016 02 24 18 50 198 10.7 13.5  2.43  6.67  6.02 183 9999.0  20.9  20.3 999.0 99.0 99.00
2016 02 24 19 50 195 10.4 13.0  2.56  6.67  6.01 177 9999.0  21.0  20.3 999.0 99.0 99.00
2016 02 24 20 50 195 11.0 14.2  2.71  6.67  6.05 167 9999.0  20.9  20.2 999.0 99.0 99.00
2016 02 24 21 50 197 10.9 13.2  2.62  6.67  6.02 170 9999.0  21.0  20.2 999.0 99.0 99.00
2016 02 24 22 50 204 10.9 13.3  2.67  6.67  6.07 169 9999.0  21.1  20.3 999.0 99.0 99.00
2016 02 24 23 50 204 10.8 13.2  2.37  7.14  5.84 171 9999.0  21.2  20.3 999.0 99.0 99.00
2016 02 25 00 50 203 11.0 13.5  2.47  6.67  5.85 168 9999.0  21.2  20.4 999.0 99.0 99.00
2016 02 25 01 50 204 11.0 14.0  2.73  6.67  5.95 169 9999.0  21.2  20.4 999.0 99.0 99.00
2016 02 25 02 50 207 11.2 13.5  2.82  7.69  6.09 210 9999.0  21.3  20.5 999.0 99.0 99.00
2016 02 25 03 50 209 11.6 14.3  2.85  7.14  6.09 190 9999.0  21.2  20.6 999.0 99.0 99.00
2016 02 25 04 50 209 12.7 15.1  2.77  7.69  5.98 202 9999.0  21.3  20.6 999.0 99.0 99.00
2016 02 25 05 50 210 12.0 15.1  2.68  7.14  5.98 199 9999.0  21.3  20.6 999.0 99.0 99.00
2016 02 25 06 50 211 12.7 15.3  3.05  7.14  6.11 212 9999.0  21.2  20.6 999.0 99.0 99.00
2016 02 25 07 50 214 14.7 17.7  3.37  7.69  6.39 206 9999.0  21.2  20.4 999.0 99.0 99.00
2016 02 25 08 50 224 14.0 17.1  3.21  7.69  6.19 210 9999.0  21.5  20.4 999.0 99.0 99.00
2016 02 25 09 50 272 11.9 14.6  3.54  7.69  6.54 219 9999.0  19.8  20.2 999.0 99.0 99.00
2016 02 25 10 50 272 13.9 16.2  3.44  7.69  6.18 208 9999.0  19.1  20.1 999.0 99.0 99.00
2016 02 25 11 50 281 15.2 19.4  3.87  9.09  6.62 256 9999.0  19.1  20.4 999.0 99.0 99.00
2016 02 25 12 50 278 15.0 18.1  4.16  8.33  6.66 237 9999.0  18.3  20.6 999.0 99.0 99.00
2016 02 25 13 50 280 14.2 18.3  4.21 10.00  6.88 282 9999.0  17.6  20.7 999.0 99.0 99.00
2016 02 25 14 50 278 13.2 15.9  4.72  8.33  7.21 258 9999.0  17.2  20.7 999.0 99.0 99.00
2016 02 25 15 50 279 13.4 16.8  4.58 10.00  7.35 284 9999.0  16.9  20.7 999.0 99.0 99.00
2016 02 25 16 50 277 13.2 16.3  4.49  9.09  7.23 272 9999.0  17.1  20.8 999.0 99.0 99.00
2016 02 25 17 50 274 13.7 16.2  4.48 10.00  7.08 271 9999.0  17.0  20.7 999.0 99.0 99.00
2016 02 25 18 50 274 13.2 16.0  3.77 10.00  6.84 271 9999.0  16.7  20.7 999.0 99.0 99.00
2016 02 25 19 50 270 13.5 16.8  3.53 10.00  6.64 275 9999.0  17.0  20.7 999.0 99.0 99.00
2016 02 25 20 50 270 13.0 16.3  3.76 10.00  7.01 269 9999.0  16.8  20.6 999.0 99.0 99.00
2016 02 25 21 50 270 12.8 15.2  3.82 10.00  7.01 267 9999.0  16.7  20.6 999.0 99.0 99.00
2016 02 25 22 50 269 11.3 14.7  3.42 10.00  6.64 268 9999.0  16.6  20.5 999.0 99.0 99.00
2016 02 25 23 50 282 12.7 15.4  3.49  9.09  6.67 269 9999.0  16.6  20.4 999.0 99.0 99.00
2016 02 26 00 50 288 11.2 14.2  3.76 10.00  6.99 265 9999.0  16.3  20.4 999.0 99.0 99.00
2016 02 26 01 50 278 12.1 14.9  3.48  9.09  6.57 264 9999.0  16.4  20.3 999.0 99.0 99.00
2016 02 26 02 50 281 11.6 13.9  3.25 10.00  6.33 258 9999.0  16.6  20.3 999.0 99.0 99.00
2016 02 26 03 50 290 11.9 14.7  3.21  9.09  6.42 269 9999.0  16.3  20.2 999.0 99.0 99.00
2016 02 26 04 50 290 11.8 14.5  2.99 10.00  6.36 266 9999.0  16.4  20.2 999.0 99.0 99.00
2016 02 26 05 50 289 11.9 14.9  2.93  9.09  6.06 263 9999.0  16.3  20.1 999.0 99.0 99.00
2016 02 26 06 50 286 11.5 13.8  3.06  9.09  6.29 251 9999.0  16.4  20.1 999.0 99.0 99.00
2016 02 26 07 50 306 12.4 15.0  3.14  9.09  6.25 259 9999.0  15.5  20.1 999.0 99.0 99.00
2016 02 26 08 50 303 12.7 16.0  2.80  9.09  6.10 268 9999.0  15.3  20.0 999.0 99.0 99.00
2016 02 26 09 50 299 12.0 15.2  3.01  9.09  6.13 270 9999.0  15.0  19.9 999.0 99.0 99.00
2016 02 26 10 50 297 12.3 15.5  2.95  9.09  6.14 272 9999.0  15.0  19.9 999.0 99.0 99.00
2016 02 26 11 50 294 12.7 15.9  3.11  9.09  6.33 271 9999.0  15.1  19.8 999.0 99.0 99.00
2016 02 26 12 50 293 13.7 16.5  3.28  9.09  6.36 274 9999.0  15.1  19.8 999.0 99.0 99.00
2016 02 26 13 50 293 13.1 16.1  3.49  9.09  6.51 271 9999.0  15.0  19.8 999.0 99.0 99.00
2016 02 26 14 50 287 14.4 17.3  3.48  8.33  6.49 266 9999.0  14.9  19.8 999.0 99.0 99.00
2016 02 26 15 50 285 13.6 17.2  3.52  8.33  6.48 273 9999.0  14.2  19.8 999.0 99.0 99.00
2016 02 26 16 50 298 16.1 19.0  3.60  9.09  6.51 273 9999.0  13.7  19.8 999.0 99.0 99.00
2016 02 26 17 50 278 13.9 18.5  3.70  9.09  6.29 279 9999.0  12.8  19.8 999.0 99.0 99.00
2016 02 26 18 50 306 13.3 16.7  3.82  9.09  6.54 268 9999.0  13.2  19.9 999.0 99.0 99.00
2016 02 26 19 50 304 11.8 13.9  3.62  9.09  6.49 265 9999.0  13.6  19.9 999.0 99.0 99.00
2016 02 26 20 50 308 11.0 13.2  2.90  9.09  6.12 270 9999.0  13.6  19.9 999.0 99.0 99.00
2016 02 26 21 50 298  9.0 11.7  2.75  9.09  5.98 267 9999.0  13.3  19.9 999.0 99.0 99.00
2016 02 26 22 50 307  8.5 11.6  2.65  8.33  6.20 268 9999.0  13.4  19.9 999.0 99.0 99.00
2016 02 26 23 50 316  9.2 11.8  2.45  8.33  5.96 276 9999.0  13.4  19.9 999.0 99.0 99.00
2016 02 27 00 50 338  8.7 11.7  2.34  8.33  5.99 258 9999.0  13.4  19.9 999.0 99.0 99.00
2016 02 27 01 50 314  7.4 10.3  2.15  7.69  5.74 276 9999.0  13.5  19.9 999.0 99.0 99.00
2016 02 27 02 50 326  7.5 10.0  2.07  7.69  5.81 279 9999.0  13.6  19.9 999.0 99.0 99.00
2016 02 27 03 50 313  5.6  7.9  1.77  8.33  5.55 255 9999.0  13.7  19.8 999.0 99.0 99.00
2016 02 27 04 50 321  5.7  8.3  1.75  7.14  5.68 283 9999.0  13.7  19.8 999.0 99.0 99.00
2016 02 27 05 50 308  4.1  6.5  1.67  7.14  5.66 275 9999.0  13.7  19.8 999.0 99.0 99.00
2016 02 27 06 50 299  5.4  7.2  1.60  7.69  5.61 291 9999.0  13.8  19.8 999.0 99.0 99.00
2016 02 27 07 50 305  6.0  8.1  1.60  7.14  5.51 301 9999.0  14.1  19.8 999.0 99.0 99.00
2016 02 27 08 50 299  5.7  7.6  1.61  7.14  5.69 273 9999.0  14.1  19.8 999.0 99.0 99.00
2016 02 27 09 50 299  5.4  7.3  1.58  7.14  5.57 272 9999.0  14.5  19.8 999.0 99.0 99.00
2016 02 27 10 50 295  3.9  5.9  1.53  7.14  5.54 286 9999.0  14.4  19.7 999.0 99.0 99.00
2016 02 27 11 50 310  7.0  9.1  1.69  6.67  5.44 274 9999.0  14.7  19.7 999.0 99.0 99.00
2016 02 27 12 50 296  6.4  8.5  1.39  6.25  5.00 289 9999.0  14.8  19.7 999.0 99.0 99.00
2016 02 27 13 50 310  6.3  8.4  1.48  6.25  5.23 295 9999.0  14.7  19.7 999.0 99.0 99.00
2016 02 27 14 50 322  6.1  8.3  1.46  6.25  5.32 305 9999.0  14.4  19.8 999.0 99.0 99.00
2016 02 27 15 50 327  5.4  7.2  1.57  5.88  5.46 308 9999.0  14.4  19.9 999.0 99.0 99.00
2016 02 27 16 50 325  5.6  8.2  1.58  9.09  5.60   8 9999.0  14.4  19.9 999.0 99.0 99.00
2016 02 27 17 50 312  7.1  9.7  1.60  6.25  5.65 313 9999.0  14.5  19.9 999.0 99.0 99.00
2016 02 27 18 50 312  6.3  8.5  1.63  8.33  5.44 354 9999.0  14.4  19.9 999.0 99.0 99.00
2016 02 27 19 50 314  6.6  8.4  1.63  5.88  5.45 308 9999.0  14.4  19.9 999.0 99.0 99.00
2016 02 27 20 50 317  8.1  9.8  1.62  6.25  5.39 328 9999.0  14.6  19.9 999.0 99.0 99.00
2016 02 27 21 50 308  7.3  9.4  1.59  5.88  5.20 312 9999.0  14.2  19.9 999.0 99.0 99.00
2016 02 27 22 50 316  7.2  9.9  1.52  5.88  5.21 322 9999.0  13.9  19.9 999.0 99.0 99.00
2016 02 27 23 50 321  6.9  9.6  1.65  6.25  5.24 324 9999.0  13.7  19.9 999.0 99.0 99.00
2016 02 28 00 50 319  7.2  9.2  1.47  6.67  5.12 355 9999.0  13.7  19.8 999.0 99.0 99.00
2016 02 28 01 50 311  8.0 10.3  1.43  5.88  5.04 321 9999.0  13.7  19.7 999.0 99.0 99.00
2016 02 28 02 50 315  8.8 10.9  1.39  5.56  4.88 312 9999.0  13.7  19.7 999.0 99.0 99.00
2016 02 28 03 50 312  8.5 11.5  1.56  5.56  5.10 308 9999.0  13.8  19.7 999.0 99.0 99.00
2016 02 28 04 50 319  8.3 10.4  1.44  5.26  4.94 296 9999.0  13.5  19.7 999.0 99.0 99.00
2016 02 28 05 50 314  8.1 10.9  1.51  7.69  5.07 356 9999.0  13.6  19.7 999.0 99.0 99.00
2016 02 28 06 50 310  7.0  8.9  1.44  5.26  4.93 292 9999.0  13.5  19.7 999.0 99.0 99.00
2016 02 28 07 50 345  5.6  8.7  1.59  5.56  5.26 305 9999.0  13.2  19.7 999.0 99.0 99.00
2016 02 28 08 50 330  6.4  9.3  1.54  5.56  5.01 308 9999.0  12.9  19.7 999.0 99.0 99.00
2016 02 28 09 50 338  5.7  7.6  1.48  5.88  5.25 312 9999.0  13.0  19.7 999.0 99.0 99.00
2016 02 28 10 50 348  5.4  7.6  1.30  5.88  5.22 318 9999.0  13.1  19.7 999.0 99.0 99.00
2016 02 28 11 50 348  5.2  7.3  1.27  5.56  4.99 316 9999.0  13.0  19.6 999.0 99.0 99.00
2016 02 28 12 50 343  2.9  5.0  1.27  5.26  5.35 314 9999.0  13.1  19.6 999.0 99.0 99.00
2016 02 28 13 50 334  3.1  4.7  1.19  5.56  5.39 310 9999.0  13.4  19.7 999.0 99.0 99.00
2016 02 28 14 50 316  2.8  4.3  1.14  5.26  5.21 305 9999.0  13.5  19.7 999.0 99.0 99.00
2016 02 28 15 50 346  2.4  4.4  1.15  5.88  5.29 324 9999.0  13.7  19.8 999.0 99.0 99.00
2016 02 28 16 50 303  1.9  3.1  1.07  5.56  5.16 345 9999.0  13.9  20.0 999.0 99.0 99.00
2016 02 28 17 50 164  0.3  1.4  1.04  5.88  5.26 358 9999.0  14.6  20.2 999.0 99.0 99.00
2016 02 28 18 50 276  0.8  1.5  1.00  5.56  5.35 331 9999.0  14.8  20.4 999.0 99.0 99.00
2016 02 28 19 50 272  0.7  1.7  1.01  8.33  5.44  53 9999.0  14.8  20.5 999.0 99.0 99.00
2016 02 28 20 50 212  2.2  3.1  0.95  7.14  5.22  19 9999.0  14.8  20.5 999.0 99.0 99.00
2016 02 28 21 50 226  1.9  3.3  0.92  5.56  5.29 344 9999.0  15.1  20.5 999.0 99.0 99.00
2016 02 28 22 50 214  3.5  4.4  0.99  8.33  5.38  52 9999.0  14.8  20.1 999.0 99.0 99.00
2016 02 28 23 50 216  3.0  4.2  0.87  7.69  5.53  60 9999.0  14.9  20.0 999.0 99.0 99.00
2016 02 29 00 50 234  4.3  5.7  0.80  8.33  5.49  60 9999.0  15.1  20.0 999.0 99.0 99.00
2016 02 29 01 50 223  5.2  7.1  0.78  7.14  5.59  39 9999.0  15.3  19.9 999.0 99.0 99.00
2016 02 29 02 50 226  5.9  8.0  0.77  6.67  5.46  46 9999.0  15.5  19.9 999.0 99.0 99.00
2016 02 29 03 50 241  6.1  7.9  0.71  8.33  4.83  50 9999.0  15.7  19.9 999.0 99.0 99.00
2016 02 29 04 50 230  6.8  8.3  0.72  7.69  4.45  49 9999.0  15.8  19.9 999.0 99.0 99.00
2016 02 29 05 50 235  7.4  9.2  0.73  8.33  4.15 138 9999.0  15.9  19.9 999.0 99.0 99.00
2016 02 29 06 50 237  7.5  9.7  0.75  7.14  3.93  71 9999.0  16.3  19.8 999.0 99.0 99.00
2016 02 29 07 50 242  7.5  9.2  0.82  3.57  4.01 220 9999.0  16.7  19.8 999.0 99.0 99.00
2016 02 29 08 50 241  8.9 11.6  0.93  4.17  4.12 233 9999.0  16.7  19.8 999.0 99.0 99.00
2016 02 29 09 50 260  9.3 11.3  1.10  4.55  4.05 242 9999.0  16.9  19.9 999.0 99.0 99.00
2016 02 29 10 50 257  9.1 11.3  1.26  5.00  4.38 230 9999.0  17.2  19.9 999.0 99.0 99.00
2016 02 29 11 50 248  9.6 12.2  1.35  5.56  4.52 237 9999.0  17.7  19.9 999.0 99.0 99.00
2016 02 29 12 50 249  8.9 10.8  1.50  5.56  4.71 239 9999.0  18.2  20.0 999.0 99.0 99.00
2016 02 29 13 50 244  8.8 10.4  1.39  5.26  4.61 235 9999.0  18.6  20.0 999.0 99.0 99.00
2016 02 29 14 50 232 10.2 12.3  1.40  5.56  4.80 238 9999.0  18.8  20.1 999.0 99.0 99.00
2016 02 29 15 50 232  9.6 11.0  1.33  5.88  4.56 228 9999.0  18.7  20.1 999.0 99.0 99.00
2016 02 29 16 50 237  9.1 11.0  1.49  5.56  4.84 233 9999.0  19.1  20.1 999.0 99.0 99.00
2016 02 29 17 50 232 10.2 12.2  1.59  5.88  4.71 239 9999.0  19.0  20.1 999.0 99.0 99.00
2016 02 29 18 50 232 10.4 11.9  1.62  6.25  4.94 262 9999.0  19.1  20.1 999.0 99.0 99.00
2016 02 29 19 50 237 10.1 12.1  1.78  6.25  5.07 267 9999.0  19.3  20.1 999.0 99.0 99.00
2016 02 29 20 50 243  9.3 11.0  1.91  6.25  5.29 266 9999.0  19.3  20.1 999.0 99.0 99.00
2016 02 29 21 50 243  9.7 11.1  1.85  7.14  5.25 280 9999.0  19.6  20.1 999.0 99.0 99.00
2016 02 29 22 50 243  9.6 12.1  1.96  7.14  5.41 279 9999.0  19.4  20.1 999.0 99.0 99.00
