#YY  MM DD hh mm WDIR WSPD GST  WVHT   DPD   APD MWD   PRES  ATMP  WTMP  DEWP  VIS  TIDE
#yr  mo dy hr mn degT m/s  m/s     m   sec   sec deg    hPa  degC  degC  degC  nmi    ft
2016 02 29 23 50 249  9.3 11.0  2.11  7.69  5.58 285 9999.0  19.4  20.0 999.0 99.0 99.00
2016 03 01 00 50 247  9.0 10.7  2.18  7.14  5.70 281 9999.0  19.4  20.0 999.0 99.0 99.00
2016 03 01 01 50 243  8.7 10.8  1.96  6.67  5.49 278 9999.0  19.4  19.9 999.0 99.0 99.00
2016 03 01 02 50 244  9.1 11.4  2.37  7.69  5.85 289 9999.0  19.4  19.9 999.0 99.0 99.00
2016 03 01 03 50 244  9.2 11.2  2.13  7.69  5.69 285 9999.0  19.4  19.9 999.0 99.0 99.00
2016 03 01 04 50 250  9.1 11.4  2.02  7.69  5.51 279 9999.0  19.5  19.9 999.0 99.0 99.00
2016 03 01 05 50 250  8.8 10.6  2.12  7.14  5.61 278 9999.0  19.5  19.9 999.0 99.0 99.00
2016 03 01 06 50 252  8.2  9.7  1.91  7.14  5.43 278 9999.0  19.5  19.9 999.0 99.0 99.00
2016 03 01 07 50 255  8.7 10.3  1.97  7.14  5.46 280 9999.0  19.5  19.9 999.0 99.0 99.00
2016 03 01 08 50 247  7.5  9.1  1.95  7.14  5.59 283 9999.0  19.4  19.9 999.0 99.0 99.00
2016 03 01 09 50 248  6.5  7.6  1.70  7.14  5.26 280 9999.0  19.5  19.9 999.0 99.0 99.00
2016 03 01 10 50 242  5.0  7.0  1.49  7.14  5.18 284 9999.0  19.2  19.9 999.0 99.0 99.00
2016 03 01 11 50 242  6.7  7.6  1.76  7.14  5.53 286 9999.0  19.4  19.9 999.0 99.0 99.00
2016 03 01 12 50 228  6.6  7.9  1.58  6.67  5.32 280 9999.0  19.6  19.9 999.0 99.0 99.00
2016 03 01 13 50 227  7.8  9.4  1.53  6.67  5.21 289 9999.0  19.5  19.9 999.0 99.0 99.00
2016 03 01 14 50 231  7.6  9.2  1.39  5.88  4.99 271 9999.0  19.7  19.9 999.0 99.0 99.00
2016 03 01 15 50 232  8.2  9.3  1.46  6.67  5.07 290 9999.0  19.7  19.9 999.0 99.0 99.00
2016 03 01 16 50 232  8.0  9.5  1.33  6.25  4.90 291 9999.0  19.7  19.9 999.0 99.0 99.00
2016 03 01 17 50 235  7.6  8.9  1.38  5.88  4.82 274 9999.0  19.8  20.0 999.0 99.0 99.00
2016 03 01 18 50 231  8.5  9.6  1.29  5.88  4.69 279 9999.0  19.7  20.0 999.0 99.0 99.00
2016 03 01 19 50 227  7.4  8.8  1.23  5.88  4.66 273 9999.0  19.7  20.0 999.0 99.0 99.00
2016 03 01 20 50 223  7.2  8.2  1.29  5.56  4.73 262 9999.0  19.8  20.0 999.0 99.0 99.00
2016 03 01 21 50 213  6.7  8.1  1.20  5.56  4.63 265 9999.0  19.8  20.0 999.0 99.0 99.00
2016 03 01 22 50 210  6.6  7.9  1.16  5.56  4.51 252 9999.0  19.7  19.9 999.0 99.0 99.00
2016 03 01 23 50 214  7.5  9.3  1.11  5.26  4.49 247 9999.0  19.5  19.8 999.0 99.0 99.00
2016 03 02 00 50 214  7.6  8.7  1.08  5.56  4.59 254 9999.0  19.4  19.8 999.0 99.0 99.00
2016 03 02 01 50 212  8.2  9.6  1.17  5.26  4.55 249 9999.0  19.3  19.7 999.0 99.0 99.00
2016 03 02 02 50 216  9.6 10.9  1.14  5.26  4.41 249 9999.0  19.4  19.7 999.0 99.0 99.00
2016 03 02 03 50 215  9.9 12.2  1.16  5.26  4.36 251 9999.0  19.4  19.6 999.0 99.0 99.00
2016 03 02 04 50 218  9.7 12.0  1.38  4.76  4.46 210 9999.0  19.5  19.6 999.0 99.0 99.00
2016 03 02 05 50 217 10.4 12.2  1.29  5.00  4.51 217 9999.0  19.5  19.6 999.0 99.0 99.00
2016 03 02 06 50 211 10.8 12.8  1.58  5.26  4.71 207 9999.0  19.5  19.6 999.0 99.0 99.00
2016 03 02 07 50 220 10.6 13.2  1.64  5.26  4.77 195 9999.0  19.6  19.6 999.0 99.0 99.00
2016 03 02 08 50 231 10.4 12.3  1.74  5.88  4.88 206 9999.0  19.8  19.6 999.0 99.0 99.00
2016 03 02 09 50 222 10.6 12.9  1.90  5.88  5.10 203 9999.0  19.8  19.6 999.0 99.0 99.00
2016 03 02 10 50 223 10.3 13.0  1.96  6.25  5.26 202 9999.0  19.9  19.6 999.0 99.0 99.00
2016 03 02 11 50 216 11.3 13.3  2.22  6.67  5.42 203 9999.0  19.9  19.6 999.0 99.0 99.00
2016 03 02 12 50 227 11.9 14.7  2.22  6.67  5.48 200 9999.0  20.2  19.6 999.0 99.0 99.00
2016 03 02 13 50 227 12.1 15.1  2.39  6.67  5.50 215 9999.0  20.3  19.7 999.0 99.0 99.00
2016 03 02 14 50 231 12.8 15.7  2.44  6.67  5.62 204 9999.0  20.4  19.7 999.0 99.0 99.00
2016 03 02 15 50 230 13.7 16.5  2.50  7.14  5.69 228 9999.0  20.7  19.7 999.0 99.0 99.00
2016 03 02 16 50 236 14.2 17.6  2.69  7.14  5.56 219 9999.0  20.8  19.7 999.0 99.0 99.00
2016 03 02 17 50 241 13.8 17.2  2.92  7.69  5.79 220 9999.0  20.7  19.7 999.0 99.0 99.00
2016 03 02 18 50 244 14.1 17.3  3.33  7.14  6.14 229 9999.0  20.8  19.7 999.0 99.0 99.00
2016 03 02 19 50 257 12.9 15.8  3.18  8.33  6.19 251 9999.0  20.8  19.7 999.0 99.0 99.00
2016 03 02 20 50 292 13.0 15.7  3.89  7.69  6.62 241 9999.0  20.0  19.7 999.0 99.0 99.00
2016 03 02 21 50 299 13.1 16.3  3.96  8.33  6.74 269 9999.0  19.7  19.7 999.0 99.0 99.00
2016 03 02 22 50 301 11.9 14.7  3.99  9.09  6.93 270 9999.0  19.1  19.7 999.0 99.0 99.00
2016 03 02 23 50 303 10.3 12.1  4.08 10.00  7.13 274 9999.0  18.4  19.6 999.0 99.0 99.00
2016 03 03 00 50 316  9.8 12.5  3.77  9.09  7.09 278 9999.0  18.0  19.6 999.0 99.0 99.00
2016 03 03 01 50 318  9.5 12.0  3.46 10.00  7.05 270 9999.0  17.8  19.6 999.0 99.0 99.00
2016 03 03 02 50 327  8.1  9.6  3.10 10.00  6.77 270 9999.0  17.6  19.5 999.0 99.0 99.00
2016 03 03 03 50 354  8.8 11.0  2.99 10.00  6.64 263 9999.0  17.1  19.5 999.0 99.0 99.00
2016 03 03 04 50 358  8.4 10.4  2.66  9.09  6.57 261 9999.0  16.7  19.5 999.0 99.0 99.00
2016 03 03 05 50  10  8.4 11.1  2.53  8.33  6.45 274 9999.0  16.2  19.5 999.0 99.0 99.00
2016 03 03 06 50   3  6.3  8.0  2.43  8.33  6.25 271 9999.0  16.0  19.5 999.0 99.0 99.00
2016 03 03 07 50  15  6.7  8.5  2.14  7.69  6.14 278 9999.0  15.8  19.5 999.0 99.0 99.00
2016 03 03 08 50  23  4.5  6.6  2.16  7.69  6.14 284 9999.0  15.7  19.5 999.0 99.0 99.00
2016 03 03 09 50  19  5.3  7.4  1.97  9.09  5.96 265 9999.0  15.5  19.4 999.0 99.0 99.00
2016 03 03 10 50  23  4.6  6.6  1.89  8.33  6.17 272 9999.0  15.6  19.4 999.0 99.0 99.00
2016 03 03 11 50  26  4.9  6.4  1.78  7.14  5.98 307 9999.0  15.7  19.4 999.0 99.0 99.00
2016 03 03 12 50  23  4.6  6.0  2.01  7.69  6.19 319 9999.0  15.7  19.4 999.0 99.0 99.00
2016 03 03 13 50  11  3.5  4.9  1.78  7.14  6.05 318 9999.0  15.9  19.4 999.0 99.0 99.00
2016 03 03 14 50  92  5.1  7.2  1.66  7.14  6.01 311 9999.0  16.2  19.5 999.0 99.0 99.00
2016 03 03 15 50 101  5.9  7.9  1.85  7.14  6.17 302 9999.0  16.3  19.5 999.0 99.0 99.00
2016 03 03 16 50 114  4.6  6.5  1.89  7.14  6.14 318 9999.0  16.5  19.6 999.0 99.0 99.00
2016 03 03 17 50 122  4.0  5.3  1.75  7.14  6.27 347 9999.0  16.7  19.7 999.0 99.0 99.00
2016 03 03 18 50 107  3.9  5.2  1.86 10.00  6.47  36 9999.0  16.6  19.7 999.0 99.0 99.00
2016 03 03 19 50 127  4.9  6.6  1.71  8.33  6.28  34 9999.0  16.7  19.7 999.0 99.0 99.00
2016 03 03 20 50 131  6.0  7.4  1.68  7.14  6.13 346 9999.0  16.9  19.7 999.0 99.0 99.00
2016 03 03 21 50 137  8.2  9.9  1.51 10.00  5.67  34 9999.0  16.9  19.6 999.0 99.0 99.00
2016 03 03 22 50 133  7.1  8.8  1.58 10.00  5.45  48 9999.0  17.1  19.6 999.0 99.0 99.00
2016 03 03 23 50 139  7.7  9.1  1.54  9.09  5.23  22 9999.0  17.4  19.6 999.0 99.0 99.00
2016 03 04 00 50 154  7.7  9.3  1.52  9.09  5.26  42 9999.0  17.6  19.6 999.0 99.0 99.00
2016 03 04 01 50 155  9.2 11.3  1.49  7.69  5.21  38 9999.0  17.7  19.5 999.0 99.0 99.00
2016 03 04 02 50 150  9.8 11.3  1.61  9.09  4.98  41 9999.0  17.7  19.5 999.0 99.0 99.00
2016 03 04 03 50 163 10.4 12.4  1.48  8.33  4.83  29 9999.0  18.2  19.5 999.0 99.0 99.00
2016 03 04 04 50 169 10.0 12.0  1.64  4.76  4.79 126 9999.0  18.4  19.5 999.0 99.0 99.00
2016 03 04 05 50 164 10.1 12.2  1.77  5.00  4.86 130 9999.0  18.6  19.5 999.0 99.0 99.00
2016 03 04 06 50 181 11.3 13.9  1.79  5.26  4.90 140 9999.0  19.1  19.6 999.0 99.0 99.00
2016 03 04 07 50 185 13.3 15.4  1.99  5.56  4.92 133 9999.0  19.3  19.5 999.0 99.0 99.00
2016 03 04 08 50 193 12.6 15.3  2.12  5.56  5.01 153 9999.0  19.4  19.5 999.0 99.0 99.00
2016 03 04 09 50 197 13.8 16.1  2.43  5.88  5.31 151 9999.0  19.4  19.6 999.0 99.0 99.00
2016 03 04 10 50 200 14.4 18.7  2.86  6.67  5.54 169 9999.0  19.8  19.6 999.0 99.0 99.00
2016 03 04 11 50 209 15.3 18.5  3.15  6.67  5.82 171 9999.0  20.1  19.6 999.0 99.0 99.00
2016 03 04 12 50 237 14.1 17.2  3.24  7.14  5.84 181 9999.0  20.4  19.6 999.0 99.0 99.00
2016 03 04 13 50 241 16.9 21.7  3.38  7.14  5.87 189 9999.0  19.2  19.6 999.0 99.0 99.00
2016 03 04 14 50 256 14.4 19.4  3.39  7.69  6.03 188 9999.0  19.7  19.6 999.0 99.0 99.00
2016 03 04 15 50 311 15.8 19.3  3.38  7.69  5.96 206 9999.0  17.1  19.6 999.0 99.0 99.00
2016 03 04 16 50 313 13.7 16.9  3.17  7.69  5.73 197 9999.0  17.0  19.6 999.0 99.0 99.00
2016 03 04 17 50 314 12.2 15.4  3.37  6.25  5.98 300 9999.0  17.0  19.6 999.0 99.0 99.00
2016 03 04 18 50 312 11.3 13.8  3.43  7.14  6.20 309 9999.0  16.8  19.6 999.0 99.0 99.00
2016 03 04 19 50 311 11.3 13.9  3.86  8.33  6.73 292 9999.0  16.6  19.6 999.0 99.0 99.00
2016 03 04 20 50 312 10.7 13.1  3.32  9.09  6.53 286 9999.0  16.5  19.6 999.0 99.0 99.00
2016 03 04 21 50 315 10.3 13.0  3.19  7.69  6.37 287 9999.0  16.4  19.6 999.0 99.0 99.00
2016 03 04 22 50 328 11.1 13.8  2.73  7.69  6.07 276 9999.0  15.9  19.5 999.0 99.0 99.00
2016 03 04 23 50 324 10.6 12.7  3.03  8.33  6.20 318 9999.0  15.8  19.5 999.0 99.0 99.00
2016 03 05 00 50 327 11.1 14.4  2.79  8.33  6.06 311 9999.0  15.4  19.5 999.0 99.0 99.00
2016 03 05 01 50 346  9.2 13.9  3.14  8.33  6.40 345 9999.0  15.0  19.5 999.0 99.0 99.00
2016 03 05 02 50 353 10.8 12.9  3.48  9.09  6.89 358 9999.0  14.6  19.5 999.0 99.0 99.00
2016 03 05 03 50 356  8.7 10.8  2.82  8.33  6.27 313 9999.0  14.6  19.5 999.0 99.0 99.00
2016 03 05 04 50 350  7.9 10.0  3.09  9.09  6.82 344 9999.0  14.6  19.5 999.0 99.0 99.00
2016 03 05 05 50   1  8.3 10.8  2.89  9.09  7.03 336 9999.0  14.4  19.5 999.0 99.0 99.00
2016 03 05 06 50   1  8.6 10.6  2.86  7.69  6.89 319 9999.0  14.5  19.4 999.0 99.0 99.00
2016 03 05 07 50 360  7.6 10.0  3.57 12.12  7.54   6 9999.0  14.3  19.4 999.0 99.0 99.00
2016 03 05 08 50  13  7.6  9.7  3.27 12.12  7.68   7 9999.0  14.4  19.4 999.0 99.0 99.00
2016 03 05 09 50  11  7.0  9.1  3.48 12.90  8.02   9 9999.0  14.6  19.4 999.0 99.0 99.00
2016 03 05 10 50  16  6.4  8.4  3.30 12.12  7.54   6 9999.0  14.5  19.4 999.0 99.0 99.00
2016 03 05 11 50  11  6.1  8.9  3.56 12.90  8.20  11 9999.0  14.4  19.4 999.0 99.0 99.00
2016 03 05 12 50  26  6.3  8.7  3.37 12.90  8.00  14 9999.0  14.7  19.4 999.0 99.0 99.00
2016 03 05 13 50  17  5.3  7.7  3.39 12.90  8.40   8 9999.0  14.7  19.4 999.0 99.0 99.00
2016 03 05 14 50  37  4.5  7.6  3.19 12.12  8.24   6 9999.0  14.8  19.4 999.0 99.0 99.00
2016 03 05 15 50  20  4.9  6.5  3.22 12.12  7.97   5 9999.0  15.0  19.4 999.0 99.0 99.00
2016 03 05 16 50  34  3.7  6.0  3.08 12.12  8.10 359 9999.0  14.9  19.5 999.0 99.0 99.00
2016 03 05 17 50  20  4.2  6.4  3.31 13.79  8.39   2 9999.0  14.8  19.5 999.0 99.0 99.00
2016 03 05 18 50  26  4.7  7.4  3.55 12.90  8.82   4 9999.0  15.0  19.5 999.0 99.0 99.00
2016 03 05 19 50  19  3.6  5.5  3.14 12.90  8.40  12 9999.0  14.9  19.5 999.0 99.0 99.00
2016 03 05 20 50  33  3.6  5.5  3.27 12.12  8.60  10 9999.0  15.0  19.5 999.0 99.0 99.00
2016 03 05 21 50  47  4.0  5.9  3.25 12.90  8.75  13 9999.0  15.0  19.5 999.0 99.0 99.00
2016 03 05 22 50  39  4.0  5.7  3.32 12.12  8.58   3 9999.0  15.0  19.5 999.0 99.0 99.00
2016 03 05 23 50  65  2.8  4.8  3.08 12.90  8.83   8 9999.0  14.9  19.5 999.0 99.0 99.00
2016 03 06 00 50  75  2.5  4.3  3.22 12.90  8.90  15 9999.0  15.1  19.5 999.0 99.0 99.00
2016 03 06 01 50  82  3.3  5.2  3.17 13.79  9.38  16 9999.0  15.1  19.4 999.0 99.0 99.00
2016 03 06 02 50 119  4.9  6.7  3.08 13.79  9.03   9 9999.0  15.3  19.4 999.0 99.0 99.00
2016 03 06 03 50 107  4.3  5.5  2.73 13.79  8.52  27 9999.0  15.4  19.4 999.0 99.0 99.00
2016 03 06 04 50 141  4.0  5.4  3.09 12.90  9.48  23 9999.0  15.6  19.4 999.0 99.0 99.00
2016 03 06 05 50 137  5.4  7.3  2.57 12.90  8.87  30 9999.0  15.7  19.4 999.0 99.0 99.00
2016 03 06 06 50 148  6.7  8.3  3.12 12.90  9.20  33 9999.0  16.0  19.4 999.0 99.0 99.00
2016 03 06 07 50 169  8.8 10.9  2.81 12.12  8.62  36 9999.0  16.3  19.4 999.0 99.0 99.00
2016 03 06 08 50 179  9.4 12.0  2.70 12.90  8.24  36 9999.0  16.7  19.4 999.0 99.0 99.00
2016 03 06 09 50 176 11.1 13.5  3.06 12.12  8.25  44 9999.0  16.8  19.4 999.0 99.0 99.00
2016 03 06 10 50 194  8.5 10.9  3.03 12.12  7.95  39 9999.0  16.2  19.4 999.0 99.0 99.00
2016 03 06 11 50 284  8.4 14.1  3.36 12.90  8.45  42 9999.0  13.1  19.4 999.0 99.0 99.00
2016 03 06 12 50  36 14.7 18.3  3.40 13.79  8.01  34 9999.0  12.8  19.3 999.0 99.0 99.00
2016 03 06 13 50  30 12.7 15.2  3.62 12.12  7.40  30 9999.0  13.8  19.4 999.0 99.0 99.00
2016 03 06 14 50  22 11.8 14.6  3.83 13.79  7.04  32 9999.0  14.0  19.4 999.0 99.0 99.00
2016 03 06 15 50  34 12.5 14.7  4.10 13.79  7.63  30 9999.0  13.3  19.4 999.0 99.0 99.00
2016 03 06 16 50  41  9.9 11.5  3.78 12.90  7.45  23 9999.0  13.7  19.5 999.0 99.0 99.00
2016 03 06 17 50  41  8.4 10.4  3.56 13.79  7.63  39 9999.0  13.8  19.5 999.0 99.0 99.00
2016 03 06 18 50   4  6.8  8.9  3.65 13.79  8.16  27 9999.0  14.4  19.5 999.0 99.0 99.00
2016 03 06 19 50  14  9.4 11.8  3.45 12.90  7.95  26 9999.0  13.2  19.5 999.0 99.0 99.00
2016 03 06 20 50   5  9.1 11.9  3.22 13.79  7.88  32 9999.0  14.5  19.5 999.0 99.0 99.00
2016 03 06 21 50  12  9.6 11.9  3.47 13.79  8.17  28 9999.0  15.0  19.5 999.0 99.0 99.00
2016 03 06 22 50   9 11.6 14.3  2.91 12.90  7.29  33 9999.0  16.1  19.5 999.0 99.0 99.00
2016 03 06 23 50 356 11.0 13.9  2.95 13.79  6.82  34 9999.0  16.1  19.5 999.0 99.0 99.00
2016 03 07 00 50  11 12.6 15.5  3.20 12.12  6.94  28 9999.0  15.5  19.4 999.0 99.0 99.00
2016 03 07 01 50   1  8.6 10.7  3.22 12.12  6.94  35 9999.0  15.2  19.5 999.0 99.0 99.00
2016 03 07 02 50  26 11.0 13.6  2.79 10.81  6.39  28 9999.0  15.6  19.5 999.0 99.0 99.00
2016 03 07 03 50  33  8.8 13.5  3.32 13.79  7.14  41 9999.0  15.7  19.6 999.0 99.0 99.00
2016 03 07 04 50  17  7.9 11.2  3.33  7.69  7.11   1 9999.0  15.1  19.6 999.0 99.0 99.00
2016 03 07 05 50  28  9.6 11.9  3.21  7.14  6.79   3 9999.0  16.0  19.6 999.0 99.0 99.00
2016 03 07 06 50  40  8.2 10.6  2.87 13.79  6.61  27 9999.0  15.7  19.6 999.0 99.0 99.00
2016 03 07 07 50  37  8.6 11.0  2.89 13.79  6.87  38 9999.0  15.8  19.6 999.0 99.0 99.00
2016 03 07 08 50  33  8.5 11.4  2.85 12.90  6.84  21 9999.0  15.9  19.6 999.0 99.0 99.00
2016 03 07 09 50  35  7.7  9.8  2.68  9.09  6.67  27 9999.0  16.0  19.6 999.0 99.0 99.00
2016 03 07 10 50  39  8.9 11.3  2.99 13.79  7.30  34 9999.0  15.9  19.6 999.0 99.0 99.00
2016 03 07 11 50  39  6.9  8.8  2.89 12.90  7.12  40 9999.0  16.0  19.6 999.0 99.0 99.00
2016 03 07 12 50  60  7.1  9.4  2.74  9.09  7.05  45 9999.0  16.1  19.6 999.0 99.0 99.00
2016 03 07 13 50  57  7.4  9.5  2.91 10.00  7.15  33 9999.0  16.2  19.6 999.0 99.0 99.00
2016 03 07 14 50  48  6.5  8.3  2.49 12.90  6.72  37 9999.0  16.4  19.6 999.0 99.0 99.00
2016 03 07 15 50  63  4.3  5.6  2.61 10.00  7.16  33 9999.0  16.3  19.7 999.0 99.0 99.00
2016 03 07 16 50  68  2.8  4.8  2.82 10.81  7.50  34 9999.0  16.3  19.7 999.0 99.0 99.00
2016 03 07 17 50  73  3.2  5.2  2.59 10.00  7.31  34 9999.0  16.3  19.8 999.0 99.0 99.00
2016 03 07 18 50  62  1.7  2.8  2.37 10.81  7.21  39 9999.0  16.4  19.9 999.0 99.0 99.00
2016 03 07 19 50  22  2.5  3.9  2.73 10.00  7.77  41 9999.0  16.5  20.0 999.0 99.0 99.00
2016 03 07 20 50  81  2.5  4.1  2.34 12.12  7.41  28 9999.0  16.4  20.0 999.0 99.0 99.00
2016 03 07 21 50  82  1.5  3.1  2.55 10.00  7.83  36 9999.0  16.6  20.0 999.0 99.0 99.00
2016 03 07 22 50  49  2.1  3.4  2.44 10.00  7.51  42 9999.0  16.4  19.9 999.0 99.0 99.00
2016 03 07 23 50  49  1.9  3.2  2.45 10.00  7.69  41 9999.0  16.4  19.7 999.0 99.0 99.00
2016 03 08 00 50  32  1.5  2.4  2.35 10.00  7.55  49 9999.0  16.4  19.6 999.0 99.0 99.00
2016 03 08 01 50 321  0.8  1.7  2.29 10.00  7.66  42 9999.0  16.5  19.6 999.0 99.0 99.00
2016 03 08 02 50 233  0.9  2.6  2.58  8.33  8.05  44 9999.0  16.5  19.5 999.0 99.0 99.00
2016 03 08 03 50 241  1.1  2.4  2.17  9.09  7.64  44 9999.0  16.4  19.5 999.0 99.0 99.00
2016 03 08 04 50 225  1.3  2.6  2.06  9.09  7.75  48 9999.0  16.4  19.5 999.0 99.0 99.00
2016 03 08 05 50 223  2.1  4.0  1.82  9.09  7.29  44 9999.0  16.5  19.4 999.0 99.0 99.00
2016 03 08 06 50 234  2.4  3.5  1.76  9.09  7.14  52 9999.0  16.6  19.4 999.0 99.0 99.00
2016 03 08 07 50 255  2.7  4.2  1.91 11.43  7.79  50 9999.0  16.7  19.4 999.0 99.0 99.00
2016 03 08 08 50 253  2.9  4.3  1.84 11.43  7.39  52 9999.0  16.8  19.4 999.0 99.0 99.00
2016 03 08 09 50 261  2.5  3.8  1.77 11.43  7.51  62 9999.0  17.0  19.4 999.0 99.0 99.00
2016 03 08 10 50 310  3.4  5.1  1.88 10.81  7.70  49 9999.0  17.5  19.5 999.0 99.0 99.00
2016 03 08 11 50 314  3.7  5.8  1.58 10.00  7.45  46 9999.0  17.7  19.8 999.0 99.0 99.00
2016 03 08 12 50 313  4.1  5.5  1.54 10.00  7.58  40 9999.0  17.9  20.1 999.0 99.0 99.00
2016 03 08 13 50 301  4.4  6.0  1.36  9.09  7.20  59 9999.0  18.0  20.3 999.0 99.0 99.00
2016 03 08 14 50 314  4.3  5.7  1.42 10.00  7.47  50 9999.0  18.4  20.6 999.0 99.0 99.00
2016 03 08 15 50 300  3.8  5.0  1.23 11.43  7.16  46 9999.0  18.5  20.8 999.0 99.0 99.00
2016 03 08 16 50 316  3.2  4.1  1.24 11.43  7.19  26 9999.0  18.8  21.1 999.0 99.0 99.00
2016 03 08 17 50 311  1.8  2.7  1.28 10.81  7.23  35 9999.0  18.9  21.4 999.0 99.0 99.00
2016 03 08 18 50 299  2.2  3.6  1.23 10.81  7.42  56 9999.0  19.0  21.7 999.0 99.0 99.00
2016 03 08 19 50 265  3.1  4.6  1.17  9.09  7.39  61 9999.0  19.0  21.8 999.0 99.0 99.00
2016 03 08 20 50 262  3.2  4.7  1.21 10.00  7.63  41 9999.0  19.1  21.7 999.0 99.0 99.00
2016 03 08 21 50 245  3.0  4.2  1.06 10.81  7.25  45 9999.0  19.1  21.7 999.0 99.0 99.00
2016 03 08 22 50 246  4.7  6.7  1.16 10.81  7.62  38 9999.0  18.8  21.5 999.0 99.0 99.00
2016 03 08 23 50 255  4.0  5.0  1.26  9.09  7.47  48 9999.0  18.8  21.1 999.0 99.0 99.00
2016 03 09 00 50 250  3.5  4.7  1.18 10.81  7.39  53 9999.0  18.7  20.7 999.0 99.0 99.00
2016 03 09 01 50 248  3.8  5.1  1.20 10.81  7.57  55 9999.0  18.8  20.5 999.0 99.0 99.00
2016 03 09 02 50 250  4.3  6.1  1.17 10.00  7.23  60 9999.0  18.8  20.4 999.0 99.0 99.00
2016 03 09 03 50 245  3.8  4.8  1.28 12.12  7.52  58 9999.0  18.8  20.3 999.0 99.0 99.00
2016 03 09 04 50 253  4.1  5.3  1.11 10.81  6.84  61 9999.0  18.9  20.2 999.0 99.0 99.00
2016 03 09 05 50 251  4.6  6.2  1.19 11.43  7.19  58 9999.0  18.8  20.2 999.0 99.0 99.00
2016 03 09 06 50 249  5.0  6.4  1.27 10.81  7.06  57 9999.0  18.7  20.2 999.0 99.0 99.00
2016 03 09 07 50 257  4.2  5.6  1.15 10.81  6.26  64 9999.0  18.6  20.1 999.0 99.0 99.00
2016 03 09 08 50 255  3.0  4.2  1.11 12.12  6.29  42 9999.0  18.5  20.0 999.0 99.0 99.00
2016 03 09 09 50 278  2.3  3.7  1.00 11.43  6.02  62 9999.0  18.5  20.0 999.0 99.0 99.00
2016 03 09 10 50 254  1.5  3.0  0.96 10.00  6.13  51 9999.0  18.4  19.9 999.0 99.0 99.00
2016 03 09 11 50 225  1.9  2.9  1.02 11.43  6.62  51 9999.0  18.5  19.8 999.0 99.0 99.00
2016 03 09 12 50 223  1.1  2.0  0.99 12.12  6.81  64 9999.0  18.8  20.1 999.0 99.0 99.00
2016 03 09 13 50 222  0.8  1.6  1.06 11.43  6.86  38 9999.0  19.0  20.1 999.0 99.0 99.00
2016 03 09 14 50 193  2.1  3.0  0.96 12.12  6.32  35 9999.0  18.7  20.4 999.0 99.0 99.00
2016 03 09 15 50 220  2.0  2.9  1.06 11.43  7.27  54 9999.0  18.7  20.6 999.0 99.0 99.00
2016 03 09 16 50 216  2.4  3.3  1.05 12.90  7.23  41 9999.0  18.8  20.9 999.0 99.0 99.00
2016 03 09 17 50 194  2.0  2.9  1.05 12.12  7.77  51 9999.0  18.7  21.0 999.0 99.0 99.00
2016 03 09 18 50 204  2.4  3.3  1.04 11.43  7.89  37 9999.0  18.8  21.0 999.0 99.0 99.00
2016 03 09 19 50 212  2.7  3.6  1.08 12.90  8.44  44 9999.0  18.8  20.9 999.0 99.0 99.00
2016 03 09 20 50 193  2.9  3.6  1.09 12.12  8.49  70 9999.0  18.8  20.8 999.0 99.0 99.00
2016 03 09 21 50 204  3.4  4.2  1.01 12.12  8.20  69 9999.0  18.8  20.8 999.0 99.0 99.00
2016 03 09 22 50 214  3.4  4.2  1.08 13.79  8.71  68 9999.0  18.7  20.5 999.0 99.0 99.00
2016 03 09 23 50 230  4.0  5.0  1.07 12.12  8.47  70 9999.0  18.6  20.4 999.0 99.0 99.00
2016 03 10 00 50 239  3.7  4.7  0.99 12.90  7.98  49 9999.0  18.6  20.2 999.0 99.0 99.00
2016 03 10 01 50 240  4.1  5.2  1.19 12.12  8.55  82 9999.0  18.6  20.1 999.0 99.0 99.00
2016 03 10 02 50 243  4.2  5.4  1.13 12.90  8.27  65 9999.0  18.7  20.0 999.0 99.0 99.00
2016 03 10 03 50 218  4.3  5.1  1.14 12.90  8.17  81 9999.0  18.6  19.9 999.0 99.0 99.00
2016 03 10 04 50 215  4.8  6.0  1.11 12.90  7.65  86 9999.0  18.5  19.9 999.0 99.0 99.00
2016 03 10 05 50 220  4.5  5.6  1.16 10.81  7.69  56 9999.0  18.5  19.8 999.0 99.0 99.00
2016 03 10 06 50 219  4.3  5.0  1.15 12.12  7.68  64 9999.0  18.4  19.7 999.0 99.0 99.00
2016 03 10 07 50 216  4.2  5.2  1.13 12.90  7.24  55 9999.0  18.5  19.7 999.0 99.0 99.00
2016 03 10 08 50 224  3.7  4.6  1.18 12.90  7.43  38 9999.0  18.3  19.7 999.0 99.0 99.00
2016 03 10 09 50 233  4.0  5.4  1.14 12.12  7.04  83 9999.0  18.4  19.7 999.0 99.0 99.00
2016 03 10 10 50 223  3.5  4.6  1.15 12.12  7.28  67 9999.0  18.5  19.7 999.0 99.0 99.00
2016 03 10 11 50 217  4.2  5.1  1.14 12.90  7.12  78 9999.0  18.6  19.6 999.0 99.0 99.00
2016 03 10 12 50 222  4.2  5.3  1.34 12.90  8.02  77 9999.0  18.6  19.6 999.0 99.0 99.00
2016 03 10 13 50 211  3.2  4.0  1.28 13.79  7.90  71 9999.0  18.6  19.7 999.0 99.0 99.00
2016 03 10 14 50 199  3.7  4.6  1.19 12.12  7.67  74 9999.0  18.6  19.8 999.0 99.0 99.00
2016 03 10 15 50 212  3.1  4.2  1.02 12.12  7.04  66 9999.0  18.6  20.0 999.0 99.0 99.00
2016 03 10 16 50 204  3.3  4.3  1.09 12.12  7.06  59 9999.0  18.7  20.1 999.0 99.0 99.00
2016 03 10 17 50 200  3.4  4.5  1.10 12.12  7.18  71 9999.0  18.8  20.2 999.0 99.0 99.00
2016 03 10 18 50 212  4.0  4.8  1.29 12.12  7.89  58 9999.0  18.9  20.3 999.0 99.0 99.00
2016 03 10 19 50 201  4.8  5.9  1.22 12.12  7.35  61 9999.0  19.1  20.3 999.0 99.0 99.00
2016 03 10 20 50 207  5.2  6.3  1.13 12.12  6.90  66 9999.0  19.3  20.3 999.0 99.0 99.00
2016 03 10 21 50 215  5.4  6.6  1.22 12.12  7.10  63 9999.0  19.4  20.2 999.0 99.0 99.00
2016 03 10 22 50 221  5.7  6.5  1.18 12.90  6.85  79 9999.0  19.3  20.1 999.0 99.0 99.00
2016 03 10 23 50 225  5.5  6.5  1.18 11.43  6.60  70 9999.0  19.3  20.0 999.0 99.0 99.00
2016 03 11 00 50 226  4.8  5.7  1.27 12.90  7.02  75 9999.0  19.2  19.9 999.0 99.0 99.00
2016 03 11 01 50 222  5.0  6.0  1.08 11.43  6.14  56 9999.0  19.2  19.9 999.0 99.0 99.00
2016 03 11 02 50 215  5.8  6.7  1.24 12.90  6.89  76 9999.0  19.1  19.8 999.0 99.0 99.00
2016 03 11 03 50 214  6.8  8.4  1.08 12.90  6.12  73 9999.0  19.1  19.8 999.0 99.0 99.00
2016 03 11 04 50 210  7.7  9.0  1.15 11.43  5.66  75 9999.0  19.0  19.7 999.0 99.0 99.00
2016 03 11 05 50 221  8.0  9.6  1.28 12.12  5.73  84 9999.0  19.0  19.7 999.0 99.0 99.00
2016 03 11 06 50 224  8.0  9.6  1.29 12.12  5.25 111 9999.0  19.1  19.7 999.0 99.0 99.00
2016 03 11 07 50 230  8.2  9.8  1.25 12.90  5.14  78 9999.0  19.2  19.7 999.0 99.0 99.00
2016 03 11 08 50 228  9.1 10.8  1.30 12.12  5.05  73 9999.0  19.3  19.6 999.0 99.0 99.00
2016 03 11 09 50 234  8.8 10.3  1.38 12.12  5.05 106 9999.0  19.4  19.6 999.0 99.0 99.00
2016 03 11 10 50 242  8.2 10.2  1.38 11.43  5.11  55 9999.0  19.6  19.6 999.0 99.0 99.00
2016 03 11 11 50 251  7.8 10.0  1.47 12.12  5.21  82 9999.0  19.8  19.6 999.0 99.0 99.00
2016 03 11 12 50 250  7.5  9.3  1.42  5.56  5.08 236 9999.0  20.1  19.6 999.0 99.0 99.00
2016 03 11 13 50 238  7.2  8.2  1.41  6.25  5.08 245 9999.0  20.1  19.6 999.0 99.0 99.00
2016 03 11 14 50 242  5.9  6.7  1.28  5.88  4.98 239 9999.0  20.2  19.7 999.0 99.0 99.00
2016 03 11 15 50 239  6.1  7.2  1.34  6.25  5.16 237 9999.0  20.2  19.8 999.0 99.0 99.00
2016 03 11 16 50 237  6.7  7.8  1.28  6.25  4.97 245 9999.0  20.4  20.3 999.0 99.0 99.00
2016 03 11 17 50 246  5.3  7.3  1.25  5.88  5.16 239 9999.0  20.6  20.4 999.0 99.0 99.00
2016 03 11 18 50 248  5.7  6.5  1.21  6.25  4.98 241 9999.0  20.8  20.5 999.0 99.0 99.00
2016 03 11 19 50 235  5.4  6.4  1.14  6.67  4.92 227 9999.0  20.5  20.5 999.0 99.0 99.00
2016 03 11 20 50 262  5.1  6.2  1.21  5.88  5.28 241 9999.0  21.0  20.5 999.0 99.0 99.00
2016 03 11 21 50 272  6.0  7.1  1.04  6.25  4.93 243 9999.0  21.3  20.6 999.0 99.0 99.00
2016 03 11 22 50 275  5.8  6.9  1.08 12.12  4.97  57 9999.0  20.9  20.7 999.0 99.0 99.00
2016 03 11 23 50 261  4.7  5.6  1.06  5.88  5.02 236 9999.0  20.9  20.5 999.0 99.0 99.00
2016 03 12 00 50 261  4.6  5.6  0.99  6.25  5.14 224 9999.0  20.9  20.5 999.0 99.0 99.00
2016 03 12 01 50 248  4.2  5.0  0.99  6.25  5.11 251 9999.0  20.8  20.4 999.0 99.0 99.00
2016 03 12 02 50 250  3.9  4.5  0.95  7.14  5.19 254 9999.0  20.8  20.3 999.0 99.0 99.00
2016 03 12 03 50 231  2.8  3.4  0.97  5.00  5.16 244 9999.0  20.2  20.1 999.0 99.0 99.00
2016 03 12 04 50 224  2.9  3.8  0.94  6.67  5.14 243 9999.0  20.0  20.0 999.0 99.0 99.00
2016 03 12 05 50 234  4.8  5.4  0.91  6.67  5.19 224 9999.0  19.9  19.9 999.0 99.0 99.00
2016 03 12 06 50 225  4.4  5.0  0.88  6.67  5.00 230 9999.0  19.8  19.9 999.0 99.0 99.00
2016 03 12 07 50 224  4.6  5.3  0.89  5.88  4.84 225 9999.0  19.8  19.8 999.0 99.0 99.00
2016 03 12 08 50 233  3.8  4.7  0.92  6.67  4.93 240 9999.0  19.7  19.7 999.0 99.0 99.00
2016 03 12 09 50 230  3.4  4.1  0.87  5.88  5.03 276 9999.0  19.7  19.7 999.0 99.0 99.00
2016 03 12 10 50 224  4.2  4.9  0.84  6.67  4.93 274 9999.0  19.7  20.1 999.0 99.0 99.00
2016 03 12 11 50 224  4.3  4.9  0.88  6.25  5.18 261 9999.0  19.8  20.2 999.0 99.0 99.00
2016 03 12 12 50 226  4.5  5.0  0.82  6.25  5.04 255 9999.0  19.8  20.2 999.0 99.0 99.00
2016 03 12 13 50 236  4.1  4.6  0.78  6.25  5.15 245 9999.0  19.9  20.3 999.0 99.0 99.00
2016 03 12 14 50 236  4.4  5.0  0.75  6.25  5.03 209 9999.0  19.9  20.4 999.0 99.0 99.00
2016 03 12 15 50 227  4.1  4.9  0.74  6.25  5.12 218 9999.0  20.0  20.5 999.0 99.0 99.00
2016 03 12 16 50 218  4.4  5.0  0.73  5.88  5.09 244 9999.0  20.0  20.5 999.0 99.0 99.00
2016 03 12 17 50 227  4.5  5.3  0.78  6.25  5.23 213 9999.0  20.2  20.6 999.0 99.0 99.00
2016 03 12 18 50 231  4.4  5.0  0.78  6.25  5.29 211 9999.0  20.3  20.6 999.0 99.0 99.00
2016 03 12 19 50 223  4.5  5.4  0.76  5.56  5.07 207 9999.0  20.4  20.8 999.0 99.0 99.00
2016 03 12 20 50 222  4.4  5.1  0.74  7.14  5.04 193 9999.0  20.2  20.8 999.0 99.0 99.00
2016 03 12 21 50 218  4.4  5.1  0.73  9.09  5.15 122 9999.0  20.1  20.8 999.0 99.0 99.00
2016 03 12 22 50 210  4.4  5.2  0.68  5.56  4.92 238 9999.0  20.0  20.6 999.0 99.0 99.00
2016 03 12 23 50 227  4.7  5.4  0.70  5.56  4.99 231 9999.0  20.0  20.6 999.0 99.0 99.00
2016 03 13 00 50 229  5.4  6.3  0.72  6.67  4.81 168 9999.0  19.9  20.2 999.0 99.0 99.00
2016 03 13 01 50 222  5.3  6.1  0.68  7.14  4.58 196 9999.0  19.9  20.1 999.0 99.0 99.00
2016 03 13 02 50 230  5.8  6.9  0.68  8.33  4.58 166 9999.0  19.9  20.1 999.0 99.0 99.00
2016 03 13 03 50 234  5.7  6.7  0.71  8.33  4.35 141 9999.0  19.8  20.1 999.0 99.0 99.00
2016 03 13 04 50 239  4.8  5.7  0.79  7.14  4.48 174 9999.0  19.8  20.0 999.0 99.0 99.00
2016 03 13 05 50 224  4.4  5.2  0.76  7.69  4.70 162 9999.0  19.7  20.0 999.0 99.0 99.00
2016 03 13 06 50 216  4.1  5.1  0.78  7.14  4.73 164 9999.0  19.7  19.9 999.0 99.0 99.00
2016 03 13 07 50 219  5.2  6.0  0.78  7.69  4.82 167 9999.0  19.7  19.9 999.0 99.0 99.00
2016 03 13 08 50 217  5.7  6.4  0.81  7.69  4.80 160 9999.0  19.7  19.9 999.0 99.0 99.00
2016 03 13 09 50 218  5.3  6.1  0.83  7.69  4.61 173 9999.0  19.7  19.9 999.0 99.0 99.00
2016 03 13 10 50 228  5.3  6.2  0.94  5.88  4.94 155 9999.0  19.7  19.8 999.0 99.0 99.00
2016 03 13 11 50 227  5.5  6.2  0.84  7.14  4.65 167 9999.0  19.8  20.1 999.0 99.0 99.00
2016 03 13 12 50 225  5.6  6.3  0.84  5.88  4.72 203 9999.0  19.9  20.4 999.0 99.0 99.00
2016 03 13 13 50 224  6.8  7.7  0.85  6.67  4.73 129 9999.0  20.1  20.6 999.0 99.0 99.00
2016 03 13 14 50 225  7.1  8.2  0.84  7.14  4.34 167 9999.0  20.2  20.6 999.0 99.0 99.00
2016 03 13 15 50 228  7.1  8.3  0.91  6.25  4.39 179 9999.0  20.3  20.7 999.0 99.0 99.00
2016 03 13 16 50 227  7.7  8.7  0.90  7.69  4.25 171 9999.0  20.4  20.9 999.0 99.0 99.00
2016 03 13 17 50 225  7.5  8.5  0.99  5.00  4.39 231 9999.0  20.5  21.0 999.0 99.0 99.00
2016 03 13 18 50 220  7.3  8.7  0.96  6.25  4.33 202 9999.0  20.6  21.0 999.0 99.0 99.00
2016 03 13 19 50 221  6.6  7.9  0.99  4.76  4.33 230 9999.0  20.7  21.0 999.0 99.0 99.00
2016 03 13 20 50 228  6.4  7.3  1.00  5.56  4.45 248 9999.0  20.6  21.2 999.0 99.0 99.00
2016 03 13 21 50 235  6.4  8.0  1.00  5.00  4.44 245 9999.0  20.7  21.3 999.0 99.0 99.00
2016 03 13 22 50 234  6.9  8.0  1.03  5.26  4.58 259 9999.0  20.6  21.3 999.0 99.0 99.00
2016 03 13 23 50 227  6.0  6.9  1.07  4.76  4.48 230 9999.0  20.5  21.3 999.0 99.0 99.00
2016 03 14 00 50 221  6.0  6.8  1.01  5.88  4.67 251 9999.0  20.5  21.3 999.0 99.0 99.00
2016 03 14 01 50 226  6.1  7.1  1.05  5.26  4.81 262 9999.0  20.6  21.3 999.0 99.0 99.00
2016 03 14 02 50 225  6.4  7.5  1.03  5.56  4.70 255 9999.0  20.6  21.3 999.0 99.0 99.00
2016 03 14 03 50 220  6.2  7.3  1.06  6.67  4.73 251 9999.0  20.6  21.3 999.0 99.0 99.00
2016 03 14 04 50 216  6.3  7.5  1.06  6.25  4.88 256 9999.0  20.6  21.3 999.0 99.0 99.00
2016 03 14 05 50 216  5.9  6.8  1.10  6.25  4.82 258 9999.0  20.6  21.3 999.0 99.0 99.00
2016 03 14 06 50 212  6.6  7.8  1.10  6.67  4.95 265 9999.0  20.5  21.2 999.0 99.0 99.00
2016 03 14 07 50 214  5.9  6.9  1.05  5.88  4.88 255 9999.0  20.5  21.2 999.0 99.0 99.00
2016 03 14 08 50 197  6.5  7.3  1.10  5.88  4.84 255 9999.0  20.5  21.2 999.0 99.0 99.00
2016 03 14 09 50 205  8.4 10.3  1.09  6.67  4.90 273 9999.0  20.5  21.3 999.0 99.0 99.00
2016 03 14 10 50 213  7.6  9.3  1.09  5.56  4.54 242 9999.0  20.5  21.3 999.0 99.0 99.00
2016 03 14 11 50 210  7.9  9.4  1.16  6.25  4.55 257 9999.0  20.6  21.3 999.0 99.0 99.00
2016 03 14 12 50 219  8.6  9.9  1.23  5.88  4.70 258 9999.0  20.7  21.3 999.0 99.0 99.00
2016 03 14 13 50 208  8.4 10.0  1.22  5.88  4.55 263 9999.0  20.7  21.4 999.0 99.0 99.00
2016 03 14 14 50 213  9.1 10.4  1.32  6.25  4.74 237 9999.0  20.8  21.4 999.0 99.0 99.00
2016 03 14 15 50 217  9.6 11.0  1.39  6.25  4.61 249 9999.0  21.0  21.4 999.0 99.0 99.00
2016 03 14 16 50 218  9.3 11.3  1.44  6.25  4.69 261 9999.0  21.0  21.5 999.0 99.0 99.00
2016 03 14 17 50 223  8.5 10.8  1.48  5.56  4.76 238 9999.0  21.1  21.5 999.0 99.0 99.00
2016 03 14 18 50 225  9.4 11.4  1.60  5.00  4.70 219 9999.0  21.1  21.5 999.0 99.0 99.00
2016 03 14 19 50 226  9.1 10.7  1.59  5.88  4.82 235 9999.0  21.0  21.4 999.0 99.0 99.00
2016 03 14 20 50 223  9.6 11.8  1.66  6.67  4.99 254 9999.0  20.9  21.4 999.0 99.0 99.00
2016 03 14 21 50 239  9.6 11.3  1.70  6.25  4.85 250 9999.0  20.8  21.4 999.0 99.0 99.00
2016 03 14 22 50 236  7.7  9.5  1.65  6.25  4.83 256 9999.0  20.5  21.4 999.0 99.0 99.00
2016 03 14 23 50 248  7.8  9.4  1.61  6.67  5.02 260 9999.0  20.7  21.5 999.0 99.0 99.00
2016 03 15 00 50 247  8.1  9.6  1.48  5.88  5.03 254 9999.0  21.1  21.5 999.0 99.0 99.00
2016 03 15 01 50 239  7.1  8.5  1.55  6.67  5.08 256 9999.0  21.0  21.5 999.0 99.0 99.00
2016 03 15 02 50 226  6.7  7.9  1.41  6.67  5.16 244 9999.0  20.9  21.6 999.0 99.0 99.00
2016 03 15 03 50 239  7.5  8.9  1.43  6.67  5.27 260 9999.0  21.1  21.9 999.0 99.0 99.00
2016 03 15 04 50 239  8.0  9.6  1.25  6.67  5.05 257 9999.0  21.2  22.0 999.0 99.0 99.00
2016 03 15 05 50 244  7.7  9.3  1.43  6.67  5.17 261 9999.0  21.1  21.9 999.0 99.0 99.00
2016 03 15 06 50 243  7.9 10.0  1.31  7.14  4.90 261 9999.0  21.2  21.9 999.0 99.0 99.00
2016 03 15 07 50 240  8.5 10.6  1.33  6.67  5.03 253 9999.0  21.3  21.9 999.0 99.0 99.00
2016 03 15 08 50 241  8.1  9.5  1.41  6.67  5.08 271 9999.0  21.4  21.8 999.0 99.0 99.00
2016 03 15 09 50 237  7.4  8.8  1.43  6.67  5.09 254 9999.0  21.4  21.8 999.0 99.0 99.00
2016 03 15 10 50 291  9.7 12.8  1.42  6.67  5.17 253 9999.0  19.0  21.8 999.0 99.0 99.00
2016 03 15 11 50 255  6.0  7.0  1.58  6.67  5.24 263 9999.0  21.1  21.7 999.0 99.0 99.00
2016 03 15 12 50 251  5.7  6.5  1.50  7.14  5.34 264 9999.0  21.1  21.7 999.0 99.0 99.00
2016 03 15 13 50 249  7.3  8.9  1.54  6.67  5.41 255 9999.0  21.7  21.7 999.0 99.0 99.00
2016 03 15 14 50 264  9.4 11.2  1.49  6.25  5.24 242 9999.0  22.3  21.8 999.0 99.0 99.00
2016 03 15 15 50 270  7.9  9.9  1.69  6.67  5.46 245 9999.0  22.1  21.9 999.0 99.0 99.00
2016 03 15 16 50 275  8.1  9.7  1.64  7.14  5.21 247 9999.0  22.1  21.9 999.0 99.0 99.00
2016 03 15 17 50 276  8.3 10.0  1.56  6.25  5.12 233 9999.0  22.1  22.0 999.0 99.0 99.00
2016 03 15 18 50 282  7.9  9.5  1.70  6.67  5.17 260 9999.0  22.2  22.0 999.0 99.0 99.00
2016 03 15 19 50 279  7.2  8.7  1.71  6.25  5.43 244 9999.0  22.2  22.1 999.0 99.0 99.00
2016 03 15 20 50 278  7.3  8.7  1.74  7.69  5.61 269 9999.0  22.2  22.0 999.0 99.0 99.00
2016 03 15 21 50 296  7.8  9.6  1.89  7.69  5.64 275 9999.0  22.1  22.0 999.0 99.0 99.00
2016 03 15 22 50 299  7.4  8.4  1.83  7.69  5.60 271 9999.0  21.8  21.9 999.0 99.0 99.00
2016 03 15 23 50 303  7.2  8.6  1.83  7.69  5.67 273 9999.0  21.7  21.9 999.0 99.0 99.00
2016 03 16 00 50 300  7.5  8.9  1.73  8.33  5.50 274 9999.0  21.7  21.8 999.0 99.0 99.00
2016 03 16 01 50 295  7.4  9.2  1.94  8.33  6.01 264 9999.0  21.7  21.8 999.0 99.0 99.00
2016 03 16 02 50 300  6.8  8.1  1.82  7.69  5.66 261 9999.0  21.6  21.8 999.0 99.0 99.00
2016 03 16 03 50 305  5.6  6.5  1.62  7.69  5.55 255 9999.0  21.5  21.7 999.0 99.0 99.00
2016 03 16 04 50 310  4.9  5.8  1.80  7.69  5.98 264 9999.0  21.5  21.7 999.0 99.0 99.00
2016 03 16 05 50 307  4.2  4.8  1.62  7.69  5.90 268 9999.0  21.4  21.7 999.0 99.0 99.00
2016 03 16 06 50 291  4.0  5.1  1.47  8.33  5.89 277 9999.0  21.3  21.6 999.0 99.0 99.00
2016 03 16 07 50 278  4.6  5.3  1.47  7.14  5.92 267 9999.0  21.3  21.6 999.0 99.0 99.00
2016 03 16 08 50 265  4.1  5.0  1.50  7.69  6.13 261 9999.0  21.2  21.6 999.0 99.0 99.00
2016 03 16 09 50 256  4.6  5.4  1.46  7.69  6.26 253 9999.0  21.2  21.6 999.0 99.0 99.00
2016 03 16 10 50 253  4.8  5.7  1.50  7.14  6.02 255 9999.0  21.3  21.6 999.0 99.0 99.00
2016 03 16 11 50 257  5.2  6.5  1.44 12.12  6.02  78 9999.0  21.4  21.6 999.0 99.0 99.00
2016 03 16 12 50 255  5.5  6.6  1.49  6.67  5.98 244 9999.0  21.4  21.6 999.0 99.0 99.00
2016 03 16 13 50 244  5.2  6.4  1.37  6.67  6.06 249 9999.0  21.1  21.6 999.0 99.0 99.00
2016 03 16 14 50 239  5.0  5.9  1.38  7.14  5.91 248 9999.0  21.2  21.7 999.0 99.0 99.00
2016 03 16 15 50 238  6.0  7.1  1.40 10.81  5.91  36 9999.0  21.0  21.8 999.0 99.0 99.00
2016 03 16 16 50 234  6.8  8.3  1.40 10.81  6.00  36 9999.0  21.1  21.8 999.0 99.0 99.00
2016 03 16 17 50 236  6.9  8.1  1.36 10.81  5.64  49 9999.0  21.3  21.8 999.0 99.0 99.00
2016 03 16 18 50 240  6.6  7.9  1.32 10.00  5.74  38 9999.0  21.4  21.8 999.0 99.0 99.00
2016 03 16 19 50 245  7.1  8.9  1.25 12.12  5.45  50 9999.0  21.5  21.9 999.0 99.0 99.00
2016 03 16 20 50 248  6.1  7.5  1.33 12.12  5.70  44 9999.0  21.6  22.0 999.0 99.0 99.00
2016 03 16 21 50 250  5.3  6.5  1.32 11.43  5.72  45 9999.0  21.9  22.0 999.0 99.0 99.00
2016 03 16 22 50 248  4.8  6.0  1.23  9.09  5.34  21 9999.0  21.6  22.0 999.0 99.0 99.00
2016 03 16 23 50 260  7.5  8.5  1.27 11.43  5.51  26 9999.0  21.7  22.0 999.0 99.0 99.00
2016 03 17 00 50 235  6.1  7.3  1.28 10.81  5.05  14 9999.0  21.3  21.9 999.0 99.0 99.00
2016 03 17 01 50 247  7.7  9.0  1.26  9.09  5.22  30 9999.0  21.0  21.9 999.0 99.0 99.00
2016 03 17 02 50 251  8.5  9.9  1.32 10.00  5.20  32 9999.0  21.0  21.8 999.0 99.0 99.00
2016 03 17 03 50 256  9.2 11.9  1.36 10.00  4.92  25 9999.0  21.2  21.7 999.0 99.0 99.00
2016 03 17 04 50 254  9.7 11.7  1.45 11.43  5.00  36 9999.0  21.3  21.6 999.0 99.0 99.00
2016 03 17 05 50 260  9.7 11.4  1.52  5.56  4.65 265 9999.0  21.3  21.6 999.0 99.0 99.00
2016 03 17 06 50 253  8.6 10.9  1.51  5.56  4.95 259 9999.0  21.2  21.6 999.0 99.0 99.00
2016 03 17 07 50 247  8.4  9.9  1.54 16.00  5.28 286 9999.0  20.9  21.6 999.0 99.0 99.00
2016 03 17 08 50 245  8.2  9.4  1.58  6.67  5.35 276 9999.0  20.8  21.5 999.0 99.0 99.00
2016 03 17 09 50 253  8.9 10.9  1.53 14.81  5.35  40 9999.0  20.9  21.5 999.0 99.0 99.00
2016 03 17 10 50 252  8.5 10.4  1.52 11.43  5.49  33 9999.0  21.2  21.5 999.0 99.0 99.00
2016 03 17 11 50 247  8.4  9.8  1.53 16.00  5.43 357 9999.0  21.1  21.5 999.0 99.0 99.00
2016 03 17 12 50 255  7.1  8.4  1.61 14.81  5.71  45 9999.0  21.4  21.5 999.0 99.0 99.00
2016 03 17 13 50 253  6.8  8.1  1.58 14.81  5.79  69 9999.0  21.7  21.5 999.0 99.0 99.00
2016 03 17 14 50 261  7.2  8.7  1.70 13.79  6.13  19 9999.0  21.8  21.5 999.0 99.0 99.00
2016 03 17 15 50 256  7.3  8.6  1.78 13.79  6.34  31 9999.0  21.8  21.6 999.0 99.0 99.00
2016 03 17 16 50 256  6.8  8.4  1.75 14.81  6.27  12 9999.0  21.7  21.7 999.0 99.0 99.00
2016 03 17 17 50 254  6.3  7.6  1.78 13.79  6.33  30 9999.0  21.7  21.8 999.0 99.0 99.00
2016 03 17 18 50 260  5.9  7.1  1.87 13.79  6.96  29 9999.0  21.7  21.8 999.0 99.0 99.00
2016 03 17 19 50 254  5.4  6.5  2.00 13.79  7.40  49 9999.0  21.5  21.7 999.0 99.0 99.00
2016 03 17 20 50 262  5.5  6.6  1.81 13.79  7.21  43 9999.0  21.6  21.6 999.0 99.0 99.00
2016 03 17 21 50 254  4.4  5.5  1.91 14.81  7.56  60 9999.0  21.5  21.5 999.0 99.0 99.00
2016 03 17 22 50 257  4.6  6.2  2.13 14.81  8.35  35 9999.0  21.6  21.4 999.0 99.0 99.00
2016 03 17 23 50 264  3.9  5.1  2.04 16.00  8.76  44 9999.0  21.4  21.4 999.0 99.0 99.00
2016 03 18 00 50 261  4.1  5.3  2.00 16.00  9.05  52 9999.0  21.4  21.4 999.0 99.0 99.00
2016 03 18 01 50 256  5.1  6.2  1.87 14.81  8.89  35 9999.0  21.4  21.4 999.0 99.0 99.00
2016 03 18 02 50 247  5.6  7.2  1.87 14.81  8.72  40 9999.0  21.4  21.8 999.0 99.0 99.00
2016 03 18 03 50 245  5.2  6.5  1.57 14.81  7.90  50 9999.0  21.4  22.0 999.0 99.0 99.00
2016 03 18 04 50 255  5.1  6.4  1.97 16.00  8.90  48 9999.0  21.4  22.0 999.0 99.0 99.00
2016 03 18 05 50 254  6.0  7.3  1.88 16.00  8.64  47 9999.0  21.4  22.0 999.0 99.0 99.00
2016 03 18 06 50 241  5.9  7.3  1.99 16.00  8.77  61 9999.0  21.3  22.0 999.0 99.0 99.00
2016 03 18 07 50 249  6.8  8.3  1.89 14.81  8.08  59 9999.0  21.4  22.0 999.0 99.0 99.00
2016 03 18 08 50 251  6.4  7.8  2.06 16.00  8.80  48 9999.0  21.5  21.9 999.0 99.0 99.00
2016 03 18 09 50 290  2.8  3.8  1.94 16.00  8.05  35 9999.0  19.8  21.8 999.0 99.0 99.00
2016 03 18 10 50 268  3.7  4.9  1.79 14.81  7.41  15 9999.0  21.0  21.8 999.0 99.0 99.00
2016 03 18 11 50 280  5.8 12.0  1.83 14.81  7.61  43 9999.0  21.1  21.9 999.0 99.0 99.00
2016 03 18 12 50 303 10.6 12.2  1.85 14.81  7.21  10 9999.0  19.2  21.9 999.0 99.0 99.00
2016 03 18 13 50 334  7.1  8.5  1.80 14.81  7.16  12 9999.0  19.5  21.8 999.0 99.0 99.00
2016 03 18 14 50 322  5.9  6.9  1.75 16.00  6.95  18 9999.0  20.2  21.8 999.0 99.0 99.00
2016 03 18 15 50 318  6.0  7.2  1.93 16.00  7.17  19 9999.0  20.0  21.9 999.0 99.0 99.00
2016 03 18 16 50 278  4.7  5.8  1.76 14.81  6.97  45 9999.0  19.4  22.0 999.0 99.0 99.00
2016 03 18 17 50 279  3.2  4.3  2.04 16.00  7.73  45 9999.0  19.8  22.0 999.0 99.0 99.00
2016 03 18 18 50 267  4.3  5.4  1.79 14.81  7.48  24 9999.0  20.0  22.1 999.0 99.0 99.00
2016 03 18 19 50 256  4.6  5.9  1.89 16.00  7.36  45 9999.0  20.2  22.3 999.0 99.0 99.00
2016 03 18 20 50 254  4.9  6.1  1.75 16.00  7.45  29 9999.0  20.0  22.3 999.0 99.0 99.00
2016 03 18 21 50 261  5.7  7.0  1.76 16.00  7.20  19 9999.0  20.3  22.3 999.0 99.0 99.00
2016 03 18 22 50 261  5.5  6.9  1.72 13.79  7.10  30 9999.0  20.5  22.2 999.0 99.0 99.00
2016 03 18 23 50 267  5.4  6.9  1.69 14.81  7.00  26 9999.0  20.6  22.1 999.0 99.0 99.00
2016 03 19 00 50 269  4.3  5.4  1.70 16.00  6.90  38 9999.0  20.7  22.0 999.0 99.0 99.00
2016 03 19 01 50 272  4.1  5.5  1.63 14.81  6.93  45 9999.0  20.9  22.0 999.0 99.0 99.00
2016 03 19 02 50 255  3.9  5.1  1.69 14.81  7.50  48 9999.0  20.6  22.0 999.0 99.0 99.00
2016 03 19 03 50 249  3.3  4.3  1.58 16.00  7.28  31 9999.0  20.5  22.0 999.0 99.0 99.00
2016 03 19 04 50 254  3.2  4.4  1.61 14.81  7.77  32 9999.0  20.4  22.0 999.0 99.0 99.00
2016 03 19 05 50 253  3.5  4.6  1.70 14.81  8.02  38 9999.0  20.4  21.9 999.0 99.0 99.00
2016 03 19 06 50 245  3.3  4.5  1.72 14.81  7.72  48 9999.0  20.3  21.9 999.0 99.0 99.00
2016 03 19 07 50 224  2.7  3.5  1.64 14.81  7.30  59 9999.0  20.2  21.9 999.0 99.0 99.00
2016 03 19 08 50 213  2.2  3.1  1.52 13.79  7.05  50 9999.0  20.3  21.8 999.0 99.0 99.00
2016 03 19 09 50 185  3.1  3.9  1.70 14.81  7.40  43 9999.0  20.3  21.9 999.0 99.0 99.00
2016 03 19 10 50 180  3.8  5.2  1.53 14.81  6.83  31 9999.0  20.4  21.9 999.0 99.0 99.00
2016 03 19 11 50 155  4.1  5.2  1.59 14.81  7.18  41 9999.0  20.5  21.9 999.0 99.0 99.00
2016 03 19 12 50 163  5.2  6.0  1.42 14.81  6.92  52 9999.0  20.5  21.9 999.0 99.0 99.00
2016 03 19 13 50 176  6.5  7.7  1.49 14.81  6.97  37 9999.0  20.7  21.9 999.0 99.0 99.00
2016 03 19 14 50 171  6.4  7.5  1.38 14.81  6.64  34 9999.0  20.7  21.9 999.0 99.0 99.00
2016 03 19 15 50 183  7.0  8.4  1.33 14.81  6.43  47 9999.0  20.8  21.9 999.0 99.0 99.00
2016 03 19 16 50 193  6.0  7.2  1.36 14.81  6.13  41 9999.0  20.3  21.9 999.0 99.0 99.00
2016 03 19 17 50 160  6.3  8.6  1.34 13.79  6.22  52 9999.0  19.5  21.9 999.0 99.0 99.00
2016 03 19 18 50 196  6.1  7.2  1.36 14.81  6.34  63 9999.0  20.6  22.0 999.0 99.0 99.00
2016 03 19 19 50 219  5.4  6.4  1.36 13.79  6.65  63 9999.0  20.9  22.1 999.0 99.0 99.00
2016 03 19 20 50 243  5.6  7.0  1.22 13.79  6.12  72 9999.0  21.1  22.2 999.0 99.0 99.00
2016 03 19 21 50 236  5.2  6.3  1.21 13.79  5.98  53 9999.0  21.1  22.2 999.0 99.0 99.00
2016 03 19 22 50 229  4.4  5.3  1.30 13.79  6.55  60 9999.0  21.1  22.2 999.0 99.0 99.00
2016 03 19 23 50 211  6.3  7.3  1.19 13.79  6.33  52 9999.0  21.2  22.2 999.0 99.0 99.00
2016 03 20 00 50 214  6.9  8.1  1.18 13.79  5.87  66 9999.0  21.4  22.2 999.0 99.0 99.00
2016 03 20 01 50 218  6.3  7.7  1.13 13.79  5.86  64 9999.0  21.5  22.2 999.0 99.0 99.00
2016 03 20 02 50 217  7.1  8.8  1.08 13.79  5.24  47 9999.0  21.7  22.2 999.0 99.0 99.00
2016 03 20 03 50 225  8.3 10.2  1.06 13.79  5.09  48 9999.0  21.8  22.3 999.0 99.0 99.00
2016 03 20 04 50 228  8.5 10.2  1.23 13.79  5.24  39 9999.0  21.8  22.3 999.0 99.0 99.00
2016 03 20 05 50 263  9.7 12.9  1.27 13.79  4.82  69 9999.0  21.5  22.3 999.0 99.0 99.00
2016 03 20 06 50 291  6.3  7.6  1.28  5.00  4.80 225 9999.0  20.3  22.3 999.0 99.0 99.00
2016 03 20 07 50 249  6.1  8.1  1.16 13.79  5.27  61 9999.0  20.5  22.3 999.0 99.0 99.00
2016 03 20 08 50 259  5.6  6.6  1.19  5.00  5.14 211 9999.0  20.0  22.2 999.0 99.0 99.00
2016 03 20 09 50 251  4.5  5.6  1.16  5.26  5.11 203 9999.0  20.3  22.2 999.0 99.0 99.00
2016 03 20 10 50 238  4.2  5.0  1.07 13.79  4.93  82 9999.0  20.5  22.3 999.0 99.0 99.00
2016 03 20 11 50 275  2.1  2.6  1.00 12.90  5.11  78 9999.0  20.6  22.3 999.0 99.0 99.00
2016 03 20 12 50 253  1.9  2.8  1.05  5.26  5.16 221 9999.0  20.9  22.4 999.0 99.0 99.00
2016 03 20 13 50 274  3.0  3.6  1.06  5.26  5.43 215 9999.0  21.2  22.4 999.0 99.0 99.00
2016 03 20 14 50 282  3.3  4.2  1.02  5.00  5.18 219 9999.0  20.4  22.5 999.0 99.0 99.00
2016 03 20 15 50 279  2.6  3.2  1.13  5.26  5.45 210 9999.0  20.9  22.6 999.0 99.0 99.00
2016 03 20 16 50 253  3.3  4.6  0.97  5.26  5.27 202 9999.0  21.2  22.7 999.0 99.0 99.00
2016 03 20 17 50 265  4.2  5.0  1.10 12.12  5.63  69 9999.0  21.2  22.7 999.0 99.0 99.00
2016 03 20 18 50 249  5.1  6.4  1.27  7.14  5.65 235 9999.0  21.2  22.6 999.0 99.0 99.00
2016 03 20 19 50 244  5.4  6.3  1.39  6.67  5.51 232 9999.0  21.3  22.6 999.0 99.0 99.00
2016 03 20 20 50 247  7.0  9.5  1.41  6.67  5.58 234 9999.0  21.5  22.7 999.0 99.0 99.00
2016 03 20 21 50 250  8.9 10.5  1.54  6.67  5.46 232 9999.0  21.6  22.6 999.0 99.0 99.00
2016 03 20 22 50 250  8.9 10.6  1.67  6.25  5.51 231 9999.0  21.4  22.5 999.0 99.0 99.00
2016 03 20 23 50 246  8.9 10.7  1.70  6.67  5.50 219 9999.0  21.3  22.4 999.0 99.0 99.00
2016 03 21 00 50 244  8.9 10.8  1.69  6.67  5.55 213 9999.0  21.3  22.3 999.0 99.0 99.00
2016 03 21 01 50 250  9.3 10.8  1.76  7.14  5.64 223 9999.0  21.3  22.3 999.0 99.0 99.00
2016 03 21 02 50 252  9.1 11.7  1.96  6.67  5.67 214 9999.0  21.4  22.2 999.0 99.0 99.00
2016 03 21 03 50 259  8.9 11.0  2.01  6.25  5.70 214 9999.0  21.4  22.3 999.0 99.0 99.00
2016 03 21 04 50 259  9.5 11.2  2.01 12.12  5.90 358 9999.0  21.5  22.2 999.0 99.0 99.00
2016 03 21 05 50 259  7.8  9.6  1.90  6.67  5.89 210 9999.0  21.3  22.2 999.0 99.0 99.00
2016 03 21 06 50 281  8.2 10.1  2.02  6.67  5.94 225 9999.0  21.2  22.1 999.0 99.0 99.00
2016 03 21 07 50 332 11.2 13.1  1.66  6.25  5.40 201 9999.0  19.4  22.0 999.0 99.0 99.00
2016 03 21 08 50 336  9.4 11.6  1.92  6.67  5.10 198 9999.0  19.2  22.0 999.0 99.0 99.00
2016 03 21 09 50 327  9.4 10.8  1.84  6.67  5.14 195 9999.0  19.2  22.1 999.0 99.0 99.00
2016 03 21 10 50 325 12.1 14.7  2.00  5.88  5.10 265 9999.0  17.9  22.2 999.0 99.0 99.00
2016 03 21 11 50 330 11.3 13.6  2.18  5.88  5.26 300 9999.0  17.6  22.2 999.0 99.0 99.00
2016 03 21 12 50 327 11.4 13.5  2.46  6.25  5.45 305 9999.0  16.7  22.3 999.0 99.0 99.00
2016 03 21 13 50 326 11.3 14.0  2.71  6.25  5.90 314 9999.0  16.6  22.3 999.0 99.0 99.00
2016 03 21 14 50 324 12.2 15.2  2.56  7.14  5.77 303 9999.0  15.9  22.3 999.0 99.0 99.00
2016 03 21 15 50 313 10.4 13.6  2.72  7.14  5.88 329 9999.0  16.2  22.2 999.0 99.0 99.00
2016 03 21 16 50 325 13.4 16.2  2.75  7.14  5.86 322 9999.0  14.9  22.2 999.0 99.0 99.00
2016 03 21 17 50 327 13.8 17.5  2.95  7.69  5.96 323 9999.0  15.2  22.1 999.0 99.0 99.00
2016 03 21 18 50 331 13.3 16.9  3.35  7.69  6.23 327 9999.0  15.0  22.0 999.0 99.0 99.00
2016 03 21 19 50 331 12.2 15.4  3.06  7.14  6.01 343 9999.0  14.6  21.8 999.0 99.0 99.00
2016 03 21 20 50 335 11.0 13.7  3.36  7.69  6.53 325 9999.0  14.4  21.7 999.0 99.0 99.00
2016 03 21 21 50 327 10.0 12.9  3.12  7.69  6.41 335 9999.0  14.4  21.6 999.0 99.0 99.00
2016 03 21 22 50 325  9.5 11.5  3.21  9.09  6.63 331 9999.0  14.4  21.5 999.0 99.0 99.00
2016 03 21 23 50 327  9.4 12.8  2.91  8.33  6.54 341 9999.0  14.6  21.4 999.0 99.0 99.00
2016 03 22 00 50 331  7.9 10.3  2.80  9.09  6.60 338 9999.0  14.6  21.3 999.0 99.0 99.00
2016 03 22 01 50 340  8.3 10.9  2.54  8.33  6.29 328 9999.0  14.6  21.4 999.0 99.0 99.00
2016 03 22 02 50 338  8.4 11.0  2.67  8.33  6.24 344 9999.0  14.6  21.5 999.0 99.0 99.00
2016 03 22 03 50 339  7.9 10.3  2.55  7.69  6.40 338 9999.0  14.8  21.5 999.0 99.0 99.00
2016 03 22 04 50 342  7.9 10.0  2.42  8.33  6.56 347 9999.0  15.1  21.5 999.0 99.0 99.00
2016 03 22 05 50 333  7.4  9.4  2.36  7.14  6.19 333 9999.0  15.5  21.5 999.0 99.0 99.00
2016 03 22 06 50 348  6.6 10.4  2.30  7.14  6.43 330 9999.0  15.5  21.5 999.0 99.0 99.00
2016 03 22 07 50 338  5.8  8.0  1.99 11.43  6.01  21 9999.0  15.8  21.5 999.0 99.0 99.00
2016 03 22 08 50 342  5.8  8.1  1.89 11.43  5.92  18 9999.0  16.0  21.5 999.0 99.0 99.00
2016 03 22 09 50 348  6.2  8.7  1.76 11.43  5.74  11 9999.0  16.0  21.4 999.0 99.0 99.00
2016 03 22 10 50 348  4.4  6.8  1.68  6.67  5.92 323 9999.0  16.0  21.4 999.0 99.0 99.00
2016 03 22 11 50 350  4.8  6.8  1.68  6.25  5.91 333 9999.0  16.0  21.4 999.0 99.0 99.00
2016 03 22 12 50 342  4.8  6.9  1.60 10.81  5.87  17 9999.0  16.1  21.4 999.0 99.0 99.00
2016 03 22 13 50 351  4.5  6.4  1.45 10.00  5.84  19 9999.0  16.2  21.4 999.0 99.0 99.00
2016 03 22 14 50 357  3.1  4.9  1.39  5.88  5.76 326 9999.0  16.3  21.4 999.0 99.0 99.00
2016 03 22 15 50 331  2.9  4.2  1.36  9.09  5.90  19 9999.0  16.5  21.5 999.0 99.0 99.00
2016 03 22 16 50 328  1.9  3.6  1.34 10.00  6.04  18 9999.0  16.7  21.7 999.0 99.0 99.00
2016 03 22 17 50 312  2.7  3.8  1.22  8.33  5.95  29 9999.0  16.9  22.0 999.0 99.0 99.00
2016 03 22 18 50 260  1.0  2.2  1.19 10.00  5.67  31 9999.0  17.1  22.2 999.0 99.0 99.00
2016 03 22 19 50 282  2.2  3.6  1.14 10.00  5.81  31 9999.0  17.1  22.3 999.0 99.0 99.00
2016 03 22 20 50 359  1.0  1.9  1.11 10.00  5.70  28 9999.0  17.8  22.2 999.0 99.0 99.00
2016 03 22 21 50 289  1.4  2.7  1.14 10.00  5.98  21 9999.0  17.5  22.1 999.0 99.0 99.00
2016 03 22 22 50 238  2.8  4.8  1.14  9.09  6.05  27 9999.0  17.3  22.0 999.0 99.0 99.00
2016 03 22 23 50 237  2.4  3.5  1.00 10.00  6.03  19 9999.0  17.2  21.7 999.0 99.0 99.00
2016 03 23 00 50 180  2.4  4.3  1.00  9.09  6.02  28 9999.0  17.3  21.5 999.0 99.0 99.00
2016 03 23 01 50 240  3.2  4.4  0.95  9.09  6.05  27 9999.0  17.3  21.3 999.0 99.0 99.00
2016 03 23 02 50 203  4.1  5.8  0.94 10.00  6.09  51 9999.0  17.2  21.2 999.0 99.0 99.00
2016 03 23 03 50 208  5.6  7.7  0.97 10.00  5.94  29 9999.0  17.3  21.1 999.0 99.0 99.00
2016 03 23 04 50 208  5.7  7.5  0.94 10.00  5.56  34 9999.0  17.5  21.1 999.0 99.0 99.00
2016 03 23 05 50 222  5.6  8.8  0.91 10.00  5.41  26 9999.0  17.6  21.0 999.0 99.0 99.00
2016 03 23 06 50 226  6.1  9.3  0.91 10.00  5.46  40 9999.0  17.7  21.2 999.0 99.0 99.00
2016 03 23 07 50 242  6.0  7.3  0.85  9.09  4.97  44 9999.0  17.8  21.3 999.0 99.0 99.00
2016 03 23 08 50 225  4.7  6.0  0.79  9.09  4.80  42 9999.0  17.8  21.5 999.0 99.0 99.00
2016 03 23 09 50 218  6.0  8.3  0.76 10.00  4.44  35 9999.0  18.0  21.5 999.0 99.0 99.00
2016 03 23 10 50 208  5.8  9.1  0.76  8.33  4.66  55 9999.0  18.1  21.6 999.0 99.0 99.00
2016 03 23 11 50 221  5.6  7.4  0.81 10.00  4.33  42 9999.0  18.3  21.7 999.0 99.0 99.00
2016 03 23 12 50 212  5.8  7.6  0.80  3.70  4.47 207 9999.0  18.5  21.7 999.0 99.0 99.00
2016 03 23 13 50 218  5.8  8.2  0.80  3.85  4.33 226 9999.0  18.6  21.7 999.0 99.0 99.00
2016 03 23 14 50 222  5.6  6.9  0.79  9.09  4.46 356 9999.0  18.7  21.8 999.0 99.0 99.00
2016 03 23 15 50 217  5.8  7.4  0.76  4.00  4.45 234 9999.0  18.7  21.9 999.0 99.0 99.00
2016 03 23 16 50 233  5.1  6.5  0.73  9.09  4.32  29 9999.0  18.9  22.0 999.0 99.0 99.00
2016 03 23 17 50 230  4.9  6.6  0.73  3.85  4.32 240 9999.0  18.9  22.0 999.0 99.0 99.00
2016 03 23 18 50 227  4.4  6.4  0.66 10.00  4.68  57 9999.0  19.0  22.1 999.0 99.0 99.00
2016 03 23 19 50 216  4.2  6.2  0.67  9.09  4.49  38 9999.0  19.1  22.2 999.0 99.0 99.00
2016 03 23 20 50 210  3.6  5.0  0.69  9.09  4.64  41 9999.0  19.2  22.2 999.0 99.0 99.00
2016 03 23 21 50 211  4.1  5.2  0.67  8.33  4.64  54 9999.0  19.3  22.2 999.0 99.0 99.00
2016 03 23 22 50 183  4.4  5.8  0.62  9.09  4.71   1 9999.0  19.2  22.2 999.0 99.0 99.00
2016 03 23 23 50 198  5.2  6.4  0.66  9.09  4.73  57 9999.0  19.5  22.1 999.0 99.0 99.00
2016 03 24 00 50 215  5.2  7.4  0.65  5.56  4.51 276 9999.0  19.7  22.0 999.0 99.0 99.00
2016 03 24 01 50 198  5.2  6.7  0.75  3.57  4.30 180 9999.0  19.6  22.0 999.0 99.0 99.00
2016 03 24 02 50 191  6.9  8.4  0.78  4.00  4.39 196 9999.0  19.6  21.9 999.0 99.0 99.00
2016 03 24 03 50 198  6.5  8.2  0.87  4.35  4.40 174 9999.0  19.6  21.8 999.0 99.0 99.00
2016 03 24 04 50 202  5.9  7.4  0.80  3.85  4.44 184 9999.0  19.7  21.8 999.0 99.0 99.00
2016 03 24 05 50 201  7.8  9.5  0.79  4.17  4.34 180 9999.0  19.7  21.6 999.0 99.0 99.00
2016 03 24 06 50 214  7.1  9.7  0.90  4.76  4.44 166 9999.0  19.7  21.5 999.0 99.0 99.00
2016 03 24 07 50 204  5.7  7.3  0.87  4.55  4.40 174 9999.0  19.6  21.7 999.0 99.0 99.00
2016 03 24 08 50 191  5.6  7.5  0.81  4.76  4.48 174 9999.0  19.5  21.7 999.0 99.0 99.00
2016 03 24 09 50 171  5.0  6.9  0.81  4.55  4.47 186 9999.0  19.5  21.6 999.0 99.0 99.00
2016 03 24 10 50 171  5.9  7.4  0.84  4.55  4.47 175 9999.0  19.6  21.6 999.0 99.0 99.00
2016 03 24 11 50 157  6.6  7.8  0.80  4.35  4.44 172 9999.0  19.8  21.4 999.0 99.0 99.00
2016 03 24 12 50 164  7.4  9.0  0.90  4.55  4.47 151 9999.0  20.1  21.3 999.0 99.0 99.00
2016 03 24 13 50 162  7.7  9.4  1.02  5.00  4.57 158 9999.0  20.0  21.4 999.0 99.0 99.00
2016 03 24 14 50 165  7.9  9.5  1.15  5.26  4.71 158 9999.0  20.2  21.5 999.0 99.0 99.00
2016 03 24 15 50 152  8.4  9.7  1.25  5.26  4.79 151 9999.0  20.1  21.7 999.0 99.0 99.00
2016 03 24 16 50 154  7.6  9.2  1.27  5.26  4.81 149 9999.0  20.5  21.9 999.0 99.0 99.00
2016 03 24 17 50 135  7.2  8.5  1.32  5.56  4.95 149 9999.0  20.0  21.9 999.0 99.0 99.00
2016 03 24 18 50 143  7.1  8.9  1.25  5.88  4.93 156 9999.0  20.3  21.9 999.0 99.0 99.00
2016 03 24 19 50 172  7.9  9.6  1.26  5.26  4.84 155 9999.0  20.7  21.8 999.0 99.0 99.00
2016 03 24 20 50 166  8.0  9.8  1.22  5.56  4.78 163 9999.0  20.8  21.8 999.0 99.0 99.00
2016 03 24 21 50 177  8.4  9.9  1.27  5.26  4.79 152 9999.0  20.7  21.8 999.0 99.0 99.00
2016 03 24 22 50 164  9.9 11.6  1.44  5.88  4.97 148 9999.0  20.5  21.7 999.0 99.0 99.00
2016 03 24 23 50 171 10.0 12.5  1.67  5.56  5.19 137 9999.0  20.5  21.7 999.0 99.0 99.00
2016 03 25 00 50 180 10.6 13.1  1.95  5.88  5.42 136 9999.0  20.7  21.6 999.0 99.0 99.00
2016 03 25 01 50 183  9.8 11.9  2.06  6.67  5.56 153 9999.0  20.8  21.6 999.0 99.0 99.00
2016 03 25 02 50 183 10.2 12.0  1.93  5.88  5.49 150 9999.0  20.9  21.6 999.0 99.0 99.00
2016 03 25 03 50 186  9.9 12.0  1.68  5.88  5.45 151 9999.0  21.0  21.5 999.0 99.0 99.00
2016 03 25 04 50 188  9.6 11.3  1.94  6.67  5.47 152 9999.0  21.0  21.4 999.0 99.0 99.00
2016 03 25 05 50 189  9.2 11.8  1.89  6.25  5.49 136 9999.0  21.0  21.4 999.0 99.0 99.00
2016 03 25 06 50 194  9.4 11.3  1.76  5.88  5.41 145 9999.0  20.9  21.2 999.0 99.0 99.00
2016 03 25 07 50 197  8.5  9.7  1.70  6.25  5.40 152 9999.0  20.7  20.8 999.0 99.0 99.00
2016 03 25 08 50 197  7.0  8.6  1.73  7.69  5.47 141 9999.0  20.6  20.4 999.0 99.0 99.00
2016 03 25 09 50 203  7.1  8.6  1.74  6.25  5.62 160 9999.0  20.8  21.2 999.0 99.0 99.00
2016 03 25 10 50 198  7.3  8.9  1.70  7.14  5.65 142 9999.0  21.0  21.5 999.0 99.0 99.00
2016 03 25 11 50 207  8.8 10.8  1.66  6.25  5.49 159 9999.0  21.3  21.6 999.0 99.0 99.00
2016 03 25 12 50 210  9.6 12.2  1.78  7.14  5.41 153 9999.0  21.3  21.4 999.0 99.0 99.00
2016 03 25 13 50 201  9.9 11.4  1.69  6.67  5.42 155 9999.0  20.8  21.3 999.0 99.0 99.00
2016 03 25 14 50 188 10.1 11.8  1.65  6.25  5.33 165 9999.0  20.9  21.1 999.0 99.0 99.00
2016 03 25 15 50 183  8.8 10.6  1.80  5.88  5.31 163 9999.0  21.1  20.8 999.0 99.0 99.00
2016 03 25 16 50 202  8.5 11.4  1.80  5.88  5.32 165 9999.0  21.6  20.8 999.0 99.0 99.00
2016 03 25 17 50 209  9.5 12.5  1.76  5.56  5.15 151 9999.0  21.8  20.9 999.0 99.0 99.00
2016 03 25 18 50 232 10.2 12.3  1.80  5.88  5.28 164 9999.0  22.2  20.8 999.0 99.0 99.00
2016 03 25 19 50 236  8.5 10.1  1.97  6.25  5.37 168 9999.0  21.9  20.9 999.0 99.0 99.00
2016 03 25 20 50 248  7.2  9.1  1.74  6.67  5.29 177 9999.0  22.0  21.2 999.0 99.0 99.00
2016 03 25 21 50 243  7.3  8.7  2.02  6.25  5.57 172 9999.0  22.0  21.3 999.0 99.0 99.00
2016 03 25 22 50 221  6.4  8.0  1.81  6.67  5.73 178 9999.0  22.0  21.5 999.0 99.0 99.00
2016 03 25 23 50 217  7.1  8.6  1.75  6.67  5.69 190 9999.0  21.7  21.6 999.0 99.0 99.00
2016 03 26 00 50 215  7.0  8.9  1.73  6.67  5.64 191 9999.0  21.8  21.7 999.0 99.0 99.00
2016 03 26 01 50 223  7.7  9.3  1.81  7.14  5.87 182 9999.0  21.9  21.7 999.0 99.0 99.00
2016 03 26 02 50 225  7.2  9.0  2.03  7.14  5.88 189 9999.0  22.0  21.7 999.0 99.0 99.00
2016 03 26 03 50 232  7.7  9.5  1.99  6.67  5.74 211 9999.0  22.1  21.7 999.0 99.0 99.00
2016 03 26 04 50 226  6.1  7.6  1.77  6.67  5.66 205 9999.0  22.1  21.8 999.0 99.0 99.00
2016 03 26 05 50 225  7.4  9.3  1.61  6.67  5.46 209 9999.0  22.1  21.8 999.0 99.0 99.00
2016 03 26 06 50 215  6.2  7.4  1.69  7.14  5.51 257 9999.0  22.0  21.7 999.0 99.0 99.00
2016 03 26 07 50 234  5.7  7.4  1.55  6.67  5.50 256 9999.0  22.1  21.7 999.0 99.0 99.00
2016 03 26 08 50 237  5.7  6.6  1.43  8.33  5.45 131 9999.0  22.0  21.7 999.0 99.0 99.00
2016 03 26 09 50 247  4.5  5.9  1.49  6.67  5.43 194 9999.0  21.9  21.7 999.0 99.0 99.00
2016 03 26 10 50 266  3.7  4.8  1.50  8.33  5.61 123 9999.0  21.9  21.6 999.0 99.0 99.00
2016 03 26 11 50 258  3.9  4.5  1.45  6.25  5.63 259 9999.0  21.9  21.5 999.0 99.0 99.00
2016 03 26 12 50 236  2.9  3.4  1.43  8.33  5.63 141 9999.0  22.0  21.6 999.0 99.0 99.00
2016 03 26 13 50 236  3.0  3.6  1.35  8.33  5.46 124 9999.0  22.0  21.7 999.0 99.0 99.00
2016 03 26 14 50 235  3.1  3.9  1.30  5.88  5.61 205 9999.0  22.1  21.7 999.0 99.0 99.00
2016 03 26 15 50 251  2.7  3.8  1.35  7.14  5.77 100 9999.0  22.3  21.9 999.0 99.0 99.00
2016 03 26 16 50 267  3.8  4.7  1.28  6.25  5.62 222 9999.0  22.3  22.0 999.0 99.0 99.00
2016 03 26 17 50 305  1.8  2.6  1.31  7.69  5.85 116 9999.0  22.3  22.0 999.0 99.0 99.00
2016 03 26 18 50 253  1.1  1.5  1.33  6.25  5.69 221 9999.0  22.7  22.1 999.0 99.0 99.00
2016 03 26 19 50 152  1.7  2.3  1.37  5.88  5.85 223 9999.0  22.4  22.6 999.0 99.0 99.00
2016 03 26 20 50 166  3.7  4.5  1.34  9.09  5.99 107 9999.0  22.0  22.2 999.0 99.0 99.00
2016 03 26 21 50 166  3.4  4.2  1.38  7.69  5.92 101 9999.0  21.8  21.5 999.0 99.0 99.00
2016 03 26 22 50 205  2.1  2.6  1.29  8.33  6.04 113 9999.0  21.8  21.7 999.0 99.0 99.00
2016 03 26 23 50 220  1.6  1.8  1.25  6.25  5.72 214 9999.0  21.8  21.7 999.0 99.0 99.00
2016 03 27 00 50 252  1.4  1.8  1.23  7.69  5.72 113 9999.0  21.7  21.6 999.0 99.0 99.00
2016 03 27 01 50 327  2.7  3.4  1.29  6.25  5.75 170 9999.0  21.8  21.5 999.0 99.0 99.00
2016 03 27 02 50 119  2.4  2.9  1.26  9.09  5.71 106 9999.0  21.4  21.4 999.0 99.0 99.00
2016 03 27 03 50 169  4.1  4.7  1.15  7.69  5.66 101 9999.0  21.2  21.5 999.0 99.0 99.00
2016 03 27 04 50 232  2.1  2.8  1.25  8.33  5.92  97 9999.0  21.4  21.5 999.0 99.0 99.00
2016 03 27 05 50 180  2.1  2.7  1.10  6.67  5.50 129 9999.0  21.4  21.2 999.0 99.0 99.00
2016 03 27 06 50 190  5.4  6.5  1.13  9.09  5.60 116 9999.0  21.3  20.8 999.0 99.0 99.00
2016 03 27 07 50 183  5.0  6.5  1.18  6.67  5.58 147 9999.0  21.3  20.7 999.0 99.0 99.00
2016 03 27 08 50 335  1.6  3.2  1.27  8.33  5.58 105 9999.0  21.2  20.5 999.0 99.0 99.00
2016 03 27 09 50 290  1.9  2.3  1.24  6.67  5.43 127 9999.0  21.0  20.5 999.0 99.0 99.00
2016 03 27 10 50 181  1.2  1.5  1.27  8.33  5.60 100 9999.0  21.1  20.4 999.0 99.0 99.00
2016 03 27 11 50 141  1.9  2.4  1.19  8.33  5.62  65 9999.0  20.8  20.4 999.0 99.0 99.00
2016 03 27 12 50 109  1.6  2.0  1.17  7.14  5.71  80 9999.0  20.8  20.5 999.0 99.0 99.00
2016 03 27 13 50 141  2.8  3.7  1.23  9.09  5.78 108 9999.0  21.0  20.4 999.0 99.0 99.00
2016 03 27 14 50 155  3.8  4.6  1.23  9.09  6.10 114 9999.0  21.3  20.5 999.0 99.0 99.00
2016 03 27 15 50 177  4.5  5.7  1.22  7.69  6.06 115 9999.0  21.2  20.6 999.0 99.0 99.00
2016 03 27 16 50 181  5.0  5.8  1.21  8.33  5.95 132 9999.0  21.2  20.7 999.0 99.0 99.00
2016 03 27 17 50 180  4.6  5.3  1.19  8.33  5.99 129 9999.0  21.3  20.7 999.0 99.0 99.00
2016 03 27 18 50 184  4.8  5.6  1.19  8.33  6.01 119 9999.0  21.3  20.7 999.0 99.0 99.00
2016 03 27 19 50 186  4.2  5.1  1.16  7.69  5.99  81 9999.0  21.3  20.6 999.0 99.0 99.00
2016 03 27 20 50 184  5.6  6.7  1.26  8.33  6.10 118 9999.0  21.4  20.6 999.0 99.0 99.00
2016 03 27 21 50 188  5.1  5.9  1.20  7.14  5.94  99 9999.0  21.3  20.6 999.0 99.0 99.00
2016 03 27 22 50 189  5.0  5.7  1.22  8.33  5.89 114 9999.0  21.3  20.6 999.0 99.0 99.00
2016 03 27 23 50 190  4.9  5.9  1.15  9.09  5.77 122 9999.0  21.3  20.5 999.0 99.0 99.00
2016 03 28 00 50 187  5.2  5.9  1.22  8.33  5.78 110 9999.0  21.3  20.5 999.0 99.0 99.00
2016 03 28 01 50 193  6.1  6.9  1.17  7.14  5.43  58 9999.0  21.3  20.5 999.0 99.0 99.00
2016 03 28 02 50 180  7.5  9.1  1.24  9.09  5.38 113 9999.0  21.2  20.4 999.0 99.0 99.00
2016 03 28 03 50 188  8.7 10.0  1.36  8.33  5.41 111 9999.0  21.3  20.4 999.0 99.0 99.00
2016 03 28 04 50 207  7.5  9.1  1.29  8.33  5.03 120 9999.0  21.3  20.4 999.0 99.0 99.00
2016 03 28 05 50 207  8.1 10.1  1.44  7.14  5.05 124 9999.0  21.5  20.4 999.0 99.0 99.00
2016 03 28 06 50 208  9.0 11.3  1.62  4.76  5.05 171 9999.0  21.6  20.5 999.0 99.0 99.00
2016 03 28 07 50 203  9.2 11.1  1.58  8.33  5.11 136 9999.0  21.5  20.5 999.0 99.0 99.00
2016 03 28 08 50 203 10.6 12.6  1.66  8.33  5.04 133 9999.0  21.4  20.5 999.0 99.0 99.00
2016 03 28 09 50 206 10.7 12.4  1.96  5.88  5.21 189 9999.0  21.7  20.5 999.0 99.0 99.00
2016 03 28 10 50 215 11.8 14.6  2.02  6.25  5.18 188 9999.0  22.0  20.4 999.0 99.0 99.00
2016 03 28 11 50 221 12.1 14.6  2.47  6.67  5.51 187 9999.0  22.0  20.3 999.0 99.0 99.00
2016 03 28 12 50 230 12.1 15.1  2.54  7.14  5.64 191 9999.0  22.0  20.2 999.0 99.0 99.00
2016 03 28 13 50 231 11.1 14.1  2.64  7.14  5.88 197 9999.0  21.6  20.2 999.0 99.0 99.00
2016 03 28 14 50 245  8.2  9.9  2.50  7.14  5.80 196 9999.0  20.8  20.2 999.0 99.0 99.00
2016 03 28 15 50 247  8.9 10.3  2.51  7.69  6.02 195 9999.0  21.9  20.2 999.0 99.0 99.00
2016 03 28 16 50 261  8.4 10.6  2.09  7.14  5.66 218 9999.0  22.0  20.3 999.0 99.0 99.00
2016 03 28 17 50 263  6.6  8.0  2.40  7.69  6.05 192 9999.0  21.8  20.3 999.0 99.0 99.00
2016 03 28 18 50 282  5.9  7.3  2.49  7.69  6.23 214 9999.0  21.6  20.4 999.0 99.0 99.00
2016 03 28 19 50 278  5.3  6.6  2.29  7.14  6.16 214 9999.0  21.4  20.5 999.0 99.0 99.00
2016 03 28 20 50 273  5.8  6.9  2.42  7.69  6.30 234 9999.0  21.4  20.5 999.0 99.0 99.00
2016 03 28 21 50 271  6.6  8.0  2.16  7.14  6.24 228 9999.0  21.4  20.5 999.0 99.0 99.00
2016 03 28 22 50 264  6.0  7.3  2.34  7.14  6.32 231 9999.0  21.3  20.4 999.0 99.0 99.00
2016 03 28 23 50 259  5.8  7.0  2.44  7.69  6.52 255 9999.0  21.2  20.4 999.0 99.0 99.00
2016 03 29 00 50 259  6.6  8.1  2.20  8.33  6.36 249 9999.0  21.2  20.4 999.0 99.0 99.00
2016 03 29 01 50 261  6.9  8.5  2.39  7.69  6.51 224 9999.0  21.1  20.6 999.0 99.0 99.00
2016 03 29 02 50 264  6.8  8.8  2.45  7.69  6.39 226 9999.0  21.0  20.7 999.0 99.0 99.00
2016 03 29 03 50 270  7.8  9.7  2.17  8.33  6.09 255 9999.0  21.1  20.6 999.0 99.0 99.00
2016 03 29 04 50 271  7.2  8.9  2.21  8.33  6.12 241 9999.0  21.1  20.7 999.0 99.0 99.00
2016 03 29 05 50 266  6.8  8.2  2.24  7.69  6.02 244 9999.0  21.0  20.7 999.0 99.0 99.00
2016 03 29 06 50 261  6.2  7.4  2.08  7.69  5.87 247 9999.0  20.9  20.7 999.0 99.0 99.00
2016 03 29 07 50 263  7.0  8.6  2.33  7.69  6.18 244 9999.0  20.9  20.6 999.0 99.0 99.00
2016 03 29 08 50 266  7.1  8.4  2.08  7.69  5.86 235 9999.0  21.0  20.6 999.0 99.0 99.00
2016 03 29 09 50 264  7.7  8.9  2.17  7.14  5.82 243 9999.0  21.0  20.6 999.0 99.0 99.00
2016 03 29 10 50 258  6.8  7.9  1.96  7.14  5.73 251 9999.0  21.0  20.6 999.0 99.0 99.00
2016 03 29 11 50 266  6.1  7.4  1.93  7.14  5.85 236 9999.0  21.0  20.6 999.0 99.0 99.00
2016 03 29 12 50 261  5.7  6.6  2.01  7.14  5.97 236 9999.0  21.1  20.6 999.0 99.0 99.00
2016 03 29 13 50 265  4.8  5.5  1.76  7.14  5.73 249 9999.0  21.2  20.6 999.0 99.0 99.00
2016 03 29 14 50 265  4.2  5.0  1.81  7.14  6.04 253 9999.0  21.3  20.7 999.0 99.0 99.00
2016 03 29 15 50 282  4.1  5.0  1.64  6.25  5.87 228 9999.0  21.3  20.9 999.0 99.0 99.00
2016 03 29 16 50  34  5.7  6.7  1.66  6.67  5.80 236 9999.0  21.0  21.1 999.0 99.0 99.00
2016 03 29 17 50  49  6.3  7.4  1.48  6.67  5.86 259 9999.0  20.8  21.1 999.0 99.0 99.00
2016 03 29 18 50  53  6.9  8.2  1.42  6.67  5.63 248 9999.0  20.6  21.0 999.0 99.0 99.00
2016 03 29 19 50  46  7.0  8.1  1.45  6.67  5.56 246 9999.0  20.3  21.0 999.0 99.0 99.00
2016 03 29 20 50  50  6.8  8.2  1.47  9.09  5.38 111 9999.0  20.1  20.9 999.0 99.0 99.00
2016 03 29 21 50  48  7.8  9.2  1.39  6.25  5.07 233 9999.0  19.9  20.8 999.0 99.0 99.00
2016 03 29 22 50  41  8.7 10.7  1.42  9.09  4.95  99 9999.0  19.5  20.7 999.0 99.0 99.00
2016 03 29 23 50  50  8.6 10.3  1.54  6.67  5.04 266 9999.0  19.2  20.5 999.0 99.0 99.00
2016 03 30 00 50  46  9.2 10.9  1.55  7.14  5.03  14 9999.0  18.8  20.4 999.0 99.0 99.00
2016 03 30 01 50  42  9.9 11.7  1.54  7.69  4.96  89 9999.0  18.6  20.3 999.0 99.0 99.00
2016 03 30 02 50  48  9.5 11.0  1.77  9.09  5.16  98 9999.0  18.5  20.2 999.0 99.0 99.00
2016 03 30 03 50  48  9.7 11.6  1.75 10.00  5.11 106 9999.0  18.2  20.2 999.0 99.0 99.00
2016 03 30 04 50  45  8.6 10.0  1.80  5.00  5.18  23 9999.0  18.0  20.2 999.0 99.0 99.00
2016 03 30 05 50  49  8.8 10.1  1.78  6.67  5.23  10 9999.0  17.9  20.1 999.0 99.0 99.00
2016 03 30 06 50  50  9.6 11.3  1.75  6.25  5.32   3 9999.0  17.8  20.2 999.0 99.0 99.00
2016 03 30 07 50  49  9.9 12.1  1.72  6.25  5.19  11 9999.0  17.8  20.2 999.0 99.0 99.00
2016 03 30 08 50  54 10.2 12.1  1.76  6.25  5.27  17 9999.0  17.9  20.2 999.0 99.0 99.00
2016 03 30 09 50  60 10.2 12.1  1.89  5.88  5.26  20 9999.0  17.8  20.2 999.0 99.0 99.00
2016 03 30 10 50  66  9.8 12.1  1.96  5.88  5.26  32 9999.0  17.8  20.2 999.0 99.0 99.00
2016 03 30 11 50  66 10.0 11.5  2.13  5.88  5.33  31 9999.0  17.7  20.2 999.0 99.0 99.00
2016 03 30 12 50  74  9.7 11.8  2.08  6.25  5.40  28 9999.0  17.8  20.2 999.0 99.0 99.00
2016 03 30 13 50  86 10.2 12.2  2.06  5.88  5.38  32 9999.0  18.0  20.2 999.0 99.0 99.00
2016 03 30 14 50  87  9.0 11.1  2.07  5.56  5.45  46 9999.0  18.2  20.2 999.0 99.0 99.00
2016 03 30 15 50  83 10.2 12.4  2.09  5.88  5.28  40 9999.0  18.1  20.3 999.0 99.0 99.00
2016 03 30 16 50  93  9.2 11.0  2.03  6.25  5.26  48 9999.0  18.3  20.3 999.0 99.0 99.00
2016 03 30 17 50 104  8.7 10.6  2.08  6.25  5.46  45 9999.0  18.4  20.3 999.0 99.0 99.00
2016 03 30 19 50 117  9.0 10.7  2.02  6.25  5.34  52 9999.0  18.3  20.3 999.0 99.0 99.00
2016 03 30 20 50 123  8.4 10.1  2.02  6.25  5.51  70 9999.0  18.4  20.3 999.0 99.0 99.00
2016 03 30 21 50 117  8.0  9.7  2.10  6.25  5.44  71 9999.0  18.6  20.2 999.0 99.0 99.00
2016 03 30 22 50 117  7.6  9.2  1.94  6.25  5.42  90 9999.0  18.6  20.2 999.0 99.0 99.00
2016 03 30 23 50 110  9.1 10.7  1.97  6.25  5.41  82 9999.0  18.6  20.2 999.0 99.0 99.00
2016 03 31 00 50 113  9.3 11.2  1.92  6.25  5.27  71 9999.0  18.7  20.2 999.0 99.0 99.00
2016 03 31 01 50 123  9.4 11.4  1.85  6.67  5.37  69 9999.0  18.9  20.1 999.0 99.0 99.00
2016 03 31 02 50 115  8.1  9.7  1.92  5.88  5.36  82 9999.0  19.0  20.1 999.0 99.0 99.00
2016 03 31 03 50 121  9.4 10.8  1.79  6.25  5.20  93 9999.0  19.1  20.1 999.0 99.0 99.00
2016 03 31 04 50 130  9.5 11.5  1.93  6.25  5.37  89 9999.0  19.2  20.1 999.0 99.0 99.00
2016 03 31 05 50 134  9.9 11.7  1.95  6.67  5.32  97 9999.0  19.1  20.1 999.0 99.0 99.00
2016 03 31 06 50 133  9.6 12.2  2.03  6.67  5.32  83 9999.0  19.2  20.1 999.0 99.0 99.00
2016 03 31 07 50 143 10.1 12.2  2.19  5.88  5.52  99 9999.0  19.4  20.1 999.0 99.0 99.00
2016 03 31 08 50 143  9.8 12.2  2.37  6.67  5.62 115 9999.0  19.4  20.1 999.0 99.0 99.00
2016 03 31 09 50 147 10.1 12.4  2.27  6.67  5.74 105 9999.0  19.8  20.1 999.0 99.0 99.00
2016 03 31 10 50 143 10.3 12.5  2.38  7.14  5.75 115 9999.0  19.7  20.1 999.0 99.0 99.00
2016 03 31 11 50 151  9.7 12.0  2.34  7.69  5.64 122 9999.0  19.9  20.1 999.0 99.0 99.00
2016 03 31 12 50 155 10.5 12.4  2.44  6.67  5.71 117 9999.0  20.1  20.1 999.0 99.0 99.00
2016 03 31 13 50 148  9.7 11.9  2.40  7.14  5.76 113 9999.0  20.2  20.1 999.0 99.0 99.00
2016 03 31 14 50 150  9.6 11.8  2.20  7.69  5.63 102 9999.0  20.4  20.1 999.0 99.0 99.00
2016 03 31 15 50 152  8.3 10.3  2.19  8.33  5.62 117 9999.0  20.0  20.2 999.0 99.0 99.00
2016 03 31 16 50 159  7.7  9.1  2.28  7.69  5.65 109 9999.0  20.5  20.2 999.0 99.0 99.00
2016 03 31 17 50 167  8.3  9.6  2.12  7.69  5.76 112 9999.0  20.8  20.3 999.0 99.0 99.00
2016 03 31 18 50 172  8.0  9.6  1.90  7.14  5.48 129 9999.0  20.9  20.3 999.0 99.0 99.00
2016 03 31 19 50 177  8.0  9.6  2.00  7.69  5.74 115 9999.0  21.1  20.4 999.0 99.0 99.00
2016 03 31 20 50 176  7.4  8.7  1.97  7.69  5.73 116 9999.0  21.2  20.4 999.0 99.0 99.00
2016 03 31 21 50 173  7.5  8.9  2.02  7.69  5.72 109 9999.0  21.2  20.4 999.0 99.0 99.00
2016 03 31 22 50 176  7.4  8.7  2.03  8.33  5.94 111 9999.0  21.1  20.4 999.0 99.0 99.00
