#YY  MM DD hh mm WDIR WSPD GST  WVHT   DPD   APD MWD   PRES  ATMP  WTMP  DEWP  VIS  TIDE
#yr  mo dy hr mn degT m/s  m/s     m   sec   sec deg    hPa  degC  degC  degC  nmi    ft
2015 12 31 23 50 225  8.2 10.1  1.65  5.88  5.45 184 9999.0  24.4  25.0  21.9 99.0 99.00
2016 01 01 00 50 218  8.5 10.3  1.53  5.88  5.26 173 9999.0  24.3  25.0  21.9 99.0 99.00
2016 01 01 01 50 218  8.8 10.4  1.60  5.56  5.43 198 9999.0  24.2  24.9  21.8 99.0 99.00
2016 01 01 02 50 220  8.7 10.6  1.71  5.88  5.44 180 9999.0  24.3  24.9  22.1 99.0 99.00
2016 01 01 03 50 232 10.2 12.0  1.69  5.88  5.38 199 9999.0  24.5  24.9  21.4 99.0 99.00
2016 01 01 04 50 233 10.2 12.3  1.55  5.88  5.24 183 9999.0  24.4  24.9  21.2 99.0 99.00
2016 01 01 05 50 233  9.9 12.3  1.81  6.25  5.34 197 9999.0  24.4  24.9  21.5 99.0 99.00
2016 01 01 06 50 238  9.3 11.3  1.79  5.56  5.38 212 9999.0  24.4  24.8  21.3 99.0 99.00
2016 01 01 07 50 234 10.1 12.6  1.85  6.25  5.43 215 9999.0  24.4  24.8  21.4 99.0 99.00
2016 01 01 08 50 235 10.4 12.7  1.97  5.88  5.47 194 9999.0  24.3  24.8  21.4 99.0 99.00
2016 01 01 09 50 235 10.1 12.2  1.91  5.88  5.40 230 9999.0  24.4  24.7  21.9 99.0 99.00
2016 01 01 10 50 236 11.1 13.1  1.94  6.25  5.41 220 9999.0  24.5  24.7  21.6 99.0 99.00
2016 01 01 11 50 237 11.1 13.2  1.96  6.67  5.33 246 9999.0  24.5  24.7  21.7 99.0 99.00
2016 01 01 12 50 237 11.1 13.7  2.23  6.25  5.52 224 9999.0  24.6  24.6  21.9 99.0 99.00
2016 01 01 13 50 241 10.8 13.0  2.13  6.67  5.50 229 9999.0  24.6  24.7  21.5 99.0 99.00
2016 01 01 14 50 240 11.1 13.0  2.26  6.67  5.61 235 9999.0  24.5  24.7  21.9 99.0 99.00
2016 01 01 15 50 273 12.7 14.8  2.28  6.67  5.53 234 9999.0  21.4  24.7  20.6 99.0 99.00
2016 01 01 16 50 252 10.9 13.8  2.41  6.25  5.65 243 9999.0  22.9  24.7  20.7 99.0 99.00
2016 01 01 17 50 268  7.9  9.7  1.98  6.67  5.63 238 9999.0  23.7  24.7  21.6 99.0 99.00
2016 01 01 18 50 264  9.1 11.2  2.05  6.67  5.50 225 9999.0  22.1  24.7  20.7 99.0 99.00
2016 01 01 19 50 273  8.0  9.8  2.00  6.25  5.53 214 9999.0  23.4  24.6  21.3 99.0 99.00
2016 01 01 20 50 306  6.0  7.3  1.85  6.67  5.59 209 9999.0  22.8  24.5  20.4 99.0 99.00
2016 01 01 21 50 309  4.2  5.9  1.74  6.67  5.71 238 9999.0  23.3  24.4  20.4 99.0 99.00
2016 01 01 22 50 315  4.3  5.6  1.54  6.25  5.69 209 9999.0  23.5  24.3  19.5 99.0 99.00
2016 01 01 23 50 309  3.0  4.0  1.42  5.88  5.66 220 9999.0  23.5  24.2  19.4 99.0 99.00
2016 01 02 00 50 335  4.6  6.0  1.55  6.67  5.86 213 9999.0  22.8  24.0  20.2 99.0 99.00
2016 01 02 01 50  16  3.0  3.9  1.51  6.67  5.72 216 9999.0  21.9  23.9  20.1 99.0 99.00
2016 01 02 02 50 341 12.7 15.7  1.48  7.14  4.79 192 9999.0  20.3  23.9  19.4 99.0 99.00
2016 01 02 03 50 352  9.7 11.2  1.63  6.67  4.77 225 9999.0  20.8  23.8  17.9 99.0 99.00
2016 01 02 04 50  24  6.9  8.1  1.65  5.88  4.95 251 9999.0  20.7  23.8  17.7 99.0 99.00
2016 01 02 05 50   8  5.3  6.6  1.50  6.25  5.13 225 9999.0  21.2  23.8  17.2 99.0 99.00
2016 01 02 06 50  14  4.9  6.3  1.49  6.67  5.21 234 9999.0  21.2  23.7  16.6 99.0 99.00
2016 01 02 07 50 352  7.2  9.5  1.39  6.25  5.10 287 9999.0  21.0  23.6  15.9 99.0 99.00
2016 01 02 08 50 342  8.6 10.3  1.45  6.25  5.01 244 9999.0  20.9  23.6  15.3 99.0 99.00
2016 01 02 09 50 353  7.2  9.1  1.41  5.88  4.98 286 9999.0  19.1  23.5  15.9 99.0 99.00
2016 01 02 10 50 332  6.2  7.6  1.35  6.67  4.94 339 9999.0  19.3  23.5  14.7 99.0 99.00
2016 01 02 11 50 344  6.4  7.7  1.42  6.25  5.03 261 9999.0  18.8  23.4  15.9 99.0 99.00
2016 01 02 12 50   2 10.1 12.0  1.35  5.88  5.03 279 9999.0  19.0  23.4  15.9 99.0 99.00
2016 01 02 13 50  13  8.3 10.1  1.54  6.25  4.63 278 9999.0  18.4  23.4  15.3 99.0 99.00
2016 01 02 14 50  22  7.7  9.0  1.46  5.88  4.84 346 9999.0  17.6  23.3  14.7 99.0 99.00
2016 01 02 15 50  23  5.9  8.0  1.48  6.67  5.11  18 9999.0  18.3  23.3  14.3 99.0 99.00
2016 01 02 16 50  16  6.7  8.2  1.51  6.67  5.22  35 9999.0  18.9  23.3  14.0 99.0 99.00
2016 01 02 17 50   4  9.8 11.5  1.41  6.25  5.06 359 9999.0  18.9  23.3  14.2 99.0 99.00
2016 01 02 18 50   2  9.2 11.5  1.48  7.14  4.74  32 9999.0  18.4  23.3  13.4 99.0 99.00
2016 01 02 19 50  12  8.8 11.1  1.57  6.67  4.92  18 9999.0  18.0  23.3  12.0 99.0 99.00
2016 01 02 20 50   8  7.5  9.5  1.56  7.14  5.01  15 9999.0  17.9  23.3  11.7 99.0 99.00
2016 01 02 21 50 360  7.4 10.1  1.56  6.67  5.23  13 9999.0  17.9  23.3  11.6 99.0 99.00
2016 01 02 22 50   5  6.7  8.5  1.54  6.67  5.17 357 9999.0  17.9  23.2  10.8 99.0 99.00
2016 01 02 23 50   4  5.2  6.9  1.43  5.88  5.21 359 9999.0  17.9  23.2   9.3 99.0 99.00
2016 01 03 00 50   1  5.8  7.5  1.34  6.25  5.39  12 9999.0  17.9  23.2   9.9 99.0 99.00
2016 01 03 01 50   1  5.2  6.8  1.31  7.14  5.54  29 9999.0  17.8  23.2  10.0 99.0 99.00
2016 01 03 02 50 349  4.6  6.3  1.22  7.69  5.76  57 9999.0  17.8  23.3   9.7 99.0 99.00
2016 01 03 03 50 355  3.0  4.6  1.11  6.67  5.69  38 9999.0  17.7  23.7   9.5 99.0 99.00
2016 01 03 04 50   6  3.4  5.3  1.22  6.67  5.88  15 9999.0  18.0  23.8  10.2 99.0 99.00
2016 01 03 05 50   5  3.1  4.4  1.18  8.33  6.09 115 9999.0  18.0  23.9  10.1 99.0 99.00
2016 01 03 06 50   8  2.9  4.1  1.17  9.09  6.31 110 9999.0  18.2  23.8  10.3 99.0 99.00
2016 01 03 07 50  15  2.5  3.7  1.20  9.09  6.39  95 9999.0  18.5  23.8  10.6 99.0 99.00
2016 01 03 08 50  28  1.6  2.6  1.26 10.00  6.52 123 9999.0  18.5  23.8  10.2 99.0 99.00
2016 01 03 09 50 356  1.7  3.2  1.20  9.09  6.40 102 9999.0  18.6  23.7   9.9 99.0 99.00
2016 01 03 10 50 351  2.6  4.8  1.28  8.33  6.79  79 9999.0  18.0  23.7   8.5 99.0 99.00
2016 01 03 11 50 355  4.1  5.6  1.22  8.33  6.67  58 9999.0  16.6  23.6   9.9 99.0 99.00
2016 01 03 12 50  11  3.9  5.4  1.33  8.33  6.80  63 9999.0  16.0  23.4   9.1 99.0 99.00
2016 01 03 13 50  15  3.4  5.1  1.22  9.09  6.65  84 9999.0  15.3  23.3   9.6 99.0 99.00
2016 01 03 14 50  62  3.3  4.4  1.17  8.33  6.71  75 9999.0  15.3  23.2  10.4 99.0 99.00
2016 01 03 15 50  50  1.0  1.8  1.25  9.09  6.77  87 9999.0  14.9  23.2  10.3 99.0 99.00
2016 01 03 16 50 140  1.0  2.0  1.07  8.33  6.55  68 9999.0  14.9  23.2  11.2 99.0 99.00
2016 01 03 17 50 137  1.6  2.7  1.13  8.33  6.55  64 9999.0  15.3  23.2  12.0 99.0 99.00
2016 01 03 18 50 167  2.3  3.3  1.14  9.09  6.78  85 9999.0  15.7  23.2  12.7 99.0 99.00
2016 01 03 19 50 145  1.7  2.9  1.08  8.33  6.88  67 9999.0  16.1  23.1  13.2 99.0 99.00
2016 01 03 20 50 240  0.5  1.7  1.09  9.09  6.92  95 9999.0  16.3  23.1  13.1 99.0 99.00
2016 01 03 21 50 173  1.8  2.8  0.94  9.09  6.97 100 9999.0  16.8  23.0  13.6 99.0 99.00
2016 01 03 22 50 165  3.3  4.3  0.96  8.33  6.97  90 9999.0  17.1  23.0  13.5 99.0 99.00
2016 01 03 23 50 154  3.6  5.0  0.97  9.09  7.24 113 9999.0  16.9  22.9  13.7 99.0 99.00
2016 01 04 00 50 161  4.4  5.4  0.89  9.09  7.12 112 9999.0  17.0  22.9  13.7 99.0 99.00
2016 01 04 01 50 160  4.4  6.2  0.82  9.09  6.91 115 9999.0  17.2  22.9  13.8 99.0 99.00
2016 01 04 02 50 156  4.8  6.2  0.95  9.09  6.83 109 9999.0  17.1  22.9  14.1 99.0 99.00
2016 01 04 03 50 162  4.0  5.2  0.91  8.33  6.88 107 9999.0  16.8  22.9  14.1 99.0 99.00
2016 01 04 04 50 165  3.3  4.6  0.94  8.33  6.77 118 9999.0  16.4  22.8  14.3 99.0 99.00
2016 01 04 05 50 164  2.5  3.7  0.87  7.69  6.77 118 9999.0  16.3  22.7  14.0 99.0 99.00
2016 01 04 06 50 130  2.8  3.9  0.84  9.09  7.00 126 9999.0  16.2  22.6  14.6 99.0 99.00
2016 01 04 07 50   9  3.2  4.3  0.98  9.09  7.28 112 9999.0  16.1  22.6  14.8 99.0 99.00
2016 01 04 08 50 357  9.1 11.4  0.96  9.09  5.53 107 9999.0  16.6  22.7  15.0 99.0 99.00
2016 01 04 09 50 350 10.8 12.7  1.15  8.33  4.44 105 9999.0  16.5  22.7  15.0 99.0 99.00
2016 01 04 10 50   2  8.8 10.3  1.28  5.00  4.54 316 9999.0  16.6  22.9  14.6 99.0 99.00
2016 01 04 11 50 355  5.3  6.5  1.24  5.00  4.66 320 9999.0  15.8  23.0  14.2 99.0 99.00
2016 01 04 12 50 327  6.2  8.0  1.20  9.09  4.98 103 9999.0  16.3  23.1  14.4 99.0 99.00
2016 01 04 13 50 314  7.4  9.1  1.11  4.35  4.78 334 9999.0  16.2  23.1  12.3 99.0 99.00
2016 01 04 14 50 351  4.8  6.4  1.09  9.09  4.80  98 9999.0  15.7  23.2  11.4 99.0 99.00
2016 01 04 15 50 334  3.2  5.2  0.96 10.00  5.19 109 9999.0  16.0  23.2  12.7 99.0 99.00
2016 01 04 16 50 296  4.3  6.1  0.90 10.00  5.23 111 9999.0  17.7  23.2  11.4 99.0 99.00
2016 01 04 17 50 312  6.2  9.4  0.92 10.00  5.29 107 9999.0  18.6  23.3  12.2 99.0 99.00
2016 01 04 18 50 314  9.0 11.3  1.00  9.09  4.70 104 9999.0  18.5  23.3  11.0 99.0 99.00
2016 01 04 20 50 329  8.8 10.7  1.11  4.17  4.55 308 9999.0  18.0  23.3   9.3 99.0 99.00
2016 01 04 21 50 326  7.6 10.2  1.21  4.55  4.50 320 9999.0  18.1  23.3   9.6 99.0 99.00
2016 01 04 22 50 334 10.5 13.0  1.26  4.55  4.55 318 9999.0  17.7  23.3  11.4 99.0 99.00
2016 01 04 23 50 332 12.4 16.0  1.53  5.26  4.47 334 9999.0  17.1  23.3  10.8 99.0 99.00
2016 01 05 00 50 333 13.1 16.1  1.76  5.88  4.86 327 9999.0  16.3  23.2  10.2 99.0 99.00
2016 01 05 01 50 324 12.5 14.7  2.19  6.67  5.26 328 9999.0  16.0  23.2   9.2 99.0 99.00
2016 01 05 02 50 333 13.8 17.3  2.83  7.14  5.79 333 9999.0  14.8  23.2   9.3 99.0 99.00
2016 01 05 03 50 329 14.8 17.8  2.88  7.14  5.97 330 9999.0  14.1  23.1   8.3 99.0 99.00
2016 01 05 04 50 336 12.5 16.0  3.42  8.33  6.26 339 9999.0  13.1  23.0   7.4 99.0 99.00
2016 01 05 05 50 345 12.7 15.6  3.43  7.69  6.32 339 9999.0  12.3  22.9   6.5 99.0 99.00
2016 01 05 06 50 337 11.9 16.2  3.02  9.09  6.18 347 9999.0  12.6  22.9   6.1 99.0 99.00
2016 01 05 07 50 338  9.1 13.5  3.49  9.09  6.39   4 9999.0  11.3  22.8   6.4 99.0 99.00
2016 01 05 08 50 338 12.3 14.9  3.66  9.09  6.66 358 9999.0  11.5  22.7   5.3 99.0 99.00
2016 01 05 09 50 349 12.1 16.6  3.89 10.00  7.06   5 9999.0  10.6  22.7   5.0 99.0 99.00
2016 01 05 10 50 341 12.2 15.5  3.47  9.09  6.81 347 9999.0  11.3  22.6   3.5 99.0 99.00
2016 01 05 11 50 346 12.6 16.0  3.45  9.09  6.76   6 9999.0  10.9  22.5   5.4 99.0 99.00
2016 01 05 12 50 349 10.8 13.4  3.46  9.09  6.66 355 9999.0  10.1  22.5   5.0 99.0 99.00
2016 01 05 13 50   2 11.6 14.1  3.65 10.00  6.74  14 9999.0  11.2  22.5   3.8 99.0 99.00
2016 01 05 14 50 359  9.7 12.5  3.25  9.09  6.64  13 9999.0  11.4  22.6   5.5 99.0 99.00
2016 01 05 15 50   8 10.1 13.9  3.28  9.09  6.73 358 9999.0  11.4  22.7   6.8 99.0 99.00
2016 01 05 16 50  13 13.0 16.3  3.36 10.00  6.87  15 9999.0  12.1  22.7   7.5 99.0 99.00
2016 01 05 17 50  10  9.7 12.2  3.52 10.81  6.92  18 9999.0  12.4  22.8   6.0 99.0 99.00
2016 01 05 18 50   4 10.7 13.5  3.70 10.81  7.37  21 9999.0  12.4  22.9   5.9 99.0 99.00
2016 01 05 19 50  17 10.0 15.4  3.49 11.43  7.20  24 9999.0  12.8  22.9   6.2 99.0 99.00
2016 01 05 20 50  41 11.8 15.7  3.24 10.00  6.93  24 9999.0  13.2  22.9   7.2 99.0 99.00
2016 01 05 21 50  38  9.2 13.9  3.11 10.81  6.65  20 9999.0  13.6  22.9   6.8 99.0 99.00
2016 01 05 22 50  46  9.8 12.6  3.15 12.12  6.62  27 9999.0  14.4  22.9   6.8 99.0 99.00
2016 01 05 23 50  54  8.5 13.8  2.94 11.43  6.52  23 9999.0  14.7  22.9   5.8 99.0 99.00
2016 01 06 00 50  68  9.4 11.8  3.09 11.43  6.89  28 9999.0  15.4  22.9   6.9 99.0 99.00
2016 01 06 01 50  57  8.2 10.8 99.00 99.00 99.00 999 9999.0  14.8  22.9   8.9 99.0 99.00
2016 01 06 02 50  74  8.7 10.8  2.97 10.81  6.92  19 9999.0  16.0  22.9   8.6 99.0 99.00
2016 01 06 03 50  83  8.9 11.4  3.17 10.81  7.31  24 9999.0  16.6  22.9   8.1 99.0 99.00
2016 01 06 04 50  87  9.0 11.2  3.08 10.00  7.28  20 9999.0  16.6  22.9   8.5 99.0 99.00
2016 01 06 05 50  89  8.1 10.5  3.48 14.81  7.81  40 9999.0  16.3  22.9   8.1 99.0 99.00
2016 01 06 06 50  92  7.9 10.7  3.61 13.79  8.36  33 9999.0  16.6  22.9  10.1 99.0 99.00
2016 01 06 07 50  69  7.4 10.1  3.41 12.90  7.89  32 9999.0  16.5  22.9   9.8 99.0 99.00
2016 01 06 08 50  82  9.0 11.8  3.80 12.90  8.67  32 9999.0  16.4  22.9  11.5 99.0 99.00
2016 01 06 09 50  69  9.8 12.2  3.52 13.79  7.99  27 9999.0  16.6  23.0  12.3 99.0 99.00
2016 01 06 10 50  71 10.7 13.4  3.57 12.12  7.78  24 9999.0  15.8  23.0  13.3 99.0 99.00
2016 01 06 11 50  94 11.1 15.1  3.53 12.90  7.68  30 9999.0  17.3  23.0  13.4 99.0 99.00
2016 01 06 13 50  70  9.4 12.2  3.48 12.90  7.85  29 9999.0  17.4  23.1  12.6 99.0 99.00
2016 01 06 14 50  73  9.3 11.7  3.47 11.43  7.78  27 9999.0  18.0  23.1  12.9 99.0 99.00
2016 01 06 15 50  70 10.8 13.1  3.45 12.90  7.57  39 9999.0  17.8  23.1  14.2 99.0 99.00
2016 01 06 16 50  76 10.5 12.4  3.37 13.79  7.52  55 9999.0  17.9  23.1  13.5 99.0 99.00
2016 01 06 17 50  97 10.0 12.8  3.70 12.12  7.85  37 9999.0  18.6  23.1  12.7 99.0 99.00
2016 01 06 18 50  96 10.6 12.3  3.82 12.90  7.72  45 9999.0  18.3  23.0  13.0 99.0 99.00
2016 01 06 19 50  95 12.3 14.6  3.31 12.12  7.24  50 9999.0  18.0  22.9  13.9 99.0 99.00
2016 01 06 20 50  98 11.6 14.1  3.45 12.90  7.23  45 9999.0  18.5  22.8  13.6 99.0 99.00
2016 01 06 21 50 101 11.5 13.6  3.43 12.12  7.34  42 9999.0  18.7  22.6  14.0 99.0 99.00
2016 01 06 22 50  98 10.9 13.3  3.33 12.90  7.10  43 9999.0  19.2  22.6  13.2 99.0 99.00
2016 01 06 23 50  94 12.2 14.6  3.78 12.12  7.34  37 9999.0  19.0  22.6  13.5 99.0 99.00
2016 01 07 00 50  87 12.1 14.4  3.75 12.12  7.21  34 9999.0  19.0  22.5  14.0 99.0 99.00
2016 01 07 01 50  81 11.2 13.9  3.58 12.12  7.08  37 9999.0  18.1  22.5  14.8 99.0 99.00
2016 01 07 02 50  79 13.2 16.0  3.55 13.79  6.95  37 9999.0  18.0  22.5  14.9 99.0 99.00
2016 01 07 04 50  74 13.8 17.1  3.78 12.90  7.07  39 9999.0  18.9  22.6  14.9 99.0 99.00
2016 01 07 05 50  74 13.2 15.8  3.71  7.14  6.67  69 9999.0  18.5  22.5  15.4 99.0 99.00
2016 01 07 06 50  75 13.5 15.6  3.71 13.79  6.98  53 9999.0  18.7  22.4  15.5 99.0 99.00
2016 01 07 07 50  77 13.6 17.7  4.05 12.12  7.08  44 9999.0  18.5  22.3  16.1 99.0 99.00
2016 01 07 08 50  64 12.9 15.9  4.12  7.69  7.07  67 9999.0  17.8  22.3  15.3 99.0 99.00
2016 01 07 09 50  62 13.3 16.5  3.98 12.90  7.16  44 9999.0  17.7  22.2  15.9 99.0 99.00
2016 01 07 10 50  61 14.0 16.5  3.90 12.12  6.96  44 9999.0  18.1  22.2  15.6 99.0 99.00
2016 01 07 11 50  66 14.8 17.3  4.01 12.12  7.10  54 9999.0  17.6  22.2  16.2 99.0 99.00
2016 01 07 12 50  55 15.2 20.6  4.12  9.09  7.17  71 9999.0  17.9  22.2  15.0 99.0 99.00
2016 01 07 13 50  68 14.9 17.4  4.47  9.09  7.32  84 9999.0  18.5  22.2  15.3 99.0 99.00
2016 01 07 14 50  67 14.4 16.9  4.08  8.33  6.75  68 9999.0  18.4  22.2  14.7 99.0 99.00
2016 01 07 15 50  59 15.4 18.5  3.99  8.33  6.76  74 9999.0  18.8  22.2  15.4 99.0 99.00
2016 01 07 16 50  52 14.3 17.4  4.33  9.09  7.16  76 9999.0  18.9  22.2  15.3 99.0 99.00
2016 01 07 17 50  47 13.4 16.7  4.55  9.09  7.29  74 9999.0  19.0  22.3  15.6 99.0 99.00
2016 01 07 18 50  36 13.4 16.2  4.48 10.00  7.14  80 9999.0  18.6  22.3  14.4 99.0 99.00
2016 01 07 19 50  31 13.5 16.9  4.71 10.00  7.29  69 9999.0  19.2  22.3  14.6 99.0 99.00
2016 01 07 20 50  26 12.5 15.0  4.44 10.00  7.46  80 9999.0  19.5  22.4  14.1 99.0 99.00
2016 01 07 21 50  17 12.2 15.7  4.51 10.00  7.27  72 9999.0  19.3  22.4  14.5 99.0 99.00
2016 01 07 22 50  24 11.8 14.1  4.78 10.00  7.58  63 9999.0  19.8  22.4  14.5 99.0 99.00
2016 01 07 23 50  28 10.0 12.9  4.33 10.00  7.38  65 9999.0  19.5  22.4  15.2 99.0 99.00
2016 01 08 00 50   8  9.3 12.0  4.64 10.81  7.76  70 9999.0  19.8  22.4  15.3 99.0 99.00
2016 01 08 01 50  14 10.1 12.1  4.17 10.00  7.57  59 9999.0  19.6  22.4  14.8 99.0 99.00
2016 01 08 02 50  16  9.2 11.5  3.70 10.81  7.32  64 9999.0  19.5  22.4  15.4 99.0 99.00
2016 01 08 03 50   6  8.3 10.6  4.34 10.81  7.79  62 9999.0  19.9  22.4  15.4 99.0 99.00
2016 01 08 04 50   9  8.7 10.6  3.71 11.43  7.52  60 9999.0  20.2  22.4  14.4 99.0 99.00
2016 01 08 05 50  14  8.5 10.7  3.95 10.81  7.84  62 9999.0  20.2  22.4  14.2 99.0 99.00
2016 01 08 06 50  23  8.0 10.6  4.24 10.81  8.10  58 9999.0  20.1  22.4  14.0 99.0 99.00
2016 01 08 07 50  22  7.5  9.4  4.33 10.81  8.21  61 9999.0  20.1  22.4  13.6 99.0 99.00
2016 01 08 08 50  14  7.4  9.3  4.07 12.12  8.04  53 9999.0  20.1  22.4  13.9 99.0 99.00
2016 01 08 09 50  35  7.2  9.2  4.00 11.43  8.17  59 9999.0  20.1  22.4  14.2 99.0 99.00
2016 01 08 10 50  27  5.6  7.1  4.05 12.12  8.17  62 9999.0  20.3  22.4  13.5 99.0 99.00
2016 01 08 11 50  42  5.9  7.6  3.93 11.43  8.22  56 9999.0  20.3  22.4  13.5 99.0 99.00
2016 01 08 12 50  18  2.5  3.8  3.86 12.12  8.53  56 9999.0  20.5  22.4  13.4 99.0 99.00
2016 01 08 13 50  50  4.8  6.4  4.45 12.12  8.99  54 9999.0  20.5  22.4  13.8 99.0 99.00
2016 01 08 14 50  70  3.5  5.9  3.83 12.12  8.49  59 9999.0  20.6  22.4  13.3 99.0 99.00
2016 01 08 15 50 106  2.8  4.4  4.31 11.43  8.74  65 9999.0  20.6  22.4  13.2 99.0 99.00
2016 01 08 16 50  75  5.4  7.0  3.94 10.81  8.57  56 9999.0  20.3  22.4  14.8 99.0 99.00
2016 01 08 17 50  93  2.8  4.4  3.70 11.43  8.28  50 9999.0  20.4  22.5  14.0 99.0 99.00
2016 01 08 18 50 104  3.3  4.7  4.24 11.43  8.76  58 9999.0  20.3  22.5  13.8 99.0 99.00
2016 01 08 19 50  87  3.3  5.0  4.02 12.12  8.60  55 9999.0  20.5  22.4  13.8 99.0 99.00
2016 01 08 20 50  87  4.6  6.2  3.94 12.12  8.50  51 9999.0  20.5  22.4  13.9 99.0 99.00
2016 01 08 21 50 106  3.3  4.5  4.04 11.43  8.70  58 9999.0  20.5  22.4  13.4 99.0 99.00
2016 01 08 22 50  80  4.2  6.3  3.65 12.12  8.34  54 9999.0  20.5  22.3  13.9 99.0 99.00
2016 01 08 23 50  88  5.7  7.3  3.80 12.12  8.67  50 9999.0  20.4  22.3  13.8 99.0 99.00
2016 01 09 00 50  92  5.1  6.7  3.85 11.43  8.95  51 9999.0  20.3  22.3  13.5 99.0 99.00
2016 01 09 01 50  91  5.3  6.9  3.71 12.12  8.61  52 9999.0  20.3  22.3  13.2 99.0 99.00
2016 01 09 02 50 112  4.8  6.3  3.68 10.81  8.57  51 9999.0  20.3  22.2  13.3 99.0 99.00
2016 01 09 03 50 105  5.0  6.1  3.71 12.12  8.97  52 9999.0  20.2  22.2  13.8 99.0 99.00
2016 01 09 04 50 100  5.2  6.8  3.87 11.43  8.93  53 9999.0  20.1  22.2  13.6 99.0 99.00
2016 01 09 05 50 100  5.3  6.9  3.65 12.12  8.98  50 9999.0  20.0  22.1  13.6 99.0 99.00
2016 01 09 06 50 107  4.3  5.9  3.12 11.43  8.33  58 9999.0  20.1  22.1  13.8 99.0 99.00
2016 01 09 07 50 109  4.9  6.3  3.06 11.43  8.45  52 9999.0  20.0  22.1  13.9 99.0 99.00
2016 01 09 08 50 114  4.4  5.8  3.33 10.81  8.85  56 9999.0  20.0  22.1  13.9 99.0 99.00
2016 01 09 09 50 109  4.6  6.0  2.84 11.43  8.17  59 9999.0  20.0  22.1  14.0 99.0 99.00
2016 01 09 10 50 111  5.2  6.5  2.90 10.81  8.28  50 9999.0  19.9  22.1  13.7 99.0 99.00
2016 01 09 11 50 109  5.2  6.9  2.85 10.81  8.36  55 9999.0  19.9  22.1  13.9 99.0 99.00
2016 01 09 12 50 122  5.6  6.8  2.42 11.43  7.80  53 9999.0  20.0  22.1  14.0 99.0 99.00
2016 01 09 13 50 129  6.0  7.3  2.56 10.81  8.26  55 9999.0  20.1  22.4  14.1 99.0 99.00
2016 01 09 14 50 137  6.9  8.5  2.29 10.81  7.77  57 9999.0  20.3  22.5  14.7 99.0 99.00
2016 01 09 15 50 132  5.8  7.3  2.57 10.81  8.47  63 9999.0  20.4  22.6  15.3 99.0 99.00
2016 01 09 16 50 151  5.4  7.3  2.33 10.81  8.03  47 9999.0  20.6  22.6  15.4 99.0 99.00
2016 01 09 17 50 145  7.0  8.6  2.68 10.81  8.28  55 9999.0  20.7  22.7  15.8 99.0 99.00
2016 01 09 18 50 148  8.2 10.0  2.64 10.81  8.01  60 9999.0  20.7  22.7  15.9 99.0 99.00
2016 01 09 19 50 158  8.1  9.5  2.60 10.81  7.70  67 9999.0  20.9  22.7  15.8 99.0 99.00
2016 01 09 20 50 162  7.2  8.6  2.69 10.81  7.66  64 9999.0  20.2  22.7  15.7 99.0 99.00
2016 01 09 21 50 151  8.3 10.1  2.72 10.00  7.64  62 9999.0  20.4  22.7  16.2 99.0 99.00
2016 01 09 22 50 167  9.7 11.9  2.73 10.81  7.64  64 9999.0  21.1  22.8  17.0 99.0 99.00
2016 01 09 23 50 157  9.8 11.9  2.95 11.43  7.83  65 9999.0  21.2  22.8  17.5 99.0 99.00
2016 01 10 00 50 168 10.4 13.0  2.48 11.43  6.32  70 9999.0  21.4  22.8  17.1 99.0 99.00
2016 01 10 01 50 171 11.6 13.6  2.71 10.81  6.97  60 9999.0  21.4  22.8  17.5 99.0 99.00
2016 01 10 02 50 172 10.8 13.3  3.31 11.43  7.22  61 9999.0  21.5  22.8  17.4 99.0 99.00
2016 01 10 04 50 172 11.0 14.2  3.09 11.43  7.10  47 9999.0  21.5  22.8  18.2 99.0 99.00
2016 01 10 05 50 181 12.0 14.4  3.14 11.43  7.45  52 9999.0  21.5  22.8  17.8 99.0 99.00
2016 01 10 06 50 182 10.1 12.0  3.25 11.43  7.19  52 9999.0  21.6  22.8  18.7 99.0 99.00
2016 01 10 07 50 178  9.9 11.2  3.26 12.12  7.07  57 9999.0  21.9  22.8  19.2 99.0 99.00
2016 01 10 08 50 183 10.3 12.3  3.09 12.12  6.97  54 9999.0  22.1  22.8  19.6 99.0 99.00
2016 01 10 09 50 186 10.2 12.3  3.05 11.43  6.86  53 9999.0  22.2  22.7  19.9 99.0 99.00
2016 01 10 10 50 187 10.4 12.6  2.85 12.12  6.77  61 9999.0  22.4  22.7  20.4 99.0 99.00
2016 01 10 11 50 192  9.6 11.9  2.81 12.12  6.82  57 9999.0  22.5  22.7  20.7 99.0 99.00
2016 01 10 12 50 192  9.9 12.4  2.75  6.67  6.81 170 9999.0  22.6  22.8  20.8 99.0 99.00
2016 01 10 13 50 192 10.3 12.8  2.75 10.81  6.94  54 9999.0  22.8  22.8  20.9 99.0 99.00
2016 01 10 14 50 191  9.5 11.7  2.75 12.12  6.79  52 9999.0  22.9  22.8  21.3 99.0 99.00
2016 01 10 15 50 194 10.6 13.2  2.58 12.12  6.69  47 9999.0  22.9  22.8  21.4 99.0 99.00
2016 01 10 16 50 205 11.3 14.6  2.73 12.12  6.89  56 9999.0  23.3  22.9  21.3 99.0 99.00
2016 01 10 17 50 220 10.6 13.2  2.89 11.43  6.57  55 9999.0  23.3  22.9  21.3 99.0 99.00
2016 01 10 18 50 231 10.6 12.7  2.64 11.43  6.39  46 9999.0  23.3  22.9  21.2 99.0 99.00
2016 01 10 19 50 241 10.2 14.0  2.64 12.12  6.52  46 9999.0  23.3  23.0  21.1 99.0 99.00
2016 01 10 20 50 250 10.8 13.5  2.74 12.90  6.57  42 9999.0  23.3  22.9  19.7 99.0 99.00
2016 01 10 21 50 248 10.0 12.5  2.71 12.12  6.54  52 9999.0  23.2  22.8  20.0 99.0 99.00
2016 01 10 22 50 271 11.7 14.4  2.75 10.81  6.43  31 9999.0  22.5  22.7  18.5 99.0 99.00
2016 01 10 23 50 267 12.1 15.0  2.93 11.43  6.70  34 9999.0  22.3  22.7  17.2 99.0 99.00
2016 01 11 00 50 265 11.3 14.2  3.69 12.90  7.02  33 9999.0  22.3  22.6  14.5 99.0 99.00
2016 01 11 01 50 267 11.2 14.9  3.55 12.90  7.05  12 9999.0  21.8  22.5  15.7 99.0 99.00
2016 01 11 02 50 262 12.3 14.5  3.72  9.09  7.08 287 9999.0  21.6  22.4  12.2 99.0 99.00
2016 01 11 03 50 265 11.8 15.4  3.85  8.33  7.08 285 9999.0  20.9  22.4  13.4 99.0 99.00
2016 01 11 04 50 269 12.1 15.1  3.71  8.33  7.08 287 9999.0  20.4  22.3  13.0 99.0 99.00
2016 01 11 05 50 279 12.0 15.2  3.84  9.09  7.17 275 9999.0  20.1  22.3  12.5 99.0 99.00
2016 01 11 06 50 280 11.4 14.4  3.62  8.33  7.09 285 9999.0  19.8  22.2  12.3 99.0 99.00
2016 01 11 07 50 280 11.4 14.7  3.57  9.09  7.20 272 9999.0  19.6  22.1  10.3 99.0 99.00
2016 01 11 08 50 269 10.3 12.6  3.52  9.09  6.96 274 9999.0  19.4  22.1  10.3 99.0 99.00
2016 01 11 09 50 282  9.9 12.6  3.98  9.09  7.38 275 9999.0  19.1  22.0  10.6 99.0 99.00
2016 01 11 10 50 284 10.7 13.1  3.79  9.09  7.44 274 9999.0  18.7  22.0  10.6 99.0 99.00
2016 01 11 11 50 283  9.6 12.6  3.78  9.09  7.52 266 9999.0  18.1  22.0  11.5 99.0 99.00
2016 01 11 12 50 283  9.7 12.1  3.51  9.09  7.32 267 9999.0  17.8  21.9   9.6 99.0 99.00
2016 01 11 13 50 279  8.2 10.8  3.32  9.09  7.34 276 9999.0  17.4  21.9   8.6 99.0 99.00
2016 01 11 14 50 291  7.8 10.5  3.21  9.09  7.35 266 9999.0  17.0  21.9   9.3 99.0 99.00
2016 01 11 15 50 293  7.2  9.8  3.14  8.33  7.26 261 9999.0  17.0  21.9   8.6 99.0 99.00
2016 01 11 16 50 300  7.6 10.0  3.49  9.09  7.42 267 9999.0  16.8  21.9   8.9 99.0 99.00
2016 01 11 17 50 299  6.3  8.7  3.34  9.09  7.56 270 9999.0  16.6  21.9   8.3 99.0 99.00
2016 01 11 18 50 276  4.5  6.6  2.96  8.33  7.51 270 9999.0  16.7  22.0   6.3 99.0 99.00
2016 01 11 19 50 303  6.1  8.3  2.64  9.09  7.32 256 9999.0  16.2  22.1   9.5 99.0 99.00
2016 01 11 20 50 306  6.6  8.7  2.66  7.69  7.15 262 9999.0  16.0  22.0   9.2 99.0 99.00
2016 01 11 21 50 306  6.3  8.7  2.73  8.33  7.14 260 9999.0  15.8  22.0   8.3 99.0 99.00
2016 01 11 22 50 317  6.9  8.7  2.65  8.33  7.23 268 9999.0  15.5  22.0   7.8 99.0 99.00
2016 01 11 23 50 308  5.3  6.9  2.58 14.81  7.16  52 9999.0  15.4  22.0   7.2 99.0 99.00
2016 01 12 00 50 305  5.3  7.8  2.65 12.90  7.29  45 9999.0  15.3  21.9   5.9 99.0 99.00
2016 01 12 01 50 299  3.0  4.9  2.31 12.90  7.12  47 9999.0  15.1  21.9   6.1 99.0 99.00
2016 01 12 02 50 291  2.5  4.8  2.49 13.79  7.13  60 9999.0  15.1  21.9   5.8 99.0 99.00
2016 01 12 03 50 276  3.9  6.1  2.12 12.90  7.10  70 9999.0  15.4  21.9   5.8 99.0 99.00
2016 01 12 04 50 255  4.7  7.4  2.38 14.81  7.46  63 9999.0  15.4  21.9   5.7 99.0 99.00
2016 01 12 05 50 289  4.2  5.9  2.23 13.79  7.34  62 9999.0  15.4  21.9   6.4 99.0 99.00
2016 01 12 06 50 239  3.3  5.3  2.23 12.90  7.58  74 9999.0  15.6  21.9   5.9 99.0 99.00
2016 01 12 07 50 260  7.3 10.2  2.02 13.79  7.39  52 9999.0  15.8  21.9   7.7 99.0 99.00
2016 01 12 08 50 253  4.9  7.6  2.11 13.79  7.88  78 9999.0  15.7  21.9   5.5 99.0 99.00
2016 01 12 09 50 261  4.6  7.2  2.11 13.79  7.64  76 9999.0  15.6  21.9   5.6 99.0 99.00
2016 01 12 10 50 274  5.6  6.9  1.89 13.79  7.64  68 9999.0  15.7  21.9   7.0 99.0 99.00
2016 01 12 11 50 271  5.5  7.6  1.87 13.79  7.49  74 9999.0  15.8  21.9   7.3 99.0 99.00
2016 01 12 12 50 268  5.8  8.4  2.08 12.90  7.94  72 9999.0  15.9  21.9   7.1 99.0 99.00
2016 01 12 13 50 266  5.9  8.4  2.06 12.12  7.99  57 9999.0  16.3  21.9   7.8 99.0 99.00
2016 01 12 14 50 258  7.2  9.7  2.10 13.79  7.96  64 9999.0  16.3  21.9   7.2 99.0 99.00
2016 01 12 15 50 259  6.0  8.2  1.85 13.79  7.47  68 9999.0  16.5  22.0   7.3 99.0 99.00
2016 01 12 16 50 263  5.9  8.7  2.00 12.12  7.59  66 9999.0  16.5  22.0   7.2 99.0 99.00
2016 01 12 17 50 268  7.0  9.0  1.91 12.90  7.37  66 9999.0  16.7  22.0   7.3 99.0 99.00
2016 01 12 18 50 266  7.1  9.6  1.87 12.90  6.97  35 9999.0  16.8  22.1   8.3 99.0 99.00
2016 01 12 19 50 267  8.4 11.2  1.78 13.79  6.79  68 9999.0  17.0  22.0   7.9 99.0 99.00
2016 01 12 20 50 266  9.0 11.1  1.89 13.79  6.73  37 9999.0  17.2  22.0   8.4 99.0 99.00
2016 01 12 21 50 265  9.1 11.7  1.95 13.79  6.56  46 9999.0  17.5  22.0   8.6 99.0 99.00
2016 01 12 22 50 271  9.7 12.1  2.03 13.79  6.12  33 9999.0  17.3  22.0   8.3 99.0 99.00
2016 01 12 23 50 263 10.4 13.6  1.95 13.79  6.18  73 9999.0  17.4  21.9   7.6 99.0 99.00
2016 01 13 00 50 264  9.9 15.2  2.00 14.81  5.82  36 9999.0  17.4  21.9   7.6 99.0 99.00
2016 01 13 01 50 263 11.3 14.0  2.08  5.88  5.75 273 9999.0  17.5  21.9   7.5 99.0 99.00
2016 01 13 02 50 272 10.9 13.2  2.51 13.79  6.28  51 9999.0  17.7  21.8   8.8 99.0 99.00
2016 01 13 03 50 271 11.5 14.2  2.55  6.67  5.89 280 9999.0  17.8  21.8   9.0 99.0 99.00
2016 01 13 04 50 276 12.2 14.4  2.94  7.69  6.19 284 9999.0  17.8  21.8   8.3 99.0 99.00
2016 01 13 05 50 283 10.9 14.4  3.07  7.69  6.48 282 9999.0  17.8  21.8   8.4 99.0 99.00
2016 01 13 06 50 282 11.2 14.0  3.22  7.69  6.63 288 9999.0  17.6  21.8   8.3 99.0 99.00
2016 01 13 07 50 296 12.2 16.5  2.90  7.69  6.41 285 9999.0  17.1  21.7   8.4 99.0 99.00
2016 01 13 08 50 298 11.3 14.1  3.51  8.33  6.84 294 9999.0  16.9  21.7   8.4 99.0 99.00
2016 01 13 09 50 300 10.6 13.1  3.50  9.09  6.92 306 9999.0  16.6  21.7   7.5 99.0 99.00
2016 01 13 10 50 291 10.1 13.2  2.96  8.33  6.45 294 9999.0  16.7  21.7   7.6 99.0 99.00
2016 01 13 11 50 294  9.4 11.9  2.90  8.33  6.53 305 9999.0  16.4  21.7   6.5 99.0 99.00
2016 01 13 12 50 294  9.0 11.1  3.04  8.33  6.90 307 9999.0  16.4  21.7   6.7 99.0 99.00
2016 01 13 13 50 300  7.9 10.5  2.73  8.33  6.53 295 9999.0  16.2  21.7   6.3 99.0 99.00
2016 01 13 14 50 293  7.5  9.6  2.84  9.09  6.85 291 9999.0  16.4  21.7   7.2 99.0 99.00
2016 01 13 15 50 298  6.7  8.8  2.54  7.69  6.65 297 9999.0  16.1  21.7   6.8 99.0 99.00
2016 01 13 16 50 300  6.0  8.7  2.60  8.33  6.93 291 9999.0  15.9  21.7   7.3 99.0 99.00
2016 01 13 17 50 295  4.7  7.4  2.35  8.33  6.66 287 9999.0  15.9  21.7   7.4 99.0 99.00
2016 01 13 18 50 291  5.6  8.3  2.34  8.33  6.46 284 9999.0  15.8  21.7   7.2 99.0 99.00
2016 01 13 19 50 290  5.4  8.2  2.08  8.33  6.46 288 9999.0  15.9  21.7   7.3 99.0 99.00
2016 01 13 20 50 287  5.6  7.8  2.14  7.69  6.57 292 9999.0  16.1  21.8   7.4 99.0 99.00
2016 01 13 21 50 278  6.3  8.4  1.90  8.33  6.22 274 9999.0  16.3  21.7   6.6 99.0 99.00
2016 01 13 22 50 286  6.0  8.3  1.96  7.69  6.25 289 9999.0  16.4  21.7   7.6 99.0 99.00
2016 01 13 23 50 276  7.5  9.7  1.90  7.69  6.00 279 9999.0  16.5  21.7   6.7 99.0 99.00
2016 01 14 00 50 277  6.9  9.9  1.70 13.79  5.67  53 9999.0  16.4  21.7   6.8 99.0 99.00
2016 01 14 01 50 265  7.5 10.1  1.88  7.14  5.98 280 9999.0  16.6  21.7   7.5 99.0 99.00
2016 01 14 02 50 272  8.2 10.2  1.72  7.14  5.78 293 9999.0  16.5  21.7   6.9 99.0 99.00
2016 01 14 03 50 264  8.1 11.4  1.66  7.69  5.45 278 9999.0  16.8  21.6   7.6 99.0 99.00
2016 01 14 04 50 274  8.7 10.8  1.72  7.14  5.63 275 9999.0  17.0  21.6   7.6 99.0 99.00
2016 01 14 05 50 274  8.0 10.3  1.67 13.79  5.40  47 9999.0  16.8  21.6   7.6 99.0 99.00
2016 01 14 06 50 277  7.9 11.2  1.79  7.69  5.60 296 9999.0  16.8  21.6   7.9 99.0 99.00
2016 01 14 07 50 281  8.5 10.8  1.70  5.88  5.53 292 9999.0  16.9  21.6   7.3 99.0 99.00
2016 01 14 08 50 286  8.1 10.6  1.74  6.67  5.50 295 9999.0  16.6  21.7   7.6 99.0 99.00
2016 01 14 09 50 293  7.5  9.6  1.67  7.14  5.33 291 9999.0  16.7  21.7   7.4 99.0 99.00
2016 01 14 10 50 319  7.6  9.9  1.63 13.79  5.50  42 9999.0  16.5  21.7   9.4 99.0 99.00
2016 01 14 11 50 302  6.7  8.7  1.69 12.90  5.71  54 9999.0  16.2  21.7   8.1 99.0 99.00
2016 01 14 12 50 307  6.3  8.5  1.54  5.88  5.54 290 9999.0  15.8  21.7   8.2 99.0 99.00
2016 01 14 13 50 321  5.8  7.3  1.54 13.79  5.71  58 9999.0  15.6  21.6   7.5 99.0 99.00
2016 01 14 14 50 319  5.2  6.5  1.45 12.90  5.46  62 9999.0  15.5  21.5   6.0 99.0 99.00
2016 01 14 15 50 333  4.5  6.6  1.41 12.90  5.68  75 9999.0  15.5  21.5   6.5 99.0 99.00
2016 01 14 16 50 310  2.4  4.1  1.30 13.79  5.65  65 9999.0  15.6  21.5   6.2 99.0 99.00
2016 01 14 17 50 301  2.2  3.4  1.29 13.79  5.71  71 9999.0  15.8  21.6   6.2 99.0 99.00
2016 01 14 18 50 323  2.9  4.7  1.20 12.90  5.64  85 9999.0  15.9  21.7   6.0 99.0 99.00
2016 01 14 19 50 316  3.0  4.6  1.19 13.79  6.00  71 9999.0  16.1  21.7   6.5 99.0 99.00
2016 01 14 20 50 269  1.5  3.0  1.16 12.90  5.98  86 9999.0  16.6  21.8   6.2 99.0 99.00
2016 01 14 21 50 274  1.2  2.6  1.13 12.90  6.01  77 9999.0  16.1  21.8   5.8 99.0 99.00
2016 01 14 22 50 198  0.6  1.3  1.13 12.90  6.12  95 9999.0  16.1  21.7   6.5 99.0 99.00
2016 01 14 23 50 288  0.8  2.0  1.11 12.90  6.34 106 9999.0  16.3  21.6   6.5 99.0 99.00
2016 01 15 00 50 359  0.6  1.9  1.05 12.90  6.23  62 9999.0  16.3  21.6   6.8 99.0 99.00
2016 01 15 01 50  54  0.2  0.9  1.00 12.90  6.13  73 9999.0  16.3  21.6   5.6 99.0 99.00
2016 01 15 02 50 205  1.1  3.0  1.04 12.12  6.26  78 9999.0  16.5  21.6   6.4 99.0 99.00
2016 01 15 03 50 162  2.2  3.3  1.01 12.90  6.49  89 9999.0  16.6  21.6   6.9 99.0 99.00
2016 01 15 04 50 189  2.4  3.9  1.00 12.12  6.86  94 9999.0  16.7  21.6   6.6 99.0 99.00
2016 01 15 05 50 185  3.5  5.4  0.95 12.90  6.93  80 9999.0  16.9  21.6   7.7 99.0 99.00
2016 01 15 06 50 179  3.9  5.1  0.90 13.79  6.84  79 9999.0  17.1  21.6   7.9 99.0 99.00
2016 01 15 07 50 176  4.9  5.9  0.99 12.90  6.90  87 9999.0  17.2  21.6   8.2 99.0 99.00
2016 01 15 08 50 168  4.5  6.2  0.93 13.79  6.66  70 9999.0  17.4  21.6   8.4 99.0 99.00
2016 01 15 09 50 176  5.4  7.2  0.93 12.90  6.09  87 9999.0  17.5  21.6   9.1 99.0 99.00
2016 01 15 10 50 165  6.0  7.8  0.88 12.12  5.34  68 9999.0  17.7  21.6  10.5 99.0 99.00
2016 01 15 11 50 162  7.4  9.4  0.89 12.90  4.87  91 9999.0  18.0  21.6  11.0 99.0 99.00
2016 01 15 12 50 153  8.7 10.5  0.93 12.90  4.68 110 9999.0  18.4  21.6  10.4 99.0 99.00
2016 01 15 13 50 162  9.1 10.9  1.03 12.90  4.26  86 9999.0  18.8  21.6  10.1 99.0 99.00
2016 01 15 14 50 156  9.1 10.9  1.17 12.12  4.54  65 9999.0  19.0  21.6  11.1 99.0 99.00
2016 01 15 15 50 163 10.0 12.2  1.24  4.55  4.37 156 9999.0  19.1  21.7  13.1 99.0 99.00
2016 01 15 16 50 155 11.8 14.7  1.38  4.76  4.39 150 9999.0  19.4  21.8  14.4 99.0 99.00
2016 01 15 17 50 158 12.3 14.9  1.74  5.26  4.75 147 9999.0  19.7  21.8  15.2 99.0 99.00
2016 01 15 18 50 160 14.3 17.9  2.08  5.56  4.96 151 9999.0  20.0  21.8  15.9 99.0 99.00
2016 01 15 19 50 162 15.2 18.2  2.23  6.25  5.14 150 9999.0  20.2  21.8  16.5 99.0 99.00
2016 01 15 20 50 166 16.5 21.3  2.77  6.67  5.65 146 9999.0  20.4  21.8  16.9 99.0 99.00
2016 01 15 21 50 176 14.0 17.0  3.24  7.14  5.98 162 9999.0  19.6  21.8  18.5 99.0 99.00
2016 01 15 22 50 175 13.8 17.1  3.44  7.69  6.35 153 9999.0  20.2  21.8  18.8 99.0 99.00
2016 01 15 23 50 152  8.7 11.5  3.22  8.33  6.25 156 9999.0  19.7  21.9  18.6 99.0 99.00
2016 01 16 00 50 168 12.6 15.8  3.12  7.69  6.32 154 9999.0  20.3  21.8  19.8 99.0 99.00
2016 01 16 01 50 254  7.9 10.8  4.08  9.09  6.86 159 9999.0  20.9  21.8  19.8 99.0 99.00
2016 01 16 02 50 247 15.7 19.9  3.66  8.33  6.81 152 9999.0  21.7  21.8  17.4 99.0 99.00
2016 01 16 03 50 243 13.7 19.1  3.78  9.09  6.97 169 9999.0  21.8  21.8  18.2 99.0 99.00
2016 01 16 04 50 245 13.4 15.7  3.88  9.09  6.97 176 9999.0  21.9  21.8  17.9 99.0 99.00
2016 01 16 05 50 252 13.0 15.8  3.74  9.09  6.69 165 9999.0  21.9  21.8  17.3 99.0 99.00
2016 01 16 06 50 271 14.6 17.7  3.57  7.69  6.38 164 9999.0  21.8  21.8  15.2 99.0 99.00
2016 01 16 07 50 273 13.7 16.9  3.55  8.33  6.31 188 9999.0  21.3  21.7  13.9 99.0 99.00
2016 01 16 08 50 273 13.5 16.5  4.00  7.69  6.48 236 9999.0  20.8  21.6  14.3 99.0 99.00
2016 01 16 09 50 275 13.0 16.2  4.25  8.33  6.76 205 9999.0  20.6  21.6  14.4 99.0 99.00
2016 01 16 10 50 277 12.1 14.5  4.81  9.09  7.41 253 9999.0  20.4  21.6  13.1 99.0 99.00
2016 01 16 11 50 278 11.4 15.2  4.37 10.00  7.37 277 9999.0  20.4  21.7  13.4 99.0 99.00
2016 01 16 12 50 273 10.5 13.1  4.44 10.00  7.60 245 9999.0  20.4  21.6  12.9 99.0 99.00
2016 01 16 13 50 277 11.5 14.5  4.59 10.00  7.69 275 9999.0  20.5  21.5  13.3 99.0 99.00
2016 01 16 14 50 268  9.9 12.6  3.86 10.00  7.50 259 9999.0  20.6  21.5  13.6 99.0 99.00
2016 01 16 15 50 269 10.3 12.9  3.62  9.09  7.16 225 9999.0  20.5  21.5  13.2 99.0 99.00
2016 01 16 16 50 270  9.7 12.2  3.20 10.00  6.96 219 9999.0  20.3  21.5  13.5 99.0 99.00
2016 01 16 17 50 274 11.1 14.4  3.25  9.09  6.83 229 9999.0  20.4  21.6  13.4 99.0 99.00
2016 01 16 18 50 271 10.9 13.5 99.00 99.00 99.00 999 9999.0  20.4  21.7  12.6 99.0 99.00
2016 01 16 19 50 262  9.1 11.1  3.04  8.33  6.63 227 9999.0  20.1  21.6  12.9 99.0 99.00
2016 01 16 20 50 259 10.1 12.4  2.70  8.33  6.42 249 9999.0  20.1  21.6  11.8 99.0 99.00
2016 01 16 21 50 260  9.8 11.9  2.72  9.09  6.44 243 9999.0  20.3  21.6  12.0 99.0 99.00
2016 01 16 22 50 255  9.4 11.6  2.68  8.33  6.38 209 9999.0  20.2  21.6  12.2 99.0 99.00
2016 01 16 23 50 267  8.4 10.0  2.61  7.69  6.16 243 9999.0  20.1  21.6  11.4 99.0 99.00
2016 01 17 00 50 259  8.1 10.4  2.44  8.33  6.20 239 9999.0  19.9  21.6  11.9 99.0 99.00
2016 01 17 01 50 255  7.7  9.3  2.46  8.33  6.31 213 9999.0  19.7  21.6  11.4 99.0 99.00
2016 01 17 02 50 262  7.7  9.1  2.42  7.69  6.23 241 9999.0  19.8  21.6  11.3 99.0 99.00
2016 01 17 03 50 259  6.9  9.2  2.30  8.33  6.15 245 9999.0  20.1  21.6  12.2 99.0 99.00
2016 01 17 04 50 240  6.5  7.8  2.26  7.69  6.16 217 9999.0  20.0  21.7  12.2 99.0 99.00
2016 01 17 05 50 237  6.1  7.3  2.15  7.14  6.19 229 9999.0  20.1  21.7  11.9 99.0 99.00
2016 01 17 06 50 237  4.7  6.4  2.17  7.69  6.32 237 9999.0  20.2  21.7  11.8 99.0 99.00
2016 01 17 07 50 220  4.0  5.3  2.09  7.69  6.27 240 9999.0  20.0  21.7  12.7 99.0 99.00
2016 01 17 08 50 189  4.4  6.2  2.11  7.69  6.46 247 9999.0  19.9  21.8  12.8 99.0 99.00
2016 01 17 09 50 182  8.4 10.1  1.86  7.69  6.31 194 9999.0  20.1  21.8  13.9 99.0 99.00
2016 01 17 10 50 172 10.3 12.4  1.80  7.14  5.83 232 9999.0  20.2  21.8  14.4 99.0 99.00
2016 01 17 11 50 172 11.0 13.4  1.79  7.14  5.24 211 9999.0  20.2  21.8  15.1 99.0 99.00
2016 01 17 12 50 173 13.4 15.7  1.83  7.14  4.82 206 9999.0  19.6  21.8  16.4 99.0 99.00
2016 01 17 13 50 195 10.6 12.7  2.12  7.14  5.05 188 9999.0  18.3  21.8  15.6 99.0 99.00
2016 01 17 14 50 154 11.2 15.3  1.99  7.69  5.19 162 9999.0  18.2  21.7  14.0 99.0 99.00
2016 01 17 15 50 165 15.3 18.5  2.10  7.14  4.94 174 9999.0  18.1  21.7  17.0 99.0 99.00
2016 01 17 16 50 265  7.5 13.9  2.27  7.14  5.09 169 9999.0  19.1  21.7  18.9 99.0 99.00
2016 01 17 17 50 212 12.1 14.7  2.78  6.67  5.43 180 9999.0  21.8  21.7  19.0 99.0 99.00
2016 01 17 18 50 237 19.0 24.9  3.12  7.14  5.68 178 9999.0  21.9  21.7  18.3 99.0 99.00
2016 01 17 19 50 302 21.5 27.5  3.54  7.14  5.85 189 9999.0  18.0  21.7  15.3 99.0 99.00
2016 01 17 20 50 312 18.3 22.7  3.83  7.14  5.99 260 9999.0  17.3  21.7  12.4 99.0 99.00
2016 01 17 21 50 296 14.0 18.0  4.43  7.69  6.62 253 9999.0  18.3  21.6  13.0 99.0 99.00
2016 01 17 22 50 297 14.8 18.2  4.61  8.33  6.97 265 9999.0  17.4  21.6  13.7 99.0 99.00
2016 01 17 23 50 307 13.6 17.0  5.01  9.09  7.33 270 9999.0  16.9  21.6  12.6 99.0 99.00
2016 01 18 00 50 309 14.0 17.7  4.92 10.00  7.48 283 9999.0  16.6  21.6  10.7 99.0 99.00
2016 01 18 01 50 309 13.6 17.2  4.64  9.09  7.08 296 9999.0  16.3  21.5  10.2 99.0 99.00
2016 01 18 02 50 304 13.0 16.0  4.68 10.00  7.42 269 9999.0  16.1  21.5   9.6 99.0 99.00
2016 01 18 03 50 308 12.4 15.4  5.30 10.00  7.73 302 9999.0  15.5  21.5   8.8 99.0 99.00
2016 01 18 04 50 308 11.5 14.7  4.57 10.81  7.38 301 9999.0  15.3  21.5   8.3 99.0 99.00
2016 01 18 05 50 310 10.4 13.2  4.75 10.00  7.87 314 9999.0  14.4  21.5   8.1 99.0 99.00
2016 01 18 06 50 308  9.9 13.5  4.39  9.09  7.54 287 9999.0  14.8  21.5   7.4 99.0 99.00
2016 01 18 07 50 295 10.3 12.6  4.12 10.00  7.56 336 9999.0  14.4  21.4   6.1 99.0 99.00
2016 01 18 08 50 299  9.4 13.0  4.00 10.00  7.62 345 9999.0  14.5  21.4   6.8 99.0 99.00
2016 01 18 09 50 307 10.6 13.5  3.50 10.00  7.20 333 9999.0  14.3  21.4   6.7 99.0 99.00
2016 01 18 10 50 305 10.2 13.1  3.45 10.00  7.34 327 9999.0  14.3  21.4   5.9 99.0 99.00
2016 01 18 11 50 300 11.0 13.9  3.60  9.09  7.29 258 9999.0  14.5  21.3   6.5 99.0 99.00
2016 01 18 12 50 289  8.4 10.6  3.38  8.33  7.06 322 9999.0  14.7  21.3   5.6 99.0 99.00
2016 01 18 13 50 294  7.1 10.0  2.82  8.33  6.77 320 9999.0  14.2  21.3   5.2 99.0 99.00
2016 01 18 14 50 285  8.0 10.4  2.83  8.33  6.88 302 9999.0  14.7  21.3   6.5 99.0 99.00
2016 01 18 15 50 286  7.6 10.6  2.52  9.09  6.48 300 9999.0  15.4  21.4   6.5 99.0 99.00
2016 01 18 16 50 282 10.1 12.0  2.78  8.33  6.54 295 9999.0  16.2  21.4   5.8 99.0 99.00
2016 01 18 17 50 279 11.8 15.8  2.53  8.33  6.29 288 9999.0  16.4  21.4   7.8 99.0 99.00
2016 01 18 18 50 284 12.0 14.5  2.51  8.33  5.90 323 9999.0  15.9  21.4   8.2 99.0 99.00
2016 01 18 19 50 294 11.9 14.7  2.51  6.25  5.60 293 9999.0  15.2  21.4   7.8 99.0 99.00
2016 01 18 20 50 282 11.3 14.0  2.95  7.69  6.10 289 9999.0  15.0  21.4   6.5 99.0 99.00
2016 01 18 21 50 277 11.5 14.2  3.02  7.14  6.13 287 9999.0  14.9  21.3   6.5 99.0 99.00
2016 01 18 22 50 286 11.3 14.2  2.72  6.67  5.89 291 9999.0  14.8  21.3   7.2 99.0 99.00
2016 01 18 23 50 279 11.7 14.2  2.96  7.14  6.03 290 9999.0  15.0  21.3   6.6 99.0 99.00
2016 01 19 00 50 275 11.7 15.2  2.72  7.14  5.93 293 9999.0  15.0  21.3   6.1 99.0 99.00
2016 01 19 01 50 285 11.6 16.7  2.99  7.14  6.03 291 9999.0  15.1  21.3   6.8 99.0 99.00
2016 01 19 02 50 283 12.5 15.8  2.88  7.69  6.00 283 9999.0  15.1  21.3   5.8 99.0 99.00
2016 01 19 03 50 295 14.3 17.5  3.05  7.69  6.05 287 9999.0  14.5  21.3   7.1 99.0 99.00
2016 01 19 04 50 288 13.7 18.4  3.07  7.14  6.11 292 9999.0  14.2  21.2   6.5 99.0 99.00
2016 01 19 05 50 305 13.1 17.9  3.24  8.33  6.33 294 9999.0  12.6  21.2   7.4 99.0 99.00
2016 01 19 06 50 313 10.4 13.7  3.42  8.33  6.58 287 9999.0  11.8  21.2   8.1 99.0 99.00
2016 01 19 07 50 298 10.3 13.7  3.32  8.33  6.59 273 9999.0  11.9  21.1   6.9 99.0 99.00
2016 01 19 08 50 308 11.6 13.8  3.32  8.33  6.52 284 9999.0  11.8  21.1   7.0 99.0 99.00
2016 01 19 09 50 309 10.8 15.2  3.20  9.09  6.78 278 9999.0  10.7  21.1   7.5 99.0 99.00
2016 01 19 10 50 317 10.7 13.0  3.24  9.09  6.65 274 9999.0  11.0  21.0   7.4 99.0 99.00
2016 01 19 11 50 317 12.2 14.8  3.43  9.09  6.73 267 9999.0  11.2  21.0   6.9 99.0 99.00
2016 01 19 12 50 314 11.2 13.8  3.28  8.33  6.73 290 9999.0  11.2  21.0   5.9 99.0 99.00
2016 01 19 13 50 323 11.5 14.9  3.87  8.33  7.06 304 9999.0  10.7  20.9   5.6 99.0 99.00
2016 01 19 14 50 313 10.6 14.4  3.93  9.09  7.21 290 9999.0  11.1  20.9   4.6 99.0 99.00
2016 01 19 15 50 309 10.7 14.4  3.32  8.33  6.71 299 9999.0  10.4  20.9   4.5 99.0 99.00
2016 01 19 16 50 317 10.9 13.8  3.29  7.69  6.68 316 9999.0  10.6  20.9   4.0 99.0 99.00
2016 01 19 17 50 312 11.3 15.1  2.99  8.33  6.51 321 9999.0  10.3  21.0   4.0 99.0 99.00
2016 01 19 18 50 323 10.9 14.4  3.00  8.33  6.39 294 9999.0   9.8  21.0   4.6 99.0 99.00
2016 01 19 19 50 328 10.8 14.5  2.99  8.33  6.36 308 9999.0   9.7  21.1   4.6 99.0 99.00
2016 01 19 20 50 313 10.6 14.3  2.81  9.09  6.26 318 9999.0   9.7  21.1   4.4 99.0 99.00
2016 01 19 21 50 319 11.6 13.9  2.84  7.69  6.31 313 9999.0   9.9  21.1   4.5 99.0 99.00
2016 01 19 22 50 315 11.2 14.4  2.81  7.69  6.21 321 9999.0   9.5  21.1   3.6 99.0 99.00
2016 01 19 23 50 309 11.2 13.8  2.62  7.14  6.04 330 9999.0  10.0  21.1   2.7 99.0 99.00
2016 01 20 00 50 333 10.5 13.7  2.73  7.69  6.15 323 9999.0   9.8  21.1   4.1 99.0 99.00
2016 01 20 01 50 327  9.6 12.0  2.70  7.69  6.01 315 9999.0   9.8  21.1   3.1 99.0 99.00
2016 01 20 02 50 322  9.1 12.5  2.71  8.33  6.25 340 9999.0  10.0  21.1   2.9 99.0 99.00
2016 01 20 03 50 320  9.4 11.6  2.69  7.69  6.29 340 9999.0  10.0  21.1   1.9 99.0 99.00
2016 01 20 04 50 320  8.8 11.3  2.57  8.33  6.36 352 9999.0   9.8  21.1   2.7 99.0 99.00
2016 01 20 05 50 337  8.2 11.8  2.71  8.33  6.24 352 9999.0  10.0  21.0   2.7 99.0 99.00
2016 01 20 06 50 327  7.8 10.6  2.62  7.69  6.36 350 9999.0  10.0  21.0   2.0 99.0 99.00
2016 01 20 07 50 334  7.5 10.4  2.41  8.33  6.33 354 9999.0  10.1  20.9   2.3 99.0 99.00
2016 01 20 08 50 326  7.9 10.3  2.39  9.09  6.39   8 9999.0  10.3  20.8   3.0 99.0 99.00
2016 01 20 09 50 324  6.3  8.5  2.47  8.33  6.50 359 9999.0  10.2  20.8   2.4 99.0 99.00
2016 01 20 10 50 336  7.1  9.6  2.27  7.14  6.32 351 9999.0  10.4  20.8   3.4 99.0 99.00
2016 01 20 11 50 339  5.2  7.9  2.47 10.00  6.90  14 9999.0  10.6  20.8   1.8 99.0 99.00
2016 01 20 12 50 336  5.9  7.8  2.44  9.09  6.92   9 9999.0  10.7  20.7   2.0 99.0 99.00
2016 01 20 13 50 331  3.5  6.0  2.36 10.00  6.90  22 9999.0  11.0  20.7   0.0 99.0 99.00
2016 01 20 14 50 291  4.0  6.3  2.31  9.09  6.89  15 9999.0  11.2  20.7   2.1 99.0 99.00
2016 01 20 15 50 275  3.0  6.2  2.17 10.81  7.09  16 9999.0  11.3  20.7   1.3 99.0 99.00
2016 01 20 16 50 288  3.8  6.2  2.26 10.00  7.33  17 9999.0  11.5  20.7   1.6 99.0 99.00
2016 01 20 17 50 297  3.9  5.6  1.92 10.00  6.84  23 9999.0  11.6  20.8   1.4 99.0 99.00
2016 01 20 18 50 278  4.6  6.3  2.07 10.00  7.06  19 9999.0  11.8  20.8   2.3 99.0 99.00
2016 01 20 19 50 286  6.2  8.7  1.97 10.00  7.02  14 9999.0  12.0  20.8   3.2 99.0 99.00
2016 01 20 20 50 288  4.5  6.7  1.66  9.09  6.33  16 9999.0  12.1  20.8   3.9 99.0 99.00
2016 01 20 21 50 287  5.7  7.8  1.67 10.00  6.51  25 9999.0  12.9  20.8   3.9 99.0 99.00
2016 01 20 22 50 291  6.8  8.7  1.63 10.00  6.36   1 9999.0  13.2  20.8   5.1 99.0 99.00
2016 01 20 23 50 278  7.4  9.5  1.60 10.00  6.25  23 9999.0  13.6  20.7   4.3 99.0 99.00
2016 01 21 00 50 267  6.0  9.5  1.84 10.00  6.20  29 9999.0  13.6  20.7   3.9 99.0 99.00
2016 01 21 01 50 281  6.5  9.1  1.66 10.00  6.09  23 9999.0  13.8  20.7   5.5 99.0 99.00
2016 01 21 02 50 263  7.4 11.4  1.53  8.33  5.71   8 9999.0  13.9  20.7   5.5 99.0 99.00
2016 01 21 03 50 273  6.6  9.6  1.71  9.09  5.95  16 9999.0  13.8  20.7   5.4 99.0 99.00
2016 01 21 04 50 267  6.8  9.8  1.55  9.09  5.71  18 9999.0  14.1  20.7   6.1 99.0 99.00
2016 01 21 05 50 265  8.1 10.5  1.52  8.33  5.44  10 9999.0  14.7  20.7   7.5 99.0 99.00
2016 01 21 06 50 273  8.7 10.7  1.42 10.00  5.24  55 9999.0  15.6  20.7   8.5 99.0 99.00
2016 01 21 07 50 277  8.6 10.6  1.51  8.33  5.22  13 9999.0  16.1  20.7   8.7 99.0 99.00
2016 01 21 08 50 273  9.4 11.8  1.65  5.00  4.95 287 9999.0  16.8  20.8   9.3 99.0 99.00
2016 01 21 09 50 288  9.8 12.3  1.71  5.26  4.94 277 9999.0  16.9  20.8  10.9 99.0 99.00
2016 01 21 10 50 276  9.0 11.6  1.67  5.26  5.03 283 9999.0  17.2  20.8  11.5 99.0 99.00
2016 01 21 11 50 307 12.6 15.4  2.12  5.88  5.15 283 9999.0  16.6  20.8  11.0 99.0 99.00
2016 01 21 12 50 309 11.1 14.5  2.20  5.88  5.36 287 9999.0  17.1  20.8  11.1 99.0 99.00
2016 01 21 13 50 311 10.6 13.0  2.57  6.67  5.83 301 9999.0  16.9  20.8  10.9 99.0 99.00
2016 01 21 14 50 314 10.7 12.7  2.39  6.67  5.62 292 9999.0  16.4  20.8  10.2 99.0 99.00
2016 01 21 15 50 315 10.0 12.2  2.57  7.69  5.94 316 9999.0  16.1  20.8   9.2 99.0 99.00
2016 01 21 16 50 310  9.3 11.5  2.69  7.14  6.04 307 9999.0  16.2  20.8   9.6 99.0 99.00
2016 01 21 17 50 313  8.8 11.1  2.46  7.69  5.92 311 9999.0  16.1  20.8   9.5 99.0 99.00
2016 01 21 18 50 318  9.1 11.9  2.42  7.69  5.87 311 9999.0  15.9  20.8   9.2 99.0 99.00
2016 01 21 19 50 314  8.9 11.2  2.23  7.14  5.84 305 9999.0  15.7  20.8   8.8 99.0 99.00
2016 01 21 20 50 317  7.9  9.8  2.10  7.69  5.63 321 9999.0  15.7  20.8   9.4 99.0 99.00
2016 01 21 21 50 320  8.4 10.1  2.13  7.69  5.72 327 9999.0  15.7  20.8   9.4 99.0 99.00
2016 01 21 22 50 335  6.6  8.7  2.09  7.69  5.85 322 9999.0  15.2  20.8   9.9 99.0 99.00
2016 01 21 23 50 338  7.1  8.6  2.08  7.14  5.72 318 9999.0  15.1  20.8   9.4 99.0 99.00
2016 01 22 00 50 342  5.9  7.7  1.97  6.67  5.81 307 9999.0  15.1  20.8   9.0 99.0 99.00
2016 01 22 01 50 326  5.9  8.5  1.87  7.14  5.83 329 9999.0  15.1  20.8   8.8 99.0 99.00
2016 01 22 02 50 352  5.3  7.2  1.72  6.67  5.57 324 9999.0  14.9  20.8   8.8 99.0 99.00
2016 01 22 03 50 349  5.1  6.9  1.61  6.67  5.51 321 9999.0  14.9  20.8   8.8 99.0 99.00
2016 01 22 04 50 346  5.4  6.9  1.48  7.69  5.56   4 9999.0  14.9  20.8   8.9 99.0 99.00
2016 01 22 05 50 357  5.1  7.0  1.51  6.25  5.57 312 9999.0  14.7  20.8   8.9 99.0 99.00
2016 01 22 06 50  24  4.2  7.0  1.32  7.69  5.60   9 9999.0  14.7  20.7   8.6 99.0 99.00
2016 01 22 07 50  19  2.7  4.0  1.47  7.69  5.88  19 9999.0  14.8  20.7   8.7 99.0 99.00
2016 01 22 08 50  38  3.9  5.6  1.40  8.33  5.78  13 9999.0  14.9  20.7   9.1 99.0 99.00
2016 01 22 09 50  37  3.6  5.6  1.31  7.14  5.85  13 9999.0  14.9  20.7   9.2 99.0 99.00
2016 01 22 10 50  70  3.6  5.1  1.26  8.33  5.76   5 9999.0  15.0  20.7   9.1 99.0 99.00
2016 01 22 11 50  84  4.9  6.9  1.33  7.69  6.12  18 9999.0  15.2  20.7   9.3 99.0 99.00
2016 01 22 12 50 107  6.5  8.6  1.16  8.33  5.77  16 9999.0  15.6  20.7   9.9 99.0 99.00
2016 01 22 13 50 110  9.2 11.3  1.07  7.69  5.19  18 9999.0  15.9  20.9  10.3 99.0 99.00
2016 01 22 14 50 116 10.9 13.1  1.14  8.33  4.77  31 9999.0  16.1  21.0  10.8 99.0 99.00
2016 01 22 15 50 125  9.6 11.8  1.22  7.69  4.57  20 9999.0  16.4  21.0  10.7 99.0 99.00
2016 01 22 16 50 126 10.8 13.1  1.38  4.17  4.64  96 9999.0  16.6  21.1  11.0 99.0 99.00
2016 01 22 17 50 144 11.9 14.2  1.52  4.55  4.66 103 9999.0  17.1  21.1  12.1 99.0 99.00
2016 01 22 18 50 145 12.2 14.8  1.68  4.76  4.73 113 9999.0  17.5  21.1  12.4 99.0 99.00
2016 01 22 19 50 147 12.6 15.2  1.73  5.26  4.72 127 9999.0  17.8  21.1  13.1 99.0 99.00
2016 01 22 20 50 149 13.9 16.2  2.25  5.26  4.91 128 9999.0  18.0  21.1  13.6 99.0 99.00
2016 01 22 21 50 144 14.3 17.1  2.48  5.88  5.16 135 9999.0  18.4  21.1  13.9 99.0 99.00
2016 01 22 22 50 148 16.7 19.7  2.75  6.25  5.30 140 9999.0  17.8  21.1  15.4 99.0 99.00
2016 01 22 23 50 154 14.8 18.4  3.06  6.25  5.68 136 9999.0  18.1  21.1  16.1 99.0 99.00
2016 01 23 00 50 145 16.5 20.5  3.84  7.69  6.13 149 9999.0  18.7  21.1  16.7 99.0 99.00
2016 01 23 01 50 170 18.3 22.3  3.90  7.69  6.28 152 9999.0  19.5  21.1  16.7 99.0 99.00
2016 01 23 02 50 171 18.3 22.8  4.67  7.69  6.64 163 9999.0  20.0  21.1  17.3 99.0 99.00
2016 01 23 03 50 169 18.0 22.7  6.14  9.09  7.49 156 9999.0  20.1  21.1  17.5 99.0 99.00
2016 01 23 04 50 171 15.4 19.4  5.02  9.09  7.25 168 9999.0  20.1  21.1  18.5 99.0 99.00
2016 01 23 05 50 217 10.7 14.1  4.93  9.09  7.07 171 9999.0  19.5  21.1  19.4 99.0 99.00
2016 01 23 06 50 252 13.9 19.0  4.30  9.09  7.08 155 9999.0  19.9  21.1  14.8 99.0 99.00
2016 01 23 07 50 254 14.0 18.4  4.50  9.09  7.07 163 9999.0  19.5  21.1  14.1 99.0 99.00
2016 01 23 08 50 257 14.8 17.9  4.09  8.33  6.61 165 9999.0  19.4  21.0  10.8 99.0 99.00
2016 01 23 09 50 251 14.9 18.0  4.06  8.33  6.54 177 9999.0  19.4  21.0  11.9 99.0 99.00
2016 01 23 10 50 258 16.0 21.0  4.26  9.09  6.88 218 9999.0  18.2  20.9  11.7 99.0 99.00
2016 01 23 11 50 252 15.7 20.3  4.25  8.33  7.03 225 9999.0  18.2  20.8  11.8 99.0 99.00
2016 01 23 12 50 237 14.0 17.0  5.08  9.09  7.34 230 9999.0  17.6  20.7  11.2 99.0 99.00
2016 01 23 13 50 250 15.5 19.0  5.37 10.00  7.61 252 9999.0  17.7  20.8  12.1 99.0 99.00
2016 01 23 14 50 254 14.8 18.3  5.83 10.81  7.69 240 9999.0  17.0  20.8  11.0 99.0 99.00
2016 01 23 15 50 247 17.1 20.5  5.60 11.43  7.86 245 9999.0  17.3  20.8   8.3 99.0 99.00
2016 01 23 16 50 257 17.6 22.8  6.13 10.81  8.19 244 9999.0  16.1  20.8   9.0 99.0 99.00
2016 01 23 17 50 259 16.4 20.4  5.78 10.81  7.94 245 9999.0  15.9  20.8  10.0 99.0 99.00
2016 01 23 18 50 263 16.0 20.0  6.19 11.43  8.15 234 9999.0  15.1  20.8  10.6 99.0 99.00
2016 01 23 19 50 999 99.0 99.0  6.04 12.12  8.25 237 9999.0  13.1  20.8  11.2 99.0 99.00
2016 01 23 20 50 999 99.0 99.0  6.14 12.12  8.46 231 9999.0  13.9  20.8  11.3 99.0 99.00
2016 01 23 21 50 999 99.0 99.0  5.74 11.43  8.10 243 9999.0  13.4  20.8   9.8 99.0 99.00
2016 01 23 22 50 999 99.0 99.0 99.00 99.00 99.00 999 9999.0  12.9  20.8   8.9 99.0 99.00
2016 01 23 23 50 999 99.0 99.0  6.46 11.43  8.38 244 9999.0  12.9  20.8   8.0 99.0 99.00
2016 01 24 00 50 999 99.0 99.0  5.18 11.43  7.75 250 9999.0  12.5  20.8   7.4 99.0 99.00
2016 01 24 01 50 999 99.0 99.0  5.58 10.00  8.06 244 9999.0  11.8  20.8   8.1 99.0 99.00
2016 01 24 02 50 300 13.8 17.9  5.03 11.43  7.81 242 9999.0  11.9  20.7   7.7 99.0 99.00
2016 01 24 03 50 306 14.6 18.9  5.44 10.81  8.25 246 9999.0  11.5  20.7   7.6 99.0 99.00
2016 01 24 04 50 303 13.6 17.9  4.44 10.81  7.59 256 9999.0  11.4  20.7   7.5 99.0 99.00
2016 01 24 05 50 304 15.2 19.6  5.00 10.00  7.72 259 9999.0  10.9  20.7   7.2 99.0 99.00
2016 01 24 06 50 309 14.5 17.6  4.53 10.81  7.53 254 9999.0  10.5  20.7   7.2 99.0 99.00
2016 01 24 07 50 306 14.6 18.7  5.12 10.00  7.78 263 9999.0  11.2  20.6   7.3 99.0 99.00
2016 01 24 08 50 313 14.1 17.8  5.08 10.00  7.80 268 9999.0  11.1  20.6   6.5 99.0 99.00
2016 01 24 09 50 306 13.4 16.4  4.92 10.81  7.95 268 9999.0  11.0  20.6   6.8 99.0 99.00
2016 01 24 10 50 312 12.9 15.4  4.85 10.00  7.59 277 9999.0  10.9  20.6   7.2 99.0 99.00
2016 01 24 11 50 313 12.8 15.9  5.29 10.00  8.05 279 9999.0  11.5  20.6   6.6 99.0 99.00
2016 01 24 12 50 318 12.7 16.2  4.81 10.00  7.65 294 9999.0  11.7  20.6   6.6 99.0 99.00
2016 01 24 13 50 324 11.5 15.6  4.29  9.09  7.45 289 9999.0  11.7  20.6   7.1 99.0 99.00
2016 01 24 14 50 335 11.9 14.8  5.12  9.09  7.98 301 9999.0  11.2  20.6   7.4 99.0 99.00
2016 01 24 15 50 333  9.7 12.3  4.58  9.09  7.75 306 9999.0  12.5  20.5   6.9 99.0 99.00
2016 01 24 16 50 327 10.6 13.2  4.92  9.09  8.12 307 9999.0  12.4  20.5   7.8 99.0 99.00
2016 01 24 17 50 322  9.3 14.1  4.70 10.00  8.06 290 9999.0  12.4  20.5   7.1 99.0 99.00
2016 01 24 18 50 333  8.6 12.4  4.79 13.79  8.32 349 9999.0  12.1  20.5   7.9 99.0 99.00
2016 01 24 19 50 331  9.9 12.3  4.58 13.79  8.17 347 9999.0  13.1  20.5   8.6 99.0 99.00
2016 01 24 20 50 338  9.6 11.9  4.10 12.12  7.98 355 9999.0  13.4  20.5   7.4 99.0 99.00
2016 01 24 21 50 334  8.5 11.1  4.41 13.79  8.45 359 9999.0  13.8  20.5   7.4 99.0 99.00
2016 01 24 22 50 338  8.2 11.8  3.91  9.09  7.89 325 9999.0  14.1  20.5   6.7 99.0 99.00
2016 01 24 23 50 354  8.0 10.3  3.91 12.90  8.21   1 9999.0  14.0  20.5   6.5 99.0 99.00
2016 01 25 00 50 355  7.6 10.3  3.79 12.12  8.22   5 9999.0  14.2  20.5   7.0 99.0 99.00
2016 01 25 01 50 338  7.1  9.4  4.01 13.79  8.49   9 9999.0  14.3  20.5   5.2 99.0 99.00
2016 01 25 02 50 344  7.5  9.9  3.65 11.43  8.35  10 9999.0  14.1  20.5   6.4 99.0 99.00
2016 01 25 03 50 356  6.2  9.7  3.77 12.90  8.45   8 9999.0  13.9  20.5   5.4 99.0 99.00
2016 01 25 04 50 334  4.3  6.9  3.63 13.79  8.26   7 9999.0  13.7  20.5   4.1 99.0 99.00
2016 01 25 05 50 341  3.4  5.3  3.75 13.79  8.83   9 9999.0  13.8  20.4   4.1 99.0 99.00
2016 01 25 06 50 298  1.5  3.0  4.07 12.12  9.27   6 9999.0  13.7  20.4   3.8 99.0 99.00
2016 01 25 07 50 340  4.2  5.9  4.07 14.81  9.38   8 9999.0  13.8  20.4   4.7 99.0 99.00
2016 01 25 08 50  25  3.7  5.9  3.77 13.79  9.43   6 9999.0  13.9  20.4   5.1 99.0 99.00
2016 01 25 09 50  31  2.4  5.6  4.41 13.79 10.17  13 9999.0  13.9  20.4   4.6 99.0 99.00
2016 01 25 10 50 334  2.9  4.8  4.08 14.81  9.77   8 9999.0  14.0  20.4   4.6 99.0 99.00
2016 01 25 11 50 142  1.3  3.1  3.91 13.79  9.53  28 9999.0  14.1  20.4   4.9 99.0 99.00
2016 01 25 12 50 108  1.7  3.0  4.01 12.90  9.75  20 9999.0  14.6  20.4   5.0 99.0 99.00
2016 01 25 13 50 311  0.8  1.9  3.44 12.12  9.20  19 9999.0  14.9  20.5   4.9 99.0 99.00
2016 01 25 14 50 195  0.7  2.6  3.32 12.90  9.22  24 9999.0  15.2  20.6   4.8 99.0 99.00
2016 01 25 15 50 120  1.4  3.1  3.38 12.90  9.21  37 9999.0  15.3  20.7   5.2 99.0 99.00
2016 01 25 16 50 221  1.9  3.6  3.48 12.90  9.51  33 9999.0  15.4  20.9   5.5 99.0 99.00
2016 01 25 17 50 260  1.1  2.6  3.39 12.12  9.52  31 9999.0  15.5  21.0   5.7 99.0 99.00
2016 01 25 18 50 236  1.7  3.3  2.89 12.90  8.90  29 9999.0  15.6  21.1   5.8 99.0 99.00
2016 01 25 19 50 171  1.2  2.5  3.03 12.90  9.41  31 9999.0  15.8  21.0   6.4 99.0 99.00
2016 01 25 20 50 108  0.8  1.9  2.85 12.12  9.19  37 9999.0  15.7  21.0   5.6 99.0 99.00
2016 01 25 21 50 147  0.8  1.9  2.96 12.90  9.20  38 9999.0  15.9  20.9   6.0 99.0 99.00
2016 01 25 22 50 158  0.6  1.8  2.58 12.90  9.15  35 9999.0  16.0  20.8   6.4 99.0 99.00
2016 01 25 23 50 226  3.1  4.7  2.95 12.90  9.68  40 9999.0  16.2  20.7   6.6 99.0 99.00
2016 01 26 00 50 206  2.9  5.4  2.76 13.79  9.75  34 9999.0  16.2  20.7   6.3 99.0 99.00
2016 01 26 01 50 172  3.6  5.5  2.73 12.90  9.77  36 9999.0  16.2  20.7   6.6 99.0 99.00
2016 01 26 02 50 165  4.2  6.6  3.18 12.90 10.36  41 9999.0  16.3  20.7   6.8 99.0 99.00
2016 01 26 03 50 182  4.9  6.9  2.98 13.79 10.10  42 9999.0  16.6  20.7   7.4 99.0 99.00
2016 01 26 04 50 165  4.6  6.5  2.54 12.90  9.54  36 9999.0  16.6  20.6   7.5 99.0 99.00
2016 01 26 05 50 170  4.9  7.0  2.78 12.90  9.91  31 9999.0  16.8  20.6   8.0 99.0 99.00
2016 01 26 06 50 179  5.9  8.1  2.76 12.90  9.80  31 9999.0  17.1  20.6   8.5 99.0 99.00
2016 01 26 07 50 202  6.4  9.0  2.40 12.90  9.48  38 9999.0  17.7  20.6   8.7 99.0 99.00
2016 01 26 08 50 215  6.4  8.4  2.17 12.12  8.40  38 9999.0  17.8  20.6   9.2 99.0 99.00
2016 01 26 09 50 193  5.4  7.3  2.57 12.90  9.09  32 9999.0  17.9  20.6   9.6 99.0 99.00
2016 01 26 10 50 195  4.8  7.0  2.25 12.90  8.47  25 9999.0  18.2  20.6   9.3 99.0 99.00
2016 01 26 11 50 207  3.4  7.0  2.17 12.90  8.51  33 9999.0  18.1  20.6  10.2 99.0 99.00
2016 01 26 12 50 213  5.5  7.3  2.16 13.79  8.06  39 9999.0  18.7  20.6   9.0 99.0 99.00
2016 01 26 13 50 192  6.6  8.3  2.09 12.90  7.88  36 9999.0  18.8  20.6   8.9 99.0 99.00
2016 01 26 14 50 200  3.9  5.8  1.97 12.90  7.93  48 9999.0  18.9  20.6   9.0 99.0 99.00
2016 01 26 15 50 199  6.0  7.8  1.84 11.43  7.96  45 9999.0  18.9  20.7  10.6 99.0 99.00
2016 01 26 16 50 181  4.0  5.0  1.76 12.12  7.77  39 9999.0  18.6  20.7  11.2 99.0 99.00
2016 01 26 17 50 194  5.4  7.0  1.72 12.90  7.70  45 9999.0  19.0  20.7  12.0 99.0 99.00
2016 01 26 18 50 169  5.6  6.8  1.50 12.12  7.19  36 9999.0  19.2  20.8  11.8 99.0 99.00
2016 01 26 19 50 169  7.1  8.6  1.72 12.12  7.73  31 9999.0  19.4  20.8  12.6 99.0 99.00
2016 01 26 20 50 171  7.4  8.8  1.65 12.90  7.10  48 9999.0  19.4  20.8  13.5 99.0 99.00
2016 01 26 21 50 172  7.9  9.5  1.52 12.12  6.21  41 9999.0  19.5  20.8  13.9 99.0 99.00
2016 01 26 22 50 175  8.2  9.5  1.56 12.12  6.19  30 9999.0  19.6  20.8  13.7 99.0 99.00
2016 01 26 23 50 172  7.9  9.5  1.50 12.90  5.67  42 9999.0  19.0  20.8  15.1 99.0 99.00
2016 01 27 00 50 173  9.3 11.1  1.43 12.12  5.53  39 9999.0  19.3  20.7  15.9 99.0 99.00
2016 01 27 01 50 185  8.3 10.0  1.49 12.90  5.68  38 9999.0  19.9  20.7  14.2 99.0 99.00
2016 01 27 02 50 190  9.0 10.9  1.53 11.43  5.54  38 9999.0  19.9  20.7  15.4 99.0 99.00
2016 01 27 03 50 187  9.3 11.6  1.39 11.43  5.08  31 9999.0  19.9  20.7  16.3 99.0 99.00
2016 01 27 04 50 191  9.5 11.4  1.58 12.12  5.01  37 9999.0  20.2  20.7  15.9 99.0 99.00
2016 01 27 05 50 194 11.0 13.5  1.67 11.43  5.17  54 9999.0  20.3  20.7  16.2 99.0 99.00
2016 01 27 06 50 197 10.7 12.8  1.74  4.76  4.78 183 9999.0  20.2  20.7  16.0 99.0 99.00
2016 01 27 07 50 194 10.1 12.4  1.89 11.43  5.19  49 9999.0  20.1  20.7  16.6 99.0 99.00
2016 01 27 08 50 193  9.9 12.1  1.82  5.26  5.05 169 9999.0  20.1  20.7  16.9 99.0 99.00
2016 01 27 09 50 200  9.7 11.5  1.67 11.43  5.06  63 9999.0  20.4  20.7  16.9 99.0 99.00
2016 01 27 10 50 193  9.2 10.8  1.74  5.26  4.98 174 9999.0  20.5  20.7  16.8 99.0 99.00
2016 01 27 11 50 197  9.0 10.9  1.65  5.26  5.01 171 9999.0  20.5  20.7  16.8 99.0 99.00
2016 01 27 12 50 204  9.9 11.6  1.74  5.26  4.99 182 9999.0  20.5  20.7  17.1 99.0 99.00
2016 01 27 13 50 199  9.0 11.1  1.75  5.56  4.98 184 9999.0  20.4  20.7  17.7 99.0 99.00
2016 01 27 14 50 205  8.0  9.3  1.60  5.88  4.87 166 9999.0  20.6  20.8  17.8 99.0 99.00
2016 01 27 15 50 208  8.9 11.3  1.65  5.56  4.98 178 9999.0  20.4  20.8  17.7 99.0 99.00
2016 01 27 16 50 204 10.6 13.2  1.52  5.56  4.82 167 9999.0  19.7  20.8  17.5 99.0 99.00
2016 01 27 17 50 202  9.4 11.9  1.60  5.56  4.73 177 9999.0  19.5  20.8  17.9 99.0 99.00
2016 01 27 18 50 213  6.2  7.4  1.47  5.56  4.81 172 9999.0  20.1  20.8  18.3 99.0 99.00
2016 01 27 19 50 224  3.2  4.2  1.22  5.88  4.66 140 9999.0  19.9  20.8  18.3 99.0 99.00
2016 01 27 20 50 220  3.8  4.4  1.27  5.56  5.05 181 9999.0  20.1  20.8  18.8 99.0 99.00
2016 01 27 21 50 330  4.1  5.3  1.20  5.26  4.92 164 9999.0  18.8  20.7  17.5 99.0 99.00
2016 01 27 22 50   2  1.7  2.3  1.20  5.56  4.96 179 9999.0  18.4  20.7  17.4 99.0 99.00
2016 01 27 23 50  56  2.7  3.4  1.09  5.26  5.00 162 9999.0  18.2  20.6  17.3 99.0 99.00
2016 01 28 00 50  68  3.9  4.7  1.20  6.25  5.42 131 9999.0  18.2  20.6  17.1 99.0 99.00
2016 01 28 01 50 103  5.3  6.4  1.22  5.56  5.28 128 9999.0  18.5  20.6  17.3 99.0 99.00
2016 01 28 02 50 113 10.0 11.6  1.23  6.25  5.34 165 9999.0  18.6  20.7  16.2 99.0 99.00
2016 01 28 03 50 139  6.9  8.4  1.22  6.25  5.14 194 9999.0  18.9  20.6  17.3 99.0 99.00
2016 01 28 04 50 130  8.9 10.6  1.15  5.88  4.71 142 9999.0  18.7  20.7  17.9 99.0 99.00
2016 01 28 05 50 157 10.7 13.9  1.32  5.56  4.64 137 9999.0  18.8  20.9  18.0 99.0 99.00
2016 01 28 06 50 194 10.1 12.2  1.50  5.56  4.55 158 9999.0  19.9  21.0  19.0 99.0 99.00
2016 01 28 07 50 233 12.2 15.7  1.62  5.88  4.61 149 9999.0  21.3  21.0  19.6 99.0 99.00
2016 01 28 08 50 232 12.6 14.8  1.73  5.88  4.61 160 9999.0  21.2  21.0  19.6 99.0 99.00
2016 01 28 09 50 227 12.2 14.9  1.64  5.88  4.51 135 9999.0  20.8  20.7  19.0 99.0 99.00
2016 01 28 10 50 248 11.0 14.1  1.69  5.56  4.74 182 9999.0  21.0  20.7  18.9 99.0 99.00
2016 01 28 11 50 249  9.2 10.9  2.36  7.14  5.44 188 9999.0  21.0  20.6  19.0 99.0 99.00
2016 01 28 12 50 254  7.0  8.5  2.15  7.69  5.49 197 9999.0  20.7  20.6  18.7 99.0 99.00
2016 01 28 13 50 245  9.7 12.0  2.31  7.14  5.26 190 9999.0  19.9  20.6  18.4 99.0 99.00
2016 01 28 14 50 254  7.1  9.3  2.26  7.14  5.53 192 9999.0  20.0  20.8  18.6 99.0 99.00
2016 01 28 15 50 248  7.3  8.6  2.21  7.69  5.80 190 9999.0  20.6  20.8  18.3 99.0 99.00
2016 01 28 16 50 241  5.2  6.4  2.05  7.14  5.69 199 9999.0  20.7  20.9  18.1 99.0 99.00
2016 01 28 17 50 237  5.8  6.9  1.87  7.14  5.56 203 9999.0  20.8  21.0  18.9 99.0 99.00
2016 01 28 18 50 227  6.7  8.0  1.81  7.14  5.57 199 9999.0  20.7  21.1  18.9 99.0 99.00
2016 01 28 19 50 230  8.0  9.7  1.87  7.14  5.68 200 9999.0  20.4  21.1  19.2 99.0 99.00
2016 01 28 20 50 229  6.3  7.6  1.73  6.67  5.52 192 9999.0  19.9  21.1  19.1 99.0 99.00
2016 01 28 21 50 212  6.2  7.2  1.72  6.67  5.57 182 9999.0  19.8  21.1  19.0 99.0 99.00
2016 01 28 22 50 210  5.8  7.2  1.60  6.67  5.39 173 9999.0  19.6  21.0  18.8 99.0 99.00
2016 01 28 23 50 234  8.3  9.9  1.61  6.25  5.68 215 9999.0  20.2  21.0  19.6 99.0 99.00
2016 01 29 00 50 218  9.2 10.8  1.65  6.25  5.31 199 9999.0  20.3  21.0  17.7 99.0 99.00
2016 01 29 01 50 224  9.8 12.4  1.88  6.67  5.21 187 9999.0  20.6  21.0 999.0 99.0 99.00
2016 01 29 02 50 233 10.5 12.0  1.85  6.67  5.11 181 9999.0  20.0  21.0 999.0 99.0 99.00
2016 01 29 03 50 257  8.6 11.5  1.88  6.67  5.21 172 9999.0  19.5  21.0 999.0 99.0 99.00
2016 01 29 04 50 258 10.5 12.4  1.82  7.69  5.28 185 9999.0  20.2  21.0 999.0 99.0 99.00
2016 01 29 05 50 292 12.7 16.2  1.79  6.25  4.91 214 9999.0  18.1  20.9 999.0 99.0 99.00
2016 01 29 06 50 311 12.2 14.7  1.78  5.88  4.95 240 9999.0  18.8  20.9 999.0 99.0 99.00
2016 01 29 07 50 317 10.6 12.5  2.02  7.14  4.99 217 9999.0  18.9  20.9 999.0 99.0 99.00
2016 01 29 08 50 311  9.8 11.7  2.07  5.56  5.04 297 9999.0  18.8  20.9 999.0 99.0 99.00
2016 01 29 09 50 289  8.9 10.9  1.98  7.14  5.17 166 9999.0  19.0  20.9 999.0 99.0 99.00
2016 01 29 10 50 329 15.2 18.1  2.07  6.67  4.98 314 9999.0  17.0  20.9 999.0 99.0 99.00
2016 01 29 11 50 321 11.6 14.9  2.51  6.25  5.36 300 9999.0  16.8  20.9 999.0 99.0 99.00
2016 01 29 12 50 311 13.3 16.2  2.72  6.67  5.67 330 9999.0  17.0  20.8 999.0 99.0 99.00
2016 01 29 13 50 306 12.1 14.7  2.97  7.14  5.82 318 9999.0  16.9  20.8 999.0 99.0 99.00
2016 01 29 14 50 312 11.2 15.2  3.21  7.69  6.21 318 9999.0  16.3  20.8 999.0 99.0 99.00
2016 01 29 15 50 299 11.5 13.8  2.72  7.69  5.90 324 9999.0  16.6  20.8 999.0 99.0 99.00
2016 01 29 16 50 300 11.5 14.6  3.01  7.69  6.13 322 9999.0  16.3  20.8 999.0 99.0 99.00
2016 01 29 17 50 298 11.4 14.0  2.91  8.33  6.20 320 9999.0  16.4  20.8 999.0 99.0 99.00
2016 01 29 18 50 297 10.7 13.5  2.85  8.33  6.12 330 9999.0  16.2  20.8 999.0 99.0 99.00
2016 01 29 19 50 291 10.6 14.2  2.70  7.69  6.02 307 9999.0  16.6  20.8 999.0 99.0 99.00
2016 01 29 20 50 284 12.8 15.9  2.76  7.69  5.91 321 9999.0  17.1  20.8 999.0 99.0 99.00
2016 01 29 21 50 282 13.2 16.5  3.19  7.14  6.09 299 9999.0  17.2  20.8 999.0 99.0 99.00
2016 01 29 22 50 287 12.3 15.5  2.73  8.33  5.77 338 9999.0  17.6  20.8 999.0 99.0 99.00
2016 01 29 23 50 284 14.1 16.9  3.40  7.14  6.30 287 9999.0  18.1  20.8 999.0 99.0 99.00
2016 01 30 00 50 294 13.7 16.5  3.55  7.69  6.29 284 9999.0  18.5  20.8 999.0 99.0 99.00
2016 01 30 01 50 305 13.1 15.7  3.58  7.69  6.26 281 9999.0  18.1  20.7 999.0 99.0 99.00
2016 01 30 02 50 304 11.1 13.6  3.51  8.33  6.58 288 9999.0  17.7  20.7 999.0 99.0 99.00
2016 01 30 03 50 315 10.8 13.1  3.90  9.09  6.93 281 9999.0  17.3  20.7 999.0 99.0 99.00
2016 01 30 04 50 318 10.2 14.0  3.51  8.33  6.69 292 9999.0  16.7  20.7 999.0 99.0 99.00
2016 01 30 05 50 326  9.3 12.4  3.20  9.09  6.63 276 9999.0  16.7  20.7 999.0 99.0 99.00
2016 01 30 06 50 320  8.0 10.5  2.97  8.33  6.46 286 9999.0  16.7  20.6 999.0 99.0 99.00
2016 01 30 07 50 332  8.4 10.7  3.10  9.09  6.59 261 9999.0  16.6  20.6 999.0 99.0 99.00
2016 01 30 08 50 342  8.9 11.6  2.95  8.33  6.39 277 9999.0  15.9  20.6 999.0 99.0 99.00
2016 01 30 09 50 359  8.7 11.6  3.06  8.33  6.50 279 9999.0  15.4  20.6 999.0 99.0 99.00
2016 01 30 10 50 350  8.4 10.8  2.73  9.09  6.30 256 9999.0  15.2  20.6 999.0 99.0 99.00
2016 01 30 11 50 352  7.6  9.6  2.50  8.33  6.24 263 9999.0  15.0  20.5 999.0 99.0 99.00
2016 01 30 12 50 352  7.6 10.5  2.48  7.14  6.19 304 9999.0  14.7  20.5 999.0 99.0 99.00
2016 01 30 13 50  24  6.5  8.6  2.28  8.33  6.04 266 9999.0  14.8  20.4 999.0 99.0 99.00
2016 01 30 14 50  48  3.9  6.0  2.19  7.14  6.20 313 9999.0  14.9  20.5 999.0 99.0 99.00
2016 01 30 15 50  44  2.5  4.2  2.15  8.33  6.33 271 9999.0  15.0  20.5 999.0 99.0 99.00
2016 01 30 16 50   7  0.9  1.9  2.12  8.33  6.38  18 9999.0  15.0  20.6 999.0 99.0 99.00
2016 01 30 17 50 129  1.1  2.2  2.07  7.69  6.46 340 9999.0  15.2  20.7 999.0 99.0 99.00
2016 01 30 18 50 175  1.1  2.0  2.12  9.09  6.62  31 9999.0  15.6  20.7 999.0 99.0 99.00
2016 01 30 19 50 180  2.5  4.2  2.22  9.09  6.90  39 9999.0  15.5  20.7 999.0 99.0 99.00
2016 01 30 20 50 213  3.3  5.1  2.04 10.00  6.69  26 9999.0  15.9  20.7 999.0 99.0 99.00
2016 01 30 21 50 226  2.6  4.4  2.08  9.09  7.00  32 9999.0  16.0  20.7 999.0 99.0 99.00
2016 01 30 22 50 199  1.8  3.0  1.97 10.00  6.91  30 9999.0  16.2  20.7 999.0 99.0 99.00
2016 01 30 23 50 229  1.2  2.8  1.86  9.09  6.74  28 9999.0  16.3  20.6 999.0 99.0 99.00
2016 01 31 00 50 203  1.3  2.3  1.76 10.00  6.75  28 9999.0  16.4  20.5 999.0 99.0 99.00
2016 01 31 01 50 180  2.9  4.3  1.74  9.09  6.90  53 9999.0  16.6  20.5 999.0 99.0 99.00
2016 01 31 02 50 210  3.5  6.6  1.72 10.00  6.90  32 9999.0  16.8  20.5 999.0 99.0 99.00
2016 01 31 03 50 224  2.5  4.2  1.59  9.09  7.05  25 9999.0  17.0  20.6 999.0 99.0 99.00
2016 01 31 04 50 207  3.7  6.3  1.64  9.09  7.11  60 9999.0  17.0  20.6 999.0 99.0 99.00
2016 01 31 05 50 207  3.3  4.9  1.55  8.33  6.92  29 9999.0  17.2  20.5 999.0 99.0 99.00
2016 01 31 06 50 200  3.3  4.8  1.39  9.09  6.76  44 9999.0  17.2  20.5 999.0 99.0 99.00
2016 01 31 07 50 235  2.6  4.6  1.24  9.09  6.53  39 9999.0  17.4  20.5 999.0 99.0 99.00
2016 01 31 08 50 189  3.7  4.9  1.53  8.33  7.07  39 9999.0  17.5  20.5 999.0 99.0 99.00
2016 01 31 09 50 176  3.6  5.5  1.39  8.33  6.83  35 9999.0  17.6  20.6 999.0 99.0 99.00
2016 01 31 10 50 176  4.2  5.5  1.31  9.09  6.87  65 9999.0  17.8  20.6 999.0 99.0 99.00
2016 01 31 11 50 175  5.3  6.8  1.22  9.09  6.78  40 9999.0  18.0  20.6 999.0 99.0 99.00
2016 01 31 12 50 169  5.0  6.4  1.31  9.09  6.82  90 9999.0  18.2  20.6 999.0 99.0 99.00
2016 01 31 13 50 182  5.5  6.6  1.19  8.33  6.42  64 9999.0  18.4  20.6 999.0 99.0 99.00
2016 01 31 14 50 179  6.3  8.2  1.20  8.33  6.17  63 9999.0  18.5  20.7 999.0 99.0 99.00
2016 01 31 15 50 191  6.8  8.0  1.10  8.33  5.55  63 9999.0  18.7  20.7 999.0 99.0 99.00
2016 01 31 16 50 195  6.2  8.2  1.15 10.00  5.76  94 9999.0  18.8  20.7 999.0 99.0 99.00
2016 01 31 17 50 198  6.3  7.5  1.01  8.33  5.26 120 9999.0  18.9  20.8 999.0 99.0 99.00
2016 01 31 18 50 204  6.0  7.1  1.16  9.09  5.55  91 9999.0  19.0  20.8 999.0 99.0 99.00
2016 01 31 19 50 209  6.5  7.6  1.16  9.09  5.63  71 9999.0  19.1  20.8 999.0 99.0 99.00
2016 01 31 20 50 206  6.3  8.0  1.13  9.09  5.64 105 9999.0  19.2  20.7 999.0 99.0 99.00
2016 01 31 21 50 207  5.8  6.7  1.13  9.09  5.75 104 9999.0  19.3  20.7 999.0 99.0 99.00
2016 01 31 22 50 215  5.4  6.4  1.08  9.09  5.69  95 9999.0  19.3  20.6 999.0 99.0 99.00
