#YY  MM DD hh mm WDIR WSPD GST  WVHT   DPD   APD MWD   PRES  ATMP  WTMP  DEWP  VIS  TIDE
#yr  mo dy hr mn degT m/s  m/s     m   sec   sec deg    hPa  degC  degC  degC  nmi    ft
2016 08 31 23 50 194  2.2  3.0  1.10 11.43  6.19  72 1014.7  27.2  28.7  22.6 99.0 99.00
2016 09 01 00 50 179  3.3  4.3  1.04 11.43  5.97  26 1014.9  27.3  28.7  23.0 99.0 99.00
2016 09 01 01 50 172  4.4  5.2  1.10 10.81  5.83  57 1015.0  27.5  28.7  23.3 99.0 99.00
2016 09 01 02 50 210  4.1  5.0  1.19  6.25  5.83 247 1014.9  26.3  28.7  23.6 99.0 99.00
2016 09 01 03 50 184  5.3  6.4  1.16  6.25  5.85 251 1014.7  27.1  28.7  23.8 99.0 99.00
2016 09 01 04 50 224  8.9 10.7  1.19  6.25  5.36 247 1014.3  26.5  28.6  23.6 99.0 99.00
2016 09 01 05 50 201  9.2 10.8  1.31  5.56  4.98 225 1013.6  27.0  28.6  23.8 99.0 99.00
2016 09 01 06 50 201  9.8 12.1  1.42  4.35  4.84 208 1013.0  26.5  28.6  23.6 99.0 99.00
2016 09 01 07 50 200  9.9 12.9  1.49  6.25  4.98 225 1012.2  27.0  28.6  24.1 99.0 99.00
2016 09 01 08 50 222 11.3 15.6  1.90  5.88  5.28 219 1012.1  26.3  28.6  24.2 99.0 99.00
2016 09 01 09 50 236 11.6 14.1  1.86  6.25  5.34 226 1012.0  28.3  28.6  23.8 99.0 99.00
2016 09 01 10 50 229 11.7 14.1  2.28  6.67  5.62 228 1012.2  28.4  28.6  24.3 99.0 99.00
2016 09 01 11 50 235 12.8 15.9  2.80  7.14  5.90 229 1012.1  28.7  28.6  24.0 99.0 99.00
2016 09 01 12 50 231 13.2 16.0  3.17  7.69  6.37 232 1012.1  28.7  28.6  23.9 99.0 99.00
2016 09 01 13 50 228 13.4 16.1  3.47  8.33  6.61 230 1012.2  28.5  28.6  24.1 99.0 99.00
2016 09 01 14 50 228 11.9 14.2  3.55  9.09  6.69 238 1012.5  26.8  28.6  23.4 99.0 99.00
2016 09 01 15 50 238 13.4 15.8  3.27  8.33  6.63 221 1012.6  27.5  28.6  24.2 99.0 99.00
2016 09 01 16 50 233 12.0 14.7  3.50  9.09  6.71 243 1012.6  27.4  28.5  24.3 99.0 99.00
2016 09 01 17 50 237 14.4 19.0  3.05  9.09  6.41 241 1012.4  27.2  28.5  24.5 99.0 99.00
2016 09 01 18 50 252 12.3 15.3  2.85  9.09  6.23 248 1012.5  28.4  28.5  24.3 99.0 99.00
2016 09 01 19 50 257 12.0 14.0  3.17  9.09  6.56 253 1012.7  28.4  28.6  24.0 99.0 99.00
2016 09 01 20 50 266 10.4 13.4  3.06  8.33  6.43 258 1013.2  28.4  28.5  24.2 99.0 99.00
2016 09 01 21 50 269 10.3 12.8  2.91  8.33  6.54 257 1013.6  28.6  28.5  23.8 99.0 99.00
2016 09 01 22 50 281  7.8  9.5  2.58  9.09  6.13 266 1014.3  28.3  28.5  24.6 99.0 99.00
2016 09 01 23 50 272  6.1  7.6  2.75  8.33  6.58 261 1014.8  28.3  28.5  24.6 99.0 99.00
2016 09 02 00 50 256  6.2  7.7  2.20  8.33  6.18 251 1015.7  28.4  28.5  24.5 99.0 99.00
2016 09 02 01 50 255  5.9  7.1  2.11  8.33  6.08 253 1016.4  28.5  28.5  24.1 99.0 99.00
2016 09 02 02 50 240  4.7  5.8  1.83  7.69  5.92 243 1016.7  28.3  28.5  24.8 99.0 99.00
2016 09 02 03 50 228  4.5  5.3  1.75  7.14  5.88 234 1016.9  28.5  28.5  24.7 99.0 99.00
2016 09 02 04 50 214  4.6  5.7  1.59  7.69  5.82 236 1016.1  28.5  28.5  25.2 99.0 99.00
2016 09 02 05 50 197  5.9  6.9  1.57  7.14  5.74 225 1015.6  28.5  28.5  25.2 99.0 99.00
2016 09 02 06 50 193  6.3  7.2  1.44  7.14  5.35 223 1015.0  28.5  28.5  25.2 99.0 99.00
2016 09 02 07 50 192  6.9  8.2  1.32  6.25  5.11 220 1014.8  28.4  28.5  25.7 99.0 99.00
2016 09 02 08 50 203  7.0  8.4  1.34  6.67  5.19 233 1015.0  28.4  28.4  26.0 99.0 99.00
2016 09 02 09 50 191  6.5  7.4  1.18  6.25  4.95 220 1015.3  28.5  28.5  26.2 99.0 99.00
2016 09 02 10 50 188  7.3  8.5  1.19  5.88  4.67 224 1015.5  28.5  28.5  26.0 99.0 99.00
2016 09 02 11 50 185  7.3  8.3  1.11  5.56  4.71 227 1015.6  28.5  28.5  25.8 99.0 99.00
2016 09 02 12 50 198  7.6  9.4  1.06  5.56  4.44 221 1016.0  28.7  28.5  25.8 99.0 99.00
2016 09 02 13 50 203  8.4 10.0  1.08  5.88  4.48 226 1016.3  28.8  28.5  25.8 99.0 99.00
2016 09 02 14 50 200  7.7  9.5  1.15  5.00  4.43 207 1016.4  28.8  28.5  26.2 99.0 99.00
2016 09 02 15 50 199  8.2  9.6  1.21  5.88  4.50 199 1016.1  28.8  28.5  25.9 99.0 99.00
2016 09 02 16 50 191  8.6 10.6  1.22  5.26  4.49 194 1015.6  28.9  28.6  25.8 99.0 99.00
2016 09 02 17 50 179  8.0 10.0  1.28  5.88  4.58 191 1015.5  29.0  28.6  25.9 99.0 99.00
2016 09 02 18 50 187  8.1 10.0  1.31  5.56  4.86 182 1015.3  29.0  28.6  25.9 99.0 99.00
2016 09 02 19 50 184  9.3 11.2  1.47  5.56  5.02 190 1014.8  29.1  28.6  25.8 99.0 99.00
2016 09 02 20 50 184  8.7 10.7  1.47  5.88  5.10 184 1014.7  29.2  28.6  25.6 99.0 99.00
2016 09 02 21 50 180  9.6 11.3  1.62  6.25  5.28 193 1014.1  29.1  28.6  25.6 99.0 99.00
2016 09 02 22 50 179 10.3 12.1  1.87  6.67  5.43 190 1013.6  29.1  28.6  25.8 99.0 99.00
2016 09 02 23 50 179 10.4 12.3  2.08  6.67  5.73 180 1013.6  29.0  28.5  25.7 99.0 99.00
2016 09 03 00 50 176 11.5 14.3  2.27  6.67  5.85 181 1013.6  29.0  28.5  25.5 99.0 99.00
2016 09 03 01 50 178 12.3 16.0  2.56  7.14  5.91 182 1013.8  29.1  28.5  25.4 99.0 99.00
2016 09 03 02 50 177 12.1 14.9  3.02  7.69  6.36 193 1013.7  28.9  28.5  25.3 99.0 99.00
2016 09 03 03 50 180 13.1 16.4  3.27  8.33  6.54 204 1013.2  28.9  28.5  25.5 99.0 99.00
2016 09 03 04 50 186 14.3 17.0  3.88  9.09  6.92 212 1012.9  29.0  28.5  25.7 99.0 99.00
2016 09 03 05 50 185 12.8 15.9  4.22  9.09  7.41 217 1012.4  28.7  28.4  25.9 99.0 99.00
2016 09 03 06 50 193 13.3 16.4  4.47 10.00  7.36 222 1012.0  29.0  28.4  25.7 99.0 99.00
2016 09 03 07 50 202 13.3 17.9  4.39 10.81  7.32 221 1011.9  29.0  28.4  25.7 99.0 99.00
2016 09 03 08 50 230 15.9 23.2  4.29 10.81  7.36 228 1012.1  26.7  28.4  24.3 99.0 99.00
2016 09 03 09 50 224 12.9 14.8  4.50 10.00  7.34 229 1012.3  27.7  28.4  25.0 99.0 99.00
2016 09 03 10 50 222 11.2 13.5  4.26 10.81  7.19 240 1013.1  28.0  28.4  25.3 99.0 99.00
2016 09 03 11 50 226 11.2 13.8  4.25 10.81  7.30 244 1013.9  27.6  28.3  24.9 99.0 99.00
2016 09 03 12 50 234  9.1 10.9  4.36 10.81  7.29 261 1014.5  26.9  28.3  25.3 99.0 99.00
2016 09 03 13 50 250 10.5 12.6  3.91  9.09  7.20 253 1014.9  28.0  28.3  24.2 99.0 99.00
2016 09 03 14 50 243 11.0 13.1  3.83 10.00  7.15 264 1015.2  28.1  28.3  24.0 99.0 99.00
2016 09 03 15 50 249 10.5 12.3  3.58 10.00  7.11 255 1015.5  28.0  28.3  24.2 99.0 99.00
2016 09 03 16 50 264 10.5 12.4  3.07  9.09  6.65 261 1015.7  27.5  28.4  24.0 99.0 99.00
2016 09 03 17 50 256 10.1 12.0  3.43  9.09  6.97 257 1015.7  27.5  28.4  23.3 99.0 99.00
2016 09 03 18 50 264 10.1 12.1  3.06 10.00  6.86 282 1015.4  27.5  28.4  23.5 99.0 99.00
2016 09 03 19 50 256 10.1 12.2  3.12 10.00  6.93 288 1015.5  27.8  28.4  23.1 99.0 99.00
2016 09 03 20 50 265 11.0 13.3  2.96  8.33  6.76 262 1015.4  27.8  28.4  23.1 99.0 99.00
2016 09 03 21 50 278  9.6 11.4  2.64  6.67  6.43 233 1015.6  27.7  28.3  23.0 99.0 99.00
2016 09 03 22 50 291  7.3  8.7  2.64  9.09  6.48 298 1016.1  27.4  28.3  22.9 99.0 99.00
2016 09 03 23 50 288  6.5  8.1  2.52  9.09  6.62 321 1016.3  27.3  28.3  22.4 99.0 99.00
2016 09 04 00 50 315  6.1  7.4  2.37  7.69  6.47 268 1016.6  27.2  28.2  22.6 99.0 99.00
2016 09 04 01 50 308  4.7  6.1  2.22  8.33  6.20 307 1017.2  27.1  28.2  22.2 99.0 99.00
2016 09 04 02 50 314  4.7  6.2  2.12  8.33  6.41 325 1017.6  27.1  28.2  21.8 99.0 99.00
2016 09 04 03 50 318  5.3  6.9  2.09  8.33  6.09 329 1017.8  27.0  28.2  21.7 99.0 99.00
2016 09 04 04 50 308  4.5  5.7  1.85  7.14  5.85 313 1017.8  27.1  28.2  21.5 99.0 99.00
2016 09 04 05 50 295  4.2  5.1  1.84  6.25  5.82 241 1017.6  27.0  28.2  21.7 99.0 99.00
2016 09 04 06 50 308  4.8  5.9  2.02  7.14  6.03 317 1017.7  26.9  28.2  21.6 99.0 99.00
2016 09 04 07 50 307  3.2  4.4  1.89  6.67  6.07 290 1017.8  26.8  28.2  21.9 99.0 99.00
2016 09 04 08 50 333  3.5  4.4  1.85  6.67  6.01 303 1017.8  26.9  28.2  21.8 99.0 99.00
2016 09 04 09 50 318  3.1  4.5  2.04 11.43  6.63   2 1018.1  27.0  28.2  22.1 99.0 99.00
2016 09 04 10 50 360  3.1  4.6  2.28 12.12  7.31   9 1018.4  27.0  28.1  22.1 99.0 99.00
2016 09 04 11 50 359  4.2  6.0  2.48 12.90  7.76   3 1018.8  26.8  28.1  22.1 99.0 99.00
2016 09 04 12 50   1  2.7  4.0  2.88 13.79  8.37   5 1019.0  26.8  28.1  21.9 99.0 99.00
2016 09 04 13 50  11  4.7  6.1  2.78 12.12  8.12  14 1019.3  26.8  28.1  22.1 99.0 99.00
2016 09 04 14 50  17  2.6  3.8  3.07 13.79  8.66  13 1019.7  26.8  28.1  21.9 99.0 99.00
2016 09 04 15 50 359  4.0  5.5  2.57 12.90  7.88  18 1019.7  26.8  28.2  21.6 99.0 99.00
2016 09 04 16 50  13  5.8  7.0  2.69 13.79  8.05  13 1019.1  26.8  28.2  21.6 99.0 99.00
2016 09 04 17 50  18  4.6  5.8  2.66 10.81  7.92  24 1018.7  26.8  28.2  21.2 99.0 99.00
2016 09 04 18 50  13  4.5  6.0  2.53 13.79  8.22  22 1018.3  26.8  28.2  21.1 99.0 99.00
2016 09 04 19 50   9  4.1  5.2  2.41 14.81  7.71  18 1018.2  26.8  28.2  21.0 99.0 99.00
2016 09 04 20 50   9  4.9  6.8  2.62 12.12  8.36  32 1018.2  26.7  28.2  21.0 99.0 99.00
2016 09 04 21 50  15  5.3  6.5  2.55 14.81  8.46  31 1018.1  26.8  28.1  20.9 99.0 99.00
2016 09 04 22 50  11  5.5  7.4  2.68 14.81  8.91  31 1017.9  26.8  28.1  21.0 99.0 99.00
2016 09 04 23 50  18  5.6  6.8  3.12 14.81  9.75  27 1018.2  26.6  28.0  21.2 99.0 99.00
2016 09 05 00 50   9  5.9  7.6  2.85 12.90  9.38  35 1018.4  26.5  27.9  21.2 99.0 99.00
2016 09 05 01 50  14  6.6  8.3  2.87 13.79  9.21  25 1018.6  26.5  27.8  21.5 99.0 99.00
2016 09 05 02 50  14  6.8  9.3  2.85 14.81  9.20  27 1018.9  26.5  27.8  21.3 99.0 99.00
2016 09 05 03 50   1  7.1  9.1  2.83 14.81  9.07  25 1018.8  26.3  27.8  20.6 99.0 99.00
2016 09 05 04 50   5  6.9  9.1  3.07 13.79  8.88  27 1018.5  26.2  27.8  20.4 99.0 99.00
2016 09 05 05 50   4  6.7  8.6  2.99 13.79  9.08  21 1018.4  26.2  27.8  20.6 99.0 99.00
2016 09 05 06 50   1  6.2  8.0  3.14 12.90  8.62  24 1018.2  26.1  27.8  19.9 99.0 99.00
2016 09 05 07 50 356  6.6  8.3  3.09 12.90  8.29  33 1018.0  26.1  27.8  19.9 99.0 99.00
2016 09 05 08 50 350  6.4  8.2  3.27 12.12  8.57  34 1018.0  26.2  27.8  19.4 99.0 99.00
2016 09 05 09 50 356  7.1  8.5  3.05 12.90  8.01  35 1018.3  26.1  27.8  19.6 99.0 99.00
2016 09 05 10 50 356  6.9  8.7  3.30 12.90  8.27  36 1018.5  26.0  27.8  19.4 99.0 99.00
2016 09 05 11 50 356  6.9  8.6  3.23 12.90  8.32  41 1018.7  26.1  27.8  18.7 99.0 99.00
2016 09 05 12 50 349  6.5  7.7  3.59 13.79  8.83  38 1019.1  26.1  27.7  18.7 99.0 99.00
2016 09 05 13 50  12  6.7  8.5  3.57 13.79  8.83  36 1019.4  25.7  27.8  20.5 99.0 99.00
2016 09 05 14 50 360  8.0  9.6  3.25 13.79  8.42  44 1019.4  26.3  27.8  19.2 99.0 99.00
2016 09 05 15 50   1  7.5  9.6  3.74 12.90  9.02  39 1019.5  26.2  27.8  18.7 99.0 99.00
2016 09 05 16 50   5  7.4  9.3  4.42 13.79  9.65  38 1019.5  26.1  27.8  19.2 99.0 99.00
2016 09 05 17 50   2  6.9  9.1  4.28 13.79  9.47  42 1019.5  26.1  27.8  18.9 99.0 99.00
2016 09 05 18 50 359  6.9  8.6  3.83 12.90  9.24  49 1018.9  26.1  27.8  18.7 99.0 99.00
2016 09 05 19 50   2  5.7  7.7  3.57 12.12  8.98  50 1018.8  26.1  27.8  17.8 99.0 99.00
2016 09 05 20 50 357  5.2  7.2  3.87 13.79  9.97  51 1018.6  26.1  27.8  18.6 99.0 99.00
2016 09 05 21 50  13  5.4  7.8  3.49 13.79  9.68  49 1018.4  26.3  27.8  19.5 99.0 99.00
2016 09 05 22 50  12  5.3  7.2  3.95 13.79 10.34  52 1018.8  26.2  27.8  19.9 99.0 99.00
2016 09 05 23 50  10  5.8  7.7  3.35 13.79  9.87  57 1019.1  26.1  27.8  19.3 99.0 99.00
2016 09 06 00 50   3  5.7  7.3  3.60 12.90 10.10  57 1019.7  26.1  27.8  19.3 99.0 99.00
2016 09 06 01 50  11  5.4  7.0  3.30 12.90  9.73  57 1020.1  26.1  27.8  19.1 99.0 99.00
2016 09 06 02 50 360  4.8  6.2  3.18 13.79  9.72  49 1020.2  25.9  27.8  18.8 99.0 99.00
2016 09 06 03 50 360  4.3  6.3  3.42 12.90 10.01  43 1020.4  25.9  27.8  18.6 99.0 99.00
2016 09 06 04 50 353  3.1  4.8  3.35 12.12  9.61  44 1020.4  25.9  27.7  18.1 99.0 99.00
2016 09 06 05 50 341  3.2  4.9  3.15 12.90  9.63  40 1020.0  25.8  27.7  18.2 99.0 99.00
2016 09 06 06 50 343  4.5  6.0  2.90 12.90  9.25  35 1019.9  25.7  27.7  18.6 99.0 99.00
2016 09 06 07 50 351  4.3  5.4  3.02 12.90  9.16  39 1019.8  25.7  27.7  18.1 99.0 99.00
2016 09 06 08 50 349  4.0  5.5  3.27 12.12  9.49  44 1019.7  25.6  27.7  18.3 99.0 99.00
2016 09 06 09 50 350  5.7  7.2  3.22 13.79  9.19  41 1020.2  25.3  27.6  18.6 99.0 99.00
2016 09 06 10 50   3  4.6  6.8  3.39 13.79  8.90  29 1020.9  25.3  27.6  18.1 99.0 99.00
2016 09 06 11 50  10  4.4  6.2  2.96 12.12  8.41  39 1021.6  25.6  27.6  17.3 99.0 99.00
2016 09 06 12 50  17  3.9  5.7  3.06 12.12  8.79  32 1021.7  25.6  27.6  18.0 99.0 99.00
2016 09 06 13 50  31  3.4  5.4  2.95 13.79  8.62  28 1022.0  25.8  27.7  18.7 99.0 99.00
2016 09 06 14 50  23  3.2  4.4  2.93 12.90  8.68  36 1022.2  25.9  27.8  19.0 99.0 99.00
2016 09 06 15 50  28  2.6  3.9  2.58 12.90  8.41  33 1022.2  26.1  27.9  19.3 99.0 99.00
2016 09 06 16 50  25  1.8  3.1  2.75 12.12  8.82  40 1022.1  26.2  28.1  18.9 99.0 99.00
2016 09 06 17 50  72  0.6  2.0  2.44 12.12  8.57  39 1021.8  26.2  28.7  18.9 99.0 99.00
2016 09 06 18 50 338  1.1  2.0  2.43 12.90  8.85  36 1021.4  26.5  29.2  19.2 99.0 99.00
2016 09 06 19 50  24  1.2  2.3  2.20 11.43  8.63  41 1021.1  26.5  29.5  19.4 99.0 99.00
2016 09 06 20 50  37  0.5  1.6  2.14 11.43  8.98  38 1020.9  26.7  29.2  19.2 99.0 99.00
2016 09 06 21 50 360  2.0  2.8  1.88 11.43  8.74  45 1021.1  26.7  28.7  19.3 99.0 99.00
2016 09 06 22 50 328  2.3  3.1  1.60 12.90  8.40  46 1021.1  26.6  28.4  19.2 99.0 99.00
2016 09 06 23 50 304  1.1  2.1  1.55 10.81  8.51  54 1021.5  26.5  28.1  19.1 99.0 99.00
2016 09 07 00 50 270  0.3  1.4  1.74 12.90  8.95  45 1021.8  26.4  28.1  19.1 99.0 99.00
2016 09 07 01 50 260  0.7  1.7  1.67 12.90  8.91  39 1022.1  26.3  28.0  19.4 99.0 99.00
2016 09 07 02 50 261  1.1  2.1  1.57 12.12  8.52  39 1022.4  26.3  27.8  19.3 99.0 99.00
2016 09 07 03 50 237  1.6  2.7  1.78 12.12  9.15  42 1022.2  26.2  27.8  19.2 99.0 99.00
2016 09 07 04 50 199  1.7  2.8  1.73 12.12  8.97  15 1022.0  26.0  27.8  19.3 99.0 99.00
2016 09 07 05 50 210  1.9  3.2  1.76 11.43  8.95   9 1021.7  25.9  27.8  19.3 99.0 99.00
2016 09 07 06 50 250  1.7  3.0  1.51 11.43  8.47  14 1021.5  25.8  27.8  19.8 99.0 99.00
2016 09 07 07 50 204  1.9  3.2  1.51 10.81  8.46 358 1021.4  25.8  27.7  19.8 99.0 99.00
2016 09 07 08 50 207  2.2  3.3  1.41 10.81  8.07 356 1021.5  25.7  27.7  19.7 99.0 99.00
2016 09 07 09 50 220  2.4  3.3  1.33 10.00  7.93 358 1021.8  25.5  27.7  20.0 99.0 99.00
2016 09 07 10 50 212  2.3  3.5  1.15 10.81  7.36   3 1022.2  25.5  27.7  20.2 99.0 99.00
2016 09 07 11 50 232  2.3  3.1  1.22 10.00  7.40   7 1022.5  25.6  27.7  20.1 99.0 99.00
2016 09 07 12 50 248  2.4  3.5  1.13 10.00  6.93  22 1022.6  25.8  27.7  20.1 99.0 99.00
2016 09 07 13 50 253  2.4  3.3  1.11 10.81  6.92  33 1022.9  25.8  27.7  20.1 99.0 99.00
2016 09 07 14 50 258  2.4  3.4  1.05 10.00  6.97  32 1023.1  26.0  27.8  20.3 99.0 99.00
2016 09 07 15 50 263  2.4  3.6  1.07  9.09  7.10  77 1023.1  26.1  28.0  20.8 99.0 99.00
2016 09 07 16 50 255  2.5  3.3  1.07 10.00  7.16  74 1022.8  26.3  28.2  20.8 99.0 99.00
2016 09 07 17 50 259  3.0  4.3  1.00 10.81  7.31  50 1022.6  26.5  28.3  20.6 99.0 99.00
2016 09 07 18 50 291  3.7  4.6  0.97 10.00  7.39  70 1022.0  26.7  28.3  20.5 99.0 99.00
2016 09 07 19 50 269  3.1  4.1  1.15 10.00  7.47  88 1021.4  27.0  28.3  20.2 99.0 99.00
2016 09 07 20 50 303  3.0  4.6  0.94 10.00  7.13  93 1021.4  27.0  28.2  21.0 99.0 99.00
2016 09 07 21 50 251  1.8  2.6  0.97 10.00  7.04  78 1021.2  27.2  28.2  20.8 99.0 99.00
2016 09 07 22 50 304  1.5  2.2  0.92 10.00  7.03  59 1021.3  27.1  28.1  20.7 99.0 99.00
2016 09 07 23 50 247  1.3  2.1  0.93 10.00  6.89 146 1021.1  26.7  28.1  20.8 99.0 99.00
2016 09 08 00 50 210  2.5  3.2  0.90 10.00  6.58  66 1021.4  26.6  28.0  21.0 99.0 99.00
2016 09 08 01 50 186  3.3  4.3  1.06 10.00  6.93  56 1021.2  26.5  28.0  20.8 99.0 99.00
2016 09 08 02 50 194  3.8  4.9  1.07 10.00  6.82  77 1021.0  26.5  28.0  20.0 99.0 99.00
2016 09 08 03 50 201  3.8  4.7  0.88  9.09  6.08  82 1021.1  26.3  27.9  20.0 99.0 99.00
2016 09 08 04 50 208  3.4  4.2  0.99 10.00  6.22  85 1021.0  26.3  27.9  19.8 99.0 99.00
2016 09 08 05 50 204  3.9  4.9  1.04  8.33  6.23  76 1020.4  26.3  27.8  19.0 99.0 99.00
2016 09 08 06 50 208  3.2  3.9  0.93  9.09  6.16  65 1020.1  26.3  27.7  18.1 99.0 99.00
2016 09 08 07 50 218  3.2  4.1  1.00  9.09  6.27  61 1019.9  26.3  27.7  18.2 99.0 99.00
2016 09 08 08 50 253  2.7  3.4  0.92 10.00  5.98 101 1019.6  26.2  27.7  18.4 99.0 99.00
2016 09 08 09 50 256  2.6  3.6  0.87  9.09  5.91  97 1019.6  26.1  27.8  18.4 99.0 99.00
2016 09 08 10 50 237  2.3  3.1  0.87 10.00  5.97  80 1020.2  26.1  27.8  18.8 99.0 99.00
2016 09 08 11 50 266  2.3  3.4  0.74  9.09  5.80  96 1020.7  26.3  27.8  18.4 99.0 99.00
2016 09 08 12 50 294  2.1  4.2  0.79  8.33  6.26  78 1020.7  26.3  27.7  18.9 99.0 99.00
2016 09 08 13 50 302  1.0  2.2  0.84  9.09  6.59 109 1021.0  26.5  27.8  18.5 99.0 99.00
2016 09 08 14 50 241  1.3  2.0  0.82  9.09  6.38 107 1021.0  26.7  28.0  18.5 99.0 99.00
2016 09 08 15 50 199  1.6  2.1  0.77  8.33  6.43  95 1020.5  26.7  28.3  19.1 99.0 99.00
2016 09 08 16 50 269  0.3  1.0  0.77  9.09  6.58 115 1020.3  27.7  28.8  19.2 99.0 99.00
2016 09 08 17 50 170  1.3  1.8  0.78  8.33  6.54  97 1020.1  26.9  29.2  19.2 99.0 99.00
2016 09 08 18 50 141  0.6  1.4  0.80  9.09  6.74  81 1019.4  27.1  29.6  19.0 99.0 99.00
2016 09 08 19 50 154  1.6  2.3  0.78  8.33  6.43  46 1018.9  26.9  29.5  18.8 99.0 99.00
2016 09 08 20 50 150  1.6  2.4  0.75  8.33  6.47  93 1018.6  27.1  29.4  18.0 99.0 99.00
2016 09 08 21 50 193  2.0  2.9  0.77  8.33  6.55  93 1018.4  27.1  29.3  17.1 99.0 99.00
2016 09 08 22 50 190  1.3  1.9  0.78  8.33  6.51 101 1018.4  27.0  29.0  17.5 99.0 99.00
2016 09 08 23 50 205  1.0  1.8  0.78  7.69  6.18  69 1018.6  27.0  28.7  17.2 99.0 99.00
2016 09 09 00 50 150  0.5  1.0  0.81 10.00  6.36 100 1019.1  27.0  28.6  16.2 99.0 99.00
2016 09 09 01 50  74  0.9  1.3  0.87  8.33  6.51  85 1019.5  27.1  28.3  16.1 99.0 99.00
2016 09 09 02 50 131  2.6  3.3  0.88  9.09  6.38  72 1019.5  27.0  28.1  17.5 99.0 99.00
2016 09 09 03 50 118  2.5  3.5  0.90  8.33  6.35  85 1019.4  27.0  28.1  18.9 99.0 99.00
2016 09 09 04 50 113  2.6  3.3  0.97  8.33  6.62  84 1019.1  26.8  28.0  20.6 99.0 99.00
2016 09 09 05 50 136  2.4  3.3  0.84 10.00  6.49  57 1019.1  26.9  28.1  21.0 99.0 99.00
2016 09 09 06 50 127  1.7  2.2  0.90 10.00  6.51  67 1018.6  27.0  28.0  21.4 99.0 99.00
2016 09 09 07 50 134  2.3  3.1  1.08  9.09  7.17  74 1018.4  27.1  28.0  21.3 99.0 99.00
2016 09 09 08 50 115  1.2  1.8  0.97  9.09  7.27  73 1018.4  27.1  28.0  21.5 99.0 99.00
2016 09 09 09 50 115  2.1  2.8  0.94 10.00  6.88  60 1018.8  27.2  27.9  22.1 99.0 99.00
2016 09 09 10 50  84  0.9  1.4  0.92  9.09  7.01  54 1019.1  27.2  28.0  22.7 99.0 99.00
2016 09 09 11 50  69  1.2  1.6  1.00 10.00  7.23  58 1019.3  27.3  28.0  23.1 99.0 99.00
2016 09 09 12 50  32  1.2  1.8  1.00  9.09  7.31  55 1019.3  27.3  28.1  22.6 99.0 99.00
2016 09 09 13 50  43  3.8  4.5  0.94  9.09  7.01  80 1019.9  27.3  28.0  22.8 99.0 99.00
2016 09 09 14 50  32  4.6  5.4  0.98 10.00  6.91  88 1019.4  26.4  28.0  22.5 99.0 99.00
2016 09 09 15 50  69  3.7  4.7  0.97 10.00  6.76  65 1019.1  26.7  28.1  22.8 99.0 99.00
2016 09 09 16 50  75  3.2  4.2  1.00  9.09  6.67  68 1019.1  26.8  28.1  23.0 99.0 99.00
2016 09 09 17 50  94  2.5  3.5  0.94 10.00  6.45  66 1019.0  27.2  28.5  22.9 99.0 99.00
2016 09 09 18 50  80  2.9  3.8  0.98  9.09  6.27  73 1018.2  27.5  28.7  23.0 99.0 99.00
2016 09 09 19 50  91  2.9  3.8  1.04  9.09  6.60  73 1018.1  27.7  28.6  23.1 99.0 99.00
2016 09 09 20 50  85  3.5  4.6  1.00  9.09  6.57  58 1018.0  27.8  28.6  23.0 99.0 99.00
2016 09 09 21 50 108  3.8  4.7  0.94  9.09  6.60  62 1018.3  27.8  28.5  23.6 99.0 99.00
2016 09 09 22 50 111  3.8  4.6  0.95  9.09  6.82  62 1018.5  27.8  28.4  23.7 99.0 99.00
2016 09 09 23 50 131  5.2  5.9  1.04  9.09  6.96  50 1018.9  27.8  28.4  23.4 99.0 99.00
2016 09 10 00 50 135  5.7  6.8  0.97  9.09  6.30  59 1019.3  27.5  28.2  24.3 99.0 99.00
2016 09 10 01 50 164  6.0  6.8  0.99  8.33  5.89  48 1019.4  27.5  28.1  23.8 99.0 99.00
2016 09 10 02 50 181  5.6  6.6  1.02  9.09  5.92  59 1019.4  27.4  28.1  23.5 99.0 99.00
2016 09 10 03 50 226  2.8  3.7  0.99  9.09  5.93  63 1019.1  27.3  28.1  23.8 99.0 99.00
2016 09 10 04 50 137  3.6  4.5  1.05  9.09  5.89  50 1019.3  27.3  28.0  23.7 99.0 99.00
2016 09 10 05 50 149  3.3  3.9  0.98  9.09  5.83  57 1019.1  27.3  28.0  23.6 99.0 99.00
2016 09 10 06 50 152  4.3  4.9  0.98  9.09  5.79  67 1018.7  27.3  28.0  23.5 99.0 99.00
2016 09 10 07 50 167  3.3  4.0  0.96  9.09  5.71  44 1018.7  27.2  27.9  23.1 99.0 99.00
2016 09 10 08 50 152  3.0  3.6  0.99  9.09  5.85  49 1018.6  27.2  27.9  23.3 99.0 99.00
2016 09 10 09 50 126  2.7  3.4  0.88  8.33  5.78  65 1019.1  27.2  27.9  23.1 99.0 99.00
2016 09 10 10 50 113  2.2  2.6  0.92  9.09  6.07  50 1019.3  27.3  27.9  23.4 99.0 99.00
2016 09 10 11 50 104  2.6  3.7  0.91  9.09  6.09  47 1019.7  27.7  27.9  22.9 99.0 99.00
2016 09 10 12 50 118  2.8  3.6  0.89  8.33  6.02  46 1020.0  27.8  27.9  23.2 99.0 99.00
2016 09 10 13 50 116  2.5  3.0  0.91  9.09  6.21  44 1020.5  27.9  28.0  23.4 99.0 99.00
2016 09 10 14 50  93  3.0  4.0  0.87  9.09  6.10  57 1020.8  27.8  28.2  23.5 99.0 99.00
2016 09 10 15 50 104  3.8  4.4  0.90  9.09  6.07  73 1021.0  28.0  28.4  23.8 99.0 99.00
2016 09 10 16 50 133  3.9  4.6  0.84  9.09  5.80  60 1020.9  28.1  28.4  23.7 99.0 99.00
2016 09 10 17 50 131  5.4  6.1  0.86  8.33  5.61  60 1020.5  27.8  28.3  23.3 99.0 99.00
2016 09 10 18 50 131  4.5  5.2  0.89  9.09  5.43  72 1020.1  27.9  28.3  23.4 99.0 99.00
2016 09 10 19 50 175  3.1  3.8  0.91  8.33  5.54  56 1019.4  27.3  28.3  23.4 99.0 99.00
2016 09 10 20 50 151  4.5  5.4  0.95  8.33  5.62  54 1019.2  28.1  28.4  23.5 99.0 99.00
2016 09 10 21 50 157  3.9  4.6  0.89  8.33  5.45  65 1019.5  28.1  28.3  23.3 99.0 99.00
2016 09 10 22 50 152  4.1  4.9  0.82  8.33  5.41  53 1019.5  27.7  28.4  23.9 99.0 99.00
2016 09 10 23 50 148  4.0  4.6  0.88  8.33  5.51  63 1019.6  27.5  28.3  24.0 99.0 99.00
2016 09 11 00 50 148  3.9  4.6  0.86  9.09  5.43  70 1019.9  27.4  28.3  24.0 99.0 99.00
2016 09 11 01 50 152  4.1  4.8  0.90  9.09  5.50  57 1020.0  27.4  28.2  23.6 99.0 99.00
2016 09 11 02 50 145  4.5  5.3  0.93  8.33  5.32  66 1020.2  27.4  28.2  23.6 99.0 99.00
2016 09 11 03 50 154  4.5  5.4  0.89  9.09  5.33  62 1019.9  27.5  28.1  23.2 99.0 99.00
2016 09 11 04 50 164  4.7  5.7  0.94  8.33  5.51  66 1019.9  27.5  28.1  23.3 99.0 99.00
2016 09 11 05 50 180  5.0  6.3  0.97  6.25  5.46 104 1020.0  27.5  28.0  23.6 99.0 99.00
2016 09 11 06 50 180  4.0  5.2  0.98  8.33  5.54  41 1019.2  27.4  28.0  23.4 99.0 99.00
2016 09 11 07 50 212  3.9  4.9  0.89  7.69  5.50  71 1019.1  27.4  28.0  23.3 99.0 99.00
2016 09 11 08 50 196  4.1  5.2  0.92  9.09  5.52  64 1019.1  27.4  28.0  23.7 99.0 99.00
2016 09 11 09 50 223  3.3  4.2  0.90  7.14  5.59  71 1019.6  27.5  28.1  23.6 99.0 99.00
2016 09 11 10 50 251  2.6  3.3  0.86  8.33  5.49  72 1019.8  27.5  28.2  23.7 99.0 99.00
2016 09 11 11 50 190  2.2  2.8  0.88  6.25  5.65 103 1020.2  27.6  28.2  23.9 99.0 99.00
2016 09 11 12 50 257  1.5  2.0  0.80  6.25  5.56  90 1020.6  27.5  28.3  23.9 99.0 99.00
2016 09 11 13 50 208  3.1  4.2  0.82  7.69  5.70  69 1021.0  27.6  28.4  22.3 99.0 99.00
2016 09 11 14 50 177  2.3  2.9  0.82  8.33  5.53  68 1021.3  27.9  28.5  22.5 99.0 99.00
2016 09 11 15 50 198  2.9  3.6  0.82  9.09  5.60  68 1021.2  27.8  28.8  23.5 99.0 99.00
2016 09 11 16 50 176  4.1  4.8  0.83  7.69  5.55  74 1020.5  27.6  28.8  23.6 99.0 99.00
2016 09 11 17 50 160  3.9  4.7  0.76  7.69  5.56  79 1019.9  27.9  29.0  23.5 99.0 99.00
2016 09 11 18 50 192  3.2  3.8  0.80  8.33  5.55  68 1019.4  28.0  29.1  23.8 99.0 99.00
2016 09 11 19 50 204  4.0  5.1  0.79  8.33  5.69  66 1019.2  28.2  29.2  23.9 99.0 99.00
2016 09 11 20 50 223  3.7  4.6  0.79  9.09  5.74  88 1019.0  28.4  29.1  23.6 99.0 99.00
2016 09 11 21 50 189  3.0  3.8  0.71  8.33  5.48  84 1019.1  28.3  29.1  23.8 99.0 99.00
2016 09 11 22 50 179  3.2  4.0  0.82  9.09  5.79  84 1019.5  28.1  29.0  23.9 99.0 99.00
2016 09 11 23 50 167  2.8  3.6  0.77 10.00  6.05  76 1019.7  28.1  28.9  23.7 99.0 99.00
2016 09 12 00 50 155  3.8  4.5  0.76 10.00  5.92  94 1019.7  28.1  28.8  23.5 99.0 99.00
2016 09 12 01 50 157  2.7  3.8  0.74  8.33  6.08  75 1019.9  28.0  28.8  23.9 99.0 99.00
2016 09 12 02 50 151  2.8  3.3  0.77  8.33  6.06  62 1019.9  28.1  28.7  24.0 99.0 99.00
2016 09 12 03 50 156  2.8  3.7  0.76  9.09  6.21  56 1019.9  28.0  28.7  24.3 99.0 99.00
2016 09 12 04 50 151  2.6  3.2  0.86 10.00  6.67  72 1019.7  28.0  28.7  23.9 99.0 99.00
2016 09 12 05 50 157  1.4  2.0  0.83  9.09  6.58  82 1019.3  28.1  28.7  23.7 99.0 99.00
2016 09 12 06 50 144  2.5  3.0  0.78 10.00  6.49  82 1018.9  28.0  28.7  24.1 99.0 99.00
2016 09 12 07 50 123  2.5  3.3  0.80 10.00  6.62  86 1018.5  28.0  28.7  24.3 99.0 99.00
2016 09 12 08 50 130  3.1  3.7  0.87  9.09  6.59  77 1019.1  28.1  28.7  24.3 99.0 99.00
2016 09 12 09 50 128  2.9  3.8  0.83  9.09  6.48  84 1019.0  28.1  28.7  23.0 99.0 99.00
2016 09 12 10 50 134  3.9  4.7  0.77  9.09  6.38  87 1019.5  28.2  28.7  24.3 99.0 99.00
2016 09 12 11 50 136  3.5  4.2  0.82  9.09  6.40  79 1019.9  28.2  28.7  24.2 99.0 99.00
2016 09 12 12 50 140  4.3  5.5  0.85  9.09  6.56  92 1020.1  27.7  28.6  24.0 99.0 99.00
2016 09 12 13 50 120  4.2  5.0  0.73  8.33  6.05  83 1020.5  27.9  28.6  23.3 99.0 99.00
2016 09 12 14 50 112  2.6  3.3  0.78  9.09  5.96  97 1020.7  28.5  28.8  23.4 99.0 99.00
2016 09 12 15 50 124  5.0  8.1  0.73  9.09  6.24 101 1020.6  27.7  28.8  23.7 99.0 99.00
2016 09 12 16 50 102  2.4  3.5  0.78  8.33  6.35 128 1020.1  28.4  29.0  23.5 99.0 99.00
2016 09 12 17 50 124  3.4  4.1  0.77  9.09  6.33 108 1019.7  28.6  29.4  24.6 99.0 99.00
2016 09 12 18 50 126  3.8  4.6  0.78  8.33  6.20 109 1019.4  28.6  29.5  24.6 99.0 99.00
2016 09 12 19 50 128  3.8  4.6  0.86  8.33  6.69 104 1018.9  28.7  29.3  24.3 99.0 99.00
2016 09 12 20 50 130  4.1  4.8  0.86  8.33  6.44 103 1018.7  28.8  29.3  24.3 99.0 99.00
2016 09 12 21 50 110  3.0  3.7  0.91  8.33  6.37 115 1019.0  28.8  29.1  24.3 99.0 99.00
2016 09 12 22 50  29  6.4 10.2  0.89  8.33  6.40 115 1019.3  26.8  29.0  23.2 99.0 99.00
2016 09 12 23 50  33  6.8  7.8  0.93  7.69  5.13 121 1019.3  26.4  28.9  22.8 99.0 99.00
2016 09 13 00 50  53  4.9  6.2  1.01  8.33  4.92 131 1019.4  27.1  28.9  24.2 99.0 99.00
2016 09 13 01 50 115  4.2  5.4  0.95  7.69  5.15 108 1020.2  28.3  28.8  24.7 99.0 99.00
2016 09 13 02 50 154  3.0  3.8  0.99  7.69  5.63 108 1020.0  27.8  28.8  24.6 99.0 99.00
2016 09 13 03 50 136  4.6  5.4  0.96  7.69  5.39 102 1020.2  28.5  28.9  24.6 99.0 99.00
2016 09 13 04 50 151  3.9  4.9  0.92  7.69  5.19  88 1019.9  28.5  28.8  24.8 99.0 99.00
2016 09 13 05 50 149  4.2  4.9  0.96  7.69  5.33  94 1019.6  28.4  28.7  24.9 99.0 99.00
2016 09 13 06 50  90  1.3  2.0  1.05  8.33  5.78 102 1019.5  28.4  28.7  24.6 99.0 99.00
2016 09 13 07 50 256  0.5  1.4  0.97  8.33  5.44 131 1019.5  27.5  28.7  23.7 99.0 99.00
2016 09 13 08 50 266  0.7  1.2  0.88  7.69  5.54 145 1019.7  27.6  28.8  24.2 99.0 99.00
2016 09 13 09 50 171  4.1  4.9  1.00  7.69  5.46 100 1019.4  27.5  28.7  21.7 99.0 99.00
2016 09 13 10 50 106  3.2  3.8  0.97  7.14  5.54 108 1019.6  27.7  28.7  24.2 99.0 99.00
2016 09 13 12 50  94  5.7  6.8  0.92  7.69  5.26 105 1020.1  28.3  28.7  25.1 99.0 99.00
2016 09 13 13 50 104  4.3  5.3  0.94  6.67  5.15 133 1021.1  28.5  28.7  24.6 99.0 99.00
2016 09 13 14 50 113  3.7  4.6  0.99  6.67  5.34 136 1021.5  28.4  28.7  24.8 99.0 99.00
2016 09 13 15 50  90  2.2  2.8  0.90  7.14  5.15 112 1021.5  28.4  28.7  24.7 99.0 99.00
2016 09 13 16 50  36  8.4 10.1  0.91  7.69  5.17 131 1020.9  24.9  28.5  22.6 99.0 99.00
2016 09 13 17 50  65  6.2  9.1  0.97  7.69  4.80 110 1021.8  23.7  28.5  22.2 99.0 99.00
2016 09 13 18 50  61  6.8  8.9  0.94  7.69  5.02 124 1020.1  25.1  28.6  22.1 99.0 99.00
2016 09 13 19 50  71  7.0  7.9  0.88  6.67  5.00 122 1019.8  25.7  28.7  23.0 99.0 99.00
2016 09 13 20 50  81  7.8  8.8  0.88  7.14  4.94 116 1019.9  26.2  28.7  22.2 99.0 99.00
2016 09 13 21 50  74  6.3  7.3  0.92  7.14  4.86 117 1020.2  26.8  28.6  22.1 99.0 99.00
2016 09 13 22 50  79  5.3  6.1  0.93  7.14  4.81 121 1020.4  26.7  28.7  23.1 99.0 99.00
2016 09 13 23 50  71  5.6  6.6  0.93  7.14  4.97 114 1020.0  26.8  28.7  23.8 99.0 99.00
2016 09 14 00 50  79  4.9  6.2  0.95 11.43  4.94  83 1020.3  27.1  28.6  24.1 99.0 99.00
2016 09 14 01 50  60  3.9  4.9  0.92  7.14  4.97 103 1020.6  26.9  28.6  24.0 99.0 99.00
2016 09 14 02 50  60  3.3  4.1  0.94  6.67  5.21 130 1021.0  27.2  28.6  23.8 99.0 99.00
2016 09 14 03 50  66  2.9  3.7  0.90  6.67  5.04 116 1020.7  27.3  28.6  23.9 99.0 99.00
2016 09 14 04 50  73  4.3  5.4  0.94  6.67  5.03 127 1020.3  27.4  28.6  24.4 99.0 99.00
2016 09 14 05 50  81  5.0  6.1  0.97  6.67  5.04 131 1020.1  27.6  28.6  23.9 99.0 99.00
2016 09 14 06 50  79  5.1  6.4  1.01  7.14  5.10  60 1019.7  27.6  28.6  24.1 99.0 99.00
2016 09 14 07 50  87  4.5  5.3  0.97  6.67  4.93 128 1019.9  27.6  28.6  23.9 99.0 99.00
2016 09 14 08 50 100  5.3  5.9  0.94  6.67  4.95  84 1019.5  27.7  28.6  24.2 99.0 99.00
2016 09 14 09 50 100  4.6  5.4  1.00  7.69  5.27 354 1019.4  27.7  28.5  24.3 99.0 99.00
2016 09 14 10 50 103  5.1  6.1  0.92 10.81  5.15  86 1019.5  27.8  28.5  24.4 99.0 99.00
2016 09 14 11 50 107  5.0  5.7  0.99  7.69  5.29  63 1020.1  27.9  28.5  24.0 99.0 99.00
2016 09 14 12 50 118  4.7  5.5  0.94  7.69  5.31 311 1020.5  28.1  28.6  24.1 99.0 99.00
2016 09 14 13 50 114  5.3  6.1  1.01  6.25  5.54  61 1020.7  28.2  28.6  23.9 99.0 99.00
2016 09 14 14 50 117  4.6  5.5  0.95  7.14  5.52 320 1020.7  28.3  28.6  24.0 99.0 99.00
2016 09 14 15 50 116  4.6  5.5  0.98  7.14  5.40 346 1020.5  28.3  28.7  23.8 99.0 99.00
2016 09 14 16 50 110  4.1  4.7  1.00  6.67  5.53  83 1020.3  28.2  28.7  24.0 99.0 99.00
2016 09 14 17 50 116  4.7  5.3  1.01  7.14  5.50  37 1019.6  28.2  28.7  23.7 99.0 99.00
2016 09 14 18 50 114  4.4  5.4  1.05  6.67  5.66 302 1018.9  28.2  28.7  23.7 99.0 99.00
2016 09 14 19 50 117  3.9  5.0  1.02  7.14  5.59 269 1018.4  28.2  28.7  23.8 99.0 99.00
2016 09 14 20 50 122  4.7  5.4  1.05  7.14  5.81   9 1018.2  28.4  28.7  23.6 99.0 99.00
2016 09 14 21 50 116  4.2  5.0  1.00  7.69  5.63  29 1018.1  28.3  28.7  23.5 99.0 99.00
2016 09 14 22 50 106  4.0  5.0  0.97 10.81  5.69 100 1018.1  28.3  28.6  23.8 99.0 99.00
2016 09 14 23 50  99  4.9  5.7  1.08 10.81  6.00  93 1018.2  28.2  28.6  24.0 99.0 99.00
2016 09 15 00 50  93  4.9  6.1  0.97 10.00  5.64  80 1018.7  28.0  28.6  24.6 99.0 99.00
2016 09 15 01 50  95  4.8  5.4  1.04 10.00  5.90  84 1019.1  27.8  28.6  24.5 99.0 99.00
2016 09 15 02 50  96  5.1  6.2  1.09 10.81  5.54  97 1018.6  28.0  28.6  24.7 99.0 99.00
2016 09 15 03 50  89  6.2  7.1  1.11 10.00  5.70  97 1018.3  27.9  28.5  24.3 99.0 99.00
2016 09 15 04 50  87  4.8  5.9  1.11 10.00  5.65  98 1018.4  27.8  28.5  24.7 99.0 99.00
2016 09 15 05 50  80  7.2  8.3  1.12 10.00  5.56  80 1017.6  27.5  28.5  23.4 99.0 99.00
2016 09 15 06 50 129  5.3  6.3  1.17 10.00  5.23  75 1017.4  26.9  28.5  23.0 99.0 99.00
2016 09 15 07 50 111  8.6  9.9  1.27 12.12  5.36  94 1016.9  25.3  28.5  22.9 99.0 99.00
2016 09 15 08 50  49  6.1  7.0  1.28 10.81  5.23 101 1016.6  24.3  28.4  23.1 99.0 99.00
2016 09 15 09 50  58  6.5  7.7  1.28 12.12  6.10  97 1016.9  24.3  28.4  22.6 99.0 99.00
2016 09 15 10 50  58  7.0  8.0  1.33 11.43  5.97  94 1016.7  24.8  28.4  23.2 99.0 99.00
2016 09 15 11 50  80  9.2 11.2  1.42 11.43  5.95  99 1016.7  25.3  28.4  23.7 99.0 99.00
2016 09 15 12 50  88  8.0  9.3  1.48 11.43  5.57 102 1017.2  25.0  28.4  23.3 99.0 99.00
2016 09 15 13 50  82  9.4 10.9  1.56 11.43  5.52  99 1017.3  25.2  28.4  23.4 99.0 99.00
2016 09 15 14 50  86 10.3 12.2  1.62 11.43  5.66 100 1017.6  25.3  28.4  23.6 99.0 99.00
2016 09 15 15 50  78 11.6 14.0  1.81 11.43  5.56  94 1017.2  25.2  28.4  23.5 99.0 99.00
2016 09 15 17 50  91 13.1 15.6  2.10 10.81  5.64 103 1015.6  25.2  28.4  23.5 99.0 99.00
2016 09 15 18 50  85 11.8 14.9  2.39  5.56  5.58  84 1014.7  24.8  28.4  23.7 99.0 99.00
2016 09 15 19 50  98 11.5 16.6  2.55  6.25  5.66  91 1014.3  25.0  28.4  23.9 99.0 99.00
2016 09 15 20 50 101 13.9 17.1  2.84  6.67  5.91  89 1013.6  25.3  28.4  24.4 99.0 99.00
2016 09 15 21 50 107  7.1 10.4  2.69  5.88  5.71  91 1014.6  25.1  28.3  24.0 99.0 99.00
2016 09 15 22 50 141  7.0  8.7  2.96  7.14  6.07 222 1014.8  25.6  28.3  24.0 99.0 99.00
2016 09 15 23 50 103  8.7 10.4  2.98  6.25  6.19 118 1013.3  25.6  28.3  23.1 99.0 99.00
2016 09 16 00 50 111  8.8 14.8  3.02  7.14  6.31 160 1013.7  26.4  28.3  24.2 99.0 99.00
2016 09 16 01 50 129 10.9 13.3  3.36  7.14  6.60 108 1013.9  26.8  28.3  24.2 99.0 99.00
2016 09 16 02 50 123  8.8 10.7  3.19  7.14  6.24  82 1013.9  27.0  28.3  24.4 99.0 99.00
2016 09 16 03 50 122 10.0 11.8  3.15  7.14  6.40  70 1013.5  27.1  28.3  24.6 99.0 99.00
2016 09 16 04 50 131  7.5 10.0  3.13  7.69  6.32  86 1013.5  26.8  28.3  24.7 99.0 99.00
2016 09 16 05 50 159  6.9  9.5  2.97  7.69  6.08  96 1013.2  25.7  28.3  24.2 99.0 99.00
2016 09 16 06 50  40 11.3 17.7  3.00  7.14  5.99 106 1012.4  24.7  28.2  24.3 99.0 99.00
2016 09 16 07 50 107  8.9 15.3  2.96  7.69  5.98  77 1011.0  25.2  28.2  25.2 99.0 99.00
2016 09 16 08 50 247  5.5  7.5  2.78  7.69  6.04  97 1011.4  24.3  28.2  23.1 99.0 99.00
2016 09 16 09 50 121  4.6  6.2  2.51  5.88  5.94 115 1011.7  24.6  28.1  22.1 99.0 99.00
2016 09 16 10 50 113 13.4 15.9  2.52  7.14  5.91  90 1011.0  26.2  28.2  23.9 99.0 99.00
2016 09 16 11 50 132 13.3 15.5  2.40  7.69  5.75 169 1011.9  25.8  28.2  24.0 99.0 99.00
2016 09 16 12 50 109 11.2 13.4  2.49  7.14  5.67 136 1013.1  24.8  28.2  23.5 99.0 99.00
2016 09 16 13 50 101  9.7 11.6  2.31  7.14  5.84 154 1014.1  26.0  28.1  23.4 99.0 99.00
2016 09 16 14 50  96  9.7 11.7  2.40  7.14  5.68 170 1013.8  26.3  28.1  23.3 99.0 99.00
2016 09 16 15 50  84 10.3 12.5  2.30  7.14  5.77 167 1014.2  27.2  28.1  23.7 99.0 99.00
2016 09 16 16 50  91 10.4 12.1  2.26  6.67  5.74 143 1014.3  26.9  28.2  23.4 99.0 99.00
2016 09 16 17 50  82  8.8 10.3  2.26  6.67  5.53 151 1014.5  27.1  28.2  23.7 99.0 99.00
2016 09 16 18 50  88  8.4  9.7  2.08  5.88  5.59 125 1014.0  27.2  28.2  23.5 99.0 99.00
2016 09 16 19 50  81  9.0 11.1  1.97  6.67  5.57 139 1014.1  27.1  28.2  23.6 99.0 99.00
2016 09 16 20 50  87  7.2  8.5  1.91  7.14  5.44 168 1014.3  27.1  28.2  23.7 99.0 99.00
2016 09 16 21 50  82  7.9  9.6  1.82  5.56  5.43 129 1014.4  27.4  28.2  23.9 99.0 99.00
2016 09 16 22 50  79  8.4  9.9  1.79  6.67  5.45 144 1014.3  27.2  28.2  23.5 99.0 99.00
2016 09 16 23 50  74  9.1 10.8  1.75 10.81  5.30  94 1014.2  27.4  28.2  23.3 99.0 99.00
2016 09 17 00 50  74  9.7 11.8  1.75 10.81  5.29  82 1014.9  27.4  28.2  23.7 99.0 99.00
2016 09 17 01 50  89  9.1 10.5  1.90  6.25  5.39 126 1015.6  27.5  28.2  23.6 99.0 99.00
2016 09 17 02 50  73  9.6 11.6  1.96  6.25  5.56 100 1015.5  27.6  28.2  24.2 99.0 99.00
2016 09 17 03 50  86  8.5 10.4  1.85  6.25  5.45 103 1015.5  27.6  28.2  23.9 99.0 99.00
2016 09 17 04 50  94  9.2 10.9  1.81  5.88  5.23 106 1015.6  27.7  28.2  24.1 99.0 99.00
2016 09 17 05 50  89  9.4 12.1  1.85  5.88  5.15  87 1015.3  27.7  28.2  24.4 99.0 99.00
2016 09 17 06 50  91  8.9 10.6  1.80  5.88  5.31  93 1014.8  27.4  28.2  24.3 99.0 99.00
2016 09 17 07 50  90  9.0 10.4  1.75  5.56  5.29  89 1014.8  27.5  28.2  24.5 99.0 99.00
2016 09 17 08 50  82  8.4  9.7  1.79  5.88  5.24  96 1014.8  27.5  28.1  24.9 99.0 99.00
2016 09 17 09 50 103  7.1  9.4  1.70  5.88  5.13 100 1015.2  25.4  28.1  24.1 99.0 99.00
2016 09 17 10 50  88  7.0  8.4  1.60  5.88  5.14  76 1015.3  27.2  28.1  24.5 99.0 99.00
2016 09 17 11 50  92  9.2 10.8  1.63  6.67  5.32  57 1015.6  27.5  28.1  24.8 99.0 99.00
2016 09 17 12 50  93  8.5 10.4  1.78  5.88  5.25  63 1015.6  27.6  28.2  24.5 99.0 99.00
2016 09 17 13 50  74  8.8 10.3  1.84  7.69  5.41  25 1016.3  27.1  28.2  25.0 99.0 99.00
2016 09 17 14 50  74  8.0  9.7  1.91  5.26  5.40  92 1016.8  27.3  28.2  25.0 99.0 99.00
2016 09 17 15 50  84  7.6  9.3  1.80  7.14  5.46  30 1016.3  26.4  28.2  24.1 99.0 99.00
2016 09 17 16 50  97 12.2 14.6  1.86  6.67  5.35  40 1016.6  24.7  28.2  24.2 99.0 99.00
2016 09 17 17 50  97 11.1 12.9  2.29  5.88  5.28  78 1015.9  25.3  28.2  23.2 99.0 99.00
2016 09 17 18 50 119  8.2 11.1  2.02  6.25  5.33  67 1015.4  26.4  28.2  23.7 99.0 99.00
2016 09 17 19 50  58  7.7  9.4  1.92  6.67  5.47  79 1015.2  26.4  28.2  24.0 99.0 99.00
2016 09 17 20 50  75 11.2 13.3  1.87  6.25  5.35  88 1014.9  26.2  28.2  24.5 99.0 99.00
2016 09 17 21 50  86  9.1 11.2  1.84  5.88  5.33  86 1014.7  26.8  28.2  24.5 99.0 99.00
2016 09 17 22 50 100  6.6  7.8  1.82  6.25  5.38  75 1015.0  27.6  28.2  25.3 99.0 99.00
2016 09 17 23 50 112  7.9  9.9  1.74  6.25  5.41  91 1015.0  27.9  28.2  24.9 99.0 99.00
2016 09 18 00 50 125  4.3  6.5  1.68  5.88  5.31 110 1015.9  24.8  28.1  23.1 99.0 99.00
2016 09 18 01 50 131 10.2 13.2  1.67  5.88  5.37 119 1015.8  25.5  28.1  23.8 99.0 99.00
2016 09 18 02 50 109  7.8 10.4  1.72  6.67  5.38  91 1015.6  26.6  28.1  23.7 99.0 99.00
2016 09 18 03 50 101  8.9 10.0  1.74  6.67  5.25  86 1015.8  26.9  28.1  24.6 99.0 99.00
2016 09 18 04 50 118  8.5 10.1  1.70  6.25  5.11 110 1015.3  27.0  28.1  24.6 99.0 99.00
2016 09 18 05 50 102  8.5 10.0  1.70  6.25  5.17 107 1015.8  27.6  28.1  24.9 99.0 99.00
2016 09 18 06 50 114  9.3 11.1  1.82  6.25  5.16 109 1014.8  27.6  28.0  24.9 99.0 99.00
2016 09 18 07 50 141 10.9 13.3  1.92  6.25  5.33 126 1013.3  27.8  28.0  24.4 99.0 99.00
2016 09 18 08 50 162 10.9 13.0  1.93  6.67  5.15 117 1014.2  27.5  28.0  22.6 99.0 99.00
2016 09 18 09 50 141  7.5  9.0  1.96  6.25  5.17 134 1014.9  26.8  28.0  22.7 99.0 99.00
2016 09 18 10 50 140  8.0 10.4  2.00  6.67  5.37 119 1014.7  27.5  28.0  24.8 99.0 99.00
2016 09 18 11 50 139  8.3 10.3  1.84  6.25  5.07 140 1014.8  26.4  28.0  23.7 99.0 99.00
2016 09 18 12 50 132  6.9  8.9  1.82  6.25  5.13 123 1015.3  26.8  28.0  22.9 99.0 99.00
2016 09 18 13 50 135  8.7 10.6  1.89  5.88  5.09 125 1016.0  27.3  28.0  23.5 99.0 99.00
2016 09 18 14 50 125  8.4 10.4  1.65  6.67  5.12 126 1016.5  27.7  28.0  23.8 99.0 99.00
2016 09 18 15 50 141  9.3 10.7  1.75  5.88  5.08 132 1016.1  27.9  28.1  23.9 99.0 99.00
2016 09 18 16 50 127  9.4 11.2  1.75  5.88  5.11 145 1015.8  27.6  28.1  24.5 99.0 99.00
2016 09 18 17 50 125  9.8 11.5  1.90  5.88  5.20 139 1015.6  27.6  28.1  24.1 99.0 99.00
2016 09 18 18 50 128  9.7 11.7  1.77  5.88  5.10 129 1015.2  27.4  28.1  24.3 99.0 99.00
2016 09 18 19 50 147  9.2 11.7  1.85  5.88  5.15 137 1014.9  27.1  28.1  24.4 99.0 99.00
2016 09 18 20 50 155  7.6  9.6  1.71  5.88  5.16 117 1014.7  27.5  28.1  24.0 99.0 99.00
2016 09 18 21 50 184  7.7  8.9  1.68  5.88  5.02 140 1015.1  25.7  28.1  23.9 99.0 99.00
2016 09 18 22 50 155  5.5  6.6  1.50  5.88  4.94 156 1015.1  27.1  28.1  23.2 99.0 99.00
2016 09 18 23 50 152  7.9  9.0  1.50  5.88  5.11 145 1015.5  27.8  28.1  24.0 99.0 99.00
2016 09 19 00 50 178  8.3 11.1  1.47  5.56  4.98 146 1016.1  26.5  28.1  23.3 99.0 99.00
2016 09 19 01 50 159  8.5  9.9  1.50  5.88  4.96 170 1016.1  26.7  28.0  22.4 99.0 99.00
2016 09 19 02 50 158  8.8 10.9  1.49  5.56  4.84 164 1015.9  26.8  28.0  23.4 99.0 99.00
2016 09 19 03 50 154  7.6  9.2  1.52  5.56  4.83 162 1015.8  27.1  28.0  23.4 99.0 99.00
2016 09 19 04 50 151  7.7  8.8  1.48  5.56  4.87 149 1015.9  27.1  28.0  22.5 99.0 99.00
2016 09 19 05 50 140  7.0  8.4  1.37  6.25  4.96 147 1015.6  27.2  28.0  23.4 99.0 99.00
2016 09 19 06 50 142  7.8  9.3  1.41  5.56  4.82 162 1015.3  27.6  28.0  23.5 99.0 99.00
2016 09 19 07 50 129  9.5 15.7  1.35  5.56  4.80 163 1014.7  26.4  28.0  23.3 99.0 99.00
2016 09 19 08 50 143  7.6  9.1  1.27  5.56  4.67 171 1014.6  27.6  27.9  24.1 99.0 99.00
2016 09 19 09 50 131  9.3 11.0  1.37  5.56  4.78 169 1014.7  25.9  27.9  22.5 99.0 99.00
2016 09 19 10 50 133  7.9  8.9  1.43  5.56  4.82 166 1015.0  26.5  27.9  22.8 99.0 99.00
2016 09 19 11 50 143  8.2  9.5  1.32  5.88  4.75 169 1014.9  27.6  27.9  23.3 99.0 99.00
2016 09 19 12 50 151  7.2  8.7  1.40  5.88  4.85 156 1015.3  27.6  27.9  22.6 99.0 99.00
2016 09 19 13 50 184  5.6  6.4  1.28  5.88  4.80 157 1015.8  27.3  28.0  24.0 99.0 99.00
2016 09 19 14 50 186  7.2  9.1  1.18  5.00  4.97 174 1015.7  26.9  28.0  23.0 99.0 99.00
2016 09 19 15 50 155  8.4  9.5  1.30  7.69  4.89  55 1015.6  28.0  27.9  23.2 99.0 99.00
2016 09 19 16 50 150  8.3  9.9  1.30  4.55  4.71 162 1014.9  28.0  27.9  23.8 99.0 99.00
2016 09 19 17 50 220  8.0  9.4  1.32  5.26  4.68 163 1015.0  26.0  27.9  22.8 99.0 99.00
2016 09 19 18 50 211  6.0  7.6  1.45  5.00  4.87 188 1014.6  26.4  27.9  22.8 99.0 99.00
2016 09 19 19 50 174  5.9  7.1  1.41  6.25  4.91 113 1014.3  27.3  28.0  22.5 99.0 99.00
2016 09 19 20 50 149  8.3 10.3  1.34  5.88  4.89 174 1013.4  27.1  28.0  23.9 99.0 99.00
2016 09 19 21 50 149  7.6  8.6  1.38  5.88  4.69 173 1013.4  26.2  27.9  23.4 99.0 99.00
2016 09 19 22 50 190  6.0  7.1  1.40  6.25  4.95 165 1013.8  27.3  27.9  23.4 99.0 99.00
2016 09 19 23 50 176  6.3  7.6  1.31  5.56  4.94 173 1014.5  27.2  27.9  24.0 99.0 99.00
2016 09 20 00 50 173  5.9  6.9  1.33  5.88  5.01 181 1015.1  27.3  27.9  23.8 99.0 99.00
2016 09 20 01 50 186  6.2  7.7  1.33  5.56  5.15 178 1015.3  27.3  27.8  23.5 99.0 99.00
2016 09 20 02 50 179  6.3  7.3  1.23  5.56  5.15 173 1015.3  27.3  27.8  23.8 99.0 99.00
2016 09 20 03 50 174  6.3  7.5  1.22  5.56  5.14 187 1015.1  27.4  27.8  24.0 99.0 99.00
2016 09 20 04 50 161  6.1  7.1  1.24  5.26  5.17 177 1014.9  27.3  27.8  24.2 99.0 99.00
2016 09 20 05 50 169  5.7  6.6  1.17  5.56  5.02 171 1015.0  27.4  27.8  24.2 99.0 99.00
2016 09 20 06 50 170  6.3  8.7  1.25  5.26  5.06 206 1014.2  27.4  27.8  24.5 99.0 99.00
2016 09 20 07 50 183  5.9  7.3  1.18  5.56  4.95 189 1013.8  26.5  27.8  23.9 99.0 99.00
2016 09 20 08 50 177  4.5  5.7  1.15  5.26  5.08 208 1013.7  27.0  27.8  24.2 99.0 99.00
2016 09 20 09 50 185  5.8  6.9  1.15  5.26  4.96 220 1013.8  27.5  27.8  24.2 99.0 99.00
2016 09 20 10 50 195  6.1  7.2  1.15  5.00  4.95 207 1014.4  27.4  27.8  24.2 99.0 99.00
2016 09 20 11 50 170  5.8  7.2  1.16  5.26  4.88 224 1014.5  27.0  27.8  23.9 99.0 99.00
2016 09 20 12 50 182  5.5  7.3  1.14  7.14  5.10  52 1014.8  27.4  27.8  24.2 99.0 99.00
2016 09 20 13 50 195  5.6  6.7  1.11  7.14  4.98  56 1015.3  27.6  27.8  23.8 99.0 99.00
2016 09 20 14 50 209  6.4  7.7  1.12  9.09  4.83  66 1015.5  27.5  27.8  24.5 99.0 99.00
2016 09 20 15 50 280  5.4  6.6  1.09  5.26  4.96 241 1015.3  26.2  27.8  23.6 99.0 99.00
2016 09 20 16 50 268  4.3  5.7  1.14  9.09  5.05  80 1015.1  26.4  28.0  23.5 99.0 99.00
2016 09 20 17 50 246  2.7  3.4  1.07  8.33  5.16  71 1014.8  26.2  28.0  23.0 99.0 99.00
2016 09 20 18 50 238  3.0  3.7  1.12  6.67  5.18  18 1014.3  26.3  28.0  22.6 99.0 99.00
2016 09 20 19 50 216  2.3  3.1  1.09  6.25  5.23 333 1014.4  26.5  28.0  22.3 99.0 99.00
2016 09 20 20 50 199  2.1  3.1  1.10  9.09  5.35  47 1014.5  26.5  28.0  22.3 99.0 99.00
2016 09 20 21 50 175  1.8  2.6  1.04  8.33  5.32  60 1014.4  26.8  28.0  22.1 99.0 99.00
2016 09 20 22 50 161  2.5  3.3  1.02  5.88  5.37 328 1014.7  26.7  27.9  22.5 99.0 99.00
2016 09 20 23 50 166  3.2  3.8  1.04  8.33  5.54  37 1014.5  26.8  27.9  22.5 99.0 99.00
2016 09 21 00 50 159  3.4  4.2  0.98 11.43  5.38  52 1014.8  26.8  27.9  22.9 99.0 99.00
2016 09 21 01 50 160  4.2  4.8  0.97  8.33  5.63  52 1014.8  26.9  27.9  23.0 99.0 99.00
2016 09 21 02 50 162  3.8  4.4  0.93  9.09  5.50  61 1014.9  26.9  27.9  22.9 99.0 99.00
2016 09 21 03 50 164  4.0  4.7  0.94  8.33  5.42  53 1014.9  27.2  27.9  23.1 99.0 99.00
2016 09 21 04 50 173  5.7  6.7  0.95  8.33  5.34  62 1014.6  27.4  28.0  23.7 99.0 99.00
2016 09 21 05 50 172  4.8  5.7  0.93  9.09  5.03  54 1014.3  27.4  28.0  24.1 99.0 99.00
2016 09 21 06 50 196  4.5  5.3  0.97  8.33  5.12  40 1014.1  27.2  28.0  24.1 99.0 99.00
2016 09 21 07 50 193  4.1  4.9  0.93  8.33  5.10  60 1013.9  27.1  28.0  23.9 99.0 99.00
2016 09 21 08 50 219  3.8  4.8  0.97  8.33  5.36  61 1013.8  27.1  28.0  23.8 99.0 99.00
2016 09 21 09 50 223  4.2  5.3  1.01  7.69  5.26  57 1014.1  27.1  28.0  23.6 99.0 99.00
2016 09 21 10 50 220  4.2  5.1  0.97  7.69  5.16  56 1014.5  27.1  27.9  23.5 99.0 99.00
2016 09 21 11 50 213  4.2  5.3  0.97 11.43  5.12  75 1015.0  27.2  27.9  23.5 99.0 99.00
2016 09 21 12 50 218  4.5  5.4  0.96  7.14  5.14  71 1015.5  27.2  27.9  23.4 99.0 99.00
2016 09 21 13 50 219  4.1  5.2  0.96 12.90  5.33  99 1015.7  27.3  27.9  23.1 99.0 99.00
2016 09 21 14 50 206  3.7  4.5  0.95  7.69  5.27  53 1016.2  27.4  28.0  23.3 99.0 99.00
2016 09 21 15 50 191  3.1  4.0  0.97 12.12  5.71  63 1015.9  27.6  28.1  22.8 99.0 99.00
2016 09 21 16 50 167  3.8  4.8  0.89 12.90  5.36  75 1015.7  27.6  28.2  23.6 99.0 99.00
2016 09 21 17 50 161  5.0  6.1  0.89 12.12  5.74  61 1015.4  27.4  28.3  23.6 99.0 99.00
2016 09 21 18 50 150  4.1  4.6  0.91 12.12  5.60  79 1015.1  27.4  28.3  23.7 99.0 99.00
2016 09 21 19 50 141  4.5  5.4  0.95 12.12  5.61  80 1014.6  27.8  28.4  22.5 99.0 99.00
2016 09 21 20 50 145  4.6  5.7  0.95 12.12  5.79  59 1014.6  27.7  28.4  23.6 99.0 99.00
2016 09 21 21 50 158  4.1  4.9  0.96 11.43  5.84  85 1014.9  27.6  28.3  23.9 99.0 99.00
2016 09 21 22 50 166  4.5  5.3  0.90 11.43  5.70  79 1015.0  27.6  28.2  24.0 99.0 99.00
2016 09 21 23 50 165  3.9  4.5  0.95 11.43  5.75  98 1015.3  27.7  28.3  24.0 99.0 99.00
2016 09 22 00 50 164  3.3  4.0  0.94 12.12  5.82  88 1015.6  27.7  28.3  23.8 99.0 99.00
2016 09 22 01 50 160  3.9  4.5  0.85 10.00  5.75  92 1015.9  27.8  28.3  24.3 99.0 99.00
2016 09 22 02 50 158  3.9  4.5  0.98 11.43  6.45  75 1016.0  27.9  28.3  24.1 99.0 99.00
2016 09 22 03 50 147  3.7  5.3  0.90 11.43  6.25  66 1015.9  27.6  28.4  24.1 99.0 99.00
2016 09 22 04 50 176  3.3  3.9  0.98 11.43  6.79  80 1015.7  27.7  28.3  24.5 99.0 99.00
2016 09 22 05 50 172  4.5  5.3  0.85 12.12  6.27  64 1015.3  27.9  28.2  24.4 99.0 99.00
2016 09 22 06 50 167  5.4  6.2  0.96 11.43  6.18  75 1014.9  28.0  28.1  24.0 99.0 99.00
2016 09 22 07 50 176  5.7  6.6  1.02 11.43  6.35  70 1014.7  27.8  28.1  24.1 99.0 99.00
2016 09 22 08 50 182  5.3  6.3  1.10 11.43  6.35  58 1014.9  27.7  28.1  24.3 99.0 99.00
2016 09 22 09 50 219  5.8  6.7  1.04 10.81  6.04  78 1014.9  27.2  28.0  22.4 99.0 99.00
2016 09 22 10 50 209  2.4  2.8  1.04 11.43  6.14  65 1015.6  27.4  28.0  23.5 99.0 99.00
2016 09 22 11 50 178  2.7  3.5  0.95 11.43  6.43  72 1016.2  27.6  28.0  24.0 99.0 99.00
2016 09 22 12 50 168  2.7  3.6  0.95 10.81  6.38  64 1016.4  27.8  28.0  23.7 99.0 99.00
2016 09 22 13 50 168  3.0  3.6  1.01 11.43  6.64  60 1016.9  28.0  28.1  23.8 99.0 99.00
2016 09 22 14 50 153  2.1  2.6  1.00 10.00  6.68  72 1016.9  28.0  28.3  24.1 99.0 99.00
2016 09 22 15 50 136  2.3  3.0  0.91 10.81  6.52  72 1016.8  28.0  28.6  24.4 99.0 99.00
2016 09 22 16 50 185  3.8  4.5  0.95 10.81  6.61  63 1016.3  28.2  28.8  23.9 99.0 99.00
2016 09 22 17 50 184  3.6  4.4  0.96 10.00  6.92  81 1016.0  28.2  28.8  24.0 99.0 99.00
2016 09 22 18 50 192  3.6  4.3  0.92 10.81  6.81  63 1015.3  28.3  28.8  23.6 99.0 99.00
2016 09 22 19 50 210  3.5  4.2  0.94 10.81  6.92  86 1015.2  28.4  28.7  23.6 99.0 99.00
2016 09 22 20 50 183  3.8  4.4  0.90 12.12  6.93  54 1015.1  28.4  28.8  23.9 99.0 99.00
2016 09 22 21 50 185  3.3  4.0  0.88 11.43  6.79  84 1015.3  28.5  28.7  23.6 99.0 99.00
2016 09 22 22 50 170  2.9  3.4  1.05 10.81  7.39  75 1015.4  28.2  28.6  23.9 99.0 99.00
2016 09 22 23 50 175  3.1  3.6  1.10 11.43  7.40  84 1015.6  28.1  28.4  23.8 99.0 99.00
2016 09 23 00 50 183  3.5  4.0  0.95 11.43  6.97  89 1015.7  28.1  28.3  23.9 99.0 99.00
2016 09 23 01 50 177  3.2  3.8  1.13 10.81  7.38  66 1016.0  28.0  28.4  24.1 99.0 99.00
2016 09 23 02 50 183  2.6  3.1  1.12 11.43  7.63  89 1016.1  28.0  28.3  24.2 99.0 99.00
2016 09 23 03 50 193  2.9  3.5  1.08 10.81  7.68  76 1016.1  27.9  28.3  24.3 99.0 99.00
2016 09 23 04 50 180  3.0  3.5  1.06 10.81  7.89  84 1016.0  27.9  28.3  24.3 99.0 99.00
2016 09 23 05 50 197  4.0  4.7  1.25 11.43  8.48  82 1015.7  27.9  28.2  23.9 99.0 99.00
2016 09 23 06 50 205  3.2  3.9  1.14 11.43  8.04  77 1015.3  27.8  28.2  24.0 99.0 99.00
2016 09 23 07 50 186  2.4  3.0  1.14 11.43  7.95  93 1015.1  27.7  28.2  24.3 99.0 99.00
2016 09 23 08 50 207  1.9  2.8  1.23 10.81  8.11  89 1015.3  27.8  28.1  24.1 99.0 99.00
2016 09 23 09 50 216  2.1  3.7  1.13 12.12  7.57  89 1015.5  27.7  28.1  24.4 99.0 99.00
2016 09 23 10 50 246  1.6  2.2  1.21 10.81  8.09  89 1016.0  27.5  28.1  24.3 99.0 99.00
2016 09 23 11 50 235  1.9  2.5  1.26 11.43  8.04 113 1016.7  27.8  28.1  24.2 99.0 99.00
2016 09 23 12 50 242  2.4  3.1  1.41 11.43  8.48  91 1016.6  27.8  28.2  23.9 99.0 99.00
2016 09 23 13 50 221  1.3  1.8  1.15 11.43  7.60 106 1016.9  27.9  28.3  23.9 99.0 99.00
2016 09 23 14 50 240  1.2  1.9  1.33 11.43  8.18  86 1016.8  27.9  28.6  23.6 99.0 99.00
2016 09 23 15 50 231  1.2  2.5  1.23 10.81  7.98  91 1016.7  28.0  29.0  24.1 99.0 99.00
2016 09 23 16 50 242  1.8  2.7  1.24 10.81  8.10 104 1016.2  28.0  29.4  23.7 99.0 99.00
2016 09 23 17 50 261  2.0  3.1  1.35 10.00  8.50  99 1015.8  28.1  29.6  24.1 99.0 99.00
2016 09 23 18 50 260  3.2  4.1  1.37 11.43  8.26 106 1014.9  28.2  29.3  23.6 99.0 99.00
2016 09 23 19 50 279  3.2  4.7  1.39 10.81  8.30 118 1014.4  28.2  29.0  23.4 99.0 99.00
2016 09 23 20 50 261  1.6  2.4  1.22 10.00  7.92  97 1014.6  28.5  29.1  23.3 99.0 99.00
2016 09 23 21 50 240  1.7  2.5  1.30 10.81  8.19 100 1014.7  28.2  29.1  23.6 99.0 99.00
2016 09 23 22 50 248  1.6  2.2  1.24 10.00  8.19  92 1014.8  28.1  29.0  23.5 99.0 99.00
2016 09 23 23 50 237  1.6  2.5  1.17 10.00  7.93  94 1015.0  28.0  28.9  23.6 99.0 99.00
2016 09 24 00 50 230  2.8  3.4  1.25 10.81  8.18  91 1015.4  28.0  28.8  23.4 99.0 99.00
2016 09 24 01 50 253  2.9  3.8  1.13 10.00  7.82  83 1015.3  27.9  28.8  23.2 99.0 99.00
2016 09 24 02 50 256  3.6  4.7  1.24 10.81  8.23 102 1015.7  27.8  28.7  23.7 99.0 99.00
2016 09 24 03 50 247  2.5  3.7  1.13 10.81  7.89  95 1015.7  27.7  28.8  23.6 99.0 99.00
2016 09 24 04 50 233  3.5  4.3  1.20 11.43  8.22 116 1015.7  27.7  28.7  23.5 99.0 99.00
2016 09 24 05 50 248  3.5  4.3  1.32 10.81  7.91 107 1015.4  27.7  28.6  23.7 99.0 99.00
2016 09 24 06 50 229  3.6  4.3  1.52 10.00  8.43 102 1015.1  27.7  28.6  24.1 99.0 99.00
2016 09 24 07 50 246  4.4  5.5  1.70 10.81  8.55 111 1014.7  27.9  28.5  23.9 99.0 99.00
2016 09 24 08 50 236  5.0  5.8  1.59 10.81  8.39 111 1014.6  27.7  28.3  22.8 99.0 99.00
2016 09 24 09 50 246  4.4  5.3  1.58 10.81  8.17 102 1014.9  27.7  28.3  23.6 99.0 99.00
2016 09 24 10 50 258  5.1  8.3  1.54 10.81  7.99 111 1015.2  27.7  28.2  23.9 99.0 99.00
2016 09 24 11 50 274  3.6  4.6  1.39 10.00  7.56 106 1016.1  27.3  28.2  23.3 99.0 99.00
2016 09 24 12 50 283  2.6  4.0  1.51 11.43  8.08 122 1016.2  27.5  28.2  24.1 99.0 99.00
2016 09 24 13 50 290  3.7  4.6  1.43 10.00  7.72 106 1016.3  27.7  28.3  23.7 99.0 99.00
2016 09 24 14 50 254  3.3  4.6  1.34 10.00  7.62 103 1016.2  27.8  28.3  23.7 99.0 99.00
2016 09 24 15 50 274  4.2  5.1  1.30 10.81  7.62  95 1016.4  27.8  28.4  23.6 99.0 99.00
2016 09 24 16 50 280  4.7  5.7  1.28 10.81  7.61 112 1016.2  27.9  28.5  23.4 99.0 99.00
2016 09 24 17 50 278  4.5  5.7  1.27 10.00  7.29 103 1015.6  28.1  28.5  22.9 99.0 99.00
2016 09 24 18 50 288  4.3  5.6  1.24 10.00  6.97 112 1015.1  28.1  28.5  22.8 99.0 99.00
2016 09 24 19 50 283  4.0  5.1  1.28  9.09  6.88 107 1014.8  28.0  28.5  23.1 99.0 99.00
2016 09 24 20 50 299  4.1  5.2  1.26 10.00  7.19 108 1014.5  28.1  28.6  22.9 99.0 99.00
2016 09 24 21 50 309  3.5  4.3  1.18 10.00  6.76 119 1014.8  28.1  28.7  22.7 99.0 99.00
2016 09 24 22 50 286  2.1  3.2  1.31 10.81  7.41 114 1015.0  27.8  28.6  23.0 99.0 99.00
2016 09 24 23 50 340  3.0  3.8  1.26 11.43  7.46 102 1015.3  27.7  28.6  23.1 99.0 99.00
2016 09 25 00 50   5  2.4  3.0  1.34 11.43  7.96 111 1015.9  27.8  28.7  22.8 99.0 99.00
2016 09 25 01 50  24  1.8  2.5  1.20 10.81  7.69 111 1016.1  27.7  28.7  22.6 99.0 99.00
2016 09 25 02 50  21  1.9  2.4  1.33 11.43  8.29 107 1016.2  27.6  28.7  22.8 99.0 99.00
2016 09 25 03 50  36  1.7  2.6  1.29 10.81  8.26 101 1016.1  27.5  28.7  22.8 99.0 99.00
2016 09 25 04 50  42  2.3  3.2  1.32 10.00  8.43  88 1015.8  27.5  28.7  22.7 99.0 99.00
2016 09 25 05 50  65  1.6  2.6  1.25 11.43  8.22  96 1015.7  27.4  28.7  22.7 99.0 99.00
2016 09 25 06 50  39  2.0  2.6  1.10 10.81  7.74 102 1015.4  27.4  28.7  22.5 99.0 99.00
2016 09 25 07 50  50  1.8  2.7  1.17 10.00  7.97  98 1015.0  27.3  28.7  22.6 99.0 99.00
2016 09 25 08 50  41  1.7  2.9  1.09 10.81  7.98 103 1015.2  27.3  28.7  22.7 99.0 99.00
2016 09 25 09 50  43  1.6  3.3  1.09 10.00  7.81  97 1015.5  27.3  28.6  22.9 99.0 99.00
2016 09 25 10 50  25  2.6  3.2  1.08 10.00  7.62  99 1016.2  27.3  28.6  23.2 99.0 99.00
2016 09 25 11 50  46  2.6  3.3  1.01 10.81  7.40  97 1016.9  27.6  28.6  22.7 99.0 99.00
2016 09 25 12 50  35  3.6  4.4  1.17 10.00  7.67  84 1017.0  27.7  28.6  22.9 99.0 99.00
2016 09 25 13 50  50  4.3  5.2  1.09 10.00  7.18  94 1017.3  27.6  28.6  23.1 99.0 99.00
2016 09 25 14 50  73  5.4  6.6  1.08 10.00  6.67  98 1017.2  27.5  28.7  23.3 99.0 99.00
2016 09 25 15 50  72  5.0  6.2  1.04 10.00  6.01  86 1017.3  27.7  28.7  22.9 99.0 99.00
2016 09 25 16 50  67  5.4  6.3  1.13 10.00  5.81  93 1017.2  27.7  28.7  23.0 99.0 99.00
2016 09 25 17 50  58  5.4  6.3  1.17 10.00  5.75  97 1016.7  27.7  28.7  22.4 99.0 99.00
2016 09 25 18 50  54  5.5  6.4  1.13  9.09  5.64  97 1016.2  27.6  28.8  22.2 99.0 99.00
2016 09 25 19 50  49  5.7  6.9  1.03  9.09  5.52  96 1016.2  27.8  28.7  20.8 99.0 99.00
2016 09 25 20 50  51  5.8  6.7  1.06 10.00  5.62  90 1016.1  27.8  28.7  21.4 99.0 99.00
2016 09 25 21 50  48  6.1  7.1  1.00  9.09  5.46  94 1016.1  27.8  28.7  21.9 99.0 99.00
2016 09 25 22 50  52  6.0  7.1  1.06 10.00  5.61  76 1016.3  27.7  28.6  22.1 99.0 99.00
2016 09 25 23 50  53  6.8  7.9  0.91  7.69  4.93  63 1016.6  27.6  28.6  22.7 99.0 99.00
2016 09 26 00 50  51  7.8  8.9  0.97 10.00  4.70  81 1017.0  27.7  28.6  22.7 99.0 99.00
2016 09 26 01 50  72  6.2  7.6  1.02  9.09  4.83  90 1017.7  27.7  28.5  22.4 99.0 99.00
2016 09 26 02 50  73  5.8  7.2  1.02  9.09  4.87  86 1017.7  27.7  28.5  22.0 99.0 99.00
2016 09 26 03 50  55  7.1  8.4  1.09  9.09  4.74  86 1017.1  27.1  28.5  22.1 99.0 99.00
2016 09 26 04 50  64  6.7  7.7  1.20  5.26  4.94  19 1017.0  27.1  28.6  22.8 99.0 99.00
2016 09 26 05 50  69  5.5  6.4  1.19 10.00  4.92  69 1017.2  27.0  28.6  22.4 99.0 99.00
2016 09 26 06 50  74  4.5  5.3  1.37  8.33  5.49  51 1016.9  27.1  28.6  22.0 99.0 99.00
2016 09 26 07 50  61  4.8  5.7  1.50  7.69  5.82  25 1016.3  26.9  28.6  22.3 99.0 99.00
2016 09 26 08 50  57  4.4  5.2  1.30  8.33  5.71  41 1016.0  26.9  28.7  22.2 99.0 99.00
2016 09 26 09 50  54  4.9  5.8  1.35  9.09  5.97  59 1016.5  27.0  28.7  21.9 99.0 99.00
2016 09 26 10 50  59  4.9  6.1  1.30  7.69  5.78  31 1016.8  27.0  28.7  21.8 99.0 99.00
2016 09 26 11 50  48  4.6  5.9  1.22  7.69  5.71  36 1017.1  27.0  28.7  21.2 99.0 99.00
2016 09 26 12 50  49  6.9  8.1  1.24  7.69  5.48  35 1017.0  26.5  28.7  22.5 99.0 99.00
2016 09 26 13 50  52  7.0  8.1  1.24  8.33  5.17  49 1017.6  26.6  28.7  22.2 99.0 99.00
2016 09 26 14 50  72  9.4 11.2  1.39  8.33  5.37  50 1017.5  26.2  28.7  22.4 99.0 99.00
2016 09 26 15 50  84  9.1 10.5  1.66  6.25  5.00  32 1017.5  26.6  28.7  21.9 99.0 99.00
2016 09 26 16 50  82  9.8 11.6  1.66  7.14  4.99  31 1017.1  26.7  28.7  21.7 99.0 99.00
2016 09 26 17 50  73 10.0 11.6  1.73  9.09  5.10  64 1016.8  26.3  28.7  21.5 99.0 99.00
2016 09 26 18 50  80  9.3 11.5  1.89  9.09  5.25  56 1016.2  26.7  28.6  20.8 99.0 99.00
2016 09 26 19 50  84  8.9 10.4  1.70  8.33  5.01  47 1016.2  26.6  28.5  20.0 99.0 99.00
2016 09 26 20 50  93  8.3  9.4  1.65  8.33  5.27  38 1016.4  26.3  28.5  20.5 99.0 99.00
2016 09 26 21 50  97  8.9 10.3  1.67  7.69  5.10  36 1016.5  26.1  28.4  21.0 99.0 99.00
2016 09 26 22 50 112  9.8 11.5  1.57  5.26  4.89  76 1016.2  25.9  28.5  21.8 99.0 99.00
2016 09 26 23 50 114  6.9  8.3  1.60  9.09  5.08  69 1016.0  24.2  28.4  20.9 99.0 99.00
2016 09 27 00 50 109  7.8  9.0  1.53  5.56  5.01  59 1016.4  25.3  28.5  21.2 99.0 99.00
2016 09 27 01 50 117  8.1 10.3  1.47  8.33  4.98  56 1016.7  26.0  28.5  21.2 99.0 99.00
2016 09 27 02 50 123  7.0  8.2  1.49  5.26  5.15  84 1016.7  26.7  28.5  20.1 99.0 99.00
2016 09 27 03 50 113  6.7  8.3  1.46  7.69  5.19  42 1016.4  27.0  28.5  21.5 99.0 99.00
2016 09 27 04 50 113  8.8 10.3  1.47  6.67  5.24  40 1015.5  27.3  28.5  21.0 99.0 99.00
2016 09 27 05 50 124  9.7 12.1  1.50  5.00  5.04  82 1014.8  27.2  28.5  21.7 99.0 99.00
2016 09 27 06 50 125  8.1 10.1  1.45  5.56  4.96  61 1014.3  27.3  28.5  21.8 99.0 99.00
2016 09 27 07 50 119  8.9 10.4  1.47  5.00  4.89  80 1013.4  27.4  28.5  22.4 99.0 99.00
2016 09 27 08 50 121  8.7 10.3  1.67  5.00  5.02 104 1013.3  27.6  28.5  22.3 99.0 99.00
2016 09 27 09 50 121  8.2  9.9  1.61  5.26  5.08  80 1012.8  27.4  28.5  22.7 99.0 99.00
2016 09 27 10 50 119 10.4 13.7  1.72  5.56  5.15  83 1013.3  24.5  28.5  22.2 99.0 99.00
2016 09 27 11 50 123 11.5 13.9  1.79  5.56  5.18  92 1013.4  24.8  28.5  23.1 99.0 99.00
2016 09 27 12 50 171  8.2  9.8  1.92  5.56  5.20 104 1014.0  25.6  28.5  23.1 99.0 99.00
2016 09 27 13 50 144  7.4  9.5  1.83  5.88  5.33  96 1013.9  25.9  28.5  23.3 99.0 99.00
2016 09 27 14 50 187  6.7  8.2  1.78  5.88  5.28  91 1013.9  26.8  28.5  22.3 99.0 99.00
2016 09 27 15 50 192  5.3  6.5  1.95  6.67  5.61  88 1013.5  26.9  28.5  22.6 99.0 99.00
2016 09 27 16 50 173  6.5 13.0  1.68  6.25  5.46  93 1013.0  25.4  28.5  22.8 99.0 99.00
2016 09 27 17 50 177  4.8  6.1  1.70  6.25  5.58  79 1012.5  26.5  28.4  22.0 99.0 99.00
2016 09 27 18 50 168  4.8  5.9  1.77  5.88  5.73  97 1011.8  26.3  28.4  22.8 99.0 99.00
2016 09 27 19 50 171  4.3  5.2  1.65  6.67  5.91  75 1011.7  26.5  28.5  23.0 99.0 99.00
2016 09 27 20 50 202  4.3  5.6  1.52 12.12  5.81  77 1011.3  26.9  28.5  23.0 99.0 99.00
2016 09 27 21 50 220  5.3  7.0  1.67  5.88  5.96  88 1011.2  27.1  28.5  22.9 99.0 99.00
2016 09 27 22 50 238  6.3  7.6  1.45  6.67  5.77  81 1011.5  27.3  28.4  23.1 99.0 99.00
2016 09 27 23 50 239  6.2  7.4  1.51 12.12  6.06  69 1011.5  27.4  28.4  22.4 99.0 99.00
2016 09 28 00 50 242  6.2  7.8  1.43  6.67  5.79  87 1012.0  27.4  28.4  23.1 99.0 99.00
2016 09 28 01 50 225  6.2  7.4  1.42  6.67  5.74  87 1012.3  27.5  28.4  22.8 99.0 99.00
2016 09 28 02 50 243  6.7  8.3  1.49 12.12  5.69  78 1012.7  27.4  28.4  23.3 99.0 99.00
2016 09 28 03 50 252  7.4  8.7  1.43 12.12  5.65  83 1012.8  27.6  28.4  23.2 99.0 99.00
2016 09 28 04 50 240  7.2  9.0  1.46  6.67  5.70  82 1012.8  27.7  28.4  23.1 99.0 99.00
2016 09 28 05 50 254  6.6  8.0  1.34  6.67  5.44  85 1012.9  27.6  28.3  23.1 99.0 99.00
2016 09 28 06 50 240  5.9  7.5  1.36  6.67  5.47  86 1012.9  27.6  28.3  23.5 99.0 99.00
2016 09 28 07 50 228  5.3  6.4  1.33 11.43  5.63  68 1012.9  27.6  28.3  23.7 99.0 99.00
2016 09 28 08 50 189  5.4  6.7  1.42 12.12  5.44  43 1013.4  26.1  28.3  22.3 99.0 99.00
2016 09 28 09 50 198  3.8  4.5  1.40 11.43  5.49  71 1013.3  27.0  28.3  22.4 99.0 99.00
2016 09 28 10 50 163  5.3  6.2  1.26  6.67  5.48  71 1013.9  26.3  28.2  22.6 99.0 99.00
2016 09 28 11 50 185  3.8  4.4  1.30  6.25  5.78 100 1014.0  27.0  28.3  23.7 99.0 99.00
2016 09 28 12 50 217  4.2  5.1  1.24 11.43  5.62  62 1014.9  27.6  28.3  23.0 99.0 99.00
2016 09 28 13 50 191  3.9  4.6  1.13 11.43  5.36  65 1015.5  27.7  28.3  23.8 99.0 99.00
2016 09 28 14 50 200  4.1  5.2  1.06 11.43  5.42  38 1015.5  27.9  28.3  23.4 99.0 99.00
2016 09 28 15 50 179  8.7 13.2  1.10 11.43  5.53  51 1015.7  27.1  28.3  23.1 99.0 99.00
2016 09 28 16 50 208  6.4  8.3  1.17 10.81  4.98  65 1015.4  26.4  28.3  22.8 99.0 99.00
2016 09 28 17 50 222  7.9  9.3  1.27 11.43  4.94  54 1014.9  27.2  28.3  24.0 99.0 99.00
2016 09 28 18 50 212  8.1  9.3  1.28 10.81  4.82  82 1014.9  27.4  28.3  24.0 99.0 99.00
2016 09 28 19 50 219  8.1  9.5  1.40  5.26  5.00 181 1014.9  27.4  28.3  23.6 99.0 99.00
2016 09 28 20 50 217  6.6  8.1  1.35  5.56  4.86 184 1014.9  27.6  28.3  23.6 99.0 99.00
2016 09 28 21 50 209  7.1  8.5  1.52  5.88  5.13 185 1015.0  27.6  28.3  23.8 99.0 99.00
2016 09 28 22 50 212  7.1  8.3  1.47  5.56  5.17 164 1015.4  27.6  28.3  23.6 99.0 99.00
2016 09 28 23 50 205  7.0  8.0  1.45  6.25  5.15 201 1015.6  27.7  28.3  23.1 99.0 99.00
2016 09 29 00 50 203  7.3  9.0  1.41  6.25  5.17 200 1016.7  27.8  28.3  23.4 99.0 99.00
2016 09 29 01 50 207  7.0  8.6  1.38  6.67  5.15 179 1017.0  27.8  28.3  23.4 99.0 99.00
2016 09 29 02 50 199  6.7  7.7  1.31  6.25  5.18 201 1017.0  27.9  28.3  22.3 99.0 99.00
2016 09 29 03 50 187  8.2  9.7  1.30  6.25  5.24 204 1016.7  27.2  28.3  23.6 99.0 99.00
2016 09 29 04 50 185  6.6  7.8  1.35  5.88  5.25 196 1016.6  27.5  28.3  23.1 99.0 99.00
2016 09 29 05 50 190  7.1  8.4  1.35  5.88  5.21 199 1016.5  27.4  28.3  23.3 99.0 99.00
2016 09 29 06 50 174  7.4  8.7  1.32  5.88  5.14 193 1016.2  26.8  28.3  22.9 99.0 99.00
2016 09 29 07 50 177  7.6  9.0  1.37  5.88  5.06 195 1016.0  26.7  28.3  23.1 99.0 99.00
2016 09 29 08 50 177  7.0  8.1  1.26  5.56  4.97 202 1015.9  26.8  28.3  22.6 99.0 99.00
2016 09 29 09 50 181  6.4  7.8  1.17  5.26  4.88 173 1016.1  26.7  28.2  22.6 99.0 99.00
2016 09 29 10 50 184  6.4  7.5  1.19 10.81  4.91  67 1016.4  26.7  28.2  22.9 99.0 99.00
2016 09 29 11 50 199  5.0  6.0  1.19 11.43  4.85  43 1016.7  26.7  28.2  23.1 99.0 99.00
2016 09 29 12 50 188  3.8  4.4  1.11  5.00  4.70 171 1017.2  26.9  28.2  22.7 99.0 99.00
2016 09 29 13 50 164  3.4  4.3  1.04  5.26  4.79 204 1017.8  27.1  28.2  22.6 99.0 99.00
2016 09 29 14 50 147  3.5  4.3  1.02  5.26  4.87 175 1017.9  27.1  28.3  22.7 99.0 99.00
2016 09 29 15 50 167  2.7  3.4  0.95  5.00  4.97 197 1018.0  27.1  28.3  22.5 99.0 99.00
2016 09 29 16 50 174  3.3  4.3  0.93 10.81  5.20  81 1017.5  27.2  28.3  22.4 99.0 99.00
2016 09 29 17 50 181  4.5  5.5  0.86 10.81  5.31  75 1017.4  27.0  28.5  22.9 99.0 99.00
2016 09 29 18 50 175  3.0  3.6  0.87  5.26  5.20 142 1017.1  27.1  28.5  23.4 99.0 99.00
2016 09 29 19 50 219  5.1  6.2  0.99  5.26  5.31 158 1016.9  27.5  28.4  23.0 99.0 99.00
2016 09 29 20 50 225  4.9  6.0  1.06 10.81  5.26  54 1016.7  27.5  28.4  23.4 99.0 99.00
2016 09 29 21 50 192  5.3  6.2  1.01  5.88  5.12 141 1016.6  27.5  28.4  22.8 99.0 99.00
2016 09 29 22 50 182  5.8  6.7  1.12  5.88  5.07 144 1017.0  27.3  28.3  22.4 99.0 99.00
2016 09 29 23 50 190  6.0  7.3  1.05  5.56  4.93 147 1017.5  27.2  28.3  22.5 99.0 99.00
2016 09 30 00 50 203  5.7  6.9  1.13  5.56  5.05 146 1018.1  27.0  28.3  23.2 99.0 99.00
2016 09 30 01 50 205  6.2  7.6  1.08 10.00  4.96  50 1018.3  27.1  28.3  22.2 99.0 99.00
2016 09 30 02 50 202  5.8  7.0  1.06  9.09  4.67  85 1018.5  27.1  28.2  22.9 99.0 99.00
2016 09 30 03 50 188  6.2  7.3  0.96  9.09  4.71  52 1018.4  27.3  28.2  23.5 99.0 99.00
2016 09 30 04 50 185  5.8  6.9  1.03 10.00  5.00  47 1018.0  27.4  28.2  23.1 99.0 99.00
2016 09 30 05 50 184  7.7  8.7  1.02 10.00  4.89  56 1017.3  27.2  28.2  21.7 99.0 99.00
2016 09 30 06 50 217  3.8  7.5  1.06  5.56  4.89 161 1017.2  26.7  28.2  22.8 99.0 99.00
2016 09 30 07 50 270  2.9  5.3  1.02 10.00  5.23  78 1017.0  26.2  28.2  23.3 99.0 99.00
2016 09 30 08 50 198  4.2  5.2  1.02  5.26  4.81 157 1017.2  27.4  28.2  23.3 99.0 99.00
2016 09 30 09 50 200  6.7  7.9  1.12  5.26  4.80 166 1017.2  27.3  28.2  23.3 99.0 99.00
2016 09 30 10 50 204  4.7  5.8  1.08  5.26  4.79 152 1018.2  27.6  28.2  22.7 99.0 99.00
2016 09 30 11 50 187  4.6  5.6  1.16  5.56  4.78 157 1018.3  27.4  28.2  22.6 99.0 99.00
2016 09 30 12 50 173  4.3  6.6  1.12 10.00  5.12  37 1019.0  27.6  28.2  23.1 99.0 99.00
2016 09 30 13 50 190  5.3  7.0  1.12 10.00  5.08  29 1019.1  26.8  28.2  21.9 99.0 99.00
2016 09 30 14 50 173  6.0  7.3  1.17 10.81  5.01  11 1019.5  27.4  28.2  23.6 99.0 99.00
2016 09 30 15 50 177  7.8  9.5  1.25 10.00  5.16  11 1019.2  27.8  28.2  23.5 99.0 99.00
2016 09 30 16 50 178  6.8  7.9  1.20 10.00  4.91   4 1018.9  27.7  28.3  23.9 99.0 99.00
2016 09 30 17 50 181  7.1  8.2  1.19 10.00  4.92 349 1018.2  27.8  28.3  24.0 99.0 99.00
2016 09 30 18 50 182  6.2  7.5  1.23 10.00  4.98   2 1017.7  27.8  28.4  23.9 99.0 99.00
2016 09 30 19 50 188  6.0  7.1  1.26  9.09  5.24   6 1018.0  27.7  28.4  24.3 99.0 99.00
2016 09 30 20 50 178  5.2  6.1  1.32  5.26  4.98 170 1018.2  27.7  28.4  24.1 99.0 99.00
2016 09 30 21 50 163  5.7  7.0  1.32  9.09  5.31 360 1018.0  27.7  28.4  24.2 99.0 99.00
2016 09 30 22 50 160  5.3  6.7  1.32 10.00  5.61   1 1017.7  27.8  28.3  24.0 99.0 99.00