#YY  MM DD hh mm WDIR WSPD GST  WVHT   DPD   APD MWD   PRES  ATMP  WTMP  DEWP  VIS  TIDE
#yr  mo dy hr mn degT m/s  m/s     m   sec   sec deg    hPa  degC  degC  degC  nmi    ft
2016 06 30 23 50 157  8.7 10.1  1.09  6.25  4.82 194 1017.6  24.8  26.3  22.5 99.0 99.00
2016 07 01 01 50 157  6.1  7.2  1.03  5.56  4.58 196 1019.3  25.3  26.3  23.4 99.0 99.00
2016 07 01 02 50 166  6.3  7.4  1.03  5.88  4.55 201 1019.5  25.8  26.3  23.7 99.0 99.00
2016 07 01 03 50 174  5.2  6.2  0.98  5.56  4.42 196 1019.5  26.0  26.3  23.5 99.0 99.00
2016 07 01 04 50 178  6.8  8.1  1.14  5.56  4.62 190 1019.0  26.1  26.2  24.0 99.0 99.00
2016 07 01 05 50 177  6.1  7.0  1.04  5.26  4.43 190 1018.6  26.1  26.2  24.4 99.0 99.00
2016 07 01 06 50 177  6.2  7.1  1.13  5.26  4.58 186 1017.9  26.2  26.2  24.9 99.0 99.00
2016 07 01 07 50 169  6.2  7.6  1.01  5.26  4.46 182 1017.8  26.2  26.2  25.2 99.0 99.00
2016 07 01 08 50 171  5.7  6.4  1.01  5.26  4.63 191 1018.1  26.3  26.2  25.1 99.0 99.00
2016 07 01 09 50 168  5.6  6.8  0.98  5.26  4.59 162 1018.3  26.3  26.2  25.0 99.0 99.00
2016 07 01 10 50 162  6.1  7.3  1.02  5.56  4.63 153 1018.4  26.3  26.2  25.0 99.0 99.00
2016 07 01 11 50 159  6.5  7.8  1.03  5.56  4.69 165 1018.5  26.4  26.2  25.0 99.0 99.00
2016 07 01 12 50 159  6.2  7.5  0.98  5.26  4.63 178 1019.2  26.4  26.3  25.0 99.0 99.00
2016 07 01 13 50 167  6.4  7.6  1.11  5.56  4.67 163 1019.5  26.5  26.3  25.0 99.0 99.00
2016 07 01 14 50 164  6.3  7.7  1.06  5.26  4.81 136 1019.9  26.6  26.4  25.1 99.0 99.00
2016 07 01 15 50 176  7.9  9.4  1.07  5.26  4.67 190 1019.8  25.6  26.3  22.9 99.0 99.00
2016 07 01 16 50 178  6.3  7.4  1.18  5.00  4.60 161 1019.4  26.0  26.3  23.0 99.0 99.00
2016 07 01 17 50 184  7.8  9.9  1.18  5.88  4.69 153 1019.1  26.3  26.3  23.7 99.0 99.00
2016 07 01 18 50 180  6.4  8.0  1.09  5.56  4.57 171 1019.1  25.5  26.3  22.5 99.0 99.00
2016 07 01 19 50 181  5.4  6.4  1.10  5.88  4.68 164 1018.9  26.3  26.4  23.4 99.0 99.00
2016 07 01 20 50 178  5.2  6.5  1.06  5.88  4.81 171 1019.0  26.3  26.3  23.9 99.0 99.00
2016 07 01 21 50 289  8.0  9.7  1.07  5.88  4.63 187 1019.5  24.0  26.3  23.0 99.0 99.00
2016 07 01 22 50 111  2.6  3.4  1.08  6.25  4.51 175 1019.4  23.6  26.2  22.0 99.0 99.00
2016 07 01 23 50 136  6.6  7.6  1.00  5.56  4.89 175 1018.3  24.2  26.2  22.4 99.0 99.00
2016 07 02 00 50 165  7.7  9.4  1.03  5.56  4.79 158 1018.2  25.1  26.3  22.3 99.0 99.00
2016 07 02 01 50 159  9.1 10.7  1.10  5.26  4.65 188 1018.4  25.2  26.2  22.9 99.0 99.00
2016 07 02 02 50 163  7.8  8.9  1.15  5.26  4.62 168 1018.9  25.5  26.2  23.3 99.0 99.00
2016 07 02 03 50 177  7.1  8.1  1.14  5.88  4.61 187 1019.0  26.0  26.2  23.2 99.0 99.00
2016 07 02 04 50 182  6.9  8.3  1.17  6.25  4.64 173 1019.0  26.2  26.2  23.6 99.0 99.00
2016 07 02 05 50 183  7.9  9.4  1.25  5.88  4.61 180 1018.3  26.2  26.2  24.2 99.0 99.00
2016 07 02 06 50 182  6.9  7.9  1.24  5.56  4.53 189 1017.9  26.2  26.2  24.7 99.0 99.00
2016 07 02 07 50 186  6.2  7.6  1.24  6.25  4.72 158 1017.8  26.4  26.2  25.0 99.0 99.00
2016 07 02 09 50 174  5.6  6.7  1.29  5.56  4.94 166 1018.1  26.4  26.2  25.5 99.0 99.00
2016 07 02 10 50 185  8.7 14.9  1.16  5.88  4.83 145 1018.5  26.0  26.2  24.8 99.0 99.00
2016 07 02 11 50 206  7.1  8.3  1.23  5.56  4.79 182 1019.0  26.4  26.2  24.7 99.0 99.00
2016 07 02 12 50 214  5.8  9.9  1.18  5.88  4.67 156 1019.8  25.9  26.2  23.6 99.0 99.00
2016 07 02 13 50 222  6.7  8.6  1.07  6.25  4.71 149 1020.1  26.3  26.2  24.1 99.0 99.00
2016 07 02 14 50 205  4.5  5.4  1.23  6.25  5.10 165 1020.9  25.6  26.3  22.9 99.0 99.00
2016 07 02 15 50 202  2.3  3.2  1.22  5.56  5.15 161 1021.1  25.8  26.5  23.3 99.0 99.00
2016 07 02 16 50 174  5.8  7.1  1.11  5.56  5.08 162 1020.5  25.5  26.6  24.0 99.0 99.00
2016 07 02 17 50 212  5.6  7.0  1.11  6.25  5.00 180 1020.8  25.6  26.7  23.5 99.0 99.00
2016 07 02 18 50 169  8.8  9.9  1.16  6.25  5.13 153 1020.1  25.6  26.7  23.8 99.0 99.00
2016 07 02 19 50 174  9.0 10.5  1.12  6.67  4.90 159 1019.7  25.7  26.7  23.7 99.0 99.00
2016 07 02 20 50 183  8.6 10.2  1.18  6.67  4.79 166 1019.6  26.1  26.6  24.0 99.0 99.00
2016 07 02 21 50 172  7.4  9.0  1.19  6.25  4.66 157 1019.3  26.1  26.6  24.1 99.0 99.00
2016 07 02 22 50 186  6.7  8.3  1.17  6.25  4.80 162 1019.3  26.4  26.6  24.5 99.0 99.00
2016 07 02 23 50 191  5.1  6.0  1.15  5.88  4.68 154 1019.3  26.4  26.6  24.7 99.0 99.00
2016 07 03 00 50 195  5.9  6.8  1.10  6.25  4.98 161 1019.8  26.3  26.6  24.0 99.0 99.00
2016 07 03 01 50 210  4.1  4.9  1.19  6.25  4.97 152 1020.8  26.4  26.5  24.0 99.0 99.00
2016 07 03 02 50 182  5.1  5.9  1.10  5.56  4.89 185 1021.2  26.4  26.6  24.7 99.0 99.00
2016 07 03 03 50 189  6.1  7.2  1.13  5.88  4.98 177 1021.2  26.4  26.5  24.9 99.0 99.00
2016 07 03 04 50 186  6.9  8.1  1.16  5.88  4.81 170 1020.9  26.5  26.5  24.6 99.0 99.00
2016 07 03 05 50 180  6.4  7.3  1.15  5.56  4.91 175 1020.7  26.5  26.5  24.9 99.0 99.00
2016 07 03 06 50 188  5.9  7.2  1.24  6.25  4.89 154 1020.3  26.4  26.5  25.2 99.0 99.00
2016 07 03 07 50 185  6.3  7.8  1.17  6.67  4.67 132 1019.8  26.3  26.5  25.1 99.0 99.00
2016 07 03 08 50 177  6.4  7.5  1.10  5.88  4.80 160 1019.5  26.5  26.5  25.5 99.0 99.00
2016 07 03 09 50 183  6.7  8.0  1.11  5.56  4.58 182 1020.0  26.4  26.5  25.5 99.0 99.00
2016 07 03 10 50 185  5.9  6.9  1.10  5.56  4.62 186 1020.4  26.5  26.6  25.5 99.0 99.00
2016 07 03 11 50 186  6.4  7.4  1.08  7.14  4.69 103 1020.6  26.6  26.6  25.4 99.0 99.00
2016 07 03 12 50 187  6.5  8.2  0.97  5.00  4.63 197 1020.9  26.7  26.6  25.4 99.0 99.00
2016 07 03 13 50 187  6.2  7.5  1.05  5.00  4.63 187 1021.2  26.7  26.7  25.3 99.0 99.00
2016 07 03 14 50 194  5.9  7.2  1.05  7.14  4.80 104 1021.7  26.9  26.8  25.3 99.0 99.00
2016 07 03 15 50 196  5.3  6.3  1.06  7.14  4.80 121 1021.7  26.9  26.9  25.4 99.0 99.00
2016 07 03 16 50 190  5.4  6.7  1.02  5.26  4.76 179 1021.6  27.0  27.0  25.5 99.0 99.00
2016 07 03 17 50 200  5.3  6.2  1.06  5.56  4.77 197 1021.5  27.2  27.1  25.6 99.0 99.00
2016 07 03 18 50 196  5.6  6.7  1.09  7.14  4.88 104 1021.1  27.2  27.1  25.6 99.0 99.00
2016 07 03 19 50 186  6.6  7.9  1.09  5.26  4.85 194 1020.5  27.3  27.2  25.7 99.0 99.00
2016 07 03 20 50 189  7.2  8.2  1.10  5.56  4.77 192 1020.0  27.3  27.1  25.7 99.0 99.00
2016 07 03 21 50 187  7.3  8.8  1.17  5.56  4.78 188 1019.6  27.2  27.1  25.7 99.0 99.00
2016 07 03 22 50 193  6.6  7.7  1.12  5.56  4.70 183 1019.9  27.4  27.1  25.6 99.0 99.00
2016 07 03 23 50 199  6.6  7.7  1.09  7.69  4.70  97 1020.4  27.3  27.1  25.8 99.0 99.00
2016 07 04 00 50 204  6.2  7.1  1.11  7.14  4.86 127 1020.7  27.2  27.0  25.7 99.0 99.00
2016 07 04 01 50 198  6.4  7.3  1.13  5.56  4.87 174 1020.6  27.2  27.0  25.6 99.0 99.00
2016 07 04 02 50 200  6.1  7.2  1.09  6.25  4.80 187 1021.1  27.2  27.0  25.5 99.0 99.00
2016 07 04 03 50 198  5.5  6.8  1.15  5.00  4.85 194 1021.5  27.1  27.0  25.5 99.0 99.00
2016 07 04 04 50 185  6.1  7.3  1.16  5.56  4.80 212 1021.1  26.9  27.0  25.7 99.0 99.00
2016 07 04 05 50 186  6.0  7.0  1.18  5.00  4.97 205 1020.9  26.9  27.0  25.7 99.0 99.00
2016 07 04 06 50 186  5.7  6.7  1.17  5.88  4.81 198 1020.3  26.8  26.9  25.7 99.0 99.00
2016 07 04 07 50 194  6.4  7.3  1.08  5.26  4.81 204 1020.0  26.8  27.0  25.7 99.0 99.00
2016 07 04 08 50 198  5.8  7.1  1.14  7.69  4.93 103 1020.1  26.8  27.0  25.7 99.0 99.00
2016 07 04 09 50 198  5.2  6.0  1.06  5.26  4.87 197 1020.4  26.8  26.9  25.8 99.0 99.00
2016 07 04 10 50 193  5.4  6.2  1.16  8.33  5.14 101 1020.6  26.8  26.9  25.9 99.0 99.00
2016 07 04 11 50 200  5.6  6.6  1.02  5.88  4.99 247 1021.1  26.9  26.9  25.8 99.0 99.00
2016 07 04 12 50 198  5.4  6.3  1.04  5.88  4.95 235 1021.4  27.1  27.0  25.8 99.0 99.00
2016 07 04 13 50 227  4.9  5.7  1.10  5.56  4.82 246 1021.8  26.9  27.0  24.6 99.0 99.00
2016 07 04 14 50 232  6.2  7.9  1.09  5.56  4.92 227 1022.0  26.6  27.0  24.9 99.0 99.00
2016 07 04 15 50 204  3.8  4.4  1.04  5.56  4.87 237 1022.2  26.8  27.1  24.1 99.0 99.00
2016 07 04 16 50 200  4.7  5.8  1.06  5.56  5.04 224 1022.1  27.5  27.2  25.9 99.0 99.00
2016 07 04 17 50 207  4.5  5.3  1.08  5.88  5.07 207 1022.0  27.6  27.3  26.1 99.0 99.00
2016 07 04 18 50 200  5.2  6.1  1.00  8.33  4.82  95 1021.5  27.5  27.5  26.1 99.0 99.00
2016 07 04 19 50 191  5.3  6.3  1.00  8.33  4.94 107 1021.0  27.6  27.6  26.2 99.0 99.00
2016 07 04 20 50 194  4.9  6.2  1.01  5.56  4.83 203 1020.5  27.7  27.6  26.0 99.0 99.00
2016 07 04 21 50 177  5.8  6.5  1.05  5.26  4.92 199 1020.3  27.7  27.6  26.0 99.0 99.00
2016 07 04 22 50 187  5.7  6.6  1.10  5.56  5.11 213 1020.1  27.6  27.5  26.2 99.0 99.00
2016 07 04 23 50 184  6.8  8.0  1.12  5.26  4.92 198 1019.9  27.5  27.4  26.3 99.0 99.00
2016 07 05 00 50 187  7.0  8.3  1.10  7.69  4.91 113 1020.3  27.5  27.4  26.2 99.0 99.00
2016 07 05 01 50 189  6.2  7.1  1.10  7.69  4.68  99 1020.7  27.4  27.3  26.1 99.0 99.00
2016 07 05 02 50 193  7.2  8.4  1.10  5.56  4.76 198 1020.9  27.4  27.3  26.1 99.0 99.00
2016 07 05 03 50 196  6.4  8.2  1.14  7.69  4.74 124 1020.9  27.4  27.3  26.0 99.0 99.00
2016 07 05 04 50 198  6.2  7.5  1.15  7.69  4.88 108 1020.7  27.3  27.2  26.0 99.0 99.00
2016 07 05 05 50 198  7.0  8.3  1.08  7.14  4.71 100 1020.1  27.3  27.2  26.1 99.0 99.00
2016 07 05 06 50 202  7.7  9.1  1.20  5.26  4.76 204 1019.5  27.2  27.1  26.1 99.0 99.00
2016 07 05 07 50 201  7.9  9.7  1.11  5.56  4.64 209 1018.9  27.1  27.0  25.9 99.0 99.00
2016 07 05 08 50 204  7.7  9.2  1.11  5.56  4.60 194 1018.9  27.1  27.0  25.9 99.0 99.00
2016 07 05 09 50 211  7.6  8.8  1.09  5.26  4.51 209 1019.5  27.2  27.0  25.8 99.0 99.00
2016 07 05 10 50 220  7.0  8.5  1.17  5.26  4.68 208 1020.0  27.2  26.9  25.7 99.0 99.00
2016 07 05 11 50 209  6.2  7.4  1.21  5.56  4.92 226 1020.1  27.3  27.0  25.7 99.0 99.00
2016 07 05 12 50 216  6.2  7.6  1.26  5.56  5.04 217 1020.3  27.3  27.0  25.6 99.0 99.00
2016 07 05 13 50 212  6.3  7.9  1.24  5.88  5.00 219 1020.1  27.4  27.0  25.7 99.0 99.00
2016 07 05 14 50 229  6.0  6.9  1.28  5.88  5.17 225 1020.8  27.5  27.1  25.7 99.0 99.00
2016 07 05 15 50 218  5.7  6.7  1.30  5.56  5.09 224 1020.4  27.5  27.1  25.9 99.0 99.00
2016 07 05 16 50 208  7.1  8.3  1.24  5.88  4.89 227 1019.9  27.6  27.2  26.0 99.0 99.00
2016 07 05 17 50 220  7.2  9.0  1.39  5.88  4.96 236 1020.1  27.8  27.3  25.8 99.0 99.00
2016 07 05 18 50 220  7.2  9.1  1.35  5.88  4.90 227 1019.9  27.8  27.3  25.8 99.0 99.00
2016 07 05 19 50 212  7.7  9.0  1.26  6.25  4.96 235 1019.2  27.8  27.3  25.8 99.0 99.00
2016 07 05 20 50 216  7.7  9.0  1.27  5.88  4.96 227 1018.8  27.9  27.3  26.0 99.0 99.00
2016 07 05 21 50 214  7.8  9.1  1.28  6.67  4.90 225 1018.7  27.8  27.3  26.2 99.0 99.00
2016 07 05 22 50 203  7.7  9.5  1.25  5.56  4.75 206 1018.3  27.9  27.3  25.6 99.0 99.00
2016 07 05 23 50 203  8.7 10.2  1.25  5.88  4.83 224 1018.1  27.7  27.3  26.2 99.0 99.00
2016 07 06 00 50 205  9.3 10.9  1.39  6.25  4.65 231 1018.1  27.6  27.2  26.1 99.0 99.00
2016 07 06 01 50 211  9.7 11.2  1.28  6.25  4.58 234 1018.3  27.7  27.2  26.2 99.0 99.00
2016 07 06 02 50 221  8.4  9.8  1.43  5.88  4.61 225 1019.2  27.6  27.2  26.3 99.0 99.00
2016 07 06 03 50 225  7.6  9.3  1.34  5.88  4.81 229 1019.5  27.6  27.2  26.4 99.0 99.00
2016 07 06 04 50 225  7.2  8.4  1.38  5.88  4.87 227 1019.5  27.6  27.2  26.4 99.0 99.00
2016 07 06 05 50 209  7.7  9.0  1.21  6.25  4.70 226 1018.4  27.4  27.1  26.3 99.0 99.00
2016 07 06 06 50 218  9.0 10.2  1.26  6.25  4.76 215 1017.6  27.4  27.1  26.2 99.0 99.00
2016 07 06 07 50 220  8.6 10.1  1.30  6.25  4.66 225 1017.2  27.4  27.1  26.2 99.0 99.00
2016 07 06 08 50 231  9.0 10.5  1.30  5.56  4.64 221 1017.5  27.5  27.1  26.1 99.0 99.00
2016 07 06 09 50 238  8.3  9.9  1.39  5.88  4.80 246 1018.0  27.5  27.0  26.0 99.0 99.00
2016 07 06 10 50 238  7.5  8.9  1.29  5.88  4.72 239 1018.4  27.5  27.0  25.9 99.0 99.00
2016 07 06 11 50 240  6.5  7.9  1.37  6.25  4.88 229 1019.1  27.6  27.0  26.0 99.0 99.00
2016 07 06 12 50 244  6.4  7.8  1.34  6.25  5.10 246 1019.4  27.6  27.0  25.9 99.0 99.00
2016 07 06 13 50 245  6.3  7.5  1.33  6.25  5.13 234 1019.5  27.6  27.0  26.0 99.0 99.00
2016 07 06 14 50 236  6.1  7.0  1.42  5.88  5.20 246 1019.4  27.6  27.0  26.2 99.0 99.00
2016 07 06 15 50 237  6.2  7.2  1.36  5.88  5.03 241 1019.4  27.7  27.1  26.3 99.0 99.00
2016 07 06 16 50 231  6.9  8.3  1.39  5.88  5.04 239 1019.2  27.8  27.2  26.3 99.0 99.00
2016 07 06 17 50 230  6.9  8.5  1.39  6.25  5.05 240 1019.0  27.8  27.4  26.4 99.0 99.00
2016 07 06 18 50 233  6.8  7.9  1.51  6.25  5.27 241 1018.6  27.9  27.4  26.6 99.0 99.00
2016 07 06 19 50 227  6.5  7.4  1.48  6.25  5.13 235 1018.1  28.0  27.4  26.7 99.0 99.00
2016 07 06 20 50 221  6.6  7.5  1.39  6.25  5.08 236 1017.5  28.0  27.5  26.7 99.0 99.00
2016 07 06 21 50 224  6.3  7.4  1.41  6.25  5.08 226 1017.3  28.0  27.5  26.7 99.0 99.00
2016 07 06 22 50 215  5.9  6.6  1.34  5.88  5.05 225 1017.2  27.9  27.5  26.7 99.0 99.00
2016 07 06 23 50 212  6.1  7.0  1.28  6.67  5.13 230 1017.3  27.8  27.4  26.8 99.0 99.00
2016 07 07 00 50 214  6.3  7.2  1.30  6.25  5.10 238 1017.7  27.7  27.4  26.8 99.0 99.00
2016 07 07 01 50 222  6.9  8.3  1.32  5.88  5.15 225 1018.4  27.7  27.3  26.8 99.0 99.00
2016 07 07 02 50 225  6.9  8.1  1.34  5.88  4.91 243 1018.8  27.7  27.3  26.8 99.0 99.00
2016 07 07 03 50 227  7.8  9.2  1.34  6.25  5.05 230 1018.3  27.7  27.3  26.7 99.0 99.00
2016 07 07 04 50 230  7.6  8.9  1.28  9.09  4.90 135 1017.8  27.6  27.3  26.7 99.0 99.00
2016 07 07 05 50 217  7.2  8.5  1.24  6.25  4.79 224 1017.3  27.6  27.3  26.6 99.0 99.00
2016 07 07 06 50 209  7.7  9.6  1.22  6.25  4.78 237 1016.6  27.5  27.3  26.5 99.0 99.00
2016 07 07 07 50 224  8.4 10.4  1.28  5.88  4.89 223 1016.4  27.5  27.3  26.4 99.0 99.00
2016 07 07 08 50 228  8.0  9.3  1.21  5.88  4.79 241 1016.3  27.5  27.3  26.2 99.0 99.00
2016 07 07 09 50 239  7.4  9.2  1.27  5.88  4.75 241 1016.7  27.6  27.4  26.2 99.0 99.00
2016 07 07 10 50 229  7.0  8.3  1.26  5.88  4.93 233 1017.0  27.6  27.3  26.1 99.0 99.00
2016 07 07 11 50 230  7.2  8.7  1.34  6.25  5.08 234 1017.3  27.7  27.4  26.1 99.0 99.00
2016 07 07 12 50 229  7.1  8.3  1.37  5.88  4.99 245 1017.5  27.8  27.4  26.1 99.0 99.00
2016 07 07 13 50 238  7.0  8.3  1.50  5.88  5.22 252 1018.0  27.8  27.3  26.3 99.0 99.00
2016 07 07 14 50 240  7.0  8.1  1.42  6.25  5.11 257 1018.5  27.9  27.4  26.5 99.0 99.00
2016 07 07 15 50 249  6.5  7.7  1.41  5.88  5.12 251 1018.6  27.9  27.4  26.4 99.0 99.00
2016 07 07 16 50 245  7.4  8.8  1.45  5.88  5.15 256 1018.4  28.0  27.5  26.5 99.0 99.00
2016 07 07 17 50 244  7.3  8.7  1.35  5.88  4.97 254 1017.7  28.2  27.6  26.5 99.0 99.00
2016 07 07 18 50 235  6.9  8.0  1.52  6.25  5.27 247 1017.6  28.2  27.6  26.6 99.0 99.00
2016 07 07 19 50 224  6.6  7.8  1.42  5.88  5.08 253 1017.1  28.2  27.7  26.6 99.0 99.00
2016 07 07 20 50 230  7.1  8.3  1.23  6.25  4.92 249 1016.7  28.3  27.7  26.7 99.0 99.00
2016 07 07 21 50 230  7.5  9.1  1.42  5.88  5.01 244 1016.4  28.3  27.7  26.6 99.0 99.00
2016 07 07 22 50 222  7.4  8.9  1.40  6.25  4.95 254 1016.2  28.2  27.7  26.7 99.0 99.00
2016 07 07 23 50 218  8.0  9.4  1.43  5.88  4.96 237 1016.1  28.1  27.6  26.8 99.0 99.00
2016 07 08 00 50 223  7.8  9.6  1.31  5.56  4.86 236 1016.2  28.0  27.6  26.8 99.0 99.00
2016 07 08 01 50 220  7.8  9.4  1.40  5.88  4.76 241 1016.4  28.0  27.6  26.7 99.0 99.00
2016 07 08 02 50 223  7.9  9.5  1.42  5.88  5.01 242 1016.8  27.8  27.6  26.7 99.0 99.00
2016 07 08 03 50 213  8.6 10.4  1.46  5.88  4.88 238 1016.5  27.8  27.6  26.8 99.0 99.00
2016 07 08 04 50 224  8.4 10.1  1.34  5.88  4.78 233 1016.6  27.8  27.5  26.5 99.0 99.00
2016 07 08 05 50 232  8.8 10.3  1.42  5.88  4.98 238 1016.2  27.8  27.5  26.2 99.0 99.00
2016 07 08 06 50 219  9.0 10.5  1.43  5.88  4.87 246 1015.5  27.7  27.5  26.2 99.0 99.00
2016 07 08 07 50 226  8.8 10.4  1.64  5.88  4.96 256 1015.6  27.7  27.5  26.3 99.0 99.00
2016 07 08 08 50 225  8.8 10.6  1.56  5.88  5.01 237 1015.3  27.8  27.5  26.3 99.0 99.00
2016 07 08 09 50 231  8.5  9.9  1.57  5.88  5.19 245 1015.6  27.9  27.5  26.1 99.0 99.00
2016 07 08 10 50 222  8.5 10.1  1.73  6.67  5.39 247 1015.1  27.9  27.5  26.0 99.0 99.00
2016 07 08 11 50 230  9.4 11.0  1.75  6.67  5.31 251 1015.9  27.9  27.5  26.4 99.0 99.00
2016 07 08 12 50 233  8.9 10.3  1.78  7.14  5.31 262 1016.4  27.9  27.5  26.2 99.0 99.00
2016 07 08 13 50 286 11.1 15.5  1.99  6.25  5.57 253 1016.7  27.5  27.4  22.5 99.0 99.00
2016 07 08 14 50 321  8.9 11.9  2.24  6.67  5.49 289 1016.7  25.1  27.3  21.7 99.0 99.00
2016 07 08 15 50 310  2.4  4.1  2.21  6.67  5.44 279 1017.5  26.1  27.2  22.6 99.0 99.00
2016 07 08 16 50 196  5.8  7.3  1.99  6.67  5.75 232 1017.3  27.8  27.2  25.8 99.0 99.00
2016 07 08 17 50 273 13.4 16.1  2.09  7.14  5.88 243 1016.3  26.1  27.2  23.4 99.0 99.00
2016 07 08 18 50 260 12.5 14.8  2.41  7.14  5.78 255 1016.4  26.0  27.1  23.8 99.0 99.00
2016 07 08 19 50 240  8.0 10.5  2.71  7.69  6.14 267 1016.0  26.3  27.0  23.5 99.0 99.00
2016 07 08 20 50 223  6.8  8.0  2.73  7.69  6.18 248 1016.3  26.6  26.9  23.5 99.0 99.00
2016 07 08 21 50 233  8.6 10.1  2.46  7.69  6.22 250 1015.5  27.7  27.0  24.3 99.0 99.00
2016 07 08 22 50 215  7.5  8.9  2.19  7.14  6.06 237 1015.3  27.6  27.0  25.2 99.0 99.00
2016 07 08 23 50 227  8.2  9.8  1.98  7.14  5.68 232 1015.0  27.6  27.0  25.9 99.0 99.00
2016 07 09 00 50 220  7.8  9.1  1.87  7.14  5.66 231 1014.9  27.5  27.0  26.2 99.0 99.00
2016 07 09 02 50 212  7.4  8.6  1.56  7.14  5.40 226 1015.5  27.5  27.0  26.5 99.0 99.00
2016 07 09 03 50 218  6.8  7.9  1.65  7.14  5.40 231 1015.9  27.5  27.0  26.5 99.0 99.00
2016 07 09 04 50 213  6.1  7.2  1.60  7.14  5.46 233 1015.9  27.4  27.0  26.5 99.0 99.00
2016 07 09 05 50 212  6.5  8.0  1.69  6.67  5.55 230 1015.2  27.4  27.0  26.6 99.0 99.00
2016 07 09 06 50 216  7.5  8.7  1.49  7.14  5.22 223 1014.8  27.4  26.9  26.5 99.0 99.00
2016 07 09 07 50 223  8.2 10.1  1.53  6.67  5.25 233 1014.8  27.4  26.9  26.4 99.0 99.00
2016 07 09 08 50 220  8.0  9.4  1.57  6.67  5.24 233 1015.0  27.4  26.9  26.3 99.0 99.00
2016 07 09 09 50 219  7.8  9.6  1.49  6.25  4.99 225 1015.0  27.5  26.9  26.4 99.0 99.00
2016 07 09 10 50  17  7.6  8.7  1.59  6.67  5.29 268 1016.5  25.3  26.9  22.5 99.0 99.00
2016 07 09 11 50   1  6.2  7.1  1.55  6.25  4.96 262 1017.5  24.1  26.8  23.3 99.0 99.00
2016 07 09 12 50 306 11.0 14.0  1.40  6.67  5.33 270 1019.0  24.0  26.7  23.0 99.0 99.00
2016 07 09 13 50 245  2.0  5.0  1.43  6.25  5.10 271 1018.6  25.2  26.7  20.0 99.0 99.00
2016 07 09 14 50 131  3.6  4.6  1.42  5.88  5.40 223 1016.4  25.6  26.7  20.5 99.0 99.00
2016 07 09 15 50 203  4.2  4.9  1.52  6.25  5.60 236 1016.5  26.6  26.7  21.3 99.0 99.00
2016 07 09 16 50 214  9.3 12.4  1.19  6.25  5.17 236 1016.1  26.8  26.8  22.5 99.0 99.00
2016 07 09 17 50 213  9.6 11.7  1.69  5.88  5.01 238 1016.3  26.6  26.9  23.3 99.0 99.00
2016 07 09 18 50 237  7.2  8.4  1.66  6.25  5.10 243 1016.1  27.2  26.9  22.7 99.0 99.00
2016 07 09 19 50 233  9.1 10.5  1.56  5.88  5.01 240 1016.1  27.2  26.9  22.8 99.0 99.00
2016 07 09 20 50 222  9.9 12.2  1.60  6.67  4.96 248 1015.9  27.5  26.9  23.4 99.0 99.00
2016 07 09 21 50 222 10.5 12.6  1.84  6.67  5.25 246 1015.4  27.2  26.9  24.4 99.0 99.00
2016 07 09 22 50 215  8.7 10.5  1.97  6.67  5.26 237 1015.2  27.6  26.9  24.1 99.0 99.00
2016 07 09 23 50 232  7.9  9.2  1.79  6.67  5.37 239 1015.6  27.6  26.9  24.2 99.0 99.00
2016 07 10 00 50 226  7.6  9.0  1.76  6.67  5.43 240 1015.9  27.6  26.9  24.6 99.0 99.00
2016 07 10 01 50 231  6.2  7.2  1.87  7.14  5.55 247 1016.3  27.6  26.9  25.3 99.0 99.00
2016 07 10 02 50 213  6.6  7.8  1.72  7.14  5.36 254 1016.4  27.4  26.9  26.0 99.0 99.00
2016 07 10 03 50 210  6.1  7.0  1.72  7.14  5.49 241 1016.5  27.3  26.9  26.2 99.0 99.00
2016 07 10 04 50 204  7.1  8.4  1.71  7.14  5.49 244 1016.2  27.3  26.9  26.3 99.0 99.00
2016 07 10 05 50 201  7.2  8.6  1.83  7.14  5.62 238 1015.9  27.2  26.9  26.2 99.0 99.00
2016 07 10 06 50 216  7.6  9.1  1.76  7.14  5.53 231 1016.0  27.4  26.9  26.2 99.0 99.00
2016 07 10 07 50 216  6.4  7.5  1.78  6.67  5.47 249 1016.5  27.3  27.0  26.1 99.0 99.00
2016 07 10 08 50 220  6.5  8.0  1.67  6.67  5.41 244 1016.8  27.3  27.0  26.2 99.0 99.00
2016 07 10 09 50 207  6.4  7.8  1.76  6.67  5.54 235 1016.9  27.3  27.0  26.3 99.0 99.00
2016 07 10 10 50 206  7.5  8.8  1.46  6.25  5.36 228 1017.3  27.4  26.9  26.1 99.0 99.00
2016 07 10 11 50 203  7.5  8.6  1.48  6.67  5.35 236 1017.7  27.5  26.9  25.7 99.0 99.00
2016 07 10 12 50 206  7.2  8.3  1.45  6.25  5.25 214 1018.1  27.5  26.9  25.7 99.0 99.00
2016 07 10 13 50 218  7.2  8.5  1.47  6.67  5.28 239 1018.5  27.5  26.9  25.6 99.0 99.00
2016 07 10 14 50 217  7.0  8.4  1.36  6.25  5.21 247 1018.5  27.6  27.0  25.8 99.0 99.00
2016 07 10 15 50 214  6.8  8.0  1.42  6.25  5.13 230 1018.8  27.7  27.0  25.8 99.0 99.00
2016 07 10 16 50 215  7.3  8.9  1.36  6.25  5.00 237 1018.6  27.7  27.0  25.8 99.0 99.00
2016 07 10 17 50 217  7.5  9.0  1.43  5.88  5.02 234 1018.4  27.8  27.1  25.8 99.0 99.00
2016 07 10 18 50 215  6.8  8.0  1.46  6.25  5.10 246 1018.3  27.9  27.2  25.8 99.0 99.00
2016 07 10 19 50 211  6.0  7.3  1.46  5.88  5.12 230 1018.2  27.9  27.2  25.9 99.0 99.00
2016 07 10 20 50 207  5.9  6.9  1.40  5.88  5.04 240 1018.2  27.8  27.3  26.0 99.0 99.00
2016 07 10 21 50 206  5.7  6.8  1.44  5.88  5.17 237 1018.0  27.9  27.3  26.1 99.0 99.00
2016 07 10 22 50 196  4.9  5.8  1.61  5.88  5.34 225 1018.2  27.8  27.3  26.1 99.0 99.00
2016 07 10 23 50 203  4.2  5.0  1.41  6.67  5.37 230 1018.2  27.7  27.3  26.4 99.0 99.00
2016 07 11 00 50 197  4.7  5.6  1.43  6.25  5.36 245 1018.5  27.5  27.3  26.4 99.0 99.00
2016 07 11 01 50 205  5.7  7.0  1.38  6.25  5.49 229 1018.7  27.5  27.3  26.3 99.0 99.00
2016 07 11 02 50 202  5.8  7.1  1.35  5.88  5.26 218 1019.7  27.5  27.3  26.3 99.0 99.00
2016 07 11 03 50 202  5.6  6.6  1.35  6.25  5.36 233 1019.7  27.4  27.3  26.4 99.0 99.00
2016 07 11 04 50 199  6.0  7.4  1.32  6.67  5.42 242 1019.3  27.3  27.3  26.4 99.0 99.00
2016 07 11 05 50 208  6.3  7.5  1.34  6.67  5.42 239 1018.9  27.4  27.3  26.2 99.0 99.00
2016 07 11 06 50 210  6.9  8.2  1.35  6.67  5.25 238 1018.2  27.4  27.3  26.0 99.0 99.00
2016 07 11 07 50 214  6.6  8.0  1.33  6.67  5.19 240 1018.3  27.4  27.4  25.9 99.0 99.00
2016 07 11 08 50 220  7.2  8.5  1.20  6.25  5.13 232 1018.4  27.5  27.4  25.8 99.0 99.00
2016 07 11 09 50 217  6.4  7.6  1.33  6.25  5.19 239 1019.0  27.5  27.4  25.7 99.0 99.00
2016 07 11 10 50 215  6.4  7.4  1.32  6.25  5.18 239 1019.3  27.5  27.4  25.8 99.0 99.00
2016 07 11 11 50 222  5.9  7.4  1.26  6.25  5.05 245 1019.8  27.6  27.4  25.7 99.0 99.00
2016 07 11 12 50 223  5.4  6.5  1.22  6.25  4.91 245 1020.3  27.6  27.4  25.7 99.0 99.00
2016 07 11 13 50 219  6.0  7.3  1.18  5.88  4.93 236 1020.3  27.7  27.5  25.8 99.0 99.00
2016 07 11 14 50 222  6.1  7.4  1.15  5.88  4.87 243 1020.7  27.7  27.6  25.7 99.0 99.00
2016 07 11 15 50 226  5.3  6.3  1.08  5.56  4.84 240 1021.2  27.7  27.7  25.8 99.0 99.00
2016 07 11 16 50 225  5.5  6.2  1.15  5.56  4.87 249 1021.1  27.8  27.7  25.7 99.0 99.00
2016 07 11 17 50 226  5.3  6.1  1.14  5.88  4.86 253 1021.0  27.9  27.9  25.8 99.0 99.00
2016 07 11 18 50 214  5.5  6.5  1.19  5.88  4.97 244 1020.4  27.9  28.0  25.7 99.0 99.00
2016 07 11 19 50 240  4.2  5.3  1.10  5.88  4.74 256 1020.5  28.1  28.0  25.6 99.0 99.00
2016 07 11 20 50 289  6.6  8.2  1.16  5.88  5.01 250 1020.0  27.4  28.1  23.7 99.0 99.00
2016 07 11 21 50 201  4.9  6.0  1.10  5.88  4.74 255 1018.1  26.6  27.9  22.9 99.0 99.00
2016 07 11 22 50 241  3.6  4.4  1.07  5.88  4.85 240 1018.7  27.9  27.8  25.0 99.0 99.00
2016 07 11 23 50 320  2.9  3.6  1.01  5.88  4.95 260 1019.5  27.6  27.8  25.3 99.0 99.00
2016 07 12 00 50 226  5.0  5.8  1.04  5.88  5.20 255 1019.4  27.9  27.8  25.7 99.0 99.00
2016 07 12 01 50 219  5.0  5.8  0.99  6.25  5.07 243 1019.6  27.8  27.8  25.7 99.0 99.00
2016 07 12 02 50 211  4.7  5.9  1.07  6.25  5.15 253 1019.5  27.8  27.8  26.0 99.0 99.00
2016 07 12 03 50 226  6.0  6.9  1.01  5.26  4.87 251 1019.5  27.8  27.8  25.8 99.0 99.00
2016 07 12 04 50 222  5.8  7.4  1.01  6.25  4.86 244 1019.1  27.8  27.8  25.9 99.0 99.00
2016 07 12 05 50 227  6.8  8.5  1.04  6.25  4.80 255 1019.1  27.7  27.7  25.9 99.0 99.00
2016 07 12 06 50 240  6.1  7.6  0.99  5.88  4.85 253 1019.1  27.7  27.7  26.0 99.0 99.00
2016 07 12 07 50 227  5.8  6.8  0.97  6.25  4.69 237 1018.6  27.6  27.7  26.1 99.0 99.00
2016 07 12 08 50 231  5.5  6.5  0.90  5.88  4.52 240 1018.4  27.6  27.7  26.0 99.0 99.00
2016 07 12 09 50 237  4.8  6.1  0.90  5.88  4.60 254 1018.5  27.6  27.7  26.0 99.0 99.00
2016 07 12 10 50 234  5.5  6.6  0.91  5.56  4.60 246 1018.7  27.7  27.7  25.8 99.0 99.00
2016 07 12 11 50 244  5.4  6.5  0.94  5.56  4.69 246 1019.5  27.8  27.7  25.6 99.0 99.00
2016 07 12 12 50 246  4.5  5.2  0.96  5.88  4.70 237 1019.7  27.8  27.8  25.8 99.0 99.00
2016 07 12 13 50 251  4.5  5.5  0.96  5.56  4.86 243 1020.2  27.9  27.8  26.0 99.0 99.00
2016 07 12 14 50 241  4.6  5.9  0.93  5.88  4.88 233 1020.3  28.0  27.9  25.9 99.0 99.00
2016 07 12 15 50 267  4.0  4.9  0.90  6.25  4.75 240 1020.7  27.2  27.9  23.6 99.0 99.00
2016 07 12 16 50 239  4.2  4.7  0.91  5.26  4.91 246 1020.4  27.9  28.0  25.7 99.0 99.00
2016 07 12 17 50 259  5.1  6.0  0.86  5.56  4.91 246 1020.3  28.3  28.1  26.1 99.0 99.00
2016 07 12 18 50 250  4.9  5.7  0.92  5.88  4.91 233 1020.2  28.3  28.1  25.6 99.0 99.00
2016 07 12 19 50 256  4.5  5.1  0.93  5.26  4.76 254 1019.7  28.2  28.2  25.5 99.0 99.00
2016 07 12 20 50 247  5.1  6.1  0.98  5.88  4.82 237 1019.1  28.3  28.2  26.0 99.0 99.00
2016 07 12 21 50 229  4.5  5.6  0.90  5.26  4.82 230 1019.1  28.2  28.3  26.3 99.0 99.00
2016 07 12 22 50 242  2.5  5.7  0.87  7.69  4.92 112 1019.1  27.1  28.2  24.7 99.0 99.00
2016 07 12 23 50 197  3.1  3.8  0.91  7.69  5.11 130 1019.0  27.8  28.3  25.2 99.0 99.00
2016 07 13 00 50 229  2.4  3.0  0.88  5.88  5.14 184 1019.2  28.1  28.3  26.3 99.0 99.00
2016 07 13 01 50 235  3.8  4.5  0.87  7.14  5.23 145 1019.5  28.1  28.3  26.3 99.0 99.00
2016 07 13 02 50 249  4.3  4.9  0.91  5.56  5.26 240 1019.8  28.1  28.2  26.0 99.0 99.00
2016 07 13 03 50 241  4.4  5.2  0.93  5.26  5.28 248 1019.9  28.1  28.2  26.2 99.0 99.00
2016 07 13 04 50 242  5.5  7.0  0.93  5.00  5.05 245 1020.0  27.9  28.2  26.4 99.0 99.00
2016 07 13 05 50 243  6.2  7.2  0.91  5.26  4.91 250 1019.6  28.0  28.2  26.0 99.0 99.00
2016 07 13 06 50 250  5.4  6.8  0.90  5.56  4.63 236 1019.3  28.0  28.2  25.9 99.0 99.00
2016 07 13 07 50 255  5.7  6.6  0.88  5.00  4.77 254 1019.2  28.0  28.2  25.9 99.0 99.00
2016 07 13 08 50 251  6.3  7.4  0.95  7.14  4.65 178 1018.9  28.0  28.1  25.4 99.0 99.00
2016 07 13 09 50 252  5.7  6.7  0.94  7.14  4.56 148 1019.2  28.0  28.1  25.3 99.0 99.00
2016 07 13 10 50 252  5.3  6.1  0.83  6.67  4.39 152 1019.4  27.9  28.1  25.3 99.0 99.00
2016 07 13 11 50 254  4.5  5.5  0.84  7.69  4.62 143 1020.1  27.9  28.1  25.0 99.0 99.00
2016 07 13 12 50 249  4.0  4.7  0.85  7.69  4.64 198 1020.4  28.1  28.2  24.9 99.0 99.00
2016 07 13 13 50 253  5.1  5.7  0.82  7.69  4.64 169 1020.6  28.1  28.2  25.2 99.0 99.00
2016 07 13 14 50 253  4.9  5.6  0.80  9.09  4.62  83 1020.8  28.2  28.2  25.3 99.0 99.00
2016 07 13 15 50 250  5.7  6.6  0.80  7.69  4.67 144 1020.8  28.3  28.3  25.2 99.0 99.00
2016 07 13 16 50 253  5.9  6.8  0.85  4.35  4.48 261 1020.7  28.3  28.3  25.4 99.0 99.00
2016 07 13 17 50 268  4.4  5.3  0.81  7.14  4.56 170 1020.9  28.5  28.4  25.3 99.0 99.00
2016 07 13 18 50  19  6.2  7.3  0.84  8.33  4.83 146 1020.7  26.4  28.5  23.1 99.0 99.00
2016 07 13 19 50 143  2.8  3.9  0.86  7.14  5.09 126 1019.6  26.8  28.6  23.6 99.0 99.00
2016 07 13 20 50 193  2.1  2.8  0.83  7.14  4.87 122 1019.0  27.1  28.7  24.0 99.0 99.00
2016 07 13 21 50 163  1.6  2.3  0.84  6.67  4.81 133 1018.3  27.6  28.8  24.4 99.0 99.00
2016 07 13 22 50  76  1.8  2.6  0.89  5.26  4.76 285 1018.4  27.7  28.8  24.7 99.0 99.00
2016 07 13 23 50 144  3.3  4.1  0.89  7.14  4.99 119 1018.5  27.8  28.7  25.2 99.0 99.00
2016 07 14 00 50 191  2.9  3.6  0.77  4.55  5.00 277 1018.7  28.2  28.6  25.9 99.0 99.00
2016 07 14 01 50 216  4.3  5.1  0.82  6.67  5.21 139 1019.0  28.3  28.5  26.1 99.0 99.00
2016 07 14 02 50 219  5.1  6.0  0.77  7.69  5.10 126 1019.6  28.3  28.5  26.0 99.0 99.00
2016 07 14 03 50 230  6.1  7.0  0.78  7.69  4.85 124 1019.4  28.3  28.4  25.7 99.0 99.00
2016 07 14 04 50 243  5.8  6.8  0.78  4.76  4.57 258 1019.5  28.2  28.4  25.9 99.0 99.00
2016 07 14 05 50 244  5.1  5.9  0.82  7.69  4.48 123 1019.2  28.2  28.3  26.2 99.0 99.00
2016 07 14 06 50 253  5.6  6.6  0.80  7.69  4.49 100 1019.1  28.3  28.3  25.9 99.0 99.00
2016 07 14 07 50 260  4.8  5.8  0.75  7.14  4.50  95 1018.9  28.2  28.3  25.8 99.0 99.00
2016 07 14 08 50 248  4.4  5.2  0.82  6.67  4.62 146 1018.7  28.2  28.3  25.8 99.0 99.00
2016 07 14 09 50 240  4.2  4.8  0.84  8.33  4.77  73 1019.0  28.1  28.3  25.6 99.0 99.00
2016 07 14 10 50 230  4.1  5.2  0.77  7.69  4.71  95 1019.2  28.1  28.3  25.8 99.0 99.00
2016 07 14 11 50 230  4.5  5.1  0.80  8.33  4.79  84 1019.8  28.2  28.2  25.8 99.0 99.00
2016 07 14 12 50 209  4.6  5.1  0.82  8.33  5.09  74 1019.9  28.1  28.3  26.0 99.0 99.00
2016 07 14 13 50 213  4.2  4.7  0.86  7.69  5.15  68 1019.9  28.2  28.4  26.0 99.0 99.00
2016 07 14 14 50 221  4.7  5.6  0.82  7.14  4.98  92 1020.2  28.2  28.4  26.0 99.0 99.00
2016 07 14 15 50 213  4.8  5.8  0.87  6.67  4.90  90 1020.2  28.4  28.6  25.8 99.0 99.00
2016 07 14 16 50 230  5.6  6.5  0.82  8.33  5.09 101 1020.1  28.5  28.6  25.8 99.0 99.00
2016 07 14 17 50 236  5.2  6.1  0.82  8.33  4.99 107 1019.9  28.5  28.8  25.9 99.0 99.00
2016 07 14 18 50 240  5.5  6.3  0.87  7.69  4.77  81 1019.6  28.6  28.7  25.7 99.0 99.00
2016 07 14 19 50 234  5.2  5.9  0.80  7.69  4.69  96 1019.1  28.8  28.8  25.6 99.0 99.00
2016 07 14 20 50 237  4.6  5.4  0.84  7.69  4.81  97 1018.7  28.8  28.8  25.4 99.0 99.00
2016 07 14 21 50 234  3.7  4.4  0.76  5.00  4.76 273 1018.5  28.9  28.8  25.0 99.0 99.00
2016 07 14 22 50 245  4.2  4.9  0.76  7.14  4.68 110 1018.6  28.9  28.8  25.2 99.0 99.00
2016 07 14 23 50 229  3.7  4.4  0.75  4.55  4.70 270 1018.7  28.6  28.8  25.6 99.0 99.00
2016 07 15 00 50 234  4.7  5.4  0.77  8.33  4.82  90 1019.0  28.6  28.7  25.5 99.0 99.00
2016 07 15 01 50 225  4.4  5.1  0.83  8.33  4.78 129 1019.2  28.5  28.6  25.5 99.0 99.00
2016 07 15 02 50 220  5.0  5.7  0.80  8.33  4.94 104 1019.6  28.4  28.6  25.5 99.0 99.00
2016 07 15 03 50 219  4.9  5.6  0.77  9.09  4.91 116 1019.5  28.4  28.6  25.8 99.0 99.00
2016 07 15 04 50 229  5.4  6.2  0.79  9.09  4.67 133 1019.5  28.4  28.5  25.1 99.0 99.00
2016 07 15 05 50 223  5.0  5.9  0.84  8.33  4.97  85 1019.2  28.3  28.5  25.0 99.0 99.00
2016 07 15 06 50 207  5.0  5.8  0.81  7.69  4.81 107 1018.8  28.2  28.5  24.8 99.0 99.00
2016 07 15 07 50 217  4.8  5.7  0.85  8.33  5.00 104 1018.7  28.2  28.5  25.0 99.0 99.00
2016 07 15 08 50 218  4.9  5.6  0.84  8.33  4.98  98 1018.9  28.2  28.5  24.6 99.0 99.00
2016 07 15 09 50 214  5.0  5.8  0.88  8.33  5.13 105 1019.0  28.2  28.5  24.9 99.0 99.00
2016 07 15 10 50 217  4.1  5.1  0.87  9.09  5.13 107 1019.5  28.2  28.5  24.9 99.0 99.00
2016 07 15 11 50 225  3.7  4.3  0.86  8.33  5.18 106 1020.1  28.3  28.4  24.7 99.0 99.00
2016 07 15 12 50 223  3.5  4.0  0.79  9.09  4.98 108 1020.3  28.3  28.5  24.6 99.0 99.00
2016 07 15 13 50 228  4.2  4.9  0.87  8.33  5.43  94 1020.4  28.4  28.5  24.6 99.0 99.00
2016 07 15 14 50 231  4.9  5.8  0.87  9.09  5.46  94 1020.4  28.4  28.6  24.7 99.0 99.00
2016 07 15 15 50 233  5.4  6.4  0.91  8.33  5.41  99 1020.4  28.4  28.6  24.5 99.0 99.00
2016 07 15 16 50 237  5.3  6.2  0.91  7.69  5.12 103 1020.2  28.5  28.6  24.7 99.0 99.00
2016 07 15 17 50 228  4.7  5.8  0.87  7.69  4.98  90 1019.8  28.7  28.7  24.1 99.0 99.00
2016 07 15 18 50 234  4.8  5.6  0.99  8.33  5.22  86 1019.6  28.7  28.7  24.4 99.0 99.00
2016 07 15 19 50 225  4.7  5.6  0.97  8.33  4.99 101 1019.5  28.8  28.7  24.4 99.0 99.00
2016 07 15 20 50 203  4.4  5.2  0.98  8.33  5.06 103 1018.6  28.6  28.8  24.8 99.0 99.00
2016 07 15 21 50 200  4.3  5.0  0.86  8.33  4.95  99 1018.3  28.6  28.7  24.5 99.0 99.00
2016 07 15 22 50 195  4.9  5.9  0.88  9.09  4.91  86 1018.5  28.6  28.7  24.6 99.0 99.00
2016 07 15 23 50 202  4.1  5.0  0.85 10.00  4.92  66 1019.2  28.4  28.6  24.9 99.0 99.00
2016 07 16 00 50 208  3.7  4.3  0.82  7.69  4.88  91 1019.7  28.4  28.6  24.9 99.0 99.00
2016 07 16 01 50 181  3.9  4.7  0.92  9.09  5.27 120 1019.9  28.3  28.5  24.9 99.0 99.00
2016 07 16 02 50 186  4.3  4.8  0.87  9.09  5.16  97 1020.3  28.2  28.5  25.0 99.0 99.00
2016 07 16 03 50 188  4.3  5.1  0.85  9.09  5.16 118 1020.4  28.2  28.5  24.8 99.0 99.00
2016 07 16 04 50 176  4.6  5.3  0.83  8.33  5.19 109 1020.3  28.2  28.5  24.2 99.0 99.00
2016 07 16 05 50 167  5.1  5.9  0.81  7.69  5.12 108 1020.1  28.2  28.5  24.0 99.0 99.00
2016 07 16 06 50 178  4.8  5.5  0.85  8.33  5.15 104 1019.9  28.1  28.4  23.4 99.0 99.00
2016 07 16 07 50 181  4.9  5.7  0.85  7.69  5.13 111 1019.8  28.1  28.3  23.4 99.0 99.00
2016 07 16 08 50 183  3.7  4.4  0.89  8.33  5.43  95 1019.8  27.9  28.3  23.5 99.0 99.00
2016 07 16 09 50 181  3.6  4.1  0.88  7.69  5.47 101 1020.0  27.9  28.3  23.5 99.0 99.00
2016 07 16 10 50 165  3.2  3.8  0.85  9.09  5.41  88 1020.6  28.0  28.3  23.2 99.0 99.00
2016 07 16 11 50 158  4.3  5.1  0.89  8.33  5.76 108 1020.7  28.0  28.3  23.5 99.0 99.00
2016 07 16 12 50 178  3.1  3.8  0.88  9.09  5.83 105 1021.5  28.0  28.3  23.2 99.0 99.00
2016 07 16 13 50 176  3.2  3.7  0.86  8.33  5.83  87 1021.7  28.0  28.4  23.3 99.0 99.00
2016 07 16 14 50 169  4.1  5.2  0.90  8.33  6.07  92 1021.9  28.1  28.5  23.4 99.0 99.00
2016 07 16 15 50 174  3.7  4.4  0.85  7.69  5.73 102 1022.3  28.2  28.5  23.2 99.0 99.00
2016 07 16 16 50 187  3.4  4.3  0.82  8.33  5.60  95 1022.3  28.3  28.7  23.4 99.0 99.00
2016 07 16 17 50 174  3.5  4.0  0.79  7.69  5.54  91 1021.9  28.3  28.9  24.0 99.0 99.00
2016 07 16 18 50 184  3.9  5.0  0.75  6.67  5.50 121 1021.6  28.4  28.9  23.7 99.0 99.00
2016 07 16 19 50 182  3.1  3.7  0.78  7.69  5.39 101 1021.5  28.5  29.0  22.5 99.0 99.00
2016 07 16 20 50 193  2.4  3.0  0.79  8.33  5.47  91 1021.3  28.6  29.1  22.7 99.0 99.00
2016 07 16 21 50 178  2.1  2.8  0.75  7.69  5.41 105 1021.2  28.8  29.1  22.2 99.0 99.00
2016 07 16 22 50 161  2.4  3.0  0.76  9.09  5.68  94 1021.2  28.6  29.0  22.4 99.0 99.00
2016 07 16 23 50 156  2.5  3.2  0.71 10.00  5.63  99 1021.7  28.4  28.9  23.0 99.0 99.00
2016 07 17 00 50 154  1.7  2.4  0.70  8.33  5.46  92 1022.0  28.3  28.9  23.6 99.0 99.00
2016 07 17 01 50 141  2.4  3.1  0.73  7.69  5.68 103 1022.5  28.3  28.8  23.8 99.0 99.00
2016 07 17 02 50 146  3.5  4.0  0.73  8.33  5.87  95 1022.7  28.3  28.8  24.1 99.0 99.00
2016 07 17 03 50 147  3.4  4.1  0.66  9.09  5.77  82 1022.8  28.2  28.7  24.5 99.0 99.00
2016 07 17 04 50 153  4.5  5.3  0.74  8.33  5.90  96 1022.7  28.4  28.7  24.2 99.0 99.00
2016 07 17 05 50 151  4.6  5.5  0.74  9.09  5.40  97 1022.6  28.3  28.6  24.5 99.0 99.00
2016 07 17 06 50 170  4.5  5.7  0.75  8.33  5.35  88 1022.3  28.3  28.6  24.2 99.0 99.00
2016 07 17 07 50 170  3.0  3.5  0.82  9.09  5.65  91 1022.3  28.3  28.6  24.6 99.0 99.00
2016 07 17 08 50 171  3.3  4.0  0.75  9.09  5.20  82 1022.1  28.2  28.6  24.1 99.0 99.00
2016 07 17 09 50 165  2.6  3.4  0.76  8.33  5.52  96 1022.2  28.2  28.6  23.9 99.0 99.00
2016 07 17 10 50 147  3.6  4.3  0.75  8.33  5.75  81 1022.4  28.3  28.5  24.0 99.0 99.00
2016 07 17 11 50 170  2.9  3.6  0.74  8.33  5.87  99 1023.1  28.4  28.5  24.1 99.0 99.00
2016 07 17 12 50 169  2.1  2.7  0.71  9.09  5.75  49 1023.7  28.5  28.6  24.0 99.0 99.00
2016 07 17 13 50 153  1.8  2.2  0.70  8.33  5.60  76 1023.8  28.5  28.7  23.8 99.0 99.00
2016 07 17 14 50 130  2.1  2.7  0.65  8.33  5.68  99 1024.3  28.6  29.1  23.7 99.0 99.00
2016 07 17 15 50 142  1.6  1.9  0.69 10.00  6.04  56 1024.6  28.7  29.2  23.7 99.0 99.00
2016 07 17 16 50 143  1.5  2.2  0.67  7.69  5.72  89 1024.7  28.7  29.7  23.9 99.0 99.00
2016 07 17 17 50 133  1.1  1.8  0.66 10.00  5.83  82 1024.4  28.5  30.0  24.3 99.0 99.00
2016 07 17 18 50 221  1.0  1.4  0.71 10.00  5.97  96 1024.2  28.9  30.6  23.9 99.0 99.00
2016 07 17 19 50 131  0.6  1.3  0.75 10.00  6.03  61 1024.0  29.1  30.0  23.7 99.0 99.00
2016 07 17 20 50 302  1.5  2.2  0.71 10.00  6.00  82 1023.7  29.4  30.5  23.5 99.0 99.00
2016 07 17 21 50 229  0.8  1.4  0.70  7.69  5.80 104 1023.2  29.5  31.3  23.2 99.0 99.00
2016 07 17 22 50  74  1.0  1.6  0.69 10.81  5.98  95 1023.2  29.1  31.2  23.4 99.0 99.00
2016 07 17 23 50 333  0.4  0.8  0.63  8.33  5.86 101 1023.7  28.9  30.4  23.5 99.0 99.00
2016 07 18 00 50   4  0.8  1.2  0.70  9.09  6.04 126 1023.9  28.9  29.9  23.4 99.0 99.00
2016 07 18 01 50 242  0.5  0.8  0.70  8.33  5.98  99 1024.1  28.6  29.6  23.7 99.0 99.00
2016 07 18 02 50 131  0.9  1.2  0.70  9.09  6.21  89 1024.2  28.5  29.7  23.8 99.0 99.00
2016 07 18 03 50  75  1.9  2.2  0.72  8.33  6.00 105 1024.2  28.6  29.8  23.7 99.0 99.00
2016 07 18 04 50  84  1.5  2.1  0.71  7.69  5.69 114 1024.4  28.6  29.8  23.4 99.0 99.00
2016 07 18 05 50 100  1.3  1.8  0.69  6.67  5.55 127 1024.3  28.5  29.4  23.7 99.0 99.00
2016 07 18 06 50  70  1.5  2.0  0.69 10.00  5.72  92 1023.8  28.3  29.1  23.8 99.0 99.00
2016 07 18 07 50  75  2.1  2.8  0.72  8.33  5.68 101 1023.6  28.3  28.9  23.9 99.0 99.00
2016 07 18 08 50  58  1.8  2.5  0.71 10.00  5.78 105 1023.3  28.0  28.9  24.2 99.0 99.00
2016 07 18 09 50  93  2.0  2.4  0.76  8.33  5.96  98 1023.4  28.0  28.9  24.0 99.0 99.00
2016 07 18 10 50  88  2.1  2.7  0.72  8.33  6.11  89 1023.8  28.2  28.7  24.0 99.0 99.00
2016 07 18 11 50  44  1.2  1.6  0.75 10.00  6.22  76 1024.0  28.5  29.0  24.0 99.0 99.00
2016 07 18 12 50  64  1.8  2.1  0.65  7.14  5.95 125 1024.4  28.6  29.2  23.8 99.0 99.00
2016 07 18 13 50  67  2.0  2.6  0.73  8.33  6.16 125 1024.5  28.5  29.4  24.0 99.0 99.00
2016 07 18 14 50  99  1.0  1.4  0.69  7.14  6.16 129 1024.6  28.4  29.9  24.2 99.0 99.00
2016 07 18 15 50  73  2.2  3.0  0.70  6.25  6.18 132 1024.8  28.6  30.1  23.8 99.0 99.00
2016 07 18 16 50  60  2.3  3.0  0.72  7.69  6.43 107 1024.9  28.6  30.1  23.7 99.0 99.00
2016 07 18 17 50  55  2.0  2.9  0.73  6.67  6.42 137 1024.7  28.6  30.7  23.6 99.0 99.00
2016 07 18 18 50  63  1.9  2.7  0.76  7.14  6.39 136 1024.3  28.6  30.8  23.8 99.0 99.00
2016 07 18 19 50  60  1.0  1.7  0.71  7.14  6.42 136 1023.9  28.8  31.0  23.4 99.0 99.00
2016 07 18 20 50  86  1.5  2.6  0.80  7.14  6.32 143 1023.5  28.9  30.8  23.6 99.0 99.00
2016 07 18 21 50  88  2.4  3.0  0.81  7.14  6.31 119 1022.6  28.8  30.3  23.6 99.0 99.00
2016 07 18 22 50  77  1.9  2.6  0.73  7.14  6.27 138 1022.2  28.9  30.2  23.4 99.0 99.00
2016 07 18 23 50  91  2.0  3.0  0.77  6.67  6.17 152 1022.5  28.8  30.1  24.1 99.0 99.00
2016 07 19 00 50 124  2.6  3.7  0.71  7.14  6.24 120 1022.5  28.6  29.9  24.2 99.0 99.00
2016 07 19 01 50 119  2.3  2.9  0.71  7.69  6.35 112 1023.0  28.6  29.8  24.1 99.0 99.00
2016 07 19 02 50 128  2.7  3.5  0.68  6.67  6.29 138 1023.3  28.6  29.7  23.8 99.0 99.00
2016 07 19 03 50 121  2.5  3.3  0.74  7.69  6.43 112 1023.1  28.6  29.6  23.7 99.0 99.00
2016 07 19 04 50 138  2.8  3.4  0.71  7.14  6.24 109 1023.2  28.5  29.5  23.9 99.0 99.00
2016 07 19 05 50 126  2.8  3.7  0.68  7.14  6.23 143 1022.5  28.5  29.4  23.9 99.0 99.00
2016 07 19 06 50 143  3.6  4.5  0.77  7.14  6.41 126 1022.1  28.4  29.4  24.2 99.0 99.00
2016 07 19 07 50 153  3.7  4.6  0.71  6.67  6.23 137 1022.0  28.3  29.3  24.3 99.0 99.00
2016 07 19 08 50 158  2.9  4.1  0.76  7.14  6.08 133 1021.9  28.4  29.3  23.8 99.0 99.00
2016 07 19 09 50 164  2.3  3.2  0.74  6.25  6.10 118 1022.3  28.3  29.2  24.5 99.0 99.00
2016 07 19 10 50 151  2.1  2.7  0.72  7.69  6.21 113 1022.5  28.4  29.2  24.1 99.0 99.00
2016 07 19 11 50 171  1.8  2.5  0.75  7.14  6.12 135 1023.1  28.5  29.2  24.0 99.0 99.00
2016 07 19 12 50 176  1.9  2.3  0.76  7.14  6.41 121 1023.5  28.6  29.2  23.8 99.0 99.00
2016 07 19 13 50 171  1.4  2.0  0.77  6.67  6.22 126 1023.6  28.5  29.3  23.8 99.0 99.00
2016 07 19 14 50  44  1.0  1.8  0.73  7.14  6.22 133 1023.9  28.3  29.2  23.8 99.0 99.00
2016 07 19 15 50 289  0.4  0.9  0.76  7.14  6.46 153 1024.5  28.7  29.5  24.0 99.0 99.00
2016 07 19 16 50 119  2.0  2.8  0.72  6.25  6.33 139 1024.2  28.6  29.8  24.0 99.0 99.00
2016 07 19 17 50 145  1.2  2.0  0.79  7.69  6.45 108 1023.8  28.8  30.9  24.1 99.0 99.00
2016 07 19 18 50 166  4.5  5.5  0.75  7.69  6.24 147 1023.3  28.8  30.7  22.6 99.0 99.00
2016 07 19 19 50 168  2.2  3.0  0.82  6.67  6.15 132 1022.9  29.1  30.3  22.9 99.0 99.00
2016 07 19 20 50 142  2.0  3.2  0.77  7.14  6.04 124 1022.0  28.8  30.3  23.8 99.0 99.00
2016 07 19 21 50 132  4.2  5.6  0.79  7.14  5.96 107 1021.4  29.0  30.2  24.1 99.0 99.00
2016 07 19 22 50 144  5.2  6.6  0.79  7.14  5.71 129 1020.9  28.9  30.0  24.0 99.0 99.00
2016 07 19 23 50 145  3.9  4.8  0.80  7.14  5.06 123 1021.3  28.9  29.8  23.7 99.0 99.00
2016 07 20 00 50 148  5.2  6.0  0.85  7.69  5.33 103 1021.2  28.8  29.5  24.5 99.0 99.00
2016 07 20 01 50 144  5.4  6.2  0.87  8.33  5.35 103 1021.8  28.8  29.4  24.7 99.0 99.00
2016 07 20 02 50 177  4.9  5.8  0.90  9.09  5.22 118 1022.0  28.8  29.3  24.2 99.0 99.00
2016 07 20 03 50 171  3.9  5.0  0.81  6.67  5.10 114 1022.1  28.8  29.3  23.9 99.0 99.00
2016 07 20 04 50 182  4.7  5.8  1.00  7.14  5.41 121 1022.0  28.7  29.2  24.0 99.0 99.00
2016 07 20 06 50 191  5.4  6.3  1.09  8.33  5.53 109 1020.6  28.4  28.9  24.4 99.0 99.00
2016 07 20 07 50 185  5.2  6.1  1.12  7.69  5.34 107 1020.3  28.5  28.9  24.3 99.0 99.00
2016 07 20 08 50 181  4.7  5.7  1.05  8.33  5.18 101 1020.8  28.6  29.0  24.2 99.0 99.00
2016 07 20 09 50 183  4.7  5.5  1.13  8.33  5.41 106 1021.0  28.6  29.0  23.6 99.0 99.00
2016 07 20 10 50 198  4.0  4.8  1.11  6.67  5.62 109 1021.5  28.6  29.0  24.1 99.0 99.00
2016 07 20 11 50 219  2.9  3.6  1.30  8.33  5.88 116 1021.5  28.4  29.0  24.2 99.0 99.00
2016 07 20 12 50 256  2.4  3.5  1.07  8.33  5.66 113 1022.0  28.4  29.0  24.4 99.0 99.00
2016 07 20 13 50 207  3.6  4.3  1.10  8.33  5.75 107 1022.2  28.7  29.1  23.9 99.0 99.00
2016 07 20 14 50 199  2.7  3.3  1.13  8.33  5.95 116 1021.9  28.6  29.1  23.6 99.0 99.00
2016 07 20 15 50  71  3.2  7.7  1.14  8.33  6.04 116 1022.7  28.0  29.3  23.7 99.0 99.00
2016 07 20 16 50  49  7.4  8.7  1.21  8.33  5.67 129 1022.2  25.6  29.2  23.1 99.0 99.00
2016 07 20 17 50  32  6.5  8.6  1.34  7.69  4.80 134 1022.7  24.4  29.0  23.3 99.0 99.00
2016 07 20 18 50  88  6.0  7.3  1.49  8.33  5.23 114 1020.8  24.6  28.9  21.6 99.0 99.00
2016 07 20 19 50 156  1.1  2.4  1.44  8.33  5.60  98 1020.5  25.6  29.0  21.6 99.0 99.00
2016 07 20 20 50 190  2.8  3.6  1.43  8.33  5.74 122 1020.1  26.2  29.0  21.9 99.0 99.00
2016 07 20 21 50 164  3.1  4.0  1.49  8.33  6.03 115 1019.9  27.0  28.9  21.7 99.0 99.00
2016 07 20 22 50 134  1.6  2.4  1.41  9.09  6.37 108 1019.4  26.9  29.0  23.1 99.0 99.00
2016 07 20 23 50  14  0.8  1.9  1.36  9.09  6.19 142 1019.5  27.3  28.9  22.3 99.0 99.00
2016 07 21 00 50  24  0.8  1.4  1.46  8.33  6.26 138 1020.3  27.3  28.8  22.3 99.0 99.00
2016 07 21 01 50 161  0.4  1.1  1.27  8.33  5.84 130 1020.9  27.3  28.8  22.3 99.0 99.00
2016 07 21 02 50 124  0.6  1.2  1.15  8.33  5.91 123 1020.9  27.3  28.8  22.6 99.0 99.00
2016 07 21 03 50 306  0.3  0.9  1.25  8.33  6.29 118 1021.3  27.2  28.7  22.7 99.0 99.00
2016 07 21 04 50 137  0.4  1.0  1.29 10.00  6.74 113 1021.3  27.3  28.7  22.5 99.0 99.00
2016 07 21 05 50 169  0.1  0.5  1.20  9.09  6.55 112 1020.6  27.2  28.7  22.9 99.0 99.00
2016 07 21 06 50 234  0.2  1.0  1.28  9.09  6.70 104 1020.1  27.0  28.7  23.0 99.0 99.00
2016 07 21 07 50 243  0.6  1.1  1.21  8.33  6.45 134 1020.0  27.1  28.8  22.7 99.0 99.00
2016 07 21 08 50 200  0.5  0.9  1.36  9.09  6.84 139 1019.8  27.1  28.8  22.1 99.0 99.00
2016 07 21 09 50 274  0.5  1.2  1.34  9.09  6.91  99 1019.7  27.0  28.7  22.5 99.0 99.00
2016 07 21 10 50 311  1.0  1.4  1.41  9.09  7.03 128 1020.1  27.2  28.6  22.3 99.0 99.00
2016 07 21 11 50 205  0.6  1.3  1.25  9.09  6.90 123 1020.3  27.5  28.7  22.2 99.0 99.00
2016 07 21 12 50 152  0.2  0.9  1.30  8.33  6.90 116 1020.9  27.7  28.7  21.9 99.0 99.00
2016 07 21 13 50 320  0.7  1.4  1.23  9.09  6.84 133 1021.0  27.6  29.1  22.1 99.0 99.00
2016 07 21 14 50 293  1.2  2.3  1.14 10.00  6.75 126 1021.4  27.5  29.4  21.8 99.0 99.00
2016 07 21 15 50  68  0.4  1.1  1.24  9.09  6.81 133 1021.5  27.7  30.1  22.1 99.0 99.00
2016 07 21 16 50 103  0.3  0.9  1.14  9.09  6.59 106 1021.4  28.1  29.8  22.6 99.0 99.00
2016 07 21 17 50  31  0.5  1.2  1.19  9.09  6.82 126 1021.0  28.2  29.4  22.7 99.0 99.00
2016 07 21 18 50 346  1.0  1.7  1.13  9.09  6.79 133 1020.5  28.4  29.7  22.4 99.0 99.00
2016 07 21 19 50 235  0.5  1.2  1.27  8.33  7.00 136 1019.9  28.6  30.7  22.3 99.0 99.00
2016 07 21 20 50 120  1.3  2.4  1.31  7.69  7.14 120 1019.5  28.6  32.2  22.3 99.0 99.00
2016 07 21 21 50 118  2.0  3.1  1.24  9.09  6.97 109 1019.1  28.7  32.2  22.4 99.0 99.00
2016 07 21 22 50 114  1.7  2.4  1.19  8.33  6.75 142 1019.0  28.5  31.7  21.9 99.0 99.00
2016 07 21 23 50 121  2.0  2.8  1.14  9.09  6.59 100 1019.6  28.5  31.6  21.9 99.0 99.00
2016 07 22 00 50 169  1.8  2.3  1.05  8.33  6.48 104 1020.0  28.5  30.1  22.0 99.0 99.00
2016 07 22 01 50 158  2.6  3.5  1.19  8.33  6.94  94 1019.9  28.5  29.9  22.4 99.0 99.00
2016 07 22 02 50 170  0.4  1.6  1.18  9.09  6.77  94 1020.3  28.3  29.6  22.4 99.0 99.00
2016 07 22 03 50 158  0.8  1.5  1.13  8.33  6.65 109 1020.4  28.2  29.7  22.6 99.0 99.00
2016 07 22 04 50 128  0.4  0.6  1.16  8.33  6.79  97 1020.0  28.1  29.6  22.3 99.0 99.00
2016 07 22 05 50 340  0.2  0.7  1.06  9.09  6.66 125 1019.6  28.0  29.4  22.5 99.0 99.00
2016 07 22 06 50 354  0.1  0.5  1.04  9.09  6.93 124 1019.1  27.8  29.2  22.4 99.0 99.00
2016 07 22 07 50 200  0.2  0.7  1.09  8.33  6.97  86 1018.6  27.8  29.1  22.5 99.0 99.00
2016 07 22 08 50 119  1.3  1.8  0.99  7.69  6.71  98 1018.8  27.7  29.0  22.4 99.0 99.00
2016 07 22 09 50 141  1.5  2.1  0.90  8.33  6.73  80 1018.9  27.7  29.0  22.6 99.0 99.00
2016 07 22 10 50 202  0.3  0.8  0.93  9.09  6.60 105 1019.1  27.7  28.9  22.3 99.0 99.00
2016 07 22 11 50 103  2.2  3.5  0.96  8.33  6.70 120 1018.7  28.0  29.0  22.5 99.0 99.00
2016 07 22 12 50 157  3.2  4.0  1.00  8.33  6.65 102 1019.4  27.5  29.1  21.8 99.0 99.00
2016 07 22 13 50 223  2.8  3.6  0.94  9.09  6.39 102 1019.6  26.7  29.1  21.6 99.0 99.00
2016 07 22 14 50 176  0.4  1.0  0.88  9.09  6.24 109 1019.6  27.7  29.3  22.1 99.0 99.00
2016 07 22 15 50 341  0.6  1.2  0.93  8.33  6.27 107 1019.4  27.9  30.0  22.3 99.0 99.00
2016 07 22 16 50 358  0.8  1.4  0.91  9.09  6.39 129 1019.7  28.0  30.3  22.1 99.0 99.00
2016 07 22 17 50 338  0.7  1.3  0.88  8.33  6.56 122 1019.4  28.1  30.7  22.6 99.0 99.00
2016 07 22 18 50  12  1.1  1.9  0.86  8.33  6.33 139 1018.8  28.4  31.2  22.3 99.0 99.00
2016 07 22 19 50  71  1.0  1.6  0.99  7.69  6.60 131 1018.2  28.4  30.9  22.0 99.0 99.00
2016 07 22 20 50  65  0.7  1.4  0.95  7.14  6.44 112 1018.0  28.6  30.8  21.9 99.0 99.00
2016 07 22 21 50 209  2.9  4.2  0.86  8.33  6.16  80 1017.5  27.9  30.2  22.5 99.0 99.00
2016 07 22 22 50  74  1.3  2.9  1.00  9.09  6.42 100 1016.9  28.2  30.0  22.4 99.0 99.00
2016 07 22 23 50 103  2.1  3.6  0.90  8.33  6.23  92 1016.9  27.8  29.9  22.4 99.0 99.00
2016 07 23 00 50  95  2.2  3.2  0.97  8.33  6.54 101 1016.8  28.0  29.8  22.5 99.0 99.00
2016 07 23 01 50  91  1.0  2.0  0.87  7.69  6.35 100 1017.3  28.1  29.9  22.3 99.0 99.00
2016 07 23 02 50  96  2.3  3.3  0.93  9.09  6.58  93 1017.5  28.2  30.2  22.5 99.0 99.00
2016 07 23 03 50 138  2.2  3.2  0.86  9.09  6.29 102 1017.3  28.2  29.9  22.3 99.0 99.00
2016 07 23 04 50 151  1.9  2.4  0.90  9.09  6.63 103 1017.1  28.0  29.7  22.0 99.0 99.00
2016 07 23 05 50 157  2.2  3.1  0.90  8.33  6.62  88 1017.1  28.0  29.4  22.1 99.0 99.00
2016 07 23 06 50 214  2.5  3.6  0.88  9.09  6.81  70 1016.9  27.5  29.3  22.6 99.0 99.00
2016 07 23 07 50 224  2.0  2.6  0.78  9.09  6.68 101 1016.9  27.4  29.1  22.6 99.0 99.00
2016 07 23 08 50 275  1.8  2.9  0.78  8.33  6.45 104 1016.9  27.4  29.0  22.3 99.0 99.00
2016 07 23 09 50 295  0.3  0.8  0.79  9.09  6.64 111 1016.9  27.4  28.9  22.5 99.0 99.00
2016 07 23 10 50  69  0.8  1.3  0.84  8.33  6.70  91 1016.7  27.8  28.7  22.6 99.0 99.00
2016 07 23 11 50 112  0.9  1.4  0.77  9.09  6.80  91 1016.9  28.0  28.8  22.2 99.0 99.00
2016 07 23 12 50  60  0.8  1.3  0.81  9.09  6.77 113 1017.3  28.2  28.9  22.1 99.0 99.00
2016 07 23 13 50  55  0.4  1.0  0.72  8.33  6.45 111 1017.3  28.2  29.3  21.9 99.0 99.00
2016 07 23 14 50  52  1.4  2.0  0.72  7.69  6.34 104 1017.4  27.9  29.8  22.4 99.0 99.00
2016 07 23 15 50 105  2.1  3.3  0.75  8.33  6.34  99 1017.7  27.9  29.8  22.3 99.0 99.00
2016 07 23 16 50 106  1.3  2.2  0.76  7.14  6.35  84 1017.8  28.0  30.2  22.7 99.0 99.00
2016 07 23 17 50 120  2.1  3.2  0.76  8.33  6.25  85 1017.4  28.1  30.5  22.3 99.0 99.00
2016 07 23 18 50  17  0.9  1.7  0.82  7.69  6.13 106 1017.2  28.4  30.7  21.4 99.0 99.00
2016 07 23 19 50  57  0.8  1.7  0.81  8.33  6.10  93 1016.8  28.5  31.1  21.4 99.0 99.00
2016 07 23 20 50 112  1.9  3.1  0.84  9.09  6.24 107 1016.3  28.4  31.0  22.0 99.0 99.00
2016 07 23 21 50 103  2.3  3.2  0.80  9.09  5.83 111 1016.0  28.6  30.5  21.6 99.0 99.00
2016 07 23 22 50 124  3.0  4.4  0.87  9.09  6.11  96 1016.0  28.5  30.1  22.7 99.0 99.00
2016 07 23 23 50 137  3.1  4.1  0.85  8.33  5.82  99 1016.4  28.3  29.7  22.6 99.0 99.00
2016 07 24 00 50 132  3.0  4.0  0.85  9.09  5.84 100 1016.4  28.3  29.6  22.5 99.0 99.00
2016 07 24 01 50 156  2.5  3.4  0.83  9.09  6.04  95 1016.9  28.4  29.4  22.1 99.0 99.00
2016 07 24 02 50 143  1.4  2.6  0.77  8.33  5.75 103 1017.5  28.3  29.3  22.3 99.0 99.00
2016 07 24 03 50 113  0.6  1.8  0.78  8.33  6.09 119 1017.8  27.7  29.2  22.9 99.0 99.00
2016 07 24 04 50 204  1.6  2.2  0.76  7.69  5.82  93 1017.5  28.3  29.1  22.4 99.0 99.00
2016 07 24 05 50 163  0.8  1.1  0.77  8.33  5.94 106 1017.4  28.1  29.1  22.5 99.0 99.00
2016 07 24 06 50 240  1.7  2.2  0.74  8.33  6.01 107 1016.9  27.9  29.1  22.8 99.0 99.00
2016 07 24 07 50 289  0.6  1.0  0.70  8.33  6.32 115 1016.9  27.9  29.1  22.7 99.0 99.00
2016 07 24 08 50  30  0.4  0.9  0.73  9.09  6.32 127 1017.2  27.8  29.0  22.7 99.0 99.00
2016 07 24 09 50 169  0.0  0.3  0.77  7.69  6.74 108 1017.5  27.6  29.0  22.5 99.0 99.00
2016 07 24 10 50  22  1.0  1.7  0.73  9.09  6.50 104 1017.8  28.1  28.9  22.7 99.0 99.00
2016 07 24 11 50  56  1.3  1.9  0.71  8.33  6.40  99 1018.0  28.2  28.9  22.7 99.0 99.00
2016 07 24 12 50  79  1.1  1.7  0.65  9.09  6.17 117 1018.3  28.2  29.0  22.6 99.0 99.00
2016 07 24 13 50 104  1.4  2.2  0.65  9.09  6.32  99 1018.5  28.3  29.2  22.7 99.0 99.00
2016 07 24 14 50 113  0.9  1.6  0.72  8.33  6.56 107 1018.7  28.3  29.7  22.8 99.0 99.00
2016 07 24 15 50 101  0.5  1.2  0.62  9.09  6.15  97 1019.1  28.8  30.2  22.4 99.0 99.00
2016 07 24 16 50 130  1.9  2.6  0.70  8.33  6.39  97 1018.8  28.5  30.4  22.7 99.0 99.00
2016 07 24 17 50 173  2.1  3.3  0.59  8.33  5.98  69 1018.8  28.4  30.2  23.1 99.0 99.00
2016 07 24 18 50 150  2.1  2.9  0.67  8.33  6.35  85 1018.4  28.7  30.0  22.5 99.0 99.00
2016 07 24 19 50 130  1.5  2.1  0.60  9.09  6.31  81 1018.3  28.9  30.4  21.7 99.0 99.00
2016 07 24 20 50 180  2.6  3.3  0.60  8.33  6.29  85 1017.9  29.0  30.5  21.6 99.0 99.00
2016 07 24 21 50 198  1.9  2.9  0.64  8.33  6.28  94 1018.0  29.1  30.2  21.8 99.0 99.00
2016 07 24 22 50 171  2.3  3.0  0.67  7.69  6.33  98 1018.0  29.0  29.9  22.2 99.0 99.00
2016 07 24 23 50 182  1.9  2.7  0.65  8.33  6.24 100 1018.3  28.9  29.7  21.9 99.0 99.00
2016 07 25 00 50 196  1.2  2.0  0.64  7.69  6.14  85 1018.7  28.8  29.6  22.1 99.0 99.00
2016 07 25 01 50 177  1.4  1.9  0.61  9.09  6.11  80 1019.2  28.8  29.5  22.2 99.0 99.00
2016 07 25 02 50 169  1.4  1.9  0.63  9.09  6.28 102 1019.5  28.7  29.4  22.4 99.0 99.00
2016 07 25 03 50 181  2.1  2.8  0.67  9.09  6.15 102 1019.2  28.7  29.3  22.6 99.0 99.00
2016 07 25 04 50 176  2.0  2.5  0.66  9.09  6.03 102 1019.2  28.7  29.1  22.9 99.0 99.00
2016 07 25 05 50 195  3.8  4.5  0.62  8.33  5.89  92 1018.9  28.7  29.1  22.4 99.0 99.00
2016 07 25 06 50 202  3.9  4.8  0.59  8.33  5.98 109 1018.8  28.7  29.0  22.6 99.0 99.00
2016 07 25 07 50 199  4.1  4.9  0.57  8.33  6.13  99 1018.7  28.6  29.0  22.6 99.0 99.00
2016 07 25 08 50 200  2.8  4.3  0.65  9.09  6.26  85 1018.9  28.6  29.0  22.9 99.0 99.00
2016 07 25 09 50 186  4.6  5.6  0.59  8.33  5.95 120 1018.9  28.5  29.0  23.1 99.0 99.00
2016 07 25 10 50 198  4.9  5.8  0.58  8.33  5.50 104 1019.4  28.5  29.0  22.6 99.0 99.00
2016 07 25 11 50 213  4.0  4.9  0.66  9.09  5.56 133 1019.9  28.7  29.0  22.4 99.0 99.00
2016 07 25 12 50 214  3.7  4.6  0.62  9.09  5.40 115 1020.2  28.6  29.1  22.7 99.0 99.00
2016 07 25 13 50 188  2.4  3.3  0.59  7.69  5.33  99 1020.2  28.4  29.1  23.2 99.0 99.00
2016 07 25 14 50 177  2.0  2.7  0.63  7.69  5.35 102 1020.4  28.6  29.2  23.3 99.0 99.00
2016 07 25 15 50 198  2.0  2.8  0.62  8.33  5.63 117 1020.2  28.5  29.4  23.5 99.0 99.00
2016 07 25 16 50 182  6.4  8.0  0.60  7.69  5.37 102 1020.3  27.8  29.6  24.6 99.0 99.00
2016 07 25 17 50 169  5.2  6.1  0.62  8.33  4.81 100 1020.1  28.3  29.5  22.9 99.0 99.00
2016 07 25 18 50 163  4.4  5.3  0.62  7.69  5.12 100 1019.7  28.3  29.5  24.0 99.0 99.00
2016 07 25 19 50 179  3.9  4.8  0.57  8.33  5.15 105 1019.3  28.6  29.6  23.6 99.0 99.00
2016 07 25 20 50 161  3.9  5.3  0.58  8.33  5.40 114 1018.6  28.8  29.6  23.8 99.0 99.00
2016 07 25 21 50 173  5.3  6.3  0.58  8.33  4.99 104 1018.2  29.1  29.6  23.6 99.0 99.00
2016 07 25 22 50 180  5.5  6.5  0.60  8.33  4.54  78 1018.2  29.0  29.5  23.5 99.0 99.00
2016 07 25 23 50 167  4.6  5.6  0.58  7.69  4.26 108 1018.3  28.9  29.4  24.2 99.0 99.00
2016 07 26 00 50 197  5.6  6.5  0.57  7.69  4.24  94 1018.4  28.9  29.3  23.4 99.0 99.00
2016 07 26 01 50 191  5.0  6.3  0.59  8.33  4.04 127 1018.9  28.9  29.2  23.8 99.0 99.00
2016 07 26 02 50 192  5.2  7.3  0.60  9.09  4.54 113 1019.2  28.8  29.2  24.0 99.0 99.00
2016 07 26 03 50 175  3.2  3.8  0.61  7.69  4.12 115 1019.5  28.2  29.1  24.0 99.0 99.00
2016 07 26 04 50 176  3.1  3.7  0.59  7.69  4.44 117 1019.3  28.4  29.1  24.4 99.0 99.00
2016 07 26 05 50 211  4.7  5.3  0.55  8.33  4.67 134 1019.2  27.9  29.1  24.4 99.0 99.00
2016 07 26 06 50 188  3.4  4.0  0.58  7.69  4.55 108 1018.8  28.3  29.1  23.6 99.0 99.00
2016 07 26 07 50 197  2.5  3.4  0.57  8.33  4.49  92 1018.4  28.3  29.0  24.8 99.0 99.00
2016 07 26 08 50 192  4.2  4.8  0.56  7.69  4.51  82 1018.2  28.4  29.0  24.2 99.0 99.00
2016 07 26 09 50 187  5.9  6.9  0.60  8.33  4.58  98 1018.2  28.0  29.1  24.8 99.0 99.00
2016 07 26 10 50 218  4.6  5.5  0.60  7.69  4.20 111 1018.8  28.5  29.1  24.1 99.0 99.00
2016 07 26 11 50 215  5.6  6.4  0.66  7.69  4.12 100 1018.8  28.5  29.0  24.3 99.0 99.00
2016 07 26 12 50 213  5.6  6.6  0.65  8.33  3.94  81 1019.2  28.7  29.0  25.2 99.0 99.00
2016 07 26 13 50 201  2.4  6.5  0.64  7.69  4.13  95 1019.1  27.6  29.0  25.1 99.0 99.00
2016 07 26 14 50 252  5.4  6.4  0.66  3.70  4.01 212 1019.0  28.8  29.0  24.7 99.0 99.00
2016 07 26 15 50 231  5.9  6.7  0.76  4.17  4.09 217 1019.2  28.5  29.0  25.2 99.0 99.00
2016 07 26 16 50 267  5.4  6.2  0.80  4.35  4.07 213 1019.0  29.0  29.0  24.7 99.0 99.00
2016 07 26 17 50 262  5.2  5.9  0.79  4.55  4.06 201 1018.7  29.0  29.1  24.9 99.0 99.00
2016 07 26 18 50 272  5.6  6.4  0.79  4.35  4.19 209 1018.3  29.1  29.2  24.9 99.0 99.00
2016 07 26 19 50 268  4.6  5.4  0.69  7.69  4.20 128 1018.0  29.2  29.2  25.1 99.0 99.00
2016 07 26 20 50 262  3.8  4.6  0.72  4.17  4.17 219 1017.8  29.1  29.2  25.1 99.0 99.00
2016 07 26 21 50 275  4.0  4.9  0.67  6.67  4.32 130 1017.5  29.3  29.2  25.0 99.0 99.00
2016 07 26 22 50 256  3.8  4.8  0.67  7.14  4.29 139 1017.1  28.9  29.2  25.3 99.0 99.00
2016 07 26 23 50 236  5.1  5.8  0.65  4.55  4.25 212 1017.1  29.0  29.1  25.0 99.0 99.00
2016 07 27 00 50 229  4.8  5.8  0.70  7.69  4.39 121 1017.5  28.9  29.2  25.3 99.0 99.00
2016 07 27 01 50 227  4.5  5.2  0.66  7.14  4.38 126 1017.9  29.0  29.1  25.5 99.0 99.00
2016 07 27 02 50 245  5.3  6.2  0.71  7.14  4.52 129 1018.0  29.1  29.1  25.2 99.0 99.00
2016 07 27 03 50 231  5.8  6.5  0.68  7.14  4.28 115 1017.8  29.1  29.1  25.4 99.0 99.00
2016 07 27 04 50 234  6.3  7.7  0.74  7.14  4.29 111 1017.7  29.0  29.1  25.5 99.0 99.00
2016 07 27 05 50 236  6.5  7.5  0.79  7.14  4.17 143 1017.4  29.1  29.1  25.5 99.0 99.00
2016 07 27 06 50 240  6.4  7.7  0.81  7.69  4.08 134 1017.2  29.1  29.0  25.5 99.0 99.00
2016 07 27 07 50 253  6.8  8.2  0.83  4.35  3.96 246 1017.0  29.1  29.0  25.4 99.0 99.00
2016 07 27 08 50 263  6.7  7.9  0.84  7.69  4.12 159 1017.2  29.0  29.0  25.6 99.0 99.00
2016 07 27 09 50 245  6.1  6.8  0.87  4.76  4.24 232 1017.6  28.4  29.0  24.8 99.0 99.00
2016 07 27 10 50 261  6.6  7.6  0.87  4.35  4.18 232 1017.5  28.9  28.9  25.8 99.0 99.00
2016 07 27 11 50 269  7.4  8.5  0.96  4.55  4.20 248 1017.5  28.8  28.9  25.0 99.0 99.00
2016 07 27 13 50 275  6.3  7.3  1.04  4.76  4.38 269 1017.6  29.1  29.1  25.3 99.0 99.00
2016 07 27 14 50 266  6.3  7.7  1.09  5.26  4.32 245 1017.4  29.2  29.1  25.7 99.0 99.00
2016 07 27 15 50 265  6.4  7.6  1.15  5.26  4.55 263 1017.7  29.3  29.1  25.7 99.0 99.00
2016 07 27 16 50 286  5.8  7.0  1.18  5.26  4.57 256 1017.8  29.4  29.2  25.7 99.0 99.00
2016 07 27 17 50 298  5.5  6.2  1.11  5.88  4.70 290 1017.8  29.4  29.3  25.6 99.0 99.00
2016 07 27 18 50 282  5.0  6.3  1.22  5.88  4.96 281 1017.3  29.5  29.3  25.6 99.0 99.00
2016 07 27 19 50 261  4.8  5.6  1.24  5.56  5.00 276 1016.8  29.4  29.4  26.1 99.0 99.00
2016 07 27 20 50 249  5.0  5.6  1.11  5.56  4.95 251 1016.5  29.4  29.4  26.0 99.0 99.00
2016 07 27 21 50 246  4.2  4.8  1.07  5.88  4.91 276 1016.3  29.3  29.4  25.9 99.0 99.00
2016 07 27 22 50 232  5.3  6.1  1.09  5.88  4.87 245 1016.1  29.2  29.4  25.9 99.0 99.00
2016 07 27 23 50 218  5.5  6.5  1.09  5.88  4.90 252 1016.2  28.6  29.3  25.9 99.0 99.00
2016 07 28 00 50 226  5.5  6.5  1.07  5.56  4.80 245 1016.1  29.0  29.3  26.6 99.0 99.00
2016 07 28 01 50 247  5.4  6.1  1.07  5.88  4.84 267 1016.4  29.1  29.3  26.6 99.0 99.00
2016 07 28 02 50 255  5.6  6.6  1.05  5.56  4.66 256 1016.5  29.1  29.3  26.5 99.0 99.00
2016 07 28 03 50 258  5.6  6.4  1.09  5.56  4.75 273 1016.8  29.0  29.3  26.4 99.0 99.00
2016 07 28 04 50 261  6.0  6.8  1.05  5.88  4.75 256 1016.5  29.0  29.2  26.5 99.0 99.00
2016 07 28 05 50 257  5.5  6.4  0.90  5.56  4.57 272 1016.1  28.9  29.2  26.6 99.0 99.00
2016 07 28 06 50 258  6.1  7.1  0.91  5.88  4.57 255 1015.8  28.9  29.2  26.5 99.0 99.00
2016 07 28 07 50 265  5.8  6.7  0.93  5.26  4.54 267 1015.3  28.8  29.2  26.5 99.0 99.00
2016 07 28 08 50 253  5.9  6.8  0.86  5.56  4.46 266 1015.1  28.8  29.1  26.4 99.0 99.00
2016 07 28 09 50 260  6.9  8.0  0.89  5.88  4.45 248 1015.7  28.9  29.1  26.4 99.0 99.00
2016 07 28 10 50 266  7.1  8.6  0.91  5.56  4.29 265 1016.3  29.0  29.0  26.2 99.0 99.00
2016 07 28 11 50 280  5.8  7.1  0.92  5.56  4.18 270 1017.1  29.1  29.0  25.7 99.0 99.00
2016 07 28 12 50 278  4.4  5.1  0.94  5.56  4.43 264 1017.2  29.1  29.0  25.7 99.0 99.00
2016 07 28 13 50 267  4.4  5.0  0.96  5.26  4.45 266 1017.1  29.0  29.1  26.3 99.0 99.00
2016 07 28 14 50 273  4.4  7.8  0.97  5.00  4.61 264 1016.9  29.0  29.2  25.9 99.0 99.00
2016 07 28 15 50 254  4.0  5.1  1.01  5.56  4.69 268 1016.7  28.6  29.2  25.0 99.0 99.00
2016 07 28 16 50 256  7.6  9.0  1.03  5.88  4.72 249 1016.5  28.0  29.4  25.0 99.0 99.00
2016 07 28 17 50 267  6.8  8.3  0.99  5.56  4.51 259 1016.0  27.7  29.3  25.1 99.0 99.00
2016 07 28 18 50 267  4.2  5.3  1.02  5.56  4.63 263 1015.7  28.8  29.3  24.1 99.0 99.00
2016 07 28 19 50 233  3.9  4.5  0.99  5.56  4.75 246 1015.3  28.5  29.3  25.3 99.0 99.00
2016 07 28 20 50 230  4.4  5.1  0.93  5.56  4.76 243 1015.1  28.9  29.3  26.2 99.0 99.00
2016 07 28 21 50 233  5.6  6.4  1.01  5.88  4.95 248 1015.1  29.1  29.3  26.5 99.0 99.00
2016 07 28 22 50 220  4.9  5.8  1.07  5.88  4.97 241 1015.3  29.0  29.3  26.8 99.0 99.00
2016 07 28 23 50 219  3.4  4.5  1.02  5.56  4.94 244 1015.1  29.0  29.3  27.3 99.0 99.00
2016 07 29 00 50 238  3.8  4.6  0.98  6.25  4.94 248 1015.3  29.0  29.3  27.3 99.0 99.00
2016 07 29 01 50 246  4.7  5.7  1.02  5.88  5.06 251 1015.8  29.1  29.2  27.4 99.0 99.00
2016 07 29 02 50 250  5.1  6.2  1.00  6.25  4.94 250 1015.7  29.0  29.2  27.3 99.0 99.00
2016 07 29 03 50 254  4.9  5.7  1.09  6.25  5.17 258 1015.9  28.9  29.1  27.2 99.0 99.00
2016 07 29 04 50 251  4.4  5.1  1.13  6.67  5.33 246 1015.8  28.8  29.1  27.2 99.0 99.00
2016 07 29 05 50 245  4.5  5.2  0.96  6.67  5.10 251 1015.4  28.8  29.1  27.1 99.0 99.00
2016 07 29 06 50 246  3.9  4.8  1.00  6.67  5.25 251 1015.4  28.7  29.1  27.0 99.0 99.00
2016 07 29 07 50 248  4.0  4.8  0.96  6.25  5.13 249 1015.3  28.6  29.1  26.9 99.0 99.00
2016 07 29 08 50 252  4.4  5.2  0.96  6.25  5.10 258 1015.2  28.6  29.1  27.0 99.0 99.00
2016 07 29 09 50 240  4.1  4.9  1.00  6.67  5.02 252 1015.4  28.6  29.1  26.9 99.0 99.00
2016 07 29 10 50 240  4.0  4.9  0.96  6.25  5.20 251 1016.0  28.6  29.1  26.8 99.0 99.00
2016 07 29 11 50 239  4.1  5.0  0.94  6.25  5.14 245 1016.2  28.7  29.1  26.8 99.0 99.00
2016 07 29 12 50 232  4.3  5.0  0.99  5.88  5.21 244 1016.7  28.8  29.1  27.0 99.0 99.00
2016 07 29 13 50 240  4.5  5.5  0.93  5.88  5.08 245 1016.6  28.9  29.2  27.0 99.0 99.00
2016 07 29 14 50 232  4.3  4.9  0.93  5.88  5.03 249 1016.7  29.1  29.3  26.8 99.0 99.00
2016 07 29 15 50 239  5.0  5.6  0.93  5.88  4.99 252 1016.5  29.2  29.4  26.6 99.0 99.00
2016 07 29 16 50 238  4.7  5.8  1.01  5.56  4.96 247 1016.3  29.3  29.4  26.8 99.0 99.00
2016 07 29 17 50 234  4.5  5.4  1.00  5.88  4.94 240 1016.0  29.4  29.6  27.1 99.0 99.00
2016 07 29 18 50 242  4.7  5.4  1.01  5.88  5.01 254 1015.9  29.5  29.7  27.1 99.0 99.00
2016 07 29 19 50 238  4.9  5.7  1.19  5.88  5.10 271 1015.7  29.6  29.7  27.2 99.0 99.00
2016 07 29 20 50 241  4.9  5.8  1.12  5.88  4.92 275 1015.5  29.7  29.8  27.1 99.0 99.00
2016 07 29 21 50 232  4.6  5.3  1.16  5.88  5.08 259 1015.3  29.7  29.7  26.9 99.0 99.00
2016 07 29 22 50 247  4.3  5.0  1.07  5.56  4.96 274 1015.3  29.7  29.7  26.6 99.0 99.00
2016 07 29 23 50 226  4.6  5.4  1.09  6.67  5.11 259 1015.6  29.4  29.6  26.7 99.0 99.00
2016 07 30 00 50 214  4.8  5.5  1.03  6.67  5.15 242 1015.8  29.3  29.5  26.8 99.0 99.00
2016 07 30 01 50 214  4.9  5.7  1.07  6.25  5.15 257 1016.0  29.2  29.5  26.8 99.0 99.00
2016 07 30 02 50 217  4.8  5.6  1.02  6.25  5.13 245 1016.7  29.2  29.4  26.9 99.0 99.00
2016 07 30 03 50 218  5.0  5.7  1.06  6.67  5.20 247 1016.6  29.1  29.3  26.8 99.0 99.00
2016 07 30 04 50 220  4.6  5.2  1.06  7.14  5.26 235 1016.3  29.0  29.3  26.8 99.0 99.00
2016 07 30 05 50 207  4.4  5.1  0.86  7.14  4.87 214 1016.3  28.9  29.2  26.8 99.0 99.00
2016 07 30 06 50 205  4.5  5.4  0.91  6.67  5.00 229 1016.0  29.0  29.1  26.6 99.0 99.00
2016 07 30 08 50 200  4.9  5.7  0.85  6.25  4.91 221 1015.9  28.9  29.1  26.2 99.0 99.00
2016 07 30 09 50 199  5.1  5.9  0.89  6.25  5.20 226 1016.4  28.9  29.1  26.2 99.0 99.00
2016 07 30 10 50 207  4.9  5.6  0.81  6.25  4.81 222 1017.0  28.9  29.0  26.2 99.0 99.00
2016 07 30 11 50 214  4.9  5.6  0.82  5.88  4.83 230 1017.6  29.0  29.0  26.0 99.0 99.00
2016 07 30 12 50 214  5.2  5.9  0.84  6.25  4.81 224 1018.0  29.0  29.1  26.1 99.0 99.00
2016 07 30 13 50 214  4.9  5.6  0.87  5.56  4.82 229 1018.2  29.0  29.2  26.3 99.0 99.00
2016 07 30 14 50 213  5.2  6.0  0.86  5.88  4.76 232 1018.3  29.0  29.2  26.5 99.0 99.00
2016 07 30 15 50 226  5.3  6.4  0.79  5.56  4.62 228 1018.5  29.2  29.3  26.3 99.0 99.00
2016 07 30 16 50 224  5.2  6.3  0.83  5.88  4.53 239 1018.5  29.3  29.4  26.5 99.0 99.00
2016 07 30 17 50 234  4.7  5.5  0.80  5.56  4.54 234 1018.5  29.4  29.5  26.2 99.0 99.00
2016 07 30 18 50 226  4.2  4.9  0.80  5.56  4.64 254 1018.4  29.5  29.6  26.1 99.0 99.00
2016 07 30 19 50 219  3.5  4.2  0.78  5.26  4.57 257 1017.8  29.6  29.7  26.2 99.0 99.00
2016 07 30 20 50 199  3.0  3.8  0.77  5.56  4.56 243 1017.3  29.7  29.9  25.9 99.0 99.00
2016 07 30 21 50 177  3.9  5.1  0.74  5.56  4.58 245 1017.0  29.6  29.8  25.7 99.0 99.00
2016 07 30 22 50 172  4.0  4.6  0.71  5.00  4.54 238 1017.5  29.7  29.8  25.5 99.0 99.00
2016 07 30 23 50 169  5.5  6.1  0.67  5.00  4.60 236 1017.8  29.7  29.8  25.7 99.0 99.00
2016 07 31 00 50 170  6.1  7.0  0.66  5.00  4.21 230 1018.3  29.3  29.7  26.2 99.0 99.00
2016 07 31 01 50 169  6.9  8.0  0.73  9.09  3.99 111 1018.7  29.3  29.7  26.0 99.0 99.00
2016 07 31 02 50 182  6.5  7.5  0.75  4.76  3.87 229 1019.1  29.4  29.6  25.2 99.0 99.00
2016 07 31 03 50 189  6.6  7.7  0.74  3.57  3.80 176 1019.4  29.4  29.5  25.3 99.0 99.00
2016 07 31 04 50 203  6.3  7.3 99.00 99.00 99.00 999 1019.7  29.3  29.4  25.2 99.0 99.00
2016 07 31 05 50 215  5.6  6.7  0.79  3.85  3.97 207 1019.4  29.2  29.3  25.3 99.0 99.00
2016 07 31 06 50 196  6.1  7.2  0.82  8.33  4.09 109 1018.8  28.8  29.2  25.5 99.0 99.00
2016 07 31 07 50 183  7.3  9.2  0.78  4.00  3.93 194 1017.8  28.4  29.2  25.0 99.0 99.00
2016 07 31 08 50 180  7.2  8.6  0.86  5.56  4.14 240 1017.5  28.8  29.1  25.3 99.0 99.00
2016 07 31 09 50 187  7.4  8.8  0.86  5.88  3.94 239 1017.9  28.9  29.0  25.0 99.0 99.00
2016 07 31 10 50 197  6.8  7.9  0.99  4.00  4.03 177 1018.8  28.9  29.0  25.0 99.0 99.00
2016 07 31 11 50 215  5.5  6.4  0.96  5.56  4.19 245 1019.7  28.9  28.9  25.0 99.0 99.00
2016 07 31 12 50 229  5.7  6.7  1.05  5.00  4.28 228 1020.2  29.0  29.0  24.6 99.0 99.00
2016 07 31 13 50 207  5.4  6.2  0.94  4.76  4.26 192 1020.5  29.1  29.0  24.8 99.0 99.00
2016 07 31 14 50 263  4.7  6.9  1.08  5.26  4.42 197 1020.9  28.5  29.1  23.6 99.0 99.00
2016 07 31 15 50 207  6.1  7.5  0.99  5.26  4.37 193 1021.3  29.1  29.2  25.0 99.0 99.00
2016 07 31 16 50 278  7.2  8.4  1.07  5.26  4.35 220 1021.1  27.7  29.2  23.8 99.0 99.00
2016 07 31 17 50 236  6.6  8.4  0.98  5.26  4.25 238 1021.5  28.4  29.3  24.4 99.0 99.00
2016 07 31 18 50 224  5.4  6.4  1.00  5.00  4.31 199 1021.1  27.7  29.2  24.7 99.0 99.00
2016 07 31 19 50 206  6.2  7.5  1.06  5.00  4.49 158 1020.2  27.6  29.2  23.7 99.0 99.00
2016 07 31 20 50 202  5.1  6.1  1.04  5.00  4.56 182 1019.6  28.2  29.2  23.8 99.0 99.00
2016 07 31 21 50 183  5.5  6.6  0.96  5.00  4.54 190 1019.1  28.5  29.2  24.4 99.0 99.00
2016 07 31 22 50 184  6.0  7.1  0.97  5.26  4.50 165 1019.4  28.4  29.2  24.7 99.0 99.00
