#YY  MM DD hh mm WDIR WSPD GST  WVHT   DPD   APD MWD   PRES  ATMP  WTMP  DEWP  VIS  TIDE
#yr  mo dy hr mn degT m/s  m/s     m   sec   sec deg    hPa  degC  degC  degC  nmi    ft
2016 01 31 23 50  79  8.2 10.0  2.30  9.09  6.11  63 1017.2  25.1  25.5  20.8 99.0 99.00
2016 02 01 00 50  79  8.6  9.9  2.36  9.09  6.11  71 1017.4  25.0  25.5  20.5 99.0 99.00
2016 02 01 01 50  80  8.6 10.4  2.21 10.00  6.03  58 1017.4  25.1  25.5  20.5 99.0 99.00
2016 02 01 02 50  85  8.7 10.0  2.37  9.09  6.16  59 1017.3  25.0  25.5  20.1 99.0 99.00
2016 02 01 03 50  74  7.4  8.9  2.48  9.09  6.40  61 1016.9  24.9  25.5  20.5 99.0 99.00
2016 02 01 04 50  75  8.1  9.8  2.50  9.09  6.58  66 1016.2  24.2  25.5  20.8 99.0 99.00
2016 02 01 05 50  80  7.7  9.7  2.23  9.09  6.28  59 1015.9  24.9  25.5  20.6 99.0 99.00
2016 02 01 06 50  82  8.6 10.4  2.45 10.00  6.29  49 1015.6  24.8  25.5  20.3 99.0 99.00
2016 02 01 07 50  80  8.4  9.8  2.29  9.09  6.26  58 1015.8  24.9  25.5  20.4 99.0 99.00
2016 02 01 08 50  75  8.4 10.0  2.28 10.00  6.16  62 1015.8  24.9  25.5  20.6 99.0 99.00
2016 02 01 09 50  78  9.4 11.3  2.38  9.09  6.22  66 1016.3  25.0  25.5  20.6 99.0 99.00
2016 02 01 10 50  77  9.4 11.1  2.47 10.00  6.45  65 1017.0  25.1  25.5  20.7 99.0 99.00
2016 02 01 11 50  76  9.3 10.8  2.26 10.00  6.11  57 1017.7  25.1  25.5  20.8 99.0 99.00
2016 02 01 12 50  70  8.8 10.6  2.16 10.00  6.05  46 1017.8  25.2  25.6  20.8 99.0 99.00
2016 02 01 13 50  80  9.1 10.6  2.44 10.00  6.51  57 1017.4  25.2  25.6  20.6 99.0 99.00
2016 02 01 14 50  83  8.2  9.7  2.26 10.81  6.13  43 1017.0  25.2  25.6  20.7 99.0 99.00
2016 02 01 15 50  83  8.2  9.6  2.34  9.09  6.34  69 1016.3  25.2  25.6  20.7 99.0 99.00
2016 02 01 16 50  76  6.9  8.2  2.49 10.00  6.62  66 1015.5  25.1  25.7  20.8 99.0 99.00
2016 02 01 17 50  81  7.4  8.8  2.13 10.81  6.19  56 1014.6  25.1  25.7  20.9 99.0 99.00
2016 02 01 18 50  77  7.3  9.2  2.20 10.00  6.45  59 1014.5  25.1  25.7  21.1 99.0 99.00
2016 02 01 19 50  81  7.3  8.6  2.29 10.00  6.39  58 1014.7  25.1  25.7  21.1 99.0 99.00
2016 02 01 20 50  90  7.2  8.6  2.38 10.00  6.53  59 1015.1  25.1  25.6  21.0 99.0 99.00
2016 02 01 21 50  84  7.7  8.9  2.23 10.81  6.34  59 1015.4  25.0  25.6  21.0 99.0 99.00
2016 02 01 22 50  87  8.1  9.4  2.08 10.00  6.15  71 1016.0  25.0  25.6  20.9 99.0 99.00
2016 02 01 23 50  86  8.4  9.6  2.29 10.00  6.50  66 1016.5  25.0  25.6  21.1 99.0 99.00
2016 02 02 00 50  83  7.6  8.7  2.10 10.00  6.41  65 1016.8  25.0  25.6  21.1 99.0 99.00
2016 02 02 01 50  82  7.7  8.9  2.08 10.00  6.27  62 1016.4  24.9  25.6  21.1 99.0 99.00
2016 02 02 02 50  78  6.9  8.2  2.21 10.00  6.56  61 1016.4  24.8  25.6  21.3 99.0 99.00
2016 02 02 03 50  85  7.3  8.5  2.26  9.09  6.47  61 1016.2  24.8  25.6  21.1 99.0 99.00
2016 02 02 04 50  78  6.8  8.3  2.04 10.00  6.32  62 1015.8  24.8  25.5  21.2 99.0 99.00
2016 02 02 05 50  87  7.1  8.2  1.91 10.00  6.19  54 1015.2  24.8  25.5  20.8 99.0 99.00
2016 02 02 06 50  86  6.1  7.3  2.04 10.00  6.28  56 1015.0  24.8  25.5  20.8 99.0 99.00
2016 02 02 07 50  76  6.8  8.3  2.09 10.00  6.51  58 1015.4  24.8  25.5  21.0 99.0 99.00
2016 02 02 08 50  85  6.9  8.5  1.97 10.81  6.40  64 1015.6  24.9  25.5  21.0 99.0 99.00
2016 02 02 09 50  69  6.8  8.1  1.96 10.00  6.43  65 1016.2  24.9  25.5  20.9 99.0 99.00
2016 02 02 10 50  72  7.3  9.2  2.13 10.00  6.53  57 1016.6  25.0  25.5  20.6 99.0 99.00
2016 02 02 11 50  74  7.7  8.9  2.10 10.00  6.63  47 1017.0  25.0  25.6  20.6 99.0 99.00
2016 02 02 12 50  73  7.8  9.6  2.13 10.00  6.76  61 1017.1  25.1  25.6  20.8 99.0 99.00
2016 02 02 13 50  77  7.7  9.1  2.01  7.69  6.31  65 1016.8  25.1  25.6  20.6 99.0 99.00
2016 02 02 14 50  73  7.5  9.4  2.15 10.00  6.53  57 1016.4  25.2  25.6  20.6 99.0 99.00
2016 02 02 15 50  69  8.3  9.6  2.05 10.00  6.41  58 1015.4  25.2  25.6  20.6 99.0 99.00
2016 02 02 16 50  71  7.9  9.2  2.23 10.00  6.48  64 1014.6  25.2  25.7  20.3 99.0 99.00
2016 02 02 18 50  73  7.7  9.2  2.16 13.79  6.30 329 1014.0  25.3  25.7  20.6 99.0 99.00
2016 02 02 19 50  72  7.9  9.5  2.28 12.90  6.43 345 1014.3  25.2  25.6  20.6 99.0 99.00
2016 02 02 20 50  75  8.3 10.0  2.32 10.00  6.57  54 1014.8  25.2  25.6  20.6 99.0 99.00
2016 02 02 21 50  77  7.8  9.0  2.23 10.00  6.63  59 1015.5  25.2  25.6  20.7 99.0 99.00
2016 02 02 22 50  78  7.6  8.7  2.11 13.79  6.56 324 1015.9  25.1  25.6  20.6 99.0 99.00
2016 02 02 23 50  81  7.0  8.2  2.08 10.00  6.47  64 1016.5  25.1  25.6  20.6 99.0 99.00
2016 02 03 00 50  79  6.8  8.3  2.13 12.90  6.71 345 1016.7  25.1  25.6  20.9 99.0 99.00
2016 02 03 01 50  79  7.3  8.8  2.18 12.90  6.57 326 1016.5  25.0  25.6  21.1 99.0 99.00
2016 02 03 02 50  76  6.8  8.2  2.01  9.09  6.31  64 1016.2  24.9  25.6  21.0 99.0 99.00
2016 02 03 03 50  70  7.1  8.3  2.13 12.90  6.93 333 1015.5  24.8  25.5  20.8 99.0 99.00
2016 02 03 04 50  70  6.8  8.3  2.03 12.90  6.27 347 1014.9  24.7  25.5  20.4 99.0 99.00
2016 02 03 05 50  74  6.7  8.2  2.13 12.12  6.85 342 1014.2  24.6  25.5  20.0 99.0 99.00
2016 02 03 06 50  71  6.5  8.0  1.99 10.00  6.52  67 1013.7  24.6  25.5  20.4 99.0 99.00
2016 02 03 07 50  68  6.5  7.6  1.91  9.09  6.55  64 1013.8  24.6  25.5  20.2 99.0 99.00
2016 02 03 08 50  68  6.6  8.1  1.94 10.00  6.54  50 1014.1  24.6  25.5  20.1 99.0 99.00
2016 02 03 09 50  67  7.3  8.5  1.88 10.81  6.54  39 1014.6  24.7  25.5  19.8 99.0 99.00
2016 02 03 10 50  62  7.2  8.2  1.99 12.12  6.56 331 1015.2  24.8  25.5  19.5 99.0 99.00
2016 02 03 11 50  68  6.7  8.8  1.93 10.81  6.48  19 1015.8  24.8  25.6  19.8 99.0 99.00
2016 02 03 12 50  73  7.8  9.1  2.14 12.12  6.79 343 1015.7  25.0  25.6  19.9 99.0 99.00
2016 02 03 13 50  79  8.5 10.1  2.05 10.81  6.51  53 1015.3  25.0  25.6  19.9 99.0 99.00
2016 02 03 14 50  70  7.7  9.4  2.07 11.43  6.27  10 1014.8  25.0  25.7  20.3 99.0 99.00
2016 02 03 15 50  87  7.1  8.6  1.97 11.43  6.14 360 1014.1  25.1  25.7  19.9 99.0 99.00
2016 02 03 16 50  78  6.9  8.3  2.10 10.81  6.56  43 1013.2  25.0  25.7  20.2 99.0 99.00
2016 02 03 17 50  87  7.1  8.5  1.92 11.43  6.34 337 1012.5  25.0  25.8  20.2 99.0 99.00
2016 02 03 18 50  86  6.9  8.3  2.22  8.33  6.60  84 1012.5  25.1  25.7  20.4 99.0 99.00
2016 02 03 19 50  86  7.1  8.5  2.15 11.43  6.57 323 1012.7  25.1  25.7  20.1 99.0 99.00
2016 02 03 20 50  89  7.1  8.8  2.22 10.00  6.75  49 1013.1  25.1  25.7  20.7 99.0 99.00
2016 02 03 21 50  81  6.7  9.1  2.11 10.00  6.38  66 1013.6  25.1  25.7  20.7 99.0 99.00
2016 02 03 22 50  89  7.1  8.3  2.07 10.00  6.29  52 1014.0  25.1  25.7  20.8 99.0 99.00
2016 02 03 23 50  89  7.6  9.2  2.15 10.81  6.59  48 1014.4  25.1  25.6  20.6 99.0 99.00
2016 02 04 00 50  85  7.3  8.9  2.02 10.00  6.09  49 1014.7  25.1  25.6  20.6 99.0 99.00
2016 02 04 01 50  85  7.7  9.4  2.08 10.00  6.36  74 1014.7  25.0  25.6  20.9 99.0 99.00
2016 02 04 02 50  92  8.0  9.4  1.93 10.81  6.07  46 1014.3  25.0  25.6  20.6 99.0 99.00
2016 02 04 03 50  91  8.4 10.5  2.13 10.00  6.49  53 1013.8  24.9  25.6  20.7 99.0 99.00
2016 02 04 04 50  93  8.0  9.5  1.96 10.00  6.17  56 1013.5  24.9  25.6  20.6 99.0 99.00
2016 02 04 05 50  95  8.0  9.4  2.18 10.00  6.44  53 1012.9  24.9  25.6  20.4 99.0 99.00
2016 02 04 06 50  97  7.7  9.3  2.03 10.81  6.19  25 1013.1  24.9  25.6  20.3 99.0 99.00
2016 02 04 07 50 103  7.8  9.5  1.97  9.09  5.87  80 1013.4  24.9  25.6  20.2 99.0 99.00
2016 02 04 08 50 100  7.4  9.0  2.04 10.00  6.36  36 1014.0  24.9  25.6  20.5 99.0 99.00
2016 02 04 09 50  94  6.9  8.0  1.94  9.09  6.18  68 1014.7  24.9  25.6  20.2 99.0 99.00
2016 02 04 10 50  83  7.2  8.6  2.16 10.00  6.38  46 1015.8  25.0  25.6  20.2 99.0 99.00
2016 02 04 11 50  88  7.1  8.6  2.08  7.14  6.14  81 1016.5  25.2  25.6  19.9 99.0 99.00
2016 02 04 12 50  84  6.9  8.4  2.00 10.81  6.28   7 1016.9  25.1  25.6  20.2 99.0 99.00
2016 02 04 13 50  84  7.6  9.4  2.08  9.09  6.27  51 1016.7  25.1  25.7  20.1 99.0 99.00
2016 02 04 14 50  80  8.0  9.0  2.21  8.33  6.26  87 1016.1  25.1  25.7  20.1 99.0 99.00
2016 02 04 15 50  78  8.2 10.0  2.08 10.00  6.13  57 1015.4  25.1  25.7  19.9 99.0 99.00
2016 02 04 16 50  78  8.0 10.0  2.14 10.00  6.31  41 1014.8  25.1  25.7  20.2 99.0 99.00
2016 02 04 17 50  77  8.3  9.7  2.06  7.69  6.04  97 1014.1  25.1  25.7  20.4 99.0 99.00
2016 02 04 18 50  74  9.1 10.5  1.97 10.00  5.86  52 1014.2  25.1  25.7  20.1 99.0 99.00
2016 02 04 19 50  79  8.4 10.0  2.02  7.69  5.83  89 1014.5  25.2  25.7  20.3 99.0 99.00
2016 02 04 20 50  75  8.1  9.8  2.14 10.00  5.89  35 1015.3  25.2  25.7  20.9 99.0 99.00
2016 02 04 21 50  75  9.1 10.8  2.07  7.14  5.89  82 1015.7  25.2  25.6  20.3 99.0 99.00
2016 02 04 22 50  76  9.6 11.1  2.09  6.67  5.83  82 1016.2  25.1  25.6  20.6 99.0 99.00
2016 02 04 23 50  74  9.2 10.9  2.11  7.69  5.78  93 1016.6  25.2  25.6  20.6 99.0 99.00
2016 02 05 00 50  79  9.3 11.0  2.11  7.69  5.77  84 1017.1  25.1  25.6  20.3 99.0 99.00
2016 02 05 01 50  79  9.1 11.6  2.31  7.14  5.76  90 1017.0  25.1  25.6  20.9 99.0 99.00
2016 02 05 02 50  73 10.2 12.4  2.20  7.69  5.74  88 1016.5  25.0  25.6  20.7 99.0 99.00
2016 02 05 03 50  78 10.3 11.9  2.35  7.69  5.88  87 1016.2  24.9  25.6  20.7 99.0 99.00
2016 02 05 04 50  71 11.1 12.8  2.46  7.69  5.90  87 1015.8  25.0  25.6  20.1 99.0 99.00
2016 02 05 05 50  65 10.2 11.6  2.25  7.69  5.71  92 1015.5  24.8  25.6  20.4 99.0 99.00
2016 02 05 06 50  65 10.5 12.5  2.42  7.69  5.76  76 1015.1  24.9  25.6  20.4 99.0 99.00
2016 02 05 07 50  56 11.2 14.7  2.30  7.69  5.63  88 1014.6  24.8  25.6  20.6 99.0 99.00
2016 02 05 08 50  60 11.2 14.0  2.46  7.69  5.78  75 1015.3  24.8  25.6  20.1 99.0 99.00
2016 02 05 09 50  63 11.1 13.7  2.60  7.14  5.81  77 1015.9  25.0  25.6  20.6 99.0 99.00
2016 02 05 10 50  61 11.1 13.4  2.55  6.25  5.81  72 1017.0  25.0  25.6  19.9 99.0 99.00
2016 02 05 11 50  62 10.7 12.5  2.73  7.69  6.01  90 1017.9  25.1  25.6  19.9 99.0 99.00
2016 02 05 12 50  66 10.7 12.7  2.42  7.69  5.76  92 1018.2  25.1  25.6  20.2 99.0 99.00
2016 02 05 13 50  68 10.6 12.5  2.56  7.14  5.91  89 1018.1  25.3  25.6  19.7 99.0 99.00
2016 02 05 14 50  70 10.0 11.9  2.35  7.69  5.82  81 1017.7  25.2  25.6  20.1 99.0 99.00
2016 02 05 15 50  68  9.6 11.7  2.41  7.69  5.88  83 1016.9  25.2  25.6  20.3 99.0 99.00
2016 02 05 16 50  68  9.4 11.3  2.54  7.69  6.01  89 1016.2  25.1  25.6  20.5 99.0 99.00
2016 02 05 17 50  67  9.3 11.2  2.57  7.69  6.21  76 1015.6  25.2  25.6  20.2 99.0 99.00
2016 02 05 18 50  64  9.6 11.2  2.44  7.69  5.95  78 1015.7  25.2  25.6  20.0 99.0 99.00
2016 02 05 19 50  68  9.6 11.8  2.36  7.69  6.07  86 1016.3  25.2  25.6  20.5 99.0 99.00
2016 02 05 20 50  65  9.7 11.2  2.36  7.69  5.96  81 1016.9  25.2  25.6  20.2 99.0 99.00
2016 02 05 21 50  54  9.9 11.7  2.33  7.69  5.97  84 1016.9  25.2  25.6  20.6 99.0 99.00
2016 02 05 22 50  66 10.1 11.8  2.44  7.69  5.85  88 1017.5  25.1  25.6  20.3 99.0 99.00
2016 02 05 23 50  59  9.5 11.5  2.47  7.69  5.95  90 1018.1  25.2  25.6  20.5 99.0 99.00
2016 02 06 00 50  59 10.8 12.6  2.40  8.33  5.87  76 1018.6  25.0  25.6  19.7 99.0 99.00
2016 02 06 01 50  67 10.7 12.4  2.45  8.33  5.98  88 1018.8  25.1  25.6  19.6 99.0 99.00
2016 02 06 02 50  66  9.1 11.0  2.50  7.69  5.92  75 1018.6  24.9  25.6  20.2 99.0 99.00
2016 02 06 03 50  61  9.1 10.7  2.54  7.69  6.07  66 1018.2  24.7  25.5  20.5 99.0 99.00
2016 02 06 04 50  75  9.8 11.4  2.29  7.69  5.88  77 1017.5  24.8  25.5  19.7 99.0 99.00
2016 02 06 05 50  73 10.1 11.6  2.41  7.69  5.96  79 1016.3  24.7  25.5  19.7 99.0 99.00
2016 02 06 06 50  70  8.9 10.6  2.39  7.69  5.92  68 1016.2  24.7  25.5  19.8 99.0 99.00
2016 02 06 07 50  59  9.8 12.0  2.38  7.69  6.05  69 1016.4  24.6  25.5  19.4 99.0 99.00
2016 02 06 08 50  63  9.5 11.0  2.48  8.33  6.16  74 1016.6  24.7  25.5  19.6 99.0 99.00
2016 02 06 09 50  69 10.0 11.9  2.61  7.69  6.18  77 1017.0  24.7  25.5  19.2 99.0 99.00
2016 02 06 10 50  66  9.3 11.7  2.45  8.33  6.00  77 1017.5  24.8  25.5  20.0 99.0 99.00
2016 02 06 11 50  67  9.3 11.2  2.38  8.33  5.98  74 1018.3  24.9  25.5  19.2 99.0 99.00
2016 02 06 12 50  68  9.9 11.4  2.49  8.33  6.07  84 1018.7  25.0  25.5  19.4 99.0 99.00
2016 02 06 13 50  63  9.7 11.8  2.70  8.33  6.17  72 1018.9  24.9  25.6  19.8 99.0 99.00
2016 02 06 14 50  60 10.1 11.9  2.49  8.33  6.04  71 1018.1  25.0  25.6  19.8 99.0 99.00
2016 02 06 15 50  66  9.7 11.0  2.63  8.33  6.09  77 1017.9  25.0  25.6  19.5 99.0 99.00
2016 02 06 16 50  66  9.4 11.3  2.65  8.33  6.19  64 1017.3  25.1  25.6  19.5 99.0 99.00
2016 02 06 17 50  62  9.9 11.6  2.48  8.33  6.06  66 1016.9  25.0  25.6  19.8 99.0 99.00
2016 02 06 18 50  64  9.6 11.2  2.58  8.33  6.13  70 1016.9  25.0  25.6  20.1 99.0 99.00
2016 02 06 19 50  71  9.9 11.5  2.40  9.09  6.04  52 1017.4  25.2  25.6  19.3 99.0 99.00
2016 02 06 20 50  64 10.7 12.3  2.34  7.69  5.95  73 1017.4  25.1  25.6  19.6 99.0 99.00
2016 02 06 21 50  68  9.8 11.7  2.70  8.33  6.19  62 1018.1  25.0  25.5  19.8 99.0 99.00
2016 02 06 22 50  70 10.9 12.9  2.80  8.33  6.27  67 1018.3  25.0  25.5  19.3 99.0 99.00
2016 02 06 23 50  69  9.9 12.2  2.59  8.33  6.13  60 1019.2  25.0  25.5  19.6 99.0 99.00
2016 02 07 00 50  72 10.5 12.5  2.96  9.09  6.60  54 1019.2  25.1  25.5  19.6 99.0 99.00
2016 02 07 01 50  72 10.3 12.4  2.98  8.33  6.64  63 1019.1  25.0  25.5  19.9 99.0 99.00
2016 02 07 02 50  77  9.1 10.9  2.77  9.09  6.34  57 1019.0  24.9  25.5  19.8 99.0 99.00
2016 02 07 03 50  69 10.7 12.4  2.65  9.09  6.34  69 1018.1  24.8  25.5  19.8 99.0 99.00
2016 02 07 04 50  65  9.4 11.4  2.74  9.09  6.45  65 1017.7  24.4  25.5  20.1 99.0 99.00
2016 02 07 05 50  75  9.1 10.7  2.52  9.09  6.00  67 1017.0  24.5  25.5  19.8 99.0 99.00
2016 02 07 06 50  71 10.1 12.2  2.61  8.33  6.32  60 1016.3  24.6  25.5  18.9 99.0 99.00
2016 02 07 07 50  97  9.4 12.3  2.81  9.09  6.57  56 1016.8  23.1  25.5  19.4 99.0 99.00
2016 02 07 08 50  68  9.5 11.8  2.72  9.09  6.51  66 1016.7  24.6  25.5  19.5 99.0 99.00
2016 02 07 09 50  63  9.9 11.8  2.66  9.09  6.45  67 1017.0  24.6  25.5  19.5 99.0 99.00
2016 02 07 10 50  67 10.4 12.3  2.69  9.09  6.19  55 1017.6  24.7  25.5  18.7 99.0 99.00
2016 02 07 11 50  68 11.0 13.0  2.78  8.33  6.22  58 1018.3  24.8  25.5  18.6 99.0 99.00
2016 02 07 12 50  67 11.2 13.3  2.87  9.09  6.32  64 1018.5  25.0  25.5  17.9 99.0 99.00
2016 02 07 13 50  72 11.7 13.7  2.74  9.09  6.07  72 1018.4  24.9  25.5  18.7 99.0 99.00
2016 02 07 14 50  78 10.1 11.8  2.71  9.09  6.25  60 1018.3  25.0  25.5  18.6 99.0 99.00
2016 02 07 15 50  79 10.2 12.6  2.59  8.33  6.03  68 1017.6  24.9  25.5  18.4 99.0 99.00
2016 02 07 16 50  78  9.2 11.4  2.71  8.33  6.20  76 1017.0  25.0  25.5  18.3 99.0 99.00
2016 02 07 17 50  79  9.5 11.1  2.48  9.09  6.08  72 1015.9  24.9  25.5  18.0 99.0 99.00
2016 02 07 18 50  77  9.2 11.4  2.74  9.09  6.39  71 1015.7  25.0  25.5  18.0 99.0 99.00
2016 02 07 19 50  81  9.0 10.8  2.58  9.09  6.19  71 1016.0  25.0  25.5  19.0 99.0 99.00
2016 02 07 20 50  80  9.3 11.5  2.42  8.33  6.21  77 1016.1  24.9  25.5  19.1 99.0 99.00
2016 02 07 21 50  82 10.4 12.2  2.49  9.09  6.14  67 1016.5  25.1  25.5  17.2 99.0 99.00
2016 02 07 22 50  83 10.2 12.2  2.80  9.09  6.37  72 1017.1  25.0  25.5  18.4 99.0 99.00
2016 02 07 23 50  77  9.6 11.4  2.57  9.09  6.24  67 1017.9  24.9  25.4  19.3 99.0 99.00
2016 02 08 00 50  69  9.7 11.4  2.73  8.33  6.42  63 1018.5  24.9  25.4  19.0 99.0 99.00
2016 02 08 01 50  72  9.8 11.8  2.55  8.33  6.17  65 1018.5  24.9  25.4  19.1 99.0 99.00
2016 02 08 02 50  81 10.5 12.3  2.73  9.09  6.38  69 1018.1  24.9  25.4  18.4 99.0 99.00
2016 02 08 03 50  79 10.3 12.6  2.62  8.33  6.28  75 1018.0  24.9  25.4  18.5 99.0 99.00
2016 02 08 04 50  79  9.2 11.5  2.35  8.33  5.97  73 1017.7  24.7  25.4  19.0 99.0 99.00
2016 02 08 05 50  81 10.0 12.0  2.45  9.09  6.11  68 1016.9  24.6  25.4  18.7 99.0 99.00
2016 02 08 06 50  81  9.9 11.3  2.45  9.09  6.03  73 1016.7  24.5  25.4  19.0 99.0 99.00
2016 02 08 07 50  83  9.1 10.8  2.55  8.33  6.36  78 1016.7  24.6  25.4  18.4 99.0 99.00
2016 02 08 08 50  78  9.0 10.9  2.56  9.09  6.12  60 1017.2  24.5  25.4  18.8 99.0 99.00
2016 02 08 09 50  84  9.4 11.0  2.46  9.09  6.22  66 1017.3  24.6  25.4  19.0 99.0 99.00
2016 02 08 10 50  78  9.9 11.8  2.51  9.09  6.22  56 1018.0  24.6  25.4  19.4 99.0 99.00
2016 02 08 11 50  73  9.3 11.1  2.32  8.33  5.84  68 1018.9  24.5  25.4  20.2 99.0 99.00
2016 02 08 12 50  66  9.5 11.6  2.34  9.09  6.13  60 1019.4  24.4  25.4  20.1 99.0 99.00
2016 02 08 13 50  59 10.1 11.9  2.56  8.33  6.22  60 1019.2  24.0  25.5  20.6 99.0 99.00
2016 02 08 14 50  59  9.4 11.3  2.55  8.33  6.01  53 1018.9  24.1  25.5  20.7 99.0 99.00
2016 02 08 15 50  68 10.5 12.4  2.68  8.33  6.24  60 1017.9  24.5  25.5  19.9 99.0 99.00
2016 02 08 16 50  73  9.5 11.5  2.49  8.33  6.06  69 1017.2  24.7  25.5  20.3 99.0 99.00
2016 02 08 17 50  70  9.5 11.4  2.56  8.33  6.16  60 1016.8  24.7  25.5  20.1 99.0 99.00
2016 02 08 18 50  75  9.1 10.7  2.45  9.09  6.23  57 1016.6  24.8  25.5  20.1 99.0 99.00
2016 02 08 19 50  70  9.1 10.6  2.42  9.09  6.16  53 1016.5  24.8  25.5  20.3 99.0 99.00
2016 02 08 20 50  71  9.8 11.7  2.42  8.33  6.19  65 1016.7  24.8  25.4  20.3 99.0 99.00
2016 02 08 21 50  76  9.6 11.1  2.48  8.33  6.08  60 1017.3  24.8  25.4  20.4 99.0 99.00
2016 02 08 22 50  74 10.2 12.5  2.73  9.09  6.38  66 1017.8  24.7  25.4  20.8 99.0 99.00
2016 02 08 23 50  67 10.2 12.3  2.54  7.69  6.17  64 1018.3  24.6  25.4  20.8 99.0 99.00
2016 02 09 00 50  75  9.9 12.2  2.54  9.09  5.94  57 1018.6  24.7  25.4  20.5 99.0 99.00
2016 02 09 01 50  81  9.6 11.6  2.40  8.33  5.95  70 1018.5  24.6  25.4  20.8 99.0 99.00
2016 02 09 02 50  80 10.7 12.5  2.47  9.09  5.95  59 1018.2  24.7  25.4  19.9 99.0 99.00
2016 02 09 03 50  75 10.6 12.5  2.50  9.09  5.95  69 1017.7  24.4  25.4  20.1 99.0 99.00
2016 02 09 04 50  79 10.1 12.1  2.45  8.33  5.68  69 1017.2  24.6  25.4  19.8 99.0 99.00
2016 02 09 05 50  80  9.0 10.6  2.45  8.33  5.94  66 1016.7  24.5  25.3  19.7 99.0 99.00
2016 02 09 06 50  78  8.8 10.3  2.55  8.33  5.99  79 1016.6  24.4  25.3  19.8 99.0 99.00
2016 02 09 07 50  67  8.9 11.3  2.24  9.09  5.96  60 1016.8  24.3  25.3  19.6 99.0 99.00
2016 02 09 08 50  65  8.7 10.7  2.38  9.09  6.01  72 1017.2  24.3  25.3  19.1 99.0 99.00
2016 02 09 09 50  73  9.1 11.4  2.20  8.33  5.93  65 1017.9  24.4  25.3  18.7 99.0 99.00
2016 02 09 10 50  64  8.8 10.3  2.37  8.33  6.09  65 1018.8  24.6  25.2  18.6 99.0 99.00
2016 02 09 11 50  67  7.1  8.5  2.11  7.69  5.90  78 1019.6  24.7  25.3  19.0 99.0 99.00
2016 02 09 12 50  72  7.7  9.3  2.35  9.09  6.18  65 1020.2  24.7  25.3  19.3 99.0 99.00
2016 02 09 13 50  68  9.0 10.9  2.45  8.33  6.36  75 1020.0  24.8  25.3  19.6 99.0 99.00
2016 02 09 14 50  64  8.9 10.4  2.15  9.09  6.07  61 1019.6  24.9  25.3  19.0 99.0 99.00
2016 02 09 15 50  64  9.2 10.7  2.10  8.33  6.09  72 1018.6  24.8  25.3  19.5 99.0 99.00
2016 02 09 16 50  66  8.8 10.6  2.12  7.69  5.90  68 1017.9  24.8  25.3  19.6 99.0 99.00
2016 02 09 17 50  65  9.9 12.0  2.30  8.33  5.95  70 1017.2  24.8  25.3  19.6 99.0 99.00
2016 02 09 18 50  65 10.0 11.5  2.28  8.33  5.90  65 1017.0  24.8  25.3  19.3 99.0 99.00
2016 02 09 19 50  67  9.6 11.2  2.52  8.33  6.32  61 1017.4  24.8  25.3  19.9 99.0 99.00
2016 02 09 20 50  71  9.8 11.7  2.62  9.09  6.38  65 1017.4  24.8  25.3  19.8 99.0 99.00
2016 02 09 21 50  71  9.2 10.8  2.46  8.33  6.08  64 1018.0  24.8  25.3  20.2 99.0 99.00
2016 02 09 22 50  70  9.1 11.1  2.64  8.33  6.48  68 1018.7  24.8  25.3  20.2 99.0 99.00
2016 02 09 23 50  70  9.3 10.6  2.64 17.39  6.42  14 1019.4  24.8  25.3  20.0 99.0 99.00
2016 02 10 00 50  63  9.0 11.4  2.60 17.39  6.50 344 1019.7  24.7  25.2  20.1 99.0 99.00
2016 02 10 01 50  63  8.9 10.8  2.56  8.33  6.22  60 1020.0  24.7  25.2  20.1 99.0 99.00
2016 02 10 02 50  58  8.6  9.9  2.56  8.33  6.40  64 1019.8  24.7  25.2  19.8 99.0 99.00
2016 02 10 03 50  53  9.7 11.2  2.45  9.09  6.33  55 1019.3  24.6  25.2  20.3 99.0 99.00
2016 02 10 04 50  49 10.3 12.3  2.67  8.33  6.36  60 1019.0  24.6  25.2  19.5 99.0 99.00
2016 02 10 05 50  53  9.2 11.2  2.53 17.39  6.36  17 1018.3  24.5  25.2  19.7 99.0 99.00
2016 02 10 06 50  67  9.7 12.0  2.59  9.09  6.55  64 1017.9  24.6  25.2  19.9 99.0 99.00
2016 02 10 07 50  67  9.5 11.5  2.63  9.09  6.44  53 1017.4  24.5  25.2  19.6 99.0 99.00
2016 02 10 08 50  64 10.3 12.3  2.69  8.33  6.53  60 1017.1  24.5  25.2  19.7 99.0 99.00
2016 02 10 09 50  67 10.1 12.0  2.70  9.09  6.63  59 1017.5  24.6  25.2  20.1 99.0 99.00
2016 02 10 10 50  67  9.0 11.7  2.66  8.33  6.38  55 1018.1  24.7  25.2  19.6 99.0 99.00
2016 02 10 11 50  70  9.3 11.2  2.58 17.39  6.41   5 1018.7  24.8  25.2  19.5 99.0 99.00
2016 02 10 12 50  74  9.2 10.7  2.70  9.09  6.47  54 1019.0  24.9  25.2  19.4 99.0 99.00
2016 02 10 13 50  61  8.9 10.9  2.71  8.33  6.47  56 1019.0  24.8  25.2  20.6 99.0 99.00
2016 02 10 14 50  64  8.5 10.5  2.53  9.09  6.37  59 1018.5  24.8  25.3  19.8 99.0 99.00
2016 02 10 15 50  61  9.5 11.0  2.71  8.33  6.69  60 1017.6  24.8  25.3  19.5 99.0 99.00
2016 02 10 16 50  54  8.8 10.4  2.58  8.33  6.43  59 1016.8  24.7  25.3  20.2 99.0 99.00
2016 02 10 17 50  58  8.7 10.9  2.80  9.09  6.83  67 1016.2  24.8  25.3  19.8 99.0 99.00
2016 02 10 18 50  56  9.4 11.0  2.60 17.39  6.76 357 1016.0  24.7  25.3  19.8 99.0 99.00
2016 02 10 19 50  54  9.5 11.4  2.63  8.33  6.59  58 1016.3  24.7  25.3  20.1 99.0 99.00
2016 02 10 20 50  59  9.4 11.4  2.52  8.33  6.59  55 1016.6  24.8  25.2  20.5 99.0 99.00
2016 02 10 21 50  55 10.4 12.4  2.77  8.33  6.71  60 1017.1  24.7  25.2  19.5 99.0 99.00
2016 02 10 22 50  54  9.7 11.3  2.61  8.33  6.46  60 1017.9  24.7  25.2  19.8 99.0 99.00
2016 02 10 23 50  54  9.0 11.2  2.59  7.14  6.44  60 1018.4  24.7  25.2  20.6 99.0 99.00
2016 02 11 00 50  64  9.6 11.5  2.59  8.33  6.46  63 1018.7  24.6  25.2  20.3 99.0 99.00
2016 02 11 01 50  63  8.9 10.5  2.86  9.09  6.62  64 1018.8  24.7  25.2  19.7 99.0 99.00
2016 02 11 02 50  68  9.1 11.1  2.76 17.39  6.54 262 1018.5  24.7  25.2  19.7 99.0 99.00
2016 02 11 03 50  62  9.2 10.7  2.55  9.09  6.48  61 1018.3  24.6  25.3  19.8 99.0 99.00
2016 02 11 04 50  63  9.0 10.4  2.50  8.33  6.48  60 1017.7  24.7  25.3  19.7 99.0 99.00
2016 02 11 05 50  65  8.0  9.6  2.55  8.33  6.51  64 1017.1  24.7  25.3  19.6 99.0 99.00
2016 02 11 06 50  60  7.9 10.0  2.84 17.39  7.13 333 1016.8  24.6  25.3  20.2 99.0 99.00
2016 02 11 07 50  59  8.0  9.3  2.81 16.00  7.14 347 1017.0  24.5  25.3  19.8 99.0 99.00
2016 02 11 08 50  63  8.2  9.7  2.61  9.09  6.68  57 1017.1  24.6  25.3  20.2 99.0 99.00
2016 02 11 09 50  67  7.7  8.9  2.63 16.00  6.85 324 1017.5  24.7  25.2  19.9 99.0 99.00
2016 02 11 10 50  63  7.7  9.3  2.58 16.00  6.86   8 1018.2  24.6  25.3  20.0 99.0 99.00
2016 02 11 11 50  71  8.2 10.0  2.51 16.00  6.84 329 1018.9  24.8  25.3  20.6 99.0 99.00
2016 02 11 12 50  70  7.9  9.5  2.56 16.00  6.83 353 1019.3  24.9  25.3  20.0 99.0 99.00
2016 02 11 13 50  68  8.5 10.7  2.43 14.81  6.68 338 1018.7  24.9  25.3  20.0 99.0 99.00
2016 02 11 14 50  73  9.0 10.7  2.53  8.33  6.86  66 1018.2  25.0  25.4  20.0 99.0 99.00
2016 02 11 15 50  66  8.9 10.7  2.45 14.81  6.64  34 1017.4  25.0  25.4  20.2 99.0 99.00
2016 02 11 16 50  66  9.5 11.5  2.49 14.81  6.83 345 1016.4  25.0  25.4  20.0 99.0 99.00
2016 02 11 17 50  66  9.9 12.0  2.62 14.81  6.73 332 1015.6  25.0  25.4  20.5 99.0 99.00
2016 02 11 18 50  69  9.1 11.1  2.67 14.81  6.63 328 1015.5  25.0  25.4  20.5 99.0 99.00
2016 02 11 19 50  69  9.9 12.2  2.50  9.09  6.43  60 1015.7  25.0  25.4  20.4 99.0 99.00
2016 02 11 20 50  72 10.1 12.4  2.53 14.81  6.41 355 1015.9  24.9  25.4  20.1 99.0 99.00
2016 02 11 21 50  69  9.9 11.5  2.45 14.81  6.33 353 1016.4  24.9  25.3  19.9 99.0 99.00
2016 02 11 22 50  69  9.2 10.9  2.65  9.09  6.62  68 1016.9  24.9  25.3  20.0 99.0 99.00
2016 02 11 23 50  77  9.4 11.9  2.66  9.09  6.55  71 1017.4  24.9  25.3  19.9 99.0 99.00
2016 02 12 00 50  78  9.9 11.9  2.76  9.09  6.59  64 1017.4  24.9  25.3  19.6 99.0 99.00
2016 02 12 01 50  79 10.3 13.4  2.72 13.79  6.68 337 1017.4  24.9  25.3  19.9 99.0 99.00
2016 02 12 02 50  78 10.1 13.2  2.82  8.33  6.56  60 1017.2  24.8  25.3  19.9 99.0 99.00
2016 02 12 03 50  80  9.7 12.2  2.66  9.09  6.35  58 1016.6  24.9  25.3  19.1 99.0 99.00
2016 02 12 04 50  73 10.1 12.3  2.74  9.09  6.42  72 1016.0  24.7  25.3  19.4 99.0 99.00
2016 02 12 05 50  71 10.2 12.3  2.71  9.09  6.62  64 1015.5  24.7  25.3  19.9 99.0 99.00
2016 02 12 06 50  78 10.4 12.7  2.85  9.09  6.44  54 1015.6  24.7  25.3  18.8 99.0 99.00
2016 02 12 07 50  66 10.1 11.7  2.94  9.09  6.69  58 1016.0  24.7  25.3  18.5 99.0 99.00
2016 02 12 08 50  76 10.0 12.1  2.86  8.33  6.67  74 1016.4  24.7  25.3  18.4 99.0 99.00
2016 02 12 09 50  76  9.0 11.5  3.01  9.09  6.73  66 1017.0  24.6  25.3  18.5 99.0 99.00
2016 02 12 10 50  68 10.2 11.8  2.74  9.09  6.62  63 1017.3  24.8  25.3  18.9 99.0 99.00
2016 02 12 11 50  65  9.0 11.8  2.87  7.69  6.47  58 1018.1  24.8  25.3  18.8 99.0 99.00
2016 02 12 12 50  67 10.3 12.6  2.79  8.33  6.67  59 1018.5  25.0  25.3  18.4 99.0 99.00
2016 02 12 13 50  71  9.1 12.2  2.82 10.00  6.74  58 1018.2  25.1  25.3  18.9 99.0 99.00
2016 02 12 14 50  73 10.2 12.1  3.10 10.00  6.84  60 1017.7  25.0  25.4  19.0 99.0 99.00
2016 02 12 15 50  69  9.2 10.9  3.05 10.00  6.86  67 1017.3  25.0  25.4  18.9 99.0 99.00
2016 02 12 16 50  64  9.2 10.9  2.93  9.09  6.62  70 1016.5  24.9  25.4  19.0 99.0 99.00
2016 02 12 17 50  67  9.0 10.5  3.02 10.00  7.06  62 1015.8  25.0  25.4  19.8 99.0 99.00
2016 02 12 18 50  74  9.0 11.1  2.81 10.81  6.69  58 1015.8  24.9  25.4  19.6 99.0 99.00
2016 02 12 19 50  67  8.5 10.4  2.96 10.00  7.03  64 1016.0  24.9  25.4  19.9 99.0 99.00
2016 02 12 20 50  73  9.4 11.0  3.05 10.00  6.79  72 1016.3  25.0  25.3  20.0 99.0 99.00
2016 02 12 21 50  72 10.1 13.0  2.84 10.00  6.83  71 1016.6  25.0  25.3  19.7 99.0 99.00
2016 02 12 22 50  68 10.2 12.3  2.76 10.00  6.29  71 1017.1  25.0  25.3  19.3 99.0 99.00
2016 02 12 23 50  70 10.1 12.2  2.96 10.81  6.84  53 1017.5  24.9  25.3  19.0 99.0 99.00
2016 02 13 00 50  71 10.8 13.1  2.97 10.00  6.48  66 1017.3  24.9  25.3  19.0 99.0 99.00
2016 02 13 01 50  75  9.7 11.3  2.95 10.00  6.85  63 1017.2  25.0  25.3  18.4 99.0 99.00
2016 02 13 02 50  82  9.6 11.8  2.87 10.00  6.62  70 1016.9  23.8  25.3  19.1 99.0 99.00
2016 02 13 03 50  74 11.2 13.9  3.06  9.09  6.68  71 1016.1  24.8  25.3  18.4 99.0 99.00
2016 02 13 04 50  72  9.8 11.5  2.95 10.00  6.53  70 1015.6  24.4  25.3  19.4 99.0 99.00
2016 02 13 05 50  66 10.3 12.6  3.04  9.09  6.65  62 1014.7  24.6  25.3  19.5 99.0 99.00
2016 02 13 06 50  62 11.3 14.3  2.77 10.00  6.36  63 1014.3  23.9  25.3  19.8 99.0 99.00
2016 02 13 07 50  68  9.9 12.3  2.86  9.09  6.56  70 1014.5  24.4  25.3  20.1 99.0 99.00
2016 02 13 08 50  64 10.4 13.1  2.95 10.00  6.67  64 1015.1  24.4  25.3  20.0 99.0 99.00
2016 02 13 09 50  75 10.6 13.2  2.61 10.00  6.20  71 1015.7  24.7  25.3  18.9 99.0 99.00
2016 02 13 10 50  81  9.6 11.3  2.77 10.00  6.51  73 1016.5  24.7  25.3  18.9 99.0 99.00
2016 02 13 11 50  73 11.2 13.7  2.77 10.00  6.60  68 1016.8  24.6  25.3  20.0 99.0 99.00
2016 02 13 12 50  81 10.9 13.5  2.90 10.00  6.58  65 1017.2  24.9  25.3  19.7 99.0 99.00
2016 02 13 13 50  79 10.2 12.1  3.02 10.00  6.61  63 1017.4  25.0  25.3  19.4 99.0 99.00
2016 02 13 14 50  81  9.1 11.5  3.10 10.00  6.68  76 1017.1  25.0  25.3  19.6 99.0 99.00
2016 02 13 15 50  81  9.9 11.7  3.24 10.00  6.95  69 1016.5  24.9  25.3  19.4 99.0 99.00
2016 02 13 16 50  73  9.3 11.1  2.97 10.00  6.80  77 1015.7  24.9  25.4  20.0 99.0 99.00
2016 02 13 17 50  75  9.7 12.1  3.09 10.00  6.86  66 1015.1  24.9  25.4  19.5 99.0 99.00
2016 02 13 18 50  78  9.9 12.0  2.76 10.00  6.67  64 1014.7  25.0  25.3  19.2 99.0 99.00
2016 02 13 19 50  74 10.3 12.4  2.73 10.00  6.42  71 1014.8  25.0  25.3  19.4 99.0 99.00
2016 02 13 20 50  74 10.2 12.0  3.10 10.00  6.82  75 1015.2  24.9  25.3  19.7 99.0 99.00
2016 02 13 21 50  78  9.5 11.5  2.85 10.81  6.68  70 1015.7  24.7  25.3  20.2 99.0 99.00
2016 02 13 22 50  80  9.7 11.9  3.00  9.09  6.56  67 1016.4  24.9  25.3  20.0 99.0 99.00
2016 02 13 23 50  80 10.4 12.4  2.77 10.81  6.55  80 1016.8  24.8  25.3  19.7 99.0 99.00
2016 02 14 00 50  73  9.5 13.3  2.92  8.33  6.77  63 1017.1  23.8  25.3  19.8 99.0 99.00
2016 02 14 01 50  80 10.2 12.7  2.90 10.00  6.63  70 1016.9  24.9  25.3  20.3 99.0 99.00
2016 02 14 02 50  76 10.0 12.8  2.90 10.00  6.66  79 1016.9  24.0  25.2  19.5 99.0 99.00
2016 02 14 03 50  87  8.9 10.6  3.26 10.00  6.94  68 1016.5  24.8  25.2  20.4 99.0 99.00
2016 02 14 04 50  81  9.8 12.0  2.92 10.00  6.76  75 1015.4  24.6  25.2  20.4 99.0 99.00
2016 02 14 05 50  87 10.4 12.5  3.00 10.00  6.84  77 1015.1  24.4  25.2  20.0 99.0 99.00
2016 02 14 06 50  81  9.0 11.1  2.75 10.81  6.42  64 1014.8  24.3  25.2  20.2 99.0 99.00
2016 02 14 07 50  84  9.0 12.3  2.97 10.00  7.00  72 1014.8  24.5  25.2  20.1 99.0 99.00
2016 02 14 08 50  76  8.8 10.4  2.76 10.81  6.57  71 1015.4  23.9  25.2  20.2 99.0 99.00
2016 02 14 09 50  77  9.0 10.6  2.71  9.09  6.74  68 1015.7  24.3  25.2  20.3 99.0 99.00
2016 02 14 10 50  67  8.4 10.2  2.69 10.81  6.83  53 1016.2  24.2  25.2  20.6 99.0 99.00
2016 02 14 11 50  69  8.5 10.4  2.76 10.00  6.80  70 1016.6  24.3  25.2  20.7 99.0 99.00
2016 02 14 12 50  80  8.6 10.1  2.67 10.81  6.87  70 1016.9  24.3  25.2  20.5 99.0 99.00
2016 02 14 13 50  84  7.8  9.4  2.66  9.09  6.80  63 1017.0  24.3  25.2  20.9 99.0 99.00
2016 02 14 14 50  80  8.2  9.9  2.86 10.81  6.88  66 1016.3  24.6  25.2  20.8 99.0 99.00
2016 02 14 15 50  78  8.4 10.0  2.77 10.00  6.89  72 1015.5  24.2  25.3  21.2 99.0 99.00
2016 02 14 16 50  71  9.4 11.3  3.01 10.81  7.27  74 1014.7  24.0  25.3  21.4 99.0 99.00
2016 02 14 17 50  67  8.3  9.9  2.92 10.81  7.36  69 1014.3  24.2  25.3  20.7 99.0 99.00
2016 02 14 18 50  58  8.9 10.6  2.85 10.81  7.12  65 1014.0  24.1  25.3  21.5 99.0 99.00
2016 02 14 19 50  65  8.6 10.8  2.85 10.00  7.06  63 1014.4  24.1  25.2  21.8 99.0 99.00
2016 02 14 20 50  68  9.4 11.3  3.24 10.81  7.18  65 1014.8  24.4  25.2  21.7 99.0 99.00
2016 02 14 21 50  73  9.2 10.7  2.94 10.81  7.03  71 1015.3  24.5  25.2  22.0 99.0 99.00
2016 02 14 22 50  84 10.9 12.9  2.98 10.81  6.89  60 1015.5  25.0  25.2  21.8 99.0 99.00
2016 02 14 23 50  81  9.6 11.7  3.16 10.81  6.92  73 1016.1  24.9  25.1  22.0 99.0 99.00
2016 02 15 00 50  81  9.9 12.1  2.96  9.09  6.71  77 1016.5  25.0  25.1  21.6 99.0 99.00
2016 02 15 01 50  83 10.2 11.8  2.96 10.81  6.71  71 1016.4  24.9  25.1  21.3 99.0 99.00
2016 02 15 02 50  80  9.7 12.0  2.99 10.81  6.85  60 1016.5  24.9  25.1  21.5 99.0 99.00
2016 02 15 03 50  79 10.2 11.7  3.21 10.00  7.24  67 1015.9  24.8  25.1  21.2 99.0 99.00
2016 02 15 04 50  81  9.3 11.0  3.05 10.81  6.85  72 1015.3  24.7  25.1  21.8 99.0 99.00
2016 02 15 05 50  82  9.5 11.8  3.26 10.00  7.02  68 1015.0  24.7  25.1  21.3 99.0 99.00
2016 02 15 06 50  80  9.5 11.2  3.14 10.81  7.10  62 1014.6  24.6  25.1  21.4 99.0 99.00
2016 02 15 07 50  81  8.6 10.6  2.95 10.81  6.68  62 1014.7  24.5  25.1  21.6 99.0 99.00
2016 02 15 08 50  88  9.1 11.1  2.75 10.81  6.76  71 1015.2  24.6  25.1  21.1 99.0 99.00
2016 02 15 09 50  85  8.9 11.6  2.98 10.81  7.05  67 1015.6  24.8  25.1  21.4 99.0 99.00
2016 02 15 10 50  83  9.9 12.2  2.75 10.00  6.64  69 1016.0  25.0  25.1  21.2 99.0 99.00
2016 02 15 11 50  87  9.1 10.9  2.75 10.81  6.62  71 1016.7  25.0  25.1  21.2 99.0 99.00
2016 02 15 12 50  93  8.6 10.5  2.79 10.81  6.56  69 1017.0  24.9  25.1  21.4 99.0 99.00
2016 02 15 13 50  85  8.8 10.3  2.89 10.00  7.19  80 1016.6  24.9  25.1  21.3 99.0 99.00
2016 02 15 14 50  83  8.1  9.5  2.75 10.81  6.57  70 1016.0  25.0  25.2  21.4 99.0 99.00
2016 02 15 15 50  84  8.3 10.1  2.72 10.00  6.68  71 1015.4  25.1  25.2  20.6 99.0 99.00
2016 02 15 16 50  78  7.4  8.7  2.58 10.00  6.73  76 1015.1  24.9  25.2  20.9 99.0 99.00
2016 02 15 17 50  76  7.4  8.8  2.59 10.00  6.85  76 1014.4  24.9  25.1  21.1 99.0 99.00
2016 02 15 18 50  69  6.3  8.0  2.48 10.81  6.76  66 1014.9  25.0  25.1  21.1 99.0 99.00
2016 02 15 19 50  70  6.5  8.1  2.78 10.00  7.44  62 1015.2  25.0  25.1  21.0 99.0 99.00
2016 02 15 20 50  66  7.2  8.5  2.54 10.81  7.07  68 1015.2  25.0  25.1  21.3 99.0 99.00
2016 02 15 21 50  58  7.4  8.8  2.57 10.81  6.98  60 1015.6  24.9  25.1  21.2 99.0 99.00
2016 02 15 22 50  71  8.1  9.7  2.47 10.81  6.63  54 1016.1  24.9  25.1  21.3 99.0 99.00
2016 02 15 23 50  66  7.6  9.4  2.55 10.81  6.93  68 1016.6  25.0  25.1  21.2 99.0 99.00
2016 02 16 00 50  75  8.0 10.0  2.43 10.81  6.95  66 1016.9  24.8  25.1  21.5 99.0 99.00
2016 02 16 01 50  70  8.2 10.1  2.79 10.00  7.23  62 1016.6  24.9  25.1  21.2 99.0 99.00
2016 02 16 02 50  49  6.8  8.6  2.47 10.81  6.89  58 1016.6  24.3  25.1  21.7 99.0 99.00
2016 02 16 03 50  74  7.8  9.2  2.55  9.09  7.03  67 1016.3  24.5  25.1  21.5 99.0 99.00
2016 02 16 04 50  67  7.2  8.6  2.82 10.81  7.48  57 1015.6  24.5  25.1  21.5 99.0 99.00
2016 02 16 05 50  65  9.1 10.6  2.74 10.00  6.99  63 1014.9  24.8  25.1  20.7 99.0 99.00
2016 02 16 06 50  66  8.8 10.9  2.41 10.00  6.79  67 1014.8  24.7  25.1  20.8 99.0 99.00
2016 02 16 07 50  63  8.3  9.8  2.45 10.00  6.77  69 1014.9  24.6  25.1  21.1 99.0 99.00
2016 02 16 08 50  59  8.8 10.1  2.58 10.00  7.03  65 1015.2  24.6  25.0  20.9 99.0 99.00
2016 02 16 09 50  64  9.5 11.2  2.33 10.81  6.70  66 1015.4  24.8  25.0  21.0 99.0 99.00
2016 02 16 10 50  71  9.1 12.3  2.26 10.00  6.22  69 1016.1  24.7  25.0  21.0 99.0 99.00
2016 02 16 11 50  62  8.6 10.0  2.26 10.00  6.22  69 1016.5  24.5  25.0  21.0 99.0 99.00
2016 02 16 12 50  63  9.5 11.3  2.45 10.81  6.71  65 1016.4  24.8  25.1  20.5 99.0 99.00
2016 02 16 13 50  76  9.9 11.8  2.47 10.00  6.52  65 1015.8  25.1  25.1  20.3 99.0 99.00
2016 02 16 14 50  65  8.8 10.6  2.50 10.00  6.30  76 1015.2  24.6  25.1  21.3 99.0 99.00
2016 02 16 15 50  76  9.8 11.5  2.33 10.00  6.06  80 1014.8  24.9  25.1  20.7 99.0 99.00
2016 02 16 16 50  74  9.7 11.4  2.46 10.00  6.27  80 1014.0  24.9  25.1  20.5 99.0 99.00
2016 02 16 17 50  80  9.1 10.6  2.70 10.00  6.47  77 1013.6  24.8  25.2  20.5 99.0 99.00
2016 02 16 18 50  81  9.5 11.3  2.63 10.00  6.35  72 1013.4  24.8  25.1  20.6 99.0 99.00
2016 02 16 19 50  79  9.5 11.9  2.39  9.09  6.10  79 1013.5  24.9  25.1  20.6 99.0 99.00
2016 02 16 20 50  80  9.1 11.0  2.34  8.33  6.10  77 1014.1  24.9  25.1  20.5 99.0 99.00
2016 02 16 21 50  75  8.7 10.9  2.33 10.00  5.92  70 1014.9  24.9  25.1  20.3 99.0 99.00
2016 02 16 22 50  77  9.9 12.2  2.40 10.00  6.15  79 1015.7  24.9  25.1  20.2 99.0 99.00
2016 02 16 23 50  76  8.7 11.0  2.29  9.09  5.86  75 1016.3  25.0  25.1  20.1 99.0 99.00
2016 02 17 00 50  77  9.0 10.6  2.46 10.00  6.21  65 1016.5  24.9  25.1  20.5 99.0 99.00
2016 02 17 01 50  77  9.1 10.9  2.40 10.00  6.12  74 1016.4  24.7  25.1  20.5 99.0 99.00
2016 02 17 02 50  80  8.5 10.1  2.40 10.00  6.34  76 1016.3  24.8  25.1  20.2 99.0 99.00
2016 02 17 03 50  73  9.1 11.5  2.50 10.00  6.16  82 1015.9  24.6  25.1  20.2 99.0 99.00
2016 02 17 04 50  81  8.9 10.8  2.38 10.81  6.05  67 1015.4  24.6  25.1  19.9 99.0 99.00
2016 02 17 05 50  77  9.0 10.9  2.31 10.00  5.91  79 1014.7  24.6  25.1  19.7 99.0 99.00
2016 02 17 06 50  80  7.9  9.5  2.41 10.00  6.17  86 1014.6  24.5  25.1  19.9 99.0 99.00
2016 02 17 07 50  76  9.2 10.5  2.49 10.00  6.37  68 1014.6  24.5  25.0  19.9 99.0 99.00
2016 02 17 08 50  78  9.1 10.7  2.46 10.00  6.24  74 1015.0  24.5  25.0  19.7 99.0 99.00
2016 02 17 09 50  73  8.3  9.6  2.42 10.00  6.48  75 1015.7  24.6  25.0  19.9 99.0 99.00
2016 02 17 10 50  72  8.9 11.3  2.61 10.81  6.55  69 1016.0  24.7  25.1  20.1 99.0 99.00
2016 02 17 11 50  80  9.4 11.4  2.34 10.00  6.23  80 1016.6  24.8  25.1  19.8 99.0 99.00
2016 02 17 12 50  77  9.0 11.0  2.36  9.09  6.18  87 1017.0  24.8  25.1  20.0 99.0 99.00
2016 02 17 13 50  76  9.1 10.5  2.39 10.81  6.18  79 1017.0  24.8  25.1  19.9 99.0 99.00
2016 02 17 14 50  74  8.8 10.5  2.63 10.00  6.64  77 1016.4  24.8  25.2  19.9 99.0 99.00
2016 02 17 15 50  70  7.8  9.4  2.71 10.00  6.94  78 1015.9  24.7  25.2  20.2 99.0 99.00
2016 02 17 16 50  76  8.0  9.6  2.89 10.00  6.93  71 1015.5  24.9  25.2  19.9 99.0 99.00
2016 02 17 17 50  68  8.5 10.5  2.57 10.81  6.68  67 1014.8  24.9  25.3  20.1 99.0 99.00
2016 02 17 18 50  70  8.4 10.4  2.71 10.00  6.61  69 1014.7  24.9  25.2  20.0 99.0 99.00
2016 02 17 19 50  65  8.4  9.8  2.69 10.81  6.91  63 1015.1  24.8  25.2  20.5 99.0 99.00
2016 02 17 20 50  74  9.0 10.5  2.52 10.81  6.47  75 1015.5  25.0  25.2  20.1 99.0 99.00
2016 02 17 21 50  75  9.2 11.3  2.67 10.00  6.89  73 1015.9  24.9  25.2  20.2 99.0 99.00
2016 02 17 22 50  73  9.6 12.2  2.83 10.00  6.86  71 1016.3  24.8  25.2  20.1 99.0 99.00
2016 02 17 23 50  74  9.0 10.7  2.87 10.00  7.22  83 1016.9  24.8  25.2  20.3 99.0 99.00
2016 02 18 00 50  80  9.3 11.0  2.72 10.81  6.58  69 1017.0  24.8  25.2  20.3 99.0 99.00
2016 02 18 01 50  78 10.0 12.7  2.84 10.00  6.81  81 1017.2  24.8  25.2  20.3 99.0 99.00
2016 02 18 02 50  81 10.0 11.7  2.73  9.09  6.71  73 1017.1  24.8  25.2  19.7 99.0 99.00
2016 02 18 03 50  82  9.2 11.0  2.82 10.00  6.62  78 1016.7  24.7  25.1  19.8 99.0 99.00
2016 02 18 04 50  79  9.2 10.6  2.74 14.81  6.70   6 1015.9  24.5  25.1  19.8 99.0 99.00
2016 02 18 05 50  80  8.9 10.3  2.69 10.81  6.61  69 1015.4  24.6  25.1  19.8 99.0 99.00
2016 02 18 06 50  79  9.4 11.4  2.71 10.81  6.66  74 1015.3  24.6  25.1  19.6 99.0 99.00
2016 02 18 07 50  80  9.8 11.2  2.83 10.81  6.73  75 1015.1  24.5  25.1  19.2 99.0 99.00
2016 02 18 08 50  81  9.1 11.2  2.92 12.90  7.10 346 1015.8  24.5  25.1  19.7 99.0 99.00
2016 02 18 09 50  82  8.9 10.7  2.83 13.79  6.99   1 1016.5  24.4  25.1  20.1 99.0 99.00
2016 02 18 10 50  82  9.7 11.7  3.04 10.81  7.17  67 1016.9  24.6  25.1  19.9 99.0 99.00
2016 02 18 11 50  82  9.6 11.5  2.90 10.00  7.19  59 1017.5  24.8  25.1  19.6 99.0 99.00
2016 02 18 12 50  74  7.1  9.4  2.78 12.12  6.81  37 1018.2  23.9  25.1  20.1 99.0 99.00
2016 02 18 13 50  82  9.0 10.7  2.96 10.81  7.08  72 1017.6  24.8  25.1  19.8 99.0 99.00
2016 02 18 14 50  81  8.9 10.6  2.89 11.43  7.03  63 1017.1  24.7  25.1  20.0 99.0 99.00
2016 02 18 15 50  79  8.3  9.9  2.88 10.00  6.82  61 1016.2  24.7  25.2  20.2 99.0 99.00
2016 02 18 16 50  81  8.6 10.0  2.82 10.00  6.96  68 1015.4  24.7  25.2  19.6 99.0 99.00
2016 02 18 17 50  75  8.2 10.1  2.68 10.81  7.23  66 1014.7  24.7  25.2  20.0 99.0 99.00
2016 02 18 18 50  72  7.1  8.8  2.92 11.43  7.25  59 1014.4  24.7  25.2  20.5 99.0 99.00
2016 02 18 19 50  76  7.3  9.0  2.83 11.43  7.27  51 1014.6  24.8  25.2  19.8 99.0 99.00
2016 02 18 20 50  69  7.5  9.0  2.73 11.43  7.25  65 1014.7  24.7  25.2  20.4 99.0 99.00
2016 02 18 21 50  76  8.4 10.2  2.81 11.43  7.40  71 1015.0  24.7  25.1  19.8 99.0 99.00
2016 02 18 22 50  69  8.8 10.6  2.74 10.81  7.05  63 1015.5  24.7  25.1  19.9 99.0 99.00
2016 02 18 23 50  73  8.7 10.4  2.56 10.81  6.90  71 1015.9  24.7  25.1  20.1 99.0 99.00
2016 02 19 00 50  65  9.6 11.5  2.69 11.43  6.98  67 1016.0  24.6  25.1  20.2 99.0 99.00
2016 02 19 01 50  74 10.0 11.9  2.68 11.43  6.81  64 1016.1  24.6  25.1  20.1 99.0 99.00
2016 02 19 02 50  78 10.1 12.3  2.58 11.43  6.54  66 1015.7  24.6  25.1  19.8 99.0 99.00
2016 02 19 03 50  80  9.9 12.0  2.65 10.81  6.51  62 1015.5  24.6  25.1  19.7 99.0 99.00
2016 02 19 04 50  79  9.5 12.0  2.81 10.00  6.53  65 1014.9  24.5  25.0  20.0 99.0 99.00
2016 02 19 05 50  83  9.9 11.6  2.62 10.81  6.56  57 1014.6  24.4  25.0  19.7 99.0 99.00
2016 02 19 06 50  82  9.4 10.8  2.76 10.81  6.72  67 1014.4  24.4  25.0  19.7 99.0 99.00
2016 02 19 07 50  75  8.8 10.2  2.66 10.81  6.37  55 1014.4  24.4  25.0  19.9 99.0 99.00
2016 02 19 08 50  81  9.4 11.8  2.64 10.81  6.63  65 1014.9  24.5  25.0  19.6 99.0 99.00
2016 02 19 09 50  81  8.5 10.1  2.76 11.43  6.83  66 1015.3  24.5  25.0  19.9 99.0 99.00
2016 02 19 10 50  85  9.7 11.8  2.74 10.00  6.57  70 1015.8  24.7  25.0  19.3 99.0 99.00
2016 02 19 11 50  87  8.8 10.7  2.67 11.43  6.75  58 1016.2  24.7  25.0  19.7 99.0 99.00
2016 02 19 12 50  89  9.1 10.6  2.94 10.81  6.79  73 1016.6  24.8  25.1  19.6 99.0 99.00
2016 02 19 13 50  90  8.5  9.6  2.99 11.43  6.91  58 1016.7  24.7  25.1  19.7 99.0 99.00
2016 02 19 14 50  87  8.3  9.9  2.95 10.81  6.79  55 1016.4  24.8  25.1  19.7 99.0 99.00
2016 02 19 15 50  85  8.3  9.5  2.87 10.81  6.96  61 1015.7  24.8  25.1  19.6 99.0 99.00
2016 02 19 16 50  92  7.4  9.0  3.12 11.43  7.32  59 1015.0  24.8  25.2  19.6 99.0 99.00
2016 02 19 17 50  88  7.8  9.2  2.99 11.43  7.18  55 1014.0  24.8  25.2  19.2 99.0 99.00
2016 02 19 18 50  80  7.9 10.2  2.74 10.00  6.72  55 1013.6  24.8  25.2  19.5 99.0 99.00
2016 02 19 19 50  81  7.9 10.1  2.94 11.43  7.32  55 1013.7  24.7  25.2  19.8 99.0 99.00
2016 02 19 20 50  79  7.4  8.8  3.01 10.81  7.43  50 1013.9  24.7  25.1  19.8 99.0 99.00
2016 02 19 21 50  82  7.5  8.9  2.94 10.81  7.34  67 1014.4  24.7  25.1  19.8 99.0 99.00
2016 02 19 22 50  77  7.5  8.8  3.09 11.43  7.64  62 1014.9  24.6  25.1  19.8 99.0 99.00
2016 02 19 23 50  81  7.8  9.3  2.86 10.00  7.47  60 1015.5  24.6  25.0  19.8 99.0 99.00
2016 02 20 00 50  86  7.1  9.1  2.56 11.43  7.04  71 1016.0  24.7  25.0  19.7 99.0 99.00
2016 02 20 01 50  93  7.4  9.5  3.01 10.81  7.70  62 1016.0  24.6  25.0  19.9 99.0 99.00
2016 02 20 02 50  92  7.8  9.5  2.70 10.81  7.20  60 1015.6  24.6  25.0  20.0 99.0 99.00
2016 02 20 03 50  91  7.2  8.7  2.88 11.43  7.42  68 1015.0  24.5  25.0  19.9 99.0 99.00
2016 02 20 04 50  93  7.5  8.8  2.87 10.81  7.33  60 1014.3  24.4  25.0  20.0 99.0 99.00
2016 02 20 05 50  96  6.5  8.5  2.94 11.43  7.43  67 1014.0  24.3  25.0  20.2 99.0 99.00
2016 02 20 06 50 106  7.9  9.2  2.96 10.81  7.46  63 1013.4  24.4  25.0  19.9 99.0 99.00
2016 02 20 07 50 104  7.6  9.1  2.80 11.43  7.38  70 1013.4  24.4  25.0  19.5 99.0 99.00
2016 02 20 08 50 100  7.8  9.2  3.43 11.43  8.18  67 1013.7  24.5  25.0  19.4 99.0 99.00
2016 02 20 09 50  97  6.7  8.3  3.07 11.43  7.82  69 1014.3  24.5  25.0  20.2 99.0 99.00
2016 02 20 11 50 100  7.5  8.9  2.80 11.43  7.62  60 1015.2  24.7  25.0  19.7 99.0 99.00
2016 02 20 12 50  89  7.6  9.2  3.06 11.43  7.85  64 1015.5  24.7  25.1  20.2 99.0 99.00
2016 02 20 13 50  95  6.9  8.3  3.18 11.43  8.35  66 1015.7  24.8  25.1  20.0 99.0 99.00
2016 02 20 14 50  95  7.4  8.8  2.94 11.43  7.56  64 1015.3  24.9  25.2  20.2 99.0 99.00
2016 02 20 15 50  82  6.9  8.3  2.74 12.12  7.51  60 1014.8  24.8  25.2  19.9 99.0 99.00
2016 02 20 16 50  83  5.4  6.7  2.96 11.43  7.87  66 1014.3  24.9  25.3  20.2 99.0 99.00
2016 02 20 17 50 116  6.9  8.1  3.30 11.43  8.43  63 1013.3  24.4  25.3  20.1 99.0 99.00
2016 02 20 18 50  95  6.6  8.1  3.16 12.12  8.16  57 1012.8  24.8  25.2  20.5 99.0 99.00
2016 02 20 19 50  86  6.4  7.9  3.29 12.12  8.49  65 1013.0  24.8  25.2  20.1 99.0 99.00
2016 02 20 20 50  81  6.8  8.3  3.23 11.43  8.41  55 1013.5  24.8  25.2  20.0 99.0 99.00
2016 02 20 21 50  75  6.3  8.0  3.66 11.43  8.95  55 1014.1  24.8  25.2  19.9 99.0 99.00
2016 02 20 22 50  86  6.8  8.1  3.28 12.12  8.73  52 1014.5  24.8  25.2  19.9 99.0 99.00
2016 02 20 23 50  88  7.2  8.7  3.25 12.12  8.74  62 1014.6  24.8  25.2  19.9 99.0 99.00
2016 02 21 00 50  79  7.5  9.1  3.43 12.90  9.05  59 1015.1  24.7  25.2  20.4 99.0 99.00
2016 02 21 01 50  86  7.2  8.8  3.50 12.12  8.74  59 1015.1  24.6  25.2  20.0 99.0 99.00
2016 02 21 02 50  90  7.0  8.7  3.60 12.12  8.91  62 1015.0  24.6  25.1  20.0 99.0 99.00
2016 02 21 03 50  84  6.1  7.5  3.33 12.12  8.37  65 1014.7  24.5  25.1  20.3 99.0 99.00
2016 02 21 04 50  90  6.0  7.2  3.33 10.81  8.67  60 1014.1  24.5  25.1  20.1 99.0 99.00
2016 02 21 05 50  87  5.9  7.5  2.85 12.12  8.16  58 1013.6  24.5  25.1  19.7 99.0 99.00
2016 02 21 06 50  88  5.6  7.3  2.93 12.12  8.21  59 1013.5  24.4  25.1  19.5 99.0 99.00
2016 02 21 07 50  89  6.2  7.7  3.03 12.12  8.15  56 1013.0  24.3  25.1  19.6 99.0 99.00
2016 02 21 08 50  86  6.2  8.0  2.82 12.12  8.10  67 1013.3  24.3  25.1  19.9 99.0 99.00
2016 02 21 09 50  91  6.2  7.3  2.85 12.12  8.19  65 1013.7  24.3  25.1  19.8 99.0 99.00
2016 02 21 10 50  92  7.2  8.5  3.14 12.12  8.65  59 1014.1  24.5  25.1  20.1 99.0 99.00
2016 02 21 11 50  97  7.0  8.3  3.19 12.12  8.89  59 1014.4  24.6  25.1  20.2 99.0 99.00
2016 02 21 12 50  95  6.9  8.0  2.58 12.12  7.98  61 1014.9  24.7  25.2  20.3 99.0 99.00
2016 02 21 13 50 102  6.0  7.6  2.67 12.12  8.33  65 1014.6  24.8  25.2  19.9 99.0 99.00
2016 02 21 14 50  91  6.8  8.9  2.44 12.12  7.89  56 1014.0  24.8  25.3  20.6 99.0 99.00
2016 02 21 15 50  87  6.3  7.5  2.60 11.43  7.79  62 1013.2  24.8  25.3  20.3 99.0 99.00
2016 02 21 16 50  88  6.3  7.6  2.82 11.43  8.07  69 1012.6  24.9  25.4  20.6 99.0 99.00
2016 02 21 17 50  79  5.9  7.1  2.71 11.43  7.92  66 1012.1  24.8  25.4  21.0 99.0 99.00
2016 02 21 18 50  80  6.2  7.6  3.25 12.12  8.61  63 1011.7  24.9  25.4  21.3 99.0 99.00
2016 02 21 19 50  85  7.2  8.8  2.76 12.12  8.02  61 1011.6  25.1  25.4  21.3 99.0 99.00
2016 02 21 20 50  80  7.9  8.9  2.67 12.12  7.88  55 1012.1  24.8  25.4  21.5 99.0 99.00
2016 02 21 21 50  81  8.5 10.2  2.64 12.12  7.31  69 1012.5  24.9  25.3  21.5 99.0 99.00
2016 02 21 22 50  83  8.6  9.9  2.67 12.12  7.22  61 1013.5  24.8  25.3  21.4 99.0 99.00
2016 02 21 23 50  85  8.2 10.0  2.66 12.12  7.23  64 1014.4  24.8  25.3  21.4 99.0 99.00
2016 02 22 00 50  87  8.7 10.1  2.62 11.43  7.19  53 1014.5  24.8  25.2  21.3 99.0 99.00
2016 02 22 01 50  83  8.9 10.8  2.62 11.43  7.32  73 1014.4  24.8  25.2  20.9 99.0 99.00
2016 02 22 02 50  87  7.9  9.2  2.45 10.81  6.81  69 1014.6  24.8  25.2  21.1 99.0 99.00
2016 02 22 03 50  84  7.8  9.2  2.84 11.43  7.46  59 1014.1  24.7  25.2  21.0 99.0 99.00
2016 02 22 04 50  82  7.7  9.1  2.55 11.43  6.88  56 1013.5  24.5  25.2  20.9 99.0 99.00
2016 02 22 05 50  79  8.4  9.9  2.38 12.12  6.67  59 1012.8  24.4  25.2  20.2 99.0 99.00
2016 02 22 06 50  76  7.9  9.2  2.32 11.43  6.49  61 1012.8  24.4  25.2  20.4 99.0 99.00
2016 02 22 07 50  76  8.1  9.9  2.36 10.81  6.64  53 1012.8  24.4  25.1  20.3 99.0 99.00
2016 02 22 08 50  80  8.3  9.8  2.36 11.43  6.70  59 1013.2  24.5  25.1  19.5 99.0 99.00
2016 02 22 09 50  77  8.5  9.8  2.30 12.12  6.61  59 1013.5  24.4  25.2  19.5 99.0 99.00
2016 02 22 10 50  77  8.1  9.6  2.53 11.43  6.85  51 1014.3  24.5  25.2  19.4 99.0 99.00
2016 02 22 11 50  78  7.6  9.0  2.39 11.43  6.75  68 1014.9  24.6  25.2  19.7 99.0 99.00
2016 02 22 12 50  78  7.7  9.5  2.18 10.81  6.79  54 1015.5  24.8  25.3  20.2 99.0 99.00
2016 02 22 13 50  79  7.5  9.3  2.19 11.43  6.78  60 1015.5  24.8  25.3  20.6 99.0 99.00
2016 02 22 14 50  81  8.0  9.3  2.33 11.43  6.92  59 1014.9  24.8  25.3  20.6 99.0 99.00
2016 02 22 15 50  78  8.0  9.3  2.29 11.43  6.75  58 1014.2  24.9  25.4  20.4 99.0 99.00
2016 02 22 16 50  78  8.2  9.5  2.22 11.43  6.53  53 1013.3  24.9  25.4  20.4 99.0 99.00
2016 02 22 17 50  77  8.6  9.9  2.22 10.81  6.28  60 1012.4  24.9  25.4  20.5 99.0 99.00
2016 02 22 18 50  77  8.3 10.1  2.29 10.81  6.60  62 1012.1  24.9  25.4  20.5 99.0 99.00
2016 02 22 19 50  81  7.6  8.7  2.17 10.81  6.54  67 1012.7  25.0  25.4  20.6 99.0 99.00
2016 02 22 20 50  74  8.3 10.1  2.31 11.43  6.60  57 1013.1  24.9  25.3  21.0 99.0 99.00
2016 02 22 21 50  80  8.3 10.0  2.20 11.43  6.51  44 1013.8  24.9  25.3  20.6 99.0 99.00
2016 02 22 22 50  88  8.6  9.9  2.08 10.81  6.32  58 1014.8  24.9  25.3  20.7 99.0 99.00
2016 02 22 23 50  82  9.0 10.6  2.45 10.81  6.95  47 1015.3  24.8  25.3  20.7 99.0 99.00
2016 02 23 00 50  78  9.4 11.6  2.49 11.43  6.64  41 1015.6  24.8  25.2  20.6 99.0 99.00
2016 02 23 01 50  77  9.4 11.0  2.29 11.43  6.59  46 1015.8  24.7  25.2  20.8 99.0 99.00
2016 02 23 02 50  83  9.0 11.0  2.38 11.43  6.64  27 1015.5  24.7  25.2  20.7 99.0 99.00
2016 02 23 03 50  82  9.7 11.5  2.53 13.79  6.86   5 1014.9  24.6  25.2  20.4 99.0 99.00
2016 02 23 04 50  78  8.6 10.6  2.83 13.79  7.02 357 1014.6  24.6  25.2  20.3 99.0 99.00
2016 02 23 05 50  74  7.9  9.6  2.80 13.79  7.19  13 1014.6  24.6  25.2  20.6 99.0 99.00
2016 02 23 06 50  79  8.0  9.8  2.57 13.79  6.98 356 1014.3  24.5  25.2  20.4 99.0 99.00
2016 02 23 07 50  73  8.1  9.6  2.85 13.79  7.37 355 1014.4  24.6  25.2  20.5 99.0 99.00
2016 02 23 08 50  77  7.9  9.3  3.07 13.79  7.68   1 1014.9  24.5  25.2  20.6 99.0 99.00
2016 02 23 09 50  77  8.7 10.1  2.67 13.79  6.90 358 1015.6  24.5  25.2  20.3 99.0 99.00
2016 02 23 11 50  82  8.9 10.6  2.92 12.90  7.51 341 1016.8  24.8  25.2  20.0 99.0 99.00
2016 02 23 12 50  83  8.5 10.1  2.64 13.79  7.17   7 1017.4  24.8  25.2  20.0 99.0 99.00
2016 02 23 13 50  74  8.0  9.7  2.45 12.12  6.94  14 1017.4  24.9  25.3  20.2 99.0 99.00
2016 02 23 14 50  74  8.6  9.8  2.46 13.79  7.00 348 1016.9  25.0  25.3  19.5 99.0 99.00
2016 02 23 15 50  78  8.9 10.1  2.70 12.90  7.49   5 1016.2  24.8  25.3  19.8 99.0 99.00
2016 02 23 16 50  81  8.2 10.1  2.49 11.43  6.91  20 1015.6  24.9  25.4  20.2 99.0 99.00
2016 02 23 17 50  76  8.0  9.8  2.78 12.12  7.14   5 1014.9  24.8  25.3  20.0 99.0 99.00
2016 02 23 18 50  81  8.2 10.0  2.62 12.12  6.93  11 1014.7  24.8  25.3  20.1 99.0 99.00
2016 02 23 19 50  73  8.4 10.2  2.46 12.12  6.99   3 1015.0  24.8  25.3  20.0 99.0 99.00
2016 02 23 20 50  74  7.4  8.9  2.40 12.90  6.61  24 1015.5  24.8  25.3  20.1 99.0 99.00
2016 02 23 21 50  73  7.2  8.5  2.41 10.81  6.77  47 1016.2  24.8  25.3  20.1 99.0 99.00
2016 02 23 22 50  81  7.8  9.3  2.31 12.90  6.72 347 1016.7  24.7  25.3  20.1 99.0 99.00
2016 02 23 23 50  81  8.0  9.4  2.28 12.90  6.68   2 1017.4  24.8  25.2  20.2 99.0 99.00
2016 02 24 01 50  80  8.3  9.9  2.38  8.33  6.64  82 1017.9  24.5  25.2  20.0 99.0 99.00
2016 02 24 02 50  73  7.8  9.4  2.49 12.12  7.01 341 1017.7  24.5  25.2  20.3 99.0 99.00
2016 02 24 03 50  77  8.8 10.5  2.41 12.90  6.78 354 1017.0  24.5  25.2  19.9 99.0 99.00
2016 02 24 04 50  74  9.1 10.6  2.26 12.12  6.47 356 1016.3  24.4  25.2  19.8 99.0 99.00
2016 02 24 05 50  69  9.4 11.4  2.28 12.12  6.61 357 1015.9  24.3  25.2  19.9 99.0 99.00
2016 02 24 06 50  70  9.3 10.5  2.31 12.90  6.41   4 1015.5  24.3  25.2  20.0 99.0 99.00
2016 02 24 07 50  72  9.4 12.1  2.39 10.00  6.49  38 1015.4  24.2  25.2  19.9 99.0 99.00
2016 02 24 08 50  72  9.4 10.8  2.52  9.09  6.49  61 1015.7  24.3  25.2  19.5 99.0 99.00
2016 02 24 09 50  75  9.0 10.3  2.36 11.43  6.32 358 1016.1  24.3  25.2  19.6 99.0 99.00
2016 02 24 10 50  71  9.5 11.4  2.61 10.00  6.48  37 1016.6  24.4  25.2  19.7 99.0 99.00
2016 02 24 11 50  67  9.6 11.2  2.40 12.90  6.49 355 1017.2  24.5  25.2  19.6 99.0 99.00
2016 02 24 13 50  65  9.8 11.5  2.46  8.33  6.34  62 1017.5  24.5  25.3  19.3 99.0 99.00
2016 02 24 14 50  58  9.1 11.2  2.27 10.00  6.06  33 1017.3  24.6  25.3  19.5 99.0 99.00
2016 02 24 15 50  59  9.4 11.2  2.33 11.43  6.17   7 1016.8  24.5  25.3  19.3 99.0 99.00
2016 02 24 16 50  63  9.2 11.3  2.36  9.09  6.21  47 1015.9  24.5  25.3  19.0 99.0 99.00
2016 02 24 17 50  59  8.8 10.1  2.44  7.69  6.45  76 1015.2  24.4  25.4  19.1 99.0 99.00
2016 02 24 18 50  57  8.7 10.3  2.41  8.33  6.15  86 1014.8  24.4  25.3  19.3 99.0 99.00
2016 02 24 19 50  58  8.4 10.2  2.34  8.33  6.26  79 1015.0  24.5  25.3  19.3 99.0 99.00
2016 02 24 20 50  65  8.8 10.5  2.34 10.81  6.35  30 1015.3  24.6  25.3  19.0 99.0 99.00
2016 02 24 21 50  64  8.5  9.8  2.25  7.14  6.03  94 1015.6  24.5  25.3  19.0 99.0 99.00
2016 02 24 22 50  58  9.1 10.8  2.31 12.90  6.55   8 1016.1  24.4  25.3  19.4 99.0 99.00
2016 02 24 23 50  60  8.6 10.2  2.35 12.12  6.28  22 1016.6  24.4  25.3  19.6 99.0 99.00
2016 02 25 00 50  68  8.8 11.5  2.24  7.69  6.06  74 1016.9  24.4  25.3  19.9 99.0 99.00
2016 02 25 01 50  65  9.2 11.2  2.18 12.12  6.14  11 1017.0  24.4  25.3  20.0 99.0 99.00
2016 02 25 02 50  66  8.0  9.5  2.30 12.12  6.10  12 1017.0  24.1  25.3  20.2 99.0 99.00
2016 02 25 03 50  57  8.3 10.0  2.34 11.43  6.30  24 1016.6  24.3  25.2  19.9 99.0 99.00
2016 02 25 04 50  54  9.2 10.8  2.16  8.33  5.83  69 1016.0  24.1  25.2  19.8 99.0 99.00
2016 02 25 05 50  57  8.6 10.3  2.16  7.69  6.20  80 1015.6  23.9  25.2  19.9 99.0 99.00
2016 02 25 06 50  59  8.9 10.5  2.17  8.33  6.07  92 1015.2  24.3  25.2  19.6 99.0 99.00
2016 02 25 07 50  51  9.0 11.2  2.01 11.43  5.68  13 1014.9  24.0  25.2  19.5 99.0 99.00
2016 02 25 08 50  59  9.4 11.4  2.11 10.00  5.60  33 1015.1  24.2  25.2  19.5 99.0 99.00
2016 02 25 09 50  67  9.2 11.6  2.13  9.09  5.71  58 1015.6  24.3  25.2  19.2 99.0 99.00
2016 02 25 10 50  65  8.9 10.6  2.20 10.81  5.75  12 1016.0  24.4  25.2  18.7 99.0 99.00
2016 02 25 11 50  59  8.8 10.2  2.28  7.69  5.98  89 1016.4  24.4  25.3  18.7 99.0 99.00
2016 02 25 12 50  61  8.4  9.7  2.09  8.33  5.76  94 1016.5  24.4  25.3  18.6 99.0 99.00
2016 02 25 13 50  68  8.0  9.5  2.04  8.33  5.82  69 1016.5  24.4  25.3  19.0 99.0 99.00
2016 02 25 14 50  62  7.3  8.8  1.97  8.33  5.82  79 1016.3  24.4  25.4  19.0 99.0 99.00
2016 02 25 15 50  65  7.6  8.8  2.05  8.33  6.00  92 1015.5  24.5  25.4  19.2 99.0 99.00
2016 02 25 16 50  66  7.7  9.3  2.02  8.33  5.99  80 1014.7  24.6  25.4  19.7 99.0 99.00
2016 02 25 17 50  69  7.6  9.2  1.94  7.69  5.98  84 1014.1  24.6  25.4  19.5 99.0 99.00
2016 02 25 18 50  68  7.6  8.8  1.80  7.69  5.70  83 1013.9  24.6  25.4  19.4 99.0 99.00
2016 02 25 19 50  67  8.1  9.6  1.94  8.33  5.87  84 1014.0  24.6  25.4  19.3 99.0 99.00
2016 02 25 20 50  73  8.4 10.0  1.96  7.69  5.74  85 1014.0  24.6  25.4  19.3 99.0 99.00
2016 02 25 21 50  73  7.4  9.0  1.86 10.00  5.79  47 1014.4  24.6  25.3  19.9 99.0 99.00
2016 02 25 22 50  66  8.2 10.0  1.98  8.33  5.71  74 1015.2  24.6  25.3  19.6 99.0 99.00
2016 02 25 23 50  74  7.5  9.4  1.98  8.33  5.86  88 1015.9  24.6  25.3  19.9 99.0 99.00
2016 02 26 00 50  72  8.3  9.7  2.01 10.00  6.07  41 1016.3  24.5  25.3  19.8 99.0 99.00
2016 02 26 01 50  69  8.9  9.9  2.02  8.33  5.99  76 1016.0  24.5  25.3  20.0 99.0 99.00
2016 02 26 02 50  70  8.7 10.5  2.08  8.33  5.99  88 1016.2  24.5  25.3  20.2 99.0 99.00
2016 02 26 03 50  62  8.7 10.3  2.19  7.69  5.97  81 1015.8  24.4  25.3  20.0 99.0 99.00
2016 02 26 04 50  62  8.5 10.0  2.02  9.09  5.82  64 1015.2  24.4  25.3  20.0 99.0 99.00
2016 02 26 05 50  63  9.0 10.8  2.12  8.33  5.87  70 1014.7  24.4  25.3  20.2 99.0 99.00
2016 02 26 06 50  66  8.7  9.9  2.01  7.14  5.81  71 1014.4  24.3  25.3  19.7 99.0 99.00
2016 02 26 07 50  72  7.8  8.9  2.10  8.33  5.74  72 1014.3  24.2  25.3  19.5 99.0 99.00
2016 02 26 08 50  73  7.5  9.2  1.99  8.33  5.98  78 1014.7  24.2  25.3  19.3 99.0 99.00
2016 02 26 09 50  71  7.6  9.1  2.05  7.69  6.26  80 1015.0  24.4  25.3  19.7 99.0 99.00
2016 02 26 10 50  63  7.9  9.1  1.98  7.14  5.79  69 1015.6  24.5  25.3  19.9 99.0 99.00
2016 02 26 11 50  64  8.0  9.3  1.97  8.33  5.95  62 1015.9  24.7  25.3  20.4 99.0 99.00
2016 02 26 12 50  67  9.0 10.5  1.86  7.14  5.62  53 1016.4  24.8  25.3  20.4 99.0 99.00
2016 02 26 13 50  69  9.6 11.5  2.00  6.67  5.68  90 1016.1  24.8  25.3  20.6 99.0 99.00
2016 02 26 14 50  66  8.9 10.4  2.22  8.33  5.81  98 1015.8  24.7  25.4  20.6 99.0 99.00
2016 02 26 15 50  68  8.7 10.1  2.07  8.33  5.82  71 1015.1  24.8  25.4  20.4 99.0 99.00
2016 02 26 16 50  71  8.1  9.3  2.15  8.33  5.93  84 1014.6  24.8  25.4  19.9 99.0 99.00
2016 02 26 17 50  70  7.5  9.3  2.11  8.33  5.94  79 1014.2  25.0  25.4  20.2 99.0 99.00
2016 02 26 18 50  67  7.6  9.2  1.94  8.33  5.94  75 1014.1  24.9  25.5  20.5 99.0 99.00
2016 02 26 19 50  67  7.7  9.1  2.03  8.33  6.05  82 1014.2  24.9  25.4  20.6 99.0 99.00
2016 02 26 20 50  70  8.1  9.7  2.03  7.69  5.90  82 1014.6  24.8  25.4  20.8 99.0 99.00
2016 02 26 21 50  77  7.8  9.2  1.99  8.33  5.98  83 1015.1  24.8  25.4  21.0 99.0 99.00
2016 02 26 22 50  64  8.1  9.6  2.05  9.09  5.92  73 1015.5  24.8  25.4  21.0 99.0 99.00
2016 02 26 23 50  68  8.4 10.5  2.08  8.33  5.91  75 1016.1  24.8  25.4  21.2 99.0 99.00
2016 02 27 01 50  74  9.0 10.6  2.11  9.09  5.99  53 1016.8  24.8  25.4  20.8 99.0 99.00
2016 02 27 02 50  80  9.5 11.6  2.02  6.67  5.70  81 1016.7  24.9  25.3  20.9 99.0 99.00
2016 02 27 03 50  84  9.0 11.0  2.26  8.33  6.10  76 1016.4  24.9  25.3  21.0 99.0 99.00
2016 02 27 04 50  82  9.9 11.5  2.04  9.09  5.60  72 1015.7  24.8  25.3  20.5 99.0 99.00
2016 02 27 05 50  81  8.4 10.5  2.23  9.09  5.96  71 1015.4  24.9  25.3  20.9 99.0 99.00
2016 02 27 06 50  80 10.2 12.0  2.35  9.09  6.07  68 1015.0  24.9  25.3  20.4 99.0 99.00
2016 02 27 07 50  81  9.8 11.5  2.29  9.09  5.90  69 1015.0  24.9  25.3  20.5 99.0 99.00
2016 02 27 08 50  81  9.2 10.8  2.22  8.33  5.95  86 1015.5  24.9  25.3  21.0 99.0 99.00
2016 02 27 09 50  81  9.9 11.9  2.41  9.09  6.00  67 1015.9  25.0  25.3  20.6 99.0 99.00
2016 02 27 10 50  78 10.0 11.9  2.41  9.09  5.92  78 1016.3  25.2  25.3  20.2 99.0 99.00
2016 02 27 11 50  77  9.8 12.0  2.61  9.09  6.04  71 1016.8  25.2  25.4  20.3 99.0 99.00
2016 02 27 12 50  85  9.8 11.7  2.66  9.09  6.11  63 1017.5  25.2  25.4  20.3 99.0 99.00
2016 02 27 13 50  84  9.3 11.0  2.68  9.09  6.17  76 1017.6  25.2  25.4  20.7 99.0 99.00
2016 02 27 14 50  79  9.6 11.1  2.79  9.09  6.30  56 1017.3  25.2  25.4  20.5 99.0 99.00
2016 02 27 15 50  80  8.9 10.5  2.53 10.00  6.01  63 1016.7  25.2  25.5  20.6 99.0 99.00
2016 02 27 16 50  79  9.1 10.9  2.61  9.09  6.41  73 1015.9  25.3  25.5  20.7 99.0 99.00
2016 02 27 17 50  77  9.0 10.4  2.78  9.09  6.56  76 1015.5  25.2  25.5  20.5 99.0 99.00
2016 02 27 18 50  76  8.6  9.9  2.56  9.09  6.44  79 1015.2  25.2  25.5  20.7 99.0 99.00
2016 02 27 19 50  75  8.4  9.9  2.87 10.00  6.81  70 1015.1  25.2  25.4  20.9 99.0 99.00
2016 02 27 20 50  68  8.9 10.8  2.66  9.09  6.69  73 1015.2  25.1  25.4  20.9 99.0 99.00
2016 02 27 21 50  66  8.5 10.5  2.62  9.09  6.64  67 1015.8  25.1  25.4  21.0 99.0 99.00
2016 02 27 22 50  61  7.8  9.8  2.58  9.09  6.56  71 1016.7  25.1  25.4  21.1 99.0 99.00
2016 02 27 23 50  59  8.0  9.9  2.59  9.09  6.53  71 1016.9  25.1  25.4  21.2 99.0 99.00
2016 02 28 00 50  62  8.2 10.4  2.66  9.09  6.75  69 1017.1  25.1  25.4  21.2 99.0 99.00
2016 02 28 01 50  64  8.9 10.7  2.64  9.09  6.60  82 1017.0  25.0  25.4  20.9 99.0 99.00
2016 02 28 02 50  56  8.1  9.8  3.12 10.00  7.12  62 1017.3  24.9  25.4  21.0 99.0 99.00
2016 02 28 03 50  58  8.4 10.3  2.67  9.09  6.74  67 1016.7  24.8  25.4  21.0 99.0 99.00
2016 02 28 04 50  63  8.3 10.4  2.76 10.00  6.75  65 1016.1  24.8  25.4  20.8 99.0 99.00
2016 02 28 05 50  52  7.5  9.6  2.86 10.00  7.11  69 1016.0  24.6  25.4  21.2 99.0 99.00
2016 02 28 06 50  46  8.3  9.8  2.59 10.00  6.68  64 1015.5  24.6  25.4  21.1 99.0 99.00
2016 02 28 07 50  51  8.5 10.4  2.43  9.09  6.53  57 1015.3  24.5  25.4  20.8 99.0 99.00
2016 02 28 08 50  58  8.7 10.1  2.73 10.00  6.92  74 1015.1  24.6  25.4  20.9 99.0 99.00
2016 02 28 09 50  61  8.5 10.3  2.55 10.00  6.66  73 1015.5  24.7  25.3  20.8 99.0 99.00
2016 02 28 10 50  60  8.5 10.1  2.53  9.09  6.69  72 1015.9  24.6  25.4  20.9 99.0 99.00
2016 02 28 11 50  56  8.8 10.7  2.44 10.00  6.53  72 1016.1  24.7  25.4  21.1 99.0 99.00
2016 02 28 12 50  61  8.3  9.9  2.61 10.00  6.65  68 1016.5  24.8  25.4  21.1 99.0 99.00
2016 02 28 13 50  67  8.3 10.1  2.64  9.09  6.59  69 1016.4  24.9  25.4  21.1 99.0 99.00
2016 02 28 14 50  65  8.3  9.8  2.12 10.00  6.26  66 1016.0  24.9  25.5  21.2 99.0 99.00
2016 02 28 15 50  64  8.2  9.8  2.40  9.09  6.37  67 1015.3  24.9  25.5  21.4 99.0 99.00
2016 02 28 16 50  73  7.7  9.8  2.50 10.00  6.71  69 1014.3  25.0  25.5  21.3 99.0 99.00
2016 02 28 17 50  68  7.9  9.5  2.49  9.09  6.44  62 1013.7  25.1  25.5  21.3 99.0 99.00
2016 02 28 18 50  66  8.0  9.4  2.58  9.09  6.58  66 1013.3  25.0  25.5  21.1 99.0 99.00
2016 02 28 19 50  66  8.4 10.1  2.27  9.09  6.46  76 1013.6  25.0  25.5  21.3 99.0 99.00
2016 02 28 20 50  69  7.8 10.1  2.29 10.00  6.49  78 1014.2  25.1  25.5  21.4 99.0 99.00
2016 02 28 21 50  73  9.0 10.9  2.45 10.00  6.53  63 1014.2  25.0  25.5  21.2 99.0 99.00
2016 02 28 22 50  74  8.5 10.6  2.30 10.00  6.20  71 1015.0  25.0  25.4  21.4 99.0 99.00
2016 02 28 23 50  69  8.8 10.0  2.60 10.00  6.58  73 1015.8  25.0  25.4  21.1 99.0 99.00
2016 02 29 00 50  74  8.5 10.1  2.28  9.09  6.00  76 1016.1  25.0  25.4  21.2 99.0 99.00
2016 02 29 01 50  70  9.1 11.1  2.35 10.00  6.16  84 1016.3  25.0  25.4  21.0 99.0 99.00
2016 02 29 02 50  76  9.7 11.7  2.65 10.00  6.59  85 1016.1  25.0  25.4  20.7 99.0 99.00
2016 02 29 03 50  73  9.4 10.9  2.44  9.09  6.33  76 1015.6  24.9  25.4  20.9 99.0 99.00
2016 02 29 04 50  75  8.5 10.9  2.55 10.00  6.46  71 1015.3  24.9  25.4  21.1 99.0 99.00
2016 02 29 05 50  74  9.7 11.4  2.39 10.00  6.17  80 1014.9  24.8  25.4  20.5 99.0 99.00
2016 02 29 06 50  76  8.6 10.4  2.48  9.09  6.39  71 1015.0  24.9  25.4  20.6 99.0 99.00
2016 02 29 07 50  81  9.0 10.4  2.55  9.09  6.58  81 1014.9  24.8  25.4  20.5 99.0 99.00
2016 02 29 08 50  78  8.3  9.8  2.22 10.00  6.31  87 1015.1  24.9  25.4  20.6 99.0 99.00
2016 02 29 09 50  82  8.1  9.8  2.45  9.09  6.50  68 1015.4  24.9  25.4  20.7 99.0 99.00
2016 02 29 10 50  79  8.9 10.8  2.45  9.09  6.61  66 1016.2  25.0  25.4  20.2 99.0 99.00
2016 02 29 11 50  77  8.0  9.4  2.73 10.00  6.67  83 1016.9  25.0  25.4  20.5 99.0 99.00
2016 02 29 12 50  78  8.3  9.8  2.57  9.09  6.49  78 1017.4  25.0  25.4  20.6 99.0 99.00
2016 02 29 13 50  75  8.1 10.3  2.30  9.09  6.33  80 1017.3  25.0  25.5  20.9 99.0 99.00
2016 02 29 14 50  82  7.3  8.4  2.54 10.00  6.82  84 1016.3  25.0  25.5  20.6 99.0 99.00
2016 02 29 15 50  71  6.6  8.1  2.28 10.00  6.66  83 1015.6  24.9  25.6  20.9 99.0 99.00
2016 02 29 16 50  80  7.1  8.3  2.49 10.00  6.47  75 1015.0  25.1  25.6  20.8 99.0 99.00
2016 02 29 17 50  81  5.7  7.2  2.46 10.00  6.75  86 1014.4  25.1  25.6  20.5 99.0 99.00
2016 02 29 18 50  83  5.8  6.9  2.28 10.00  6.68  75 1013.9  25.0  25.6  20.7 99.0 99.00
2016 02 29 19 50  83  6.0  7.2  2.18 10.00  6.86  84 1014.0  25.0  25.6  20.9 99.0 99.00
2016 02 29 20 50  70  7.0  7.9  2.21 10.00  6.83  78 1014.7  24.9  25.6  20.9 99.0 99.00
2016 02 29 21 50  72  7.3  9.1  2.19 10.00  6.73  85 1014.9  24.8  25.5  20.7 99.0 99.00
2016 02 29 22 50  74  6.5  7.7  2.19 10.00  6.70  76 1015.7  24.9  25.5  20.7 99.0 99.00
