#YY  MM DD hh mm WDIR WSPD GST  WVHT   DPD   APD MWD   PRES  ATMP  WTMP  DEWP  VIS  TIDE
#yr  mo dy hr mn degT m/s  m/s     m   sec   sec deg    hPa  degC  degC  degC  nmi    ft
2016 08 31 23 50  51  8.4  9.6  1.77  7.14  5.46  55 1015.1  27.9  28.0  24.4 99.0 99.00
2016 09 01 00 50  51  8.5  9.8  1.87  7.14  5.45  84 1015.6  28.0  28.0  24.4 99.0 99.00
2016 09 01 01 50  52  7.9  9.2  1.67  7.69  5.53  97 1015.7  28.0  28.0  24.3 99.0 99.00
2016 09 01 02 50  48  6.6  7.6  1.78  6.25  5.51  62 1015.5  27.8  28.0  24.6 99.0 99.00
2016 09 01 03 50  41  7.5  8.7  1.62  7.69  5.50  92 1014.6  27.8  28.0  24.7 99.0 99.00
2016 09 01 04 50  43  7.8  8.9  1.72  7.14  5.57  56 1013.8  27.8  28.0  24.6 99.0 99.00
2016 09 01 05 50  43  6.8  8.0  1.67  6.67  5.58  52 1013.3  27.7  28.0  24.7 99.0 99.00
2016 09 01 06 50  45  7.0  8.1  1.68  6.67  5.52  54 1012.8  27.7  28.0  24.6 99.0 99.00
2016 09 01 07 50  52  8.6 10.2  1.69  7.69  5.72  95 1012.9  27.7  28.0  24.4 99.0 99.00
2016 09 01 08 50  54  8.3  9.6  1.75  6.67  5.53  55 1013.1  27.7  28.0  24.0 99.0 99.00
2016 09 01 09 50  54  8.5  9.9  1.72  6.67  5.32  68 1013.4  27.7  28.0  24.3 99.0 99.00
2016 09 01 10 50  60  8.1  9.6  1.64  6.67  5.23  63 1014.0  27.8  28.0  23.9 99.0 99.00
2016 09 01 11 50  52  8.3  9.7  1.71  6.67  5.40  60 1014.2  27.8  28.0  24.0 99.0 99.00
2016 09 01 12 50  59  8.0  9.4  1.82  7.14  5.50  75 1014.5  27.9  28.0  24.0 99.0 99.00
2016 09 01 13 50  64  6.9  8.4  1.68  6.67  5.51  65 1014.4  27.9  28.1  24.0 99.0 99.00
2016 09 01 14 50  57  7.1  8.3  1.78  7.14  5.64  64 1013.9  28.0  28.1  23.4 99.0 99.00
2016 09 01 15 50  52  6.3  7.5  1.74  6.67  5.47  63 1013.2  27.8  28.2  24.1 99.0 99.00
2016 09 01 16 50  51  6.2  7.2  1.71  7.14  5.67  77 1012.7  28.0  28.2  24.1 99.0 99.00
2016 09 01 17 50  45  6.3  7.1  1.57  6.67  5.63  60 1012.5  28.0  28.2  24.2 99.0 99.00
2016 09 01 18 50  45  6.1  7.1  1.58  6.67  5.47  51 1012.4  28.1  28.2  24.5 99.0 99.00
2016 09 01 19 50  49  6.4  7.8  1.66  6.67  5.66  63 1012.5  27.8  28.2  24.3 99.0 99.00
2016 09 01 20 50  41  7.7  9.5  1.68  6.67  5.53  56 1012.7  27.8  28.1  23.7 99.0 99.00
2016 09 01 21 50  44  6.2  7.3  1.57  8.33  5.68 124 1013.5  27.9  28.1  24.5 99.0 99.00
2016 09 01 22 50  49  6.2  7.4  1.59  6.67  5.70  59 1014.1  28.0  28.1  24.6 99.0 99.00
2016 09 01 23 50  41  6.6  7.9  1.64  7.14  5.56  56 1014.5  27.9  28.0  24.8 99.0 99.00
2016 09 02 00 50  43  6.2  7.3  1.65  7.14  5.69  66 1014.9  27.9  28.0  24.7 99.0 99.00
2016 09 02 01 50  38  6.2  7.8  1.56  7.69  5.54  75 1014.6  27.9  28.0  24.8 99.0 99.00
2016 09 02 02 50  33  6.9  8.4  1.61  7.14  5.60  47 1014.1  27.9  28.0  24.9 99.0 99.00
2016 09 02 03 50  34  7.4  8.7  1.63  6.67  5.60  56 1013.2  27.8  28.0  24.9 99.0 99.00
2016 09 02 04 50  29  7.1  8.3  1.59  7.69  5.60  66 1012.2  27.7  28.0  24.8 99.0 99.00
2016 09 02 05 50  25  8.1  9.6  1.61  7.69  5.47  59 1011.9  27.5  28.0  24.7 99.0 99.00
2016 09 02 06 50  35  7.0  8.5  1.67  7.14  5.42  56 1011.6  27.3  28.0  24.8 99.0 99.00
2016 09 02 07 50  19  8.0  9.8  1.74  7.69  5.60  60 1011.6  26.3  28.0  24.3 99.0 99.00
2016 09 02 08 50  93  1.6  3.5  1.63  7.69  5.44  58 1012.0  25.3  27.9  24.0 99.0 99.00
2016 09 02 09 50  55  6.3 13.3  1.66  7.69  5.79  63 1011.7  25.6  27.7  24.5 99.0 99.00
2016 09 02 10 50  26  8.5 10.6  1.79  7.14  5.47  60 1012.2  26.6  27.9  24.8 99.0 99.00
2016 09 02 11 50  32  7.3  9.2  2.02  8.33  5.59  56 1012.9  26.2  27.9  24.3 99.0 99.00
2016 09 02 12 50  22  7.8  8.9  1.88  7.69  5.48  51 1012.9  26.8  27.9  24.5 99.0 99.00
2016 09 02 13 50  40  6.4  7.6  1.95  7.69  5.75  55 1012.8  27.1  28.0  24.9 99.0 99.00
2016 09 02 14 50  55  8.5 10.3  1.95  7.69  5.80  71 1012.2  27.1  28.0  24.2 99.0 99.00
2016 09 02 15 50  58  9.3 11.2  1.95  7.69  5.65  49 1011.4  27.2  28.1  24.9 99.0 99.00
2016 09 02 16 50  81  8.8 10.6  2.11  7.69  5.61  46 1010.7  27.4  28.1  24.8 99.0 99.00
2016 09 02 17 50  81  8.8 10.6  2.17  7.69  5.78  46 1010.3  27.3  28.1  24.5 99.0 99.00
2016 09 02 18 50  78  9.6 11.1  2.25  7.69  5.90  62 1010.0  27.5  28.1  24.5 99.0 99.00
2016 09 02 19 50  85  9.3 11.4  2.35  9.09  5.97  59 1009.9  27.6  28.1  24.6 99.0 99.00
2016 09 02 20 50  76  8.7 10.1  2.46  7.69  6.09  72 1010.5  27.6  28.1  24.6 99.0 99.00
2016 09 02 21 50  98  7.9 10.0  2.28  8.33  6.06  68 1011.0  26.8  28.1  24.6 99.0 99.00
2016 09 02 22 50  89  8.1  9.9  2.23  7.14  5.95  56 1011.2  27.4  28.1  24.9 99.0 99.00
2016 09 02 23 50  95  8.0  9.6  2.35  8.33  6.12  64 1011.8  27.5  28.1  24.6 99.0 99.00
2016 09 03 00 50  84  7.3  9.1  2.16  8.33  5.98  59 1012.4  27.1  28.1  24.9 99.0 99.00
2016 09 03 01 50 102  8.3  9.7  2.07  8.33  5.95  60 1012.1  27.7  28.0  25.0 99.0 99.00
2016 09 03 02 50 101  7.6 10.9  2.21  7.69  6.10  65 1012.1  26.5  28.0  24.4 99.0 99.00
2016 09 03 03 50 128 10.7 14.2  2.24  8.33  6.29  67 1011.6  24.5  28.0  23.5 99.0 99.00
2016 09 03 04 50 103  7.9 13.9  2.17  7.69  6.26  74 1011.1  25.9  28.0  24.1 99.0 99.00
2016 09 03 05 50  98  7.4  9.6  2.25  9.09  6.42  60 1011.0  25.7  28.0  24.0 99.0 99.00
2016 09 03 06 50 109  6.1  7.4  2.28  8.33  6.14  46 1011.3  25.7  28.0  23.8 99.0 99.00
2016 09 03 07 50 118  6.3  8.4  2.12  8.33  6.38  61 1011.5  25.9  28.0  24.2 99.0 99.00
2016 09 03 09 50  91  5.8  7.1  1.94  7.69  6.27  71 1012.4  26.9  28.0  24.3 99.0 99.00
2016 09 03 10 50  99  6.3  7.3  1.83  7.69  6.19  60 1012.9  27.1  28.0  23.4 99.0 99.00
2016 09 03 11 50  80  5.7  6.7  1.87  9.09  6.42  43 1013.5  27.2  28.0  24.9 99.0 99.00
2016 09 03 12 50  83  6.3  7.5  2.02  9.09  6.70  58 1013.8  27.7  28.1  24.9 99.0 99.00
2016 09 03 13 50  80  7.0  8.2  2.06  8.33  6.63  62 1013.7  27.9  28.2  25.0 99.0 99.00
2016 09 03 14 50  77  6.4  7.8  2.01  9.09  6.62  57 1013.5  27.9  28.2  25.1 99.0 99.00
2016 09 03 15 50  73  7.0  8.2  2.05  9.09  6.52  56 1012.5  27.9  28.3  25.0 99.0 99.00
2016 09 03 16 50  74  6.2  7.2  2.19  9.09  6.67  65 1012.0  27.9  28.3  25.1 99.0 99.00
2016 09 03 17 50  72  7.4  8.5  1.90  9.09  6.35  46 1011.3  27.8  28.3  25.1 99.0 99.00
2016 09 03 18 50  64  7.3  8.8  1.87  9.09  6.14  44 1011.0  27.8  28.3  24.9 99.0 99.00
2016 09 03 19 50  58  7.8  9.2  2.10  9.09  6.46  57 1010.8  27.7  28.2  24.8 99.0 99.00
2016 09 03 20 50  59  8.0  9.5  2.10  9.09  6.29  45 1011.3  27.6  28.2  24.5 99.0 99.00
2016 09 03 21 50  57  8.0  9.4  1.98  8.33  5.97  47 1011.8  27.6  28.1  24.2 99.0 99.00
2016 09 03 22 50  55  8.1  9.5  2.06  9.09  6.05  58 1012.1  27.6  28.1  23.4 99.0 99.00
2016 09 03 23 50  61  7.8  9.2  2.06  9.09  5.92  52 1012.8  27.5  28.1  23.7 99.0 99.00
2016 09 04 00 50  57  7.5  9.3  2.03  9.09  6.12  53 1013.5  27.5  28.1  23.2 99.0 99.00
2016 09 04 01 50  57  7.0  8.4  1.92  9.09  5.92  63 1013.8  27.4  28.1  23.1 99.0 99.00
2016 09 04 02 50  60  7.1  8.7  1.93  8.33  5.88  58 1013.3  27.3  28.0  22.9 99.0 99.00
2016 09 04 03 50  54  7.0  8.2  1.95  8.33  5.95  66 1012.8  27.2  28.0  22.8 99.0 99.00
2016 09 04 04 50  55  6.5  7.9  1.88  9.09  5.99  65 1012.3  27.0  28.0  22.6 99.0 99.00
2016 09 04 05 50  49  6.5  7.4  1.91  7.69  6.14  45 1012.0  27.1  28.0  21.7 99.0 99.00
2016 09 04 06 50  56  6.6  8.0  1.82  8.33  6.06  68 1012.0  27.0  28.0  21.9 99.0 99.00
2016 09 04 07 50  49  5.8  7.4  1.82  8.33  5.98  59 1012.1  26.9  28.0  22.3 99.0 99.00
2016 09 04 08 50  48  7.1  8.4  1.79  7.69  5.96  59 1012.2  26.9  28.0  21.6 99.0 99.00
2016 09 04 09 50  46  6.9  7.9  1.85  9.09  6.03  91 1012.5  27.1  28.0  21.5 99.0 99.00
2016 09 04 10 50  41  6.7  8.2  1.75  8.33  6.21  82 1013.2  27.2  28.0  21.3 99.0 99.00
2016 09 04 11 50  47  5.7  7.0  1.81  8.33  6.11  81 1013.7  27.2  28.0  21.6 99.0 99.00
2016 09 04 12 50  45  5.9  7.0  1.67  8.33  6.17  88 1013.8  27.2  28.1  21.6 99.0 99.00
2016 09 04 13 50  40  5.3  6.5  1.60 11.43  6.08   7 1013.7  27.2  28.1  21.7 99.0 99.00
2016 09 04 14 50  53  5.0  6.2  1.69 11.43  6.34  25 1013.3  27.4  28.2  21.8 99.0 99.00
2016 09 04 15 50  46  3.9  4.7  1.59  7.14  6.29  77 1012.6  27.2  28.3  21.9 99.0 99.00
2016 09 04 16 50  61  4.2  5.2  1.59  8.33  6.43 106 1011.9  27.2  28.5  22.5 99.0 99.00
2016 09 04 17 50  61  4.7  5.8  1.62 10.81  6.55  32 1011.3  27.3  28.5  22.3 99.0 99.00
2016 09 04 18 50  52  5.4  6.4  1.58  8.33  6.27 110 1011.3  27.4  28.4  21.9 99.0 99.00
2016 09 04 19 50  58  5.9  6.9  1.50  8.33  6.06  90 1011.3  27.5  28.4  21.7 99.0 99.00
2016 09 04 20 50  55  5.8  7.4  1.66  7.69  6.42  74 1011.9  27.4  28.3  21.4 99.0 99.00
2016 09 04 21 50  51  5.3  6.2  1.53  7.69  6.08 105 1012.5  27.3  28.2  21.5 99.0 99.00
2016 09 04 22 50  62  5.8  6.8  1.62  8.33  6.16 108 1012.9  27.3  28.2  21.6 99.0 99.00
2016 09 04 23 50  60  5.4  6.4  1.65  8.33  6.42  95 1013.4  27.3  28.1  21.6 99.0 99.00
2016 09 05 00 50  52  5.7  7.2  1.46  8.33  6.13  65 1013.6  27.2  28.1  21.8 99.0 99.00
2016 09 05 01 50  56  6.4  7.6  1.60 10.00  6.36  44 1013.6  27.2  28.1  21.8 99.0 99.00
2016 09 05 02 50  63  6.2  7.6  1.50  8.33  5.98  89 1013.4  27.1  28.1  21.8 99.0 99.00
2016 09 05 03 50  62  5.6  6.6  1.57  9.09  6.00 112 1013.0  27.0  28.1  21.5 99.0 99.00
2016 09 05 04 50  50  5.3  6.7  1.45  9.09  6.07 103 1012.6  26.9  28.1  21.2 99.0 99.00
2016 09 05 05 50  47  5.9  7.2  1.41  8.33  5.99  98 1012.0  26.8  28.1  21.3 99.0 99.00
2016 09 05 06 50  43  5.7  6.5  1.54  9.09  6.37  83 1012.2  26.8  28.1  21.5 99.0 99.00
2016 09 05 07 50  31  5.6  6.8  1.48  8.33  6.22  90 1012.5  26.8  28.1  21.5 99.0 99.00
2016 09 05 08 50  37  5.4  6.6  1.52  9.09  6.35  60 1012.9  26.8  28.1  21.5 99.0 99.00
2016 09 05 09 50  37  5.7  7.0  1.54  9.09  6.46  90 1013.3  26.9  28.0  21.6 99.0 99.00
2016 09 05 10 50  55  6.2  7.4  1.51  9.09  6.35 108 1013.8  26.8  28.1  22.6 99.0 99.00
2016 09 05 11 50  60  7.7  9.2  1.51  8.33  5.84  95 1014.1  25.9  28.1  23.5 99.0 99.00
2016 09 05 12 50  56  7.1  8.4  1.64  7.69  5.73 111 1014.6  25.7  28.1  22.3 99.0 99.00
2016 09 05 14 50  45  6.9  8.7  1.44 10.00  5.76 114 1014.0  26.3  28.1  22.1 99.0 99.00
2016 09 05 15 50  29  6.8  8.2  1.47  9.09  5.84  69 1013.4  26.2  28.2  22.4 99.0 99.00
2016 09 05 16 50  27  8.1  9.5  1.52  8.33  5.80 109 1012.9  24.9  28.2  23.1 99.0 99.00
2016 09 05 17 50  27  6.0  7.2  1.46  9.09  5.71 123 1012.8  25.2  28.1  23.7 99.0 99.00
2016 09 05 18 50  34  5.9  7.1  1.58  9.09  6.10 109 1012.5  25.8  28.1  23.8 99.0 99.00
2016 09 05 19 50  28  6.8  7.9  1.58  8.33  5.73 105 1012.3  26.6  28.1  22.7 99.0 99.00
2016 09 05 20 50  43  9.1 10.8  1.63  8.33  5.53  90 1012.2  26.9  28.1  23.1 99.0 99.00
2016 09 05 21 50  42  8.9 10.9  1.64  9.09  5.41 105 1012.4  27.5  28.1  22.7 99.0 99.00
2016 09 05 22 50  50  8.9 10.2  1.73 10.00  5.62  97 1012.8  27.2  28.1  23.4 99.0 99.00
2016 09 05 23 50  49  8.8 10.3  1.69  7.69  5.46  77 1013.4  27.3  28.1  23.7 99.0 99.00
2016 09 06 00 50  54  9.1 11.6  1.81  8.33  5.50 104 1013.9  26.3  28.1  24.4 99.0 99.00
2016 09 06 01 50  50  8.1  9.8  1.90  5.56  5.54  71 1014.1  26.0  28.0  24.3 99.0 99.00
2016 09 06 02 50  56  8.8 10.8  1.97  9.09  5.63 121 1013.7  26.5  28.0  24.8 99.0 99.00
2016 09 06 03 50  59  8.8 10.4  1.93  7.69  5.53  95 1013.1  27.0  28.0  24.4 99.0 99.00
2016 09 06 04 50  53  9.1 10.7  2.09  6.67  5.72  73 1012.3  26.9  28.0  24.6 99.0 99.00
2016 09 06 05 50  56 10.4 12.1  2.04  6.67  5.61  80 1011.4  27.1  28.0  24.4 99.0 99.00
2016 09 06 06 50  55  9.8 11.3  2.08  8.33  5.54  80 1011.6  27.0  28.0  24.5 99.0 99.00
2016 09 06 07 50  68  9.2 11.0  2.01  6.25  5.30  71 1011.9  27.4  28.0  24.5 99.0 99.00
2016 09 06 08 50  64 10.5 12.2  2.04  6.25  5.35  70 1012.1  27.0  28.0  24.5 99.0 99.00
2016 09 06 09 50  63  9.0 10.7  2.26  6.67  5.63  55 1012.3  27.5  28.0  24.6 99.0 99.00
2016 09 06 10 50  59  8.2  9.6  2.11  7.69  5.66  68 1013.2  27.5  28.0  24.7 99.0 99.00
2016 09 06 11 50  68  8.1  9.3  2.13  6.67  5.64  67 1013.1  27.5  28.0  24.9 99.0 99.00
2016 09 06 12 50  83  7.8  9.1  1.91  6.25  5.54  59 1013.6  27.4  28.1  25.0 99.0 99.00
2016 09 06 13 50  66  6.3  8.1  1.80  6.67  5.51  76 1013.6  27.1  28.1  25.4 99.0 99.00
2016 09 06 14 50  82  8.3 11.7  1.79  7.69  5.41  82 1013.6  27.6  28.1  25.5 99.0 99.00
2016 09 06 15 50  90  6.7  8.0  1.95  9.09  5.57 117 1012.9  26.4  28.1  24.9 99.0 99.00
2016 09 06 16 50  86  5.4  7.9  1.88  8.33  5.69 100 1012.7  27.0  28.1  25.2 99.0 99.00
2016 09 06 17 50  88  4.1  5.7  1.82  7.14  5.76  79 1012.7  26.7  28.1  25.1 99.0 99.00
2016 09 06 18 50  62  7.1  8.1  1.84  7.14  5.86  74 1012.7  27.2  28.2  25.3 99.0 99.00
2016 09 06 19 50  75  7.7  8.9  1.89  7.14  5.94  76 1012.5  26.9  28.2  25.1 99.0 99.00
2016 09 06 20 50  82  5.5  6.9  1.83  9.09  6.17 116 1013.2  27.2  28.1  25.0 99.0 99.00
2016 09 06 21 50 115  4.7  5.9  1.85 10.00  6.23 117 1013.5  27.1  28.1  24.6 99.0 99.00
2016 09 06 22 50 119  4.8  5.7  1.77  9.09  6.36  97 1014.2  27.3  28.1  24.5 99.0 99.00
2016 09 06 23 50 102  5.9  9.2  1.74  9.09  5.99 122 1014.8  27.6  28.1  24.9 99.0 99.00
2016 09 07 00 50  73  6.0  7.4  1.59  9.09  6.19 102 1015.5  26.6  28.0  24.9 99.0 99.00
2016 09 07 01 50  92  7.1  8.4  1.71 10.00  6.23 108 1015.5  26.7  28.0  24.8 99.0 99.00
2016 09 07 02 50 101  5.3  6.4  1.65  9.09  5.75 127 1015.3  27.1  28.0  24.4 99.0 99.00
2016 09 07 03 50  93  9.1 10.6  1.65 10.00  5.86 131 1014.7  26.4  28.0  24.1 99.0 99.00
2016 09 07 04 50 113  7.3  8.7  1.80  8.33  5.92  95 1013.3  26.7  28.0  24.6 99.0 99.00
2016 09 07 05 50  98  6.0  7.2  1.73 10.00  5.95 128 1013.8  27.0  28.0  24.8 99.0 99.00
2016 09 07 06 50 103  5.6  6.6  1.74  9.09  5.97 117 1014.0  27.3  28.0  24.6 99.0 99.00
2016 09 07 07 50 102  6.4  8.0  1.71  9.09  6.02 118 1014.5  27.6  28.0  24.5 99.0 99.00
2016 09 07 08 50  90  6.7  8.3  1.52  9.09  5.78  99 1014.6  27.4  28.0  24.8 99.0 99.00
2016 09 07 09 50  91  6.7  8.1  1.74  8.33  6.04  98 1015.1  27.4  28.0  24.7 99.0 99.00
2016 09 07 10 50  93  6.2  7.3  1.82  9.09  6.08 126 1015.7  27.6  28.0  24.8 99.0 99.00
2016 09 07 11 50  87  7.1  8.6  1.72  8.33  5.86  83 1016.0  27.4  28.1  24.8 99.0 99.00
2016 09 07 12 50  91  7.1  8.5  1.80  8.33  5.83 128 1016.3  27.6  28.1  24.6 99.0 99.00
2016 09 07 13 50  86  7.0  8.4  1.87  8.33  6.06 117 1016.4  27.8  28.2  24.3 99.0 99.00
2016 09 07 14 50  84  6.3  7.6  1.65  8.33  5.60 119 1016.2  27.8  28.2  24.4 99.0 99.00
2016 09 07 15 50  83  6.0  7.3  1.67  6.67  5.97  82 1015.5  27.8  28.3  24.5 99.0 99.00
2016 09 07 16 50  75  5.2  6.3  1.79  8.33  6.09 108 1014.9  27.9  28.3  24.7 99.0 99.00
2016 09 07 17 50  77  5.7  6.7  1.69  8.33  5.91 113 1014.7  27.9  28.4  24.9 99.0 99.00
2016 09 07 18 50  73  5.9  7.0  1.62  7.69  5.84  87 1014.3  27.9  28.4  25.1 99.0 99.00
2016 09 07 19 50  68  5.9  6.9  1.66  9.09  5.99 124 1014.4  27.9  28.3  25.0 99.0 99.00
2016 09 07 20 50  54  6.1  7.2  1.59  9.09  6.13 133 1014.9  27.9  28.3  25.2 99.0 99.00
2016 09 07 21 50  59  6.0  7.1  1.64 10.00  6.02 126 1015.3  27.8  28.2  25.3 99.0 99.00
2016 09 07 22 50  60  6.5  7.6  1.64  9.09  6.05 139 1015.9  27.8  28.2  25.2 99.0 99.00
2016 09 07 23 50  68  7.1  8.5  1.68  9.09  6.08 134 1016.2  27.8  28.2  25.1 99.0 99.00
2016 09 08 00 50  67  7.2  8.5  1.63 10.00  6.04 107 1016.5  27.8  28.1  24.9 99.0 99.00
2016 09 08 01 50  62  7.4  8.4  1.68 10.00  5.95 124 1016.2  27.7  28.1  24.7 99.0 99.00
2016 09 08 02 50  61  8.0  9.3  1.67 10.00  5.72 113 1015.6  27.6  28.1  24.7 99.0 99.00
2016 09 08 03 50  54  8.4  9.7  1.67 10.00  5.69 100 1015.3  27.6  28.1  24.6 99.0 99.00
2016 09 08 04 50  58  8.3  9.6  1.65  8.33  5.53 110 1014.7  27.5  28.1  24.5 99.0 99.00
2016 09 08 05 50  69  8.8 10.2  1.67  7.69  5.48 102 1014.1  27.5  28.1  24.0 99.0 99.00
2016 09 08 06 50  66  7.9  8.9  1.64 11.43  5.38 110 1014.1  27.5  28.1  24.2 99.0 99.00
2016 09 08 07 50  65  8.1  9.8  1.76 10.00  5.66 115 1014.3  27.5  28.1  23.8 99.0 99.00
2016 09 08 08 50  61  7.7  8.8  1.70 12.12  5.43  80 1014.3  27.5  28.1  24.0 99.0 99.00
2016 09 08 09 50  64  7.5  8.7  1.69 10.00  5.66 116 1014.6  27.5  28.0  24.0 99.0 99.00
2016 09 08 10 50  68  7.6  9.1  1.78 10.00  5.69 116 1015.0  27.6  28.0  23.8 99.0 99.00
2016 09 08 11 50  60  6.5  7.9  1.73 10.00  5.43 107 1015.4  27.6  28.0  24.1 99.0 99.00
2016 09 08 12 50  59  6.8  8.0  1.71 10.81  5.61  56 1015.4  27.8  28.1  24.0 99.0 99.00
2016 09 08 14 50  55  6.5  7.6  1.71 10.81  5.65 151 1014.9  27.8  28.2  24.2 99.0 99.00
2016 09 08 15 50  58  6.7  7.8  1.76 11.43  5.64  12 1014.4  27.8  28.2  24.2 99.0 99.00
2016 09 08 16 50  58  7.5  8.9  1.70 10.81  5.69 108 1014.0  27.8  28.3  24.4 99.0 99.00
2016 09 08 17 50  61  7.6  8.6  1.72  7.14  5.61  75 1013.9  27.9  28.3  24.1 99.0 99.00
2016 09 08 18 50  54  6.7  7.6  1.64 10.81  5.73  17 1013.8  27.9  28.2  24.1 99.0 99.00
2016 09 08 19 50  58  7.0  8.5  1.63 10.81  5.70  97 1014.0  28.0  28.2  24.2 99.0 99.00
2016 09 08 20 50  55  7.3  8.4  1.67 10.81  5.83 105 1014.2  27.9  28.2  24.3 99.0 99.00
2016 09 08 21 50  65  7.1  8.8  1.70 10.00  5.98  37 1014.5  27.9  28.1  24.3 99.0 99.00
2016 09 08 22 50  56  5.8  7.3  1.65 10.00  5.85  31 1015.0  27.5  28.1  24.9 99.0 99.00
2016 09 08 23 50  55  7.1  8.2  1.70 10.81  6.05 106 1015.3  27.7  28.1  24.7 99.0 99.00
2016 09 09 00 50  64  6.5  7.5  1.70  7.14  6.08  77 1015.7  27.6  28.1  24.6 99.0 99.00
2016 09 09 01 50  47  6.4  7.9  1.62 10.81  5.82 118 1015.6  27.4  28.0  24.4 99.0 99.00
2016 09 09 02 50  56  6.6  7.9  1.75 10.00  6.07  64 1015.3  27.5  28.0  24.8 99.0 99.00
2016 09 09 03 50  45  7.5  8.8  1.64  7.69  5.99  81 1014.2  27.6  28.0  24.8 99.0 99.00
2016 09 09 04 50  46  7.2  8.4  1.80 10.81  5.81  61 1013.5  27.5  28.0  24.7 99.0 99.00
2016 09 09 05 50  56  7.8  9.3  1.97 10.00  6.27  71 1013.0  27.6  28.0  24.2 99.0 99.00
2016 09 09 06 50  49  7.5  9.2  2.00 10.00  5.92  30 1013.2  27.5  28.0  24.0 99.0 99.00
2016 09 09 07 50  44  8.9 11.6  2.02  7.14  6.04  69 1013.2  26.6  28.0  24.2 99.0 99.00
2016 09 09 08 50  56  8.9 10.9  1.99 10.00  6.14  40 1013.1  27.3  28.0  23.8 99.0 99.00
2016 09 09 09 50  59  8.4 10.2  2.02  7.14  5.99  63 1013.4  27.6  28.0  23.6 99.0 99.00
2016 09 09 10 50  49  8.6 10.1  2.11 10.00  6.14  20 1013.9  27.7  28.0  23.8 99.0 99.00
2016 09 09 11 50  49  8.6 10.3  2.07  7.69  5.84  73 1014.3  27.8  28.0  23.7 99.0 99.00
2016 09 09 12 50  47  9.1 11.1  2.29 10.00  6.16  13 1014.3  27.9  28.0  23.3 99.0 99.00
2016 09 09 13 50  52  8.5 10.2  2.25  7.69  6.10  70 1014.3  27.9  28.1  23.6 99.0 99.00
2016 09 09 14 50  47  7.7  9.2  2.25  9.09  5.93  37 1013.8  27.8  28.1  23.8 99.0 99.00
2016 09 09 15 50  43  8.6 10.1  2.19  7.69  5.96  75 1013.1  28.0  28.1  23.6 99.0 99.00
2016 09 09 16 50  44  8.1  9.4  2.08  7.14  5.94  65 1012.6  27.9  28.1  23.6 99.0 99.00
2016 09 09 17 50  45  9.1 10.7  2.01  7.69  5.72  87 1012.1  28.0  28.1  23.5 99.0 99.00
2016 09 09 18 50  45  8.8 10.1  2.14  7.69  5.80  64 1011.9  28.0  28.1  23.7 99.0 99.00
2016 09 09 19 50  40  8.0  9.3  2.19  7.69  5.76  53 1011.7  27.9  28.1  24.3 99.0 99.00
2016 09 09 20 50  38  8.5 10.2  2.11  9.09  5.65  36 1012.3  27.9  28.1  24.1 99.0 99.00
2016 09 09 21 50  33  7.7  9.7  2.07  9.09  5.68  29 1012.4  26.9  28.1  24.3 99.0 99.00
2016 09 09 22 50  37  9.3 10.9  2.12  8.33  5.82  44 1012.7  27.7  28.1  24.6 99.0 99.00
2016 09 09 23 50  40  9.7 11.3  2.23  8.33  6.00  69 1013.0  27.8  28.1  24.8 99.0 99.00
2016 09 10 00 50  61  9.1 10.9  2.17  8.33  5.71  66 1013.4  26.1  28.0  24.4 99.0 99.00
2016 09 10 01 50  72  8.0  9.8  2.25  7.69  5.62  78 1013.6  25.6  28.0  24.1 99.0 99.00
2016 09 10 02 50  63  9.0 10.6  2.42  8.33  5.83  66 1012.5  26.2  28.0  24.2 99.0 99.00
2016 09 10 03 50  61  8.6 10.0  2.39  8.33  5.75  65 1012.2  24.8  28.0  23.4 99.0 99.00
2016 09 10 04 50  60  9.1 11.1  2.31  7.69  5.87  69 1012.0  25.4  28.0  23.4 99.0 99.00
2016 09 10 05 50  47  7.7  9.4  2.44  9.09  6.15  57 1010.8  26.0  28.0  24.1 99.0 99.00
2016 09 10 06 50  40 10.0 12.1  2.31  8.33  6.25  64 1010.2  26.2  28.0  24.3 99.0 99.00
2016 09 10 07 50  40 10.5 13.0  2.31  8.33  5.83  72 1010.2  27.0  27.9  24.2 99.0 99.00
2016 09 10 08 50  43 10.0 11.9  2.62  9.09  6.06  66 1010.5  26.7  27.9  23.9 99.0 99.00
2016 09 10 09 50  46 10.7 13.7  2.68  7.14  6.06  59 1010.8  27.2  27.9  23.8 99.0 99.00
2016 09 10 10 50  45 11.4 13.6  2.79  8.33  6.33  67 1011.4  26.8  27.9  24.2 99.0 99.00
2016 09 10 11 50  50 10.2 12.4  2.47  8.33  5.90  69 1012.1  26.9  27.9  24.1 99.0 99.00
2016 09 10 12 50  61 10.3 12.6  2.75  9.09  6.24  64 1012.3  25.3  27.9  23.9 99.0 99.00
2016 09 10 13 50  55 10.4 13.5  2.83  9.09  6.45  69 1012.2  25.0  27.8  23.7 99.0 99.00
2016 09 10 14 50  52  9.6 11.4  2.71  8.33  6.30  58 1011.3  26.4  27.9  24.2 99.0 99.00
2016 09 10 15 50  50 10.1 12.3  2.85  9.09  6.44  80 1010.6  26.5  27.9  24.2 99.0 99.00
2016 09 10 16 50  64  9.0 12.5  2.66  8.33  6.20  65 1010.2  26.4  27.9  24.1 99.0 99.00
2016 09 10 17 50  64  9.1 12.6  2.54  9.09  6.30  78 1009.7  25.4  27.9  23.5 99.0 99.00
2016 09 10 18 50  49  6.9  9.1  2.62  9.09  6.46  61 1010.2  24.7  27.8  23.8 99.0 99.00
2016 09 10 19 50  15  4.3  6.2  2.56  9.09  6.52  63 1010.0  25.1  27.8  24.2 99.0 99.00
2016 09 10 20 50  31  4.8  6.5  2.52  9.09  6.54  53 1010.2  26.7  27.9  24.5 99.0 99.00
2016 09 10 21 50  44  7.6  8.6  2.56  9.09  6.84  71 1010.2  25.9  27.9  24.1 99.0 99.00
2016 09 10 22 50 352  4.8  5.8  2.44  9.09  6.68  49 1010.6  25.9  27.9  23.9 99.0 99.00
2016 09 10 23 50  80  1.4  2.4  2.18  9.09  6.59  61 1011.3  25.1  27.9  23.7 99.0 99.00
2016 09 11 00 50 233  8.2  9.9  2.12  9.09  6.69  61 1011.1  25.3  27.9  23.8 99.0 99.00
2016 09 11 01 50 242  7.5  9.2  1.97  9.09  6.27  89 1011.1  25.2  27.9  23.9 99.0 99.00
2016 09 11 02 50 227  7.2  8.4  1.86  9.09  6.44  68 1010.9  25.7  27.9  24.2 99.0 99.00
2016 09 11 03 50 230  7.2  8.6  2.03 10.00  6.86  69 1010.0  26.1  27.9  23.4 99.0 99.00
2016 09 11 04 50 224  4.8  6.4  1.87  9.09  7.01  71 1010.3  26.2  27.9  24.0 99.0 99.00
2016 09 11 05 50 216  4.3  6.4  1.90  9.09  7.28  51 1010.0  26.2  27.9  23.9 99.0 99.00
2016 09 11 06 50 195  7.5  9.5  1.91  9.09  6.98  80 1009.5  25.3  27.9  24.0 99.0 99.00
2016 09 11 07 50 206  4.4  5.6  1.82  9.09  6.88  82 1009.7  25.9  27.9  24.6 99.0 99.00
2016 09 11 08 50 205  7.7  9.4  1.93  9.09  6.81  70 1009.6  26.8  27.9  24.6 99.0 99.00
2016 09 11 09 50 221  7.3  8.8  1.72  9.09  6.23  51 1010.3  27.3  27.9  24.9 99.0 99.00
2016 09 11 10 50 209  7.7  9.6  1.85  9.09  6.22  55 1011.2  27.5  27.9  24.9 99.0 99.00
2016 09 11 11 50 192  8.9 11.2  1.77  8.33  5.89  42 1011.6  27.6  27.9  24.6 99.0 99.00
2016 09 11 12 50 189  9.1 10.9  1.83  9.09  5.54  70 1012.4  27.2  27.9  24.8 99.0 99.00
2016 09 11 14 50 202 10.4 14.6  2.24  8.33  6.09  77 1012.4  26.1  27.8  24.7 99.0 99.00
2016 09 11 15 50 212 11.3 14.2  2.15  9.09  5.85  80 1011.3  25.9  27.8  24.1 99.0 99.00
2016 09 11 16 50 203 10.2 12.2  2.36  8.33  5.96  94 1011.0  26.5  27.8  24.3 99.0 99.00
2016 09 11 17 50 200 10.2 12.4  2.34  9.09  6.12 117 1010.9  27.1  27.8  24.6 99.0 99.00
2016 09 11 18 50 198  9.4 12.4  2.45  8.33  6.28 122 1011.1  27.5  27.8  24.8 99.0 99.00
2016 09 11 19 50 187  8.2 10.0  2.35  7.69  6.06 146 1011.6  27.3  27.8  24.5 99.0 99.00
2016 09 11 20 50 197  7.5  9.3  2.32  7.69  6.14 149 1012.1  27.7  27.8  24.2 99.0 99.00
2016 09 11 21 50 183  8.6 10.4  2.42  7.69  6.29 141 1012.6  27.7  27.8  24.9 99.0 99.00
2016 09 11 22 50 191  8.2  9.9  2.28  7.69  6.22 161 1012.7  27.7  27.8  24.9 99.0 99.00
2016 09 11 23 50 198  8.6 10.3  2.33  8.33  6.19 132 1013.1  27.7  27.8  24.7 99.0 99.00
2016 09 12 00 50 199  8.4  9.7  2.09  8.33  6.30  96 1013.2  27.8  27.8  24.6 99.0 99.00
2016 09 12 01 50 209  6.0  7.5  2.16  9.09  6.28 115 1013.2  27.7  27.8  25.0 99.0 99.00
2016 09 12 02 50 182  5.0  5.9  2.24  7.69  6.49 148 1013.6  27.6  27.8  24.8 99.0 99.00
2016 09 12 03 50 179  5.1  6.0  2.12  9.09  6.50 121 1013.1  27.7  27.8  24.7 99.0 99.00
2016 09 12 04 50 185  5.2  6.3  2.19  8.33  6.52 131 1012.7  27.6  27.8  24.4 99.0 99.00
2016 09 12 05 50 182  4.7  5.7  2.14  8.33  6.47 115 1012.3  27.5  27.8  24.6 99.0 99.00
2016 09 12 06 50 164  4.8  5.7  2.07  8.33  6.48 115 1012.2  27.5  27.8  24.8 99.0 99.00
2016 09 12 07 50 166  4.5  5.5  2.05  8.33  6.74 110 1012.5  27.4  27.8  24.8 99.0 99.00
2016 09 12 08 50 155  4.8  6.2  2.01  7.69  6.37  99 1012.3  27.3  27.7  24.5 99.0 99.00
2016 09 12 09 50 153  5.5  7.0  1.97  9.09  6.25 121 1012.9  27.5  27.7  24.0 99.0 99.00
2016 09 12 10 50 140  4.9  5.9  1.94  8.33  6.48 108 1013.5  27.7  27.8  24.5 99.0 99.00
2016 09 12 11 50 136  4.0  5.6  1.87  9.09  6.44 109 1014.0  27.7  27.8  25.2 99.0 99.00
2016 09 12 12 50 122  4.3  5.6  1.89  8.33  6.61 121 1014.0  27.8  27.9  25.4 99.0 99.00
2016 09 12 13 50 122  4.2  4.9  1.76  8.33  6.33 117 1014.2  27.8  28.0  25.1 99.0 99.00
2016 09 12 14 50  98  4.9  5.8  1.72  8.33  6.16 112 1013.7  27.7  28.2  25.0 99.0 99.00
2016 09 12 15 50 104  4.3  5.2  1.98  9.09  6.70 130 1013.1  27.7  28.4  25.1 99.0 99.00
2016 09 12 16 50 105  3.8  4.5  1.80  7.69  6.47 114 1012.4  27.8  28.5  25.0 99.0 99.00
2016 09 12 17 50 109  3.8  4.7  1.70  8.33  6.30  82 1012.1  27.9  28.6  24.6 99.0 99.00
2016 09 12 18 50 113  3.9  5.0  1.78  8.33  6.53 101 1012.2  28.0  28.6  24.5 99.0 99.00
2016 09 12 19 50 101  4.3  5.1  1.72  8.33  6.46 112 1012.6  28.1  28.6  24.6 99.0 99.00
2016 09 12 20 50  96  4.2  5.1  1.57  7.69  6.37 121 1013.1  28.0  28.4  24.8 99.0 99.00
2016 09 12 21 50  90  4.5  5.2  1.53  8.33  6.28  83 1013.6  27.9  28.4  24.9 99.0 99.00
2016 09 12 22 50  82  5.5  6.4  1.41  7.69  6.29 104 1014.1  27.7  28.3  25.0 99.0 99.00
2016 09 12 23 50  84  6.0  7.2  1.50  9.09  6.44 101 1014.6  27.8  28.2  25.1 99.0 99.00
2016 09 13 00 50  82  6.4  7.1  1.50  9.09  6.11 111 1014.8  27.7  28.2  24.9 99.0 99.00
2016 09 13 01 50  82  6.0  6.8  1.49  8.33  5.93 100 1014.7  27.6  28.1  24.6 99.0 99.00
2016 09 13 02 50  86  6.0  7.0  1.27  8.33  5.53 110 1014.3  27.5  28.1  24.8 99.0 99.00
2016 09 13 03 50  78  5.9  6.8  1.44  8.33  5.99 123 1013.7  27.5  28.1  24.9 99.0 99.00
2016 09 13 04 50  82  6.3  7.6  1.63  7.69  6.28  83 1012.8  27.3  28.0  24.4 99.0 99.00
2016 09 13 05 50  75  5.6  6.4  1.41  8.33  5.72  84 1012.3  27.3  28.0  24.4 99.0 99.00
2016 09 13 06 50  66  6.7  8.0  1.43  9.09  5.72 122 1012.2  27.3  27.9  24.3 99.0 99.00
2016 09 13 07 50  70  7.9  9.5  1.47  8.33  5.63  81 1012.4  27.3  27.9  24.4 99.0 99.00
2016 09 13 08 50  72  7.6  8.8  1.44  9.09  5.49 116 1012.9  27.3  27.9  23.9 99.0 99.00
2016 09 13 09 50  67  7.7  9.4  1.53  8.33  5.47 109 1013.6  27.4  27.9  23.5 99.0 99.00
2016 09 13 10 50  70  6.5  7.5  1.54  8.33  5.40 115 1014.1  27.5  27.9  23.3 99.0 99.00
2016 09 13 12 50  71  5.7  7.0  1.55  7.69  5.59  57 1014.5  27.6  28.0  23.7 99.0 99.00
2016 09 13 13 50  76  6.0  7.0  1.45  9.09  5.47 128 1014.7  27.5  28.1  23.3 99.0 99.00
2016 09 13 14 50  74  6.5  7.4  1.41  8.33  5.52 127 1014.1  27.5  28.1  23.3 99.0 99.00
2016 09 13 15 50  66  6.6  8.1  1.43  8.33  5.48 117 1013.3  27.6  28.2  22.9 99.0 99.00
2016 09 13 16 50  63  6.0  6.8  1.48  7.69  5.41  67 1012.5  27.6  28.2  23.3 99.0 99.00
2016 09 13 17 50  68  6.6  7.9  1.51  7.69  5.47  87 1012.1  27.6  28.2  22.9 99.0 99.00
2016 09 13 18 50  69  5.9  7.1  1.41  5.56  5.37  93 1012.1  27.6  28.2  23.1 99.0 99.00
2016 09 13 19 50  66  6.1  7.4  1.42  7.69  5.55  87 1012.2  27.6  28.2  22.9 99.0 99.00
2016 09 13 20 50  66  5.4  6.8  1.32  8.33  5.40  99 1012.7  27.5  28.1  22.9 99.0 99.00
2016 09 13 21 50  67  5.6  6.8  1.36  8.33  5.57  87 1013.7  27.5  28.1  22.9 99.0 99.00
2016 09 13 22 50  59  5.8  6.9  1.35  7.69  5.57  70 1014.7  27.5  28.1  23.2 99.0 99.00
2016 09 13 23 50  56  5.9  7.1  1.31  7.69  5.38  92 1015.4  27.5  28.1  23.0 99.0 99.00
2016 09 14 00 50  56  6.2  7.2  1.37  8.33  5.79 109 1015.7  27.5  28.0  22.9 99.0 99.00
2016 09 14 01 50  67  5.6  6.7  1.36  7.14  5.61  82 1015.3  27.5  28.0  22.9 99.0 99.00
2016 09 14 02 50  65  4.9  6.1  1.22  8.33  5.24 130 1014.7  27.5  28.0  23.0 99.0 99.00
2016 09 14 03 50  61  4.8  5.6  1.27  7.69  5.55  80 1014.0  27.2  28.0  23.2 99.0 99.00
2016 09 14 04 50  58  5.2  6.4  1.26  8.33  5.35 116 1013.5  27.2  28.0  23.3 99.0 99.00
2016 09 14 05 50  60  5.4  6.3  1.34  7.69  5.43  78 1013.1  27.2  27.9  23.2 99.0 99.00
2016 09 14 06 50  64  5.5  6.6  1.24  7.69  5.62  88 1012.6  27.1  27.9  23.3 99.0 99.00
2016 09 14 07 50  62  6.2  7.3  1.31  8.33  5.33 131 1012.7  27.1  27.9  23.6 99.0 99.00
2016 09 14 08 50  63  6.6  7.9  1.21  8.33  5.09 101 1013.0  27.1  27.9  23.3 99.0 99.00
2016 09 14 09 50  59  7.6  8.7  1.28  8.33  5.13 106 1013.5  27.3  27.9  22.8 99.0 99.00
2016 09 14 10 50  60  7.1  8.2  1.29  7.69  5.12  76 1014.3  27.4  27.9  22.2 99.0 99.00
2016 09 14 11 50  55  6.1  7.0  1.22  7.14  4.98  64 1015.1  27.3  27.9  22.7 99.0 99.00
2016 09 14 12 50  61  6.2  7.8  1.35  8.33  5.51  93 1015.2  27.3  27.9  22.4 99.0 99.00
2016 09 14 14 50  73  5.0  6.2  1.27  8.33  5.29 103 1014.9  27.2  28.0  22.0 99.0 99.00
2016 09 14 15 50  75  4.6  5.8  1.29  8.33  5.36 107 1014.2  27.2  28.1  22.1 99.0 99.00
2016 09 14 16 50  69  4.5  5.4  1.29  8.33  5.75  99 1013.7  27.3  28.2  21.7 99.0 99.00
2016 09 14 18 50  82  3.5  4.2  1.30  8.33  5.77  94 1013.1  27.5  28.2  21.0 99.0 99.00
2016 09 14 19 50  90  3.8  4.5  1.47  8.33  6.05  95 1013.3  27.2  28.3  21.8 99.0 99.00
2016 09 14 20 50  81  3.4  4.2  1.39  7.14  6.09  80 1014.0  27.4  28.1  21.3 99.0 99.00
2016 09 14 21 50  56  3.5  4.2  1.46  8.33  6.36  88 1014.5  27.3  28.1  21.3 99.0 99.00
2016 09 14 22 50  70  5.2  6.3  1.43  7.69  6.44  78 1015.0  27.2  28.0  22.7 99.0 99.00
2016 09 14 23 50  82  4.7  5.7  1.38  7.69  6.36  86 1015.6  27.3  28.0  21.7 99.0 99.00
2016 09 15 00 50  70  4.3  5.1  1.35  8.33  6.19  97 1015.8  27.3  27.9  21.8 99.0 99.00
2016 09 15 01 50  58  4.7  5.6  1.37 16.00  6.45  29 1015.8  27.2  28.0  22.2 99.0 99.00
2016 09 15 02 50  86  6.2  7.6  1.33  8.33  6.22  89 1015.2  26.8  27.9  21.8 99.0 99.00
2016 09 15 03 50  82  4.3  5.4  1.38  9.09  6.55 114 1014.7  27.1  27.9  21.8 99.0 99.00
2016 09 15 04 50  84  3.9  4.8  1.44  7.69  6.56  75 1013.7  26.7  27.9  22.0 99.0 99.00
2016 09 15 05 50  71  3.9  5.0  1.46  8.33  6.74 103 1013.2  26.9  27.9  21.4 99.0 99.00
2016 09 15 06 50  78  2.6  3.5  1.45 14.81  6.97  20 1013.0  26.7  27.8  21.5 99.0 99.00
2016 09 15 07 50  68  2.9  4.2  1.32 14.81  6.73  38 1013.2  26.9  27.9  21.6 99.0 99.00
2016 09 15 08 50  78  3.5  4.8  1.38 13.79  6.87  19 1013.5  26.9  27.9  21.7 99.0 99.00
2016 09 15 09 50  45  4.6  5.8  1.32  7.69  6.72  91 1013.9  26.8  27.9  21.9 99.0 99.00
2016 09 15 10 50  66  5.0  6.5  1.36 14.81  7.13  15 1014.5  26.9  27.9  22.0 99.0 99.00
2016 09 15 11 50  68  5.2  6.2  1.53 13.79  7.32  19 1014.8  27.1  27.9  22.0 99.0 99.00
2016 09 15 12 50  91  5.3  6.7  1.45 13.79  6.88 356 1014.9  27.2  28.0  21.9 99.0 99.00
2016 09 15 13 50  96  5.4  6.8  1.49 13.79  6.91   9 1014.7  27.3  28.0  21.8 99.0 99.00
2016 09 15 14 50  93  4.7  5.8  1.47 12.90  6.59  14 1014.4  27.3  28.1  22.1 99.0 99.00
2016 09 15 15 50  97  5.3  6.1  1.44 13.79  6.34  20 1013.9  27.4  28.2  22.2 99.0 99.00
2016 09 15 17 50  93  4.6  5.9  1.50 13.79  6.51  18 1012.7  27.4  28.2  22.2 99.0 99.00
2016 09 15 18 50  99  4.6  5.7  1.39 13.79  6.25  33 1012.6  27.5  28.3  22.1 99.0 99.00
2016 09 15 19 50  86  4.6  5.3  1.37 12.90  6.53  26 1012.9  27.6  28.2  22.5 99.0 99.00
2016 09 15 20 50 133  4.9  5.9  1.44 13.79  6.45  11 1013.4  26.0  28.1  23.4 99.0 99.00
2016 09 15 21 50  71  4.3  5.8  1.53  8.33  6.78  93 1013.8  27.2  28.1  23.1 99.0 99.00
2016 09 15 22 50  90  6.0  6.9  1.53 12.90  6.22   9 1014.3  26.5  28.0  23.4 99.0 99.00
2016 09 15 23 50  83  5.2  6.3  1.55 13.79  6.34  27 1014.8  26.8  28.0  23.8 99.0 99.00
2016 09 16 00 50  79  4.5  6.0  1.50 12.90  6.12   2 1015.1  26.9  28.0  23.5 99.0 99.00
2016 09 16 01 50  69  4.8  5.8  1.58  7.14  6.37  69 1014.8  26.8  28.0  23.6 99.0 99.00
2016 09 16 02 50  99  5.3  9.3  1.65  9.09  6.71 121 1014.6  26.2  28.0  23.7 99.0 99.00
2016 09 16 03 50  84  6.0  7.7  1.57  7.69  6.23  88 1013.9  27.2  28.0  23.8 99.0 99.00
2016 09 16 04 50  77  6.3  7.4  1.57  7.69  6.19  96 1012.9  27.3  28.0  23.6 99.0 99.00
2016 09 16 05 50  75  6.6  7.9  1.49  7.69  6.00  75 1012.4  27.2  28.0  23.7 99.0 99.00
2016 09 16 06 50  70  6.6  8.2  1.65  8.33  6.28  95 1012.4  27.2  27.9  23.4 99.0 99.00
2016 09 16 07 50  70  6.8  8.2  1.62  7.69  6.04  76 1012.5  27.2  27.9  23.6 99.0 99.00
2016 09 16 08 50  75  7.3  8.3  1.60 10.00  5.85  89 1012.7  27.2  27.9  23.1 99.0 99.00
2016 09 16 09 50  78  7.0  8.4  1.66 12.12  6.03  24 1013.5  27.4  27.9  22.7 99.0 99.00
2016 09 16 10 50  76  6.8  7.8  1.49  9.09  5.61 105 1014.3  27.5  27.9  22.5 99.0 99.00
2016 09 16 11 50  70  5.6  6.9  1.64  9.09  5.87 106 1014.7  27.4  28.0  23.0 99.0 99.00
2016 09 16 12 50  77  5.3  6.3  1.55  8.33  6.06  94 1014.9  27.5  28.0  22.5 99.0 99.00
2016 09 16 13 50  78  4.5  5.8  1.54  9.09  6.11 123 1015.2  27.5  28.1  22.6 99.0 99.00
2016 09 16 14 50  70  4.8  5.7  1.57  9.09  6.51 113 1014.5  27.4  28.2  22.7 99.0 99.00
2016 09 16 15 50  63  4.4  5.1  1.53  9.09  6.37 102 1013.9  27.4  28.3  23.0 99.0 99.00
2016 09 16 16 50  75  2.8  3.6  1.39  9.09  6.28 119 1013.7  27.5  28.4  22.9 99.0 99.00
2016 09 16 17 50  70  3.2  4.0  1.51  9.09  6.83 103 1013.2  27.5  28.6  22.9 99.0 99.00
2016 09 16 18 50  62  2.8  3.9  1.38  9.09  6.75 107 1013.3  27.6  28.6  23.0 99.0 99.00
2016 09 16 19 50  56  3.1  3.9  1.42  9.09  6.86  96 1013.4  27.5  28.5  23.1 99.0 99.00
2016 09 16 20 50  76  2.9  3.6  1.38  9.09  6.94 105 1014.0  27.5  28.3  23.0 99.0 99.00
2016 09 16 21 50  59  2.8  3.7  1.43  9.09  7.25 123 1014.7  27.6  28.2  23.3 99.0 99.00
2016 09 16 22 50  44  4.5  5.4  1.39  8.33  7.06  93 1015.1  27.6  28.2  23.6 99.0 99.00
2016 09 16 23 50  48  4.9  5.9  1.33  9.09  7.06  87 1015.5  27.6  28.2  23.8 99.0 99.00
2016 09 17 00 50  54  5.4  6.4  1.32  9.09  7.09 115 1015.7  27.7  28.1  23.4 99.0 99.00
2016 09 17 01 50  52  5.9  6.6  1.33  8.33  6.90 102 1015.3  27.7  28.1  23.9 99.0 99.00
2016 09 17 02 50  51  4.9  5.9  1.43  9.09  7.17  96 1014.8  27.7  28.1  23.7 99.0 99.00
2016 09 17 03 50  49  4.5  5.3  1.29  9.09  6.72 128 1014.5  27.5  28.1  24.0 99.0 99.00
2016 09 17 04 50  45  4.7  6.1  1.45  9.09  7.06 121 1013.7  27.6  28.1  24.3 99.0 99.00
2016 09 17 05 50  34  4.3  5.2  1.48  8.33  7.12 116 1013.2  27.6  28.1  24.2 99.0 99.00
2016 09 17 06 50  31  4.5  5.7  1.34  9.09  6.79 125 1012.9  27.6  28.1  24.2 99.0 99.00
2016 09 17 07 50  32  5.0  6.0  1.30  9.09  6.45 144 1013.1  27.6  28.0  24.1 99.0 99.00
2016 09 17 08 50  35  5.5  6.5  1.33  8.33  6.52  94 1013.5  27.6  28.0  23.9 99.0 99.00
2016 09 17 09 50  32  4.6  5.4  1.38  8.33  6.57  75 1014.3  27.7  28.0  24.1 99.0 99.00
2016 09 17 10 50  37  5.6  6.6  1.38  7.69  6.44  85 1014.6  27.8  28.0  24.3 99.0 99.00
2016 09 17 11 50  33  6.1  7.2  1.38  8.33  6.05  98 1014.9  27.9  28.1  24.3 99.0 99.00
2016 09 17 12 50  33  6.0  7.1  1.36  8.33  5.70 104 1015.2  27.7  28.1  23.9 99.0 99.00
2016 09 17 14 50  29  5.8  7.4  1.45  7.14  5.70  73 1014.6  27.8  28.2  23.8 99.0 99.00
2016 09 17 15 50  22  4.6  5.4  1.60  8.33  6.02  95 1013.8  27.7  28.3  23.5 99.0 99.00
2016 09 17 16 50  17  5.5  6.5  1.49  8.33  5.91 126 1013.4  27.8  28.4  23.6 99.0 99.00
2016 09 17 18 50  16  5.9  7.0  1.51  8.33  6.07 121 1012.7  27.9  28.4  23.5 99.0 99.00
2016 09 17 19 50  17  6.4  7.6  1.65 10.81  6.16  45 1012.7  27.9  28.3  23.8 99.0 99.00
2016 09 17 20 50  18  6.7  8.2  1.72  9.09  6.22  94 1013.0  27.8  28.3  23.9 99.0 99.00
2016 09 17 21 50  13  6.5  8.1  1.75  9.09  6.30  81 1013.3  27.8  28.2  24.3 99.0 99.00
2016 09 17 22 50  18  7.3  8.7  1.89 10.00  6.53  65 1013.4  27.8  28.2  24.3 99.0 99.00
2016 09 17 23 50  27  7.6  9.3  1.94 11.43  6.57  62 1013.9  27.8  28.1  24.5 99.0 99.00
2016 09 18 00 50  20  8.5 10.1  1.94 11.43  6.28  63 1014.0  27.7  28.1  24.3 99.0 99.00
2016 09 18 01 50  26  7.8  9.7  1.82 10.00  6.11  62 1013.9  27.7  28.1  24.1 99.0 99.00
2016 09 18 02 50  23  7.5  9.1  2.04 11.43  6.33  60 1013.7  27.6  28.1  24.1 99.0 99.00
2016 09 18 03 50  25  7.2  8.4  1.97 12.12  6.06  68 1013.0  27.5  28.0  24.0 99.0 99.00
2016 09 18 04 50  22  6.9  8.1  2.01  8.33  6.45  78 1012.1  27.5  28.0  24.1 99.0 99.00
2016 09 18 05 50  11  7.4  8.9  2.02 11.43  6.50  62 1011.5  27.5  28.1  24.0 99.0 99.00
2016 09 18 06 50  15  7.9  9.7  2.12 12.12  6.62  59 1011.1  27.3  28.0  24.0 99.0 99.00
2016 09 18 07 50  11  7.1  8.9  2.09 12.12  6.43  51 1011.4  27.4  28.0  24.3 99.0 99.00
2016 09 18 08 50   7  8.1  9.4  2.14  8.33  6.78  82 1011.4  27.3  28.0  24.3 99.0 99.00
2016 09 18 09 50  12  8.1  9.8  2.10 12.12  6.59  73 1011.7  27.6  28.1  24.1 99.0 99.00
2016 09 18 10 50  16  7.4  8.6  2.02 10.00  6.31  69 1012.5  27.6  28.1  24.0 99.0 99.00
2016 09 18 11 50  14  7.9  9.6  2.06 10.81  6.13  61 1012.8  27.7  28.1  23.6 99.0 99.00
2016 09 18 12 50  13  7.0  8.2  2.06 12.12  6.52  64 1013.0  27.8  28.1  23.7 99.0 99.00
2016 09 18 13 50  19  6.7  8.0  1.98 11.43  6.43  63 1012.8  27.7  28.1  23.5 99.0 99.00
2016 09 18 14 50   9  6.2  7.3  2.28 10.81  6.65  65 1012.4  27.7  28.2  23.5 99.0 99.00
2016 09 18 15 50   2  6.0  7.3  2.17 11.43  6.63  68 1011.6  27.7  28.3  23.4 99.0 99.00
2016 09 18 16 50 356  5.6  6.7  2.11 11.43  6.89  64 1011.3  27.8  28.3  23.6 99.0 99.00
2016 09 18 17 50 354  5.9  7.1  1.95 10.00  6.92  66 1010.6  27.8  28.4  23.4 99.0 99.00
2016 09 18 18 50 356  5.1  6.0  2.16 11.43  7.18  63 1010.5  27.9  28.4  23.2 99.0 99.00
2016 09 18 19 50 355  4.7  5.5  2.02 12.12  6.93  58 1010.5  27.9  28.4  23.4 99.0 99.00
2016 09 18 20 50 349  4.7  6.0  2.01 11.43  6.96  56 1011.0  27.8  28.3  23.6 99.0 99.00
2016 09 18 21 50 341  4.8  5.7  2.19 10.81  7.22  63 1011.5  27.8  28.3  23.6 99.0 99.00
2016 09 18 22 50 329  3.7  4.5  2.13 11.43  7.46  64 1011.7  27.6  28.3  23.7 99.0 99.00
2016 09 18 23 50 333  2.5  3.1  1.92 10.81  7.02  58 1012.3  27.6  28.3  23.6 99.0 99.00
2016 09 19 00 50 332  2.6  3.6  2.24 10.00  7.55  71 1012.8  27.6  28.3  23.5 99.0 99.00
2016 09 19 01 50 320  2.3  2.9  2.01 11.43  7.30  66 1012.8  27.5  28.3  23.6 99.0 99.00
2016 09 19 02 50 274  1.7  2.7  2.32 10.81  7.84  68 1012.4  27.4  28.2  23.7 99.0 99.00
2016 09 19 03 50 253  2.0  3.5  2.19 10.81  7.66  69 1012.1  27.3  28.2  23.4 99.0 99.00
2016 09 19 04 50 276  2.3  3.2  2.15 10.00  7.49  72 1011.5  27.3  28.2  23.0 99.0 99.00
2016 09 19 05 50 327  1.7  2.2  2.14 10.81  7.44  53 1011.5  26.6  28.2  24.0 99.0 99.00
2016 09 19 06 50 213  3.1  4.4  2.11 10.81  7.73  61 1011.2  26.5  28.2  23.6 99.0 99.00
2016 09 19 07 50 201  2.8  4.0  2.10 10.00  7.66  54 1011.3  27.1  28.2  23.6 99.0 99.00
2016 09 19 08 50 209  3.0  4.1  2.13  9.09  7.78  61 1011.7  27.2  28.2  23.1 99.0 99.00
2016 09 19 09 50 205  3.0  3.9  2.07 10.00  7.63  59 1012.1  27.3  28.2  22.9 99.0 99.00
2016 09 19 10 50 175  2.6  3.4  1.93 10.00  7.42  71 1012.8  27.3  28.2  23.4 99.0 99.00
2016 09 19 11 50 175  2.8  3.6  1.80 10.00  7.33  65 1013.2  27.5  28.3  22.5 99.0 99.00
2016 09 19 12 50 169  3.1  4.2  2.01  9.09  7.89  59 1013.4  27.4  28.5  23.0 99.0 99.00
2016 09 19 13 50 188  3.2  4.3  1.69  9.09  7.37  67 1013.4  27.5  28.7  23.0 99.0 99.00
2016 09 19 14 50 183  3.6  4.6  1.66  9.09  7.28  75 1013.1  27.5  28.8  22.9 99.0 99.00
2016 09 19 15 50 177  2.7  3.7  1.85  9.09  7.76  78 1012.4  27.6  29.1  23.0 99.0 99.00
2016 09 19 16 50 183  2.3  3.5  1.60  9.09  7.53  76 1011.9  27.7  29.2  22.7 99.0 99.00
2016 09 19 17 50 197  1.7  2.4  1.58  9.09  7.57  73 1011.5  27.9  29.4  22.7 99.0 99.00
2016 09 19 18 50 166  0.9  1.7  1.59  9.09  7.44  71 1011.6  28.0  29.6  22.4 99.0 99.00
2016 09 19 19 50 156  1.4  2.0  1.68  9.09  7.63  79 1011.6  27.8  29.5  22.3 99.0 99.00
2016 09 19 20 50 136  1.6  2.4  1.72  9.09  7.62  70 1012.0  27.7  29.1  22.6 99.0 99.00
2016 09 19 21 50 127  2.6  3.6  1.64  9.09  7.79  70 1012.4  27.6  29.1  22.8 99.0 99.00
2016 09 19 22 50 141  2.7  3.4  1.68  9.09  7.70  67 1012.9  27.7  28.8  22.9 99.0 99.00
2016 09 19 23 50 136  2.7  3.4  1.45  9.09  7.54  62 1013.8  27.7  28.7  22.8 99.0 99.00
2016 09 20 00 50 119  2.3  3.0  1.45  9.09  7.50  63 1014.0  27.6  28.6  22.9 99.0 99.00
2016 09 20 01 50 109  2.0  3.3  1.63 10.00  7.57  51 1013.8  27.6  28.6  23.1 99.0 99.00
2016 09 20 02 50 105  2.4  3.1  1.63  8.33  7.68  71 1013.3  27.6  28.5  23.3 99.0 99.00
2016 09 20 03 50 108  2.0  2.8  1.62  9.09  7.84  73 1013.0  27.6  28.4  23.1 99.0 99.00
2016 09 20 04 50  92  2.9  3.6  1.80 10.00  7.95  57 1012.6  27.6  28.3  23.5 99.0 99.00
2016 09 20 05 50  77  3.3  3.9  1.51 10.00  7.68  55 1012.3  27.5  28.3  23.6 99.0 99.00
2016 09 20 06 50  73  3.2  3.9  1.62  8.33  7.70  72 1012.0  27.5  28.3  23.5 99.0 99.00
2016 09 20 07 50  78  3.3  3.9  1.57  9.09  7.86  65 1012.0  27.6  28.4  23.2 99.0 99.00
2016 09 20 08 50  69  3.2  4.1  1.51  9.09  7.59  59 1012.2  27.7  28.3  23.6 99.0 99.00
2016 09 20 09 50  69  3.5  4.2  1.50 10.00  7.64  48 1012.6  27.5  28.3  24.4 99.0 99.00
2016 09 20 10 50  71  3.9  4.9  1.48  9.09  7.60  69 1013.0  27.9  28.2  23.7 99.0 99.00
2016 09 20 11 50  97  4.0  4.7  1.39  9.09  7.42  68 1013.3  27.7  28.4  24.5 99.0 99.00
2016 09 20 12 50  87  4.5  5.4  1.42  8.33  7.24  60 1013.5  27.9  28.5  24.3 99.0 99.00
2016 09 20 14 50  97  4.2  5.1  1.51  8.33  6.96  68 1013.5  28.0  28.8  24.7 99.0 99.00
2016 09 20 15 50 106  3.5  4.4  1.45 10.00  6.92  68 1013.1  28.1  28.9  24.3 99.0 99.00
2016 09 20 16 50 108  2.9  3.9  1.48  9.09  6.88  69 1012.7  28.4  29.1  24.3 99.0 99.00
2016 09 20 19 50  99  2.9  3.5  1.75  9.09  7.55  75 1011.9  28.5  29.3  23.8 99.0 99.00
2016 09 20 20 50  92  2.8  3.4  1.58  8.33  7.30  70 1012.2  28.3  29.1  24.3 99.0 99.00
2016 09 20 21 50  94  2.5  3.3  1.58  8.33  7.29  68 1012.8  28.4  28.9  23.9 99.0 99.00
2016 09 20 22 50  50  4.2  4.9  1.55  9.09  7.20  61 1013.3  28.0  28.9  24.6 99.0 99.00
2016 09 20 23 50  79  5.1  5.9  1.53  9.09  6.80  77 1013.6  28.1  28.7  24.6 99.0 99.00
2016 09 21 00 50  77  5.8  6.8  1.48  7.14  6.66  58 1013.6  28.0  28.7  24.8 99.0 99.00
2016 09 21 01 50  80  5.8  6.7  1.74  9.09  6.76  76 1013.5  28.0  28.6  24.4 99.0 99.00
2016 09 21 02 50  79  6.1  7.2  1.69  9.09  6.62  65 1013.2  27.9  28.5  24.4 99.0 99.00
2016 09 21 03 50  47  7.3  9.4  1.78  7.69  6.52  67 1012.5  27.1  28.4  24.4 99.0 99.00
2016 09 21 04 50  74  7.0  8.4  1.63  9.09  6.23  86 1011.9  27.7  28.4  24.4 99.0 99.00
2016 09 21 05 50  73  7.2  8.5  1.66  8.33  6.16  73 1011.5  27.5  28.3  23.9 99.0 99.00
2016 09 21 06 50  73  6.9  8.1  1.62  8.33  6.00  79 1011.4  27.7  28.3  23.8 99.0 99.00
2016 09 21 07 50  71  6.4  7.7  1.58  9.09  5.94  91 1011.6  27.7  28.2  23.4 99.0 99.00
2016 09 21 08 50  77  6.0  7.3  1.81  8.33  6.21  84 1011.8  27.7  28.2  23.2 99.0 99.00
2016 09 21 09 50  74  5.6  7.1  1.75  8.33  6.31  73 1012.4  27.8  28.2  23.3 99.0 99.00
2016 09 21 10 50  74  4.9  6.4  1.79  8.33  6.43  68 1012.8  27.8  28.2  23.4 99.0 99.00
2016 09 21 11 50  70  5.1  6.4  1.69  9.09  6.30  78 1013.2  28.0  28.3  23.2 99.0 99.00
2016 09 21 12 50  68  5.4  6.9  1.73  8.33  6.41  75 1013.6  27.9  28.3  23.4 99.0 99.00
2016 09 21 13 50  63  5.2  6.7  1.77  9.09  6.22  68 1013.8  27.9  28.4  23.3 99.0 99.00
2016 09 21 14 50  57  4.7  5.7  1.79  9.09  6.60  70 1013.4  27.7  28.5  22.7 99.0 99.00
2016 09 21 15 50  53  5.0  6.2  1.74  9.09  6.59  59 1013.0  27.8  28.6  23.0 99.0 99.00
2016 09 21 16 50  43  5.0  6.2  1.85  9.09  6.82  65 1012.6  27.7  28.6  23.5 99.0 99.00
2016 09 21 17 50  53  4.8  5.9  1.73  9.09  6.65  83 1012.3  27.8  28.6  22.6 99.0 99.00
2016 09 21 18 50  41  5.0  6.4  1.63  9.09  6.67  78 1012.1  28.0  28.6  22.7 99.0 99.00
2016 09 21 19 50  43  4.7  5.8  1.75 10.00  6.84  65 1012.1  28.1  28.6  22.7 99.0 99.00
2016 09 21 20 50  30  3.6  4.6  1.70  9.09  6.62  67 1012.5  28.0  28.5  23.2 99.0 99.00
2016 09 21 21 50  27  3.9  5.1  1.79  9.09  6.80  49 1013.1  28.2  28.5  22.9 99.0 99.00
2016 09 21 22 50  28  5.0  5.9  1.78  9.09  6.92  55 1013.3  28.1  28.4  22.9 99.0 99.00
2016 09 21 23 50  29  4.9  5.8  1.72 10.00  6.94  52 1014.1  28.1  28.4  22.8 99.0 99.00
2016 09 22 00 50  22  4.4  5.4  1.80 10.00  7.24  46 1014.3  28.1  28.3  23.2 99.0 99.00
2016 09 22 01 50  25  4.8  6.1  1.68 10.00  6.95  59 1014.0  28.1  28.3  23.0 99.0 99.00
2016 09 22 02 50  15  4.5  5.6  1.61 10.81  6.84  51 1013.6  28.1  28.3  24.0 99.0 99.00
2016 09 22 03 50  18  4.5  5.7  1.69 10.00  6.94  57 1012.9  28.0  28.3  23.8 99.0 99.00
2016 09 22 04 50   6  5.3  6.0  1.69 10.00  6.74  46 1012.1  28.1  28.3  24.0 99.0 99.00
2016 09 22 05 50 359  5.5  6.7  1.74 10.00  6.74  63 1011.6  28.0  28.2  24.3 99.0 99.00
2016 09 22 06 50   5  6.3  7.5  1.79 10.00  7.05  65 1011.2  28.1  28.2  24.3 99.0 99.00
2016 09 22 07 50   4  6.1  7.3  1.69 10.00  6.47  56 1011.3  28.0  28.2  24.7 99.0 99.00
2016 09 22 08 50  10  5.9  6.9  1.71  9.09  6.49  68 1011.6  27.9  28.2  24.7 99.0 99.00
2016 09 22 09 50  18  5.4  6.5  1.84 10.00  6.67  47 1011.9  28.1  28.2  24.2 99.0 99.00
2016 09 22 10 50  22  4.6  5.7  2.04 10.00  7.41  57 1012.4  27.8  28.3  24.0 99.0 99.00
2016 09 22 11 50  26  4.5  5.9  1.90  9.09  7.20  59 1013.1  28.2  28.3  24.3 99.0 99.00
2016 09 22 12 50  35  4.8  5.8  1.84 10.00  7.07  51 1013.3  28.3  28.4  24.3 99.0 99.00
2016 09 22 13 50  38  4.2  5.3  1.81  9.09  6.85  64 1013.5  28.3  28.4  24.1 99.0 99.00
2016 09 22 15 50  55  4.1  5.1  1.92 10.00  7.29  62 1012.5  28.4  28.8  23.8 99.0 99.00
2016 09 22 16 50  33  2.0  3.4  1.86 10.00  7.37  64 1011.9  27.7  28.8  24.4 99.0 99.00
2016 09 22 17 50  57  4.4  5.4  1.75 10.00  7.05  63 1011.3  28.2  28.8  23.9 99.0 99.00
2016 09 22 18 50  65  4.9  5.7  1.85  9.09  7.35  64 1011.3  28.5  28.8  24.4 99.0 99.00
2016 09 22 19 50  83  5.0  6.2  1.78  9.09  7.25  74 1011.5  28.4  28.7  24.6 99.0 99.00
2016 09 22 20 50  74  4.8  5.8  1.83 10.00  7.44  69 1012.1  28.4  28.6  24.6 99.0 99.00
2016 09 22 21 50  79  5.0  5.9  1.81 10.00  7.29  68 1012.6  28.2  28.5  24.1 99.0 99.00
2016 09 22 22 50  77  5.0  6.4  1.84  9.09  7.40  80 1013.0  28.2  28.5  24.0 99.0 99.00
2016 09 22 23 50  74  5.5  6.7  1.73 10.00  7.05  76 1013.8  28.2  28.5  24.0 99.0 99.00
2016 09 23 00 50  72  5.5  6.6  1.71 10.00  7.26  64 1014.1  28.2  28.4  24.1 99.0 99.00
2016 09 23 01 50  78  5.5  6.6  1.68 10.00  7.04  61 1014.1  28.2  28.4  23.7 99.0 99.00
2016 09 23 02 50  82  6.1  7.2  1.75 10.00  7.01  64 1013.8  28.2  28.4  23.4 99.0 99.00
2016 09 23 03 50  79  6.5  7.5  1.63  9.09  6.75  67 1013.1  28.1  28.3  22.8 99.0 99.00
2016 09 23 04 50  77  6.6  7.6  1.71  9.09  6.74  69 1012.6  27.9  28.3  23.1 99.0 99.00
2016 09 23 05 50  78  6.8  8.3  1.75  9.09  6.75  76 1012.5  27.9  28.3  23.1 99.0 99.00
2016 09 23 06 50  80  6.4  7.6  1.70 10.00  6.66  67 1012.4  27.9  28.3  22.9 99.0 99.00
2016 09 23 07 50  79  6.5  7.9  1.97 10.00  6.94  78 1012.7  27.9  28.3  23.8 99.0 99.00
2016 09 23 08 50  80  6.4  7.5  1.84 10.00  6.88  73 1013.2  28.0  28.3  23.3 99.0 99.00
2016 09 23 09 50  91  7.1  8.6  1.68  9.09  6.51  84 1013.7  28.0  28.3  23.9 99.0 99.00
2016 09 23 10 50  90  6.0  7.2  1.96 10.00  6.97  80 1014.3  28.1  28.3  23.8 99.0 99.00
2016 09 23 11 50  92  6.7  8.1  2.11 10.81  7.09  88 1015.0  28.1  28.3  23.9 99.0 99.00
2016 09 23 12 50  92  5.6  6.7  1.80 10.00  6.77  80 1015.4  28.3  28.4  24.3 99.0 99.00
2016 09 23 14 50  95  5.8  6.9  2.12 10.00  7.16  80 1014.7  28.6  28.5  24.4 99.0 99.00
2016 09 23 15 50  96  5.1  7.5  2.04  9.09  6.84  73 1014.2  28.0  28.5  25.0 99.0 99.00
2016 09 23 16 50  85  6.7  7.9  2.00 10.00  6.76  70 1013.8  27.9  28.5  24.6 99.0 99.00
2016 09 23 17 50  78  6.2  7.6  1.99 11.43  6.77  77 1013.5  28.2  28.5  24.5 99.0 99.00
2016 09 23 19 50  89  5.6  6.7  1.98 10.00  6.88  85 1013.7  28.3  28.5  24.9 99.0 99.00
2016 09 23 20 50  95  5.8  7.2  1.88  9.09  7.02  72 1014.0  28.7  28.4  25.1 99.0 99.00
2016 09 23 21 50  78  7.4  9.1  1.93 10.00  7.08  78 1014.4  28.3  28.4  24.9 99.0 99.00
2016 09 23 22 50  85  7.7  9.0  1.78 11.43  6.48  73 1014.7  28.4  28.4  24.7 99.0 99.00
2016 09 23 23 50  79  6.9  8.1  1.73 10.00  6.44  66 1015.5  28.2  28.4  25.0 99.0 99.00
2016 09 24 00 50  89  6.6  8.0  2.05 10.81  6.90  74 1015.8  28.5  28.3  24.9 99.0 99.00
2016 09 24 01 50  96  6.6  9.0  1.95 10.00  6.77  83 1015.8  27.5  28.3  24.6 99.0 99.00
2016 09 24 02 50 116  6.1  7.4  1.87  8.33  6.19  86 1015.5  27.5  28.3  24.4 99.0 99.00
2016 09 24 03 50  84  5.8  7.3  1.92 10.81  6.65  81 1015.0  27.8  28.3  23.8 99.0 99.00
2016 09 24 04 50 140  8.1 10.7  1.93 11.43  6.81  83 1014.7  25.8  28.2  24.1 99.0 99.00
2016 09 24 05 50 119  4.7  5.8  1.87 12.12  6.59  61 1014.6  25.6  28.2  24.4 99.0 99.00
2016 09 24 06 50  89  5.4  6.2  1.88  9.09  6.74  80 1014.2  27.5  28.1  24.8 99.0 99.00
2016 09 24 07 50  82  5.8  7.0  1.86 10.00  7.00  88 1014.3  27.1  28.2  24.7 99.0 99.00
2016 09 24 08 50  89  5.7  7.0  1.79 10.81  7.07  76 1014.7  27.9  28.2  24.9 99.0 99.00
2016 09 24 09 50 132  4.8  6.1  1.84 10.00  6.95  87 1015.2  25.7  28.2  23.7 99.0 99.00
2016 09 24 10 50 111  4.8  6.1  1.77 10.81  6.81  54 1015.5  27.7  28.2  25.1 99.0 99.00
2016 09 24 11 50 109  2.3  3.5  1.80 12.12  6.87  54 1015.8  27.6  28.3  25.3 99.0 99.00
2016 09 24 13 50  87  6.3  7.3  1.70 10.00  6.66  92 1015.7  28.4  28.4  24.9 99.0 99.00
2016 09 24 14 50  85  6.0  7.2  1.74 11.43  6.37  75 1015.2  28.4  28.5  24.3 99.0 99.00
2016 09 24 15 50  86  5.8  7.2  1.78 12.12  6.48  49 1014.8  28.4  28.6  24.0 99.0 99.00
2016 09 24 16 50  82  6.5  7.5  1.82 10.81  6.61  63 1014.2  28.5  28.6  24.3 99.0 99.00
2016 09 24 17 50  81  6.7  7.7  1.70 12.90  6.45  27 1013.8  28.5  28.6  24.0 99.0 99.00
2016 09 24 18 50  82  6.7  7.7  1.70 12.12  6.38  57 1013.8  28.5  28.6  24.4 99.0 99.00
2016 09 24 19 50  75  6.3  7.6  1.69 12.90  6.31  39 1014.1  28.6  28.4  24.4 99.0 99.00
2016 09 24 20 50  77  6.3  7.4  1.64 12.12  6.14  53 1014.2  28.4  28.4  24.7 99.0 99.00
2016 09 24 21 50  78  6.1  7.2  1.67 10.81  6.50  67 1014.9  28.4  28.6  24.4 99.0 99.00
2016 09 24 22 50  69  5.8  7.4  1.54 11.43  6.25  43 1015.5  28.2  28.7  24.8 99.0 99.00
2016 09 24 23 50  75  5.9  7.0  1.68 12.12  6.66  24 1015.9  28.2  28.6  24.2 99.0 99.00
2016 09 25 00 50  77  5.6  6.7  1.60 10.81  6.35  62 1016.0  28.1  28.5  24.2 99.0 99.00
2016 09 25 01 50  78  5.7  6.8  1.56 10.81  6.53  62 1015.7  28.0  28.5  24.3 99.0 99.00
2016 09 25 02 50  73  5.9  7.0  1.48 12.12  6.21  36 1015.1  28.0  28.4  24.3 99.0 99.00
2016 09 25 03 50  75  5.4  6.7  1.57 10.00  6.29  76 1014.3  28.0  28.3  24.3 99.0 99.00
2016 09 25 04 50  76  6.0  7.2  1.50 10.00  6.12  66 1013.8  28.0  28.3  24.0 99.0 99.00
2016 09 25 05 50  69  5.0  6.1  1.42 10.81  6.16  59 1013.2  27.9  28.3  24.4 99.0 99.00
2016 09 25 06 50  60  5.7  6.6  1.44 11.43  6.38  46 1013.0  27.8  28.3  24.1 99.0 99.00
2016 09 25 07 50  60  5.0  6.7  1.49 10.81  6.29  54 1012.9  27.6  28.3  24.6 99.0 99.00
2016 09 25 08 50  57  6.0  7.2  1.52 10.00  6.64  72 1013.1  27.7  28.3  24.4 99.0 99.00
2016 09 25 09 50  54  5.4  6.6  1.38 10.00  6.04  57 1013.6  28.1  28.3  24.0 99.0 99.00
2016 09 25 10 50  58  5.8  6.7  1.51 10.00  6.50  64 1014.3  28.2  28.3  24.3 99.0 99.00
2016 09 25 11 50  48  6.0  6.9  1.50 10.81  6.33  60 1014.7  28.2  28.3  24.4 99.0 99.00
2016 09 25 12 50  50  5.8  6.8  1.41 10.81  6.20  65 1015.1  28.3  28.4  24.3 99.0 99.00
2016 09 25 13 50  64  6.9  8.1  1.30  9.09  5.71  82 1014.9  28.3  28.4  24.5 99.0 99.00
2016 09 25 15 50  51  7.0  8.0  1.48  9.09  5.69  69 1013.0  28.3  28.5  24.8 99.0 99.00
2016 09 25 16 50  51  7.5  9.0  1.52 10.00  5.58  75 1012.5  28.3  28.5  24.7 99.0 99.00
2016 09 25 17 50  49  7.5  8.8  1.51 10.00  5.43  57 1012.1  28.3  28.5  24.5 99.0 99.00
2016 09 25 18 50  45  7.2  8.5  1.41 10.00  5.52  75 1011.9  28.3  28.5  24.6 99.0 99.00
2016 09 25 19 50  49  7.3  8.6  1.51  9.09  5.37  50 1012.1  28.3  28.5  24.5 99.0 99.00
2016 09 25 20 50  51  7.4  8.7  1.57  9.09  5.55  84 1012.8  28.3  28.5  24.5 99.0 99.00
2016 09 25 21 50  51  7.8  9.4  1.54 11.43  5.58  29 1013.3  28.3  28.4  24.5 99.0 99.00
2016 09 25 22 50  50  8.0  9.5  1.50  9.09  5.40  66 1013.8  28.3  28.4  24.5 99.0 99.00
2016 09 25 23 50  50  8.2  9.7  1.61 10.00  5.30  85 1014.1  28.3  28.4  24.3 99.0 99.00
2016 09 26 00 50  43  8.7 10.4  1.55 10.00  5.17  49 1014.0  28.2  28.4  24.6 99.0 99.00
2016 09 26 01 50  45  9.2 10.9  1.60  9.09  5.13  63 1013.8  28.2  28.4  24.4 99.0 99.00
2016 09 26 02 50  48 10.0 12.0  1.74  5.56  5.21  69 1013.5  28.2  28.4  24.5 99.0 99.00
2016 09 26 03 50  50  9.2 11.2  1.80 10.00  5.19  67 1012.8  28.1  28.3  24.2 99.0 99.00
2016 09 26 04 50  49 10.6 12.3  1.77  5.56  5.20  60 1011.9  28.0  28.3  24.5 99.0 99.00
2016 09 26 05 50  45 10.7 12.7  2.02  5.88  5.24  46 1010.4  28.0  28.3  24.4 99.0 99.00
2016 09 26 06 50  44 10.8 13.1  2.21  5.88  5.36  55 1010.1  28.0  28.2  24.4 99.0 99.00
2016 09 26 07 50  67  9.3 11.4  2.05  6.67  5.27  64 1010.4  27.4  28.2  24.2 99.0 99.00
2016 09 26 08 50  66 10.0 11.8  2.12  6.25  5.55  65 1011.0  27.5  28.2  23.6 99.0 99.00
2016 09 26 09 50  64  9.4 10.7  2.01  6.25  5.35  70 1011.8  28.0  28.2  23.7 99.0 99.00
2016 09 26 10 50  71  9.6 11.3  2.17  6.67  5.48  69 1012.2  28.0  28.2  24.2 99.0 99.00
2016 09 26 11 50  71  9.1 11.0  2.14  6.67  5.55  66 1012.5  28.3  28.2  24.5 99.0 99.00
2016 09 26 12 50  57 10.3 11.9  2.18  9.09  5.62  67 1012.8  28.1  28.2  24.9 99.0 99.00
2016 09 26 13 50  62  8.3  9.7  2.21  7.69  5.51  68 1012.8  28.0  28.3  25.3 99.0 99.00
2016 09 26 14 50  70  9.8 11.6  2.16  6.67  5.56  66 1011.8  28.0  28.3  25.2 99.0 99.00
2016 09 26 15 50  55  9.0 10.9  2.14  6.67  5.59  69 1011.3  26.7  28.3  24.1 99.0 99.00
2016 09 26 16 50 106  9.4 11.0  2.16  6.67  5.42  75 1010.4  25.2  28.2  23.4 99.0 99.00
2016 09 26 17 50  95  8.9 10.9  2.18  6.67  5.56  77 1010.4  26.3  28.2  24.3 99.0 99.00
2016 09 26 18 50  96  8.5 10.2  2.25  6.67  5.57  70 1010.8  27.0  28.2  24.6 99.0 99.00
2016 09 26 19 50  90  8.2  9.5  2.27  7.69  5.51  75 1010.9  27.2  28.2  24.5 99.0 99.00
2016 09 26 20 50  76  8.0  9.4  2.11  6.67  5.67  72 1011.4  27.8  28.3  24.9 99.0 99.00
2016 09 26 21 50 107  9.7 13.5  2.31  7.69  5.55  64 1012.7  26.7  28.3  24.2 99.0 99.00
2016 09 26 22 50  82  9.2 10.8  2.18  7.69  5.42  81 1013.8  24.7  28.2  23.2 99.0 99.00
2016 09 26 23 50  88  7.3  8.4  1.98  7.69  5.56  82 1013.6  25.7  28.2  24.0 99.0 99.00
2016 09 27 00 50  65  8.0  9.9  2.05  7.69  5.62  80 1014.0  26.3  28.2  24.5 99.0 99.00
2016 09 27 01 50  78 10.7 13.1  2.23  7.69  5.82  81 1013.5  27.5  28.2  24.6 99.0 99.00
2016 09 27 02 50  76  9.9 11.7  2.39  8.33  5.82  72 1012.7  27.3  28.2  24.7 99.0 99.00
2016 09 27 03 50  83  9.5 10.9  2.33  8.33  5.85  70 1012.5  27.5  28.2  24.4 99.0 99.00
2016 09 27 04 50  87  9.3 11.6  2.40  8.33  5.94  86 1012.3  27.7  28.2  24.9 99.0 99.00
2016 09 27 05 50  85  8.2  9.9  2.36  7.69  6.02  74 1011.7  27.5  28.2  24.8 99.0 99.00
2016 09 27 06 50  72  8.5 10.3  2.41  8.33  6.05  85 1011.5  27.7  28.1  25.3 99.0 99.00
2016 09 27 07 50  77 10.4 12.8  2.41  8.33  6.02  84 1011.8  27.2  28.1  24.6 99.0 99.00
2016 09 27 08 50  78  9.8 12.2  2.36  7.69  6.03  75 1011.9  28.0  28.1  25.1 99.0 99.00
2016 09 27 09 50  78 10.0 11.4  2.44  8.33  6.04  72 1012.6  28.1  28.1  24.7 99.0 99.00
2016 09 27 10 50  79  9.7 11.4  2.54  9.09  6.19  83 1013.5  28.1  28.1  24.7 99.0 99.00
2016 09 27 11 50  79 10.2 11.7  2.50  8.33  6.16  74 1014.3  28.2  28.1  24.6 99.0 99.00
2016 09 27 12 50  78  9.9 12.4  2.78  9.09  6.42  79 1014.5  28.2  28.1  24.4 99.0 99.00
2016 09 27 13 50  80 10.0 12.5  2.45  7.69  5.96  82 1014.1  28.2  28.1  24.4 99.0 99.00
2016 09 27 14 50  75  9.2 10.9  2.25  8.33  6.14  73 1013.6  28.1  28.1  24.6 99.0 99.00
2016 09 27 15 50  81  8.1  9.8  2.48  8.33  6.06  83 1013.1  28.1  28.2  24.7 99.0 99.00
2016 09 27 16 50  83  8.4 10.0  2.37  8.33  6.14  80 1012.5  28.2  28.2  24.4 99.0 99.00
2016 09 27 17 50  79  8.7 10.2  2.35  8.33  6.00  81 1012.1  28.1  28.2  24.6 99.0 99.00
2016 09 27 18 50  80  7.3  8.6  2.25  9.09  6.00  77 1012.2  28.1  28.2  24.6 99.0 99.00
2016 09 27 19 50  79  8.8 10.1  2.26  8.33  6.09  80 1012.4  28.2  28.2  24.4 99.0 99.00
2016 09 27 20 50  76  7.6  9.0  2.38  8.33  6.20  74 1013.2  28.1  28.1  24.5 99.0 99.00
2016 09 27 21 50  73  8.3 10.3  2.15  7.69  6.03  62 1014.2  28.0  28.1  24.7 99.0 99.00
2016 09 27 22 50  76  9.5 11.2  2.10  7.69  5.83  64 1014.6  28.1  28.1  24.1 99.0 99.00
2016 09 27 23 50  69  9.3 11.0  2.29  8.33  5.93  80 1015.3  27.9  28.1  24.0 99.0 99.00
2016 09 28 00 50  68  9.0 10.5  2.22  8.33  6.00  74 1015.6  27.8  28.1  24.2 99.0 99.00
2016 09 28 01 50  71  7.8  9.2  2.08  7.69  5.77  75 1015.7  27.8  28.1  24.3 99.0 99.00
2016 09 28 02 50  65  8.7 10.3  2.11  8.33  5.82  75 1015.1  27.8  28.1  24.3 99.0 99.00
2016 09 28 03 50  61  9.6 11.5  2.12  9.09  5.88  68 1014.6  27.6  28.1  23.8 99.0 99.00
2016 09 28 04 50  62  9.4 11.3  2.27  9.09  5.84  64 1014.2  27.6  28.1  23.4 99.0 99.00
2016 09 28 05 50  57  8.4  9.7  2.15  9.09  5.75  69 1013.8  27.5  28.1  23.6 99.0 99.00
2016 09 28 06 50  56  8.8 10.3  2.41  9.09  5.95  67 1013.3  27.4  28.1  23.1 99.0 99.00
2016 09 28 07 50  57  9.1 11.0  2.20  7.69  5.95  70 1013.6  27.6  28.1  22.9 99.0 99.00
2016 09 28 08 50  58  8.7 10.0  2.17  8.33  5.88  68 1014.2  27.6  28.1  22.7 99.0 99.00
2016 09 28 09 50  64  9.3 11.3  2.26  8.33  5.68  76 1014.6  27.8  28.1  22.4 99.0 99.00
2016 09 28 10 50  66  8.9 11.2  2.02  8.33  5.68  74 1015.4  27.5  28.1  22.8 99.0 99.00
2016 09 28 11 50  62 10.0 11.6  2.06  8.33  5.59  74 1015.6  27.9  28.1  22.1 99.0 99.00
2016 09 28 12 50  66  9.2 10.5  2.19  8.33  5.73  73 1015.7  28.0  28.1  22.1 99.0 99.00
2016 09 28 13 50  61  8.6 10.4  2.18  9.09  5.86  75 1015.5  27.8  28.1  22.7 99.0 99.00
2016 09 28 14 50  55 10.2 12.0  2.17  9.09  5.84  72 1014.6  27.8  28.1  22.4 99.0 99.00
2016 09 28 15 50  59  9.1 10.9  2.23  7.69  5.59  65 1013.8  27.9  28.1  21.9 99.0 99.00
2016 09 28 16 50  58  9.6 11.8  2.28  9.09  5.58  75 1013.0  27.9  28.1  22.1 99.0 99.00
2016 09 28 17 50  61 10.1 12.4  2.35  7.14  5.70  72 1012.6  27.9  28.2  21.9 99.0 99.00
2016 09 28 18 50  61  9.8 11.9  2.33  8.33  5.72  78 1012.6  27.9  28.2  21.9 99.0 99.00
2016 09 28 19 50  62  8.9 10.6  2.14  9.09  5.47  69 1013.0  27.8  28.1  22.5 99.0 99.00
2016 09 28 20 50  56 10.0 12.2  2.33  7.69  5.99  76 1013.2  27.6  28.1  22.8 99.0 99.00
2016 09 28 21 50  54  9.9 11.7  2.40  8.33  5.96  69 1013.5  27.7  28.1  22.2 99.0 99.00
2016 09 28 22 50  54  9.3 10.7  2.31  9.09  5.86  81 1014.1  27.6  28.0  22.5 99.0 99.00
2016 09 28 23 50  60  8.1  9.7  2.33  9.09  6.03  83 1014.8  27.6  28.1  23.1 99.0 99.00
2016 09 29 00 50  59  9.8 11.8  2.23  7.69  5.97  81 1014.8  27.6  28.1  23.1 99.0 99.00
2016 09 29 01 50  56  8.9 10.6  2.20  8.33  5.90  76 1014.3  27.5  28.1  22.9 99.0 99.00
2016 09 29 02 50  59  8.2  9.7  2.37  9.09  5.96  80 1013.7  27.5  28.1  23.1 99.0 99.00
2016 09 29 03 50  56  7.5  9.1  2.22  8.33  6.02  74 1013.2  27.4  28.2  23.1 99.0 99.00
2016 09 29 04 50  49  8.1  9.8  2.43  9.09  6.13  74 1012.4  27.2  28.1  23.2 99.0 99.00
2016 09 29 05 50  42  8.5 10.4  2.24  8.33  6.04  76 1011.7  27.0  28.1  23.2 99.0 99.00
2016 09 29 06 50  62  8.8 10.4  2.31  8.33  5.99  68 1011.1  27.0  28.1  22.8 99.0 99.00
2016 09 29 07 50  49 10.0 11.8  2.46  8.33  6.01  73 1011.1  27.4  28.1  22.3 99.0 99.00
2016 09 29 08 50  51 10.1 11.8  2.57  9.09  6.15  65 1011.3  27.4  28.1  22.2 99.0 99.00
2016 09 29 09 50  55  9.7 11.4  2.30  7.14  5.73  85 1011.7  27.4  28.1  22.3 99.0 99.00
2016 09 29 10 50  62  8.5 10.2  2.22  9.09  5.76  81 1012.4  27.5  28.1  22.6 99.0 99.00
2016 09 29 11 50  67  9.5 10.9  2.20  9.09  5.84  73 1012.8  27.7  28.1  21.7 99.0 99.00
2016 09 29 12 50  68  8.9 10.8  2.14  7.69  5.80  83 1012.8  27.6  28.2  22.1 99.0 99.00
2016 09 29 13 50  62  8.7 10.5  2.23  8.33  5.92  77 1012.6  27.7  28.2  21.8 99.0 99.00
2016 09 29 14 50  65  7.7  9.7  2.42  8.33  6.11  71 1012.0  27.6  28.2  22.3 99.0 99.00
2016 09 29 15 50  69  8.3 10.0  2.41  8.33  6.26  70 1011.4  27.5  28.2  22.7 99.0 99.00
2016 09 29 16 50  62  8.3 10.1  2.21  8.33  6.02  75 1010.5  27.6  28.2  22.9 99.0 99.00
2016 09 29 17 50  63  8.6 10.2  2.14  8.33  6.00  72 1009.7  27.7  28.2  22.9 99.0 99.00
2016 09 29 18 50  62  9.2 10.9  2.12  8.33  5.69  65 1009.9  27.7  28.2  23.0 99.0 99.00
2016 09 29 19 50  59  8.6 10.3  2.08  8.33  5.84  77 1010.1