#YY  MM DD hh mm WDIR WSPD GST  WVHT   DPD   APD MWD   PRES  ATMP  WTMP  DEWP  VIS  TIDE
#yr  mo dy hr mn degT m/s  m/s     m   sec   sec deg    hPa  degC  degC  degC  nmi    ft
2016 03 31 23 50  65  9.7 11.4  2.29  8.33  5.88  71 1019.0  24.8  25.3  19.4 99.0 99.00
2016 04 01 00 50  70  9.5 11.4  2.38  8.33  6.21  82 1019.4  24.7  25.3  19.3 99.0 99.00
2016 04 01 01 50  67  9.5 11.8  2.46  8.33  6.15  75 1019.1  24.6  25.3  19.8 99.0 99.00
2016 04 01 02 50  67  8.7 11.4  2.34  8.33  6.03  72 1018.9  24.6  25.3  19.4 99.0 99.00
2016 04 01 03 50  74  8.5 11.1  2.33  9.09  6.22  76 1018.6  24.7  25.3  19.6 99.0 99.00
2016 04 01 04 50  66  9.6 11.4  2.27  8.33  6.02  73 1017.7  24.7  25.3  19.9 99.0 99.00
2016 04 01 05 50  63  9.3 11.3  2.51  8.33  6.09  64 1017.6  24.5  25.3  19.3 99.0 99.00
2016 04 01 06 50  68  9.1 11.3  2.48  9.09  6.05  77 1017.4  24.5  25.3  18.9 99.0 99.00
2016 04 01 07 50  66 10.5 12.3  2.57  8.33  6.34  71 1017.3  24.6  25.3  18.6 99.0 99.00
2016 04 01 08 50  68 10.2 11.8  2.80  8.33  6.28  76 1017.7  24.5  25.3  18.7 99.0 99.00
2016 04 01 09 50  71 10.4 12.9  2.63  8.33  6.29  73 1018.0  24.5  25.3  18.8 99.0 99.00
2016 04 01 10 50  71 11.9 13.7  2.60  8.33  6.24  69 1018.1  24.8  25.3  17.3 99.0 99.00
2016 04 01 11 50  74 11.8 14.0  2.99  8.33  6.44  77 1018.5  24.6  25.3  18.4 99.0 99.00
2016 04 01 12 50  75 10.9 12.9  2.95  8.33  6.22  74 1018.4  25.0  25.3  17.1 99.0 99.00
2016 04 01 13 50  79 10.6 13.3  2.83  7.14  6.22  69 1018.2  24.9  25.3  18.1 99.0 99.00
2016 04 01 14 50  74 11.1 13.4  3.11  9.09  6.44  78 1017.4  25.0  25.3  17.7 99.0 99.00
2016 04 01 15 50  73 10.6 12.2  2.88  8.33  6.35  82 1016.7  24.9  25.3  17.7 99.0 99.00
2016 04 01 16 50  67  9.6 11.0  2.89  8.33  6.48  75 1016.2  24.8  25.3  18.6 99.0 99.00
2016 04 01 17 50  68  8.3  9.8  2.92  9.09  6.59  84 1015.8  24.8  25.3  19.3 99.0 99.00
2016 04 01 18 50  63  9.4 11.1  2.84  8.33  6.55  78 1015.3  24.7  25.3  19.8 99.0 99.00
2016 04 01 19 50  72  9.4 11.7  2.61  9.09  6.30  84 1015.3  24.7  25.3  19.5 99.0 99.00
2016 04 01 20 50  69  9.8 11.7  2.54  8.33  6.35  85 1015.6  24.8  25.3  18.7 99.0 99.00
2016 04 01 21 50  63  9.5 11.4  2.65  9.09  6.25  79 1016.5  24.8  25.3  18.7 99.0 99.00
2016 04 01 22 50  68 10.2 12.3  2.70  8.33  6.15  89 1016.8  24.7  25.3  18.9 99.0 99.00
2016 04 01 23 50  69 10.2 12.1  2.77  8.33  6.42  79 1017.0  24.7  25.3  19.2 99.0 99.00
2016 04 02 00 50  72 10.6 12.7  2.60  8.33  6.05  78 1017.1  24.7  25.2  18.6 99.0 99.00
2016 04 02 01 50  71 10.8 13.1  2.74  9.09  6.39  73 1016.7  24.6  25.2  18.9 99.0 99.00
2016 04 02 02 50  76 10.5 13.1  3.24  8.33  6.66  72 1016.4  24.5  25.2  18.9 99.0 99.00
2016 04 02 03 50  77 10.4 12.2  2.95  8.33  6.44  81 1015.9  24.5  25.2  18.6 99.0 99.00
2016 04 02 04 50  67  9.0 11.2  2.93  9.09  6.63  75 1015.7  24.4  25.2  19.1 99.0 99.00
2016 04 02 05 50  81  9.2 11.2  3.17  9.09  6.72  81 1015.2  24.5  25.2  18.7 99.0 99.00
2016 04 02 06 50  75  9.3 10.6  2.92  9.09  6.56  77 1014.9  24.3  25.2  18.9 99.0 99.00
2016 04 02 07 50  79  7.4  8.7  2.56  9.09  6.36  81 1015.2  24.5  25.2  18.1 99.0 99.00
2016 04 02 08 50  81  8.8 10.5  2.70  9.09  6.42  85 1015.6  24.6  25.2  18.8 99.0 99.00
2016 04 02 09 50  83  9.7 11.7  2.90 10.00  6.58  88 1016.0  24.7  25.2  18.4 99.0 99.00
2016 04 02 10 50  83  9.9 12.1  2.89  9.09  6.54  76 1016.5  24.7  25.2  18.4 99.0 99.00
2016 04 02 11 50  77  9.3 11.5  2.87  9.09  6.74  79 1017.0  24.7  25.3  18.9 99.0 99.00
2016 04 02 12 50  73  9.6 11.7  2.68  9.09  6.45  86 1017.1  24.6  25.3  19.1 99.0 99.00
2016 04 02 13 50  82 10.2 12.2  3.05  8.33  6.63  75 1016.6  24.9  25.3  18.8 99.0 99.00
2016 04 02 14 50  82  9.7 11.3  2.98  9.09  6.58  83 1016.2  24.8  25.3  19.1 99.0 99.00
2016 04 02 15 50  81  9.3 11.1  3.01  9.09  6.59  89 1015.5  24.9  25.3  19.3 99.0 99.00
2016 04 02 16 50  84  9.0 10.5  3.11  9.09  6.73  87 1014.7  24.8  25.3  18.7 99.0 99.00
2016 04 02 17 50  76  9.3 11.2  2.83  9.09  6.64  75 1014.1  24.9  25.3  19.0 99.0 99.00
2016 04 02 18 50  75  8.7 11.2  2.78  9.09  6.51  84 1013.9  24.6  25.3  19.7 99.0 99.00
2016 04 02 19 50  77  9.6 11.4  2.82  9.09  6.68  82 1014.0  24.7  25.3  19.1 99.0 99.00
2016 04 02 20 50  78  9.6 11.3  2.85  9.09  6.62  85 1014.4  24.8  25.3  19.0 99.0 99.00
2016 04 02 21 50  72  9.6 11.3  2.57  9.09  6.36  84 1015.0  24.8  25.2  19.4 99.0 99.00
2016 04 02 22 50  71  9.5 11.8  2.91  9.09  6.72  82 1015.4  24.7  25.2  19.5 99.0 99.00
2016 04 02 23 50  75  9.7 11.8  2.82  9.09  6.70  84 1015.9  24.7  25.2  19.6 99.0 99.00
2016 04 03 00 50  81 10.0 11.7  2.61  9.09  6.41  85 1016.4  24.6  25.2  19.4 99.0 99.00
2016 04 03 01 50  77  9.7 11.6  2.80  9.09  6.45  81 1016.3  24.6  25.2  19.5 99.0 99.00
2016 04 03 02 50  80  9.6 11.4  2.97  9.09  6.68  84 1015.9  24.7  25.2  19.2 99.0 99.00
2016 04 03 03 50  75  8.8 10.7  2.69  9.09  6.32  92 1015.6  24.7  25.2  19.5 99.0 99.00
2016 04 03 04 50  79  8.7 10.7  2.99  9.09  6.65  82 1014.7  24.5  25.2  19.8 99.0 99.00
2016 04 03 05 50  86 10.9 12.9  2.80  9.09  6.56  81 1013.9  24.0  25.2  19.7 99.0 99.00
2016 04 03 06 50  88  9.5 10.9  2.75  9.09  6.41  88 1013.9  24.8  25.2  18.9 99.0 99.00
2016 04 03 07 50  81  8.0  9.5  2.83  9.09  6.47  89 1014.2  24.3  25.2  20.0 99.0 99.00
2016 04 03 08 50  87  8.6 10.4  2.47  9.09  6.20  76 1014.7  24.7  25.2  19.2 99.0 99.00
2016 04 03 09 50  80  8.2 10.0  2.76  9.09  6.65  80 1015.3  24.7  25.2  19.1 99.0 99.00
2016 04 03 10 50  83  8.3  9.8  2.54  9.09  6.51  81 1016.3  24.7  25.2  19.3 99.0 99.00
2016 04 03 11 50  81  8.8 10.5  2.76  9.09  6.57  90 1016.6  24.7  25.2  19.6 99.0 99.00
2016 04 03 12 50  77  9.0 10.8  2.57  8.33  6.33  87 1016.7  24.8  25.2  19.5 99.0 99.00
2016 04 03 13 50  90  8.8 10.3  2.59  9.09  6.40  84 1016.7  24.7  25.2  19.4 99.0 99.00
2016 04 03 14 50  82  8.4 10.8  2.49  9.09  6.47  86 1016.2  24.2  25.2  19.9 99.0 99.00
2016 04 03 15 50  85  6.8  8.7  2.52  9.09  6.42  83 1015.6  24.6  25.3  19.7 99.0 99.00
2016 04 03 16 50  76  7.4  8.6  2.66  9.09  6.75  84 1014.9  25.0  25.3  19.4 99.0 99.00
2016 04 03 17 50  74  7.9  9.7  2.39 10.00  6.48  64 1014.3  25.0  25.3  19.7 99.0 99.00
2016 04 03 18 50  77  8.8 10.4  2.60  9.09  6.68  77 1013.9  24.5  25.3  20.5 99.0 99.00
2016 04 03 19 50  75  8.8 10.6  2.62  9.09  6.52  82 1014.4  24.5  25.2  19.9 99.0 99.00
2016 04 03 20 50  74  8.8 10.4  2.56 10.00  6.52  89 1014.7  24.7  25.2  20.2 99.0 99.00
2016 04 03 21 50  81  9.0 11.0  2.41  9.09  6.23  69 1015.4  24.8  25.2  19.4 99.0 99.00
2016 04 03 22 50  80  7.9  9.3  2.35  8.33  6.31  81 1016.4  24.8  25.2  19.8 99.0 99.00
2016 04 03 23 50  78  8.4  9.8  2.54  9.09  6.47  72 1016.8  24.8  25.2  19.6 99.0 99.00
2016 04 04 00 50  83  9.0 10.7  2.55  9.09  6.61  83 1016.9  24.8  25.2  20.1 99.0 99.00
2016 04 04 01 50  80  8.3  9.9  2.55  9.09  6.49  75 1017.2  24.8  25.2  20.0 99.0 99.00
2016 04 04 02 50  81  8.2 10.1  2.66 10.00  6.44  70 1017.0  24.7  25.2  20.1 99.0 99.00
2016 04 04 03 50  81  8.1  9.6  2.88 10.00  7.03  67 1016.7  24.5  25.2  19.8 99.0 99.00
2016 04 04 04 50  80  7.7  9.2  2.75  9.09  6.81  68 1016.3  24.6  25.2  19.6 99.0 99.00
2016 04 04 05 50  75  8.0 10.3  2.53  8.33  6.67  74 1015.8  24.6  25.2  19.7 99.0 99.00
2016 04 04 06 50  78  6.9  8.3  2.51  9.09  6.59  77 1015.8  24.3  25.2  19.7 99.0 99.00
2016 04 04 07 50  78  7.3  8.8  2.79 10.00  7.07  63 1015.9  24.6  25.2  20.1 99.0 99.00
2016 04 04 08 50  74  7.9  9.8  2.31  9.09  6.67  56 1016.3  24.6  25.2  20.2 99.0 99.00
2016 04 04 09 50  74  8.4  9.7  2.61  9.09  6.96  70 1016.6  24.6  25.2  19.2 99.0 99.00
2016 04 04 10 50  87  7.7 10.0  2.51  9.09  6.76  73 1017.4  24.6  25.2  19.8 99.0 99.00
2016 04 04 11 50  88  7.8  9.2  2.55  9.09  6.71  77 1018.3  24.8  25.2  19.9 99.0 99.00
2016 04 04 12 50  91  7.3  9.2  2.58 10.00  6.94  63 1018.6  24.9  25.2  19.6 99.0 99.00
2016 04 04 13 50  88  8.0  9.4  2.49  9.09  6.63  78 1018.4  24.8  25.2  19.8 99.0 99.00
2016 04 04 14 50  95  7.2  8.7  2.68 10.00  6.77  49 1017.9  24.8  25.3  20.0 99.0 99.00
2016 04 04 15 50  95  6.4  7.7  2.53 10.00  6.79  51 1017.1  25.0  25.3  19.3 99.0 99.00
2016 04 04 16 50  91  6.1  7.3  2.58  9.09  7.04  61 1016.2  24.8  25.3  20.2 99.0 99.00
2016 04 04 17 50  85  6.6  7.9  2.58 10.00  7.28  50 1015.6  24.7  25.3  20.6 99.0 99.00
2016 04 04 18 50  74  6.5  7.8  2.52  9.09  7.07  61 1015.5  24.8  25.3  20.2 99.0 99.00
2016 04 04 19 50  82  6.9  8.5  2.57 10.00  7.12  55 1015.5  24.8  25.3  20.1 99.0 99.00
2016 04 04 20 50  73  7.3  8.3  2.78 10.00  7.51  48 1015.8  24.9  25.3  20.0 99.0 99.00
2016 04 04 21 50  77  7.3  8.8  2.86 10.00  7.46  53 1016.2  24.8  25.2  20.3 99.0 99.00
2016 04 04 22 50  76  7.2  8.7  2.62  9.09  7.28  49 1016.7  24.7  25.2  20.3 99.0 99.00
2016 04 04 23 50  77  7.0  8.6  2.58  9.09  7.19  58 1017.3  24.7  25.2  20.3 99.0 99.00
2016 04 05 00 50  82  7.0  8.1  2.88 10.00  7.48  64 1017.7  24.6  25.2  20.4 99.0 99.00
2016 04 05 01 50  74  7.4  9.0  2.42 10.00  6.96  46 1017.8  24.7  25.2  20.0 99.0 99.00
2016 04 05 02 50  79  5.4  6.9  2.60  9.09  7.09  58 1017.7  23.8  25.2  20.8 99.0 99.00
2016 04 05 03 50  63  7.3  9.1  2.67 10.00  7.19  60 1016.8  24.1  25.2  20.7 99.0 99.00
2016 04 05 04 50  62  8.1  9.5  2.60 10.00  7.23  53 1015.9  24.2  25.2  20.4 99.0 99.00
2016 04 05 05 50  70  7.4  9.1  2.77 10.00  7.22  46 1015.2  24.1  25.2  20.7 99.0 99.00
2016 04 05 06 50  68  8.0 10.1  2.34  9.09  6.66  57 1014.9  24.2  25.2  20.5 99.0 99.00
2016 04 05 07 50  66  8.6 10.3  2.50 10.00  6.80  62 1015.0  24.0  25.2  20.3 99.0 99.00
2016 04 05 08 50  76  9.6 11.4  2.65 10.00  6.83  52 1015.4  24.3  25.2  19.8 99.0 99.00
2016 04 05 09 50  72  8.8 10.4  2.59  9.09  6.69  59 1016.0  24.4  25.2  19.8 99.0 99.00
2016 04 05 10 50  72  8.3  9.9  2.55 10.00  6.61  57 1016.8  24.3  25.2  20.5 99.0 99.00
2016 04 05 11 50  74  7.7 10.0  2.41  9.09  6.28  61 1017.5  24.0  25.2  20.0 99.0 99.00
2016 04 05 12 50  69  9.0 11.5  2.30  9.09  6.53  59 1017.5  24.1  25.2  20.3 99.0 99.00
2016 04 05 13 50  73  9.0 10.5  2.42  8.33  6.50  58 1017.4  24.4  25.3  20.4 99.0 99.00
2016 04 05 14 50  71  7.3  9.3  2.36 10.00  6.40  62 1017.1  23.9  25.3  20.4 99.0 99.00
2016 04 05 15 50  80  7.9  9.3  2.44 10.00  6.55  61 1016.4  24.7  25.3  20.4 99.0 99.00
2016 04 05 16 50  81  7.7  9.1  2.30 10.00  6.41  60 1015.8  24.8  25.3  19.9 99.0 99.00
2016 04 05 17 50  79  7.3  8.6  2.15  8.33  6.20  69 1015.4  24.7  25.4  20.2 99.0 99.00
2016 04 05 18 50  77  6.6  7.7  2.20  9.09  6.39  62 1015.1  24.8  25.4  20.3 99.0 99.00
2016 04 05 19 50  79  7.0  8.1  2.22 10.00  6.76  53 1015.0  24.8  25.4  19.9 99.0 99.00
2016 04 05 20 50  81  7.0  8.4  2.04  9.09  6.42  62 1015.2  24.8  25.3  20.1 99.0 99.00
2016 04 05 21 50  77  6.6  8.8  2.22  9.09  6.74  64 1015.6  24.7  25.3  20.5 99.0 99.00
2016 04 05 22 50  78  6.6  7.7  2.03  9.09  6.50  56 1016.0  24.5  25.2  20.3 99.0 99.00
2016 04 05 23 50  79  7.2  8.6  1.97 10.00  6.32  69 1016.4  24.6  25.2  20.0 99.0 99.00
2016 04 06 00 50  94  7.3  9.5  1.91 10.00  6.28  56 1016.8  24.1  25.2  19.9 99.0 99.00
2016 04 06 01 50  77  6.7  7.8  1.95  9.09  6.23  62 1016.8  24.4  25.2  20.4 99.0 99.00
2016 04 06 02 50  68  6.0  7.1  2.08  9.09  6.39  57 1016.4  24.3  25.2  20.2 99.0 99.00
2016 04 06 03 50  71  6.7  7.9  1.99  9.09  6.25  60 1015.7  24.3  25.2  20.3 99.0 99.00
2016 04 06 04 50  78  7.0  8.2  2.09  9.09  6.37  66 1015.3  24.2  25.2  19.9 99.0 99.00
2016 04 06 05 50  80  6.3  7.6  1.90 10.00  6.33  74 1014.6  24.3  25.2  20.4 99.0 99.00
2016 04 06 06 50  82  6.8  8.0  1.92 10.00  6.05  63 1014.4  24.3  25.2  20.3 99.0 99.00
2016 04 06 07 50  82  7.4  8.8  1.91  9.09  6.24  67 1014.4  24.2  25.2  19.9 99.0 99.00
2016 04 06 08 50  71  7.5  9.9  1.98  9.09  6.14  61 1015.0  24.3  25.2  19.9 99.0 99.00
2016 04 06 09 50  74  7.1  8.3  1.91  9.09  6.16  61 1015.6  24.4  25.2  19.8 99.0 99.00
2016 04 06 10 50  76  7.2  8.3  1.92  9.09  6.19  56 1016.2  24.4  25.2  19.8 99.0 99.00
2016 04 06 11 50  68  6.8  8.0  1.98  9.09  6.42  56 1016.6  24.5  25.2  19.7 99.0 99.00
2016 04 06 12 50  69  6.1  7.0  1.81  9.09  6.18  52 1016.6  24.3  25.3  20.0 99.0 99.00
2016 04 06 13 50  74  5.7  6.9  1.77  9.09  6.17  60 1016.8  24.6  25.4  19.3 99.0 99.00
2016 04 06 14 50  71  6.2  7.4  1.81  9.09  6.18  52 1016.0  24.5  25.4  19.2 99.0 99.00
2016 04 06 15 50  70  6.1  7.7  1.76  9.09  6.15  53 1015.2  24.4  25.5  19.8 99.0 99.00
2016 04 06 16 50  60  5.2  6.2  1.76  9.09  6.42  43 1014.7  24.3  25.5  20.4 99.0 99.00
2016 04 06 17 50  65  5.3  6.1  1.73  9.09  6.41  49 1014.0  24.4  25.6  20.2 99.0 99.00
2016 04 06 18 50  62  6.6  7.9  1.65  7.69  6.19  65 1013.2  24.5  25.5  19.8 99.0 99.00
2016 04 06 19 50  60  6.3  7.6  1.81  9.09  6.36  48 1013.3  24.7  25.5  19.9 99.0 99.00
2016 04 06 20 50  53  6.4  7.5  1.70  9.09  6.17  44 1013.5  24.4  25.4  20.2 99.0 99.00
2016 04 06 21 50  64  7.8  9.5  1.65  8.33  6.19  60 1014.3  24.0  25.4  20.0 99.0 99.00
2016 04 06 22 50  59  6.4  7.9  1.68  9.09  6.22  48 1014.9  24.5  25.3  19.9 99.0 99.00
2016 04 06 23 50  62  5.6  7.5  1.77  9.09  6.51  51 1015.4  24.5  25.3  20.3 99.0 99.00
2016 04 07 00 50  57  6.9  8.5  1.72  9.09  6.46  58 1015.7  24.4  25.3  19.7 99.0 99.00
2016 04 07 01 50  61  6.8  7.8  1.73  9.09  6.49  44 1015.5  24.4  25.3  20.0 99.0 99.00
2016 04 07 02 50  59  6.2  7.3  1.86  8.33  6.39  54 1015.1  24.3  25.2  20.0 99.0 99.00
2016 04 07 03 50  65  8.2  9.7  1.88  9.09  6.26  45 1014.4  24.4  25.2  19.9 99.0 99.00
2016 04 07 04 50  70  7.2  8.8  1.85  9.09  6.13  39 1014.1  24.2  25.2  20.4 99.0 99.00
2016 04 07 05 50  64  7.9  9.6  1.89 14.81  6.19 340 1013.6  24.3  25.2  19.6 99.0 99.00
2016 04 07 06 50  68  9.3 12.1  1.99  9.09  6.47  40 1013.3  24.1  25.2  19.7 99.0 99.00
2016 04 07 07 50  64  7.9  9.3  2.08 14.81  6.54  16 1013.7  24.2  25.2  19.4 99.0 99.00
2016 04 07 08 50  69  7.1  8.4  2.02 13.79  6.29 358 1014.4  24.2  25.2  18.8 99.0 99.00
2016 04 07 09 50  71  6.4  7.9  2.07 14.81  6.48 346 1014.9  24.3  25.2  19.5 99.0 99.00
2016 04 07 10 50  74  6.5  7.7  2.06 13.79  6.79 347 1015.6  24.4  25.2  19.1 99.0 99.00
2016 04 07 11 50  77  6.4  7.4  1.95 13.79  6.28   6 1016.2  24.6  25.2  18.9 99.0 99.00
2016 04 07 12 50  69  6.4  7.6  1.97 13.79  6.64 347 1016.1  24.6  25.3  19.1 99.0 99.00
2016 04 07 13 50  72  6.8  7.9  1.94  9.09  6.60  62 1016.1  24.6  25.3  19.5 99.0 99.00
2016 04 07 14 50  63  4.7  5.7  2.00 13.79  6.56   1 1016.0  24.5  25.4  18.6 99.0 99.00
2016 04 07 15 50  61  6.0  7.2  1.91 12.90  6.59 333 1015.0  24.6  25.5  19.6 99.0 99.00
2016 04 07 16 50  66  6.2  7.5  1.98 13.79  6.53 330 1014.1  24.6  25.5  19.5 99.0 99.00
2016 04 07 17 50  63  6.2  7.3  1.86 13.79  6.53 331 1013.6  24.6  25.5  19.5 99.0 99.00
2016 04 07 18 50  60  6.0  7.4  1.78 12.90  6.23 339 1013.2  24.6  25.5  19.3 99.0 99.00
2016 04 07 19 50  58  6.7  8.0  1.90 12.90  6.87 350 1013.3  24.6  25.5  19.4 99.0 99.00
2016 04 07 20 50  60  6.9  8.2  1.79 12.90  6.41 356 1013.6  24.6  25.4  19.3 99.0 99.00
2016 04 07 21 50  66  6.7  8.2  1.77  8.33  6.18  55 1014.2  24.6  25.4  19.6 99.0 99.00
2016 04 07 22 50  63  6.6  8.0  1.64  9.09  6.01  59 1014.7  24.5  25.3  19.6 99.0 99.00
2016 04 07 23 50  60  7.0  8.3  1.80 12.90  6.47 354 1015.3  24.5  25.4  20.2 99.0 99.00
2016 04 08 00 50  67  7.0  8.9  1.73  9.09  6.15  62 1015.4  24.6  25.4  20.2 99.0 99.00
2016 04 08 01 50  69  7.6  9.3  1.67  9.09  5.89  67 1015.5  24.8  25.4  20.0 99.0 99.00
2016 04 08 02 50  65  7.8  9.4  1.78 12.12  5.98 345 1015.2  24.5  25.3  20.0 99.0 99.00
2016 04 08 03 50  67  7.2  8.5  1.83 12.90  6.05   4 1014.5  24.5  25.3  19.7 99.0 99.00
2016 04 08 04 50  59  6.7  8.2  1.69 12.12  5.99 341 1014.0  24.5  25.3  19.5 99.0 99.00
2016 04 08 05 50  67  6.7  8.0  1.66  9.09  5.72  55 1013.4  24.1  25.3  20.1 99.0 99.00
2016 04 08 06 50  59  7.0  8.2  1.79 12.12  5.97 339 1013.4  24.4  25.3  19.5 99.0 99.00
2016 04 08 07 50  75  7.6  9.7  1.74  9.09  5.74  53 1013.6  24.1  25.2  19.5 99.0 99.00
2016 04 08 08 50  66  7.9  9.3  1.76  7.69  5.53  66 1013.9  24.4  25.2  18.1 99.0 99.00
2016 04 08 09 50  86  6.7  7.9  1.76  9.09  5.70  59 1014.4  24.4  25.2  18.7 99.0 99.00
2016 04 08 10 50  82  6.8  9.9  1.71 12.12  5.60 341 1015.3  23.1  25.2  18.8 99.0 99.00
2016 04 08 11 50 120  4.9  6.1  1.71 11.43  5.92 337 1016.1  22.5  25.3  19.9 99.0 99.00
2016 04 08 12 50  81  6.3  7.5  1.59 11.43  5.87 340 1015.9  24.2  25.3  18.8 99.0 99.00
2016 04 08 13 50  71  7.0  7.8  1.58  8.33  5.75  60 1015.7  24.4  25.4  19.3 99.0 99.00
2016 04 08 14 50  73  6.1  7.3  1.46 11.43  5.69 342 1015.6  24.4  25.4  19.3 99.0 99.00
2016 04 08 15 50  68  5.7  7.0  1.62  8.33  6.04  68 1014.8  24.5  25.5  19.9 99.0 99.00
2016 04 08 16 50  72  5.8  6.8  1.56 11.43  5.93 352 1013.8  24.6  25.6  20.3 99.0 99.00
2016 04 08 17 50  72  6.3  7.4  1.60 11.43  5.71 346 1013.3  24.8  25.6  19.7 99.0 99.00
2016 04 08 18 50  69  6.1  7.2  1.44  8.33  5.55  64 1013.1  25.0  25.5  19.4 99.0 99.00
2016 04 08 19 50  70  6.8  8.1  1.60  8.33  5.82  67 1013.0  24.9  25.5  19.7 99.0 99.00
2016 04 08 20 50  71  6.6  7.8  1.59  8.33  5.75  55 1013.6  24.9  25.5  19.9 99.0 99.00
2016 04 08 21 50  71  6.5  8.0  1.51  8.33  5.68  52 1014.4  24.8  25.4  20.0 99.0 99.00
2016 04 08 22 50  72  7.2  9.0  1.64  8.33  5.76  59 1014.7  24.9  25.4  20.2 99.0 99.00
2016 04 08 23 50  72  8.0  9.8  1.64  8.33  5.57  57 1015.0  24.8  25.4  20.2 99.0 99.00
2016 04 09 00 50  71  8.2  9.7  1.64  8.33  5.53  46 1015.4  24.7  25.4  20.0 99.0 99.00
2016 04 09 01 50  77  8.1  9.6  1.56  8.33  5.39  56 1015.5  24.7  25.3  20.1 99.0 99.00
2016 04 09 02 50  77  7.8  9.3  1.57  7.69  5.47  54 1015.2  24.7  25.3  19.6 99.0 99.00
2016 04 09 03 50  79  7.5  8.6  1.59  8.33  5.62  48 1014.7  24.5  25.3  20.0 99.0 99.00
2016 04 09 04 50  83  8.3  9.9  1.55  8.33  5.45  50 1013.9  24.6  25.3  19.8 99.0 99.00
2016 04 09 05 50  81  8.4  9.8  1.70  8.33  5.48  51 1013.3  24.4  25.3  20.1 99.0 99.00
2016 04 09 06 50  82  8.4 12.4  1.63  6.67  5.34  55 1012.9  24.5  25.3  20.3 99.0 99.00
2016 04 09 07 50  86  9.2 10.9  1.63  8.33  5.41  53 1013.0  24.6  25.3  19.7 99.0 99.00
2016 04 09 08 50  87  7.6  9.1  1.67  8.33  5.38  70 1013.7  24.5  25.3  20.4 99.0 99.00
2016 04 09 09 50  87  8.0  9.4  1.74  7.69  5.55  54 1014.3  24.7  25.3  20.1 99.0 99.00
2016 04 09 10 50  89  8.1  9.9  1.72  8.33  5.59  50 1015.0  24.8  25.3  19.8 99.0 99.00
2016 04 09 11 50  85  8.0  9.6  1.84 14.81  5.47 345 1015.5  24.9  25.3  20.2 99.0 99.00
2016 04 09 12 50  83  7.8  8.9  1.88 14.81  5.61   2 1015.7  25.0  25.4  20.0 99.0 99.00
2016 04 09 13 50  84  7.9  9.2  1.88 14.81  5.67 319 1015.7  25.1  25.4  19.9 99.0 99.00
2016 04 09 14 50  90  7.7  9.2  1.93 14.81  6.00 359 1015.6  25.0  25.4  20.1 99.0 99.00
2016 04 09 15 50  93  7.8  8.8  1.95 14.81  6.17 325 1014.8  25.0  25.4  19.9 99.0 99.00
2016 04 09 16 50  85  6.8  8.0  2.18 13.79  6.41 347 1013.8  25.0  25.5  20.2 99.0 99.00
2016 04 09 17 50  85  6.7  8.0  1.99  8.33  6.22  51 1013.3  25.0  25.5  20.4 99.0 99.00
2016 04 09 18 50  81  7.5  9.5  2.18 13.79  6.51 341 1012.8  25.1  25.5  20.4 99.0 99.00
2016 04 09 19 50  85  6.8  7.9  2.27 13.79  6.82 344 1012.9  25.1  25.5  20.7 99.0 99.00
2016 04 09 20 50  75  7.6  8.8  2.20 12.90  6.70 337 1012.9  25.0  25.5  20.8 99.0 99.00
2016 04 09 21 50  79  7.5  8.9  2.33 12.90  6.88 337 1013.4  24.9  25.4  20.1 99.0 99.00
2016 04 09 22 50  75  8.4 10.3  2.22 12.90  6.66 352 1013.7  24.8  25.4  20.6 99.0 99.00
2016 04 09 23 50  73  8.3  9.9  2.24  8.33  6.40  55 1014.1  24.9  25.4  20.6 99.0 99.00
2016 04 10 00 50  83  8.0  9.4  2.25 12.90  6.50 332 1014.6  24.8  25.4  20.4 99.0 99.00
2016 04 10 01 50  78  7.8  9.3  2.17 12.90  6.52 334 1014.9  24.9  25.4  20.6 99.0 99.00
2016 04 10 02 50  74  8.4  9.8  2.19 12.90  6.56 342 1014.8  24.8  25.4  20.4 99.0 99.00
2016 04 10 03 50  78  8.9 10.8  2.30  8.33  6.44  63 1014.2  24.8  25.3  20.1 99.0 99.00
2016 04 10 04 50  86  8.1  9.7  2.31 12.12  6.44 335 1013.8  24.7  25.3  20.0 99.0 99.00
2016 04 10 05 50  81  9.7 11.3  2.30 12.12  6.24 353 1013.2  24.6  25.4  20.2 99.0 99.00
2016 04 10 06 50  80  8.9 10.8  2.20 12.12  6.18 334 1013.3  24.5  25.3  20.2 99.0 99.00
2016 04 10 07 50  82  8.3  9.4  2.42 12.90  6.40 346 1013.5  24.6  25.3  20.3 99.0 99.00
2016 04 10 08 50  80  8.2  9.7  2.33  9.09  6.30  58 1014.0  24.6  25.3  20.1 99.0 99.00
2016 04 10 09 50  84  8.4 10.3  2.50  9.09  6.39  51 1014.5  24.6  25.3  19.7 99.0 99.00
2016 04 10 10 50  96  7.8  9.1  2.48 12.12  6.59 351 1015.2  24.9  25.4  19.7 99.0 99.00
2016 04 10 11 50  93  7.9  9.2  2.41  9.09  6.50  56 1015.5  24.8  25.4  20.2 99.0 99.00
2016 04 10 12 50  88  8.5  9.9  2.46 11.43  6.26 346 1015.6  25.0  25.4  20.0 99.0 99.00
2016 04 10 13 50  85  8.2 10.2  2.32  9.09  6.22  61 1015.5  25.0  25.4  20.4 99.0 99.00
2016 04 10 14 50  93  7.3  8.9  2.23  8.33  6.17  61 1015.4  25.0  25.5  20.6 99.0 99.00
2016 04 10 15 50  84  6.4  7.6  2.40  9.09  6.44  54 1014.7  24.9  25.5  20.3 99.0 99.00
2016 04 10 16 50  83  7.2  9.2  2.26  9.09  6.57  58 1014.2  25.1  25.6  20.2 99.0 99.00
2016 04 10 17 50  79  7.1  8.3  2.08  9.09  6.36  64 1013.6  25.1  25.6  20.2 99.0 99.00
2016 04 10 18 50  78  7.3  8.3  2.35  9.09  6.54  59 1013.3  25.1  25.6  19.5 99.0 99.00
2016 04 10 19 50  76  7.0  8.6  2.32  9.09  6.60  55 1013.4  25.1  25.6  19.9 99.0 99.00
2016 04 10 20 50  72  7.3  8.6  2.29  9.09  6.44  56 1013.8  25.0  25.5  20.0 99.0 99.00
2016 04 10 21 50  65  7.3  8.6  2.32  8.33  6.38  56 1014.2  24.9  25.5  20.4 99.0 99.00
2016 04 10 22 50  64  7.6  8.8  2.16  9.09  6.22  56 1014.6  24.8  25.5  20.4 99.0 99.00
2016 04 10 23 50  65  7.8  9.4  2.10  7.69  6.16  58 1014.8  24.7  25.5  20.6 99.0 99.00
2016 04 11 00 50  64  8.5  9.6  2.10  9.09  6.11  49 1015.0  24.6  25.4  20.6 99.0 99.00
2016 04 11 01 50  64  8.7 10.2  2.13  9.09  6.18  51 1015.1  24.7  25.4  20.4 99.0 99.00
2016 04 11 02 50  67  8.2 10.0  1.96  9.09  5.89  45 1015.0  24.7  25.4  20.2 99.0 99.00
2016 04 11 03 50  69  7.6  8.9  1.89  9.09  5.42  60 1014.9  24.6  25.4  19.8 99.0 99.00
2016 04 11 04 50  75  8.2  9.7  2.05  8.33  6.01  58 1014.4  24.4  25.4  20.1 99.0 99.00
2016 04 11 05 50  68  7.4  9.1  2.01  9.09  6.07  44 1013.9  24.5  25.4  20.2 99.0 99.00
2016 04 11 06 50  68  7.3  8.8  2.06  8.33  6.03  64 1014.0  24.3  25.4  20.1 99.0 99.00
2016 04 11 07 50  76  6.7  8.1  1.78  8.33  5.94  61 1014.1  24.4  25.4  19.7 99.0 99.00
2016 04 11 08 50  73  5.8  7.1  1.98  8.33  6.10  55 1014.5  24.4  25.4  19.9 99.0 99.00
2016 04 11 09 50  73  6.7  7.8  1.90  7.69  6.17  80 1014.4  24.5  25.4  19.2 99.0 99.00
2016 04 11 10 50  73  7.1  8.4  1.91  9.09  5.99  57 1014.6  24.5  25.4  19.4 99.0 99.00
2016 04 11 11 50  48  9.4 11.1  1.87  7.69  5.86  69 1015.1  23.6  25.4  20.6 99.0 99.00
2016 04 11 12 50  48  9.6 11.7  1.92  9.09  5.65  38 1015.1  22.8  25.4  20.4 99.0 99.00
2016 04 11 13 50  52  9.8 11.4  1.98  8.33  5.78  70 1014.8  23.0  25.4  19.8 99.0 99.00
2016 04 11 14 50  70  4.7  6.1  1.82  9.09  5.76  59 1014.6  24.0  25.5  18.5 99.0 99.00
2016 04 11 15 50  57  6.0  6.9  1.82  7.14  5.85  70 1013.9  24.0  25.5  19.4 99.0 99.00
2016 04 11 16 50  61  5.1  6.4  1.74  9.09  6.13  51 1013.5  24.3  25.5  20.1 99.0 99.00
2016 04 11 17 50  72  6.3  7.3  1.74  9.09  6.27  44 1012.8  24.8  25.6  19.4 99.0 99.00
2016 04 11 18 50  75  6.5  7.8  1.95  8.33  6.70  66 1012.5  24.8  25.6  19.6 99.0 99.00
2016 04 11 19 50  78  5.9  7.4  1.79  8.33  6.21  62 1012.4  24.4  25.5  20.2 99.0 99.00
2016 04 11 20 50  76  7.1  8.1  1.87  7.69  6.02  70 1013.0  24.9  25.4  19.7 99.0 99.00
2016 04 11 21 50  72  6.8  8.3  1.77  9.09  5.88  43 1013.6  24.8  25.4  20.1 99.0 99.00
2016 04 11 22 50  68  7.7  9.0  1.82  9.09  5.74  48 1013.7  24.8  25.3  19.5 99.0 99.00
2016 04 11 23 50  66  8.2  9.5  1.85 10.00  6.05  17 1014.2  24.7  25.3  19.5 99.0 99.00
2016 04 12 00 50  65  7.8  9.6  1.85  9.09  5.96  51 1014.4  24.7  25.3  19.7 99.0 99.00
2016 04 12 01 50  68  7.6  8.8  1.78  9.09  5.72  48 1014.7  24.7  25.3  19.7 99.0 99.00
2016 04 12 02 50  74  7.4  8.6  1.77  9.09  5.70  57 1014.5  24.6  25.3  19.7 99.0 99.00
2016 04 12 03 50  79  7.3  8.5  1.87 10.00  5.84  34 1014.0  24.5  25.3  19.8 99.0 99.00
2016 04 12 04 50  78  7.8  9.3  1.75  9.09  5.71  58 1013.3  24.5  25.3  19.9 99.0 99.00
2016 04 12 05 50  80  8.3  9.7  1.86  9.09  5.74  63 1013.1  24.4  25.3  19.2 99.0 99.00
2016 04 12 06 50  83  8.6 10.3  1.82  9.09  5.80  45 1013.1  24.5  25.3  19.1 99.0 99.00
2016 04 12 07 50  83  8.2 10.0  1.79  9.09  5.77  51 1013.4  24.4  25.3  18.8 99.0 99.00
2016 04 12 08 50  84  8.2  9.9  1.81  9.09  5.62  44 1013.9  24.4  25.3  19.1 99.0 99.00
2016 04 12 09 50  81  7.9  9.1  1.89  9.09  5.87  54 1014.6  24.5  25.3  18.6 99.0 99.00
2016 04 12 10 50  88  7.6  9.0  1.88 10.00  5.74  54 1015.1  24.6  25.3  18.6 99.0 99.00
2016 04 12 11 50  83  7.8  9.5  1.86  9.09  5.68  51 1015.3  24.6  25.3  19.1 99.0 99.00
2016 04 12 12 50  86  7.4  8.7  1.89  9.09  5.79  53 1015.4  24.7  25.4  18.6 99.0 99.00
2016 04 12 13 50  78  7.6  9.3  1.85  9.09  5.79  58 1015.1  24.6  25.4  19.3 99.0 99.00
2016 04 12 14 50  79  7.3  9.2  1.76  7.14  5.69  85 1014.8  24.6  25.5  19.6 99.0 99.00
2016 04 12 15 50  89  6.9  8.1  1.70 10.00  5.67  49 1014.5  24.6  25.5  19.5 99.0 99.00
2016 04 12 16 50  86  6.8  8.2  1.77  9.09  5.73  56 1013.8  24.6  25.5  19.4 99.0 99.00
2016 04 12 17 50  84  6.6  7.7  1.70  9.09  5.63  52 1013.2  24.6  25.6  19.4 99.0 99.00
2016 04 12 18 50  87  6.5  7.8  1.78  9.09  5.97  55 1013.1  24.7  25.6  19.1 99.0 99.00
2016 04 12 19 50  80  6.1  7.2  1.63  8.33  5.86  68 1013.1  24.8  25.5  19.5 99.0 99.00
2016 04 12 20 50  75  6.0  6.9  1.69  8.33  6.10  49 1013.4  24.7  25.5  19.7 99.0 99.00
2016 04 12 21 50  81  6.9  8.0  1.83  9.09  6.28  54 1014.0  24.7  25.4  19.6 99.0 99.00
2016 04 12 22 50  77  5.9  7.0  1.70  9.09  6.23  66 1014.7  24.8  25.4  20.0 99.0 99.00
2016 04 12 23 50  74  6.2  7.8  1.69  7.14  5.99  79 1015.2  24.7  25.4  19.9 99.0 99.00
2016 04 13 00 50  67  6.3  7.3  1.70  9.09  6.02  58 1015.7  24.7  25.4  19.8 99.0 99.00
2016 04 13 01 50  76  6.2  7.3  1.67 10.00  6.32  51 1015.8  24.6  25.4  19.6 99.0 99.00
2016 04 13 02 50  80  6.2  7.3  1.72  9.09  6.18  57 1015.4  24.6  25.4  19.6 99.0 99.00
2016 04 13 03 50  80  5.9  7.1  1.60  9.09  6.20  49 1014.8  24.5  25.3  19.3 99.0 99.00
2016 04 13 04 50  63  6.9  8.0  1.53  7.69  6.02  64 1014.2  24.0  25.3  19.2 99.0 99.00
2016 04 13 05 50  82  5.9  6.9  1.63 16.00  6.40  41 1013.5  24.3  25.3  19.8 99.0 99.00
2016 04 13 06 50  72  6.2  7.1  1.60 16.00  6.32  21 1013.5  24.0  25.3  19.3 99.0 99.00
2016 04 13 07 50  81  6.0  6.9  1.54 16.00  6.10  54 1013.8  24.0  25.3  18.1 99.0 99.00
2016 04 13 08 50  81  6.4  7.4  1.65 16.00  6.31  35 1014.1  24.2  25.3  19.1 99.0 99.00
2016 04 13 09 50  71  5.0  5.9  1.56 16.00  6.44  24 1014.7  23.9  25.3  19.6 99.0 99.00
2016 04 13 10 50  75  1.5  4.7  1.63  9.09  6.63  54 1015.4  23.3  25.3  20.1 99.0 99.00
2016 04 13 11 50  78  6.2  7.3  1.65 16.00  6.08 322 1015.2  24.5  25.4  19.5 99.0 99.00
2016 04 13 12 50  69  5.9  7.3  1.66 16.00  6.22 274 1015.2  24.5  25.4  19.6 99.0 99.00
2016 04 13 13 50  72  5.6  6.9  1.50 14.81  6.10   6 1015.1  24.6  25.5  19.6 99.0 99.00
2016 04 13 14 50  80  5.7  7.1  1.70 14.81  6.51  31 1014.8  24.6  25.5  19.7 99.0 99.00
2016 04 13 15 50  76  5.5  6.9  1.61 14.81  6.06  27 1014.0  24.6  25.5  19.5 99.0 99.00
2016 04 13 16 50  79  5.8  7.5  1.64 14.81  6.66  28 1013.4  24.7  25.5  19.3 99.0 99.00
2016 04 13 17 50  75  5.5  6.5  1.67 14.81  6.61  21 1013.0  24.7  25.5  19.3 99.0 99.00
2016 04 13 18 50  74  6.0  7.0  1.61 13.79  6.72   8 1012.2  24.7  25.5  19.8 99.0 99.00
2016 04 13 19 50  83  4.7  5.5  1.58 14.81  6.63   8 1012.7  24.8  25.5  19.4 99.0 99.00
2016 04 13 20 50  90  5.8  6.9  1.64 14.81  7.00  47 1012.7  24.7  25.4  20.1 99.0 99.00
2016 04 13 21 50  76  5.6  6.9  1.65 13.79  6.82 335 1013.5  24.8  25.4  20.3 99.0 99.00
2016 04 13 22 50  86  5.6  6.5  1.72 14.81  6.69  19 1014.1  24.8  25.4  19.9 99.0 99.00
2016 04 13 23 50  82  5.5  6.3  1.80 13.79  7.01 358 1014.5  24.8  25.4  20.2 99.0 99.00
2016 04 14 00 50  76  5.7  6.9  1.78 13.79  6.82  22 1014.8  24.8  25.4  20.2 99.0 99.00
2016 04 14 01 50  81  5.8  6.9  1.81 12.90  7.15 340 1014.9  24.7  25.4  20.2 99.0 99.00
2016 04 14 02 50  80  6.1  7.3  1.67 12.90  6.72 352 1014.2  24.7  25.4  20.1 99.0 99.00
2016 04 14 03 50  82  6.2  7.2  1.61 12.90  6.69   9 1013.4  24.6  25.4  20.1 99.0 99.00
2016 04 14 04 50  85  6.0  7.1  1.75 12.90  6.81  13 1013.1  24.6  25.3  20.0 99.0 99.00
2016 04 14 05 50  91  6.1  7.3  1.58 12.90  6.31 353 1012.7  24.5  25.3  20.3 99.0 99.00
2016 04 14 06 50  79  6.5  7.9  1.58 12.12  6.46  23 1012.5  24.5  25.3  20.3 99.0 99.00
2016 04 14 07 50  83  6.0  7.1  1.66 12.12  6.34  23 1012.7  24.5  25.3  20.4 99.0 99.00
2016 04 14 08 50  77  6.3  7.6  1.65 12.90  6.73  14 1013.1  24.6  25.3  20.3 99.0 99.00
2016 04 14 09 50  83  5.7  6.9  1.57 12.12  6.53 354 1013.5  24.6  25.3  20.4 99.0 99.00
2016 04 14 10 50  78  5.4  6.8  1.58 12.90  6.33  29 1014.2  24.7  25.4  20.5 99.0 99.00
2016 04 14 11 50  82  5.9  7.0  1.65 12.12  6.52  26 1014.7  24.8  25.4  20.2 99.0 99.00
2016 04 14 12 50  82  5.3  6.3  1.60 13.79  6.34  19 1014.9  24.8  25.4  20.5 99.0 99.00
2016 04 14 13 50  89  6.2  7.1  1.64 13.79  6.51  39 1014.4  24.8  25.5  20.8 99.0 99.00
2016 04 14 14 50  87  5.8  7.2  1.53 13.79  6.28  16 1014.7  24.9  25.6  20.8 99.0 99.00
2016 04 14 15 50  91  5.6  6.6  1.56 12.90  6.10   8 1014.1  25.0  25.6  20.9 99.0 99.00
2016 04 14 16 50  89  5.0  5.9  1.58 12.90  6.07  24 1013.8  25.0  25.6  20.8 99.0 99.00
2016 04 14 17 50  82  4.1  4.9  1.66 12.90  6.80  30 1013.9  25.0  25.6  21.0 99.0 99.00
2016 04 14 18 50  90  4.7  5.7  1.54 12.12  6.44  47 1013.7  25.0  25.6  21.2 99.0 99.00
2016 04 14 19 50  77  4.1  5.1  1.57 12.12  6.74   1 1014.1  25.0  25.6  21.3 99.0 99.00
2016 04 14 20 50  85  4.3  5.2  1.48 12.12  6.96  16 1014.2  25.0  25.6  21.5 99.0 99.00
2016 04 14 21 50  84  4.9  5.7  1.60 12.12  7.35  19 1014.4  25.0  25.6  21.7 99.0 99.00
2016 04 14 22 50  82  4.8  5.8  1.56 12.90  7.12  28 1014.8  25.0  25.5  21.8 99.0 99.00
2016 04 14 23 50  88  5.2  6.1  1.63 12.12  7.08   9 1015.0  25.0  25.5  21.7 99.0 99.00
2016 04 15 00 50  96  5.5  6.3  1.56 12.12  6.97  27 1015.0  25.0  25.5  21.5 99.0 99.00
2016 04 15 01 50  91  5.6  6.5  1.50 11.43  6.71  33 1015.0  24.9  25.5  21.4 99.0 99.00
2016 04 15 02 50  89  6.0  7.1  1.56 12.12  6.75  13 1014.1  24.8  25.5  21.7 99.0 99.00
2016 04 15 03 50  96  5.5  6.8  1.53 11.43  6.60  29 1013.6  24.8  25.5  21.8 99.0 99.00
2016 04 15 04 50  88  6.0  7.3  1.53 12.90  6.53  39 1013.0  24.7  25.5  21.6 99.0 99.00
2016 04 15 05 50  89  5.4  6.3  1.60 12.12  6.68  30 1012.7  24.7  25.4  21.6 99.0 99.00
2016 04 15 06 50  94  7.7  8.8  1.42 11.43  6.35  70 1011.4  24.7  25.4  21.6 99.0 99.00
2016 04 15 07 50  95  6.0  7.7  1.49 11.43  6.43  33 1012.5  24.7  25.4  21.4 99.0 99.00
2016 04 15 08 50  90  3.9  4.7  1.59 11.43  7.07  46 1013.9  24.8  25.4  21.0 99.0 99.00
2016 04 15 09 50  86  4.7  5.8  1.51 13.79  6.94  45 1013.8  24.8  25.4  21.1 99.0 99.00
2016 04 15 10 50  85  4.5  5.7  1.48 12.12  6.92  32 1014.5  24.9  25.4  21.0 99.0 99.00
2016 04 15 11 50  84  3.9  4.8  1.70 12.90  6.93  43 1015.5  24.9  25.4  21.3 99.0 99.00
2016 04 15 12 50  86  5.8  6.7  1.52 10.81  6.75  30 1014.9  25.0  25.5  21.8 99.0 99.00
2016 04 15 13 50 104  4.8  5.9  1.61 14.81  7.01  34 1015.4  25.0  25.5  21.6 99.0 99.00
2016 04 15 14 50 117  4.2  5.0  1.54 13.79  7.17  17 1015.2  25.1  25.6  21.7 99.0 99.00
2016 04 15 15 50 109  4.8  5.8  1.63 13.79  7.50  49 1014.2  25.1  25.7  21.7 99.0 99.00
2016 04 15 16 50 112  4.2  5.1  1.69 14.81  7.27  60 1013.8  25.1  25.7  21.5 99.0 99.00
2016 04 15 17 50  99  3.5  4.4  1.67 14.81  7.56  25 1013.4  25.1  25.7  21.6 99.0 99.00
2016 04 15 18 50 125  3.6  4.3  1.57 14.81  7.33  15 1013.5  25.1  25.7  21.7 99.0 99.00
2016 04 15 19 50 128  3.8  4.5  1.94 14.81  8.64  39 1013.4  25.1  25.7  21.9 99.0 99.00
2016 04 15 20 50 112  3.9  4.5  1.75 14.81  8.58  35 1013.6  25.1  25.7  21.9 99.0 99.00
2016 04 15 21 50 109  1.9  2.4  1.76 13.79  8.44  30 1014.5  25.1  25.6  21.9 99.0 99.00
2016 04 15 22 50  93  2.4  2.8  1.61 14.81  8.28   2 1014.3  25.0  25.6  21.9 99.0 99.00
2016 04 15 23 50  60  2.6  3.6  1.81 13.79  8.81  31 1014.6  25.0  25.6  22.0 99.0 99.00
2016 04 16 00 50  50  3.4  4.0  1.52 12.90  7.49  22 1014.7  25.0  25.5  22.0 99.0 99.00
2016 04 16 01 50  50  3.4  4.3  1.71 13.79  8.41  19 1015.1  24.9  25.5  22.0 99.0 99.00
2016 04 16 02 50  54  3.8  4.6  1.82 12.90  8.61  23 1014.4  24.8  25.5  21.9 99.0 99.00
2016 04 16 03 50  62  4.2  5.0  1.61 13.79  8.05  15 1013.5  24.8  25.5  21.9 99.0 99.00
2016 04 16 04 50  59  4.6  5.7  1.78 12.12  8.59  26 1012.8  24.7  25.5  22.1 99.0 99.00
2016 04 16 05 50  65  4.9  5.9  1.85 13.79  9.03  28 1012.6  24.6  25.5  22.0 99.0 99.00
2016 04 16 06 50  73  5.2  6.3  1.69 13.79  8.23  40 1012.4  24.7  25.5  22.0 99.0 99.00
2016 04 16 07 50  75  5.4  6.5  1.60 13.79  7.78  30 1012.9  24.7  25.5  22.0 99.0 99.00
2016 04 16 08 50  74  5.4  6.5  1.61 12.90  8.01  35 1013.5  24.8  25.4  22.0 99.0 99.00
2016 04 16 09 50  80  5.2  6.0  1.45 13.79  7.36  30 1014.2  24.8  25.5  21.6 99.0 99.00
2016 04 16 10 50  79  5.6  6.6  1.66 12.12  7.75  27 1014.8  25.0  25.5  21.2 99.0 99.00
2016 04 16 11 50  77  5.2  6.4  1.58 11.43  7.47  37 1015.3  25.1  25.5  21.5 99.0 99.00
2016 04 16 12 50  84  5.6  6.5  1.64 12.12  7.29  24 1015.4  25.1  25.6  21.2 99.0 99.00
2016 04 16 13 50  82  5.2  6.1  1.71 12.90  7.92  12 1015.2  25.1  25.6  21.4 99.0 99.00
2016 04 16 14 50  76  4.6  5.5  1.65 12.90  7.61  29 1015.1  25.1  25.7  21.4 99.0 99.00
2016 04 16 15 50  77  4.4  5.3  1.56 12.12  7.41  35 1014.3  25.1  25.9  21.3 99.0 99.00
2016 04 16 16 50  63  4.1  4.8  1.68 12.90  7.70  35 1013.6  25.2  26.0  21.1 99.0 99.00
2016 04 16 17 50  54  5.0  5.9  1.50 11.43  7.35  32 1013.0  25.2  26.0  21.4 99.0 99.00
2016 04 16 18 50  56  4.4  5.4  1.57 12.12  7.34  26 1012.9  25.2  26.0  21.5 99.0 99.00
2016 04 16 19 50  50  4.7  5.7  1.33 12.90  6.79  36 1012.7  25.2  26.0  21.4 99.0 99.00
2016 04 16 20 50  66  4.8  5.7  1.53 11.43  7.52  32 1013.1  25.2  25.9  21.5 99.0 99.00
2016 04 16 21 50  57  4.8  5.8  1.50 12.90  7.77  26 1013.9  25.1  25.8  21.8 99.0 99.00
2016 04 16 22 50  62  5.5  6.4  1.33 10.81  7.03  35 1014.4  25.1  25.8  21.8 99.0 99.00
2016 04 16 23 50  58  5.7  6.8  1.47 12.90  7.40  39 1014.9  25.1  25.7  21.8 99.0 99.00
2016 04 17 00 50  54  5.9  6.7  1.37 12.12  6.72  26 1015.5  25.1  25.7  21.8 99.0 99.00
2016 04 17 01 50  64  6.0  7.0  1.50 11.43  6.97  40 1015.5  25.0  25.6  21.9 99.0 99.00
2016 04 17 02 50  56  5.6  6.5  1.43 12.12  6.63  31 1015.1  24.9  25.6  21.8 99.0 99.00
2016 04 17 03 50  59  5.3  6.5  1.30 12.90  6.12  54 1014.4  24.9  25.5  21.9 99.0 99.00
2016 04 17 04 50  55  5.7  7.0  1.33 12.12  6.55  28 1013.5  24.9  25.5  22.1 99.0 99.00
2016 04 17 06 50  75  5.5  6.6  1.45 12.90  7.13  15 1013.6  24.8  25.5  21.8 99.0 99.00
2016 04 17 07 50  79  4.7  5.4  1.28 12.12  6.20  25 1014.3  24.9  25.5  22.1 99.0 99.00
2016 04 17 08 50  84  6.2  7.3  1.18 12.12  6.15 283 1014.5  25.0  25.5  22.4 99.0 99.00
2016 04 17 09 50  90  6.2  7.1  1.27 12.90  6.53  40 1015.3  25.2  25.5  22.3 99.0 99.00
2016 04 17 10 50  82  6.2  7.1  1.33 12.90  6.42  46 1015.9  25.3  25.5  22.6 99.0 99.00
2016 04 17 11 50  81  6.4  7.4  1.20 11.43  5.87  51 1016.4  25.3  25.5  22.5 99.0 99.00
2016 04 17 12 50  88  6.9  8.0  1.37 12.12  5.97  33 1016.6  25.4  25.6  22.3 99.0 99.00
2016 04 17 13 50  88  6.8  8.0  1.39 11.43  5.58  39 1016.5  25.4  25.7  22.3 99.0 99.00
2016 04 17 14 50  85  5.8  6.8  1.38 12.12  5.58  24 1016.0  25.4  25.7  22.3 99.0 99.00
2016 04 17 15 50  72  5.5  6.3  1.45 11.43  5.87  30 1015.1  25.3  25.8  22.4 99.0 99.00
2016 04 17 16 50  72  5.4  6.4  1.45 11.43  5.90  35 1014.3  25.4  25.8  22.4 99.0 99.00
2016 04 17 17 50  65  5.4  6.4  1.37 12.12  5.69  26 1013.9  25.4  25.9  22.5 99.0 99.00
2016 04 17 18 50  69  6.2  7.1  1.33 12.12  5.59  56 1013.3  25.5  25.9  22.3 99.0 99.00
2016 04 17 19 50  63  5.9  7.0  1.43 11.43  5.72  28 1013.2  25.5  25.9  22.3 99.0 99.00
2016 04 17 20 50  61  5.9  7.1  1.44 12.12  5.88  31 1014.0  25.3  25.9  22.5 99.0 99.00
2016 04 17 21 50  61  5.9  6.8  1.32 12.12  5.92  33 1014.9  25.4  25.8  22.4 99.0 99.00
2016 04 17 23 50  61  6.3  7.6  1.36 12.12  5.90  37 1015.6  25.3  25.7  22.4 99.0 99.00
2016 04 18 00 50  63  7.3  8.3  1.32 12.12  5.57  38 1016.1  25.3  25.7  22.6 99.0 99.00
2016 04 18 01 50  69  7.3  8.3  1.39 12.12  5.64  37 1015.6  25.3  25.7  22.0 99.0 99.00
2016 04 18 02 50  64  6.6  7.6  1.45 12.12  5.50  36 1015.2  25.2  25.7  22.5 99.0 99.00
2016 04 18 03 50  71  7.5  8.9  1.36 12.12  5.24  41 1014.8  25.1  25.7  22.2 99.0 99.00
2016 04 18 04 50  73  7.2  8.7  1.60 12.12  5.69  57 1014.1  25.2  25.7  21.9 99.0 99.00
2016 04 18 05 50  69  6.8  8.0  1.48 11.43  5.53  48 1013.7  25.1  25.7  21.9 99.0 99.00
2016 04 18 06 50  67  7.0  8.2  1.51 12.12  5.52  21 1013.7  25.1  25.6  21.9 99.0 99.00
2016 04 18 07 50  68  7.3  8.6  1.50 11.43  5.66  26 1013.8  25.1  25.6  21.6 99.0 99.00
2016 04 18 08 50  71  7.8  9.3  1.52 11.43  5.58  30 1014.3  25.1  25.6  21.8 99.0 99.00
2016 04 18 09 50  73  6.5  8.1  1.53 11.43  5.27  39 1015.1  25.2  25.6  21.8 99.0 99.00
2016 04 18 10 50  79  6.7  7.9  1.43 11.43  5.44  27 1015.8  25.3  25.6  21.8 99.0 99.00
2016 04 18 11 50  75  6.5  7.6  1.43 10.81  5.73  23 1016.1  25.3  25.6  21.8 99.0 99.00
2016 04 18 12 50  74  6.5  7.5  1.56 10.81  5.80  44 1016.0  25.4  25.6  21.8 99.0 99.00
2016 04 18 13 50  74  6.2  7.4  1.42 10.81  5.52   4 1015.5  25.4  25.7  22.1 99.0 99.00
2016 04 18 14 50  69  5.9  7.1  1.45 10.81  5.66   8 1015.2  25.4  25.8  22.0 99.0 99.00
2016 04 18 15 50  68  5.7  6.7  1.48 10.81  5.51  38 1014.4  25.4  25.8  22.1 99.0 99.00
2016 04 18 16 50  72  6.2  7.4  1.43 10.81  5.48  30 1013.5  25.4  25.9  22.3 99.0 99.00
2016 04 18 17 50  72  6.7  7.7  1.52 10.00  5.77  21 1012.6  25.4  25.9  22.3 99.0 99.00
2016 04 18 18 50  78  6.1  7.1  1.55 10.81  5.58  37 1012.6  25.6  25.9  22.4 99.0 99.00
2016 04 18 19 50  69  7.6  8.7  1.47  6.25  5.53 105 1012.7  25.5  25.8  22.4 99.0 99.00
2016 04 18 20 50  74  7.5  8.9  1.58 10.81  5.72  22 1013.0  25.5  25.8  22.4 99.0 99.00
2016 04 18 21 50  72  7.6  8.6  1.43 11.43  5.32  59 1013.7  25.5  25.7  22.6 99.0 99.00
2016 04 18 22 50  81  7.6  9.1  1.45  6.25  5.18  94 1014.1  25.5  25.7  22.7 99.0 99.00
2016 04 18 23 50  80  6.7  8.5  1.42 10.81  5.36  56 1014.9  25.5  25.7  22.7 99.0 99.00
2016 04 19 00 50  78  7.0  8.1  1.48 10.81  5.46  54 1014.9  25.5  25.7  22.7 99.0 99.00
2016 04 19 01 50  77  6.6  7.8  1.48 10.81  5.33  28 1015.2  25.4  25.7  22.8 99.0 99.00
2016 04 19 02 50  73  6.5  7.9  1.42 10.00  5.58  15 1014.9  25.4  25.7  22.9 99.0 99.00
2016 04 19 03 50  85  6.4  8.3  1.53 10.81  5.46  32 1014.1  25.3  25.6  22.8 99.0 99.00
2016 04 19 04 50  90  6.7  8.1  1.45 10.81  5.22  33 1013.0  25.3  25.6  22.7 99.0 99.00
2016 04 19 05 50  95  6.8  8.1  1.55 10.81  5.43  41 1012.6  25.3  25.6  22.8 99.0 99.00
2016 04 19 06 50  95  5.9  6.9  1.57  9.09  5.55  47 1012.9  25.3  25.6  22.5 99.0 99.00
2016 04 19 07 50  88  6.2  7.4  1.46  5.88  5.36 103 1013.7  25.3  25.6  22.6 99.0 99.00
2016 04 19 08 50  89  6.5  7.6  1.44  6.25  5.44  96 1014.0  25.4  25.6  22.5 99.0 99.00
2016 04 19 09 50  93  5.5  6.6  1.45  6.67  5.61  97 1014.5  25.5  25.6  22.3 99.0 99.00
2016 04 19 10 50  93  6.0  7.0  1.49 10.00  5.49  26 1014.7  25.5  25.6  22.4 99.0 99.00
2016 04 19 11 50 107  5.6  6.6  1.44 10.81  5.67  53 1014.9  25.6  25.7  22.6 99.0 99.00
2016 04 19 12 50 105  6.0  7.4  1.35 10.00  5.54  56 1015.2  25.6  25.7  22.5 99.0 99.00
2016 04 19 13 50 101  6.4  7.9  1.39 10.00  5.40  11 1015.0  25.6  25.8  22.7 99.0 99.00
2016 04 19 14 50 107  6.6  7.5  1.60 10.81  5.74  43 1014.1  25.6  25.8  22.5 99.0 99.00
2016 04 19 15 50 109  6.0  7.0  1.49  6.67  5.52  90 1013.2  25.7  25.9  22.5 99.0 99.00
2016 04 19 16 50  95  4.4  5.3  1.44  6.25  5.64  94 1012.9  25.7  26.0  22.5 99.0 99.00
2016 04 19 17 50  95  4.4  5.2  1.44  6.67  5.58  77 1011.9  25.6  26.0  22.5 99.0 99.00
2016 04 19 18 50  89  4.3  5.2  1.56 10.00  6.08  52 1011.5  25.6  26.1  22.4 99.0 99.00
2016 04 19 19 50  84  4.0  4.9  1.45  6.25  5.86 101 1011.7  25.7  26.1  22.5 99.0 99.00
2016 04 19 20 50  67  4.1  4.9  1.51  6.25  6.05  92 1012.4  25.6  26.0  22.6 99.0 99.00
2016 04 19 21 50  59  4.8  5.5  1.43  6.67  5.96  90 1013.2  25.6  26.0  22.7 99.0 99.00
2016 04 19 22 50  67  4.5  5.3  1.45 10.81  6.21  15 1014.4  25.6  25.9  22.7 99.0 99.00
2016 04 19 23 50  58  4.9  5.8  1.33 12.12  6.17 340 1015.2  25.6  25.9  22.8 99.0 99.00
2016 04 20 00 50  65  5.3  6.1  1.39 10.81  6.16   7 1015.9  25.5  25.9  22.7 99.0 99.00
2016 04 20 01 50  61  5.3  6.3  1.49 10.00  6.40  52 1016.1  25.5  25.9  22.8 99.0 99.00
2016 04 20 02 50  66  5.6  6.3  1.33 10.00  6.25  15 1015.8  25.3  25.8  22.5 99.0 99.00
2016 04 20 03 50  67  5.9  6.9  1.31 10.81  6.05  43 1014.9  25.3  25.8  22.6 99.0 99.00
2016 04 20 04 50  70  6.2  7.5  1.40 12.12  6.18   7 1014.0  25.2  25.8  22.5 99.0 99.00
2016 04 20 05 50  63  6.9  7.9  1.49 10.81  6.02  14 1013.4  25.1  25.8  22.3 99.0 99.00
2016 04 20 06 50  69  6.5  7.5  1.47 11.43  5.80  12 1013.7  25.2  25.7  22.2 99.0 99.00
2016 04 20 07 50  77  6.7  8.3  1.51 11.43  5.97   6 1013.9  25.2  25.7  22.2 99.0 99.00
2016 04 20 08 50  74  7.0  8.2  1.47 10.81  5.91  16 1014.2  25.2  25.7  22.3 99.0 99.00
2016 04 20 09 50  81  6.3  7.7  1.49 11.43  5.88  13 1014.7  25.3  25.6  22.1 99.0 99.00
2016 04 20 10 50  82  6.7  7.4  1.44 11.43  5.95 360 1015.3  25.3  25.7  22.2 99.0 99.00
2016 04 20 11 50  80  6.7  8.0  1.43 11.43  6.04   2 1015.6  25.4  25.7  22.2 99.0 99.00
2016 04 20 12 50  76  6.3  7.4  1.40 10.81  5.67  25 1015.4  25.5  25.7  22.2 99.0 99.00
2016 04 20 13 50  79  6.5  7.7  1.49 11.43  5.93  22 1015.4  25.5  25.8  22.3 99.0 99.00
2016 04 20 14 50  78  7.2  8.5  1.45 10.81  5.81  18 1014.5  25.4  25.9  21.9 99.0 99.00
2016 04 20 15 50  80  6.6  7.7  1.44 11.43  5.83  25 1013.9  25.5  25.9  22.3 99.0 99.00
2016 04 20 16 50  85  6.3  7.4  1.38 10.81  5.66  17 1013.0  25.5  26.0  22.0 99.0 99.00
2016 04 20 17 50  80  6.8  7.9  1.39 10.81  5.70 357 1012.5  25.5  26.0  22.3 99.0 99.00
2016 04 20 18 50  83  6.3  7.6  1.44 11.43  5.74  24 1012.2  25.6  26.0  22.5 99.0 99.00
2016 04 20 19 50  85  6.5  7.5  1.28 10.81  5.58   4 1012.1  25.5  26.0  22.4 99.0 99.00
2016 04 20 20 50  84  6.6  7.8  1.49 11.43  5.79   3 1012.4  25.5  25.9  22.4 99.0 99.00
2016 04 20 21 50  80  7.0  8.0  1.39 11.43  5.55 350 1013.1  25.5  25.9  22.5 99.0 99.00
2016 04 20 22 50  80  7.8  9.2  1.37 10.81  5.45  15 1013.5  25.5  25.8  22.6 99.0 99.00
2016 04 20 23 50  85  7.5  8.8  1.32  6.67  5.11  91 1014.5  25.5  25.8  22.5 99.0 99.00
2016 04 21 00 50  84  7.1  8.5  1.32 11.43  5.20  38 1015.1  25.5  25.8  22.4 99.0 99.00
2016 04 21 01 50  85  7.1  8.4  1.29 11.43  5.14  51 1015.1  25.4  25.8  22.5 99.0 99.00
2016 04 21 02 50  83  6.7  8.1  1.35  6.25  5.26 102 1014.4  25.4  25.8  22.6 99.0 99.00
2016 04 21 03 50  86  6.8  8.3  1.29 11.43  5.16 342 1013.7  25.3  25.8  22.4 99.0 99.00
2016 04 21 04 50  90  7.1  8.2  1.43 11.43  5.40  22 1013.2  25.3  25.8  22.5 99.0 99.00
2016 04 21 05 50  92  7.4  8.8  1.34 11.43  5.29 344 1012.8  25.2  25.8  22.3 99.0 99.00
2016 04 21 06 50  85  7.5  8.8  1.38  6.25  5.22 103 1012.6  25.2  25.7  22.3 99.0 99.00
2016 04 21 07 50  94  7.6  8.7  1.31  6.67  5.07  97 1012.7  25.2  25.7  22.2 99.0 99.00
2016 04 21 08 50  92  7.1  8.3  1.33 11.43  5.20 293 1013.1  25.3  25.7  22.4 99.0 99.00
2016 04 21 09 50  96  7.7  9.2  1.30 10.81  5.15  10 1013.5  25.3  25.7  22.3 99.0 99.00
2016 04 21 10 50 102  7.9  9.3  1.45  6.67  5.16 100 1014.3  25.4  25.7  22.2 99.0 99.00
2016 04 21 11 50 104  7.9  9.7  1.41  6.67  5.09 103 1014.7  25.5  25.8  22.3 99.0 99.00
2016 04 21 12 50 102  8.0  9.5  1.50  5.26  4.99 115 1014.8  25.6  25.8  22.3 99.0 99.00
2016 04 21 13 50 102  7.1  8.7  1.45  6.67  5.08 107 1014.7  25.6  25.8  22.5 99.0 99.00
2016 04 21 14 50 106  7.2  8.5  1.42 10.81  5.17  12 1014.6  25.7  25.9  22.6 99.0 99.00
2016 04 21 15 50 105  6.3  7.8  1.48  5.56  5.14 105 1014.0  25.7  25.9  22.7 99.0 99.00
2016 04 21 16 50 111  5.7  6.8  1.34  7.14  5.17 105 1013.5  25.7  26.0  22.6 99.0 99.00
2016 04 21 17 50 116  5.6  6.5  1.40  7.14  5.42 107 1013.3  25.8  26.0  22.6 99.0 99.00
2016 04 21 18 50  98  4.3  5.4  1.38  7.14  5.40 102 1013.1  25.8  26.0  22.8 99.0 99.00
2016 04 21 19 50  88  4.2  4.9  1.36  6.67  5.59 104 1013.5  25.8  26.0  22.7 99.0 99.00
2016 04 21 20 50  80  5.1  5.8  1.34  7.14  5.73  98 1013.8  25.7  26.0  22.9 99.0 99.00
2016 04 21 21 50  72  4.6  5.4  1.36  6.25  5.60 112 1014.6  25.6  25.9  22.9 99.0 99.00
2016 04 21 22 50  75  5.0  5.8  1.45  7.14  5.59 105 1015.0  25.6  25.9  22.9 99.0 99.00
2016 04 21 23 50  74  4.9  5.9  1.33  7.14  5.84 105 1016.0  25.6  25.9  22.9 99.0 99.00
2016 04 22 00 50  56  5.7  6.4  1.33  6.67  5.76 101 1016.3  25.5  25.9  23.0 99.0 99.00
2016 04 22 01 50  62  5.6  6.4  1.50  6.67  6.02  97 1016.6  25.4  25.9  22.8 99.0 99.00
2016 04 22 02 50  65  5.7  6.6  1.39  7.14  6.01 108 1016.1  25.4  25.8  22.8 99.0 99.00
2016 04 22 03 50  60  5.1  5.9  1.38  7.14  5.86  95 1016.0  25.3  25.8  22.7 99.0 99.00
2016 04 22 04 50  51  6.2  7.0  1.46  7.14  5.88 101 1015.3  25.3  25.8  22.4 99.0 99.00
2016 04 22 05 50  51  7.1  8.4  1.50 10.00  6.04 357 1014.8  25.1  25.8  22.4 99.0 99.00
2016 04 22 06 50  47  6.2  8.4  1.54 11.43  5.95 345 1015.1  25.2  25.8  22.4 99.0 99.00
2016 04 22 07 50  49  6.7  7.5  1.58  9.09  6.05  93 1015.4  25.1  25.7  22.3 99.0 99.00
2016 04 22 08 50  46  6.9  7.7  1.52  9.09  5.86 101 1015.7  25.2  25.8  22.2 99.0 99.00
2016 04 22 09 50  50  6.3  7.4  1.58 10.00  5.90 341 1016.3  25.2  25.7  22.1 99.0 99.00
2016 04 22 10 50  58  6.8  8.1  1.82 10.00  6.52  21 1016.8  25.3  25.7  22.3 99.0 99.00
2016 04 22 11 50  46  7.5  8.8  1.63  8.33  5.92 103 1017.1  25.4  25.8  22.2 99.0 99.00
2016 04 22 12 50  52  6.9  8.2  1.63  9.09  5.82  89 1017.3  25.5  25.8  22.2 99.0 99.00
2016 04 22 13 50  51  6.8  7.9  1.65  9.09  5.80 127 1017.0  25.5  25.9  22.4 99.0 99.00
2016 04 22 14 50  51  7.5  8.4  1.61  8.33  5.82 100 1016.7  25.5  25.9  22.1 99.0 99.00
2016 04 22 15 50  57  7.3  8.4  1.77  9.09  6.08 107 1016.2  25.6  25.9  22.5 99.0 99.00
2016 04 22 16 50  62  7.9  8.8  1.54  7.69  5.40 103 1015.5  25.5  26.0  22.1 99.0 99.00
2016 04 22 17 50  53  7.8  9.0  1.61  9.09  5.46 116 1015.5  25.6  26.0  22.0 99.0 99.00
2016 04 22 18 50  55  6.4  7.4  1.63  9.09  5.60 101 1015.4  25.6  26.0  22.2 99.0 99.00
2016 04 22 19 50  59  6.1  7.4  1.56 10.00  5.72 357 1015.4  25.6  26.0  22.3 99.0 99.00
2016 04 22 20 50  58  7.6  8.6  1.53  9.09  5.54 100 1015.5  25.6  25.9  22.1 99.0 99.00
2016 04 22 21 50  59  7.7  9.2  1.48  7.69  5.35  97 1015.6  25.5  25.9  22.4 99.0 99.00
2016 04 22 22 50  60  7.4  8.6  1.59  7.14  5.28  98 1016.0  25.4  25.9  22.1 99.0 99.00
2016 04 22 23 50  64  7.8  9.3  1.57 10.00  5.46 336 1016.3  25.4  25.8  22.4 99.0 99.00
2016 04 23 00 50  66  8.3  9.6  1.55  9.09  5.30 333 1016.5  25.3  25.8  22.1 99.0 99.00
2016 04 23 01 50  67  8.1 10.0  1.59  7.69  5.21  98 1016.4  25.3  25.8  22.1 99.0 99.00
2016 04 23 02 50  72  8.3 10.1  1.57  9.09  5.18 307 1016.1  25.2  25.8  21.8 99.0 99.00
2016 04 23 03 50  66  7.4  9.2  1.65  9.09  5.32  97 1015.6  25.2  25.8  21.7 99.0 99.00
2016 04 23 04 50  77  7.5  8.9  1.59  9.09  5.25  30 1015.0  25.2  25.8  21.4 99.0 99.00
2016 04 23 05 50  72  7.7  8.8  1.68  8.33  5.48 110 1014.6  25.2  25.8  21.1 99.0 99.00
2016 04 23 06 50  76  8.3  9.5  1.65  8.33  5.45 106 1014.3  25.2  25.7  21.3 99.0 99.00
2016 04 23 07 50  79  8.6 10.3  1.58  7.69  5.41 102 1014.4  25.3  25.7  21.0 99.0 99.00
2016 04 23 08 50  79  7.5  8.8  1.58  9.09  5.42 342 1015.1  25.3  25.7  21.2 99.0 99.00
2016 04 23 09 50  79  8.0  9.4  1.64  5.56  5.38  89 1015.3  25.6  25.7  20.8 99.0 99.00
2016 04 23 10 50  84  8.3  9.8  1.64  8.33  5.27  88 1015.7  25.6  25.7  21.0 99.0 99.00
2016 04 23 11 50  82  8.4  9.9  1.75  7.14  5.41  96 1016.0  25.6  25.8  21.0 99.0 99.00
2016 04 23 12 50  83  7.8  9.5  1.74  6.25  5.42  94 1016.0  25.6  25.8  21.3 99.0 99.00
2016 04 23 13 50  84  7.3  8.8  1.74  7.69  5.58 107 1015.9  25.5  25.9  21.8 99.0 99.00
2016 04 23 14 50  81  6.4  7.6  1.67  6.67  5.53  97 1015.7  25.6  26.0  21.3 99.0 99.00
2016 04 23 15 50  84  6.5  7.6  1.69  6.67  5.68  92 1014.8  25.5  26.0  21.4 99.0 99.00
2016 04 23 16 50  80  6.6  7.7  1.79  7.14  5.77  96 1013.6  25.4  26.1  21.7 99.0 99.00
2016 04 23 17 50  81  6.2  7.3  1.73  7.14  5.56  95 1012.8  25.4  26.1  21.8 99.0 99.00
2016 04 23 18 50  65  5.9  7.0  1.75  7.69  5.82  90 1012.8  25.3  26.1  21.9 99.0 99.00
2016 04 23 19 50  56  6.3  7.4  1.68  7.69  5.76  96 1012.5  25.4  26.1  22.3 99.0 99.00
2016 04 23 20 50  61  6.2  7.3  1.69  8.33  6.00 109 1012.9  25.3  26.1  22.2 99.0 99.00
2016 04 23 21 50  67  6.3  7.7  1.75  8.33  6.22 118 1013.6  25.3  26.0  22.1 99.0 99.00
2016 04 23 22 50  59  6.7  7.7  1.73 12.90  6.19  25 1013.8  25.3  26.0  22.2 99.0 99.00
2016 04 23 23 50  60  6.3  7.8  1.83  7.14  6.31 110 1014.4  25.4  26.0  22.3 99.0 99.00
2016 04 24 00 50  63  6.7  8.1  1.95 10.81  6.61 339 1015.1  25.4  26.0  22.4 99.0 99.00
2016 04 24 01 50  56  7.2  8.5  1.91 11.43  6.63   1 1015.5  25.4  26.0  22.4 99.0 99.00
2016 04 24 02 50  59  7.5  9.0  2.02 11.43  6.69 349 1015.0  25.3  25.9  22.3 99.0 99.00
2016 04 24 03 50  63  7.1  8.7  2.05 11.43  6.71 347 1014.5  25.3  25.9  22.3 99.0 99.00
2016 04 24 04 50  56  7.8  9.1  2.14 12.12  6.66 345 1013.8  25.3  25.8  22.3 99.0 99.00
2016 04 24 05 50  53  7.3  8.9  2.38 11.43  7.18 346 1013.0  25.2  25.8  22.2 99.0 99.00
2016 04 24 06 50  67  7.2  8.2  2.11 11.43  6.56 344 1013.3  25.3  25.8  22.2 99.0 99.00
2016 04 24 07 50  71  7.8  9.5  2.35 10.81  7.04 352 1013.4  25.2  25.8  22.2 99.0 99.00
2016 04 24 08 50  66  7.5  9.0  2.27 12.12  6.77 340 1013.4  25.2  25.8  22.1 99.0 99.00
2016 04 24 09 50  74  8.0  9.6  2.23 11.43  6.75 343 1013.6  25.2  25.8  22.0 99.0 99.00
2016 04 24 10 50  73  8.2  9.8  2.28 12.12  6.69 346 1013.9  25.4  25.8  21.9 99.0 99.00
2016 04 24 11 50  77  7.8  9.5  2.13 12.12  6.52 338 1014.7  25.5  25.8  22.0 99.0 99.00
2016 04 24 12 50  74  8.2  9.8  2.16 12.12  6.39 324 1014.9  25.6  25.8  22.1 99.0 99.00
2016 04 24 13 50  72  7.9  9.2  2.02 11.43  5.98 342 1015.0  25.7  25.9  22.2 99.0 99.00
2016 04 24 14 50  69  7.7  9.0  2.21 11.43  6.35 356 1014.7  25.6  25.9  22.2 99.0 99.00
2016 04 24 15 50  70  7.0  8.5  2.08  7.69  6.11  81 1013.9  25.6  26.0  22.3 99.0 99.00
2016 04 24 16 50  63  7.6  8.7  2.14 11.43  6.46 340 1013.4  25.7  26.0  22.1 99.0 99.00
2016 04 24 17 50  62  7.8  8.8  2.08 10.81  6.33 358 1012.9  25.6  26.0  21.9 99.0 99.00
2016 04 24 18 50  67  7.3  8.4  1.94 12.12  6.11 336 1012.3  25.6  26.1  22.3 99.0 99.00
2016 04 24 19 50  71  7.2  8.5  2.04 12.12  6.26 358 1012.0  25.6  26.0  22.2 99.0 99.00
2016 04 24 20 50  71  7.4  8.7  2.19 10.81  6.45 358 1012.4  25.5  26.0  22.3 99.0 99.00
2016 04 24 21 50  68  7.5  9.2  2.26 11.43  6.62 354 1013.0  25.6  25.9  22.4 99.0 99.00
2016 04 24 22 50  60  7.4  8.5  1.95 12.12  6.25  14 1013.5  25.5  25.9  22.3 99.0 99.00
2016 04 24 23 50  62  8.0  9.2  2.04 11.43  6.23 353 1014.0  25.6  25.9  22.4 99.0 99.00
2016 04 25 00 50  61  7.8  9.5  2.15 11.43  6.39   6 1014.4  25.5  25.9  22.4 99.0 99.00
2016 04 25 01 50  69  7.9  9.5  2.28 10.81  6.48 355 1014.4  25.5  25.9  22.7 99.0 99.00
2016 04 25 02 50  64  7.9  9.3  2.01 12.12  6.28 353 1014.1  25.4  25.9  22.4 99.0 99.00
2016 04 25 03 50  61  7.6  9.3  2.11 11.43  6.23  12 1013.8  25.4  25.9  22.4 99.0 99.00
2016 04 25 04 50  71  8.3 10.0  2.14 16.00  6.29  11 1012.7  25.3  25.9  22.2 99.0 99.00
2016 04 25 05 50  83  8.3 10.0  2.16 11.43  6.23 359 1012.1  25.2  25.8  22.3 99.0 99.00
2016 04 25 06 50  88  7.7  9.1  2.47 14.81  6.78  19 1011.9  25.3  25.8  21.8 99.0 99.00
2016 04 25 07 50  90  7.2  8.6  2.42 14.81  7.02  10 1012.3  25.4  25.8  22.0 99.0 99.00
2016 04 25 08 50  98  6.5  7.7  2.38 14.81  6.92 351 1012.8  25.4  25.8  21.9 99.0 99.00
2016 04 25 09 50  99  6.9  8.4  2.40 13.79  7.33 345 1013.2  25.7  25.8  21.4 99.0 99.00
2016 04 25 10 50  93  6.7  7.7  2.38 13.79  7.40   7 1013.5  25.7  25.8  21.8 99.0 99.00
2016 04 25 11 50  93  6.3  7.7  2.47 12.90  7.24 359 1013.9  25.8  25.9  21.7 99.0 99.00
2016 04 25 12 50  87  6.6  7.5  2.62 13.79  7.91 343 1014.0  25.9  25.9  21.7 99.0 99.00
2016 04 25 13 50  90  6.0  7.0  2.42 13.79  7.58 349 1014.2  26.1  26.0  20.9 99.0 99.00
2016 04 25 14 50  90  5.8  6.8  2.60 13.79  7.93 354 1014.0  25.9  26.1  21.7 99.0 99.00
2016 04 25 15 50  91  6.0  7.3  2.62 13.79  8.17 355 1013.0  25.9  26.1  21.6 99.0 99.00
2016 04 25 16 50  99  6.6  7.6  2.60 13.79  8.09 352 1011.8  25.8  26.1  21.6 99.0 99.00
2016 04 25 17 50  95  6.4  7.8  2.61 12.90  7.92 349 1011.5  25.8  26.1  21.8 99.0 99.00
2016 04 25 18 50  94  5.9  6.9  2.49 12.90  7.96 355 1011.2  25.8  26.1  21.7 99.0 99.00
2016 04 25 19 50  86  5.9  7.6  2.34 13.79  7.34 345 1010.8  25.7  26.1  21.8 99.0 99.00
2016 04 25 20 50  81  6.1  7.3  2.16 12.12  7.50 346 1011.3  25.6  26.0  22.0 99.0 99.00
2016 04 25 21 50  80  5.7  7.1  2.44 12.90  7.84 357 1012.0  25.5  26.0  21.9 99.0 99.00
2016 04 25 22 50  80  5.0  6.0  2.31 12.12  7.85 343 1012.7  25.5  25.9  21.7 99.0 99.00
2016 04 25 23 50  79  5.0  6.1  2.45 12.90  7.76 357 1013.4  25.5  25.9  21.9 99.0 99.00
2016 04 26 00 50  81  4.9  6.0  2.05 12.90  7.28 345 1014.1  25.5  25.9  21.5 99.0 99.00
2016 04 26 01 50  77  5.9  6.7  2.15 12.12  7.44 346 1014.1  25.5  25.9  21.5 99.0 99.00
2016 04 26 02 50  87  6.4  7.3  2.09 12.12  7.36 347 1013.7  25.4  25.9  21.5 99.0 99.00
2016 04 26 03 50  72  6.2  7.7  2.33 12.90  7.62   5 1013.4  25.3  25.9  21.8 99.0 99.00
2016 04 26 04 50  78  6.6  8.1  2.25 10.00  7.41  18 1012.6  25.3  25.9  21.9 99.0 99.00
2016 04 26 05 50  85  6.7  8.1  2.07 12.12  6.83  10 1012.1  25.3  25.8  21.9 99.0 99.00
2016 04 26 06 50  89  6.2  7.6  2.10 12.12  7.19 337 1012.0  25.3  25.8  21.7 99.0 99.00
2016 04 26 07 50  97  6.5  7.7  2.08 12.90  7.05 349 1012.2  25.3  25.8  22.0 99.0 99.00
2016 04 26 08 50  95  6.1  7.4  2.27 12.12  7.20 347 1012.4  25.4  25.8  22.0 99.0 99.00
2016 04 26 09 50 105  6.4  7.9  2.21 12.12  7.07 353 1012.8  25.5  25.9  21.7 99.0 99.00
2016 04 26 10 50  85  5.2  6.2  2.05 10.00  6.78  18 1013.3  25.5  25.9  21.8 99.0 99.00
2016 04 26 11 50  81  6.7  7.8  2.13 11.43  6.87 346 1013.4  25.5  25.9  22.1 99.0 99.00
2016 04 26 12 50  97  6.4  7.7  1.94 12.12  6.52 340 1013.7  25.7  26.0  21.8 99.0 99.00
2016 04 26 13 50  85  5.4  6.5  2.02  9.09  6.57  89 1014.2  25.8  26.0  21.8 99.0 99.00
2016 04 26 14 50  89  5.8  6.8  1.88 11.43  6.46 352 1013.6  25.8  26.1  21.9 99.0 99.00
2016 04 26 15 50  87  6.0  7.2  1.90 12.12  6.70 350 1013.0  25.8  26.2  22.0 99.0 99.00
2016 04 26 16 50  96  5.4  6.3  1.94 11.43  6.73 356 1012.5  25.8  26.2  22.4 99.0 99.00
2016 04 26 17 50  95  6.1  7.3  1.88 11.43  6.41 346 1012.3  25.9  26.2  22.1 99.0 99.00
2016 04 26 18 50  93  6.4  7.5  1.93  8.33  6.69  93 1012.0  25.9  26.2  22.2 99.0 99.00
2016 04 26 19 50  87  6.1  7.2  1.90  8.33  6.48  88 1012.2  25.9  26.2  22.3 99.0 99.00
2016 04 26 20 50  87  6.0  6.9  1.79 11.43  6.27 344 1012.7  25.9  26.2  22.4 99.0 99.00
2016 04 26 21 50  81  5.9  7.5  1.82  9.09  6.31  90 1013.5  25.7  26.2  22.4 99.0 99.00
2016 04 26 22 50  75  5.5  6.2  1.83  9.09  6.47 101 1014.5  25.7  26.1  22.4 99.0 99.00
2016 04 26 23 50  80  6.5  7.5  1.69  9.09  6.07 101 1014.8  25.7  26.0  22.4 99.0 99.00
2016 04 27 00 50  77  6.1  7.1  1.86  9.09  6.24  86 1015.3  25.7  26.0  22.2 99.0 99.00
2016 04 27 01 50  75  6.7  8.2  1.71  9.09  6.30  95 1015.4  25.6  26.0  22.4 99.0 99.00
2016 04 27 02 50  74  6.6  8.3  1.66  8.33  5.93  88 1015.1  25.5  26.0  22.2 99.0 99.00
2016 04 27 03 50  78  7.3  9.0  1.71  9.09  6.13  81 1014.5  25.5  26.0  22.5 99.0 99.00
2016 04 27 04 50  76  6.5  8.3  1.62  8.33  5.62  97 1014.2  25.5  26.0  22.1 99.0 99.00
2016 04 27 05 50  76  7.2  8.3  1.52  8.33  5.57  95 1013.6  25.4  25.9  22.4 99.0 99.00
2016 04 27 06 50  81  8.2  9.7  1.70  8.33  5.97  95 1013.7  25.4  25.9  22.3 99.0 99.00
2016 04 27 07 50  83  6.7  8.3  1.54  9.09  5.53 114 1014.3  25.5  25.9  22.0 99.0 99.00
2016 04 27 08 50  84  5.5  6.8  1.62  8.33  5.79 106 1014.4  25.4  25.9  22.3 99.0 99.00
2016 04 27 09 50  80  7.8  9.1  1.59  8.33  5.72 111 1014.7  25.4  25.9  22.1 99.0 99.00
2016 04 27 10 50  85  6.9  8.4  1.62  7.69  5.69  99 1015.4  25.7  26.0  22.0 99.0 99.00
2016 04 27 11 50  83  6.6  7.8  1.60  8.33  5.57  82 1015.7  25.7  26.0  22.0 99.0 99.00
2016 04 27 12 50  85  7.1  8.3  1.56  9.09  5.60 107 1015.9  25.7  26.0  21.9 99.0 99.00
2016 04 27 13 50  84  6.8  7.8  1.53  7.69  5.47 110 1015.9  25.7  26.1  22.3 99.0 99.00
2016 04 27 14 50  81  6.5  7.6  1.48  7.69  5.54  98 1015.7  25.7  26.1  22.3 99.0 99.00
2016 04 27 15 50  83  6.7  7.9  1.50  7.69  5.53  91 1014.9  25.7  26.2  22.5 99.0 99.00
2016 04 27 16 50  77  6.5  7.6  1.65  7.69  5.68 103 1014.4  25.8  26.2  22.4 99.0 99.00
2016 04 27 17 50  74  7.1  8.5  1.60  7.69  5.59 102 1013.8  25.8  26.2  22.3 99.0 99.00
2016 04 27 18 50  75  5.8  6.5  1.60  8.33  5.60 113 1013.9  25.8  26.2  22.1 99.0 99.00
2016 04 27 19 50  73  6.4  8.2  1.54  7.14  5.62  99 1014.0  25.9  26.2  22.4 99.0 99.00
2016 04 27 20 50  66  6.9  7.9  1.57  8.33  5.79 110 1014.3  25.7  26.2  22.5 99.0 99.00
2016 04 27 21 50  63  7.3  9.0  1.49  8.33  5.68 106 1014.6  25.7  26.2  22.5 99.0 99.00
2016 04 27 22 50  65  6.7  8.6  1.60  9.09  5.63 108 1015.0  25.7  26.1  22.5 99.0 99.00
2016 04 27 23 50  63  7.9  9.0  1.55  9.09  5.58 135 1015.6  25.6  26.1  22.2 99.0 99.00
2016 04 28 00 50  78  6.7  8.0  1.53  7.69  5.47 103 1016.2  25.6  26.1  22.1 99.0 99.00
2016 04 28 01 50  68  7.9  9.3  1.51  7.69  5.57  96 1016.0  25.5  26.0  22.2 99.0 99.00
2016 04 28 02 50  74  8.2 10.6  1.62  7.69  5.51  92 1015.6  25.5  25.9  21.8 99.0 99.00
2016 04 28 03 50  74  8.3 10.2  1.86  8.33  5.72 107 1015.1  25.4  26.0  22.2 99.0 99.00
2016 04 28 04 50  73  8.5 10.0  1.79  8.33  5.52 117 1014.4  25.5  25.9  21.7 99.0 99.00
2016 04 28 05 50  68  7.1  8.5  1.62  7.69  5.19 101 1014.3  25.5  25.9  21.8 99.0 99.00
2016 04 28 06 50  69  7.5  8.9  1.64  7.69  5.34 101 1014.1  25.5  25.9  21.7 99.0 99.00
2016 04 28 07 50  76  6.4  7.7  1.70  6.67  5.36 100 1014.5  25.2  26.0  22.1 99.0 99.00
2016 04 28 08 50  71  6.7  7.7  1.69  7.69  5.33 107 1015.0  25.8  25.9  21.1 99.0 99.00
2016 04 28 09 50  62  7.2  8.7  1.74  8.33  5.69 107 1015.4  25.5  26.0  21.9 99.0 99.00
2016 04 28 10 50  84  9.6 11.5  1.78  8.33  5.58  99 1015.3  25.9  26.0  20.9 99.0 99.00
2016 04 28 11 50  90  7.2  8.6  1.78  6.67  5.56 110 1015.8  25.8  26.0  21.5 99.0 99.00
2016 04 28 12 50  70  6.7  8.0  1.59  7.69  5.37 106 1016.1  25.9  26.1  21.6 99.0 99.00
2016 04 28 13 50  70  7.1  8.3  1.74  6.67  5.60 101 1016.0  25.8  26.1  21.5 99.0 99.00
2016 04 28 14 50  56  6.7  7.8  1.72  8.33  5.66  95 1015.8  26.0  26.2  21.3 99.0 99.00
2016 04 28 15 50  53  7.1  8.5  1.66  7.69  5.53 107 1015.3  25.8  26.2  21.8 99.0 99.00
2016 04 28 16 50  62  7.3  8.5  1.74  7.69  5.57  97 1014.3  25.8  26.2  21.7 99.0 99.00
2016 04 28 17 50  62  7.0  8.3  1.74  8.33  5.76 103 1013.7  25.9  26.2  21.2 99.0 99.00
2016 04 28 18 50  59  7.4  8.9  1.76  8.33  5.62  89 1013.5  25.7  26.2  21.9 99.0 99.00
2016 04 28 19 50  60  7.9  9.5  1.80  8.33  5.78  95 1013.5  25.8  26.1  21.6 99.0 99.00
2016 04 28 20 50  63  7.1  8.2  1.63  6.67  5.38  98 1013.6  25.7  26.1  21.8 99.0 99.00
2016 04 28 21 50  71  8.2  9.9  1.68  7.69  5.46  99 1013.6  25.6  26.1  21.8 99.0 99.00
2016 04 28 22 50  68  8.3  9.5  1.72  7.69  5.76  96 1014.3  25.6  26.1  21.8 99.0 99.00
2016 04 28 23 50  66  8.5 10.1  1.72 12.12  5.79 345 1014.5  25.6  26.0  21.7 99.0 99.00
2016 04 29 00 50  77  7.8  9.0  1.78  7.69  5.60  95 1015.0  25.5  26.0  21.8 99.0 99.00
2016 04 29 01 50  69  6.2  7.8  1.69  7.69  5.55 100 1015.3  25.5  26.0  22.1 99.0 99.00
2016 04 29 02 50  81  5.9  7.0  1.71 11.43  5.86 337 1015.2  25.5  26.0  21.8 99.0 99.00
2016 04 29 03 50  75  5.1  6.1  1.85  8.33  5.88 113 1014.6  25.3  26.0  21.9 99.0 99.00
2016 04 29 04 50  62  6.4  7.5  1.73  7.14  5.83 105 1014.0  25.3  26.0  22.0 99.0 99.00
2016 04 29 05 50  49  6.2  7.2  1.70  7.69  5.65  93 1013.6  25.3  26.0  21.7 99.0 99.00
2016 04 29 06 50  53  7.0  8.6  1.80 11.43  5.82 344 1013.6  25.3  26.0  21.5 99.0 99.00
2016 04 29 07 50  51  7.2  8.8  1.63  8.33  5.83  97 1013.5  25.4  26.0  21.2 99.0 99.00
2016 04 29 08 50  55  7.2  8.2  1.77 11.43  6.11 344 1013.9  25.2  26.0  21.1 99.0 99.00
2016 04 29 09 50  61  7.4  8.7  1.72 11.43  5.98 336 1014.0  25.3  26.0  21.1 99.0 99.00
2016 04 29 10 50  57  7.9  9.6  1.69  8.33  5.99 103 1014.2  25.4  26.0  21.5 99.0 99.00
2016 04 29 11 50  61  7.0  8.3  1.80 10.81  6.15 336 1014.5  25.5  26.0  21.5 99.0 99.00
2016 04 29 12 50  61  7.2  8.5  1.77 10.81  6.15 345 1014.6  25.5  26.1  21.3 99.0 99.00
2016 04 29 13 50  63  6.8  7.8  1.71 10.81  5.90 349 1014.4  25.5  26.1  21.3 99.0 99.00
2016 04 29 14 50  55  6.8  8.2  1.77 10.00  6.17 354 1014.0  25.5  26.2  21.2 99.0 99.00
2016 04 29 15 50  58  7.0  8.0  1.85 10.81  6.19 352 1013.3  25.5  26.2  21.4 99.0 99.00
2016 04 29 16 50  67  6.6  7.8  1.69  9.09  6.01  60 1012.7  25.6  26.2  21.1 99.0 99.00
2016 04 29 17 50  71  6.2  7.3  1.76 10.00  5.74 344 1012.2  25.6  26.3  21.1 99.0 99.00
2016 04 29 18 50  63  5.9  6.9  1.69 10.81  5.85 345 1012.2  25.6  26.3  21.3 99.0 99.00
2016 04 29 19 50  51  6.5  7.9  1.61  8.33  5.98 105 1012.6  25.7  26.2  21.1 99.0 99.00
2016 04 29 20 50  52  6.8  8.0  1.72 10.00  6.16 345 1013.2  25.7  26.2  21.3 99.0 99.00
2016 04 29 21 50  55  6.0  7.5  1.78 10.81  6.18 344 1013.9  25.7  26.2  21.7 99.0 99.00
2016 04 29 22 50  63  6.7  7.9  1.56  8.33  5.78  68 1014.3  25.6  26.1  21.6 99.0 99.00
2016 04 29 23 50  61  7.3  8.5  1.73 10.81  6.00  13 1014.9  25.6  26.1  21.4 99.0 99.00
2016 04 30 00 50  70  6.8  8.1  1.78 10.00  6.13 339 1015.3  25.6  26.1  21.4 99.0 99.00
2016 04 30 01 50  68  6.4  7.7  1.61 10.81  6.08 347 1015.3  25.5  26.1  21.5 99.0 99.00
2016 04 30 02 50  74  5.6  7.0  1.59 10.00  6.06 356 1015.3  25.4  26.1  21.8 99.0 99.00
2016 04 30 03 50  68  5.2  6.3  1.63 10.00  6.24 347 1014.7  25.3  26.1  21.7 99.0 99.00
2016 04 30 04 50  68  5.0  5.9  1.59 10.81  6.19 352 1014.3  25.3  26.1  21.9 99.0 99.00
2016 04 30 05 50  64  5.2  6.3  1.47 10.00  6.00 342 1013.8  25.2  26.1  21.7 99.0 99.00
2016 04 30 06 50  66  4.8  5.6  1.49  9.09  6.31  37 1013.5  25.2  26.1  21.7 99.0 99.00
2016 04 30 07 50  66  5.2  6.2  1.48 10.00  6.19 351 1013.5  25.2  26.0  21.8 99.0 99.00
2016 04 30 08 50  58  4.6  5.3  1.54 10.81  6.50 356 1013.9  25.2  26.0  21.8 99.0 99.00
2016 04 30 09 50  54  5.2  6.4  1.58 10.81  6.55 354 1013.9  25.2  26.0  21.8 99.0 99.00
2016 04 30 10 50  69  5.0  6.2  1.71 10.00  6.84 351 1014.4  25.4  26.1  21.9 99.0 99.00
2016 04 30 11 50  54  5.1  6.1  1.54  8.33  6.44  81 1014.8  25.5  26.1  21.9 99.0 99.00
2016 04 30 12 50  55  5.6  6.7  1.59 10.00  6.28   6 1014.8  25.5  26.2  22.1 99.0 99.00
2016 04 30 14 50  66  4.8  5.5  1.47  9.09  6.00   7 1014.0  25.5  26.4  21.7 99.0 99.00
2016 04 30 15 50  65  4.5  5.8  1.51  9.09  6.24  13 1013.4  25.6  26.4  21.7 99.0 99.00
2016 04 30 16 50  78  3.9  4.9  1.48  7.14  5.97  89 1012.9  25.6  26.5  21.5 99.0 99.00
2016 04 30 17 50  69  3.4  4.3  1.41  9.09  6.07   6 1012.8  25.8  26.5  21.4 99.0 99.00
2016 04 30 18 50  64  4.5  5.2  1.26 10.00  5.86 360 1012.5  25.7  26.5  21.7 99.0 99.00
2016 04 30 19 50  52  5.2  6.2  1.37 10.00  5.88 358 1012.9  25.6  26.5  21.9 99.0 99.00
2016 04 30 20 50  44  5.7  6.8  1.36  7.69  5.79  84 1013.6  25.6  26.4  21.7 99.0 99.00
2016 04 30 21 50  51  6.0  7.0  1.25 10.00  5.53 354 1014.0  25.5  26.3  21.6 99.0 99.00
2016 04 30 22 50  56  5.5  6.5  1.24 10.00  5.49 350 1014.6  25.5  26.3  21.5 99.0 99.00
