#YY  MM DD hh mm WDIR WSPD GST  WVHT   DPD   APD MWD   PRES  ATMP  WTMP  DEWP  VIS  TIDE
#yr  mo dy hr mn degT m/s  m/s     m   sec   sec deg    hPa  degC  degC  degC  nmi    ft
2016 04 30 23 50  25  4.4  5.2  0.93  9.09  6.18 122 1017.7  23.3  24.4  19.8 99.0 99.00
2016 05 01 00 50  46  4.1  5.0  1.00  8.33  6.32  94 1018.2  23.2  24.3  19.6 99.0 99.00
2016 05 01 01 50  66  3.8  4.5  0.88  9.09  6.19 112 1018.3  23.2  24.3  19.5 99.0 99.00
2016 05 01 02 50  67  3.4  4.1  0.90  9.09  6.09 118 1017.9  23.0  24.3  19.4 99.0 99.00
2016 05 01 03 50  76  2.6  3.5  0.86  9.09  6.02 127 1017.4  23.0  24.3  19.7 99.0 99.00
2016 05 01 04 50  48  1.2  1.9  0.87  9.09  6.03 114 1017.2  22.9  24.2  19.3 99.0 99.00
2016 05 01 05 50 111  1.1  1.9  0.96  9.09  6.32 126 1016.4  22.9  24.2  19.2 99.0 99.00
2016 05 01 06 50  50  0.6  1.3  0.90  9.09  6.20 117 1016.7  22.7  24.1  19.2 99.0 99.00
2016 05 01 07 50   7  3.0  4.2  1.00  9.09  6.52 118 1017.0  22.8  24.1  19.5 99.0 99.00
2016 05 01 08 50 357  3.5  4.4  1.02  9.09  6.70  98 1017.2  22.7  24.1  19.2 99.0 99.00
2016 05 01 09 50   2  3.1  4.1  0.93  9.09  6.62 105 1017.8  22.7  24.0  18.9 99.0 99.00
2016 05 01 10 50  12  2.4  3.2  0.97  9.09  6.60 106 1018.8  23.0  24.0  18.4 99.0 99.00
2016 05 01 11 50 345  1.9  3.0  0.94 10.00  6.57  87 1019.1  23.0  23.9  17.9 99.0 99.00
2016 05 01 12 50   7  2.0  2.7  0.96  8.33  6.73 125 1019.3  23.1  24.0  18.4 99.0 99.00
2016 05 01 13 50 352  1.7  2.5  0.95  9.09  6.66 112 1019.5  23.1  24.3  18.2 99.0 99.00
2016 05 01 14 50  10  3.0  4.1  0.93  9.09  6.85 108 1019.9  23.0  24.4  18.3 99.0 99.00
2016 05 01 15 50  13  2.4  3.2  0.87  7.69  6.77 121 1019.4  23.1  24.8  18.4 99.0 99.00
2016 05 01 16 50   2  2.7  3.5  0.94  8.33  6.92  90 1018.9  23.0  24.9  18.1 99.0 99.00
2016 05 01 17 50 357  2.5  3.4  0.87  9.09  6.72 105 1018.7  23.2  25.0  17.2 99.0 99.00
2016 05 01 18 50  25  2.3  3.2  0.92  9.09  6.92 114 1018.5  23.2  25.1  17.6 99.0 99.00
2016 05 01 19 50  18  1.5  2.1  0.90  8.33  6.76 115 1018.5  23.4  25.2  16.7 99.0 99.00
2016 05 01 20 50   2  0.7  1.4  0.88  9.09  7.06 123 1018.5  23.8  25.1  16.0 99.0 99.00
2016 05 01 21 50   7  1.5  2.0  0.88  9.09  6.95 109 1018.5  23.8  25.1  16.4 99.0 99.00
2016 05 01 22 50 347  1.1  2.0  0.91  9.09  6.89 116 1019.1  23.3  24.9  17.1 99.0 99.00
2016 05 01 23 50 329  1.2  1.9  0.86  7.69  7.01  97 1020.0  23.2  24.6  17.6 99.0 99.00
2016 05 02 00 50 318  0.5  0.8  0.95  9.09  7.34  90 1020.5  23.1  24.6  17.9 99.0 99.00
2016 05 02 01 50 110  0.5  1.4  0.90  9.09  7.11 108 1020.4  23.0  24.5  18.0 99.0 99.00
2016 05 02 02 50  35  0.8  1.4  0.86  9.09  7.10 110 1020.1  23.0  24.4  17.8 99.0 99.00
2016 05 02 03 50  96  0.6  1.0  0.92  9.09  7.16  93 1019.9  22.9  24.4  17.7 99.0 99.00
2016 05 02 04 50 279  0.3  0.7  1.04  9.09  7.26 108 1019.5  22.7  24.4  18.0 99.0 99.00
2016 05 02 05 50 225  0.3  0.6  0.89  9.09  6.96 111 1019.1  22.6  24.3  17.8 99.0 99.00
2016 05 02 06 50 195  0.9  1.3  0.99  8.33  7.31  94 1018.9  22.6  24.3  17.9 99.0 99.00
2016 05 02 07 50 237  1.0  1.4  1.05  9.09  7.57  76 1018.8  22.6  24.4  18.0 99.0 99.00
2016 05 02 08 50 244  1.3  2.1  1.05  8.33  7.40 109 1019.1  22.5  24.2  18.1 99.0 99.00
2016 05 02 09 50 187  1.5  2.0  1.13 10.00  7.69  93 1019.4  22.6  24.1  18.3 99.0 99.00
2016 05 02 10 50 244  1.8  2.5  1.18 10.00  7.42  51 1020.0  22.9  24.1  17.9 99.0 99.00
2016 05 02 11 50 255  1.6  2.2  1.11  7.69  7.23 331 1020.3  22.9  24.1  18.2 99.0 99.00
2016 05 02 12 50 288  2.1  2.8  1.17  8.33  7.22  81 1020.5  22.9  24.2  18.9 99.0 99.00
2016 05 02 14 50  55  0.7  1.2  1.17  8.33  7.06   5 1021.0  23.4  25.9  19.0 99.0 99.00
2016 05 02 15 50  60  0.9  1.7  1.19  8.33  6.91  89 1020.6  23.5  26.4  18.5 99.0 99.00
2016 05 02 16 50   5  1.2  2.2  1.21  9.09  7.02  43 1020.6  23.7  26.2  18.0 99.0 99.00
2016 05 02 17 50 338  1.0  2.0  1.23 10.00  7.27  10 1020.4  23.8  26.5  17.9 99.0 99.00
2016 05 02 18 50 345  1.9  3.1  1.25  9.09  7.14  35 1020.1  23.9  26.7  18.4 99.0 99.00
2016 05 02 19 50 354  2.2  2.9  1.33 10.00  7.28  15 1019.8  24.0  25.5  17.5 99.0 99.00
2016 05 02 20 50 357  1.7  2.6  1.33  9.09  7.18  73 1019.8  24.1  25.6  17.7 99.0 99.00
2016 05 02 21 50  29  1.8  2.8  1.41 10.00  7.41  15 1020.1  23.8  25.2  17.7 99.0 99.00
2016 05 02 22 50  48  2.0  2.7  1.47  9.09  7.35  41 1020.5  23.6  25.1  17.9 99.0 99.00
2016 05 02 23 50  17  2.4  3.3  1.37  9.09  7.39  26 1021.1  23.6  24.9  17.8 99.0 99.00
2016 05 03 00 50  26  2.3  3.2  1.35 10.00  7.31   3 1021.6  23.6  24.6  17.4 99.0 99.00
2016 05 03 01 50  40  2.0  2.7  1.42  9.09  7.32  38 1021.7  23.6  24.8  17.4 99.0 99.00
2016 05 03 02 50  53  2.2  3.4  1.36  8.33  7.17  38 1021.7  23.6  24.9  17.5 99.0 99.00
2016 05 03 03 50  80  2.5  3.3  1.44  9.09  7.33  64 1021.2  23.5  24.6  17.7 99.0 99.00
2016 05 03 04 50 101  2.4  3.1  1.51  9.09  7.50  45 1020.3  23.4  24.4  17.7 99.0 99.00
2016 05 03 05 50 103  2.1  2.9  1.39  9.09  7.28  21 1019.7  23.4  24.5  17.9 99.0 99.00
2016 05 03 06 50 130  1.9  2.3  1.29  9.09  7.11  36 1019.6  23.4  24.4  17.9 99.0 99.00
2016 05 03 07 50 155  2.2  3.0  1.25  8.33  6.91  27 1019.4  23.5  24.3  17.7 99.0 99.00
2016 05 03 08 50 159  2.0  2.7  1.22  9.09  7.03  61 1019.7  23.6  24.3  17.5 99.0 99.00
2016 05 03 09 50 149  2.8  3.5  1.31  8.33  7.04  23 1020.2  23.7  24.3  16.7 99.0 99.00
2016 05 03 10 50 158  3.1  4.1  1.21  9.09  7.05  65 1020.6  23.8  24.4  17.0 99.0 99.00
2016 05 03 11 50 154  3.0  3.8  1.29  8.33  7.16  40 1020.9  23.7  24.3  17.3 99.0 99.00
2016 05 03 12 50 148  2.4  3.0  1.35  9.09  7.36  37 1021.1  23.8  24.4  17.9 99.0 99.00
2016 05 03 14 50 139  2.3  3.3  1.28  8.33  7.20  47 1021.3  23.9  25.0  17.7 99.0 99.00
2016 05 03 15 50 144  2.2  3.2  1.31  9.09  7.22  45 1021.1  23.9  25.4  18.0 99.0 99.00
2016 05 03 16 50 166  2.3  3.1  1.31  8.33  7.20  34 1020.7  24.0  25.6  17.9 99.0 99.00
2016 05 03 17 50 145  2.9  4.0  1.27  9.09  7.23  41 1020.2  24.1  25.7  17.8 99.0 99.00
2016 05 03 18 50 148  2.9  3.7  1.25  9.09  7.19  49 1019.4  24.2  25.7  17.0 99.0 99.00
2016 05 03 19 50 144  3.3  4.2  1.07  9.09  7.03  84 1019.0  24.2  25.5  18.0 99.0 99.00
2016 05 03 20 50 151  2.9  3.7  1.14  8.33  7.23  39 1019.1  24.2  25.3  17.7 99.0 99.00
2016 05 03 21 50 156  2.0  3.1  1.08  9.09  7.08  40 1019.4  24.3  25.1  17.9 99.0 99.00
2016 05 03 22 50 165  0.0  0.2  1.75  8.33  7.77  59 1019.5  26.8  26.2  18.9 99.0 99.00
2016 05 03 23 50 124  2.5  3.6 99.00 99.00 99.00 999 1020.3  24.1  25.2  18.7 99.0 99.00
2016 05 04 00 50 131  3.2  4.0  1.26  8.33  7.46  53 1020.9  24.1  25.0  19.0 99.0 99.00
2016 05 04 01 50 129  4.0  4.7  1.16  9.09  7.17  51 1020.9  24.1  25.0  18.1 99.0 99.00
2016 05 04 02 50 136  3.3  4.0  1.13  9.09  7.17  44 1020.9  24.0  24.9  18.7 99.0 99.00
2016 05 04 03 50 138  3.6  4.4  1.09 10.00  7.06  68 1020.4  23.9  24.8  18.1 99.0 99.00
2016 05 04 04 50 144  3.6  4.6  1.06  9.09  7.13  76 1019.5  23.8  24.7  18.3 99.0 99.00
2016 05 04 05 50 147  3.1  3.8  1.08  9.09  7.10  66 1018.8  23.7  24.5  17.8 99.0 99.00
2016 05 04 06 50 149  3.4  4.3  1.04  9.09  7.04  61 1018.3  23.6  24.4  18.1 99.0 99.00
2016 05 04 07 50 165  3.5  4.4  0.98  9.09  6.89  79 1018.2  23.6  24.4  18.5 99.0 99.00
2016 05 04 08 50 154  4.0  5.0  1.08  9.09  7.19  69 1018.1  23.6  24.4  18.5 99.0 99.00
2016 05 04 09 50 154  4.0  4.9  0.92  9.09  6.49  82 1018.6  23.6  24.3  18.3 99.0 99.00
2016 05 04 10 50 146  3.8  4.7  0.96  9.09  6.39  69 1019.2  23.7  24.3  18.4 99.0 99.00
2016 05 04 11 50 148  3.0  3.5  0.94  9.09  6.38  63 1019.6  23.8  24.4  18.0 99.0 99.00
2016 05 04 12 50 145  3.4  4.0  0.99  8.33  6.53  80 1019.7  23.8  24.4  18.3 99.0 99.00
2016 05 04 13 50 138  3.7  4.4  0.93  9.09  6.72  62 1019.6  23.8  24.5  18.2 99.0 99.00
2016 05 04 14 50 144  4.3  5.3  0.91  8.33  6.86  85 1019.4  23.9  24.6  18.3 99.0 99.00
2016 05 04 15 50 142  5.1  6.0  1.03  9.09  6.97  68 1018.9  23.9  24.8  18.4 99.0 99.00
2016 05 04 17 50 137  4.5  5.3  0.82  9.09  6.46  93 1018.2  24.1  24.9  19.0 99.0 99.00
2016 05 04 18 50 134  4.5  5.3  0.87  9.09  6.35  66 1017.8  24.1  24.9  19.1 99.0 99.00
2016 05 04 19 50 136  5.4  7.3  0.84  9.09  5.89  78 1017.5  24.3  24.9  19.2 99.0 99.00
2016 05 04 20 50 139  4.4  5.3  0.82 10.00  5.43  51 1017.7  24.4  24.9  19.6 99.0 99.00
2016 05 04 21 50 139  4.7  5.7  0.80  8.33  5.48  77 1017.9  24.5  24.9  19.8 99.0 99.00
2016 05 04 22 50 132  5.1  5.9  0.85  9.09  5.66  78 1018.0  24.3  24.8  20.4 99.0 99.00
2016 05 04 23 50 129  5.1  6.1  0.93  8.33  5.51  54 1018.5  24.3  24.8  20.6 99.0 99.00
2016 05 05 00 50 129  5.6  6.7  0.91  9.09  5.58  54 1018.7  24.4  24.7  21.4 99.0 99.00
2016 05 05 01 50 124  6.2  7.3  0.88  8.33  5.33  86 1018.8  24.5  24.7  21.6 99.0 99.00
2016 05 05 02 50 139  6.6  8.2  0.90  9.09  5.01  82 1018.9  24.6  24.8  21.3 99.0 99.00
2016 05 05 03 50 143  6.7  7.7  0.97  9.09  4.73  60 1018.5  24.6  24.7  20.7 99.0 99.00
2016 05 05 04 50 144  7.2  8.4  1.06  8.33  4.65  71 1017.6  24.5  24.7  20.8 99.0 99.00
2016 05 05 05 50 145  7.4  8.5  1.04  8.33  4.62  67 1016.7  24.4  24.6  21.3 99.0 99.00
2016 05 05 07 50 154  7.9  9.1  1.06  9.09  4.57  59 1016.1  24.5  24.5  20.8 99.0 99.00
2016 05 05 08 50 155  7.6  8.9  1.06  9.09  4.50  86 1016.3  24.4  24.4  20.9 99.0 99.00
2016 05 05 09 50 149  8.7 10.4  1.11  4.17  4.50 140 1016.3  24.4  24.4  20.3 99.0 99.00
2016 05 05 10 50 151  8.4  9.6  1.21  9.09  4.71  65 1016.6  24.6  24.4  20.8 99.0 99.00
2016 05 05 12 50 161  7.3  9.0  1.13  4.76  4.65 159 1017.6  24.7  24.5  21.7 99.0 99.00
2016 05 05 13 50 153  6.7  8.0  1.19  4.76  4.65 157 1017.6  24.7  24.5  22.2 99.0 99.00
2016 05 05 14 50 151  9.0 10.9  1.21  5.00  4.65 157 1017.6  24.9  24.5  21.5 99.0 99.00
2016 05 05 15 50 152  9.5 11.1  1.38  5.00  4.73 149 1017.5  24.9  24.5  21.4 99.0 99.00
2016 05 05 16 50 143  8.8 10.1  1.48  5.56  4.84 144 1016.7  24.8  24.5  21.9 99.0 99.00
2016 05 05 17 50 150  8.5  9.9  1.46  5.26  4.93 159 1016.7  24.9  24.6  22.0 99.0 99.00
2016 05 05 18 50 148  8.3 10.3  1.41  5.88  4.86 129 1016.2  25.0  24.5  22.2 99.0 99.00
2016 05 05 19 50 152  8.3 10.7  1.49  5.56  4.87 144 1015.8  25.0  24.5  21.8 99.0 99.00
2016 05 05 20 50 151  8.3  9.8  1.52  5.56  4.86 165 1015.7  25.0  24.5  21.8 99.0 99.00
2016 05 05 21 50 151  7.9  9.3  1.65  5.26  5.03 156 1016.3  24.8  24.5  22.5 99.0 99.00
2016 05 05 22 50 149  8.5 11.1  1.60  5.88  5.06 152 1016.6  24.9  24.5  22.3 99.0 99.00
2016 05 05 23 50 146  8.5 10.6  1.71  6.25  5.20 151 1017.4  24.8  24.4  22.3 99.0 99.00
2016 05 06 00 50 139  9.3 11.4  1.83  5.88  5.24 149 1017.6  24.8  24.4  22.5 99.0 99.00
2016 05 06 01 50 138  9.3 11.3  1.88  6.67  5.21 139 1017.5  24.8  24.4  22.4 99.0 99.00
2016 05 06 02 50 135 10.5 12.8  1.78  5.88  5.10 150 1017.0  24.7  24.4  22.2 99.0 99.00
2016 05 06 03 50 141 10.3 12.5  2.00  6.67  5.25 132 1017.0  24.7  24.4  22.0 99.0 99.00
2016 05 06 04 50 142 10.9 13.4  2.02  6.67  5.32 123 1016.5  24.7  24.4  21.5 99.0 99.00
2016 05 06 05 50 138 10.3 12.5  2.03  6.67  5.28 145 1015.2  24.5  24.3  21.9 99.0 99.00
2016 05 06 06 50 141 10.5 13.0  2.20  6.67  5.36 133 1014.9  24.5  24.3  21.6 99.0 99.00
2016 05 06 07 50 139 10.2 12.4  2.20  6.67  5.33 146 1015.0  24.5  24.3  21.5 99.0 99.00
2016 05 06 08 50 141 10.2 12.5  2.01  6.67  5.36 150 1015.3  24.5  24.3  21.5 99.0 99.00
2016 05 06 09 50 139  9.7 12.2  2.18  7.14  5.54 129 1015.7  24.6  24.3  21.7 99.0 99.00
2016 05 06 11 50 140  8.7 10.5  2.19  7.14  5.52 145 1016.6  24.7  24.3  22.0 99.0 99.00
2016 05 06 12 50 140  9.8 11.6  2.19  7.14  5.60 139 1016.7  24.8  24.3  21.9 99.0 99.00
2016 05 06 14 50 138  9.9 12.0  2.17  6.67  5.56 138 1017.1  24.9  24.4  22.2 99.0 99.00
2016 05 06 15 50 139  9.9 11.8  2.23  7.69  5.71 155 1017.1  24.9  24.4  22.3 99.0 99.00
2016 05 06 16 50 140  9.4 11.6  2.06  7.14  5.49 150 1016.7  24.9  24.5  22.4 99.0 99.00
2016 05 06 17 50 147  8.6 10.7  2.21  7.14  5.77 151 1016.8  24.9  24.5  22.4 99.0 99.00
2016 05 06 18 50 149  7.7  9.2  2.11  7.14  5.76 130 1016.6  24.8  24.5  22.7 99.0 99.00
2016 05 06 19 50 143  8.2 10.0  1.98  7.14  5.68 156 1016.2  24.8  24.5  22.8 99.0 99.00
2016 05 06 20 50 138  8.2  9.9  2.01  6.67  5.62 151 1016.2  24.8  24.5  23.0 99.0 99.00
2016 05 06 21 50 133  7.4  8.9  2.09  7.14  5.81 153 1016.4  24.7  24.5  23.3 99.0 99.00
2016 05 06 22 50 140  7.9 10.0  1.98  7.14  5.56 154 1016.6  24.6  24.5  22.9 99.0 99.00
2016 05 06 23 50 132  9.1 11.2  1.98  7.14  5.61 143 1016.3  24.8  24.4  23.3 99.0 99.00
2016 05 07 00 50 135  8.7 10.5  1.94  6.67  5.50 140 1016.8  24.6  24.4  23.3 99.0 99.00
2016 05 07 01 50 133  7.6  9.6  2.01  7.14  5.43 138 1016.8  24.4  24.4  23.6 99.0 99.00
2016 05 07 02 50 134  9.4 11.7  1.96  7.14  5.68 144 1016.3  24.7  24.4  23.5 99.0 99.00
2016 05 07 03 50 138  9.3 11.0  2.04  7.69  5.51 129 1016.3  24.7  24.4  23.5 99.0 99.00
2016 05 07 04 50 134 10.4 12.4  1.91  7.14  5.31 150 1015.0  24.7  24.3  23.5 99.0 99.00
2016 05 07 05 50 141 10.1 12.4  2.06  7.14  5.37 127 1014.7  24.8  24.3  23.5 99.0 99.00
2016 05 07 06 50 141  8.9 11.4  2.12  5.88  5.38 141 1014.8  24.7  24.3  23.5 99.0 99.00
2016 05 07 08 50 136  9.2 11.3  1.96  7.14  5.42 124 1014.6  24.7  24.3  23.6 99.0 99.00
2016 05 07 09 50 136 10.5 12.6  1.95  7.69  5.31 134 1014.4  24.7  24.3  23.5 99.0 99.00
2016 05 07 10 50 139 10.7 12.8  1.91  7.14  5.23 152 1014.7  24.8  24.3  23.3 99.0 99.00
2016 05 07 11 50 138 11.1 13.5  1.96  7.69  5.32 123 1014.8  24.8  24.3  23.3 99.0 99.00
2016 05 07 12 50 134 10.4 12.5  2.24  7.14  5.31 139 1015.0  24.9  24.3  23.4 99.0 99.00
2016 05 07 13 50 136 10.6 12.7  2.26  5.88  5.55 145 1015.0  24.7  24.3  23.5 99.0 99.00
2016 05 07 14 50 140 11.0 13.6  2.42  7.69  5.70 133 1015.0  24.9  24.3  23.4 99.0 99.00
2016 05 07 15 50 144 10.2 12.1  2.42  7.69  5.56 127 1015.1  24.9  24.3  23.3 99.0 99.00
2016 05 07 16 50 146 10.2 12.0  2.44  6.67  5.87 148 1014.9  24.9  24.3  23.2 99.0 99.00
2016 05 07 17 50 149 10.3 12.4  2.71  7.69  6.12 120 1014.7  24.9  24.3  23.3 99.0 99.00
2016 05 07 18 50 150 10.0 12.0  2.45  7.14  5.92 115 1014.3  24.9  24.3  23.5 99.0 99.00
2016 05 07 19 50 153  9.4 11.1  2.59  8.33  5.99 107 1014.2  24.8  24.3  23.6 99.0 99.00
2016 05 07 20 50 147  8.9 10.7  2.72  8.33  6.03 119 1013.6  24.9  24.3  23.6 99.0 99.00
2016 05 07 21 50 142  8.1 10.0  2.67  8.33  6.30 133 1014.0  24.7  24.3  23.6 99.0 99.00
2016 05 07 22 50 146  9.0 10.8  2.36  7.69  6.04 129 1014.1  24.8  24.3  23.7 99.0 99.00
2016 05 07 23 50 146  8.7 10.3  2.45  7.69  6.00 133 1014.7  24.7  24.3  24.0 99.0 99.00
2016 05 08 00 50 148  9.4 11.4  2.38  7.69  6.09 132 1014.6  24.9  24.3  23.8 99.0 99.00
2016 05 08 01 50 164  9.5 13.0  2.57  7.69  6.24 145 1015.0  24.5  24.2  23.9 99.0 99.00
2016 05 08 02 50 181  9.0 10.9  2.53  9.09  6.14  89 1015.5  22.2  24.2  22.0 99.0 99.00
2016 05 08 03 50 189  9.3 11.1  2.83  8.33  6.01 121 1014.9  22.9  24.2  21.8 99.0 99.00
2016 05 08 04 50 180  9.0 10.7  2.81  8.33  6.23  92 1014.3  23.4  24.2  21.9 99.0 99.00
2016 05 08 05 50 184  7.1  8.8  2.81  9.09  6.39  80 1013.7  23.1  24.1  22.2 99.0 99.00
2016 05 08 06 50 191  8.0 11.1  2.62  7.69  6.39 147 1014.2  23.0  24.1  22.3 99.0 99.00
2016 05 08 07 50 190  6.0  8.2  2.59  7.69  6.33 152 1014.1  22.1  24.1  21.4 99.0 99.00
2016 05 08 08 50 204  9.3 10.9  2.60  7.14  6.30 157 1015.1  22.3  24.1  20.4 99.0 99.00
2016 05 08 09 50 188  6.2  7.6  2.52  7.69  6.21 175 1015.3  22.3  24.0  20.8 99.0 99.00
2016 05 08 10 50 172  4.4  5.2  2.33  7.69  6.29 147 1015.8  22.9  24.0  20.2 99.0 99.00
2016 05 08 11 50 163  3.1  3.8  2.25  9.09  6.59  91 1016.2  23.1  24.0  20.0 99.0 99.00
2016 05 08 12 50 183  2.7  3.9  2.13  9.09  6.49  89 1017.0  22.3  24.0  19.2 99.0 99.00
2016 05 08 13 50   7  0.3  1.4  2.40  9.09  6.92  85 1017.4  22.0  24.0  19.2 99.0 99.00
2016 05 08 14 50 356  2.1  2.9  2.35  9.09  6.91  92 1017.4  22.4  24.0  19.4 99.0 99.00
2016 05 08 15 50  14  2.7  3.8  2.34  9.09  7.07  97 1017.6  22.1  24.0  20.3 99.0 99.00
2016 05 08 16 50  59  4.9  6.1  2.33  9.09  6.95  84 1017.2  22.2  24.1  20.4 99.0 99.00
2016 05 08 17 50  57  6.3  7.6  2.35  7.69  6.95 113 1016.2  22.0  24.1  21.1 99.0 99.00
2016 05 08 18 50  50  6.7  7.9  2.39  8.33  6.89  98 1016.2  22.4  24.2  21.1 99.0 99.00
2016 05 08 19 50  60  6.6  7.7  2.40  9.09  7.17  91 1016.2  22.6  24.2  20.8 99.0 99.00
2016 05 08 20 50  61  6.9  7.9  2.08  9.09  6.44  89 1016.2  22.8  24.2  21.2 99.0 99.00
2016 05 08 21 50  53  6.9  8.3  2.05  9.09  6.54  86 1016.7  22.9  24.2  21.7 99.0 99.00
2016 05 08 22 50  61  7.7  9.2  2.00  9.09  6.25  91 1016.8  23.1  24.2  21.4 99.0 99.00
2016 05 08 23 50  66  7.1  8.4  2.53  8.33  6.57 105 1017.2  22.9  24.2  21.8 99.0 99.00
2016 05 09 00 50  57  8.0  9.6  2.16  9.09  6.40 102 1017.4  23.1  24.2  21.6 99.0 99.00
2016 05 09 01 50  56 11.2 13.8  2.26  8.33  6.13 110 1017.4  23.0  24.2  22.0 99.0 99.00
2016 05 09 02 50  49  9.4 11.9  2.33  9.09  6.28 104 1017.1  23.0  24.2  22.5 99.0 99.00
2016 05 09 03 50 140 10.0 12.3  2.42  8.33  6.03  95 1016.5  24.2  24.2  23.2 99.0 99.00
2016 05 09 04 50 129  5.2  7.0  2.01  8.33  6.03 112 1017.0  24.2  24.2  23.2 99.0 99.00
2016 05 09 05 50 137  4.7  5.9  2.08  8.33  6.29  98 1016.6  24.2  24.2  23.2 99.0 99.00
2016 05 09 06 50 141  4.8  6.2  2.02  7.69  6.28 122 1017.0  24.2  24.2  23.2 99.0 99.00
2016 05 09 07 50 131  4.4  5.3  1.89  9.09  6.09  88 1017.2  24.1  24.2  23.3 99.0 99.00
2016 05 09 08 50 134  4.4  5.4  1.86  7.14  6.09 160 1017.4  24.1  24.2  23.4 99.0 99.00
2016 05 09 09 50 142  3.9  4.7  1.82  8.33  6.43  99 1017.7  24.1  24.2  23.0 99.0 99.00
2016 05 09 10 50 128  4.5  5.3  1.89  9.09  6.40  95 1018.3  24.2  24.2  23.7 99.0 99.00
2016 05 09 11 50 138  4.1  4.9  1.87  8.33  6.32  81 1019.1  24.2  24.2  23.6 99.0 99.00
2016 05 09 12 50 140  3.0  4.0  1.87  8.33  6.33  90 1019.5  24.5  24.2  23.4 99.0 99.00
2016 05 09 14 50 157  6.3  7.6  1.85  7.69  6.54 106 1019.9  24.2  24.3  23.4 99.0 99.00
2016 05 09 15 50 147  5.8  7.2  1.87  8.33  6.53 102 1020.0  24.3  24.4  23.2 99.0 99.00
2016 05 09 16 50 145  4.8  5.6  1.73  7.69  6.15  93 1020.6  24.4  24.5  23.6 99.0 99.00
2016 05 09 17 50 142  4.7  5.8  1.76  7.69  6.26 112 1020.4  24.3  24.5  23.4 99.0 99.00
2016 05 09 18 50 145  6.6  7.6  1.84  9.09  6.47  99 1019.8  24.2  24.5  23.0 99.0 99.00
2016 05 09 19 50 136  7.7  9.4  1.86  8.33  6.29  94 1019.6  24.1  24.4  23.1 99.0 99.00
2016 05 09 20 50 148  8.2  9.7  1.96  9.09  6.24  95 1019.7  24.0  24.4  22.9 99.0 99.00
2016 05 09 21 50 158  5.9  7.6  1.72  7.69  5.55 117 1020.1  24.1  24.4  22.9 99.0 99.00
2016 05 09 22 50 158  4.5  5.8  1.77  9.09  5.61 110 1020.4  24.1  24.3  22.3 99.0 99.00
2016 05 09 23 50 152  3.5  4.1  1.70  9.09  5.74 115 1021.1  24.1  24.3  21.5 99.0 99.00
2016 05 10 00 50 108  4.0  5.0  1.84  7.69  6.06 104 1021.7  24.0  24.3  22.3 99.0 99.00
2016 05 10 01 50  90  5.1  6.1  1.76  9.09  5.97 112 1022.3  23.9  24.3  22.2 99.0 99.00
2016 05 10 02 50  93  5.2  6.3  1.82  7.69  6.09 109 1022.6  24.0  24.3  22.7 99.0 99.00
2016 05 10 03 50 116  5.4  6.8  1.66  9.09  5.78 110 1022.4  23.9  24.3  22.6 99.0 99.00
2016 05 10 04 50 131  3.7  4.5  1.62  7.69  6.03 102 1022.2  23.9  24.3  22.4 99.0 99.00
2016 05 10 05 50 116  3.0  3.8  1.73  9.09  6.17 114 1021.7  23.9  24.3  22.5 99.0 99.00
2016 05 10 06 50 112  3.2  4.1  1.53  9.09  6.01 115 1021.6  23.8  24.3  22.7 99.0 99.00
2016 05 10 07 50 101  3.5  4.2  1.47  8.33  6.14 102 1021.7  23.9  24.3  23.1 99.0 99.00
2016 05 10 08 50 100  3.9  4.8  1.62  9.09  6.31 112 1022.0  24.0  24.2  23.1 99.0 99.00
2016 05 10 09 50 110  5.5  6.7  1.48  8.33  6.06 110 1022.2  24.0  24.2  22.9 99.0 99.00
2016 05 10 10 50 105  5.0  5.7  1.48  9.09  6.24 107 1023.0  24.2  24.2  22.8 99.0 99.00
2016 05 10 11 50 105  4.8  5.7  1.61  9.09  6.40 105 1023.4  24.3  24.2  22.9 99.0 99.00
2016 05 10 12 50 108  4.9  5.9  1.60  7.14  6.26 123 1023.7  24.3  24.3  22.9 99.0 99.00
2016 05 10 13 50 114  5.9  7.2  1.60  8.33  6.19 122 1023.9  24.2  24.4  22.4 99.0 99.00
2016 05 10 14 50 118  5.5  6.2  1.44  8.33  6.05 113 1024.0  24.2  24.5  21.5 99.0 99.00
2016 05 10 15 50 119  5.1  5.9  1.43  8.33  6.02 107 1023.8  24.4  24.6  21.1 99.0 99.00
2016 05 10 16 50 112  5.4  6.4  1.49  8.33  6.08 119 1023.5  24.3  24.7  21.6 99.0 99.00
2016 05 10 17 50 130  4.7  5.6  1.45  8.33  6.12  93 1023.6  24.4  24.7  21.6 99.0 99.00
2016 05 10 18 50 111  4.2  5.0  1.57  7.69  6.19 118 1023.6  24.4  24.7  21.5 99.0 99.00
2016 05 10 19 50 109  4.0  4.6  1.47  9.09  6.27 114 1023.2  24.5  24.8  20.8 99.0 99.00
2016 05 10 20 50 100  4.5  5.3  1.44  9.09  6.20 105 1022.9  24.6  24.7  20.5 99.0 99.00
2016 05 10 21 50  92  4.0  4.8  1.47  9.09  6.16 116 1023.3  24.6  24.7  20.5 99.0 99.00
2016 05 10 22 50  90  4.8  5.7  1.40  8.33  6.09 115 1023.4  24.3  24.7  20.0 99.0 99.00
2016 05 10 23 50  90  4.4  5.2  1.35  8.33  5.83 112 1024.0  24.2  24.6  20.4 99.0 99.00
2016 05 11 00 50  91  4.6  5.4  1.40  8.33  6.12 119 1024.4  24.2  24.5  20.2 99.0 99.00
2016 05 11 01 50  88  5.0  5.7  1.50  8.33  6.05 115 1024.4  24.1  24.5  20.5 99.0 99.00
2016 05 11 02 50  95  5.0  5.9  1.33  8.33  5.88  84 1024.5  24.0  24.5  20.5 99.0 99.00
2016 05 11 03 50  98  5.4  6.3  1.35  7.69  5.95 107 1024.0  23.9  24.4  20.2 99.0 99.00
2016 05 11 04 50  94  5.0  5.9  1.34  8.33  6.10 114 1023.4  23.8  24.4  20.1 99.0 99.00
2016 05 11 05 50  94  4.7  5.5  1.22  8.33  5.76  96 1022.9  23.7  24.4  20.6 99.0 99.00
2016 05 11 06 50  90  4.8  5.6  1.29  8.33  5.98 112 1022.6  23.7  24.4  20.3 99.0 99.00
2016 05 11 07 50  97  4.5  5.6  1.23  9.09  5.83 122 1022.5  23.6  24.4  20.1 99.0 99.00
2016 05 11 08 50  94  4.2  5.2  1.31  7.14  6.05 117 1022.4  23.6  24.4  20.1 99.0 99.00
2016 05 11 09 50 110  5.0  6.1  1.31  8.33  5.94 122 1022.5  23.7  24.3  20.1 99.0 99.00
2016 05 11 10 50 122  6.0  7.0  1.31  7.69  5.96 110 1022.4  23.9  24.3  20.0 99.0 99.00
2016 05 11 11 50 120  4.3  5.4  1.32  8.33  5.85 122 1023.1  24.0  24.4  20.2 99.0 99.00
2016 05 11 12 50 107  3.0  3.8  1.33  8.33  5.98 114 1023.4  24.1  24.4  20.0 99.0 99.00
2016 05 11 13 50  95  2.9  3.8  1.28  8.33  5.93 110 1023.5  24.1  24.5  20.0 99.0 99.00
2016 05 11 14 50  88  3.3  4.0  1.32  8.33  6.26 108 1023.4  24.1  24.7  20.2 99.0 99.00
2016 05 11 15 50 107  3.5  4.3  1.28  8.33  6.08  99 1023.1  24.1  24.9  19.7 99.0 99.00
2016 05 11 16 50  95  3.3  4.1  1.21  9.09  6.20 109 1022.7  24.2  25.0  20.0 99.0 99.00
2016 05 11 17 50 102  3.7  4.5  1.17  8.33  6.23 105 1022.1  24.2  25.2  20.2 99.0 99.00
2016 05 11 18 50  89  3.4  4.1  1.16  9.09  6.32 111 1021.7  24.3  25.3  20.2 99.0 99.00
2016 05 11 19 50  86  3.3  4.1  1.10  8.33  6.17  96 1021.5  24.4  25.3  20.2 99.0 99.00
2016 05 11 20 50  78  2.2  3.0  1.14  8.33  6.15 107 1021.5  24.5  25.3  19.7 99.0 99.00
2016 05 11 21 50  91  2.1  2.6  1.15  7.69  6.31  93 1021.5  24.6  25.3  20.0 99.0 99.00
2016 05 11 22 50  77  2.0  2.5  1.17  8.33  6.29  98 1021.9  24.2  25.2  19.9 99.0 99.00
2016 05 11 23 50  74  1.7  2.5  1.21  7.14  6.27 104 1022.2  24.0  25.0  19.8 99.0 99.00
2016 05 12 00 50 101  2.6  3.4  1.24  8.33  6.46 106 1022.5  24.0  24.9  20.0 99.0 99.00
2016 05 12 01 50 103  2.2  3.0  1.25  8.33  6.47 118 1022.8  24.0  24.8  20.1 99.0 99.00
2016 05 12 02 50 104  2.5  3.1  1.26  8.33  6.54 107 1022.6  23.9  24.8  20.0 99.0 99.00
2016 05 12 03 50 113  2.4  3.2  1.15  8.33  6.26 113 1022.0  23.8  24.7  20.2 99.0 99.00
2016 05 12 04 50  36  1.8  2.4  1.21  9.09  6.53 121 1021.6  23.8  24.7  20.2 99.0 99.00
2016 05 12 05 50 110  1.9  2.8  1.25  9.09  6.42 121 1020.7  23.6  24.6  20.0 99.0 99.00
2016 05 12 06 50 111  1.8  2.4  1.16  7.14  6.33 105 1020.4  23.6  24.6  20.0 99.0 99.00
2016 05 12 07 50 101  1.0  1.4  1.21  8.33  6.47 116 1020.5  23.6  24.6  19.8 99.0 99.00
2016 05 12 08 50  99  2.1  2.8  1.24  8.33  6.51 113 1020.3  23.5  24.6  19.8 99.0 99.00
2016 05 12 09 50  69  0.9  1.8  1.09  8.33  6.32 116 1020.9  23.7  24.6  19.9 99.0 99.00
2016 05 12 10 50  66  2.1  2.8  1.21  8.33  6.43 111 1021.3  23.9  24.6  20.2 99.0 99.00
2016 05 12 11 50  90  2.5  3.2  1.09  8.33  6.33 126 1021.5  23.9  24.6  20.3 99.0 99.00
2016 05 12 12 50  58  2.7  3.8  1.17  7.69  6.52 101 1021.7  23.9  24.7  20.4 99.0 99.00
2016 05 12 14 50  84  2.9  3.8  1.09  8.33  6.66 110 1021.7  23.8  25.3  20.5 99.0 99.00
2016 05 12 15 50  71  1.8  2.5  1.10  8.33  6.75 112 1021.6  23.8  25.5  20.0 99.0 99.00
2016 05 12 16 50  87  2.4  3.3  1.18  8.33  6.92 109 1021.0  23.9  25.6  20.4 99.0 99.00
2016 05 12 17 50  89  2.2  3.1  1.21  8.33  6.81 116 1020.6  24.0  25.5  20.2 99.0 99.00
2016 05 12 18 50 119  3.0  3.9  1.12  8.33  6.96 114 1020.3  24.2  25.8  20.3 99.0 99.00
2016 05 12 19 50 132  2.3  2.9  1.15  8.33  7.02 116 1020.2  24.4  25.7  20.1 99.0 99.00
2016 05 12 20 50 134  1.9  2.6  1.07  7.69  6.81 105 1020.5  24.5  25.7  20.3 99.0 99.00
2016 05 12 21 50 103  1.2  2.0  1.14  8.33  7.04 119 1020.6  24.6  25.5  20.2 99.0 99.00
2016 05 12 22 50 105  1.5  2.0  1.15  8.33  7.07 107 1020.6  24.4  25.3  19.9 99.0 99.00
2016 05 12 23 50 135  1.8  2.4  1.19  8.33  6.99 115 1020.9  24.4  25.2  19.9 99.0 99.00
2016 05 13 00 50 112  2.0  2.8  1.11  8.33  6.92 117 1021.2  24.3  25.2  20.1 99.0 99.00
2016 05 13 01 50 133  2.0  2.5  1.12  8.33  6.90 119 1021.5  24.3  25.1  19.8 99.0 99.00
2016 05 13 02 50 128  0.6  1.3  1.19  7.69  6.92 111 1021.5  24.2  25.0  19.5 99.0 99.00
2016 05 13 03 50 112  1.1  1.5  1.19  7.69  7.02 107 1021.0  24.1  25.0  19.6 99.0 99.00
2016 05 13 04 50 130  1.5  2.0  1.09  7.14  6.66 109 1020.4  24.0  24.9  19.7 99.0 99.00
2016 05 13 05 50 123  1.5  2.3  1.19  8.33  7.03 114 1019.9  23.9  24.9  19.9 99.0 99.00
2016 05 13 06 50 156  1.0  1.5  1.12  8.33  6.74 123 1019.7  23.9  24.8  20.0 99.0 99.00
2016 05 13 07 50 160  2.0  2.8  1.07  7.14  6.68 108 1019.6  23.9  24.9  20.0 99.0 99.00
2016 05 13 08 50 187  1.6  2.4  1.20  7.14  7.00  99 1019.9  23.8  24.7  19.9 99.0 99.00
2016 05 13 09 50 174  1.4  2.1  1.20  7.69  7.13  98 1020.6  24.0  24.7  19.8 99.0 99.00
2016 05 13 10 50 166  1.4  2.0  1.19 14.81  7.07  25 1021.0  24.3  24.7  19.9 99.0 99.00
2016 05 13 11 50 154  2.2  2.7  1.08  8.33  6.93 116 1021.1  24.2  24.8  19.8 99.0 99.00
2016 05 13 12 50 171  1.8  2.3  1.07 14.81  7.02  38 1021.4  24.2  25.0  19.9 99.0 99.00
2016 05 13 13 50 163  1.0  1.8  1.13 14.81  7.44  49 1021.8  24.4  25.3  19.5 99.0 99.00
2016 05 13 14 50 141  0.3  1.1  1.13 13.79  7.46  45 1021.8  24.9  26.2  19.1 99.0 99.00
2016 05 13 15 50 138  1.9  2.7  1.19 13.79  7.70  49 1021.2  24.5  26.6  18.9 99.0 99.00
2016 05 13 16 50 125  1.9  2.6  1.14 13.79  7.67  46 1021.0  24.5  26.3  19.6 99.0 99.00
2016 05 13 17 50 161  1.5  2.5  1.15 13.79  7.54  29 1020.8  24.8  26.7  19.9 99.0 99.00
2016 05 13 18 50 149  1.8  2.5  1.20 13.79  7.98  56 1020.5  24.8  26.9  19.9 99.0 99.00
2016 05 13 19 50 148  1.9  3.1  0.97 13.79  7.35  53 1020.3  24.9  26.6  19.7 99.0 99.00
2016 05 13 20 50 149  2.1  2.9  1.13 13.79  7.91  37 1020.4  25.0  26.6  20.2 99.0 99.00
2016 05 13 21 50 139  1.8  2.5  1.14 13.79  7.60  51 1020.6  24.9  26.5  19.9 99.0 99.00
2016 05 13 22 50 152  2.0  3.3  1.07 13.79  7.87  51 1020.9  24.7  26.2  20.0 99.0 99.00
2016 05 13 23 50 153  2.0  2.7  1.06 12.90  7.86  57 1021.3  24.7  26.0  19.8 99.0 99.00
2016 05 14 00 50 142  2.2  2.7  1.09 13.79  8.00  48 1021.5  24.7  26.0  19.5 99.0 99.00
2016 05 14 01 50 136  2.1  2.7  1.10 12.90  7.74  28 1021.7  24.6  25.8  19.8 99.0 99.00
2016 05 14 02 50 123  3.1  3.6  1.02 12.12  7.51  54 1021.4  24.5  25.7  19.4 99.0 99.00
2016 05 14 03 50 125  4.1  4.8  1.09 12.90  8.29  39 1021.1  24.5  25.6  19.9 99.0 99.00
2016 05 14 04 50 133  4.1  5.0  1.05 12.90  7.36  24 1020.5  24.4  25.5  19.2 99.0 99.00
2016 05 14 05 50 142  4.1  5.1  1.08 12.90  7.36  41 1020.0  24.3  25.4  20.0 99.0 99.00
2016 05 14 06 50 138  4.1  4.9  1.16 12.12  6.98  36 1019.6  24.2  25.3  19.4 99.0 99.00
2016 05 14 07 50 155  3.6  4.6  1.10 12.90  7.17  45 1019.7  24.1  25.3  19.3 99.0 99.00
2016 05 14 08 50 158  3.1  3.9  1.05 12.90  6.93  39 1019.9  24.0  25.2  19.3 99.0 99.00
2016 05 14 09 50 160  3.2  4.1  1.02 12.12  6.77  42 1020.4  24.1  25.1  19.9 99.0 99.00
2016 05 14 10 50 159  3.0  4.0  0.98 12.12  6.79  57 1020.8  24.5  25.0  20.2 99.0 99.00
2016 05 14 11 50 149  4.1  5.2  0.99 12.12  7.05  50 1021.0  24.6  24.6  19.7 99.0 99.00
2016 05 14 12 50 137  4.4  5.3  0.99 12.12  6.70  45 1021.2  24.5  24.7  20.3 99.0 99.00
2016 05 14 13 50 136  4.2  5.3  0.93 12.12  6.20  51 1021.5  24.6  24.8  20.3 99.0 99.00
2016 05 14 14 50 139  4.6  5.6  0.95 12.12  6.21  59 1021.5  24.6  24.9  20.3 99.0 99.00
2016 05 14 15 50 140  4.2  4.9  0.91 10.81  6.12  47 1021.3  24.7  25.0  20.4 99.0 99.00
2016 05 14 16 50 147  4.7  6.2  0.90 12.12  6.04  39 1021.1  24.7  25.1  20.7 99.0 99.00
2016 05 14 17 50 134  5.1  6.0  0.93 12.12  6.14  39 1020.6  24.8  25.3  21.0 99.0 99.00
2016 05 14 18 50 146  5.4  6.4  0.90 12.12  5.82  45 1020.3  24.9  25.3  20.5 99.0 99.00
2016 05 14 19 50 153  5.4  6.3  0.92  7.69  5.55 110 1020.2  24.9  25.3  20.3 99.0 99.00
2016 05 14 20 50 154  4.6  5.5  0.90 12.12  5.41  42 1020.1  25.0  25.3  20.2 99.0 99.00
2016 05 14 21 50 148  4.1  4.8  0.85 12.12  5.30  23 1020.2  25.0  25.4  20.4 99.0 99.00
2016 05 14 22 50 154  4.1  4.9  0.86 12.12  5.41  53 1020.6  24.9  25.3  20.5 99.0 99.00
2016 05 14 23 50 136  4.0  4.8  0.83 12.12  5.61  49 1021.3  24.9  25.2  21.1 99.0 99.00
2016 05 15 00 50 152  4.4  5.1  0.85 12.12  5.62  35 1021.7  24.9  25.2  20.5 99.0 99.00
2016 05 15 01 50 147  4.5  5.3  0.84 10.81  5.63  40 1022.1  24.8  25.2  20.2 99.0 99.00
2016 05 15 02 50 150  4.5  5.1  0.78 12.12  5.42  69 1022.0  24.7  25.1  20.3 99.0 99.00
2016 05 15 03 50 150  4.8  5.7  0.86 11.43  5.39  54 1021.5  24.7  25.1  20.2 99.0 99.00
2016 05 15 04 50 155  5.2  5.9  0.81 11.43  5.12  35 1021.0  24.6  25.1  20.5 99.0 99.00
2016 05 15 05 50 149  4.7  5.8  0.89 11.43  5.20  55 1020.3  24.5  25.1  20.0 99.0 99.00
2016 05 15 06 50 153  5.4  6.8  0.83 11.43  4.97  49 1020.2  24.5  25.1  20.4 99.0 99.00
2016 05 15 07 50 151  6.5  7.4  0.83 11.43  4.82  33 1020.0  24.5  25.0  20.3 99.0 99.00
2016 05 15 08 50 158  5.4  6.3  0.91 11.43  4.84  67 1020.4  24.5  25.0  20.3 99.0 99.00
2016 05 15 09 50 161  5.0  5.9  0.84 10.00  4.63  61 1020.9  24.5  24.9  20.4 99.0 99.00
2016 05 15 10 50 156  5.8  6.9  0.83 12.12  4.71  15 1021.3  24.7  24.8  20.3 99.0 99.00
2016 05 15 11 50 151  5.6  6.6  0.79 12.12  4.72  30 1021.7  24.7  24.9  20.7 99.0 99.00
2016 05 15 12 50 151  6.0  7.3  0.82  8.33  4.68 101 1022.0  24.8  24.9  20.3 99.0 99.00
2016 05 15 13 50 154  6.1  7.0  0.85 11.43  4.56  52 1022.1  24.8  25.0  20.3 99.0 99.00
2016 05 15 14 50 161  5.3  6.1  0.92  8.33  4.71  92 1022.5  24.8  25.0  20.3 99.0 99.00
2016 05 15 15 50 161  5.1  5.7  0.84  4.35  4.47 170 1022.1  24.8  25.1  20.5 99.0 99.00
2016 05 15 16 50 167  4.4  5.2  0.85 10.00  4.61  74 1022.0  24.9  25.2  20.3 99.0 99.00
2016 05 15 17 50 156  5.1  6.0  0.82  4.55  4.68 162 1021.3  24.9  25.3  20.9 99.0 99.00
2016 05 15 18 50 157  4.5  5.6  0.83  8.33  4.82 119 1020.9  25.0  25.3  20.7 99.0 99.00
2016 05 15 19 50 154  4.4  5.3  0.81  3.85  4.55 151 1021.0  25.0  25.3  20.9 99.0 99.00
2016 05 15 20 50 146  4.1  4.7  0.84  4.55  4.65 156 1021.0  25.1  25.2  20.8 99.0 99.00
2016 05 15 21 50 151  4.0  4.9  0.80  5.56  4.70 143 1021.5  25.1  25.2  21.1 99.0 99.00
2016 05 15 22 50 152  3.6  4.6  0.78 10.81  4.77  77 1021.7  25.0  25.2  21.1 99.0 99.00
2016 05 15 23 50 151  3.9  4.4  0.76 11.43  4.88  28 1022.4  25.0  25.2  21.1 99.0 99.00
2016 05 16 00 50 147  4.5  5.2  0.75 10.81  4.96  66 1022.8  25.0  25.1  21.0 99.0 99.00
2016 05 16 01 50 148  4.5  5.5  0.77  5.00  4.95 161 1023.0  24.9  25.0  21.3 99.0 99.00
2016 05 16 02 50 144  5.3  6.5  0.80  5.26  4.89 152 1022.8  24.9  25.0  21.2 99.0 99.00
2016 05 16 03 50 156  4.2  4.8  0.73  7.69  4.73 126 1022.8  24.8  24.9  21.1 99.0 99.00
2016 05 16 04 50 165  4.1  4.8  0.73  4.76  4.66 168 1022.5  24.7  24.9  21.3 99.0 99.00
2016 05 16 05 50 168  3.7  4.4  0.72  7.69  4.83 135 1022.1  24.6  24.9  21.0 99.0 99.00
2016 05 16 06 50 165  3.4  4.3  0.74  7.14  4.86 126 1021.7  24.5  24.9  21.2 99.0 99.00
2016 05 16 07 50 159  4.0  4.8  0.72  6.67  4.71 138 1021.7  24.5  24.9  21.1 99.0 99.00
2016 05 16 08 50 163  3.6  4.4  0.71  7.69  4.83 140 1021.9  24.4  24.9  21.3 99.0 99.00
2016 05 16 09 50 166  4.7  5.4  0.69  7.14  4.97 132 1022.3  24.6  24.9  21.1 99.0 99.00
2016 05 16 10 50 148  4.6  5.3  0.71  5.88  4.39 156 1022.8  24.9  24.9  20.8 99.0 99.00
2016 05 16 11 50 156  4.0  4.6  0.72  8.33  4.43 142 1023.3  24.9  24.9  20.8 99.0 99.00
2016 05 16 12 50 168  4.1  4.9  0.71  9.09  4.79 122 1023.8  24.8  25.0  21.3 99.0 99.00
2016 05 16 13 50 161  4.2  5.4  0.73  7.14  4.65 125 1024.0  24.9  25.1  20.4 99.0 99.00
2016 05 16 14 50 158  2.8  3.3  0.73  5.26  4.60 145 1024.1  24.9  25.3  21.0 99.0 99.00
2016 05 16 15 50 142  3.1  3.7  0.74  7.14  5.01  98 1024.0  25.0  25.5  21.2 99.0 99.00
2016 05 16 16 50 138  2.6  3.4  0.75  6.67  4.81 123 1024.0  25.1  25.7  21.5 99.0 99.00
2016 05 16 17 50 126  3.4  4.3  0.71  6.25  4.93 138 1023.5  25.2  25.8  21.7 99.0 99.00
2016 05 16 18 50 142  2.3  3.3  0.70  5.56  4.90 141 1023.5  25.3  25.9  21.4 99.0 99.00
2016 05 16 19 50 126  2.8  3.7  0.70  5.56  4.78 169 1023.5  25.4  26.0  21.1 99.0 99.00
2016 05 16 20 50 137  3.0  3.6  0.72  6.67  4.90 117 1023.7  25.4  25.9  20.8 99.0 99.00
2016 05 16 21 50 142  3.3  3.9  0.69  7.14  4.96 135 1023.8  25.4  25.8  20.6 99.0 99.00
2016 05 16 22 50 142  3.5  4.3  0.72  6.67  4.93 113 1023.9  25.3  25.7  20.4 99.0 99.00
2016 05 16 23 50 136  4.2  5.0  0.72  8.33  5.20 102 1024.1  25.2  25.5  20.5 99.0 99.00
2016 05 17 00 50 125  4.3  4.9  0.70  5.56  5.19 142 1024.5  25.1  25.4  20.8 99.0 99.00
2016 05 17 01 50 119  3.9  4.6  0.62  5.56  4.69 100 1025.0  25.1  25.4  21.3 99.0 99.00
2016 05 17 02 50 117  3.6  4.2  0.67  5.88  4.85 113 1025.1  25.0  25.3  21.4 99.0 99.00
2016 05 17 03 50 102  2.9  3.4  0.66  7.69  4.98 115 1025.0  25.0  25.1  21.6 99.0 99.00
2016 05 17 04 50 115  3.3  4.2  0.67  6.25  5.02 122 1024.5  24.9  25.2  22.0 99.0 99.00
2016 05 17 05 50 119  3.2  3.7  0.68  5.56  4.91 135 1023.8  24.9  25.2  22.0 99.0 99.00
2016 05 17 06 50  99  3.6  4.1  0.72  6.67  5.10 117 1023.5  24.8  25.2  22.0 99.0 99.00
2016 05 17 07 50 117  4.3  5.2  0.65  6.25  4.89  96 1023.6  24.9  25.2  21.9 99.0 99.00
2016 05 17 08 50 124  3.2  3.8  0.67  7.14  5.05 106 1023.9  24.9  25.1  22.2 99.0 99.00
2016 05 17 09 50 130  3.5  4.2  0.68  6.67  4.89 120 1024.3  25.0  25.1  21.8 99.0 99.00
2016 05 17 10 50 113  3.2  4.2  0.73  6.25  4.79 107 1024.9  25.3  25.1  22.6 99.0 99.00
2016 05 17 11 50 100  2.8  3.1  0.67  6.25  4.70 145 1025.6  25.4  25.1  22.5 99.0 99.00
2016 05 17 12 50  88  2.1  2.9  0.68  5.88  5.03 107 1026.1  25.2  25.2  22.8 99.0 99.00
2016 05 17 13 50 112  4.2  4.9  0.74  7.14  4.98 322 1025.9  25.3  25.3  22.1 99.0 99.00
2016 05 17 14 50 108  4.4  5.2  0.76  7.14  5.05  51 1025.9  25.3  25.4  22.1 99.0 99.00
2016 05 17 15 50 107  4.5  5.4  0.83  7.14  5.03 346 1025.6  25.3  25.6  22.3 99.0 99.00
2016 05 17 16 50 100  3.6  4.2  0.81  7.14  5.00 332 1025.5  25.4  25.6  22.3 99.0 99.00
2016 05 17 18 50 107  4.4  5.2  0.88  7.14  5.01 137 1024.6  25.5  25.7  21.6 99.0 99.00
2016 05 17 19 50 107  4.9  5.8  0.84  6.25  5.07 106 1024.2  25.4  25.8  22.0 99.0 99.00
2016 05 17 20 50  96  5.5  6.6  0.88  7.14  5.04 159 1024.0  25.5  25.7  22.4 99.0 99.00
2016 05 17 21 50  97  5.8  6.6  0.99  7.14  5.17 332 1023.8  25.5  25.7  21.1 99.0 99.00
2016 05 17 22 50  95  6.0  7.0  0.98  7.14  5.06 293 1023.8  25.2  25.6  21.8 99.0 99.00
2016 05 17 23 50 100  5.9  6.9  1.05  7.14  5.11 133 1024.3  25.2  25.5  21.9 99.0 99.00
2016 05 18 00 50 106  6.0  7.2  1.07  7.14  5.32 273 1024.7  25.2  25.4  21.5 99.0 99.00
2016 05 18 01 50 105  5.9  7.0  1.10  7.14  5.24 136 1025.0  25.2  25.4  21.9 99.0 99.00
2016 05 18 02 50 109  6.2  7.4  1.24  6.67  5.32 135 1024.6  25.2  25.4  22.0 99.0 99.00
2016 05 18 03 50 110  6.0  7.4  1.20  7.14  5.22 126 1024.1  25.1  25.3  21.8 99.0 99.00
2016 05 18 04 50 114  6.5  7.6  1.20  7.69  5.30 123 1023.5  25.0  25.3  21.7 99.0 99.00
2016 05 18 05 50 115  6.0  7.2  1.37  6.67  5.53 130 1023.0  25.0  25.3  22.0 99.0 99.00
2016 05 18 06 50 115  6.0  6.8  1.35  8.33  5.60 340 1022.4  24.9  25.3  21.9 99.0 99.00
2016 05 18 07 50 127  5.6  6.4  1.37  9.09  5.57 345 1022.5  24.9  25.2  21.7 99.0 99.00
2016 05 18 08 50 125  5.7  6.8  1.36  7.69  5.44  89 1022.7  24.9  25.2  21.8 99.0 99.00
2016 05 18 09 50 132  4.8  6.0  1.33  8.33  5.56 324 1023.1  25.0  25.2  22.1 99.0 99.00
2016 05 18 10 50 116  6.0  7.2  1.38  7.69  5.42 100 1023.6  24.9  25.2  21.7 99.0 99.00
2016 05 18 11 50 122  4.6  5.6  1.35 10.81  5.58 339 1023.9  25.2  25.2  22.2 99.0 99.00
2016 05 18 12 50 126  5.4  6.6  1.29 10.00  5.66 346 1024.1  25.3  25.2  21.8 99.0 99.00
2016 05 18 13 50 130  5.6  6.5  1.37  7.14  5.80 136 1024.3  25.4  25.3  22.1 99.0 99.00
2016 05 18 14 50 135  5.5  6.7  1.37 10.00  5.84 348 1024.5  25.5  25.4  22.0 99.0 99.00
2016 05 18 15 50 143  5.7  6.9  1.33 10.00  5.62 337 1024.1  25.4  25.5  22.0 99.0 99.00
2016 05 18 16 50 143  5.6  6.7  1.41 10.00  6.11 333 1023.6  25.5  25.5  21.8 99.0 99.00
2016 05 18 17 50 144  5.2  6.3  1.40 10.81  6.06 345 1023.3  25.5  25.6  21.7 99.0 99.00
2016 05 18 18 50 138  5.3  6.3  1.42 10.81  6.19 359 1022.8  25.6  25.6  21.7 99.0 99.00
2016 05 18 19 50 129  4.5  5.3  1.43 10.00  6.39 347 1022.8  25.6  25.6  21.7 99.0 99.00
2016 05 18 20 50 141  4.8  5.9  1.34 10.00  6.23 337 1022.3  25.7  25.6  21.8 99.0 99.00
2016 05 18 21 50 126  5.7  7.0  1.39  9.09  6.16 342 1022.3  25.4  25.6  22.1 99.0 99.00
2016 05 18 22 50 132  5.1  6.2  1.49 10.00  6.37 347 1022.3  25.4  25.5  22.0 99.0 99.00
2016 05 18 23 50 135  6.0  7.0  1.39  9.09  5.84 349 1022.7  25.5  25.5  22.1 99.0 99.00
2016 05 19 00 50 132  5.7  6.8  1.37  9.09  5.93 335 1023.2  25.5  25.5  22.4 99.0 99.00
2016 05 19 01 50 137  5.9  6.7  1.32 10.00  5.87 354 1023.9  25.5  25.5  22.3 99.0 99.00
2016 05 19 02 50 138  5.6  6.7  1.28  9.09  5.75 349 1023.7  25.4  25.5  22.0 99.0 99.00
2016 05 19 03 50 135  6.5  7.8  1.33 10.00  5.72   6 1023.2  25.4  25.5  22.1 99.0 99.00
2016 05 19 04 50 138  6.8  8.3  1.36  8.33  5.71  77 1022.5  25.3  25.5  21.8 99.0 99.00
2016 05 19 05 50 144  7.1  8.5  1.41  9.09  5.72   1 1021.7  25.2  25.4  21.7 99.0 99.00
2016 05 19 06 50 140  7.1  8.8  1.37  7.69  5.52 126 1021.2  25.0  25.4  21.4 99.0 99.00
2016 05 19 07 50 145  7.3  8.3  1.39  7.69  5.44 116 1020.9  25.0  25.4  21.9 99.0 99.00
2016 05 19 08 50 147  6.7  8.3  1.49  8.33  5.47 130 1020.8  25.1  25.4  22.2 99.0 99.00
2016 05 19 09 50 144  7.6  8.7  1.43  8.33  5.42 123 1021.2  25.2  25.3  21.5 99.0 99.00
2016 05 19 10 50 145  7.4  8.8  1.55  7.69  5.24 126 1021.6  25.3  25.3  21.7 99.0 99.00
2016 05 19 11 50 147  7.7  9.0  1.49  7.69  5.40 133 1021.7  25.3  25.3  21.6 99.0 99.00
2016 05 19 12 50 154  7.0  8.5  1.37  7.14  4.89 129 1022.0  25.3  25.4  21.6 99.0 99.00
2016 05 19 13 50 153  7.3  8.3  1.44  7.69  5.25 128 1022.1  25.3  25.4  21.5 99.0 99.00
2016 05 19 14 50 165  6.5  7.5  1.37  8.33  5.33 130 1022.3  25.3  25.5  21.6 99.0 99.00
2016 05 19 15 50 169  6.7  7.8  1.42  7.69  5.41 123 1022.0  25.4  25.6  21.6 99.0 99.00
2016 05 19 16 50 168  6.2  7.4  1.34  8.33  5.46 121 1021.7  25.5  25.6  21.1 99.0 99.00
2016 05 19 17 50 171  6.0  7.1  1.33  8.33  5.49 116 1021.4  25.5  25.6  21.1 99.0 99.00
2016 05 19 18 50 177  5.1  5.9  1.34  8.33  5.75 122 1021.2  25.5  25.7  21.5 99.0 99.00
2016 05 19 19 50 172  5.0  5.7  1.29  7.69  5.67 125 1020.7  25.5  25.7  21.4 99.0 99.00
2016 05 19 20 50 173  4.3  5.1  1.27  8.33  5.74 127 1020.6  25.5  25.7  21.2 99.0 99.00
2016 05 19 21 50 178  4.5  5.2  1.36  8.33  5.86 128 1021.0  25.5  25.7  21.3 99.0 99.00
2016 05 19 22 50 176  4.0  4.7  1.42  8.33  6.08 120 1021.4  25.4  25.6  21.6 99.0 99.00
2016 05 19 23 50 172  3.4  4.2  1.31  8.33  5.91 126 1022.2  25.3  25.6  22.1 99.0 99.00
2016 05 20 00 50 170  4.2  4.9  1.30  7.69  5.81 125 1022.7  25.3  25.5  21.9 99.0 99.00
2016 05 20 01 50 159  4.9  5.8  1.25  8.33  5.91 122 1022.7  25.3  25.5  21.8 99.0 99.00
2016 05 20 02 50 171  4.7  5.7  1.32  8.33  5.92 120 1022.8  25.2  25.5  21.9 99.0 99.00
2016 05 20 03 50 163  5.5  6.5  1.23  8.33  5.76 118 1022.1  25.1  25.5  22.0 99.0 99.00
2016 05 20 04 50 167  5.0  5.9  1.24  8.33  5.80 137 1021.6  25.1  25.4  22.2 99.0 99.00
2016 05 20 05 50 165  5.4  6.3  1.43  8.33  5.95 123 1020.8  25.0  25.4  21.8 99.0 99.00
2016 05 20 06 50 167  5.3  6.5  1.25  8.33  5.74 122 1020.5  25.0  25.4  22.0 99.0 99.00
2016 05 20 07 50 175  5.5  6.5  1.31  7.14  5.74 126 1020.6  25.0  25.3  21.8 99.0 99.00
2016 05 20 08 50 171  5.8  6.8  1.37  8.33  5.88 120 1020.5  25.1  25.3  21.4 99.0 99.00
2016 05 20 09 50 170  6.0  6.8  1.28  8.33  5.67 127 1021.0  25.1  25.3  21.7 99.0 99.00
2016 05 20 10 50 171  5.2  5.7  1.28  7.69  5.56 124 1021.6  25.2  25.2  22.1 99.0 99.00
2016 05 20 11 50 186  5.8  6.7  1.37  9.09  5.54 126 1022.1  25.2  25.2  21.9 99.0 99.00
2016 05 20 12 50 194  4.8  5.9  1.47  8.33  5.75 126 1022.6  25.3  25.3  22.1 99.0 99.00
2016 05 20 13 50 178  5.9  6.8  1.42  8.33  5.90 126 1022.6  25.5  25.4  22.0 99.0 99.00
2016 05 20 14 50 177  6.1  6.9  1.54  8.33  6.00 124 1022.6  25.5  25.5  22.1 99.0 99.00
2016 05 20 15 50 185  6.2  7.0  1.40  9.09  5.88 125 1022.4  25.5  25.6  22.0 99.0 99.00
2016 05 20 16 50 187  5.5  6.3  1.46  9.09  5.93 115 1022.3  25.4  25.6  22.4 99.0 99.00
2016 05 20 17 50 196  5.6  6.4  1.37  9.09  6.05 123 1022.1  25.6  25.7  22.0 99.0 99.00
2016 05 20 18 50 202  5.1  6.0  1.50  9.09  6.21 124 1021.7  25.7  25.8  22.3 99.0 99.00
2016 05 20 19 50 225  4.5  5.5  1.28  9.09  6.00 120 1021.7  25.8  25.8  21.5 99.0 99.00
2016 05 20 20 50 215  3.4  4.1  1.38  9.09  6.23 123 1021.5  25.8  25.8  22.1 99.0 99.00
2016 05 20 21 50 236  3.6  4.2  1.27  9.09  6.17 121 1021.7  25.9  25.7  22.1 99.0 99.00
2016 05 20 22 50 242  3.1  3.7  1.35  8.33  6.37 113 1021.9  25.5  25.7  22.0 99.0 99.00
2016 05 20 23 50 221  2.5  2.9  1.34  8.33  6.41 117 1022.2  25.4  25.6  21.7 99.0 99.00
2016 05 21 00 50 204  2.8  3.5  1.46  8.33  6.67 115 1022.3  25.4  25.6  21.5 99.0 99.00
2016 05 21 01 50 186  3.1  3.8  1.40  9.09  6.53 116 1022.3  25.3  25.6  22.2 99.0 99.00
2016 05 21 02 50 180  3.3  4.0  1.34  8.33  6.53 115 1022.2  25.2  25.6  22.6 99.0 99.00
2016 05 21 03 50 181  3.9  4.8  1.34  8.33  6.39 104 1022.0  25.3  25.5  21.8 99.0 99.00
2016 05 21 04 50 191  4.6  5.6  1.32  9.09  6.23 113 1021.3  25.0  25.5  22.5 99.0 99.00
2016 05 21 05 50 200  3.9  4.8  1.50  9.09  6.53 117 1021.0  24.8  25.4  22.6 99.0 99.00
2016 05 21 06 50 200  4.7  5.3  1.41  8.33  6.48 116 1020.7  24.9  25.3  22.0 99.0 99.00
2016 05 21 07 50 195  5.0  5.9  1.46  8.33  6.48 118 1020.5  25.0  25.3  22.1 99.0 99.00
2016 05 21 08 50 203  4.3  5.3  1.35  8.33  6.24 112 1020.6  25.0  25.3  22.3 99.0 99.00
2016 05 21 09 50 213  2.3  3.1  1.34  9.09  6.21 112 1020.9  24.7  25.3  20.9 99.0 99.00
2016 05 21 10 50 204  3.4  4.1  1.44  8.33  6.23 119 1021.3  24.8  25.3  22.6 99.0 99.00
2016 05 21 11 50 193  4.5  5.0  1.43  9.09  6.40 113 1021.6  24.8  25.3  21.9 99.0 99.00
2016 05 21 12 50 201  4.4  5.3  1.30  9.09  5.86 111 1022.0  24.6  25.4  21.9 99.0 99.00
2016 05 21 13 50 187  3.6  4.2  1.33  9.09  6.27 115 1022.2  24.8  25.5  21.6 99.0 99.00
2016 05 21 14 50 161  3.3  4.0  1.30  9.09  6.25 126 1022.3  24.5  25.5  21.9 99.0 99.00
2016 05 21 15 50 145  5.7  6.5  1.23  8.33  6.30 105 1021.9  23.5  25.5  22.1 99.0 99.00
2016 05 21 16 50 142  1.8  2.7  1.29  9.09  6.67 116 1021.7  23.4  25.5  21.8 99.0 99.00
2016 05 21 17 50 182  3.3  4.7  1.16  9.09  6.57 114 1021.2  23.8  25.3  21.2 99.0 99.00
2016 05 21 18 50 173  2.3  3.3  1.22  9.09  6.74 111 1020.4  24.3  25.6  22.0 99.0 99.00
2016 05 21 19 50 210  3.6  4.5  1.30  9.09  6.73 100 1020.0  25.4  25.6  21.7 99.0 99.00
2016 05 21 20 50 197  3.2  3.9  1.17  9.09  6.52 116 1019.6  25.5  25.8  22.0 99.0 99.00
2016 05 21 21 50 195  3.2  4.0  1.19  9.09  6.58 112 1019.5  25.6  25.8  21.7 99.0 99.00
2016 05 21 22 50 203  2.4  3.0  1.29  9.09  6.79 112 1019.7  25.4  25.8  21.2 99.0 99.00
2016 05 21 23 50 182  3.2  3.8  1.22  9.09  6.65 108 1020.1  25.3  25.7  20.9 99.0 99.00
2016 05 22 00 50 184  3.4  4.0  1.28  9.09  6.75 102 1020.8  25.3  25.7  21.1 99.0 99.00
2016 05 22 01 50 170  3.7  4.5  1.22  9.09  6.64 107 1021.2  25.3  25.7  21.1 99.0 99.00
2016 05 22 02 50 178  3.8  4.6  1.26  7.69  6.69  90 1021.2  25.2  25.6  21.2 99.0 99.00
2016 05 22 03 50 173  3.6  4.2  1.07  9.09  6.30 111 1020.7  25.1  25.5  21.0 99.0 99.00
2016 05 22 04 50 156  5.0  6.2  1.20  9.09  6.60 127 1019.9  25.1  25.5  20.9 99.0 99.00
2016 05 22 05 50 173  5.3  6.1  1.16  9.09  6.34 113 1019.4  25.1  25.5  20.6 99.0 99.00
2016 05 22 06 50 168  5.6  6.6  1.22  8.33  5.96 126 1018.9  25.0  25.4  20.6 99.0 99.00
2016 05 22 07 50 166  6.1  7.1  1.14  8.33  5.83 108 1018.7  25.0  25.4  20.4 99.0 99.00
2016 05 22 08 50 170  5.8  6.8  1.15  8.33  5.83 111 1018.5  24.9  25.3  20.2 99.0 99.00
2016 05 22 09 50 161  5.8  6.8  1.25  8.33  6.04 113 1018.5  25.0  25.3  20.4 99.0 99.00
2016 05 22 10 50 157  6.1  7.3  1.16  8.33  5.67  97 1018.4  25.2  25.3  20.7 99.0 99.00
2016 05 22 11 50 157  6.4  7.5  1.22  9.09  5.85 116 1018.9  25.1  25.3  20.6 99.0 99.00
2016 05 22 12 50 158  6.1  7.3  1.27  9.09  5.72 106 1019.3  25.2  25.3  20.8 99.0 99.00
2016 05 22 13 50 167  6.0  6.8  1.15  8.33  5.37 112 1019.6  25.3  25.4  20.5 99.0 99.00
2016 05 22 14 50 169  6.1  7.1  1.15  8.33  5.21 102 1019.9  25.4  25.5  20.7 99.0 99.00
2016 05 22 15 50 173  5.8  7.0  1.15  9.09  5.23  87 1019.7  25.6  25.5  20.8 99.0 99.00
2016 05 22 16 50 169  6.5  7.8  1.15  9.09  5.54 101 1019.4  25.6  25.6  21.1 99.0 99.00
2016 05 22 17 50 174  5.5  6.4  1.05  8.33  5.30  88 1019.2  25.7  25.7  21.1 99.0 99.00
2016 05 22 18 50 168  5.8  6.9  1.22  8.33  5.55  89 1018.8  25.7  25.7  20.9 99.0 99.00
2016 05 22 19 50 177  6.1  7.1  1.12  9.09  5.38  96 1018.5  25.8  25.8  20.9 99.0 99.00
2016 05 22 20 50 178  5.7  6.7  1.08  9.09  5.44  95 1018.3  25.8  25.8  21.0 99.0 99.00
2016 05 22 21 50 175  5.5  6.6  1.20  9.09  5.42 107 1018.4  25.8  25.7  21.3 99.0 99.00
2016 05 22 22 50 178  5.6  6.5  1.07  9.09  5.36 101 1018.9  25.7  25.6  21.4 99.0 99.00
2016 05 22 23 50 172  5.9  6.8  1.17  9.09  5.75 109 1019.2  25.6  25.6  22.0 99.0 99.00
2016 05 23 00 50 166  5.8  7.2  1.10 10.00  5.63  97 1019.4  25.6  25.6  22.5 99.0 99.00
2016 05 23 01 50 161  6.0  7.3  1.10  9.09  5.59  99 1019.7  25.6  25.6  22.5 99.0 99.00
2016 05 23 02 50 158  6.1  7.4  1.15  8.33  5.57  98 1019.5  25.6  25.5  22.6 99.0 99.00
2016 05 23 03 50 156  5.8  6.9  1.20  9.09  5.57  69 1019.4  25.5  25.5  22.8 99.0 99.00
2016 05 23 04 50 165  6.5  7.7  1.18  8.33  5.49 109 1019.0  25.6  25.5  22.8 99.0 99.00
2016 05 23 05 50 166  6.9  7.8  1.28  9.09  5.30  82 1018.6  25.5  25.5  22.7 99.0 99.00
2016 05 23 06 50 167  7.0  8.2  1.33  9.09  5.36  65 1018.5  25.6  25.5  23.0 99.0 99.00
2016 05 23 07 50 164  6.7  8.1  1.26  9.09  5.11  76 1018.4  25.6  25.4  23.2 99.0 99.00
2016 05 23 08 50 167  7.5  8.8  1.32  8.33  5.10  75 1018.5  25.6  25.4  23.0 99.0 99.00
2016 05 23 09 50 164  7.8  9.4  1.21  9.09  5.03  88 1018.9  25.6  25.4  23.1 99.0 99.00
2016 05 23 10 50 165  7.1  8.3  1.40  5.00  5.14 174 1019.7  25.8  25.4  23.0 99.0 99.00
2016 05 23 11 50 160  7.5  9.0  1.46  8.33  5.26  98 1019.9  25.8  25.4  23.2 99.0 99.00
2016 05 23 12 50 157  7.2  8.4  1.44  8.33  5.03 104 1020.1  25.8  25.4  23.3 99.0 99.00
2016 05 23 13 50 161  7.8  9.3  1.38  9.09  5.03 109 1020.5  25.9  25.5  23.3 99.0 99.00
2016 05 23 14 50 161  7.5  8.8  1.53  5.00  5.06 179 1020.8  25.9  25.5  23.4 99.0 99.00
2016 05 23 15 50 160  7.5  9.1  1.45  5.56  4.89 171 1020.4  25.9  25.6  23.5 99.0 99.00
2016 05 23 16 50 160  7.9  9.3  1.42  8.33  4.94 103 1020.3  25.9  25.6  23.0 99.0 99.00
2016 05 23 17 50 162  7.5  9.6  1.43  9.09  4.95  86 1020.2  26.0  25.6  23.4 99.0 99.00
2016 05 23 18 50 163  7.9  9.2  1.46  5.56  5.05 163 1020.1  26.0  25.6  23.3 99.0 99.00
2016 05 23 19 50 161  7.4  8.5  1.48  5.26  5.07 174 1020.0  26.0  25.6  23.2 99.0 99.00
2016 05 23 20 50 157  7.7  8.5  1.54  6.25  5.25 160 1020.0  25.9  25.6  23.4 99.0 99.00
2016 05 23 21 50 154  7.5  8.9  1.50  6.25  5.36 165 1019.7  25.9  25.6  23.5 99.0 99.00
2016 05 23 22 50 152  7.7  8.9  1.60  5.88  5.45 165 1020.1  25.8  25.6  23.5 99.0 99.00
2016 05 24 00 50 148  8.4 10.0  1.65  6.25  5.42 165 1021.0  25.8  25.5  23.3 99.0 99.00
2016 05 24 01 50 245  9.1 11.0  1.64  5.88  5.46 172 1021.7  23.1  25.5  22.3 99.0 99.00
2016 05 24 02 50 136  8.6 10.5  1.73  6.25  5.68 153 1021.8  23.5  25.5  22.0 99.0 99.00
2016 05 24 03 50 134  8.4  9.8  1.66  5.88  5.45 159 1021.5  23.7  25.5  22.0 99.0 99.00
2016 05 24 04 50 153  8.8  9.8  1.62  6.67  5.50 170 1021.1  24.1  25.4  21.8 99.0 99.00
2016 05 24 05 50 148  8.4  9.6  1.66  6.67  5.66 163 1020.1  23.8  25.4  22.2 99.0 99.00
2016 05 24 06 50 154  9.9 11.5  1.56  6.25  5.38 147 1020.2  24.1  25.4  20.9 99.0 99.00
2016 05 24 07 50 162  7.7  8.9  1.58  6.25  5.43 160 1020.5  24.7  25.3  21.7 99.0 99.00
2016 05 24 08 50 161  7.2  9.6  1.66  6.67  5.36 154 1021.1  25.1  25.3  22.1 99.0 99.00
2016 05 24 09 50 164  7.2  8.2  1.74  6.25  5.31 156 1021.3  24.8  25.3  22.4 99.0 99.00
2016 05 24 10 50 162  5.6  6.9  1.72  6.67  5.47 143 1022.1  25.1  25.3  22.4 99.0 99.00
2016 05 24 11 50 170  5.8  6.8  1.72  6.25  5.44 144 1023.0  25.5  25.3  23.5 99.0 99.00
2016 05 24 12 50 161  7.0  8.8  1.59  5.26  5.43 151 1023.3  25.7  25.4  23.2 99.0 99.00
2016 05 24 13 50 157  7.1  8.5  1.59  6.25  5.36 164 1023.1  25.7  25.5  23.0 99.0 99.00
2016 05 24 14 50 157  7.0  8.2  1.65  5.88  5.35 149 1023.6  25.8  25.5  23.0 99.0 99.00
2016 05 24 15 50 150  5.8  7.3  1.53  5.88  5.14 159 1023.5  25.8  25.6  23.1 99.0 99.00
2016 05 24 16 50 145  6.5  7.5  1.58  6.25  5.32 156 1023.3  25.8  25.7  22.8 99.0 99.00
2016 05 24 17 50 146  5.9  7.0  1.53  5.88  5.32 154 1023.2  25.8  25.7  22.7 99.0 99.00
2016 05 24 18 50 142  5.8  6.7  1.54  5.88  5.39 148 1023.1  25.8  25.8  22.7 99.0 99.00
2016 05 24 19 50 138  6.0  7.0  1.48  6.25  5.40 174 1022.9  25.9  25.8  22.5 99.0 99.00
2016 05 24 20 50 137  5.9  6.7  1.37  5.88  5.26 171 1022.7  25.9  25.7  22.5 99.0 99.00
2016 05 24 21 50 134  5.6  6.8  1.39  6.25  5.39 150 1022.8  25.9  25.7  22.5 99.0 99.00
2016 05 24 22 50 135  5.6  6.7  1.47  6.67  5.50 151 1023.2  25.8  25.7  22.3 99.0 99.00
2016 05 24 23 50 135  5.4  6.5  1.37  5.56  5.39 143 1023.6  25.7  25.6  22.7 99.0 99.00
2016 05 25 00 50 126  5.8  7.2  1.38  7.14  5.43 138 1023.9  25.7  25.6  23.0 99.0 99.00
2016 05 25 01 50 127  5.8  6.8  1.49  6.67  5.68 140 1024.0  25.6  25.6  22.7 99.0 99.00
2016 05 25 02 50 128  6.2  7.3  1.44  6.67  5.52 165 1023.7  25.5  25.6  22.7 99.0 99.00
2016 05 25 03 50 129  7.1  8.8  1.43  7.14  5.40 131 1023.5  25.6  25.6  22.6 99.0 99.00
2016 05 25 04 50 134  7.5  8.7  1.49  5.88  5.39 141 1023.0  25.6  25.6  22.5 99.0 99.00
2016 05 25 05 50 131  7.3  9.1  1.48  6.67  5.20 123 1022.5  25.3  25.5  22.1 99.0 99.00
2016 05 25 06 50 138  7.2  8.7  1.50  6.67  5.27 101 1022.2  25.5  25.5  21.9 99.0 99.00
2016 05 25 07 50 140  7.1  8.4  1.48  6.67  5.29 120 1022.2  25.5  25.5  21.8 99.0 99.00
2016 05 25 08 50 136  7.2  8.7  1.58  6.25  5.20 134 1022.6  25.5  25.5  21.7 99.0 99.00
2016 05 25 09 50 131  7.0  8.2  1.54  6.67  5.21 132 1022.6  25.3  25.5  21.6 99.0 99.00
2016 05 25 10 50 127  6.7  8.0  1.53  6.67  5.03 134 1022.6  25.3  25.5  21.3 99.0 99.00
2016 05 25 11 50 127  7.8  9.3  1.48  5.88  5.10 144 1022.8  25.7  25.5  21.3 99.0 99.00
2016 05 25 12 50 141  5.6  6.7  1.46  6.25  5.09 136 1023.1  25.2  25.5  21.5 99.0 99.00
2016 05 25 13 50 127  7.4  8.4  1.48  6.25  5.10 130 1022.9  25.7  25.6  21.0 99.0 99.00
2016 05 25 14 50 124  7.7  9.3  1.39  7.14  4.96 134 1023.0  25.7  25.7  21.2 99.0 99.00
2016 05 25 15 50 129  7.9  9.0  1.50  5.56  5.03 118 1022.8  25.8  25.7  20.8 99.0 99.00
2016 05 25 16 50 121  7.7  9.3  1.47  5.88  5.06 136 1022.4  25.7  25.7  20.2 99.0 99.00
2016 05 25 17 50 128  7.0  8.0  1.48  6.67  5.03 119 1022.0  25.7  25.7  20.0 99.0 99.00
2016 05 25 18 50 125  7.1  8.1  1.47  6.25  5.09 128 1021.7  25.7  25.7  20.2 99.0 99.00
2016 05 25 19 50 126  5.8  6.9  1.45  5.88  5.08 143 1021.4  25.7  25.7  20.3 99.0 99.00
2016 05 25 20 50 119  5.7  6.9  1.44  6.67  5.30 142 1021.3  25.7  25.7  20.4 99.0 99.00
2016 05 25 21 50 114  5.7  6.7  1.42  7.14  5.34 125 1021.1  25.7  25.7  20.2 99.0 99.00
2016 05 25 22 50 105  5.8  6.8  1.36  6.67  5.29 113 1021.5  25.6  25.7  20.1 99.0 99.00
2016 05 25 23 50 103  7.0  8.6  1.49  7.14  5.38 119 1021.4  25.6  25.6  21.0 99.0 99.00
2016 05 26 00 50 105  6.5  7.5  1.50  6.67  5.27 122 1021.8  25.6  25.6  20.6 99.0 99.00
2016 05 26 01 50 103  6.6  8.1  1.48  7.69  5.43 129 1022.3  25.6  25.6  20.8 99.0 99.00
2016 05 26 02 50 102  7.2  8.7  1.53  6.67  5.39 139 1021.9  25.5  25.6  21.1 99.0 99.00
2016 05 26 03 50 128  7.4  8.8  1.46  7.14  5.25 121 1021.5  25.1  25.6  21.6 99.0 99.00
2016 05 26 04 50 117  5.8  7.1  1.53  6.67  5.33 124 1020.9  25.0  25.6  20.7 99.0 99.00
2016 05 26 05 50 116  6.5  7.6  1.54  7.69  5.45 131 1020.3  25.5  25.6  19.5 99.0 99.00
2016 05 26 06 50 118  6.6  7.8  1.38  6.67  5.20 119 1019.7  25.2  25.6  20.5 99.0 99.00
2016 05 26 07 50 110  6.2  7.0  1.39  6.25  5.18 135 1019.7  25.0  25.6  20.6 99.0 99.00
2016 05 26 08 50 109  5.1  6.5  1.36  6.67  5.22 122 1020.0  25.0  25.5  20.3 99.0 99.00
2016 05 26 09 50 110  6.0  7.1  1.33  7.69  5.30 114 1020.3  25.1  25.5  19.9 99.0 99.00
2016 05 26 10 50 100  5.7  6.8  1.36  7.69  5.31 118 1020.9  25.4  25.5  20.5 99.0 99.00
2016 05 26 11 50 106  5.9  7.1  1.30  7.69  5.52 118 1021.1  25.5  25.5  20.1 99.0 99.00
2016 05 26 12 50 100  5.7  6.6  1.37  7.14  5.45 124 1021.4  25.5  25.6  20.9 99.0 99.00
2016 05 26 13 50  97  6.5  7.6  1.19  7.14  5.13 124 1021.3  25.5  25.6  21.0 99.0 99.00
2016 05 26 14 50 110  6.3  7.5  1.26  7.69  5.20 106 1021.3  25.3  25.6  21.4 99.0 99.00
2016 05 26 15 50 134  9.0 12.7  1.28  7.69  5.03 109 1020.7  25.0  25.6  22.1 99.0 99.00
2016 05 26 16 50 127  8.1  9.5  1.45  7.14  5.05 127 1020.6  24.3  25.6  20.3 99.0 99.00
2016 05 26 17 50 120  4.8  5.8  1.50  5.26  5.07 134 1020.4  25.1  25.6  20.1 99.0 99.00
2016 05 26 18 50 111  6.0  6.7  1.48  8.33  5.34 116 1020.2  25.4  25.6  21.2 99.0 99.00
2016 05 26 19 50 155  7.1  8.4  1.36  7.14  5.31 120 1020.1  23.8  25.6  21.1 99.0 99.00
2016 05 26 20 50 123  4.2  5.2  1.44  7.69  5.29 117 1020.0  24.6  25.6  21.0 99.0 99.00
2016 05 26 21 50 107  5.0  5.9  1.48  8.33  5.57 129 1020.0  24.9  25.6  21.3 99.0 99.00
2016 05 26 22 50 100  3.8  4.7  1.52  8.33  5.69 119 1020.7  25.0  25.6  22.0 99.0 99.00
2016 05 27 00 50 121  4.2  5.1  1.55  7.69  5.67 116 1021.0  24.8  25.6  22.1 99.0 99.00
2016 05 27 01 50 104  6.8  8.0  1.48  7.14  5.69 123 1021.0  25.6  25.6  21.2 99.0 99.00
2016 05 27 02 50  84  6.7  8.4  1.49  7.14  5.64 113 1020.8  24.6  25.6  22.0 99.0 99.00
2016 05 27 04 50 117  8.3 10.2  1.42  7.14  4.99 116 1019.7  25.4  25.5  21.2 99.0 99.00
2016 05 27 05 50 111  8.1  9.6  1.58  8.33  5.15 118 1019.2  25.3  25.5  21.2 99.0 99.00
2016 05 27 06 50 114  7.8  9.3  1.54  7.69  5.21 105 1019.0  25.2  25.5  21.1 99.0 99.00
2016 05 27 07 50 111  7.4  8.9  1.45  8.33  5.04 118 1019.4  25.2  25.4  21.2 99.0 99.00
2016 05 27 08 50 109  8.1  9.9  1.53  8.33  5.17 102 1019.4  25.2  25.4  21.6 99.0 99.00
2016 05 27 09 50 108  7.4  8.7  1.48  8.33  5.20 101 1019.9  25.3  25.4  21.4 99.0 99.00
2016 05 27 10 50 111  7.3  8.5  1.46  8.33  5.21  99 1020.2  25.5  25.4  21.1 99.0 99.00
2016 05 27 11 50 109  7.8  9.5  1.42  7.69  5.08 130 1020.5  25.6  25.5  21.2 99.0 99.00
2016 05 27 12 50 107  7.6  9.3  1.33  7.69  4.93 123 1020.8  25.4  25.5  20.9 99.0 99.00
2016 05 27 13 50 102  8.3  9.6  1.40  6.25  4.90 122 1020.9  25.5  25.5  21.6 99.0 99.00
2016 05 27 14 50 103  8.1  9.2  1.55  8.33  5.16 116 1021.1  25.5  25.5  21.9 99.0 99.00
2016 05 27 15 50 110  8.4  9.9  1.52  5.00  4.97 108 1021.3  25.5  25.6  21.2 99.0 99.00
2016 05 27 16 50 113  8.0  9.3  1.54  6.67  5.13 112 1021.3  25.6  25.6  21.1 99.0 99.00
2016 05 27 17 50 108  7.3  8.6  1.63  6.67  5.23 113 1021.3  25.3  25.6  21.3 99.0 99.00
2016 05 27 18 50  97  7.3  8.5  1.54  6.25  4.97 126 1020.9  25.2  25.6  21.7 99.0 99.00
2016 05 27 19 50  96  4.9  6.0  1.55  6.25  5.30 130 1020.8  25.6  25.6  19.9 99.0 99.00
2016 05 27 20 50 100  6.3  7.5  1.43  8.33  5.34 116 1020.7  25.6  25.6  20.4 99.0 99.00
2016 05 27 21 50 100  5.4  6.2  1.54  7.14  5.44 113 1020.8  25.3  25.6  21.6 99.0 99.00
2016 05 27 22 50  92  6.0  7.2  1.43  8.33  5.41 106 1021.2  25.3  25.6  22.0 99.0 99.00
2016 05 27 23 50  94  6.1  7.4  1.49  8.33  5.47 106 1021.4  25.3  25.5  20.8 99.0 99.00
2016 05 28 00 50  97  6.8  8.2  1.38  8.33  5.41 114 1021.9  25.6  25.5  21.5 99.0 99.00
2016 05 28 01 50  92  7.3  8.6  1.28  7.69  5.22  83 1022.0  25.5  25.5  21.8 99.0 99.00
2016 05 28 02 50  91  7.8  9.2  1.36  8.33  5.10 110 1021.8  25.5  25.5  21.4 99.0 99.00
2016 05 28 03 50  93  8.2  9.6  1.42  7.69  5.20  95 1021.3  25.3  25.5  21.6 99.0 99.00
2016 05 28 04 50  90  7.8  9.2  1.52  7.69  5.26  99 1021.0  25.2  25.4  21.2 99.0 99.00
2016 05 28 05 50  95  7.5  9.0  1.58  7.69  5.44  95 1020.6  25.2  25.4  21.0 99.0 99.00
2016 05 28 06 50  96  6.9  8.2  1.53  8.33  5.21 101 1020.6  25.1  25.4  21.0 99.0 99.00
2016 05 28 07 50  96  7.0  8.2  1.38  7.14  5.09 102 1021.0  25.1  25.4  20.6 99.0 99.00
2016 05 28 08 50  97  6.6  7.7  1.29  5.88  4.86 115 1021.3  25.1  25.4  20.9 99.0 99.00
2016 05 28 09 50  89  7.3  8.3  1.37  7.69  4.95  97 1021.8  25.2  25.4  20.5 99.0 99.00
2016 05 28 10 50  89  7.0  8.2  1.36  8.33  4.86 107 1022.5  25.4  25.4  20.1 99.0 99.00
2016 05 28 11 50  89  7.0  8.2  1.33  7.69  5.05 116 1023.2  25.4  25.4  20.8 99.0 99.00
2016 05 28 12 50  87  6.8  8.3  1.39  8.33  5.16 127 1023.4  25.3  25.4  21.0 99.0 99.00
2016 05 28 13 50  85  7.0  8.3  1.28  7.69  5.01 111 1023.6  25.4  25.5  21.0 99.0 99.00
2016 05 28 14 50  80  6.5  7.8  1.44  8.33  5.07 127 1023.9  25.4  25.6  22.0 99.0 99.00
2016 05 28 15 50  78  7.5  8.5  1.42  7.14  5.21 108 1023.6  25.3  25.6  21.3 99.0 99.00
2016 05 28 16 50  80  7.5  8.5  1.41  7.69  4.94 102 1023.2  25.4  25.6  20.9 99.0 99.00
2016 05 28 17 50  80  7.5  8.6  1.32  6.67  4.86 104 1022.9  25.4  25.7  21.1 99.0 99.00
2016 05 28 18 50  81  7.5  8.7  1.44  6.25  4.88 112 1022.4  25.4  25.7  20.7 99.0 99.00
2016 05 28 19 50  81  6.6  8.0  1.35  5.88  5.00 111 1022.5  25.6  25.7  21.0 99.0 99.00
2016 05 28 20 50  85  6.9  8.0  1.40  7.69  5.07  95 1022.6  25.6  25.7  20.2 99.0 99.00
2016 05 28 21 50  83  6.5  7.7  1.35  8.33  5.08 110 1022.8  25.6  25.7  20.8 99.0 99.00
2016 05 28 22 50  78  6.5  7.9  1.29  7.69  4.98 109 1023.1  25.4  25.6  20.6 99.0 99.00
2016 05 28 23 50  82  6.9  7.9  1.34  8.33  5.20  98 1023.3  25.4  25.6  20.1 99.0 99.00
2016 05 29 00 50  76  6.6  8.0  1.33  7.69  4.96  99 1023.8  25.3  25.5  20.7 99.0 99.00
2016 05 29 01 50  79  6.7  8.1  1.27  7.69  5.03 120 1023.9  25.3  25.6  20.3 99.0 99.00
2016 05 29 02 50  85  7.2  8.3  1.30  8.33  5.05 109 1023.4  25.1  25.5  20.2 99.0 99.00
2016 05 29 03 50  83  6.8  8.1  1.28  7.69  4.96  93 1023.0  25.1  25.5  20.4 99.0 99.00
2016 05 29 04 50  81  7.0  8.3  1.33  8.33  5.06 108 1022.5  25.0  25.5  20.3 99.0 99.00
2016 05 29 05 50  84  6.1  7.2  1.31  7.69  5.02 104 1022.1  25.0  25.5  20.2 99.0 99.00
2016 05 29 06 50  85  6.3  7.3  1.30  7.14  4.95 104 1021.8  24.9  25.4  20.2 99.0 99.00
2016 05 29 07 50  79  5.6  6.8  1.31  7.69  5.15  98 1021.7  24.8  25.4  19.8 99.0 99.00
2016 05 29 08 50  85  5.6  7.0  1.18  7.69  4.95  97 1022.2  24.8  25.4  20.0 99.0 99.00
2016 05 29 09 50  73  5.5  6.6  1.17  8.33  5.09 112 1022.8  24.9  25.4  19.7 99.0 99.00
2016 05 29 10 50  69  6.6  7.8  1.13  8.33  5.06 121 1022.9  25.1  25.4  19.7 99.0 99.00
2016 05 29 11 50  74  6.6  7.8  1.10  7.69  4.71 131 1023.2  25.2  25.4  19.2 99.0 99.00
2016 05 29 12 50  69  6.5  7.7  1.16  7.69  4.87 114 1023.3  25.2  25.5  19.4 99.0 99.00
2016 05 29 13 50  66  7.3  8.5  1.20  7.69  4.92 100 1023.1  25.2  25.5  19.6 99.0 99.00
2016 05 29 14 50  72  7.2  8.4  1.11  7.69  4.65 104 1023.2  25.2  25.5  19.9 99.0 99.00
2016 05 29 15 50  78  7.0  8.0  1.20  6.25  4.76 110 1023.1  25.1  25.6  20.3 99.0 99.00
2016 05 29 16 50  69  7.4  8.9  1.23  7.69  4.74  99 1022.7  25.1  25.6  20.4 99.0 99.00
2016 05 29 17 50  89  6.6  7.9  1.20  8.33  4.66 102 1022.4  24.2  25.6  20.8 99.0 99.00
2016 05 29 18 50  79  7.0  8.4  1.21  4.76  4.69 100 1021.9  25.3  25.6  20.3 99.0 99.00
2016 05 29 19 50  84  6.9  8.3  1.29  5.00  4.74  85 1021.6  25.4  25.6  20.2 99.0 99.00
2016 05 29 20 50  90  6.2  7.7  1.25  4.76  4.74  89 1021.4  25.5  25.6  20.4 99.0 99.00
2016 05 29 21 50  84  6.4  7.9  1.30  7.69  4.89 115 1021.5  25.6  25.6  20.1 99.0 99.00
2016 05 29 22 50  74  6.3  7.4  1.21  5.88  4.82 105 1021.7  25.3  25.6  20.4 99.0 99.00
2016 05 29 23 50  90  6.2  7.1  1.25  5.26  5.04  67 1021.8  25.3  25.6  20.6 99.0 99.00
2016 05 30 00 50  79  6.1  7.2  1.20  5.00  5.02  81 1022.2  25.3  25.6  20.9 99.0 99.00
2016 05 30 01 50  86  6.3  7.3  1.20  7.69  4.98 134 1022.3  25.2  25.6  20.8 99.0 99.00
2016 05 30 02 50  97  5.9  7.1  1.17  5.88  4.88 118 1022.1  25.2  25.6  20.7 99.0 99.00
2016 05 30 03 50  86  5.6  6.4  1.20  6.67  5.02 122 1021.6  25.1  25.6  20.3 99.0 99.00
2016 05 30 04 50  82  6.1  6.8  1.26  6.67  5.05 131 1020.9  25.0  25.6  20.2 99.0 99.00
2016 05 30 05 50  82  5.9  7.1  1.17  7.14  4.90 116 1020.5  24.9  25.6  21.0 99.0 99.00
2016 05 30 06 50  84  6.5  8.0  1.14  7.14  4.77 119 1020.2  24.9  25.5  21.0 99.0 99.00
2016 05 30 07 50  82  6.3  7.6  1.07  5.00  4.66  75 1020.4  24.9  25.5  20.6 99.0 99.00
2016 05 30 08 50  85  6.8  8.1  1.16  7.69  4.79 120 1020.5  24.9  25.5  20.7 99.0 99.00
2016 05 30 09 50  81  7.2  8.4  1.09  5.26  4.59  73 1020.7  25.1  25.5  20.8 99.0 99.00
2016 05 30 10 50  82  7.4  9.4  1.14  4.55  4.60  76 1020.9  25.3  25.5  21.1 99.0 99.00
2016 05 30 11 50  85  7.9  9.2  1.15  4.35  4.56  63 1021.4  25.3  25.6  21.3 99.0 99.00
2016 05 30 12 50  83  7.6  8.9  1.16  6.67  4.59 121 1021.5  25.4  25.6  21.5 99.0 99.00
2016 05 30 13 50  93  8.1  9.2  1.28  6.25  4.54 117 1021.5  25.4  25.6  21.4 99.0 99.00
2016 05 30 15 50  96  8.0  9.2  1.33  5.26  4.56  77 1021.2  25.5  25.7  20.9 99.0 99.00
2016 05 30 16 50 102  8.0  9.1  1.32  5.26  4.55  79 1021.0  25.6  25.8  21.1 99.0 99.00
2016 05 30 17 50  97  7.9  9.3  1.39  5.26  4.68  73 1020.4  25.5  25.8  21.5 99.0 99.00
2016 05 30 18 50 105  7.1  8.5  1.31  5.56  4.58  66 1020.2  25.7  25.9  21.1 99.0 99.00
2016 05 30 19 50 105  7.0  8.1  1.28  5.56  4.60  74 1019.7  25.8  25.9  20.7 99.0 99.00
2016 05 30 20 50 107  7.6  8.8  1.23  5.26  4.55  70 1019.3  25.8  25.9  21.0 99.0 99.00
2016 05 30 22 50 106  7.2  8.2  1.22  5.88  4.65 102 1020.4  25.7  25.9  21.7 99.0 99.00
2016 05 30 23 50 106  7.9  9.0  1.10  5.00  4.60 109 1020.6  25.7  25.9  21.7 99.0 99.00
2016 05 31 00 50 117  7.0  8.2  1.15  6.67  4.56 129 1021.4  25.8  25.9  21.6 99.0 99.00
2016 05 31 01 50 107  6.9  8.4  1.23  5.00  4.67  80 1021.7  25.7  25.9  21.5 99.0 99.00
2016 05 31 02 50 112  6.8  8.4  1.17  5.56  4.74 104 1021.8  25.6  25.8  22.1 99.0 99.00
2016 05 31 03 50 119  6.5  7.7  1.24  5.26  4.85  99 1021.4  25.6  25.8  21.3 99.0 99.00
2016 05 31 04 50 122  6.5  7.8  1.21  5.26  4.71  91 1020.8  25.6  25.8  21.2 99.0 99.00
2016 05 31 05 50 115  6.7  7.7  1.20  6.25  4.67 140 1020.1  25.4  25.8  21.1 99.0 99.00
2016 05 31 06 50 117  6.4  7.4  1.26  6.67  4.92 129 1020.0  25.3  25.8  21.2 99.0 99.00
2016 05 31 07 50 114  6.2  7.5  1.18  5.00  4.78  95 1019.8  25.3  25.8  21.5 99.0 99.00
2016 05 31 08 50 112  6.1  7.0  1.18  5.26  4.77 112 1019.7  25.3  25.8  21.2 99.0 99.00
2016 05 31 09 50 109  6.3  7.3  1.08  5.26  4.81 100 1020.1  25.3  25.8  21.4 99.0 99.00
2016 05 31 10 50 106  6.5  7.5  1.07  6.67  4.81 131 1020.5  25.5  25.8  21.6 99.0 99.00
2016 05 31 11 50 100  6.7  7.7  1.10  5.00  4.62  97 1020.8  25.6  25.8  21.9 99.0 99.00
2016 05 31 12 50 114  6.1  7.3  1.11  4.55  4.52  94 1021.2  25.7  25.8  21.4 99.0 99.00
2016 05 31 13 50 112  6.7  7.7  1.09  7.69  4.63 129 1021.2  25.6  25.9  21.2 99.0 99.00
2016 05 31 14 50 121  6.1  7.2  1.12  6.67  4.85 124 1021.6  25.7  25.9  21.1 99.0 99.00
2016 05 31 15 50 120  6.6  7.5  1.13  7.14  4.61 135 1021.0  25.7  26.0  21.2 99.0 99.00
2016 05 31 16 50 126  6.7  7.8  1.10  7.69  4.67 142 1020.9  25.8  26.1  21.2 99.0 99.00
2016 05 31 17 50 128  6.0  7.3  1.06  7.69  4.55 132 1020.7  25.8  26.1  20.8 99.0 99.00
2016 05 31 18 50 122  6.2  7.2  1.08  6.67  4.55 125 1020.1  25.8  26.2  20.8 99.0 99.00
2016 05 31 19 50 120  6.0  6.9  1.05  7.14  4.73 136 1019.7  25.8  26.2  20.8 99.0 99.00
2016 05 31 20 50 118  6.0  6.7  1.05  6.67  4.57 132 1019.7  25.9  26.1  21.1 99.0 99.00
2016 05 31 21 50 112  6.2  7.6  1.06  6.67  4.71 146 1020.0  25.9  26.2  21.0 99.0 99.00
2016 05 31 22 50 110  6.1  7.1  0.99  6.25  4.71 136 1020.5  25.8  26.1  21.1 99.0 99.00
