#YY  MM DD hh mm WDIR WSPD GST  WVHT   DPD   APD MWD   PRES  ATMP  WTMP  DEWP  VIS  TIDE
#yr  mo dy hr mn degT m/s  m/s     m   sec   sec deg    hPa  degC  degC  degC  nmi    ft
2016 01 31 23 50  89  7.6  9.2  1.52  6.25  4.82 110 1015.2  26.8  27.2  20.7 99.0 99.00
2016 02 01 00 50  80  8.0  9.6  1.53  6.67  5.07 123 1015.6  26.7  27.2  21.5 99.0 99.00
2016 02 01 01 50  84  8.2  9.5  1.46  5.88  4.94  97 1015.9  26.6  27.2  21.4 99.0 99.00
2016 02 01 02 50  84  8.7 10.6  1.48  6.67  4.82 113 1016.0  26.8  27.2  21.2 99.0 99.00
2016 02 01 03 50  83  7.5  8.9  1.49  6.67  4.87 120 1015.8  26.5  27.2  21.2 99.0 99.00
2016 02 01 04 50  84  7.2  8.4  1.46  5.88  4.98 108 1015.4  26.6  27.2  21.6 99.0 99.00
2016 02 01 05 50  85  7.2  8.1  1.41  6.25  4.96 102 1014.9  26.5  27.2  20.9 99.0 99.00
2016 02 01 06 50  87  6.6  8.1  1.43  6.67  5.04 120 1014.4  26.3  27.2  21.1 99.0 99.00
2016 02 01 07 50  88  6.4  7.7  1.43  6.67  5.17 112 1013.9  26.4  27.2  21.2 99.0 99.00
2016 02 01 08 50  94  6.9  8.1  1.32  6.25  4.95 109 1013.8  26.4  27.2  21.3 99.0 99.00
2016 02 01 09 50 108  6.9  8.1  1.32  6.67  5.02 113 1014.1  26.4  27.2  21.4 99.0 99.00
2016 02 01 10 50 111  6.8  8.3  1.33  6.25  4.95 112 1014.8  26.4  27.2  21.3 99.0 99.00
2016 02 01 11 50 115  6.1  7.2  1.33  6.25  4.99 104 1015.7  26.5  27.2  21.4 99.0 99.00
2016 02 01 12 50 102  7.6  8.7  1.40  5.88  5.14 114 1016.3  26.7  27.2  21.1 99.0 99.00
2016 02 01 13 50 103  7.3  8.4  1.38  5.88  4.95 110 1017.0  26.7  27.2  21.6 99.0 99.00
2016 02 01 14 50 100  7.8  9.6  1.38  6.25  4.94 103 1016.9  26.7  27.2  21.7 99.0 99.00
2016 02 01 15 50 101  8.6 10.1  1.41  6.25  5.04  98 1016.1  26.7  27.2  21.8 99.0 99.00
2016 02 01 16 50 101  6.8  8.1  1.40  6.25  4.98 107 1015.2  26.8  27.3  21.7 99.0 99.00
2016 02 01 17 50 112  7.3  8.7  1.38  5.88  4.92  98 1014.2  27.0  27.3  21.7 99.0 99.00
2016 02 01 18 50 112  8.0  9.3  1.41  6.25  5.05 111 1013.5  26.8  27.3  21.3 99.0 99.00
2016 02 01 19 50 102  6.9  8.0  1.48  5.88  5.42  95 1013.2  26.8  27.3  22.0 99.0 99.00
2016 02 01 20 50 112  7.3  8.4  1.42  6.67  5.15 105 1013.2  26.9  27.3  21.8 99.0 99.00
2016 02 01 21 50 104  8.8 10.1  1.57 10.00  5.47  32 1013.3  26.8  27.3  20.2 99.0 99.00
2016 02 01 22 50 111  6.0  7.4  1.48  6.25  5.32 103 1013.8  26.4  27.3  22.4 99.0 99.00
2016 02 01 23 50 110  6.1  7.3  1.52  5.88  5.35 102 1014.1  26.5  27.2  22.6 99.0 99.00
2016 02 02 00 50 116  7.2  8.4  1.46 12.12  5.52  19 1014.5  26.7  27.2  22.3 99.0 99.00
2016 02 02 01 50 102  7.3  8.5  1.43 11.43  5.47  17 1015.1  26.8  27.2  21.9 99.0 99.00
2016 02 02 02 50 115  7.0  8.1  1.51 10.81  5.50  22 1015.2  26.8  27.2  21.9 99.0 99.00
2016 02 02 03 50 108  6.8  8.1  1.55  6.25  5.48 109 1015.0  26.8  27.2  22.1 99.0 99.00
2016 02 02 04 50  97  7.8  9.4  1.67  6.25  5.67 111 1014.6  26.6  27.2  22.1 99.0 99.00
2016 02 02 05 50  91  7.5  8.8  1.51 10.81  5.55  26 1013.9  26.5  27.2  21.8 99.0 99.00
2016 02 02 06 50  91  7.5  9.2  1.65  7.14  5.47  94 1013.0  26.5  27.2  21.9 99.0 99.00
2016 02 02 07 50  96  7.9  9.5  1.64  6.67  5.33 100 1012.5  26.4  27.2  21.7 99.0 99.00
2016 02 02 08 50  92  7.4  8.8  1.60  6.67  5.43  98 1012.7  26.3  27.2  21.5 99.0 99.00
2016 02 02 09 50  86  7.4  9.1  1.54  6.67  5.36  99 1013.4  26.4  27.2  21.3 99.0 99.00
2016 02 02 10 50  91  7.7  9.4  1.59  6.67  5.53  96 1013.9  26.4  27.2  21.1 99.0 99.00
2016 02 02 11 50  90  7.3  8.3  1.51  6.67  5.42 111 1014.6  26.4  27.2  21.4 99.0 99.00
2016 02 02 12 50 104  7.8  9.4  1.57  6.67  5.33 112 1015.3  26.5  27.2  21.3 99.0 99.00
2016 02 02 13 50  94  7.1  8.4  1.51  6.67  5.34 108 1016.1  26.7  27.2  21.5 99.0 99.00
2016 02 02 14 50  79  6.5  7.6  1.60  6.25  5.29 104 1016.3  26.6  27.2  21.9 99.0 99.00
2016 02 02 15 50  79  6.8  8.1  1.51  6.25  5.41 103 1015.9  26.7  27.3  21.6 99.0 99.00
2016 02 02 16 50  93  6.5  8.0  1.42  5.56  5.22 111 1015.0  26.7  27.3  21.5 99.0 99.00
2016 02 02 17 50  90  6.1  7.3  1.48  6.67  5.47 103 1014.1  26.7  27.4  21.6 99.0 99.00
2016 02 02 18 50  78  5.8  7.1  1.45  6.25  5.48 117 1013.5  26.8  27.4  21.9 99.0 99.00
2016 02 02 19 50  72  5.6  7.1  1.37  6.25  5.43 110 1013.2  26.8  27.4  22.1 99.0 99.00
2016 02 02 20 50  65  6.0  7.3  1.44  9.09  5.44  85 1013.3  26.8  27.4  22.2 99.0 99.00
2016 02 02 21 50  68  6.2  7.1  1.25 10.00  5.23  30 1013.6  26.8  27.4  22.3 99.0 99.00
2016 02 02 22 50  63  6.6  7.7  1.31 10.00  5.42  55 1013.8  26.7  27.3  22.5 99.0 99.00
2016 02 02 23 50  63  7.3  8.4  1.33  9.09  5.31  66 1014.2  26.7  27.3  22.5 99.0 99.00
2016 02 03 00 50  65  7.3  8.3  1.32 10.00  5.02  46 1015.0  26.4  27.3  22.8 99.0 99.00
2016 02 03 01 50  75  8.4  9.9  1.34  5.56  4.99 109 1015.3  26.5  27.2  22.3 99.0 99.00
2016 02 03 02 50  79  7.8  8.9  1.33 10.00  4.95  60 1015.4  26.5  27.2  21.9 99.0 99.00
2016 02 03 03 50  98  7.6  8.8  1.32 10.00  4.87  42 1014.8  26.6  27.2  21.3 99.0 99.00
2016 02 03 04 50  71  6.8  8.1  1.36  9.09  5.00  92 1014.7  26.7  27.2  21.3 99.0 99.00
2016 02 03 05 50  88  7.5  8.8  1.36 10.00  5.13  63 1014.1  26.5  27.2  21.5 99.0 99.00
2016 02 03 06 50  78  6.9  8.4  1.27 10.00  5.30  96 1013.6  26.3  27.2  21.7 99.0 99.00
2016 02 03 07 50  61  6.8  8.1  1.33 10.00  5.21  34 1013.0  26.3  27.2  22.3 99.0 99.00
2016 02 03 08 50  63  6.9  8.2  1.21  9.09  5.04  76 1013.3  26.4  27.2  22.0 99.0 99.00
2016 02 03 09 50  78  7.6  9.4  1.29 10.00  5.14  59 1013.6  26.5  27.2  21.6 99.0 99.00
2016 02 03 10 50  71  7.7  9.1  1.22  9.09  4.92  71 1014.0  26.3  27.2  22.0 99.0 99.00
2016 02 03 11 50  67  7.7  8.6  1.29  5.88  5.01 112 1014.7  26.5  27.2  21.6 99.0 99.00
2016 02 03 12 50  64  6.9  8.2  1.35  5.00  4.90 101 1015.3  26.6  27.2  22.3 99.0 99.00
2016 02 03 13 50  72  8.0  8.9  1.43  9.09  5.15  79 1015.9  26.7  27.2  21.5 99.0 99.00
2016 02 03 14 50  62  7.3  8.6  1.33  9.09  5.02  65 1016.1  26.6  27.3  21.8 99.0 99.00
2016 02 03 15 50  71  6.7  8.1  1.39  5.88  5.01 115 1015.3  26.6  27.3  21.5 99.0 99.00
2016 02 03 16 50  65  6.4  7.6  1.31  5.56  4.97 106 1014.7  26.6  27.3  21.7 99.0 99.00
2016 02 03 17 50  72  6.0  7.1  1.38  5.56  5.09 113 1013.7  26.6  27.4  21.5 99.0 99.00
2016 02 03 18 50  63  6.4  7.7  1.30  9.09  5.01  76 1012.9  26.5  27.4  21.2 99.0 99.00
2016 02 03 19 50  67  6.2  7.6  1.18  9.09  4.81  88 1012.6  26.6  27.4  21.3 99.0 99.00
2016 02 03 20 50  57  6.8  7.9  1.12  8.33  4.85  87 1012.7  26.7  27.4  21.0 99.0 99.00
2016 02 03 21 50  49  7.6  8.8  1.13  9.09  4.86  75 1012.8  26.6  27.3  21.3 99.0 99.00
2016 02 03 22 50  55  7.5  9.1  1.18  9.09  4.89  57 1013.1  26.5  27.3  21.3 99.0 99.00
2016 02 03 23 50  46  7.6  9.0  1.17  5.56  4.66 106 1013.7  26.4  27.3  21.4 99.0 99.00
2016 02 04 00 50  55  7.2  8.5  1.17  4.55  4.62  75 1014.2  26.4  27.3  21.4 99.0 99.00
2016 02 04 01 50  55  6.2  7.6  1.22  5.88  4.80 110 1014.6  26.3  27.2  21.5 99.0 99.00
2016 02 04 02 50  53  6.6  8.2  1.13  4.55  4.87  88 1014.8  26.3  27.2  21.5 99.0 99.00
2016 02 04 03 50  56  6.2  7.4  1.10  4.76  4.66  87 1014.7  26.2  27.2  21.5 99.0 99.00
2016 02 04 04 50  55  6.2  7.3  1.10 10.00  4.79  67 1014.2  26.1  27.2  20.9 99.0 99.00
2016 02 04 05 50  56  6.6  8.0  1.15 10.00  4.80  71 1013.5  26.1  27.2  21.0 99.0 99.00
2016 02 04 06 50  56  6.6  7.6  1.14 10.00  4.75  61 1012.7  26.1  27.2  21.4 99.0 99.00
2016 02 04 07 50  57  7.4  8.8  1.09  5.56  4.83 108 1012.1  26.2  27.2  21.3 99.0 99.00
2016 02 04 08 50  58  7.6  8.9  1.13  5.00  4.63  67 1012.2  26.2  27.2  21.6 99.0 99.00
2016 02 04 09 50  48  7.8  9.4  1.15 10.00  4.55  90 1012.6  26.3  27.2  21.0 99.0 99.00
2016 02 04 10 50  49  7.5  8.6  1.20  5.00  4.67  82 1013.3  26.2  27.2  20.9 99.0 99.00
2016 02 04 11 50  49  6.5  7.8  1.26  5.56  4.83  83 1014.0  26.5  27.2  20.9 99.0 99.00
2016 02 04 12 50  45  6.9  7.9  1.29  5.00  4.72  61 1014.7  26.5  27.2  20.8 99.0 99.00
2016 02 04 13 50  32  7.3  8.5  1.25  5.00  4.87  66 1015.3  25.9  27.2  21.5 99.0 99.00
2016 02 04 14 50  44  8.8 10.0  1.36  5.26  4.80  64 1015.2  26.2  27.2  21.4 99.0 99.00
2016 02 04 15 50  43  8.2  9.8  1.42  5.26  4.80  53 1014.8  26.3  27.2  20.8 99.0 99.00
2016 02 04 16 50  43  7.8  9.4  1.37  5.88  4.85  47 1014.1  26.3  27.3  20.8 99.0 99.00
2016 02 04 17 50  57  6.6  8.0  1.43  5.88  4.77  40 1013.2  26.6  27.3  18.9 99.0 99.00
2016 02 04 18 50  63  6.3  7.2  1.41  6.25  4.91  32 1012.4  26.6  27.3  19.2 99.0 99.00
2016 02 04 19 50  55  5.8  7.1  1.38  6.25  5.08  45 1012.0  26.5  27.3  19.8 99.0 99.00
2016 02 04 20 50  50  6.2  7.2  1.41  6.25  5.32  28 1011.9  26.5  27.3  20.0 99.0 99.00
2016 02 04 21 50  37  6.3  7.5  1.37  5.88  5.29  44 1011.9  26.4  27.3  20.6 99.0 99.00
2016 02 04 22 50  37  7.2  8.5  1.36  5.88  5.09  38 1012.3  26.3  27.3  20.4 99.0 99.00
2016 02 04 23 50  46  7.1  8.5  1.38  6.67  5.21  28 1012.8  26.2  27.2  20.3 99.0 99.00
2016 02 05 00 50  48  6.4  7.6  1.28  6.67  5.11  35 1013.4  26.1  27.2  20.3 99.0 99.00
2016 02 05 01 50  50  5.8  7.0  1.28  7.14  5.09  23 1013.9  26.1  27.2  20.2 99.0 99.00
2016 02 05 02 50  55  6.1  7.6  1.27  7.14  5.23  26 1014.0  26.2  27.2  19.3 99.0 99.00
2016 02 05 03 50  47  5.7  6.7  1.16  5.88  5.02  50 1013.8  26.1  27.2  18.3 99.0 99.00
2016 02 05 04 50  61  5.7  7.3  1.23  5.88  5.04  44 1013.6  25.9  27.2  18.6 99.0 99.00
2016 02 05 05 50  48  4.8  6.0  1.20  5.56  5.22  50 1013.1  25.7  27.2  19.4 99.0 99.00
2016 02 05 06 50  70  4.5  5.5  1.21  9.09  5.28  40 1012.8  25.7  27.2  18.9 99.0 99.00
2016 02 05 07 50  54  3.9  5.1  1.07  7.69  5.24  43 1012.5  25.7  27.2  18.9 99.0 99.00
2016 02 05 08 50  67  3.9  5.1  1.13  5.88  5.35  52 1012.8  25.7  27.2  19.1 99.0 99.00
2016 02 05 09 50  68  3.9  4.7  1.06  7.69  5.31  15 1013.4  25.7  27.2  18.7 99.0 99.00
2016 02 05 10 50  79  4.1  5.2  1.02  8.33  5.34  46 1014.1  25.7  27.2  18.8 99.0 99.00
2016 02 05 11 50  83  3.6  4.9  1.03  7.69  5.47  33 1015.1  26.0  27.2  18.6 99.0 99.00
2016 02 05 12 50  97  3.0  3.8  1.08  7.69  5.57  21 1016.1  26.3  27.2  18.7 99.0 99.00
2016 02 05 13 50  97  2.9  3.7  0.99  7.69  5.52  12 1016.8  26.2  27.2  18.9 99.0 99.00
2016 02 05 14 50 103  2.8  3.6  0.96  7.69  5.44  23 1017.1  26.1  27.3  18.9 99.0 99.00
2016 02 05 16 50 129  3.5  4.1  0.97  8.33  5.76  42 1015.8  26.2  27.6  19.3 99.0 99.00
2016 02 05 17 50 110  2.8  4.1  0.87  9.09  5.54  76 1014.8  26.2  27.6  19.5 99.0 99.00
2016 02 05 18 50 133  3.2  4.2  0.91  7.69  5.55  36 1014.0  26.2  27.7  19.3 99.0 99.00
2016 02 05 19 50 122  3.4  4.1  0.91  7.69  5.68  26 1013.6  26.1  27.7  19.1 99.0 99.00
2016 02 05 20 50 127  2.9  3.7  0.87  8.33  5.48  48 1013.7  26.2  27.7  18.4 99.0 99.00
2016 02 05 21 50 107  2.9  3.9  0.86  9.09  5.75  65 1014.2  26.3  27.6  18.5 99.0 99.00
2016 02 05 22 50  84  3.1  4.0  0.83 10.00  5.66  85 1014.8  26.1  27.5  19.3 99.0 99.00
2016 02 05 23 50  92  3.0  4.3  0.82  8.33  5.66  46 1015.3  26.1  27.4  18.6 99.0 99.00
2016 02 06 00 50  71  4.1  5.1  0.89  9.09  5.97  82 1016.0  26.1  27.3  19.4 99.0 99.00
2016 02 06 01 50  84  4.4  5.4  0.87  9.09  6.06  50 1016.5  26.1  27.3  19.6 99.0 99.00
2016 02 06 02 50  92  5.2  6.0  0.87  9.09  5.90  42 1016.6  26.1  27.3  20.1 99.0 99.00
2016 02 06 03 50  91  6.1  7.3  0.87  9.09  5.43  59 1016.2  26.0  27.2  19.8 99.0 99.00
2016 02 06 04 50  94  6.6  8.0  0.85 10.00  5.22  76 1015.8  26.0  27.2  20.4 99.0 99.00
2016 02 06 05 50  90  7.0  8.2  0.94  8.33  5.02  54 1015.3  26.0  27.2  20.4 99.0 99.00
2016 02 06 06 50  84  6.9  8.0  0.95  9.09  4.82  53 1014.7  26.0  27.2  20.3 99.0 99.00
2016 02 06 07 50  98  6.7  7.5  0.99 10.00  4.89  68 1014.7  26.1  27.2  20.3 99.0 99.00
2016 02 06 08 50  96  5.6  6.6  0.94  8.33  4.68  59 1014.7  26.1  27.2  20.7 99.0 99.00
2016 02 06 09 50 102  5.7  6.8  0.95 10.00  4.79  31 1015.2  26.2  27.2  21.1 99.0 99.00
2016 02 06 10 50 100  6.3  7.4  0.98  9.09  4.76  46 1015.7  26.2  27.2  21.4 99.0 99.00
2016 02 06 11 50 103  6.5  8.0  0.92  9.09  4.83  42 1016.3  26.4  27.2  21.7 99.0 99.00
2016 02 06 12 50 111  6.0  7.2  0.91 10.00  4.90  50 1017.1  26.7  27.2  22.1 99.0 99.00
2016 02 06 13 50 105  6.4  7.5  0.95  8.33  4.72  87 1017.6  26.7  27.2  22.4 99.0 99.00
2016 02 06 14 50 108  5.9  7.2  0.93 10.00  4.54  88 1017.8  26.9  27.2  23.0 99.0 99.00
2016 02 06 15 50 119  6.4  7.6  0.91  9.09  4.72  64 1017.3  27.0  27.3  23.2 99.0 99.00
2016 02 06 16 50 124  5.9  6.8  0.92  4.55  4.47 127 1016.4  27.0  27.3  23.2 99.0 99.00
2016 02 06 17 50 125  6.6  8.0  0.94 10.00  4.57  58 1015.4  27.2  27.4  23.3 99.0 99.00
2016 02 06 18 50 126  7.8  9.2  1.01  4.55  4.53 128 1014.3  27.2  27.4  23.4 99.0 99.00
2016 02 06 19 50 122  7.3  8.9  1.05  4.55  4.54 135 1013.9  27.1  27.4  23.3 99.0 99.00
2016 02 06 20 50 119  7.7  9.3  1.18  5.00  4.51 134 1013.8  27.1  27.4  23.3 99.0 99.00
2016 02 06 21 50 121  7.9  9.6  1.27  5.00  4.68 124 1014.2  27.2  27.3  23.4 99.0 99.00
2016 02 06 22 50 119  8.2  9.7  1.38  5.26  4.75 132 1014.3  27.2  27.3  23.5 99.0 99.00
2016 02 06 23 50 120  8.5 10.1  1.52  5.88  4.98 128 1014.9  27.2  27.3  23.5 99.0 99.00
2016 02 07 00 50 112  8.4  9.8  1.68  8.33  5.32 134 1015.6  27.1  27.3  23.6 99.0 99.00
2016 02 07 01 50 114  9.8 11.5  1.80  7.69  5.48 132 1016.1  27.0  27.2  23.6 99.0 99.00
2016 02 07 02 50 111  8.1  9.9  1.82  7.69  5.38 127 1016.4  27.0  27.2  23.6 99.0 99.00
2016 02 07 03 50 114  8.5 10.0  1.74  7.14  5.41 130 1016.1  27.0  27.2  23.2 99.0 99.00
2016 02 07 04 50 112  8.5 10.4  1.83  7.69  5.58 130 1015.9  27.1  27.2  23.2 99.0 99.00
2016 02 07 05 50 106  8.6 10.1  2.01  6.67  5.68 133 1015.1  27.0  27.2  23.1 99.0 99.00
2016 02 07 06 50 104  9.2 11.7  2.06  7.69  5.84 120 1014.2  26.9  27.2  23.0 99.0 99.00
2016 02 07 07 50  97  9.4 11.1  2.14  7.69  5.84 126 1013.6  26.9  27.2  23.0 99.0 99.00
2016 02 07 08 50 104  8.9 10.4  2.20  8.33  5.90 112 1013.6  26.8  27.2  23.1 99.0 99.00
2016 02 07 09 50 106  9.6 11.7  2.35  7.69  6.00 126 1013.8  26.9  27.2  22.9 99.0 99.00
2016 02 07 10 50 104  8.8 10.3  2.14  7.69  5.80 122 1014.4  26.9  27.2  23.1 99.0 99.00
2016 02 07 11 50 104  9.4 11.9  2.10  7.69  5.88 118 1014.8  26.9  27.2  23.3 99.0 99.00
2016 02 07 12 50 106 10.4 12.2  2.15  8.33  5.84 116 1015.3  27.0  27.2  23.2 99.0 99.00
2016 02 07 13 50 110  9.7 11.9  2.21  7.69  5.72 121 1015.8  27.1  27.2  23.5 99.0 99.00
2016 02 07 14 50 113 11.2 13.0  2.24  7.69  5.79 114 1015.6  27.2  27.2  22.7 99.0 99.00
2016 02 07 15 50 118 10.2 12.5  2.38  7.69  5.85 125 1015.5  27.3  27.2  22.8 99.0 99.00
2016 02 07 16 50 117  9.5 11.5  2.37  7.69  5.90 111 1015.1  27.3  27.2  22.7 99.0 99.00
2016 02 07 17 50 116  9.5 11.7  2.53  7.69  5.96 124 1014.1  27.3  27.3  22.6 99.0 99.00
2016 02 07 18 50 118 10.2 11.9  2.35  7.69  5.86 127 1013.2  27.2  27.3  22.4 99.0 99.00
2016 02 07 19 50 112  9.5 11.4  2.44  7.14  6.03 121 1013.0  27.1  27.3  22.8 99.0 99.00
2016 02 07 20 50 111  9.3 11.4  2.40  7.14  6.07 124 1013.0  27.2  27.3  22.5 99.0 99.00
2016 02 07 21 50 101  8.4 10.0  2.33  7.69  5.96 114 1013.7  27.2  27.3  22.6 99.0 99.00
2016 02 07 22 50 107  8.9 10.7  2.13  7.69  5.71 113 1013.8  27.0  27.2  23.1 99.0 99.00
2016 02 07 23 50 106  8.2  9.7  2.10  7.14  5.64 125 1014.6  27.1  27.2  23.0 99.0 99.00
2016 02 08 00 50 101  9.1 10.9  2.20  7.69  5.83 119 1015.2  27.1  27.2  22.7 99.0 99.00
2016 02 08 01 50  98  8.8 10.9  2.03  7.69  5.87 113 1015.6  27.0  27.2  23.1 99.0 99.00
2016 02 08 02 50 107  8.5 10.4  2.01  8.33  5.85 111 1015.7  27.0  27.2  23.0 99.0 99.00
2016 02 08 03 50  97  8.7 10.4  1.95  7.69  5.61 116 1015.8  26.8  27.2  23.3 99.0 99.00
2016 02 08 04 50 103  9.6 11.6  2.06  8.33  5.84 105 1015.4  26.9  27.2  22.9 99.0 99.00
2016 02 08 05 50 103  9.5 11.2  2.08  7.69  5.68 114 1014.4  26.8  27.2  22.9 99.0 99.00
2016 02 08 06 50 103  7.7  9.3  2.09  8.33  5.77 105 1014.1  26.8  27.2  23.2 99.0 99.00
2016 02 08 07 50 100  8.8 10.7  1.94  7.69  5.58 122 1013.6  26.8  27.2  23.0 99.0 99.00
2016 02 08 08 50  98  8.9 10.6  1.99  7.69  5.67 116 1013.8  26.8  27.2  22.9 99.0 99.00
2016 02 08 09 50  91  8.8 10.4  1.87  7.69  5.61 111 1014.2  26.7  27.2  23.2 99.0 99.00
2016 02 08 10 50 101  9.0 10.7  1.88  7.69  5.47 116 1014.7  26.9  27.2  22.9 99.0 99.00
2016 02 08 11 50 102 10.0 11.9  2.00  7.14  5.55 118 1015.1  26.9  27.2  22.9 99.0 99.00
2016 02 08 12 50 105  9.6 11.4  2.01  7.14  5.60 110 1015.8  27.1  27.2  23.0 99.0 99.00
2016 02 08 13 50 104  9.3 10.8  1.96  7.14  5.59 117 1016.5  27.1  27.2  22.9 99.0 99.00
2016 02 08 14 50 105  9.5 11.4  1.88  7.14  5.46 118 1016.6  27.2  27.2  22.9 99.0 99.00
2016 02 08 15 50 110  9.0 10.7  2.03  7.14  5.64 122 1016.1  27.1  27.2  22.8 99.0 99.00
2016 02 08 16 50 103  8.1 10.0  1.87  7.14  5.45 112 1015.4  27.1  27.2  23.1 99.0 99.00
2016 02 08 17 50 102  8.2  9.5  2.00  7.69  5.60 122 1014.4  27.0  27.3  22.9 99.0 99.00
2016 02 08 18 50 105  8.5 10.0  1.92  7.14  5.44 124 1013.3  27.0  27.3  22.9 99.0 99.00
2016 02 08 19 50 108  8.7 10.6  1.95  7.14  5.57 118 1012.7  27.1  27.3  22.7 99.0 99.00
2016 02 08 20 50 101  7.6  9.4  1.82  6.67  5.40 121 1012.9  26.9  27.3  23.1 99.0 99.00
2016 02 08 21 50  95  7.7  9.7  1.74  6.25  5.41 123 1013.4  27.0  27.3  23.2 99.0 99.00
2016 02 08 22 50  94  8.0  9.6  1.74  7.14  5.37 125 1013.7  26.9  27.3  23.0 99.0 99.00
2016 02 08 23 50  89  8.0  9.4  1.80  6.67  5.48 120 1014.1  26.9  27.2  23.0 99.0 99.00
2016 02 09 00 50 101  9.5 11.4  1.64  6.67  5.24 114 1014.4  26.9  27.2  22.7 99.0 99.00
2016 02 09 01 50 107 10.2 11.8  1.70  7.14  5.36 116 1014.3  26.9  27.2  22.9 99.0 99.00
2016 02 09 02 50 102  9.6 11.0  1.97  6.67  5.44 121 1014.9  26.9  27.2  22.9 99.0 99.00
2016 02 09 03 50  97  8.8 10.8  1.78  6.67  5.33 115 1015.1  27.0  27.2  23.1 99.0 99.00
2016 02 09 04 50 102  9.7 12.2  1.84  7.14  5.48 116 1014.9  27.0  27.2  22.9 99.0 99.00
2016 02 09 05 50 100  9.4 11.2  1.88  7.14  5.51 121 1014.6  27.0  27.2  22.6 99.0 99.00
2016 02 09 06 50  97  8.4 10.3  1.93  7.14  5.59 125 1014.2  26.8  27.2  23.0 99.0 99.00
2016 02 09 07 50  89  8.9 10.8  2.02  7.14  5.63 112 1014.0  26.8  27.2  22.7 99.0 99.00
2016 02 09 08 50  89  9.5 10.8  2.05  7.14  5.83 121 1014.2  26.8  27.2  22.8 99.0 99.00
2016 02 09 09 50  93  8.0  9.8  2.00  6.67  5.65 116 1014.7  26.8  27.2  23.3 99.0 99.00
2016 02 09 10 50  97  8.6 10.2  1.94  6.67  5.58 115 1015.2  26.8  27.2  22.8 99.0 99.00
2016 02 09 11 50  95  8.7  9.9  1.82  7.14  5.44 124 1015.9  27.0  27.2  23.1 99.0 99.00
2016 02 09 12 50 103  8.7 10.1  1.84  7.14  5.38 125 1016.7  27.1  27.2  23.3 99.0 99.00
2016 02 09 13 50 107 10.3 12.0  1.97  6.67  5.45 130 1017.3  27.2  27.2  23.0 99.0 99.00
2016 02 09 14 50 101  9.8 11.2  1.86  7.14  5.57 135 1017.6  27.1  27.2  23.2 99.0 99.00
2016 02 09 15 50 108  8.3 10.0  1.86  7.69  5.53 120 1017.3  27.1  27.2  23.2 99.0 99.00
2016 02 09 16 50 102  8.4 10.1  1.90  7.14  5.60 131 1016.7  27.0  27.3  23.2 99.0 99.00
2016 02 09 17 50  95  8.1  9.4  1.91  6.67  5.58 113 1016.0  27.1  27.3  23.4 99.0 99.00
2016 02 09 18 50  95  8.3 10.4  2.01  6.67  5.63 122 1015.3  27.1  27.3  23.7 99.0 99.00
2016 02 09 19 50  93  8.7 10.7  1.94  6.67  5.62 122 1014.8  27.1  27.3  23.4 99.0 99.00
2016 02 09 20 50  90  8.9 10.9  1.98  7.14  5.56 119 1014.7  27.1  27.3  23.5 99.0 99.00
2016 02 09 21 50  96  9.2 11.4  2.03  6.67  5.57 123 1015.2  27.0  27.3  23.6 99.0 99.00
2016 02 09 22 50  98  9.3 11.6  1.90  7.14  5.51 130 1015.4  26.9  27.3  23.3 99.0 99.00
2016 02 09 23 50 100  8.8 10.6  2.00  7.14  5.64 124 1015.7  27.0  27.3  23.3 99.0 99.00
2016 02 10 00 50  96  9.4 10.8  1.94  6.67  5.54 123 1016.2  26.9  27.2  23.1 99.0 99.00
2016 02 10 01 50  99  9.2 11.1  1.89  6.25  5.47 117 1016.9  27.0  27.2  22.6 99.0 99.00
2016 02 10 02 50 103  9.4 11.3  1.77  7.14  5.45 120 1017.1  26.9  27.2  22.4 99.0 99.00
2016 02 10 03 50  98  9.1 11.3  1.89  7.14  5.59 118 1016.8  26.9  27.2  22.4 99.0 99.00
2016 02 10 04 50  99  8.6 10.2  1.87  6.67  5.77 116 1016.7  26.9  27.2  22.7 99.0 99.00
2016 02 10 05 50  96  8.9 10.3  1.85  6.67  5.60 112 1016.3  26.8  27.2  22.5 99.0 99.00
2016 02 10 06 50  98  9.1 10.4  1.81  7.69  5.59 116 1015.6  26.7  27.2  22.7 99.0 99.00
2016 02 10 07 50 100  9.3 10.9  1.99  7.14  5.68 118 1015.0  26.7  27.2  22.7 99.0 99.00
2016 02 10 08 50 106  8.4 10.0  1.88  6.67  5.66 120 1015.2  26.7  27.2  23.2 99.0 99.00
2016 02 10 09 50 103  8.6 10.3  2.02  6.67  5.78 109 1015.5  26.6  27.2  23.2 99.0 99.00
2016 02 10 10 50 102  7.9  9.7  1.77  6.67  5.60 114 1016.3  26.7  27.2  23.4 99.0 99.00
2016 02 10 11 50 103  9.1 11.4  1.82  6.67  5.59 118 1017.0  26.9  27.2  23.3 99.0 99.00
2016 02 10 12 50 110  9.8 12.1  1.87  6.25  5.55 112 1017.6  27.1  27.2  22.9 99.0 99.00
2016 02 10 13 50 109  9.4 11.3  1.87  7.14  5.45 122 1018.2  27.2  27.2  23.0 99.0 99.00
2016 02 10 14 50 107  8.4 10.3  1.79  7.14  5.44 128 1018.5  27.1  27.2  23.3 99.0 99.00
2016 02 10 15 50 106  8.1  9.9  1.83  7.14  5.55 124 1018.1  27.2  27.2  23.3 99.0 99.00
2016 02 10 16 50 105  8.1  9.3  1.83  6.25  5.61 120 1017.3  27.0  27.3  23.1 99.0 99.00
2016 02 10 17 50 107  8.3  9.8  1.80  6.25  5.55 114 1016.3  27.0  27.3  23.0 99.0 99.00
2016 02 10 18 50 110  7.9  9.7  1.80  6.67  5.51 110 1015.6  27.0  27.3  23.2 99.0 99.00
2016 02 10 19 50 112  7.8  9.0  1.75  6.67  5.42 119 1015.4  27.0  27.3  23.0 99.0 99.00
2016 02 10 20 50  99  6.7  8.0  1.84  6.67  5.61 122 1015.6  27.0  27.3  23.6 99.0 99.00
2016 02 10 21 50  99  6.9  8.3  1.68  6.67  5.40 121 1016.2  27.1  27.3  22.9 99.0 99.00
2016 02 10 22 50  99  6.5  7.7  1.70  6.25  5.59 110 1016.5  26.9  27.3  23.0 99.0 99.00
2016 02 10 23 50  95  7.0  8.1  1.66  6.25  5.60 120 1016.8  26.8  27.3  22.7 99.0 99.00
2016 02 11 00 50  85  6.2  7.3  1.70  6.67  5.82 120 1017.4  26.9  27.3  23.1 99.0 99.00
2016 02 11 01 50  79  5.3  6.4  1.79  6.25  5.86 117 1018.0  26.8  27.2  23.0 99.0 99.00
2016 02 11 02 50  82  6.8  7.9  1.66  7.69  5.88 108 1017.9  26.8  27.2  22.9 99.0 99.00
2016 02 11 03 50  80  7.2  8.6  1.72  6.67  5.83 109 1017.8  26.7  27.2  22.9 99.0 99.00
2016 02 11 04 50  80  8.2  9.4  1.79  6.67  5.92 115 1016.9  26.6  27.2  22.6 99.0 99.00
2016 02 11 05 50  79  7.9  9.6  1.79  6.67  5.81 118 1016.1  26.5  27.2  22.7 99.0 99.00
2016 02 11 06 50  88  7.8  9.6  1.71  6.25  5.73 115 1015.7  26.4  27.2  22.7 99.0 99.00
2016 02 11 07 50  85  7.9  9.3  1.68  6.25  5.48 117 1015.6  26.4  27.2  22.8 99.0 99.00
2016 02 11 08 50  89  8.3  9.4  1.67  6.67  5.50 103 1015.5  26.5  27.2  22.6 99.0 99.00
2016 02 11 09 50  88  7.3  8.8  1.76  6.25  5.80 107 1016.3  26.4  27.2  22.3 99.0 99.00
2016 02 11 10 50  84  7.6  9.0  1.77  6.67  5.69 100 1016.9  26.5  27.2  22.7 99.0 99.00
2016 02 11 11 50  86  7.8  9.4  1.72  6.67  5.72 110 1017.4  26.6  27.2  22.2 99.0 99.00
2016 02 11 12 50  96  8.0  9.2  1.84  6.25  5.77 114 1017.9  26.7  27.2  22.1 99.0 99.00
2016 02 11 13 50  91  7.8 10.1  1.67  6.67  5.60 117 1018.4  26.8  27.2  22.4 99.0 99.00
2016 02 11 14 50  80  7.3  8.8  1.65  8.33  5.40 104 1018.5  26.8  27.2  22.7 99.0 99.00
2016 02 11 15 50  79  7.5  9.0  1.54  5.88  5.40  97 1017.8  26.8  27.3  22.4 99.0 99.00
2016 02 11 16 50  78  7.0  8.3  1.67  5.88  5.59 110 1016.9  26.8  27.3  22.4 99.0 99.00
2016 02 11 17 50  86  7.0  8.0  1.67  6.25  5.80 103 1016.1  26.8  27.3  22.3 99.0 99.00
2016 02 11 18 50 100  7.5  8.7  1.57  6.25  5.67 105 1015.3  26.9  27.4  22.5 99.0 99.00
2016 02 11 19 50  94  6.9  8.2  1.71  6.67  5.62 120 1015.3  26.9  27.4  22.5 99.0 99.00
2016 02 11 20 50  81  7.4  9.0  1.70  6.67  5.60 111 1015.5  26.8  27.4  22.7 99.0 99.00
2016 02 11 21 50  89  7.7  9.1  1.76  7.14  5.66 107 1015.5  26.9  27.3  22.6 99.0 99.00
2016 02 11 22 50  86  7.9  9.1  1.78  6.25  5.56 120 1015.8  26.7  27.3  22.8 99.0 99.00
2016 02 11 23 50  83  8.1  9.3  1.73  6.25  5.48 120 1016.1  26.7  27.3  22.8 99.0 99.00
2016 02 12 00 50  77  7.8  9.3  1.72  6.25  5.56 114 1016.6  26.7  27.3  22.9 99.0 99.00
2016 02 12 01 50  72  7.4  9.0  1.78  6.67  5.71 114 1017.2  26.7  27.2  22.8 99.0 99.00
2016 02 12 02 50  79  7.9  9.5  1.71  7.14  5.53 108 1017.2  26.8  27.2  22.6 99.0 99.00
2016 02 12 03 50  76  8.0  9.3  1.64  7.14  5.51 110 1017.0  26.7  27.2  22.0 99.0 99.00
2016 02 12 04 50  73  8.6 10.1  1.62 10.00  5.42  88 1016.7  26.5  27.2  22.3 99.0 99.00
2016 02 12 05 50  73  9.1 10.8  1.61  6.67  5.52  98 1016.1  26.5  27.2  22.0 99.0 99.00
2016 02 12 06 50  74  8.5 10.0  1.65  6.67  5.46 112 1015.8  26.4  27.2  21.8 99.0 99.00
2016 02 12 07 50  64  9.1 10.3  1.71  6.25  5.37 111 1015.3  26.4  27.2  21.9 99.0 99.00
2016 02 12 08 50  71  8.2  9.9  1.67  6.67  5.41 106 1015.8  26.5  27.2  21.9 99.0 99.00
2016 02 12 09 50  78  8.2  9.6  1.74  6.67  5.34 117 1016.4  26.5  27.2  21.3 99.0 99.00
2016 02 12 10 50  79  8.2  9.7  1.64  6.25  5.37 114 1016.9  26.5  27.2  21.6 99.0 99.00
2016 02 12 11 50  78  8.0  9.2  1.66  6.25  5.37 114 1017.7  26.6  27.2  21.5 99.0 99.00
2016 02 12 12 50  81  7.9  9.7  1.65  6.67  5.44 116 1018.1  26.8  27.2  21.6 99.0 99.00
2016 02 12 13 50  83  8.0  9.2  1.59  5.88  5.21 112 1018.9  26.8  27.2  21.6 99.0 99.00
2016 02 12 14 50  81  7.6  8.9  1.65  6.25  5.34 119 1019.3  26.9  27.2  21.6 99.0 99.00
2016 02 12 15 50  71  7.8  9.2  1.62  7.14  5.31 127 1018.2  26.8  27.2  22.1 99.0 99.00
2016 02 12 16 50 108  8.7 10.8  1.52  7.14  5.24 105 1018.0  24.4  27.2  21.8 99.0 99.00
2016 02 12 17 50  75  7.7  9.1  1.56  9.09  5.47  94 1016.6  25.7  27.2  21.3 99.0 99.00
2016 02 12 18 50  68  6.7  8.2  1.66  9.09  5.81  86 1015.7  26.0  27.3  22.7 99.0 99.00
2016 02 12 19 50  77  7.7  9.2  1.58  6.25  5.48 114 1015.0  26.5  27.3  22.5 99.0 99.00
2016 02 12 20 50  76  8.4  9.4  1.63  6.25  5.47 123 1014.9  26.7  27.3  23.1 99.0 99.00
2016 02 12 21 50  89  9.4 11.3  1.64  6.25  5.45 116 1014.9  26.8  27.3  23.0 99.0 99.00
2016 02 12 22 50  87  9.5 11.8  1.64  6.67  5.34 116 1015.0  26.9  27.2  23.3 99.0 99.00
2016 02 12 23 50  96 10.0 11.9  1.71  5.88  5.36 108 1015.1  26.8  27.2  22.9 99.0 99.00
2016 02 13 00 50  94 10.3 12.6  1.86  6.25  5.39  99 1015.2  26.8  27.2  22.7 99.0 99.00
2016 02 13 01 50  97  9.9 11.9  1.82  6.25  5.26 108 1015.6  26.9  27.2  22.7 99.0 99.00
2016 02 13 02 50 102  9.2 12.1  1.91  6.67  5.49 105 1015.9  26.8  27.2  22.9 99.0 99.00
2016 02 13 03 50 102  8.9 10.6  1.87  6.25  5.39 109 1015.7  26.8  27.2  22.6 99.0 99.00
2016 02 13 04 50 104  9.2 11.1  1.95  6.67  5.51 107 1015.1  26.7  27.2  22.4 99.0 99.00
2016 02 13 05 50 103  9.2 11.2  1.95  6.67  5.51 102 1014.4  26.6  27.2  22.8 99.0 99.00
2016 02 13 06 50  98 10.7 12.7  2.04  6.25  5.58 103 1013.1  26.5  27.2  22.2 99.0 99.00
2016 02 13 07 50  97 11.2 13.1  1.87  6.25  5.28  98 1012.6  26.5  27.2  22.4 99.0 99.00
2016 02 13 08 50 111  9.4 11.2  1.92  6.25  5.46 107 1013.0  26.5  27.2  22.5 99.0 99.00
2016 02 13 09 50 105  8.4 10.2  1.97  7.14  5.53 103 1013.8  26.5  27.2  22.7 99.0 99.00
2016 02 13 10 50  94  8.4  9.9  1.92  6.67  5.55 108 1014.5  26.5  27.2  22.1 99.0 99.00
2016 02 13 11 50 102  7.7  9.3  1.98  6.67  5.67 112 1015.3  26.7  27.2  22.5 99.0 99.00
2016 02 13 12 50 102  7.6  8.8  1.79  6.25  5.55 113 1015.9  26.8  27.2  22.2 99.0 99.00
2016 02 13 13 50 110  8.5  9.9  1.88  7.14  5.64 103 1016.3  26.8  27.2  22.6 99.0 99.00
2016 02 13 14 50 112  7.3  8.3  1.90  6.67  5.48 105 1016.7  26.9  27.2  22.5 99.0 99.00
2016 02 13 15 50 111  8.0  9.5  1.81  6.25  5.40 111 1015.8  26.9  27.2  22.2 99.0 99.00
2016 02 13 16 50 111  7.7  9.2  1.83  7.14  5.45 114 1015.1  26.8  27.3  22.3 99.0 99.00
2016 02 13 17 50 113  7.4  8.7  1.77  6.67  5.54 113 1014.5  26.8  27.3  22.2 99.0 99.00
2016 02 13 18 50 112  7.3  8.8  1.73  7.14  5.52 117 1013.5  26.8  27.3  22.1 99.0 99.00
2016 02 13 19 50 108  6.8  8.3  1.67  6.25  5.64 111 1013.4  26.9  27.3  22.0 99.0 99.00
2016 02 13 20 50 110  6.6  7.7  1.90  6.67  5.75 108 1013.6  26.8  27.3  22.2 99.0 99.00
2016 02 13 21 50 106  6.7  8.1  1.71  6.25  5.57 117 1013.7  26.8  27.3  22.0 99.0 99.00
2016 02 13 22 50 104  7.5  9.0  1.86  6.67  5.74 112 1013.9  26.7  27.3  22.1 99.0 99.00
2016 02 13 23 50  99  7.3  8.5  1.61  7.14  5.61 119 1014.5  26.7  27.2  22.0 99.0 99.00
2016 02 14 00 50 101  7.1  8.7  1.62  7.14  5.61 113 1015.1  26.7  27.2  21.8 99.0 99.00
2016 02 14 01 50 102  7.3  9.1  1.71  7.14  5.61 116 1015.4  26.7  27.2  21.6 99.0 99.00
2016 02 14 02 50 110  7.2  8.7  1.69  7.14  5.78  95 1015.4  26.6  27.2  21.9 99.0 99.00
2016 02 14 03 50 106  6.9  8.3  1.69  7.14  5.64 112 1015.2  26.5  27.2  21.9 99.0 99.00
2016 02 14 04 50  94  6.6  8.3  1.69  7.14  5.70 123 1014.8  26.4  27.2  21.7 99.0 99.00
2016 02 14 05 50  96  6.7  8.1  1.47  6.67  5.42 116 1013.9  26.3  27.2  21.7 99.0 99.00
2016 02 14 06 50  85  6.6  7.8  1.56  7.14  5.57 110 1013.2  26.2  27.2  21.4 99.0 99.00
2016 02 14 07 50  86  6.2  7.5  1.42  7.14  5.52 112 1012.6  26.3  27.2  21.3 99.0 99.00
2016 02 14 08 50  87  6.2  7.2  1.47  6.67  5.48 109 1012.5  26.1  27.2  21.1 99.0 99.00
2016 02 14 09 50  86  6.8  8.0  1.48  6.25  5.42 112 1012.8  26.2  27.2  21.3 99.0 99.00
2016 02 14 10 50  94  6.8  8.3  1.51  6.67  5.68 103 1013.5  26.2  27.2  21.2 99.0 99.00
2016 02 14 11 50 104  6.8  8.3  1.45  6.25  5.23 101 1014.2  26.4  27.2  20.9 99.0 99.00
2016 02 14 12 50  92  6.7  7.9  1.44  6.67  5.36 125 1014.9  26.4  27.2  20.9 99.0 99.00
2016 02 14 13 50  99  6.5  7.7  1.36  5.88  5.37 113 1015.5  26.6  27.2  21.0 99.0 99.00
2016 02 14 14 50 102  6.7  8.3  1.45  6.25  5.39 117 1015.3  26.5  27.2  21.1 99.0 99.00
2016 02 14 15 50 100  6.9  8.4  1.42  6.25  5.20 114 1014.6  26.5  27.2  20.9 99.0 99.00
2016 02 14 16 50 102  5.8  7.0  1.40  6.25  5.21 114 1013.8  26.4  27.3  21.2 99.0 99.00
2016 02 14 17 50  93  6.0  7.0  1.25  6.25  5.11 109 1012.6  26.5  27.3  21.0 99.0 99.00
2016 02 14 18 50 101  5.2  6.3  1.33  6.25  5.31 110 1011.8  26.5  27.4  21.1 99.0 99.00
2016 02 14 19 50  83  5.2  6.3  1.29  9.09  5.38  58 1011.6  26.6  27.4  21.2 99.0 99.00
2016 02 14 20 50  74  5.6  6.5  1.23  9.09  5.34  66 1011.4  26.6  27.4  21.2 99.0 99.00
2016 02 14 21 50  61  5.8  7.1  1.19  6.25  5.27 125 1011.6  26.5  27.3  21.5 99.0 99.00
2016 02 14 22 50  75  5.5  6.7  1.22  5.88  5.29 116 1012.4  26.6  27.3  21.9 99.0 99.00
2016 02 14 23 50  82  6.0  7.0  1.15  6.25  5.06 115 1013.1  26.6  27.3  21.7 99.0 99.00
2016 02 15 00 50  84  6.6  7.5  1.19  5.88  5.12 113 1013.7  26.5  27.2  21.3 99.0 99.00
2016 02 15 01 50  75  7.0  8.5  1.19  9.09  5.38  61 1014.1  26.5  27.2  21.4 99.0 99.00
2016 02 15 02 50  67  6.7  7.9  1.16  9.09  5.22  54 1014.4  26.5  27.2  21.7 99.0 99.00
2016 02 15 03 50  42  7.0  8.2  1.17  9.09  5.21  49 1014.1  25.8  27.2  22.2 99.0 99.00
2016 02 15 04 50  67  6.5  7.8  1.20 10.00  5.13  53 1013.5  26.0  27.2  22.6 99.0 99.00
2016 02 15 05 50  82  7.4  9.0  1.29 10.00  5.11  25 1012.8  26.4  27.2  21.7 99.0 99.00
2016 02 15 06 50  85  7.4  8.7  1.19  5.88  4.76 106 1012.2  26.3  27.2  21.3 99.0 99.00
2016 02 15 07 50  68  6.7  7.8  1.23  9.09  5.00  79 1012.0  26.1  27.2  21.8 99.0 99.00
2016 02 15 08 50  77  7.8  9.6  1.27  5.56  5.06 114 1011.6  26.1  27.2  21.4 99.0 99.00
2016 02 15 09 50  80  7.1  8.2  1.32 10.00  5.07  58 1012.0  26.3  27.2  21.5 99.0 99.00
2016 02 15 10 50  78  7.2  8.7  1.33  5.56  5.11 117 1012.7  26.3  27.1  21.7 99.0 99.00
2016 02 15 11 50  84  6.8  8.2  1.27  9.09  4.93  53 1013.6  26.4  27.2  21.6 99.0 99.00
2016 02 15 12 50  80  6.5  7.7  1.32  5.56  5.13 113 1014.3  26.5  27.2  21.5 99.0 99.00
2016 02 15 13 50  81  7.3  8.6  1.25 10.00  5.04  72 1014.7  26.5  27.2  21.3 99.0 99.00
2016 02 15 14 50  98  7.0  8.0  1.27  5.26  5.15 111 1014.8  26.7  27.2  21.8 99.0 99.00
2016 02 15 15 50 101  7.6  9.2  1.31  5.26  4.96 112 1014.1  26.7  27.2  21.8 99.0 99.00
2016 02 15 16 50  99  7.1  8.6  1.34 10.00  5.15  70 1013.4  26.6  27.3  22.0 99.0 99.00
2016 02 15 17 50  95  7.1  8.8  1.36  5.26  5.16 108 1012.6  26.6  27.3  22.3 99.0 99.00
2016 02 15 18 50 100  7.3  8.6  1.35  5.26  5.12 112 1011.7  26.6  27.3  22.0 99.0 99.00
2016 02 15 19 50  91  7.1  8.4  1.28  5.00  5.19 104 1011.3  26.6  27.3  22.1 99.0 99.00
2016 02 15 20 50  91  6.7  7.9  1.40 10.00  5.29  40 1011.4  26.7  27.3  22.4 99.0 99.00
2016 02 15 21 50  91  7.2  8.6  1.37 10.81  5.47  67 1011.5  26.7  27.3  22.8 99.0 99.00
2016 02 15 22 50  95  7.7  9.3  1.45  5.26  5.41  99 1011.7  26.7  27.2  22.9 99.0 99.00
2016 02 15 23 50 108  8.3  9.7  1.39  9.09  5.21  81 1012.1  26.9  27.2  22.6 99.0 99.00
2016 02 16 00 50  97  8.1  9.6  1.46 10.00  5.37  76 1012.5  26.7  27.2  23.1 99.0 99.00
2016 02 16 01 50  99  8.1  9.7  1.65  5.26  5.35 120 1012.9  26.8  27.2  23.1 99.0 99.00
2016 02 16 02 50  98  8.5 10.1  1.53  5.56  5.31 106 1012.8  26.7  27.2  22.7 99.0 99.00
2016 02 16 03 50 108  9.5 11.7  1.57  5.88  5.28 101 1012.4  26.8  27.2  22.7 99.0 99.00
2016 02 16 04 50 109  9.1 11.0  1.59  5.88  5.34 105 1012.1  26.7  27.2  23.3 99.0 99.00
2016 02 16 05 50 100 10.1 12.1  1.81  6.25  5.43 121 1011.5  26.7  27.2  23.0 99.0 99.00
2016 02 16 06 50 104 10.1 11.8  2.04  6.25  5.59 113 1011.0  26.6  27.1  22.6 99.0 99.00
2016 02 16 07 50 105 10.0 11.9  2.23  6.67  5.67 111 1010.8  26.7  27.1  22.3 99.0 99.00
2016 02 16 08 50  98 10.4 12.2  2.24  6.25  5.82 101 1010.7  26.6  27.1  22.7 99.0 99.00
2016 02 16 09 50  98 10.5 12.5  2.19  7.14  5.91 100 1011.1  26.6  27.1  22.7 99.0 99.00
2016 02 16 10 50 103 10.8 12.4  2.53  7.69  6.15  94 1011.5  26.7  27.1  22.4 99.0 99.00
2016 02 16 11 50 103 10.6 12.6  2.37  7.69  5.94  82 1012.1  26.7  27.1  22.5 99.0 99.00
2016 02 16 12 50 104 10.6 12.4  2.42  7.14  6.10  90 1012.7  26.9  27.1  22.6 99.0 99.00
2016 02 16 13 50 108  9.9 11.9  2.46  7.14  6.15 101 1013.8  27.0  27.1  22.8 99.0 99.00
2016 02 16 14 50 107 10.6 13.0  2.71  7.14  6.25  95 1013.8  27.1  27.1  22.7 99.0 99.00
2016 02 16 15 50 113  9.7 12.0  2.52  7.69  6.11  94 1013.3  27.0  27.1  23.0 99.0 99.00
2016 02 16 16 50 117 10.3 12.3  2.44  7.69  6.07  98 1012.5  27.0  27.1  22.8 99.0 99.00
2016 02 16 17 50 112 10.0 11.6  2.82  7.14  6.19 112 1011.5  26.9  27.1  22.8 99.0 99.00
2016 02 16 18 50 114  9.6 11.4  2.68  7.14  6.27 108 1010.9  27.0  27.1  22.8 99.0 99.00
2016 02 16 19 50 110  8.6 10.6  2.51  7.14  6.23 108 1010.3  26.9  27.2  23.2 99.0 99.00
2016 02 16 20 50 103  9.4 11.1  2.60  7.14  6.22 100 1010.4  27.1  27.2  23.1 99.0 99.00
2016 02 16 21 50  98  9.9 12.3  2.66  7.14  6.42 104 1010.7  26.9  27.1  23.2 99.0 99.00
2016 02 16 22 50  98  9.9 11.6  2.55  7.69  6.25  94 1011.3  26.9  27.1  23.3 99.0 99.00
2016 02 16 23 50  97  9.4 12.0  2.50  7.69  6.17 102 1012.3  27.0  27.1  23.4 99.0 99.00
2016 02 17 00 50  94  9.5 11.1  2.67  7.69  6.43  95 1012.9  26.9  27.1  23.2 99.0 99.00
2016 02 17 01 50  91  9.7 12.0  2.36  8.33  6.18  84 1013.3  26.9  27.1  23.3 99.0 99.00
2016 02 17 02 50  94  9.3 11.1  2.55  7.69  6.18  94 1013.4  26.9  27.1  23.0 99.0 99.00
2016 02 17 03 50  89  9.2 10.7  2.42  8.33  6.22  80 1013.1  26.8  27.1  23.0 99.0 99.00
2016 02 17 04 50  86  9.9 11.7  2.51  7.69  6.51  91 1012.7  26.7  27.1  23.3 99.0 99.00
2016 02 17 05 50  86 10.0 12.4  2.36  7.69  6.32  85 1012.1  26.7  27.1  23.2 99.0 99.00
2016 02 17 06 50  86 10.0 12.2  2.48  7.69  6.25  86 1011.5  26.7  27.1  23.3 99.0 99.00
2016 02 17 07 50  86 10.0 11.7  2.32  7.14  6.06 100 1011.3  26.7  27.1  23.7 99.0 99.00
2016 02 17 08 50  90 10.1 11.6  2.37  7.69  6.09  90 1011.7  26.8  27.0  23.7 99.0 99.00
2016 02 17 09 50  95  9.6 11.6  2.53  7.69  6.17  95 1012.3  26.9  27.0  23.7 99.0 99.00
2016 02 17 10 50  95  9.0 11.0  2.52  7.69  6.35 103 1013.2  26.9  27.0  23.7 99.0 99.00
2016 02 17 11 50  93  9.3 11.4  2.27  7.14  5.91  97 1014.2  27.0  27.0  23.8 99.0 99.00
2016 02 17 12 50 100  8.2 11.1  2.41  7.69  6.11  97 1014.9  27.1  27.0  23.9 99.0 99.00
2016 02 17 13 50 103  8.1  9.6  2.07  7.14  5.88  88 1015.5  27.2  27.1  23.9 99.0 99.00
2016 02 17 14 50 102  7.2  9.1  2.14  7.14  6.18  93 1015.8  27.2  27.1  24.1 99.0 99.00
2016 02 17 15 50 109  7.9  9.6  2.22  7.14  6.05 108 1015.3  27.2  27.2  24.2 99.0 99.00
2016 02 17 16 50 110  8.6 10.5  2.16  7.14  6.01 110 1014.4  27.1  27.2  23.7 99.0 99.00
2016 02 17 17 50 107  8.0  9.9  2.10  6.67  5.95 105 1013.5  27.1  27.2  23.8 99.0 99.00
2016 02 17 18 50 111  9.0 10.5  2.04  7.14  5.92 105 1012.7  27.0  27.2  23.4 99.0 99.00
2016 02 17 19 50 111  8.4 10.0  2.08  7.14  5.80  97 1012.4  27.1  27.2  23.5 99.0 99.00
2016 02 17 20 50 103  8.1 10.0  2.05  7.69  5.84  96 1012.6  27.1  27.2  23.5 99.0 99.00
2016 02 17 21 50  98  7.9  9.8  2.01  7.14  5.97 104 1012.9  27.1  27.1  23.8 99.0 99.00
2016 02 17 22 50  98  8.4 10.6  1.87  7.14  5.74 104 1013.4  26.9  27.1  23.9 99.0 99.00
2016 02 17 23 50  98  9.1 11.2  1.91  7.14  5.75 110 1014.0  27.0  27.1  23.8 99.0 99.00
2016 02 18 00 50  99  9.1 10.6  1.89  7.14  5.70  95 1014.7  27.0  27.1  23.6 99.0 99.00
2016 02 18 01 50  98  8.5 10.4  1.90  7.69  5.90  93 1015.0  27.0  27.1  23.6 99.0 99.00
2016 02 18 02 50  92  8.4 10.2  1.90  7.14  5.73  98 1015.2  26.8  27.1  23.7 99.0 99.00
2016 02 18 03 50 100  7.5  9.2  1.90  6.67  5.62 102 1015.1  26.9  27.1  23.4 99.0 99.00
2016 02 18 04 50  92  6.9  8.1  1.97  7.14  5.78 101 1014.8  26.8  27.1  23.6 99.0 99.00
2016 02 18 05 50  93  7.7  9.2  1.82  7.14  5.71 101 1014.1  26.8  27.1  23.3 99.0 99.00
2016 02 18 06 50  86  8.2  9.4  1.90  7.14  5.87  89 1013.5  26.6  27.1  23.5 99.0 99.00
2016 02 18 07 50  96  7.7  9.0  1.76  7.14  5.54  95 1013.2  26.7  27.1  23.2 99.0 99.00
2016 02 18 08 50  95  8.1  9.3  1.83  7.14  5.68 103 1013.1  26.6  27.0  23.3 99.0 99.00
2016 02 18 09 50  91  8.8 10.0  1.78  6.67  5.80 107 1013.3  26.6  27.0  23.2 99.0 99.00
2016 02 18 10 50  94  8.1  9.4  1.81  6.67  5.78 108 1014.0  26.7  27.0  23.0 99.0 99.00
2016 02 18 11 50  91  7.7  9.3  1.76  6.67  5.65  99 1014.7  26.9  27.0  23.1 99.0 99.00
2016 02 18 12 50  97  7.6  8.9  1.79  6.67  5.85 111 1015.3  27.0  27.0  23.1 99.0 99.00
2016 02 18 13 50 101  6.8  8.3  1.75  6.67  5.63 100 1015.9  26.9  27.1  23.5 99.0 99.00
2016 02 18 14 50  96  6.9  8.3  1.76  6.67  5.66  99 1015.9  27.0  27.1  23.2 99.0 99.00
2016 02 18 15 50  91  6.7  8.5  1.71  6.67  5.60  98 1015.3  26.9  27.1  23.5 99.0 99.00
2016 02 18 16 50 109  6.9  8.6  1.74  6.67  5.57 109 1014.5  27.0  27.2  23.5 99.0 99.00
2016 02 18 17 50 103  7.1  8.8  1.63  6.67  5.43 112 1013.8  27.0  27.2  23.2 99.0 99.00
2016 02 18 18 50  98  6.7  7.6  1.48  6.67  5.28 119 1013.3  27.1  27.2  23.2 99.0 99.00
2016 02 18 19 50  86  6.3  7.5  1.49  6.67  5.40 109 1012.9  27.0  27.3  23.4 99.0 99.00
2016 02 18 20 50 101  6.3  7.1  1.41  7.14  5.42 104 1013.0  27.1  27.3  22.9 99.0 99.00
2016 02 18 21 50  92  5.7  6.5  1.46  6.25  5.55 114 1013.1  27.0  27.3  23.3 99.0 99.00
2016 02 18 22 50  89  5.2  6.1  1.46  6.67  5.60 107 1013.8  26.9  27.2  23.6 99.0 99.00
2016 02 18 23 50 101  5.9  6.9  1.41  7.14  5.71  91 1014.4  26.9  27.2  23.3 99.0 99.00
2016 02 19 00 50  96  5.9  6.9  1.30 10.00  5.38  91 1014.8  26.8  27.2  23.2 99.0 99.00
2016 02 19 01 50  91  5.8  7.0  1.36  6.25  5.52 113 1015.2  26.8  27.2  23.1 99.0 99.00
2016 02 19 02 50  86  5.4  6.6  1.31 10.81  5.59  95 1015.5  26.7  27.2  23.4 99.0 99.00
2016 02 19 03 50  96  6.1  7.6  1.37  9.09  5.69  81 1015.0  26.7  27.2  23.3 99.0 99.00
2016 02 19 04 50  93  6.6  7.6  1.37  6.25  5.55 106 1014.7  26.6  27.2  22.9 99.0 99.00
2016 02 19 05 50  75  5.3  6.2  1.29  6.67  5.40 112 1014.2  26.5  27.1  23.1 99.0 99.00
2016 02 19 06 50  76  5.0  6.1  1.39  6.25  5.43 113 1013.5  26.5  27.1  22.9 99.0 99.00
2016 02 19 07 50  74  5.3  6.4  1.41  6.67  5.63 114 1013.2  26.5  27.1  22.7 99.0 99.00
2016 02 19 08 50  82  5.7  6.6  1.29  6.67  5.44 110 1013.3  26.3  27.1  22.9 99.0 99.00
2016 02 19 09 50  77  5.7  6.7  1.29  6.25  5.62 121 1013.7  26.4  27.1  23.1 99.0 99.00
2016 02 19 10 50  68  5.4  6.5  1.22 10.00  5.59  70 1014.5  26.4  27.0  23.2 99.0 99.00
2016 02 19 11 50  76  5.1  6.5  1.26  5.88  5.52 112 1015.1  26.6  27.0  23.1 99.0 99.00
2016 02 19 12 50  83  5.5  6.4  1.24  7.69  5.52  76 1015.7  26.8  27.1  23.0 99.0 99.00
2016 02 19 13 50  82  5.2  6.1  1.21 10.00  5.41  84 1016.5  26.9  27.1  22.9 99.0 99.00
2016 02 19 14 50  80  5.3  6.5  1.19  5.88  5.36 115 1016.7  26.9  27.2  22.9 99.0 99.00
2016 02 19 15 50 105  5.2  5.9  1.25 10.00  5.45  67 1016.0  26.8  27.2  22.7 99.0 99.00
2016 02 19 16 50  93  4.9  6.0  1.27  9.09  5.48  75 1015.4  26.9  27.3  22.8 99.0 99.00
2016 02 19 17 50  97  4.2  5.3  1.34  6.25  5.68 106 1014.6  26.8  27.4  22.9 99.0 99.00
2016 02 19 18 50 112  3.8  4.7  1.24  6.25  5.47 109 1013.6  26.8  27.4  22.9 99.0 99.00
2016 02 19 19 50 102  4.2  5.1  1.25  5.88  5.41 114 1013.0  26.8  27.5  22.7 99.0 99.00
2016 02 19 20 50  38  3.0  4.1  1.20 10.00  5.54  87 1012.7  26.2  27.4  23.0 99.0 99.00
2016 02 19 21 50  57  4.9  5.8  1.20  9.09  5.67  87 1012.8  26.5  27.4  22.7 99.0 99.00
2016 02 19 22 50  33  5.2  6.4  1.16 10.00  5.72  69 1013.1  26.3  27.4  22.9 99.0 99.00
2016 02 19 23 50  47  4.3  5.1  1.18 10.00  5.62  79 1013.6  26.1  27.3  23.1 99.0 99.00
2016 02 20 00 50  56  4.9  5.9  1.14 10.81  5.68  82 1014.3  26.2  27.2  23.5 99.0 99.00
2016 02 20 01 50  64  5.2  6.3  1.17  8.33  5.80  77 1014.6  26.4  27.2  23.4 99.0 99.00
2016 02 20 02 50  75  6.3  7.1  1.23 10.00  5.78  84 1015.0  26.8  27.2  22.6 99.0 99.00
2016 02 20 03 50  63  6.4  7.5  1.28  9.09  5.66  69 1014.8  26.7  27.2  22.9 99.0 99.00
2016 02 20 04 50  75  6.2  7.1  1.30  7.69  5.42  99 1014.4  26.6  27.2  22.8 99.0 99.00
2016 02 20 05 50  73  6.7  8.1  1.24 10.00  5.27  84 1013.6  26.5  27.1  22.6 99.0 99.00
2016 02 20 06 50  67  6.3  7.4  1.23  6.25  5.30 111 1012.7  26.5  27.1  22.7 99.0 99.00
2016 02 20 07 50  72  7.1  8.3  1.16 10.00  5.09  80 1012.3  26.5  27.2  22.8 99.0 99.00
2016 02 20 08 50  66  6.7  7.9  1.15 10.00  4.93  67 1012.2  26.4  27.1  22.8 99.0 99.00
2016 02 20 09 50  77  7.6  8.8  1.23 10.00  4.80  82 1012.4  26.5  27.1  22.3 99.0 99.00
2016 02 20 10 50  72  6.9  8.2  1.18 10.81  4.88 100 1012.8  26.5  27.1  22.7 99.0 99.00
2016 02 20 11 50  72  5.9  7.2  1.18  9.09  5.13  60 1013.8  26.4  27.1  22.6 99.0 99.00
2016 02 20 12 50  75  5.8  6.7  1.20  9.09  5.01  92 1014.6  26.4  27.1  23.1 99.0 99.00
2016 02 20 13 50  54  6.3  7.7  1.41  5.88  5.22  76 1015.4  25.9  27.1  23.0 99.0 99.00
2016 02 20 14 50  76  7.8  8.9  1.31  9.09  4.97  79 1015.8  25.9  27.1  23.1 99.0 99.00
2016 02 20 15 50  75  6.7  7.7  1.33 10.81  5.05  51 1015.3  25.8  27.2  22.3 99.0 99.00
2016 02 20 16 50  91  5.1  5.9  1.40 10.00  4.96  69 1014.8  24.8  27.2  22.0 99.0 99.00
2016 02 20 17 50  63  4.1  5.3  1.32 10.81  5.32  74 1013.8  25.4  27.2  21.9 99.0 99.00
2016 02 20 18 50  68  5.2  6.7  1.43  5.88  5.35  68 1013.0  25.8  27.2  22.6 99.0 99.00
2016 02 20 19 50  54  7.7  9.1  1.50 10.00  5.41  71 1012.3  25.6  27.2  22.7 99.0 99.00
2016 02 20 20 50  52  7.7  9.1  1.64 10.00  5.45  74 1012.5  25.9  27.2  22.8 99.0 99.00
2016 02 20 21 50  57 10.1 11.8  1.71  8.33  5.32   6 1012.5  25.4  27.2  23.0 99.0 99.00
2016 02 20 22 50  52 11.1 12.7  2.02  5.88  5.38  46 1012.5  24.9  27.1  22.8 99.0 99.00
2016 02 20 23 50  47  9.7 11.6  2.11  6.25  5.36  26 1013.0  24.7  27.1  23.0 99.0 99.00
2016 02 21 00 50  39  9.9 11.6  1.89  6.67  5.46  15 1013.5  25.3  27.1  22.9 99.0 99.00
2016 02 21 01 50  49  9.2 11.3  2.15  7.69  5.65  12 1013.9  25.6  27.1  23.0 99.0 99.00
2016 02 21 02 50  61 10.6 12.9  2.24  7.14  5.53  42 1013.7  26.6  27.1  22.5 99.0 99.00
2016 02 21 03 50  64 10.4 12.3  2.17  7.69  5.58  28 1013.5  26.3  27.1  22.7 99.0 99.00
2016 02 21 04 50  65 11.7 13.7  2.44  7.14  5.65  39 1012.9  25.5  27.1  23.0 99.0 99.00
2016 02 21 05 50  54 10.7 12.8  2.50  7.14  5.64  53 1012.3  25.5  27.1  22.7 99.0 99.00
2016 02 21 06 50  45 10.1 11.9  2.31  7.69  5.62  45 1011.4  25.5  27.1  23.3 99.0 99.00
2016 02 21 07 50  49 10.4 13.1  2.46  7.14  5.65  49 1010.9  26.0  27.1  23.2 99.0 99.00
2016 02 21 08 50  54 11.0 12.7  2.57  7.14  5.83  50 1010.7  26.5  27.1  22.2 99.0 99.00
2016 02 21 09 50  69  9.8 12.5  2.78  7.14  5.98  33 1010.9  26.2  27.1  22.6 99.0 99.00
2016 02 21 10 50  92  9.1 10.9  2.37  7.69  5.69  40 1011.6  25.4  27.1  22.4 99.0 99.00
2016 02 21 11 50  64  9.8 11.2  2.46  7.69  5.96  48 1012.2  25.6  27.1  23.1 99.0 99.00
2016 02 21 12 50  44  9.1 10.9  2.47  8.33  5.96  46 1013.1  25.5  27.1  22.8 99.0 99.00
2016 02 21 13 50  71  7.5  9.1  2.34  8.33  6.11  49 1013.8  26.3  27.1  22.4 99.0 99.00
2016 02 21 14 50  89  8.6 10.1  2.18  7.69  5.84  41 1014.2  25.9  27.1  22.3 99.0 99.00
2016 02 21 15 50  84  6.3  7.6  2.08  7.69  5.73  53 1013.7  25.9  27.1  22.4 99.0 99.00
2016 02 21 16 50  73  6.9  7.9  1.90  6.67  5.74  37 1013.0  25.5  27.2  22.9 99.0 99.00
2016 02 21 17 50  79  5.7  6.6  1.82  7.14  5.83  55 1012.2  25.5  27.3  22.8 99.0 99.00
2016 02 21 18 50  68  5.8  7.1  1.72  7.69  5.87  45 1011.5  25.8  27.2  22.4 99.0 99.00
2016 02 21 19 50  55  5.7  7.2  1.76  7.14  5.98  49 1011.1  26.0  27.2  22.4 99.0 99.00
2016 02 21 20 50  49  5.0  6.0  1.73  7.14  6.03  40 1011.3  26.1  27.2  22.3 99.0 99.00
2016 02 21 21 50  57  5.9  6.9  1.66 10.00  6.27  35 1011.5  26.2  27.2  22.5 99.0 99.00
2016 02 21 22 50  54  6.1  7.4  1.64  6.67  6.09  56 1011.9  26.3  27.2  22.8 99.0 99.00
2016 02 21 23 50  53  6.2  7.1  1.54 10.00  5.99  43 1012.3  26.4  27.2  22.7 99.0 99.00
2016 02 22 00 50  59  5.7  6.6  1.62  6.67  5.97  39 1013.1  26.5  27.1  22.9 99.0 99.00
2016 02 22 01 50  64  6.0  7.3  1.60 10.81  6.00  42 1013.4  26.5  27.1  22.7 99.0 99.00
2016 02 22 02 50  64  6.9  8.1  1.49 10.81  5.84  39 1013.5  26.4  27.1  23.2 99.0 99.00
2016 02 22 03 50  72  6.7  7.8  1.50 10.81  5.83  73 1013.4  26.4  27.1  22.9 99.0 99.00
2016 02 22 04 50  72  5.7  6.7  1.47 11.43  5.88  46 1012.8  26.2  27.1  23.2 99.0 99.00
2016 02 22 05 50  79  5.4  6.2  1.45 10.00  5.85  51 1011.8  26.3  27.1  23.0 99.0 99.00
2016 02 22 06 50  87  5.7  6.9  1.39 10.00  5.70  33 1011.1  26.3  27.1  22.7 99.0 99.00
2016 02 22 07 50  85  5.6  6.7  1.34 11.43  5.68  43 1010.7  26.2  27.1  22.5 99.0 99.00
2016 02 22 08 50  77  5.4  6.6  1.43 12.12  5.86  44 1010.8  26.2  27.1  22.6 99.0 99.00
2016 02 22 09 50  76  4.7  5.9  1.30 11.43  5.77  39 1011.3  26.1  27.0  22.6 99.0 99.00
2016 02 22 10 50  76  5.5  6.6  1.46 10.00  6.16  29 1012.0  26.2  27.0  22.7 99.0 99.00
2016 02 22 11 50  75  6.2  7.5  1.45 11.43  6.24  49 1013.0  26.4  27.1  22.3 99.0 99.00
2016 02 22 12 50  97  6.2  7.9  1.55 12.12  6.33  34 1013.5  26.7  27.1  22.1 99.0 99.00
2016 02 22 13 50  99  6.0  7.2  1.56 11.43  6.08  32 1013.9  26.7  27.1  22.4 99.0 99.00
2016 02 22 14 50  90  5.8  7.0  1.63 12.12  5.96  49 1014.1  26.7  27.2  22.5 99.0 99.00
2016 02 22 15 50 114  5.9  7.2  1.50 11.43  5.81  44 1013.6  26.7  27.2  22.4 99.0 99.00
2016 02 22 16 50  98  5.0  6.0  1.51 12.12  6.05  34 1013.1  26.7  27.3  22.0 99.0 99.00
2016 02 22 17 50 105  4.2  4.9  1.35 11.43  5.70  38 1012.4  26.7  27.4  22.2 99.0 99.00
2016 02 22 18 50  82  3.3  4.3  1.54 12.12  6.50  38 1011.9  26.7  27.5  22.2 99.0 99.00
2016 02 22 19 50  90  4.2  5.1  1.38 10.81  6.00  50 1011.4  26.7  27.6  22.2 99.0 99.00
2016 02 22 20 50  88  4.9  5.8  1.44 12.12  6.34  30 1011.4  26.8  27.5  22.3 99.0 99.00
2016 02 22 21 50  85  5.2  6.1  1.30 12.90  6.08  31 1011.6  26.9  27.4  22.1 99.0 99.00
2016 02 22 22 50  79  5.3  6.3  1.37 12.12  6.47  30 1012.2  26.7  27.3  22.4 99.0 99.00
2016 02 22 23 50  65  5.4  6.5  1.55 12.90  6.98  44 1012.9  26.7  27.3  22.6 99.0 99.00
2016 02 23 00 50  70  5.9  6.8  1.41 12.12  6.41  51 1013.3  26.7  27.2  22.3 99.0 99.00
2016 02 23 01 50  68  6.9  7.9  1.41 12.90  6.25  47 1013.8  26.7  27.2  22.7 99.0 99.00
2016 02 23 02 50  80  6.4  7.6  1.45 11.43  6.18  68 1013.8  26.6  27.2  22.5 99.0 99.00
2016 02 23 03 50  84  6.7  8.5  1.46 12.12  6.24  68 1013.8  26.5  27.1  22.4 99.0 99.00
2016 02 23 04 50  88  6.6  7.7  1.54 12.12  6.29  70 1013.3  26.6  27.1  22.6 99.0 99.00
2016 02 23 05 50  97  7.3  8.4  1.50 12.12  6.02  62 1012.6  26.5  27.1  22.1 99.0 99.00
2016 02 23 06 50 101  7.8  9.6  1.37 12.12  5.62  57 1011.8  26.4  27.1  22.3 99.0 99.00
2016 02 23 07 50 104  8.1  9.1  1.47 11.43  5.72  71 1011.5  26.4  27.1  22.3 99.0 99.00
2016 02 23 08 50 101  7.7  9.0  1.51 11.43  5.45  55 1011.9  26.4  27.1  22.0 99.0 99.00
2016 02 23 09 50  96  8.0  9.5  1.55 12.12  5.79  62 1012.4  26.5  27.1  21.9 99.0 99.00
2016 02 23 10 50  96  7.9  9.0  1.47 12.12  5.44  66 1013.4  26.5  27.1  22.2 99.0 99.00
2016 02 23 11 50  93  7.7  9.2  1.57 12.12  5.66  64 1014.3  26.7  27.1  22.1 99.0 99.00
2016 02 23 12 50 107  8.3  9.9  1.53 12.12  5.41  50 1014.8  26.9  27.1  22.1 99.0 99.00
2016 02 23 13 50 105  8.0  9.1  1.54 11.43  5.43  91 1015.6  27.0  27.1  22.4 99.0 99.00
2016 02 23 14 50 112  7.5  8.8  1.55 12.12  5.55  72 1015.9  27.0  27.2  22.4 99.0 99.00
2016 02 23 15 50 107  7.2  8.4  1.59 12.12  5.57  77 1015.6  27.0  27.2  22.8 99.0 99.00
2016 02 23 16 50 109  7.0  8.1  1.52 12.12  5.57  76 1014.7  27.0  27.3  22.5 99.0 99.00
2016 02 23 17 50 112  6.8  8.3  1.55  5.88  5.51 111 1013.9  27.0  27.3  22.7 99.0 99.00
2016 02 23 18 50 108  6.1  7.0  1.48 11.43  5.51  63 1013.2  27.0  27.3  22.9 99.0 99.00
2016 02 23 19 50 103  6.5  7.3  1.47 12.12  5.53  76 1012.6  27.0  27.4  22.8 99.0 99.00
2016 02 23 20 50 110  6.6  7.7  1.52 12.12  5.71  64 1012.4  27.0  27.3  22.6 99.0 99.00
2016 02 23 21 50 115  7.7  9.0  1.48 12.12  5.71  57 1012.5  27.1  27.3  22.4 99.0 99.00
2016 02 23 22 50 102  7.1  8.8  1.51 11.43  5.58  79 1012.9  26.6  27.3  23.5 99.0 99.00
2016 02 23 23 50  99  7.1  8.4  1.51  5.56  5.48 124 1013.2  26.8  27.2  23.0 99.0 99.00
2016 02 24 00 50 103  7.5  9.5  1.52 12.12  5.46  73 1013.8  26.1  27.2  22.7 99.0 99.00
2016 02 24 01 50  89  8.8 10.8  1.47  5.88  5.35 115 1014.1  26.8  27.2  23.2 99.0 99.00
2016 02 24 02 50  86  8.8 10.9  1.58 11.43  5.35  58 1014.6  26.8  27.2  22.7 99.0 99.00
2016 02 24 03 50  93  9.6 11.4  1.66  6.25  5.25 121 1014.6  26.8  27.2  22.3 99.0 99.00
2016 02 24 04 50  93  9.9 12.4  1.75  5.88  5.37 122 1014.3  26.7  27.2  22.1 99.0 99.00
2016 02 24 05 50  92 10.2 12.4  1.89  6.25  5.44 113 1013.7  26.7  27.1  22.2 99.0 99.00
2016 02 24 06 50  91 10.9 13.6  1.87  6.67  5.47 111 1013.3  26.6  27.1  22.0 99.0 99.00
2016 02 24 07 50  87 10.2 12.2  2.06  6.67  5.59 107 1013.2  26.6  27.1  22.3 99.0 99.00
2016 02 24 08 50  86  9.7 12.1  1.93  7.14  5.52 103 1013.4  26.6  27.1  21.9 99.0 99.00
2016 02 24 09 50  92  9.1 11.2  2.03  6.67  5.49 109 1013.8  26.7  27.1  22.0 99.0 99.00
2016 02 24 10 50  80  9.7 11.5  2.19  7.14  5.66 101 1014.6  26.0  27.1  22.2 99.0 99.00
2016 02 24 11 50 104  9.9 11.9  2.12  7.14  5.61 109 1015.3  26.9  27.1  21.4 99.0 99.00
2016 02 24 12 50 104 10.4 12.1  2.03  6.25  5.47 105 1015.7  26.8  27.1  21.6 99.0 99.00
2016 02 24 13 50 109  8.9 10.6  2.17  7.14  5.86 107 1016.3  26.8  27.1  22.3 99.0 99.00
2016 02 24 14 50 107  9.4 11.3  2.05  6.67  5.56 110 1016.6  27.0  27.1  21.7 99.0 99.00
2016 02 24 15 50 116  9.9 11.5  2.06  7.14  5.58 109 1016.1  26.8  27.2  21.9 99.0 99.00
2016 02 24 16 50 113  9.2 10.9  2.11  6.67  5.63 113 1015.4  27.0  27.2  21.9 99.0 99.00
2016 02 24 17 50 117  9.3 11.0  2.07  6.67  5.63 112 1014.3  27.0  27.2  22.4 99.0 99.00
2016 02 24 18 50 109  8.9 10.5  2.12  6.67  5.66 114 1013.6  27.0  27.2  22.5 99.0 99.00
2016 02 24 19 50 109  8.9 10.5  2.16  7.14  5.74 117 1013.2  27.0  27.2  22.3 99.0 99.00
2016 02 24 20 50 101  9.1 10.8  1.96  7.14  5.63 107 1013.0  27.0  27.2  22.8 99.0 99.00
2016 02 24 21 50  99  9.5 11.2  2.01  6.67  5.52 108 1013.1  27.1  27.2  22.6 99.0 99.00
2016 02 24 22 50  99  9.3 11.4  2.07  7.14  5.66 109 1013.0  26.9  27.2  23.0 99.0 99.00
2016 02 24 23 50 101  8.9 10.6  1.93  7.14  5.34 109 1013.9  27.0  27.2  22.8 99.0 99.00
2016 02 25 00 50  98  9.8 11.7  1.91  6.67  5.43 108 1014.6  27.0  27.2  22.3 99.0 99.00
2016 02 25 01 50 101  9.2 11.3  2.06  7.14  5.52 111 1014.8  26.9  27.1  22.1 99.0 99.00
2016 02 25 02 50  97  8.7 10.5  2.07  7.69  5.55 108 1015.2  26.8  27.1  22.4 99.0 99.00
2016 02 25 03 50  95  9.1 10.7  2.18  6.67  5.68 113 1015.0  26.6  27.1  22.6 99.0 99.00
2016 02 25 04 50  98  9.0 10.9  2.03  7.69  5.68 115 1014.6  26.6  27.1  22.4 99.0 99.00
2016 02 25 05 50  99  8.4 10.3  1.97  7.14  5.56 111 1014.3  26.6  27.1  22.2 99.0 99.00
2016 02 25 06 50  99  8.8 10.6  2.08  7.14  5.53 110 1013.8  26.6  27.1  22.3 99.0 99.00
2016 02 25 07 50  95  9.3 11.1  2.12  7.14  5.66 118 1013.7  26.6  27.1  22.0 99.0 99.00
2016 02 25 08 50  84  8.8 10.9  2.10  7.14  5.71 118 1013.6  26.4  27.1  22.7 99.0 99.00
2016 02 25 09 50  82  8.6 10.0  2.20  6.67  5.79 118 1013.8  26.4  27.1  22.3 99.0 99.00
2016 02 25 10 50  87  8.5 10.4  1.91  6.67  5.45 116 1014.5  26.5  27.1  22.0 99.0 99.00
2016 02 25 11 50  90  8.8 10.5  1.97  7.14  5.37 108 1015.3  26.6  27.1  22.0 99.0 99.00
2016 02 25 12 50  92  9.4 11.8  2.09  7.14  5.56 113 1015.9  26.8  27.1  22.6 99.0 99.00
2016 02 25 13 50  96  8.4 10.5  1.97  7.14  5.58 108 1016.6  26.9  27.1  22.4 99.0 99.00
2016 02 25 14 50 100  9.0 10.5  2.21  7.14  5.64 103 1017.0  26.9  27.1  21.9 99.0 99.00
2016 02 25 15 50 101  7.5  8.6  1.83  7.14  5.58 110 1016.8  26.9  27.1  22.1 99.0 99.00
2016 02 25 16 50 102  6.6  8.2  1.85  7.14  5.68 120 1016.0  26.9  27.2  22.4 99.0 99.00
2016 02 25 17 50  96  6.9  8.5  1.79  7.69  5.63 107 1015.2  26.8  27.2  22.2 99.0 99.00
2016 02 25 18 50 109  5.8  7.4  1.80  6.67  5.65 115 1014.4  26.5  27.2  22.6 99.0 99.00
2016 02 25 19 50  81  6.6  8.0  1.78  7.69  5.64 111 1013.9  26.9  27.2  22.7 99.0 99.00
2016 02 25 20 50  77  7.4  8.6  1.76  6.67  5.64  98 1013.8  26.8  27.2  22.7 99.0 99.00
2016 02 25 21 50  87  7.7  8.9  1.84  7.14  5.73 109 1013.7  26.9  27.2  22.4 99.0 99.00
2016 02 25 22 50  84  8.1  9.5  1.64  7.14  5.47 110 1013.6  26.6  27.2  22.9 99.0 99.00
2016 02 25 23 50  94 10.7 12.9  1.85  7.14  5.65 109 1014.1  25.7  27.2  23.2 99.0 99.00
2016 02 26 00 50  89  6.8  9.3  1.94  7.14  5.58  96 1014.8  26.2  27.1  22.1 99.0 99.00
2016 02 26 01 50  87  7.7  9.4  1.77  7.69  5.74 101 1015.1  26.4  27.1  23.0 99.0 99.00
2016 02 26 02 50  89  7.3  8.4  1.79  7.69  5.63 104 1015.2  26.4  27.1  23.2 99.0 99.00
2016 02 26 03 50  87  7.7  9.5  1.81  7.14  5.44 102 1015.0  26.7  27.1  22.9 99.0 99.00
2016 02 26 04 50  90  6.8  8.6  1.87  7.14  5.56 102 1014.9  25.9  27.1  23.1 99.0 99.00
2016 02 26 05 50  78  8.5 10.3  1.84  6.67  5.63 103 1014.3  26.6  27.1  22.7 99.0 99.00
2016 02 26 06 50  83  8.6 10.4  1.95  7.69  5.64  95 1013.9  26.4  27.1  22.8 99.0 99.00
2016 02 26 07 50  86  8.7 10.4  2.00  7.14  5.62 102 1013.8  26.5  27.1  22.5 99.0 99.00
2016 02 26 08 50  81  9.0 10.9  1.93  7.69  5.70  96 1013.7  26.4  27.1  22.3 99.0 99.00
2016 02 26 09 50  83  8.6 10.9  1.99  7.69  5.71  86 1013.8  26.4  27.1  22.2 99.0 99.00
2016 02 26 10 50  84  8.7 10.4  2.00  7.69  5.72  95 1014.4  26.4  27.0  22.3 99.0 99.00
2016 02 26 11 50  94  8.9 10.5  2.11  6.25  5.65  99 1015.1  26.6  27.0  21.5 99.0 99.00
2016 02 26 12 50  94  8.5 10.0  2.06  6.67  5.66 101 1015.8  26.7  27.1  21.6 99.0 99.00
2016 02 26 13 50  91  8.1  9.6  1.91  7.69  5.58  92 1016.6  26.8  27.1  21.6 99.0 99.00
2016 02 26 14 50  88  7.8  9.4  1.81  7.14  5.54 100 1016.9  26.8  27.1  21.9 99.0 99.00
2016 02 26 15 50  88  7.1  8.7  1.82  7.69  5.60  88 1016.4  26.8  27.1  22.1 99.0 99.00
2016 02 26 16 50  88  7.5  9.1  1.68  7.14  5.58 102 1015.8  26.7  27.2  22.2 99.0 99.00
2016 02 26 17 50  91  7.3  8.7  1.86  7.14  5.65 106 1015.1  26.8  27.2  22.2 99.0 99.00
2016 02 26 18 50  94  7.0  8.5  1.71  7.69  5.58 107 1014.5  26.9  27.2  22.4 99.0 99.00
2016 02 26 19 50  93  7.1  8.4  1.72  6.67  5.55 101 1014.0  26.8  27.2  22.0 99.0 99.00
2016 02 26 20 50  94  6.8  8.2  1.73  6.67  5.58 105 1013.7  26.8  27.2  21.8 99.0 99.00
2016 02 26 21 50  99  6.8  7.7  1.77  7.14  5.76 104 1014.0  26.9  27.2  21.7 99.0 99.00
2016 02 26 22 50  93  6.8  8.5  1.74  7.69  5.62 108 1014.1  26.7  27.2  22.0 99.0 99.00
2016 02 26 23 50  83  6.3  8.0  1.61  6.67  5.55 102 1014.9  26.7  27.2  22.4 99.0 99.00
2016 02 27 00 50  91  6.8  8.3  1.70  6.67  5.72 103 1015.6  26.7  27.1  21.5 99.0 99.00
2016 02 27 01 50  90  7.7  8.9  1.74  6.67  5.72 104 1015.9  26.7  27.1  21.5 99.0 99.00
2016 02 27 02 50  86  7.5  8.8  1.72  7.14  5.75 103 1016.0  26.7  27.1  22.0 99.0 99.00
2016 02 27 03 50  81  7.6  9.6  1.64  7.69  5.59  99 1015.7  26.5  27.1  21.9 99.0 99.00
2016 02 27 04 50  98  7.2  8.6  1.77  7.69  5.80 115 1015.1  26.5  27.1  21.9 99.0 99.00
2016 02 27 05 50  90  7.0  8.3  1.64  6.67  5.55  99 1014.4  26.3  27.1  21.9 99.0 99.00
2016 02 27 06 50  90  7.4  9.0  1.72  7.14  5.63 105 1013.7  26.2  27.1  22.1 99.0 99.00
2016 02 27 07 50  97  7.3  8.9  1.70  6.67  5.58 110 1013.2  26.1  27.0  21.8 99.0 99.00
2016 02 27 08 50  93  6.9  9.0  1.74  6.67  5.47 105 1013.5  26.2  27.0  22.2 99.0 99.00
2016 02 27 09 50  88  7.9  9.3  1.67  7.14  5.65 119 1013.7  26.2  27.0  21.5 99.0 99.00
2016 02 27 10 50  88  6.9  8.6  1.72  6.67  5.57 105 1014.5  26.2  27.0  21.6 99.0 99.00
2016 02 27 11 50  93  7.5  8.9  1.67  7.14  5.59 102 1015.1  26.4  27.0  21.5 99.0 99.00
2016 02 27 12 50  86  7.4  8.6  1.69  6.25  5.56 107 1015.7  26.6  27.0  21.6 99.0 99.00
2016 02 27 13 50  91  7.4  8.7  1.64  7.14  5.44  81 1016.2  26.6  27.1  21.4 99.0 99.00
2016 02 27 14 50  87  6.5  7.3  1.49  6.67  5.29  96 1016.8  26.7  27.1  21.5 99.0 99.00
2016 02 27 15 50  91  7.4  8.8  1.55  6.67  5.44  98 1016.5  26.7  27.1  21.9 99.0 99.00
2016 02 27 16 50  90  7.0  8.2  1.50  6.67  5.27 103 1015.7  26.7  27.2  21.9 99.0 99.00
2016 02 27 17 50 102  7.0  8.3  1.53  6.67  5.39  98 1014.5  26.6  27.2  21.7 99.0 99.00
2016 02 27 18 50  89  6.2  7.4  1.55  6.25  5.32  99 1013.8  26.7  27.2  21.8 99.0 99.00
2016 02 27 19 50  87  6.4  7.6  1.51  6.67  5.26 105 1013.4  26.7  27.2  21.9 99.0 99.00
2016 02 27 20 50  83  6.4  7.9  1.44  6.67  5.29  91 1013.2  26.9  27.2  21.8 99.0 99.00
2016 02 27 21 50  82  6.1  7.6  1.43  5.88  5.22 110 1013.2  26.9  27.2  22.4 99.0 99.00
2016 02 27 22 50  81  6.9  8.2  1.42  5.88  5.23 104 1013.3  26.7  27.2  22.1 99.0 99.00
2016 02 27 23 50  90  6.7  8.0  1.41  5.56  5.13 102 1013.9  26.7  27.2  22.0 99.0 99.00
2016 02 28 00 50  90  6.9  8.2  1.43  6.25  5.28 100 1014.4  26.7  27.2  22.2 99.0 99.00
2016 02 28 01 50  83  7.5  8.7  1.32  6.25  5.05  86 1014.8  26.6  27.1  22.2 99.0 99.00
2016 02 28 02 50  84  7.7  9.1  1.40  5.56  5.13 111 1015.1  26.6  27.1  21.9 99.0 99.00
2016 02 28 03 50  83  7.5  8.9  1.41  6.25  5.28 111 1015.1  26.6  27.1  21.9 99.0 99.00
2016 02 28 04 50  80  7.5  8.6  1.42  5.88  5.14 100 1014.6  26.2  27.1  22.5 99.0 99.00
2016 02 28 05 50  83  8.4  9.8  1.51  6.25  5.27 113 1013.6  26.4  27.1  21.9 99.0 99.00
2016 02 28 06 50  90  8.6 10.2  1.55  5.88  5.33 106 1012.7  26.3  27.1  21.7 99.0 99.00
2016 02 28 07 50  89  8.0  9.3  1.59  6.25  5.37 117 1012.4  26.2  27.1  22.3 99.0 99.00
2016 02 28 08 50  82  7.7  9.7  1.59  5.88  5.26 108 1012.7  26.3  27.1  22.2 99.0 99.00
2016 02 28 09 50  94  8.1  9.9  1.51  6.67  5.20 112 1013.0  26.4  27.1  21.8 99.0 99.00
2016 02 28 10 50  97  7.6  9.2  1.55  6.25  5.19 107 1013.8  26.4  27.1  21.6 99.0 99.00
2016 02 28 11 50  99  7.5  8.5  1.54  6.25  5.28 116 1014.7  26.5  27.1  21.7 99.0 99.00
2016 02 28 12 50 104  7.0  8.1  1.52  6.25  5.29 116 1015.5  26.7  27.1  21.5 99.0 99.00
2016 02 28 13 50 107  6.2  7.4  1.60  6.25  5.34 103 1016.3  26.7  27.1  21.5 99.0 99.00
2016 02 28 14 50 108  5.2  6.4  1.55  5.88  5.41 112 1016.7  26.8  27.1  21.7 99.0 99.00
2016 02 28 15 50  94  5.4  6.5  1.45  6.67  5.39 124 1016.4  26.8  27.2  22.1 99.0 99.00
2016 02 28 16 50 100  5.6  6.8  1.39  6.67  5.47 119 1015.8  26.8  27.2  21.8 99.0 99.00
2016 02 28 17 50  88  5.6  6.7  1.37  6.25  5.41 106 1014.9  26.7  27.3  22.1 99.0 99.00
2016 02 28 18 50  94  6.1  7.4  1.36  6.25  5.35 109 1013.9  26.8  27.3  22.0 99.0 99.00
2016 02 28 19 50  92  5.6  6.8  1.37  5.88  5.33 107 1013.5  26.9  27.4  22.2 99.0 99.00
2016 02 28 20 50  87  5.8  6.7  1.34  5.88  5.22 115 1013.5  26.9  27.4  22.2 99.0 99.00
2016 02 28 21 50  78  5.5  6.4  1.29  5.88  5.13 110 1014.0  26.9  27.4  22.7 99.0 99.00
2016 02 28 22 50  87  5.8  7.0  1.30  5.88  5.08 123 1014.3  26.8  27.3  22.9 99.0 99.00
2016 02 28 23 50  94  6.4  7.8  1.16  5.88  5.07 113 1014.8  26.9  27.3  22.6 99.0 99.00
2016 02 29 00 50  87  7.3  8.5  1.12  5.88  5.00 114 1015.1  26.8  27.2  23.0 99.0 99.00
2016 02 29 01 50  80  7.4  9.0  1.22  9.09  5.10  99 1015.4  26.5  27.2  23.2 99.0 99.00
2016 02 29 02 50  89  7.1  8.4  1.25  5.00  4.91 111 1015.3  26.6  27.2  22.8 99.0 99.00
2016 02 29 03 50  73  7.8  9.1  1.24  5.56  4.92 110 1015.0  26.4  27.2  22.8 99.0 99.00
2016 02 29 04 50  75  7.2  8.4  1.27  5.26  4.99  81 1014.7  26.5  27.2  23.0 99.0 99.00
2016 02 29 05 50  87  7.3  8.6  1.38  5.88  5.10 109 1013.8  26.5  27.2  22.6 99.0 99.00
2016 02 29 06 50  86  7.4  8.5  1.43  5.26  5.09  96 1013.3  26.4  27.2  22.4 99.0 99.00
2016 02 29 07 50  82  7.5  8.8  1.47  5.88  5.24 113 1012.9  26.4  27.2  22.3 99.0 99.00
2016 02 29 08 50  82  7.6  9.3  1.52  5.88  5.23 110 1013.0  26.3  27.1  22.4 99.0 99.00
2016 02 29 09 50  85  7.3  8.6  1.38  6.25  5.11 112 1013.5  26.5  27.1  22.2 99.0 99.00
2016 02 29 10 50  81  6.9  8.0  1.36  5.00  4.97 109 1014.5  26.5  27.1  22.4 99.0 99.00
2016 02 29 11 50  69  7.4  9.0  1.38  6.67  5.23 108 1015.4  26.6  27.1  22.3 99.0 99.00
2016 02 29 12 50  78  7.3  8.9  1.37  5.88  5.24 107 1016.1  26.7  27.1  22.4 99.0 99.00
2016 02 29 13 50  76  6.4  7.9  1.47  5.88  5.22 107 1017.0  26.7  27.1  22.5 99.0 99.00
2016 02 29 14 50  82  6.9  8.2  1.34  5.88  5.01 111 1017.0  26.8  27.1  22.2 99.0 99.00
2016 02 29 15 50  88  7.1  8.4  1.30  5.88  5.16  99 1016.5  26.9  27.2  22.4 99.0 99.00
2016 02 29 16 50  80  7.3  9.0  1.41  5.56  5.21 106 1015.6  26.8  27.2  22.5 99.0 99.00
2016 02 29 17 50  83  7.3  8.6  1.39  6.25  5.20 111 1014.8  26.7  27.2  22.2 99.0 99.00
2016 02 29 18 50  78  6.8  8.2  1.46  6.25  5.34 111 1014.1  26.7  27.2  22.5 99.0 99.00
2016 02 29 19 50  75  6.7  7.8  1.40  6.25  5.22 115 1013.6  26.8  27.2  22.5 99.0 99.00
2016 02 29 20 50  81  6.3  7.4  1.31  6.25  5.34 108 1013.9  26.9  27.3  22.4 99.0 99.00
2016 02 29 21 50  78  6.6  7.7  1.39  6.67  5.44 100 1014.2  26.9  27.3  22.4 99.0 99.00
2016 02 29 22 50  72  6.9  8.0  1.44  7.14  5.23  99 1014.5  26.8  27.2  22.4 99.0 99.00
