#YY  MM DD hh mm WDIR WSPD GST  WVHT   DPD   APD MWD   PRES  ATMP  WTMP  DEWP  VIS  TIDE
#yr  mo dy hr mn degT m/s  m/s     m   sec   sec deg    hPa  degC  degC  degC  nmi    ft
2015 12 31 23 50  89  9.4 11.1  2.45  8.33  5.98  90 1015.7  27.4  27.6  22.5 99.0 99.00
2016 01 01 00 50  84  9.1 11.7  2.49  8.33  6.06  99 1016.2  27.1  27.6  23.3 99.0 99.00
2016 01 01 01 50  92  9.1 10.8  2.39  7.69  5.88  92 1016.5  27.4  27.6  22.9 99.0 99.00
2016 01 01 02 50  85 10.1 12.2  2.16  8.33  5.69  95 1016.2  27.0  27.6  23.2 99.0 99.00
2016 01 01 03 50  90 10.4 12.8  2.19  7.69  5.75  90 1015.8  27.2  27.6  22.5 99.0 99.00
2016 01 01 04 50  90 10.8 12.7  2.27  8.33  5.72  95 1015.3  27.2  27.6  22.3 99.0 99.00
2016 01 01 05 50 100 10.6 12.3  2.13  7.69  5.71  92 1014.7  27.2  27.6  21.9 99.0 99.00
2016 01 01 06 50  92 10.2 12.5  2.10  7.69  5.62  90 1014.1  27.1  27.6  22.2 99.0 99.00
2016 01 01 07 50  97 10.2 11.7  2.37  7.14  5.84 100 1013.8  27.1  27.6  22.1 99.0 99.00
2016 01 01 08 50  99  9.5 11.2  2.31  7.14  5.76 107 1014.0  27.1  27.5  22.0 99.0 99.00
2016 01 01 09 50  97  9.7 11.7  2.37  7.14  5.94  87 1014.4  27.1  27.5  22.2 99.0 99.00
2016 01 01 10 50  94 10.1 12.1  2.18  7.69  5.67  85 1014.7  27.1  27.5  22.2 99.0 99.00
2016 01 01 11 50  93 10.2 12.9  2.21  7.69  5.70  74 1015.1  27.3  27.5  21.5 99.0 99.00
2016 01 01 12 50  94  9.8 11.6  2.17  7.14  5.66  84 1016.0  27.3  27.5  22.1 99.0 99.00
2016 01 01 13 50  89  9.7 11.6  2.22  7.69  5.74  86 1016.6  27.3  27.5  22.3 99.0 99.00
2016 01 01 14 50  87  9.7 11.8  2.23  7.14  5.78  85 1016.5  27.3  27.6  22.1 99.0 99.00
2016 01 01 15 50  89  9.6 11.5  2.36  7.14  5.89  85 1016.1  27.3  27.6  22.6 99.0 99.00
2016 01 01 16 50  84 10.2 11.9  2.34  7.14  5.79  75 1015.1  27.2  27.6  22.5 99.0 99.00
2016 01 01 17 50  87 10.3 12.1  2.39  7.69  5.82  92 1014.3  27.2  27.6  22.4 99.0 99.00
2016 01 01 18 50  87 10.2 12.7  2.50  7.69  5.97  76 1013.4  27.3  27.6  22.2 99.0 99.00
2016 01 01 19 50  91 10.2 11.5  2.44  7.69  5.98  82 1013.2  27.3  27.6  21.7 99.0 99.00
2016 01 01 20 50  91  9.7 11.5  2.65  7.69  6.10  87 1013.4  27.3  27.6  21.9 99.0 99.00
2016 01 01 21 50  92  9.3 11.1  2.77  7.69  6.28  91 1013.7  27.3  27.6  22.0 99.0 99.00
2016 01 01 22 50  92  9.4 11.1  2.43  8.33  5.89  92 1014.2  27.3  27.6  22.0 99.0 99.00
2016 01 01 23 50  90  9.7 11.5  2.43  7.69  5.81 103 1014.8  27.4  27.6  21.9 99.0 99.00
2016 01 02 00 50  89  9.9 11.9  2.49  7.69  6.12  85 1015.3  27.3  27.6  22.3 99.0 99.00
2016 01 02 01 50  83 10.0 11.5  2.55  7.69  5.92 112 1015.8  27.1  27.6  22.4 99.0 99.00
2016 01 02 02 50  89 10.1 12.5  2.50  7.69  5.90 106 1015.7  27.2  27.5  22.0 99.0 99.00
2016 01 02 03 50  89 10.0 11.6  2.30  7.69  5.72 113 1015.3  27.1  27.5  22.0 99.0 99.00
2016 01 02 04 50  91 10.0 11.5  2.39  7.69  5.97 104 1014.9  27.0  27.5  21.9 99.0 99.00
2016 01 02 05 50  89  9.4 11.0  2.29  7.14  5.69 105 1014.3  27.0  27.5  22.2 99.0 99.00
2016 01 02 06 50  86  9.0 10.1  2.18  7.69  5.79 107 1013.8  27.0  27.5  22.3 99.0 99.00
2016 01 02 07 50  80  9.2 11.0  2.14  7.69  5.78 114 1013.7  26.9  27.5  22.6 99.0 99.00
2016 01 02 08 50  85  9.3 11.1  2.35  6.25  5.85  89 1013.8  26.9  27.5  22.8 99.0 99.00
2016 01 02 09 50  88  8.6 10.3  2.19  7.14  5.76 107 1014.3  27.0  27.5  22.7 99.0 99.00
2016 01 02 10 50  86  8.7 10.2  2.16  7.69  5.80 106 1014.6  26.6  27.5  23.3 99.0 99.00
2016 01 02 11 50  85  7.4  9.2  2.14  6.67  5.70  99 1015.4  26.6  27.5  23.4 99.0 99.00
2016 01 02 12 50  94  8.6 10.9  2.02  7.14  5.59 121 1016.0  27.3  27.5  23.3 99.0 99.00
2016 01 02 13 50  97  8.4  9.6  2.06  7.14  5.61 117 1016.7  27.4  27.5  23.1 99.0 99.00
2016 01 02 14 50 100  9.2 10.8  2.06  7.14  5.64  99 1016.5  27.4  27.6  22.9 99.0 99.00
2016 01 02 15 50 101  8.7 10.1  1.94  7.14  5.46 113 1015.7  27.3  27.6  23.0 99.0 99.00
2016 01 02 16 50 100  7.8  9.5  1.78  7.14  5.25 117 1014.9  27.3  27.6  23.3 99.0 99.00
2016 01 02 17 50 102  9.2 11.1  1.83  7.14  5.42 109 1014.1  26.9  27.6  23.0 99.0 99.00
2016 01 02 18 50  96  8.6 10.1  1.85  6.67  5.30 104 1013.6  25.7  27.6  22.4 99.0 99.00
2016 01 02 19 50 139  9.4 11.8  1.79  6.67  5.32 102 1013.5  25.9  27.6  22.2 99.0 99.00
2016 01 02 20 50  90  7.7  9.6  1.81  6.67  5.46 100 1013.7  26.4  27.6  23.9 99.0 99.00
2016 01 02 21 50 102  9.0 10.8  2.06  6.67  5.63 100 1013.8  27.3  27.6  23.0 99.0 99.00
2016 01 02 22 50 101  9.0 10.6  1.97  7.69  5.48 103 1014.4  27.3  27.6  22.2 99.0 99.00
2016 01 02 23 50 104  8.1  9.9  2.05  7.69  5.64 107 1015.2  27.3  27.5  22.2 99.0 99.00
2016 01 03 00 50 100  8.2 10.0  1.85  6.67  5.45 107 1015.4  27.2  27.5  22.4 99.0 99.00
2016 01 03 01 50 100  8.3  9.6  2.01  6.25  5.67  97 1015.7  27.2  27.5  21.8 99.0 99.00
2016 01 03 02 50  95  8.2  9.3  1.95  7.69  5.71 110 1015.7  27.1  27.5  22.1 99.0 99.00
2016 01 03 03 50  92  8.6 10.1  1.92  7.14  5.40 106 1015.4  27.0  27.5  21.6 99.0 99.00
2016 01 03 04 50  92  9.2 10.6  1.84  7.69  5.60 110 1014.8  26.9  27.5  21.1 99.0 99.00
2016 01 03 05 50  96  7.8  9.3  1.91  7.69  5.59 111 1014.6  26.7  27.5  21.6 99.0 99.00
2016 01 03 06 50  96  8.2 10.3  1.78  8.33  5.63 126 1013.6  26.7  27.5  21.9 99.0 99.00
2016 01 03 07 50  97  9.0 11.4  1.81  7.69  5.59 112 1012.8  26.8  27.5  21.8 99.0 99.00
2016 01 03 08 50  89  9.3 12.1  1.81  7.14  5.49 100 1013.0  26.7  27.5  22.1 99.0 99.00
2016 01 03 09 50  87  9.3 11.4  1.82  6.67  5.50  99 1013.5  26.7  27.5  21.8 99.0 99.00
2016 01 03 10 50  86  8.8 10.5  1.96  7.14  5.69 105 1014.2  26.8  27.5  22.0 99.0 99.00
2016 01 03 11 50  84  9.5 11.3  1.75  8.33  5.41 106 1015.0  26.9  27.5  21.8 99.0 99.00
2016 01 03 12 50  82  9.0 11.1  1.81  7.14  5.35 107 1015.9  27.0  27.5  22.1 99.0 99.00
2016 01 03 13 50  96  9.0 11.1  1.78  7.14  5.41 116 1016.0  27.2  27.5  21.9 99.0 99.00
2016 01 03 14 50  93  8.6 10.7  1.99  6.25  5.50 114 1016.1  27.2  27.5  22.0 99.0 99.00
2016 01 03 15 50  98  9.1 10.9  1.84  7.14  5.50 121 1015.9  27.3  27.5  21.5 99.0 99.00
2016 01 03 16 50 102  9.2 10.8  1.89  7.69  5.54 126 1014.9  27.3  27.5  21.7 99.0 99.00
2016 01 03 17 50 114  8.5  9.9  1.99  7.14  5.57 118 1014.2  27.2  27.6  21.3 99.0 99.00
2016 01 03 18 50 108  7.9  9.6  1.81  6.67  5.41 118 1013.6  27.2  27.6  21.7 99.0 99.00
2016 01 03 19 50 108  8.5  9.7  1.74  7.14  5.31 128 1013.0  27.2  27.6  21.2 99.0 99.00
2016 01 03 20 50 104  8.2  9.9  1.76  7.14  5.45 126 1012.9  27.1  27.6  21.9 99.0 99.00
2016 01 03 21 50  98  8.4  9.8  1.70  6.67  5.40 122 1013.0  27.1  27.5  21.7 99.0 99.00
2016 01 03 22 50 103  8.8 10.8  1.73  7.14  5.39 125 1013.2  27.1  27.5  21.4 99.0 99.00
2016 01 03 23 50 101  8.2 10.0  1.69  6.67  5.37 116 1013.9  27.1  27.5  21.0 99.0 99.00
2016 01 04 00 50 108  8.6 10.1  1.72  6.67  5.32 119 1014.5  27.1  27.5  21.3 99.0 99.00
2016 01 04 01 50  96  8.2  9.8  1.73  6.67  5.21 117 1014.9  27.2  27.5  21.6 99.0 99.00
2016 01 04 02 50  89  8.8 10.5  1.77  6.67  5.39 121 1014.7  27.0  27.5  21.8 99.0 99.00
2016 01 04 03 50  97  8.0  9.4  1.77  6.25  5.39 119 1014.5  27.0  27.5  21.7 99.0 99.00
2016 01 04 04 50  89  7.8 10.1  1.67  7.14  5.23 128 1014.0  26.6  27.5  22.1 99.0 99.00
2016 01 04 05 50 104  7.6  8.6  1.88  7.14  5.36 123 1013.6  26.8  27.5  21.4 99.0 99.00
2016 01 04 06 50  97  7.2  8.7  1.68  5.56  5.31 118 1013.1  26.8  27.5  20.6 99.0 99.00
2016 01 04 07 50  97  7.2  8.4  1.69  6.67  5.32 125 1012.6  26.6  27.5  21.7 99.0 99.00
2016 01 04 08 50 100  7.5  9.0  1.71  6.25  5.51 118 1012.7  26.7  27.5  22.0 99.0 99.00
2016 01 04 09 50  96  7.7  8.9  1.64  6.67  5.35 128 1012.6  26.7  27.5  22.3 99.0 99.00
2016 01 04 10 50  99  7.7  9.2  1.58  6.67  5.32 121 1013.1  26.6  27.5  22.5 99.0 99.00
2016 01 04 11 50  99  8.1  9.3  1.49  6.25  5.11 127 1013.9  27.0  27.5  22.6 99.0 99.00
2016 01 04 12 50  97  7.7  9.2  1.57  6.25  5.21 111 1014.8  27.1  27.5  22.6 99.0 99.00
2016 01 04 13 50 102  9.1 10.8  1.67  6.25  5.10 113 1015.1  27.3  27.5  22.6 99.0 99.00
2016 01 04 14 50 112  8.7  9.9  1.48  5.88  4.90 113 1015.0  27.3  27.5  22.3 99.0 99.00
2016 01 04 15 50 112  7.8  9.1  1.63  6.25  5.16 122 1014.8  27.3  27.5  22.6 99.0 99.00
2016 01 04 17 50 105  7.6  9.0  1.69  6.25  5.12 113 1012.9  27.3  27.6  23.2 99.0 99.00
2016 01 04 18 50 106  7.4  8.8  1.67  6.67  5.16 117 1012.2  27.2  27.6  23.2 99.0 99.00
2016 01 04 19 50 104  8.0  9.4  1.50  5.88  5.09 116 1012.1  27.2  27.6  23.4 99.0 99.00
2016 01 04 20 50 105  7.4  8.7  1.63  6.67  5.24 115 1012.3  27.3  27.6  23.2 99.0 99.00
2016 01 04 21 50 111  8.2  9.8  1.52  6.25  5.22 119 1012.6  27.1  27.6  23.6 99.0 99.00
2016 01 04 22 50 101  6.6  7.6  1.54  6.67  5.23 123 1013.1  27.0  27.6  23.6 99.0 99.00
2016 01 04 23 50 108  7.8  9.1  1.57  7.14  5.38 120 1013.7  27.0  27.6  23.6 99.0 99.00
2016 01 05 00 50 108  6.9  8.0  1.62  7.14  5.28 125 1014.2  26.8  27.6  23.8 99.0 99.00
2016 01 05 01 50 106  6.8  8.0  1.55  7.14  5.26 129 1014.8  26.9  27.5  23.9 99.0 99.00
2016 01 05 02 50  96  8.3  9.7  1.52  7.14  5.25 127 1014.8  26.6  27.5  24.0 99.0 99.00
2016 01 05 03 50 106  7.1  8.5  1.60  7.14  5.22 125 1014.9  26.7  27.5  24.0 99.0 99.00
2016 01 05 04 50  98  7.2  8.4  1.58  6.67  5.13 118 1014.4  26.8  27.5  23.8 99.0 99.00
2016 01 05 05 50 108  8.0  9.3  1.49  6.67  5.23 121 1013.7  26.8  27.5  23.8 99.0 99.00
2016 01 05 06 50 108  7.9  9.2  1.60  6.67  5.22 118 1013.1  26.8  27.5  23.6 99.0 99.00
2016 01 05 07 50 108  6.8  8.1  1.46  7.14  5.31 117 1012.9  26.7  27.5  23.9 99.0 99.00
2016 01 05 08 50 105  7.3  8.7  1.42  6.25  5.14 115 1013.1  26.7  27.5  23.9 99.0 99.00
2016 01 05 09 50 102  7.5  8.9  1.47  7.14  5.26 125 1013.6  26.7  27.5  23.8 99.0 99.00
2016 01 05 10 50 101  6.9  8.1  1.42  7.14  5.16 124 1014.2  26.7  27.5  24.0 99.0 99.00
2016 01 05 11 50 108  7.0  8.3  1.49  7.14  5.47 124 1015.1  27.1  27.5  23.9 99.0 99.00
2016 01 05 12 50 101  7.3  8.6  1.57  7.14  5.19 117 1016.0  27.3  27.5  24.1 99.0 99.00
2016 01 05 13 50 101  7.0  8.5  1.52  7.14  5.36 116 1016.5  27.2  27.6  24.0 99.0 99.00
2016 01 05 14 50 108  6.6  7.7  1.54  7.14  5.12 117 1016.5  27.4  27.6  23.9 99.0 99.00
2016 01 05 15 50 103  6.3  7.7  1.51  6.67  5.28 129 1016.0  27.5  27.6  24.1 99.0 99.00
2016 01 05 16 50 101  6.2  7.4  1.52  6.67  5.21 120 1015.1  27.4  27.7  24.1 99.0 99.00
2016 01 05 17 50 115  6.9  8.4  1.47  7.14  5.28 118 1014.1  27.3  27.7  23.8 99.0 99.00
2016 01 05 18 50 109  6.5  7.8  1.44  6.67  5.24 126 1013.3  27.4  27.7  23.8 99.0 99.00
2016 01 05 19 50 110  7.1  8.4  1.38  7.69  5.15 119 1012.9  27.3  27.7  23.9 99.0 99.00
2016 01 05 20 50 106  6.9  8.4  1.38  6.67  5.09 133 1013.3  27.3  27.7  23.7 99.0 99.00
2016 01 05 21 50 102  7.2  8.5  1.48  6.67  5.27 125 1013.6  27.2  27.7  23.9 99.0 99.00
2016 01 05 22 50  99  6.6  7.7  1.44  6.67  5.43 120 1014.1  27.2  27.7  23.9 99.0 99.00
2016 01 05 23 50 110  7.8  9.1  1.33  7.14  5.19 125 1014.7  26.7  27.6  23.7 99.0 99.00
2016 01 06 00 50  99  7.0  8.6  1.43  7.14  5.24 128 1015.2  27.0  27.6  22.7 99.0 99.00
2016 01 06 01 50  71  9.0 11.7  1.44  7.14  5.19 121 1015.5  25.9  27.6  24.0 99.0 99.00
2016 01 06 02 50 111  7.4  8.6  1.58  7.14  5.16 115 1016.0  24.8  27.6  23.6 99.0 99.00
2016 01 06 03 50  93  8.2  9.5  1.57  7.14  5.02 113 1015.1  25.2  27.6  22.8 99.0 99.00
2016 01 06 04 50  89  9.8 11.5  1.69  6.67  5.14 125 1015.1  24.9  27.6  23.1 99.0 99.00
2016 01 06 05 50  82  4.9  6.4  1.61  7.14  5.09 114 1014.9  25.3  27.6  22.7 99.0 99.00
2016 01 06 06 50  64  7.6  9.4  1.57  7.14  4.88 124 1014.2  24.7  27.5  22.2 99.0 99.00
2016 01 06 07 50  56  5.5  6.3  1.40  6.67  5.15 116 1013.8  25.7  27.5  21.9 99.0 99.00
2016 01 06 08 50  80  6.9  8.2  1.34  7.69  5.05 120 1013.9  25.1  27.5  22.8 99.0 99.00
2016 01 06 09 50  93  7.1  8.1  1.32  7.14  5.32 119 1014.3  25.6  27.5  23.0 99.0 99.00
2016 01 06 10 50 103  7.6  8.8  1.33  6.67  5.25 114 1014.6  26.6  27.5  23.1 99.0 99.00
2016 01 06 11 50  94  7.5  9.8  1.32  7.14  4.91 123 1015.1  25.4  27.5  22.1 99.0 99.00
2016 01 06 13 50  84  6.2  7.6  1.37  5.88  5.22 113 1016.9  26.5  27.6  23.8 99.0 99.00
2016 01 06 14 50  85  7.7  9.0  1.34  6.67  5.03 125 1016.8  26.5  27.6  23.3 99.0 99.00
2016 01 06 15 50  84  6.4  7.5  1.30  7.14  5.19 129 1016.6  26.2  27.6  23.5 99.0 99.00
2016 01 06 16 50  80  5.2  6.1  1.36  6.67  5.05 128 1015.7  26.3  27.6  22.6 99.0 99.00
2016 01 06 17 50  87  6.4  7.5  1.28  6.67  5.01 126 1014.4  26.7  27.7  23.4 99.0 99.00
2016 01 06 18 50  98  6.2  7.7  1.31  4.76  4.86 112 1013.9  26.1  27.7  23.1 99.0 99.00
2016 01 06 19 50  90  6.0  7.0  1.24  6.67  5.01 129 1013.7  26.1  27.7  23.3 99.0 99.00
2016 01 06 20 50 110  7.0  7.9  1.09  6.25  4.94 115 1013.5  27.2  27.7  23.1 99.0 99.00
2016 01 06 21 50 103  5.9  7.0  1.13  6.67  5.01 132 1013.8  26.8  27.7  24.0 99.0 99.00
2016 01 06 22 50 118  5.9  7.2  1.15  9.09  5.03 126 1014.3  27.2  27.6  23.4 99.0 99.00
2016 01 06 23 50 120  6.6  8.0  1.24  6.67  5.12 127 1014.7  27.3  27.6  22.7 99.0 99.00
2016 01 07 00 50 107  6.2  7.3  1.24  6.67  5.16 123 1015.2  26.9  27.6  23.4 99.0 99.00
2016 01 07 01 50 103  6.5  7.7  1.21 10.00  5.18 123 1015.6  26.9  27.6  23.4 99.0 99.00
2016 01 07 02 50 111  5.9  7.0  1.23  6.25  5.19 128 1016.1  27.1  27.6  23.2 99.0 99.00
2016 01 07 03 50 101  7.1  8.3  1.23  6.25  5.25 131 1015.2  26.9  27.6  23.4 99.0 99.00
2016 01 07 04 50 104  6.2  7.3  1.26  9.09  5.22 102 1015.0  26.8  27.6  23.7 99.0 99.00
2016 01 07 05 50 105  7.9  8.8  1.26  5.88  4.97 134 1013.9  26.9  27.6  23.2 99.0 99.00
2016 01 07 06 50 104  6.4  7.5  1.31  5.88  5.18 126 1013.6  26.8  27.6  23.3 99.0 99.00
2016 01 07 07 50 106  6.6  7.7  1.24 10.00  5.10 112 1013.1  26.8  27.5  23.2 99.0 99.00
2016 01 07 08 50  98  7.2  8.8  1.24  9.09  4.97 114 1013.1  26.7  27.5  23.0 99.0 99.00
2016 01 07 09 50 101  7.5  9.4  1.20 10.00  4.82 121 1013.3  26.8  27.5  23.1 99.0 99.00
2016 01 07 10 50 101  8.3  9.6  1.29  9.09  4.93 121 1013.6  26.8  27.5  23.2 99.0 99.00
2016 01 07 11 50 103  8.6  9.8  1.26  6.25  4.85 124 1014.4  27.1  27.5  23.0 99.0 99.00
2016 01 07 12 50 104  8.2  9.8  1.40 10.00  5.09 118 1015.4  27.1  27.5  23.2 99.0 99.00
2016 01 07 13 50 106  8.6 10.0  1.40  5.88  4.68 116 1015.8  27.2  27.5  23.1 99.0 99.00
2016 01 07 14 50 109  8.1  9.4  1.41  5.56  4.86 123 1016.0  27.2  27.5  23.4 99.0 99.00
2016 01 07 15 50 104  7.2  8.8  1.48  5.88  4.92 121 1015.6  27.2  27.5  23.7 99.0 99.00
2016 01 07 16 50 113  7.7  9.0  1.71  5.56  5.41 113 1014.7  27.2  27.6  23.3 99.0 99.00
2016 01 07 17 50 113  7.5  8.8  1.60  5.56  5.26 129 1013.6  27.2  27.6  23.1 99.0 99.00
2016 01 07 18 50 117  7.0  8.8  1.68 16.00  5.68  23 1012.7  27.3  27.6  23.0 99.0 99.00
2016 01 07 19 50 122  7.3  8.8  1.70 14.81  5.84 360 1012.4  27.2  27.6  23.0 99.0 99.00
2016 01 07 20 50 116  7.8  9.2  1.91 16.00  6.27  16 1012.1  27.1  27.6  22.7 99.0 99.00
2016 01 07 21 50 108  7.4  8.7  2.04 16.00  6.68  13 1012.2  26.9  27.6  23.3 99.0 99.00
2016 01 07 22 50 104  7.1  8.5  1.94 14.81  6.45  24 1012.5  26.8  27.5  23.3 99.0 99.00
2016 01 08 00 50 100  6.1  7.1  2.05 14.81  6.92  19 1014.2  26.9  27.5  23.5 99.0 99.00
2016 01 08 01 50  99  6.4  7.3  1.87 14.81  6.40  11 1014.6  27.0  27.5  23.4 99.0 99.00
2016 01 08 02 50 104  7.0  8.1  1.91 14.81  6.33  20 1014.5  27.0  27.5  23.2 99.0 99.00
2016 01 08 03 50 106  6.5  7.7  1.83 13.79  6.26  22 1014.4  27.0  27.5  23.2 99.0 99.00
2016 01 08 04 50 104  6.7  8.2  1.79 14.81  6.21   9 1014.0  26.9  27.5  23.1 99.0 99.00
2016 01 08 05 50 102  6.2  7.0  1.91 14.81  6.52   8 1013.4  26.8  27.5  22.9 99.0 99.00
2016 01 08 06 50  91  5.3  6.2  1.80 13.79  6.21  11 1012.6  26.7  27.5  23.4 99.0 99.00
2016 01 08 07 50  99  6.4  7.6  1.64 14.81  6.04  17 1012.3  26.7  27.5  22.5 99.0 99.00
2016 01 08 08 50  96  6.5  7.6  1.86 13.79  6.62  15 1012.3  26.7  27.5  22.6 99.0 99.00
2016 01 08 09 50 101  6.1  7.4  1.84 13.79  6.60  15 1012.5  26.7  27.5  22.8 99.0 99.00
2016 01 08 10 50 102  6.5  7.5  1.71 13.79  6.74  13 1012.8  26.7  27.5  22.7 99.0 99.00
2016 01 08 11 50  96  6.5  7.4  1.66 13.79  6.56  21 1013.6  26.9  27.5  22.6 99.0 99.00
2016 01 08 12 50  96  6.5  7.6  1.61 13.79  6.46   3 1014.4  27.0  27.5  22.7 99.0 99.00
2016 01 08 13 50  99  7.2  8.5  1.59 10.00  6.14 114 1015.2  27.1  27.5  22.5 99.0 99.00
2016 01 08 14 50 102  6.4  7.4  1.64 13.79  6.40 356 1015.0  27.1  27.6  22.7 99.0 99.00
2016 01 08 15 50  98  6.0  7.2  1.44 12.12  5.82  21 1014.6  27.1  27.6  23.1 99.0 99.00
2016 01 08 16 50 102  5.7  7.0  1.50 13.79  5.87 259 1013.9  27.0  27.7  22.9 99.0 99.00
2016 01 08 17 50 101  5.0  5.9  1.59 13.79  6.04  22 1013.0  26.9  27.7  22.7 99.0 99.00
2016 01 08 18 50  99  4.6  5.7  1.53 13.79  6.21 352 1012.2  26.9  27.8  23.2 99.0 99.00
2016 01 08 19 50  99  4.3  5.2  1.55 12.90  6.24 355 1011.9  27.0  27.8  22.5 99.0 99.00
2016 01 08 20 50  90  4.7  5.6  1.47 12.90  6.06  17 1011.9  27.1  27.7  22.2 99.0 99.00
2016 01 08 21 50  79  4.8  5.7  1.52 12.90  6.43  12 1012.4  27.0  27.7  22.5 99.0 99.00
2016 01 08 22 50  88  5.3  6.3  1.40 10.81  6.62  77 1012.6  26.8  27.7  22.5 99.0 99.00
2016 01 08 23 50  86  5.3  6.3  1.46 10.81  7.04  78 1013.1  26.9  27.6  22.6 99.0 99.00
2016 01 09 00 50  83  5.7  6.6  1.45 12.90  7.23  14 1013.4  26.8  27.6  22.9 99.0 99.00
2016 01 09 01 50  91  6.1  7.2  1.50 12.90  7.01   5 1013.7  26.8  27.6  23.2 99.0 99.00
2016 01 09 02 50  99  5.5  7.8  1.38 10.00  6.52 104 1013.9  26.9  27.6  23.5 99.0 99.00
2016 01 09 03 50  94  6.2  7.3  1.32 12.90  6.11   6 1013.7  26.8  27.6  23.0 99.0 99.00
2016 01 09 04 50  87  6.0  7.1  1.43 12.12  6.37   4 1013.4  26.8  27.6  22.6 99.0 99.00
2016 01 09 05 50  94  5.4  6.6  1.37 10.00  6.02  88 1012.8  26.6  27.6  22.6 99.0 99.00
2016 01 09 06 50  86  5.4  6.5  1.34 10.00  5.78  87 1012.1  26.6  27.5  22.0 99.0 99.00
2016 01 09 07 50  96  5.3  6.1  1.42 10.00  6.25  77 1011.5  26.5  27.5  22.3 99.0 99.00
2016 01 09 08 50  89  4.8  5.9  1.31 10.81  6.11  86 1011.5  26.4  27.5  22.3 99.0 99.00
2016 01 09 09 50  72  5.1  5.9  1.35 10.00  6.45  80 1011.6  26.4  27.5  22.2 99.0 99.00
2016 01 09 10 50  70  5.8  6.7  1.26 11.43  6.58  33 1012.0  26.5  27.6  22.1 99.0 99.00
2016 01 09 11 50  77  5.3  6.3  1.18 11.43  6.51  19 1013.1  26.6  27.5  22.3 99.0 99.00
2016 01 09 12 50  80  5.2  6.2  1.22 11.43  6.58  28 1014.0  26.9  27.6  21.9 99.0 99.00
2016 01 09 13 50  80  6.2  7.0  1.08 10.81  6.06  59 1014.4  26.9  27.5  22.3 99.0 99.00
2016 01 09 14 50  82  5.3  6.5  1.18 10.00  6.39  78 1014.5  26.9  27.6  22.7 99.0 99.00
2016 01 09 15 50  82  5.6  6.6  1.09 10.00  6.09  89 1014.1  27.0  27.6  22.7 99.0 99.00
2016 01 09 16 50  83  5.4  6.4  1.05 10.81  5.69  42 1013.6  27.0  27.7  22.6 99.0 99.00
2016 01 09 17 50  91  4.9  5.9  1.04 10.00  5.60  96 1012.7  27.0  27.7  22.8 99.0 99.00
2016 01 09 18 50  85  4.6  5.7  1.03 11.43  5.60  35 1011.9  27.1  27.8  22.8 99.0 99.00
2016 01 09 19 50  73  5.3  6.0  1.05 10.81  5.62  40 1011.9  27.1  27.8  22.9 99.0 99.00
2016 01 09 20 50  78  5.6  6.4  1.02 10.00  5.41  98 1011.8  27.1  27.8  22.6 99.0 99.00
2016 01 09 21 50  68  6.1  7.3  1.04 10.00  5.60  58 1012.2  27.0  27.7  22.6 99.0 99.00
2016 01 09 22 50  66  6.1  7.0  1.04 10.81  5.46  38 1012.4  26.9  27.7  23.1 99.0 99.00
2016 01 09 23 50  59  6.3  7.3  1.04 10.81  5.55  55 1012.9  26.9  27.7  22.8 99.0 99.00
2016 01 10 00 50  58  6.4  7.3  0.96 10.00  5.28  53 1013.4  26.8  27.6  22.8 99.0 99.00
2016 01 10 01 50  65  6.4  7.3  0.96 10.00  5.28  34 1013.8  26.8  27.6  22.9 99.0 99.00
2016 01 10 02 50  65  6.3  7.4  1.01 11.43  5.48  13 1013.9  26.8  27.6  22.8 99.0 99.00
2016 01 10 03 50  59  6.3  7.4  0.94 10.81  5.27  37 1013.7  26.7  27.5  22.9 99.0 99.00
2016 01 10 04 50  60  6.6  7.5  0.96 10.00  4.89  49 1013.3  26.7  27.5  23.1 99.0 99.00
2016 01 10 05 50  59  6.7  7.6  1.10 10.00  5.28  74 1012.7  26.8  27.5  23.4 99.0 99.00
2016 01 10 06 50  67  6.9  7.8  1.02  9.09  4.77  49 1011.8  26.5  27.5  23.2 99.0 99.00
2016 01 10 07 50  59  6.7  7.9  1.03 10.00  4.83  35 1011.5  26.5  27.5  23.3 99.0 99.00
2016 01 10 08 50  61  6.4  7.5  0.97 10.00  4.53  61 1011.8  26.6  27.5  23.4 99.0 99.00
2016 01 10 09 50  67  6.1  7.5  1.01 10.00  4.78  89 1012.4  26.7  27.5  23.5 99.0 99.00
2016 01 10 10 50  83  6.3  7.4  1.07 10.00  4.86  73 1012.8  26.7  27.5  23.0 99.0 99.00
2016 01 10 11 50  75  6.6  7.4  0.96 10.00  4.71  60 1013.5  26.9  27.5  23.0 99.0 99.00
2016 01 10 12 50  74  6.5  7.5  0.88 10.81  4.69  24 1014.5  27.0  27.5  23.4 99.0 99.00
2016 01 10 13 50  83  6.2  7.0  0.98  9.09  5.09  72 1015.0  27.2  27.5  23.3 99.0 99.00
2016 01 10 14 50  87  6.2  7.4  1.00  9.09  4.90  66 1015.2  27.1  27.6  23.3 99.0 99.00
2016 01 10 15 50  78  5.4  6.5  0.99 10.00  4.83 100 1015.0  26.6  27.7  22.9 99.0 99.00
2016 01 10 16 50  89  6.0  7.0  1.00 10.00  5.00  93 1014.1  27.0  27.7  22.3 99.0 99.00
2016 01 10 17 50  83  6.0  7.0  1.03 12.90  5.09  24 1013.2  26.8  27.7  23.0 99.0 99.00
2016 01 10 18 50  74  5.3  6.4  1.03 10.00  5.19  53 1012.6  24.8  27.7  22.7 99.0 99.00
2016 01 10 19 50 125  4.8  5.9  1.10 12.12  5.20  27 1012.4  25.7  27.7  23.6 99.0 99.00
2016 01 10 20 50 110  6.4  7.6  1.13 12.12  5.44  21 1012.7  26.8  27.7  23.4 99.0 99.00
2016 01 10 21 50 105  5.6  6.4  1.08 12.90  5.19 353 1013.0  26.7  27.7  23.5 99.0 99.00
2016 01 10 22 50  97  5.1  6.2  1.17 12.12  5.08  11 1013.4  26.8  27.6  23.4 99.0 99.00
2016 01 10 23 50  82  4.6  5.6  1.25 11.43  5.79 360 1014.1  26.9  27.6  23.9 99.0 99.00
2016 01 11 00 50  88  4.7  5.3  1.11 12.90  5.94  14 1014.8  26.9  27.6  23.8 99.0 99.00
2016 01 11 01 50  56  4.6  5.9  1.23 11.43  5.93  29 1015.2  25.7  27.6  23.3 99.0 99.00
2016 01 11 02 50 122  6.6  8.6  1.20 10.81  5.81  31 1015.3  25.6  27.6  23.0 99.0 99.00
2016 01 11 03 50  60  4.7  5.7  1.25 10.00  6.07  28 1015.1  26.2  27.6  23.7 99.0 99.00
2016 01 11 04 50  91  7.5  8.3  1.23 10.00  5.87  49 1014.6  25.7  27.6  23.4 99.0 99.00
2016 01 11 05 50  81  7.6  8.9  1.24 11.43  5.52  17 1014.3  26.3  27.6  22.9 99.0 99.00
2016 01 11 06 50  87  4.4  5.4  1.22 11.43  5.42  34 1013.7  26.0  27.6  23.3 99.0 99.00
2016 01 11 07 50  97  4.9  5.8  1.24 11.43  5.55  28 1013.5  26.2  27.6  23.4 99.0 99.00
2016 01 11 08 50  74  9.0 10.8  1.28 11.43  5.98  16 1013.8  25.1  27.5  22.8 99.0 99.00
2016 01 11 09 50 106  4.8  6.9  1.33 10.81  6.10  21 1014.3  26.5  27.5  23.3 99.0 99.00
2016 01 11 10 50  96  7.3  8.4  1.27 10.81  5.59  24 1014.5  27.0  27.5  22.7 99.0 99.00
2016 01 11 11 50  71  6.3  8.6  1.29 10.81  5.25  23 1015.2  26.3  27.5  22.9 99.0 99.00
2016 01 11 12 50  82  8.7 10.2  1.19 10.00  5.21  16 1015.9  27.1  27.5  21.7 99.0 99.00
2016 01 11 13 50  79  8.2 10.1  1.21 10.00  4.90  20 1016.8  27.0  27.5  22.4 99.0 99.00
2016 01 11 14 50  88  7.6  8.9  1.31 10.81  5.26  18 1016.7  27.1  27.5  22.7 99.0 99.00
2016 01 11 15 50  87  7.2  8.1  1.25 11.43  5.00  27 1016.3  27.1  27.6  22.7 99.0 99.00
2016 01 11 16 50  90  7.5  8.7  1.41 10.81  5.11 101 1015.6  27.0  27.6  22.6 99.0 99.00
2016 01 11 17 50  90  6.7  7.8  1.31  5.00  5.02 112 1014.7  26.9  27.7  22.3 99.0 99.00
2016 01 11 18 50  83  6.8  7.6  1.28 10.81  5.16  30 1013.9  26.9  27.7  22.1 99.0 99.00
2016 01 11 19 50  85  6.6  7.6  1.35 12.12  5.28  39 1013.5  26.9  27.7  22.1 99.0 99.00
2016 01 11 20 50  87  6.0  7.5  1.26 11.43  5.29  78 1013.6  27.0  27.7  22.0 99.0 99.00
2016 01 11 21 50  92  6.2  7.9  1.26 12.12  5.35  21 1014.0  26.9  27.6  22.3 99.0 99.00
2016 01 11 22 50  97  5.2  6.0  1.36 11.43  5.48  13 1014.2  26.9  27.6  22.3 99.0 99.00
2016 01 11 23 50  94  6.3  7.1  1.18 11.43  5.28  19 1014.9  26.8  27.6  22.3 99.0 99.00
2016 01 12 00 50  86  5.7  7.0  1.07 11.43  5.35   5 1015.6  26.9  27.5  21.9 99.0 99.00
2016 01 12 01 50  74  6.0  7.0  1.31 11.43  6.06  17 1016.2  26.8  27.5  22.5 99.0 99.00
2016 01 12 02 50  79  6.0  6.9  1.10 10.81  5.52  57 1016.4  26.8  27.5  21.8 99.0 99.00
2016 01 12 03 50  82  6.6  7.9  1.12  9.09  5.50  34 1015.9  26.8  27.5  22.0 99.0 99.00
2016 01 12 04 50  94  6.2  7.5  1.07 14.81  5.26 358 1015.8  26.6  27.5  22.2 99.0 99.00
2016 01 12 05 50  91  6.2  7.3  1.18 13.79  5.50 349 1015.2  26.5  27.5  22.0 99.0 99.00
2016 01 12 06 50  91  6.4  7.6  1.21 14.81  5.52   8 1014.3  26.5  27.5  22.0 99.0 99.00
2016 01 12 07 50  93  5.9  7.2  1.30 13.79  6.04   7 1014.0  26.4  27.5  22.1 99.0 99.00
2016 01 12 08 50  84  6.6  8.0  1.19 13.79  5.50  18 1013.9  26.5  27.4  21.8 99.0 99.00
2016 01 12 09 50  96  6.5  7.7  1.30 13.79  5.62  12 1013.9  26.4  27.4  22.4 99.0 99.00
2016 01 12 10 50  95  7.5  9.1  1.30 13.79  5.69 359 1014.3  26.5  27.4  22.1 99.0 99.00
2016 01 12 11 50  95  6.8  8.2  1.34 14.81  5.80  24 1015.1  26.6  27.4  21.9 99.0 99.00
2016 01 12 12 50  99  6.6  7.9  1.32 12.90  5.80  19 1016.2  26.8  27.4  22.0 99.0 99.00
2016 01 12 13 50 102  7.4  8.5  1.42 13.79  6.24  31 1016.9  26.8  27.5  21.8 99.0 99.00
2016 01 12 14 50  97  6.3  7.7  1.39 14.81  5.97  95 1016.9  26.9  27.5  22.1 99.0 99.00
2016 01 12 15 50 101  6.7  8.0  1.34 13.79  5.76  31 1016.4  26.9  27.5  22.1 99.0 99.00
2016 01 12 16 50 112  6.6  8.5  1.31 14.81  5.77  64 1015.1  26.8  27.6  22.0 99.0 99.00
2016 01 12 17 50 110  6.8  8.0  1.25 16.00  5.55  56 1014.1  26.8  27.6  22.0 99.0 99.00
2016 01 12 18 50 113  6.4  7.7  1.30 14.81  5.75  49 1013.6  26.8  27.6  21.9 99.0 99.00
2016 01 12 19 50 112  5.8  7.0  1.27 16.00  5.59 123 1013.4  26.8  27.6  22.0 99.0 99.00
2016 01 12 20 50 117  5.4  6.4  1.28 13.79  5.57  21 1013.4  26.8  27.6  21.9 99.0 99.00
2016 01 12 21 50 111  4.7  5.9  1.28 13.79  5.34  48 1013.6  26.7  27.6  22.0 99.0 99.00
2016 01 12 22 50  99  4.9  5.8  1.39 16.00  5.97  49 1013.8  26.7  27.5  22.2 99.0 99.00
2016 01 12 23 50  91  4.6  5.3  1.26 12.12  5.65  19 1014.4  26.7  27.5  22.4 99.0 99.00
2016 01 13 00 50  79  7.7  9.9  1.19 16.00  5.62  51 1014.8  26.8  27.5  23.0 99.0 99.00
2016 01 13 01 50  87  9.1 10.2  1.20 16.00  5.24  64 1015.3  26.2  27.5  23.0 99.0 99.00
2016 01 13 02 50  85  9.4 10.6  1.24 12.90  5.05  20 1015.3  26.1  27.5  22.4 99.0 99.00
2016 01 13 03 50  80  9.5 11.3  1.48 14.81  5.50 115 1014.9  25.9  27.5  21.6 99.0 99.00
2016 01 13 04 50  70  5.8  6.7  1.55 12.90  6.05  32 1014.9  26.4  27.5  21.1 99.0 99.00
2016 01 13 05 50  57  7.7  9.1  1.54 16.00  5.87  98 1014.4  25.4  27.5  21.5 99.0 99.00
2016 01 13 06 50  88  6.6  7.7  1.33 14.81  5.50  80 1013.3  25.7  27.5  22.9 99.0 99.00
2016 01 13 07 50  76  7.1  8.6  1.32 14.81  6.26  54 1013.0  26.4  27.5  22.5 99.0 99.00
2016 01 13 08 50  74  6.9  8.4  1.29 14.81  5.77  50 1013.4  26.5  27.5  22.5 99.0 99.00
2016 01 13 09 50  69  6.9  7.9  1.35 14.81  5.49  84 1013.9  26.5  27.5  22.4 99.0 99.00
2016 01 13 10 50  78  6.8  8.3  1.24 16.00  5.39  48 1014.6  26.6  27.4  22.4 99.0 99.00
2016 01 13 11 50  76  6.5  7.6  1.22 16.00  5.12  73 1015.6  26.8  27.4  22.3 99.0 99.00
2016 01 13 12 50  75  6.5  7.5  1.23 16.00  5.19  65 1016.3  26.9  27.5  22.2 99.0 99.00
2016 01 13 13 50  78  5.8  6.9  1.36 16.00  5.87 100 1017.0  26.9  27.5  22.2 99.0 99.00
2016 01 13 14 50  84  6.0  6.9  1.37 14.81  6.32  78 1016.9  26.9  27.5  22.1 99.0 99.00
2016 01 13 15 50  79  5.9  6.8  1.34 16.00  6.07  96 1016.4  26.9  27.5  22.2 99.0 99.00
2016 01 13 16 50  79  5.2  6.3  1.36 14.81  5.95  67 1015.5  26.9  27.6  22.1 99.0 99.00
2016 01 13 17 50  82  6.4  7.6  1.32 14.81  5.91  95 1014.4  26.9  27.7  22.4 99.0 99.00
2016 01 13 18 50  80  6.6  7.9  1.41 14.81  6.23  94 1013.8  27.0  27.6  22.1 99.0 99.00
2016 01 13 19 50  79  7.1  8.5  1.43 13.79  5.81  70 1013.4  26.9  27.6  22.4 99.0 99.00
2016 01 13 20 50  82  7.6  8.9  1.27 12.12  5.22  54 1013.1  26.9  27.6  22.1 99.0 99.00
2016 01 13 21 50  76  7.6  8.9  1.56 14.81  5.93  62 1013.4  26.8  27.6  22.1 99.0 99.00
2016 01 13 22 50  77  7.5  8.7  1.45 14.81  5.40  58 1013.7  26.7  27.5  22.4 99.0 99.00
2016 01 13 23 50  83  7.6  9.2  1.36 16.00  5.35  85 1014.3  26.7  27.5  22.6 99.0 99.00
2016 01 14 00 50  69  8.0  9.2  1.59 14.81  5.66  81 1014.7  26.7  27.5  22.4 99.0 99.00
2016 01 14 01 50  67  7.7  9.0  1.41 14.81  5.39 105 1015.2  26.7  27.5  22.3 99.0 99.00
2016 01 14 02 50  64  8.0  9.3  1.55 16.00  5.98  90 1015.4  26.7  27.5  22.2 99.0 99.00
2016 01 14 03 50  69  8.2  9.6  1.48 14.81  5.55 101 1015.1  26.5  27.4  22.2 99.0 99.00
2016 01 14 04 50  63  8.0  9.4  1.54 14.81  5.76  53 1014.6  26.5  27.4  22.1 99.0 99.00
2016 01 14 05 50  58  7.9  9.6  1.52 16.00  5.49  79 1013.9  26.3  27.4  21.8 99.0 99.00
2016 01 14 06 50  57  7.5  8.8  1.63 14.81  5.94  70 1013.4  26.3  27.4  21.7 99.0 99.00
2016 01 14 07 50  56  7.4  8.7  1.61 16.00  5.64  41 1013.0  26.2  27.4  21.4 99.0 99.00
2016 01 14 08 50  66  7.0  8.6  1.51 14.81  5.44  36 1013.3  26.1  27.4  21.1 99.0 99.00
2016 01 14 09 50  55  7.2  9.0  1.48 12.90  5.54  93 1013.8  26.2  27.4  21.4 99.0 99.00
2016 01 14 10 50  67  7.6  9.7  1.51 13.79  5.48  92 1014.2  26.2  27.4  20.9 99.0 99.00
2016 01 14 11 50  65  7.9  9.6  1.40 14.81  5.10  70 1015.1  26.4  27.4  20.9 99.0 99.00
2016 01 14 12 50  71  7.7  9.3  1.34 14.81  5.12  67 1016.0  26.5  27.4  20.8 99.0 99.00
2016 01 14 13 50  68  7.3  9.1  1.29 13.79  5.22  74 1016.7  26.6  27.4  20.5 99.0 99.00
2016 01 14 14 50  70  7.5  9.6  1.28 14.81  5.14  65 1016.8  26.6  27.4  21.1 99.0 99.00
2016 01 14 15 50  55  7.2  8.7  1.37 13.79  5.34  67 1016.4  26.8  27.4  21.6 99.0 99.00
2016 01 14 16 50  69  7.6  9.0  1.38 13.79  5.15  97 1015.9  26.9  27.5  20.7 99.0 99.00
2016 01 14 17 50  76  7.0  8.0  1.30 13.79  5.04  35 1015.1  26.8  27.5  20.6 99.0 99.00
2016 01 14 18 50  65  6.8  8.4  1.31 13.79  5.11  60 1014.4  26.7  27.5  21.2 99.0 99.00
2016 01 14 19 50  81  6.7  7.9  1.30 13.79  5.06  50 1014.0  26.8  27.5  20.8 99.0 99.00
2016 01 14 20 50  91  7.2  8.6  1.20  5.00  5.02  68 1013.9  26.9  27.5  21.1 99.0 99.00
2016 01 14 21 50  83  7.5  9.0  1.26 13.79  4.95  65 1014.2  26.9  27.5  20.5 99.0 99.00
2016 01 14 22 50  81  7.1  8.3  1.20  4.76  4.67  81 1014.4  26.7  27.4  21.3 99.0 99.00
2016 01 14 23 50  89  7.5  8.9  1.22  5.00  4.65  76 1014.8  26.6  27.4  21.4 99.0 99.00
2016 01 15 00 50  80  7.3  8.8  1.12  5.56  4.67  76 1015.2  26.7  27.5  20.8 99.0 99.00
2016 01 15 01 50  81  7.2  8.5  1.12 14.81  4.51 113 1015.4  26.6  27.4  21.6 99.0 99.00
2016 01 15 02 50  86  6.8  8.0  1.15  5.56  4.77  73 1015.8  26.7  27.4  21.5 99.0 99.00
2016 01 15 03 50  89  7.0  8.4  1.28 13.79  5.07  70 1015.6  26.6  27.4  20.9 99.0 99.00
2016 01 15 04 50  86  6.8  8.0  1.25 13.79  5.03  87 1015.2  26.5  27.4  20.9 99.0 99.00
2016 01 15 05 50  75  6.7  7.8  1.09 13.79  4.98  43 1014.6  26.4  27.4  20.8 99.0 99.00
2016 01 15 06 50  68  6.9  8.1  1.16 12.90  5.02 137 1013.7  26.3  27.4  20.7 99.0 99.00
2016 01 15 07 50  72  6.6  7.7  1.13 13.79  5.01  73 1013.2  26.3  27.4  21.3 99.0 99.00
2016 01 15 08 50  91  6.5  7.9  1.13 13.79  4.79  53 1013.2  26.4  27.4  21.3 99.0 99.00
2016 01 15 09 50  92  6.7  8.1  1.16 12.90  4.91  71 1013.5  26.4  27.4  21.3 99.0 99.00
2016 01 15 10 50  85  6.7  7.8  1.21 12.90  4.73  59 1014.0  26.4  27.4  21.0 99.0 99.00
2016 01 15 11 50 100  6.9  8.0  1.18 13.79  4.75  91 1014.6  26.5  27.4  21.4 99.0 99.00
2016 01 15 12 50 105  7.1  9.1  1.11 12.90  4.63 115 1015.3  26.6  27.4  21.7 99.0 99.00
2016 01 15 13 50 106  7.7  9.6  1.13 13.79  4.44  64 1015.6  26.9  27.4  20.9 99.0 99.00
2016 01 15 14 50 100  7.8 10.1  1.17 12.90  4.51  86 1015.6  26.9  27.4  21.2 99.0 99.00
2016 01 15 15 50 105  7.6  9.0  1.20 12.90  4.54  79 1015.1  26.8  27.5  21.2 99.0 99.00
2016 01 15 16 50  93  7.5  8.9  1.15 12.90  4.61 106 1014.1  26.8  27.5  21.3 99.0 99.00
2016 01 15 17 50 106  7.3  8.3  1.18 13.79  4.78  77 1013.1  26.8  27.5  21.2 99.0 99.00
2016 01 15 18 50 102  7.8 10.5  1.26  5.00  4.82  92 1012.3  26.8  27.5  21.5 99.0 99.00
2016 01 15 19 50 115  8.1 10.2  1.37  5.56  4.84 100 1012.0  26.7  27.5  21.6 99.0 99.00
2016 01 15 20 50 112  7.8  9.3  1.26 12.90  4.80  85 1012.1  26.7  27.5  22.2 99.0 99.00
2016 01 15 21 50 108  8.3 10.5  1.31 12.90  4.69  94 1012.2  26.8  27.5  21.8 99.0 99.00
2016 01 15 22 50 100  8.7  9.9  1.45 12.90  4.95 122 1012.4  26.8  27.5  21.4 99.0 99.00
2016 01 15 23 50  98  8.1  9.8  1.38  5.26  4.85 101 1012.9  26.8  27.4  21.3 99.0 99.00
2016 01 16 00 50 106  8.1  9.4  1.37  5.56  4.73 105 1013.3  26.7  27.4  21.3 99.0 99.00
2016 01 16 01 50 102  8.6  9.9  1.31  5.26  4.71  96 1013.7  26.7  27.4  21.2 99.0 99.00
2016 01 16 02 50 110  7.5  8.9  1.23  5.56  4.81 103 1014.0  26.7  27.4  21.4 99.0 99.00
2016 01 16 03 50 118  7.1  8.7  1.28  5.56  4.77 107 1013.6  26.7  27.4  21.5 99.0 99.00
2016 01 16 04 50 114  7.0  8.4  1.25  5.88  4.73  99 1013.1  26.8  27.4  21.5 99.0 99.00
2016 01 16 05 50 103  7.0  8.2  1.27  6.25  4.74 100 1012.2  26.4  27.4  21.5 99.0 99.00
2016 01 16 06 50 102  6.5  7.7  1.22  6.25  5.01  97 1011.7  26.6  27.4  21.4 99.0 99.00
2016 01 16 07 50 110  7.9  9.5  1.26  5.88  4.93 101 1011.3  26.5  27.4  21.4 99.0 99.00
2016 01 16 08 50 103  6.6  7.7  1.29  5.88  4.73 102 1011.8  26.6  27.4  20.4 99.0 99.00
2016 01 16 09 50 109  6.3  7.6  1.19  5.88  4.79 105 1012.6  26.5  27.4  20.2 99.0 99.00
2016 01 16 10 50  97  5.4  6.4  1.19  6.25  4.89 104 1013.5  26.3  27.4  20.6 99.0 99.00
2016 01 16 11 50 102  4.9  5.8  1.23 12.12  5.06  66 1014.4  26.7  27.4  20.6 99.0 99.00
2016 01 16 12 50  83  4.9  6.3  1.14  5.88  4.81 104 1015.2  26.8  27.4  20.9 99.0 99.00
2016 01 16 13 50  97  5.4  6.4  1.13  5.88  4.79 102 1016.0  26.9  27.4  21.4 99.0 99.00
2016 01 16 14 50  91  4.3  5.2  1.09  5.88  5.01 102 1016.1  26.6  27.5  22.1 99.0 99.00
2016 01 16 15 50  87  5.3  6.3  0.98 12.12  4.94  51 1015.5  27.1  27.6  21.5 99.0 99.00
2016 01 16 16 50  92  6.5  7.8  1.00 12.90  4.97  76 1014.6  27.2  27.6  21.2 99.0 99.00
2016 01 16 17 50  82  6.4  7.7  0.96  5.56  4.56  94 1013.6  27.1  27.5  21.0 99.0 99.00
2016 01 16 18 50  87  6.5  7.7  1.07 10.00  4.88  63 1013.0  27.1  27.6  21.0 99.0 99.00
2016 01 16 19 50  88  6.8  7.9  1.16 12.12  5.03  66 1012.6  27.0  27.5  21.3 99.0 99.00
2016 01 16 20 50  83  6.9  7.9  1.11  5.88  4.81 104 1012.7  27.1  27.5  21.8 99.0 99.00
2016 01 16 21 50  94  7.1  8.3  1.15 11.43  4.74  54 1013.0  27.0  27.5  21.8 99.0 99.00
2016 01 16 22 50 104  9.0 10.4  1.11  5.56  4.62  93 1013.2  27.0  27.5  21.3 99.0 99.00
2016 01 16 23 50 112  7.5  8.8  1.23  5.56  4.46  97 1013.7  26.6  27.5  22.5 99.0 99.00
2016 01 17 00 50 102  7.7  9.1  1.13  5.56  4.49  98 1014.0  27.2  27.5  21.2 99.0 99.00
2016 01 17 01 50 102  8.6 10.0  1.22  5.56  4.41 100 1014.2  27.2  27.4  20.4 99.0 99.00
2016 01 17 02 50 104  8.0  9.6  1.13  6.25  4.49  91 1014.1  27.0  27.5  21.4 99.0 99.00
2016 01 17 03 50 104  8.3  9.7  1.18  5.88  4.48  94 1013.7  26.7  27.5  21.6 99.0 99.00
2016 01 17 04 50 108  7.4  8.9  1.17  5.88  4.57  90 1013.5  26.7  27.4  21.4 99.0 99.00
2016 01 17 05 50 105  7.2  8.6  1.16  6.25  4.68  96 1012.9  26.5  27.4  21.4 99.0 99.00
2016 01 17 06 50 105  6.2  7.4  1.23  6.25  4.99 103 1012.2  26.3  27.4  21.5 99.0 99.00
2016 01 17 07 50 101  5.7  6.9  1.20  6.25  5.03 101 1012.0  26.4  27.4  21.6 99.0 99.00
2016 01 17 08 50  85  4.6  5.9  1.10  6.67  4.76 110 1012.3  25.8  27.4  21.0 99.0 99.00
2016 01 17 09 50  89  6.4  7.4  1.19  5.88  4.93 111 1012.7  26.5  27.4  21.5 99.0 99.00
2016 01 17 10 50  95  7.3  8.4  1.12  6.25  4.73  96 1013.4  26.6  27.4  21.5 99.0 99.00
2016 01 17 11 50  75  5.9  6.9  1.15  5.88  4.47  98 1014.3  26.9  27.4  21.7 99.0 99.00
2016 01 17 12 50  67  7.2  8.4  1.15  5.88  4.68 104 1015.3  27.8  27.4  18.6 99.0 99.00
2016 01 17 13 50  71  7.7  9.7  1.12  5.26  4.52  94 1015.8  27.6  27.4  20.6 99.0 99.00
2016 01 17 14 50  72  8.4  9.9  1.13  4.35  4.46 101 1015.7  27.7  27.4  20.1 99.0 99.00
2016 01 17 15 50  86  7.7  9.1  1.07  4.55  4.39 106 1015.6  27.5  27.4  20.8 99.0 99.00
2016 01 17 16 50 106  6.6  7.5  1.09  6.25  4.61 105 1015.2  27.1  27.4  21.5 99.0 99.00
2016 01 17 17 50 104  7.5  8.8  1.01  5.88  4.53 102 1014.0  27.0  27.4  21.9 99.0 99.00
2016 01 17 18 50 111  6.8  7.8  1.03  5.26  4.53 105 1013.5  27.1  27.5  21.8 99.0 99.00
2016 01 17 19 50 112  6.2  7.2  1.06  5.88  4.52 123 1013.4  27.2  27.5  21.4 99.0 99.00
2016 01 17 20 50 114  6.1  7.4  1.07  6.25  4.53  97 1013.5  27.0  27.4  21.8 99.0 99.00
2016 01 17 21 50 114  6.1  7.1  1.03  5.56  4.57 126 1013.6  26.9  27.4  22.2 99.0 99.00
2016 01 17 22 50 111  6.1  7.0  1.01  5.56  4.60 109 1013.8  26.9  27.4  21.8 99.0 99.00
2016 01 17 23 50 104  6.1  7.2  1.02  5.56  4.77 113 1014.2  26.9  27.4  22.1 99.0 99.00
2016 01 18 00 50 104  6.8  8.0  0.99  5.56  4.60 109 1014.4  26.8  27.4  22.0 99.0 99.00
2016 01 18 01 50 112  7.1  8.1  1.01  5.26  4.40 110 1014.5  26.8  27.4  22.3 99.0 99.00
2016 01 18 02 50 101  6.4  7.3  1.02  5.26  4.55 120 1014.8  26.7  27.4  22.3 99.0 99.00
2016 01 18 03 50 101  6.8  7.9  1.00  5.56  4.39 107 1014.6  26.7  27.4  22.1 99.0 99.00
2016 01 18 04 50 106  6.5  7.6  0.94  5.88  4.28  97 1014.1  26.6  27.3  22.0 99.0 99.00
2016 01 18 05 50  91  5.8  6.8  0.91  5.26  4.31 111 1013.4  26.5  27.4  22.0 99.0 99.00
2016 01 18 06 50  81  5.7  6.8  0.88  5.88  4.40 108 1012.5  26.3  27.4  22.4 99.0 99.00
2016 01 18 07 50 103  4.8  6.1  0.94  5.26  4.64 114 1012.0  26.3  27.4  22.4 99.0 99.00
2016 01 18 08 50  84  5.1  6.2  0.88  5.26  4.52  99 1012.3  26.3  27.4  21.9 99.0 99.00
2016 01 18 09 50  67  5.4  6.3  0.89  5.56  4.50 104 1012.4  26.3  27.4  22.0 99.0 99.00
2016 01 18 10 50  73  5.5  6.8  0.89  5.56  4.62 113 1013.0  26.4  27.3  22.2 99.0 99.00
2016 01 18 11 50  69  5.7  6.2  0.92  5.00  4.57 113 1013.8  26.5  27.3  22.1 99.0 99.00
2016 01 18 12 50  64  5.2  6.4  0.89  5.56  4.58 102 1015.0  26.8  27.4  22.3 99.0 99.00
2016 01 18 13 50  55  5.5  6.4  0.85  5.00  4.38  98 1015.7  26.8  27.4  22.2 99.0 99.00
2016 01 18 14 50  57  6.0  7.1  0.92  5.56  4.39 108 1016.0  26.8  27.4  22.5 99.0 99.00
2016 01 18 15 50  58  5.6  6.5  0.90  5.26  4.33  99 1015.7  26.9  27.5  21.9 99.0 99.00
2016 01 18 16 50  61  5.7  6.5  0.88  5.26  4.23 118 1014.8  26.8  27.5  22.2 99.0 99.00
2016 01 18 17 50  59  5.9  7.2  0.87  5.56  4.38  97 1013.8  26.8  27.6  22.1 99.0 99.00
2016 01 18 18 50  49  6.8  8.1  0.86  5.26  4.40 109 1012.9  26.8  27.6  22.4 99.0 99.00
2016 01 18 19 50  52  6.7  7.6  0.88  5.00  4.42  97 1012.7  26.8  27.6  22.3 99.0 99.00
2016 01 18 20 50  68  6.6  7.7  0.92  5.56  4.26 107 1013.0  26.9  27.5  22.0 99.0 99.00
2016 01 18 21 50  72  6.6  7.7  0.92  5.88  4.34 112 1013.6  27.0  27.5  22.4 99.0 99.00
2016 01 18 22 50  75  7.2  8.5  0.98  5.26  4.35 106 1014.0  26.9  27.5  22.4 99.0 99.00
2016 01 18 23 50  71  7.3  8.3  0.99  5.56  4.31 117 1014.7  27.1  27.5  22.6 99.0 99.00
2016 01 19 00 50  70  7.7  8.7  1.03  5.56  4.37 127 1015.5  27.1  27.5  22.5 99.0 99.00
2016 01 19 01 50  64  7.5  8.8  1.05  5.56  4.35 121 1016.0  27.2  27.4  22.7 99.0 99.00
2016 01 19 02 50  64  6.3  7.9  1.10  5.26  4.32 107 1016.4  26.8  27.4  22.7 99.0 99.00
2016 01 19 03 50  61  5.1  6.9  1.07  5.26  4.35 116 1016.1  27.0  27.4  22.6 99.0 99.00
2016 01 19 04 50  38  8.2 10.5  1.08  5.88  4.19 119 1015.7  25.9  27.4  21.5 99.0 99.00
2016 01 19 05 50  73  6.6  7.7  1.05  5.56  4.40 122 1014.8  26.8  27.4  22.7 99.0 99.00
2016 01 19 06 50  69  6.8  7.7  1.02  6.67  4.48 108 1013.9  26.9  27.4  22.9 99.0 99.00
2016 01 19 07 50  62  6.7  8.0  1.07  5.88  4.53 110 1013.6  26.9  27.4  23.2 99.0 99.00
2016 01 19 08 50  67  7.3  8.4  1.05  6.25  4.55 112 1013.9  26.6  27.4  22.8 99.0 99.00
2016 01 19 09 50  64  6.5  7.6  1.04  5.56  4.49 103 1014.4  26.9  27.4  22.6 99.0 99.00
2016 01 19 10 50  57  6.2  7.4  1.12  6.25  4.61 100 1015.1  26.8  27.4  22.8 99.0 99.00
2016 01 19 11 50  61  6.6  7.8  1.16  5.88  4.68 107 1015.9  26.9  27.4  22.7 99.0 99.00
2016 01 19 12 50  64  7.1  8.6  1.07  6.25  4.46 109 1017.0  27.0  27.4  22.4 99.0 99.00
2016 01 19 13 50  61  7.3  8.5  1.17  6.25  4.48 104 1017.6  27.0  27.5  22.6 99.0 99.00
2016 01 19 14 50  60  7.1  8.3  1.19  5.88  4.49 108 1017.4  26.9  27.5  23.1 99.0 99.00
2016 01 19 15 50  70  7.2  8.5  1.19  5.88  4.51 111 1017.0  26.9  27.5  22.8 99.0 99.00
2016 01 19 16 50  69  6.9  8.1  1.15  5.88  4.33 115 1016.0  26.8  27.5  23.1 99.0 99.00
2016 01 19 17 50  75  6.4  7.8  1.12  5.88  4.33 118 1015.1  26.9  27.6  22.7 99.0 99.00
2016 01 19 18 50  74  6.1  7.2  1.07  5.00  4.39  89 1014.2  26.7  27.6  22.6 99.0 99.00
2016 01 19 19 50  75  5.6  6.7  0.97  5.88  4.46 106 1014.0  27.1  27.6  21.7 99.0 99.00
2016 01 19 20 50  80  6.4  8.0  0.98  5.88  4.47 111 1014.1  27.2  27.6  21.6 99.0 99.00
2016 01 19 21 50  79  6.1  7.2  1.04  4.55  4.47  88 1014.4  26.9  27.5  22.6 99.0 99.00
2016 01 19 22 50  90  6.4  7.7  1.10  5.88  4.51 114 1014.3  26.8  27.5  22.5 99.0 99.00
2016 01 19 23 50  84  7.7  8.8  1.02  4.17  4.43  97 1015.0  26.9  27.4  22.3 99.0 99.00
2016 01 20 00 50  85  7.2  8.6  1.07  5.56  4.48 113 1015.4  26.8  27.4  22.5 99.0 99.00
2016 01 20 01 50  95  7.6  8.7  1.04  5.56  4.52 113 1015.9  26.8  27.4  22.3 99.0 99.00
2016 01 20 02 50  89  7.6  8.8  1.01  5.56  4.41 111 1015.7  26.7  27.4  21.9 99.0 99.00
2016 01 20 03 50  83  6.4  7.2  1.08  4.76  4.43 102 1015.8  26.7  27.4  21.5 99.0 99.00
2016 01 20 04 50  75  6.1  7.3  1.01  5.00  4.37 108 1015.6  26.6  27.4  21.4 99.0 99.00
2016 01 20 05 50  76  6.1  7.2  1.00  5.88  4.60 102 1014.9  26.5  27.4  21.3 99.0 99.00
2016 01 20 06 50  88  6.5  7.8  1.04  6.25  4.53 110 1014.1  26.5  27.4  21.3 99.0 99.00
2016 01 20 07 50  94  6.2  7.4  1.00  5.88  4.48 116 1013.6  26.4  27.4  21.1 99.0 99.00
2016 01 20 08 50  96  6.1  7.6  1.01  4.76  4.46  72 1013.7  26.5  27.4  21.0 99.0 99.00
2016 01 20 09 50  91  6.0  7.3  1.00  5.88  4.57 104 1014.2  26.4  27.4  21.0 99.0 99.00
2016 01 20 10 50  94  5.7  6.7  1.00  5.56  4.64 108 1014.8  26.4  27.4  21.3 99.0 99.00
2016 01 20 11 50  84  5.3  6.1  1.06  5.56  4.71 104 1015.7  26.7  27.4  21.2 99.0 99.00
2016 01 20 12 50  89  6.1  7.4  1.07  5.56  4.68 105 1016.2  26.7  27.4  21.5 99.0 99.00
2016 01 20 13 50  85  5.9  7.2  1.06  5.88  4.70 102 1017.0  26.9  27.4  22.0 99.0 99.00
2016 01 20 14 50  80  6.0  7.1  1.07  5.56  4.47 101 1017.1  26.9  27.4  21.8 99.0 99.00
2016 01 20 15 50  81  5.6  6.7  1.09  5.56  4.67 106 1016.6  26.9  27.5  21.4 99.0 99.00
2016 01 20 16 50  81  5.1  5.9  0.96  5.56  4.58  98 1015.6  26.8  27.5  21.5 99.0 99.00
2016 01 20 17 50  79  5.1  6.1  1.05  5.56  4.80 111 1014.7  26.9  27.6  21.3 99.0 99.00
2016 01 20 18 50  38  5.6  6.6  0.98  5.26  4.57  99 1013.8  26.1  27.6  22.5 99.0 99.00
2016 01 20 19 50  58  6.0  6.9  1.02  5.56  4.54 108 1013.5  26.4  27.6  22.0 99.0 99.00
2016 01 20 20 50 115  4.7  5.6  0.94 11.43  4.62 230 1013.7  26.0  27.5  22.4 99.0 99.00
2016 01 20 21 50  97  7.2  8.5  1.02 12.12  4.77   9 1014.0  26.3  27.5  22.5 99.0 99.00
2016 01 20 22 50  89  6.1  7.1  1.14  5.56  4.46 108 1014.2  26.3  27.4  21.4 99.0 99.00
2016 01 20 23 50  82  8.3  9.8  1.15  5.56  4.48 111 1014.6  26.2  27.4  21.2 99.0 99.00
2016 01 21 00 50  85  6.3  7.7  1.14 11.43  4.79   1 1015.4  26.5  27.4  22.6 99.0 99.00
2016 01 21 01 50  92  6.9  8.5  1.09 11.43  4.84  19 1015.9  26.1  27.4  21.7 99.0 99.00
2016 01 21 02 50  84  7.9  9.3  1.05  6.25  4.62 103 1016.0  26.8  27.4  21.7 99.0 99.00
2016 01 21 03 50  86  8.0  9.3  1.14 11.43  4.53  21 1015.6  26.7  27.4  21.8 99.0 99.00
2016 01 21 04 50  92  7.7  9.4  1.18  5.00  4.52  95 1015.3  26.6  27.4  21.2 99.0 99.00
2016 01 21 05 50  85  6.9  8.7  1.20  5.88  4.69 103 1014.6  26.5  27.3  21.3 99.0 99.00
2016 01 21 06 50  75  6.4  7.8  1.27 11.43  4.92  23 1014.0  26.4  27.3  21.2 99.0 99.00
2016 01 21 07 50  77  6.4  7.9  1.25 11.43  5.04  38 1013.5  26.3  27.3  21.1 99.0 99.00
2016 01 21 08 50  84  6.8  8.7  1.24 10.81  4.83  29 1013.3  26.3  27.3  21.1 99.0 99.00
2016 01 21 09 50  93  6.5  7.7  1.26 10.81  4.99  18 1013.7  26.3  27.3  21.1 99.0 99.00
2016 01 21 10 50  78  6.5  7.4  1.18 10.81  4.73  26 1014.5  26.4  27.3  21.1 99.0 99.00
2016 01 21 11 50  82  6.3  7.5  1.23  5.88  4.91 102 1015.3  26.5  27.3  20.7 99.0 99.00
2016 01 21 12 50  89  6.6  8.0  1.22  5.88  5.01 102 1016.0  26.7  27.4  20.8 99.0 99.00
2016 01 21 13 50  78  6.3  7.7  1.22 10.81  5.03  31 1016.7  26.8  27.4  21.0 99.0 99.00
2016 01 21 14 50  84  7.1  8.2  1.26  5.88  5.07 111 1016.8  26.9  27.4  21.5 99.0 99.00
2016 01 21 15 50  86  7.0  8.2  1.23 11.43  4.96  52 1016.4  26.9  27.4  21.6 99.0 99.00
2016 01 21 16 50  85  7.0  8.2  1.38  5.56  5.08 106 1015.8  26.8  27.5  21.3 99.0 99.00
2016 01 21 17 50  74  7.0  8.5  1.36 13.79  5.33  36 1014.6  26.9  27.5  21.8 99.0 99.00
2016 01 21 19 50  80  6.9  8.0  1.41 12.12  5.34 348 1013.5  27.0  27.5  22.3 99.0 99.00
2016 01 21 20 50 106  8.4 10.6  1.40 11.43  5.11  37 1013.7  25.7  27.5  22.6 99.0 99.00
2016 01 21 21 50  94  7.6  8.6  1.53 12.12  5.60  19 1014.0  26.9  27.4  22.3 99.0 99.00
2016 01 21 22 50  97  7.5  8.7  1.50 10.81  5.51  32 1014.4  26.6  27.4  22.4 99.0 99.00
2016 01 21 23 50 116  8.5 10.4  1.54 12.12  5.56  23 1014.8  26.3  27.4  23.1 99.0 99.00
2016 01 22 00 50 101  8.8 10.3  1.61 12.12  5.38  23 1015.5  26.6  27.4  22.7 99.0 99.00
2016 01 22 01 50  65  7.4  8.5  1.72 12.90  5.32  41 1016.3  25.8  27.4  22.4 99.0 99.00
2016 01 22 02 50 127  8.2 10.2  1.81 12.12  5.92  23 1015.9  25.9  27.4  22.2 99.0 99.00
2016 01 22 03 50  99  6.1  7.4  1.77 12.12  5.72  14 1015.6  26.6  27.4  22.3 99.0 99.00
2016 01 22 04 50 132  8.5 10.0  1.73  5.56  5.39 116 1015.1  25.1  27.4  22.1 99.0 99.00
2016 01 22 05 50 117  5.2  6.3  1.78 12.90  5.98  22 1014.4  25.7  27.4  22.3 99.0 99.00
2016 01 22 06 50  94  6.2  7.3  1.60 12.90  5.74  11 1013.7  26.4  27.4  22.2 99.0 99.00
2016 01 22 07 50  86  7.8  8.9  1.73 11.43  5.99  28 1013.0  26.5  27.4  22.1 99.0 99.00
2016 01 22 08 50  85  7.9  9.1  1.68 12.90  5.91  32 1013.2  26.5  27.4  22.2 99.0 99.00
2016 01 22 09 50  91  8.6 10.2  1.57 12.12  5.63  39 1013.5  26.7  27.4  21.9 99.0 99.00
2016 01 22 10 50  90  9.0 10.9  1.63 12.90  5.47  15 1013.9  26.7  27.4  22.1 99.0 99.00
2016 01 22 11 50 100  8.9 10.4  1.70 12.12  5.41  21 1014.5  26.8  27.4  21.9 99.0 99.00
2016 01 22 12 50  94  8.7 10.4  1.75 12.90  5.58  17 1015.5  26.9  27.4  22.3 99.0 99.00
2016 01 22 13 50 100  9.4 11.2  1.71 12.90  5.74  29 1016.2  27.1  27.4  21.8 99.0 99.00
2016 01 22 14 50  93  8.3  9.5  1.79 12.90  5.79  16 1016.5  27.2  27.4  22.2 99.0 99.00
2016 01 22 15 50 101  7.8  9.2  1.80 13.79  5.60  28 1016.3  27.2  27.4  22.2 99.0 99.00
2016 01 22 16 50 103  7.1  8.9  1.76 12.12  5.54  38 1015.5  27.1  27.5  22.7 99.0 99.00
2016 01 22 17 50 110  6.6  7.7  1.60 12.90  5.32  38 1014.4  27.2  27.5  22.4 99.0 99.00
2016 01 22 18 50  72  8.4 10.1  1.56  5.88  5.14  96 1013.6  26.0  27.5  22.4 99.0 99.00
2016 01 22 19 50  74  6.9  8.1  1.63  5.56  5.12 105 1013.3  25.7  27.5  21.9 99.0 99.00
2016 01 22 20 50  81  6.5  9.1  1.68 12.12  5.38  20 1013.3  26.5  27.4  22.6 99.0 99.00
2016 01 22 21 50 122  8.4  9.8  1.58 12.12  5.27  26 1013.1  27.2  27.4  22.3 99.0 99.00
2016 01 22 22 50 128  9.0 10.9  1.61 12.12  5.32  27 1013.0  26.8  27.4  22.7 99.0 99.00
2016 01 22 23 50 125  9.2 11.1  1.64 12.90  5.34  26 1013.5  27.0  27.4  23.4 99.0 99.00
2016 01 23 00 50 121  9.3 11.2  1.75 12.12  5.35  32 1014.1  27.1  27.4  23.1 99.0 99.00
2016 01 23 01 50 127  9.7 11.3  1.89  6.25  5.28 127 1014.6  27.0  27.4  22.3 99.0 99.00
2016 01 23 02 50 123 10.1 12.5  1.90  5.88  5.26 132 1014.7  27.0  27.4  22.0 99.0 99.00
2016 01 23 03 50 124 10.2 11.5  1.91  6.67  5.21 124 1014.5  26.9  27.4  21.7 99.0 99.00
2016 01 23 05 50 122  9.9 12.1  2.05  6.67  5.30 116 1013.6  26.8  27.4  21.9 99.0 99.00
2016 01 23 06 50 120  9.2 11.5  2.02  6.67  5.30 128 1013.0  26.8  27.4  21.9 99.0 99.00
2016 01 23 07 50 112  9.1 11.1  2.05  7.14  5.40 122 1012.6  26.7  27.4  22.2 99.0 99.00
2016 01 23 08 50 114  9.4 11.3  1.98  6.25  5.42 131 1012.8  26.7  27.4  22.1 99.0 99.00
2016 01 23 10 50 111 10.1 11.7  1.81  7.14  5.11 125 1013.5  26.9  27.4  22.0 99.0 99.00
2016 01 23 11 50 110 10.1 11.8  1.99  7.14  5.41 131 1014.0  26.9  27.3  22.2 99.0 99.00
2016 01 23 12 50 115 10.8 13.5  2.17  7.14  5.42 122 1014.9  27.1  27.3  21.8 99.0 99.00
2016 01 23 13 50 122  9.8 11.4  2.13  7.69  5.37 128 1015.8  27.2  27.3  22.0 99.0 99.00
2016 01 23 14 50 123  9.6 11.4  2.04  7.69  5.38 130 1015.7  27.2  27.3  22.4 99.0 99.00
2016 01 23 15 50 123  9.7 11.4  2.15  7.14  5.47 125 1015.1  27.2  27.4  22.5 99.0 99.00
2016 01 23 16 50 127 10.1 12.2  2.14  7.14  5.46 128 1014.2  27.2  27.4  22.6 99.0 99.00
2016 01 23 17 50 125 10.5 12.0  2.09  7.14  5.30 129 1013.2  27.3  27.4  22.4 99.0 99.00
2016 01 23 18 50 121 10.2 11.9  2.16  7.14  5.59 137 1012.5  27.2  27.4  22.9 99.0 99.00
2016 01 23 19 50 120  9.9 11.5  2.49  7.14  5.68 130 1012.1  27.1  27.4  22.9 99.0 99.00
2016 01 23 20 50 122  9.5 10.9  2.17  7.14  5.46 127 1012.3  27.2  27.4  22.3 99.0 99.00
2016 01 23 21 50 126  9.4 10.9  2.24  7.14  5.60 144 1012.7  27.1  27.4  22.3 99.0 99.00
2016 01 23 22 50 122  8.9 10.8  2.00  7.14  5.32 138 1013.2  27.1  27.3  22.7 99.0 99.00
2016 01 23 23 50 120  9.1 11.0  2.04  7.14  5.50 135 1013.7  27.1  27.3  22.8 99.0 99.00
2016 01 24 00 50 118  9.2 10.9  2.09  7.69  5.59 121 1014.2  27.1  27.3  23.0 99.0 99.00
2016 01 24 01 50 122  9.1 11.1  2.17  7.14  5.57 131 1014.8  27.1  27.3  22.7 99.0 99.00
2016 01 24 02 50 125  9.6 11.0  2.23  7.69  5.57 116 1014.6  27.0  27.3  22.9 99.0 99.00
2016 01 24 03 50 121  9.8 11.4  2.08  7.14  5.49 139 1014.4  26.9  27.3  22.4 99.0 99.00
2016 01 24 04 50 113  8.9 10.6  1.83  7.69  5.35 119 1014.0  26.8  27.3  22.5 99.0 99.00
2016 01 24 05 50 109  9.6 11.1  1.68  7.14  5.28 123 1013.3  26.8  27.3  22.8 99.0 99.00
2016 01 24 06 50 108  8.2  9.7  1.72  7.14  5.24 129 1012.7  26.6  27.3  22.6 99.0 99.00
2016 01 24 07 50 118  7.9  9.2  1.60  7.14  5.31 131 1012.2  26.6  27.3  22.7 99.0 99.00
2016 01 24 08 50 117  8.5 10.4  1.72  7.69  5.17 120 1012.2  26.7  27.3  22.6 99.0 99.00
2016 01 24 09 50 120  8.3  9.7  1.59  7.69  5.33 121 1012.5  26.6  27.3  22.7 99.0 99.00
2016 01 24 10 50 120  8.7 10.0  1.59  7.14  4.98 124 1012.9  26.7  27.3  22.9 99.0 99.00
2016 01 24 11 50 126  9.4 10.6  1.55  7.14  5.15 123 1013.6  26.9  27.3  22.3 99.0 99.00
2016 01 24 12 50 125  8.5 10.0  1.66  7.14  5.30 123 1014.8  27.1  27.3  22.3 99.0 99.00
2016 01 24 13 50 122  8.6 10.3  1.66  7.69  5.28 127 1015.5  27.1  27.3  22.4 99.0 99.00
2016 01 24 14 50 124  8.4 10.0  1.68  7.14  5.22 124 1015.5  27.1  27.3  22.7 99.0 99.00
2016 01 24 15 50 122  8.3 10.1  1.73  7.14  5.40 127 1014.9  27.1  27.4  22.8 99.0 99.00
2016 01 24 16 50 118  7.9  9.4  1.68  7.14  5.31 109 1014.4  27.1  27.4  22.9 99.0 99.00
2016 01 24 17 50 128  7.7  9.4  1.74  6.67  5.40 125 1013.5  27.1  27.4  23.1 99.0 99.00
2016 01 24 18 50 122  6.4  7.7  1.61  7.69  5.15 111 1013.2  27.1  27.5  22.4 99.0 99.00
2016 01 24 19 50 117  6.3  7.5  1.66  6.67  5.29 119 1012.8  27.1  27.4  22.1 99.0 99.00
2016 01 24 20 50 121  6.2  7.1  1.47  6.67  5.09 125 1013.0  27.1  27.4  22.1 99.0 99.00
2016 01 24 21 50 113  5.8  6.8  1.56  6.67  5.36 122 1013.4  27.1  27.4  22.6 99.0 99.00
2016 01 24 22 50 112  5.8  6.7  1.43  7.14  5.32 122 1013.9  27.1  27.4  22.5 99.0 99.00
2016 01 24 23 50 104  6.0  6.9  1.38  7.69  4.99 116 1014.7  27.0  27.4  22.4 99.0 99.00
2016 01 25 00 50  89  6.6  7.7  1.32  6.67  5.24 119 1015.4  27.0  27.4  22.2 99.0 99.00
2016 01 25 01 50  89  6.0  7.3  1.35  6.67  5.33 122 1016.2  27.1  27.4  22.5 99.0 99.00
2016 01 25 02 50 101  6.6  7.7  1.38  7.14  5.27 121 1016.3  26.9  27.4  22.2 99.0 99.00
2016 01 25 03 50 100  6.3  7.8  1.46  7.14  5.32 118 1016.2  26.9  27.4  22.5 99.0 99.00
2016 01 25 04 50 101  6.4  8.0  1.39  6.67  5.26 128 1015.9  26.8  27.4  22.6 99.0 99.00
2016 01 25 05 50  81  5.7  6.7  1.41  7.14  5.10 117 1015.7  26.7  27.3  22.5 99.0 99.00
2016 01 25 06 50  84  6.5  7.9  1.44  7.14  5.17 122 1015.0  26.8  27.3  22.1 99.0 99.00
2016 01 25 07 50  85  6.9  8.0  1.41  6.67  5.01 127 1015.0  26.7  27.3  22.0 99.0 99.00
2016 01 25 08 50  79  7.8  9.0  1.33  6.67  4.86 121 1015.4  26.7  27.3  22.1 99.0 99.00
2016 01 25 09 50  93  8.1  9.5  1.27  6.25  4.78 118 1015.3  26.7  27.3  22.4 99.0 99.00
2016 01 25 10 50  99  8.6  9.7  1.34  7.69  4.73 121 1015.9  26.7  27.3  21.9 99.0 99.00
2016 01 25 11 50  94  8.4 10.0  1.28  6.67  4.47 113 1016.8  26.9  27.3  21.7 99.0 99.00
2016 01 25 12 50  89  7.6  9.5  1.23  6.67  4.45 123 1018.1  27.0  27.3  21.8 99.0 99.00
2016 01 25 13 50  93  8.1  9.6  1.26  6.67  4.74 118 1018.6  27.1  27.3  22.1 99.0 99.00
2016 01 25 14 50  87  8.3  9.6  1.31  6.25  4.65 111 1018.7  27.0  27.3  22.0 99.0 99.00
2016 01 25 15 50  92  8.1  9.9  1.30  4.55  4.59  98 1018.5  27.0  27.4  22.3 99.0 99.00
2016 01 25 16 50  89  7.1  8.3  1.38  5.26  4.65 105 1018.2  27.1  27.4  22.2 99.0 99.00
2016 01 25 17 50  86  7.6  9.4  1.37  6.25  4.78 114 1017.1  27.0  27.4  22.6 99.0 99.00
2016 01 25 18 50  84  7.7  8.9  1.37  5.56  4.73 109 1016.3  27.1  27.4  22.3 99.0 99.00
2016 01 25 19 50  85  7.6  9.0  1.35  5.56  4.71 105 1016.1  27.1  27.4  22.0 99.0 99.00
2016 01 25 20 50  76  7.7  9.1  1.35  6.25  4.77 111 1016.2  27.1  27.4  22.9 99.0 99.00
2016 01 25 21 50  84  8.1  9.2  1.40  6.25  4.72 119 1016.4  27.1  27.4  22.4 99.0 99.00
2016 01 25 22 50 107  9.2 11.2  1.53  5.88  4.67 114 1016.9  26.9  27.4  21.9 99.0 99.00
2016 01 25 23 50  96  6.7  8.5  1.54  5.00  4.61 115 1017.5  26.3  27.3  21.0 99.0 99.00
2016 01 26 00 50  80  6.9  8.5  1.51  5.88  4.83 116 1017.8  27.0  27.3  22.8 99.0 99.00
2016 01 26 01 50  79 10.1 11.9  1.34  5.88  4.66 106 1018.3  27.1  27.3  22.6 99.0 99.00
2016 01 26 02 50  70  9.7 11.4  1.53  5.26  4.72 100 1018.6  27.0  27.3  22.6 99.0 99.00
2016 01 26 03 50  77  9.4 10.8  1.56  5.88  4.74  95 1018.2  27.0  27.3  22.5 99.0 99.00
2016 01 26 04 50  75  9.7 11.7  1.77  5.88  4.97 102 1017.9  27.0  27.3  22.6 99.0 99.00
2016 01 26 05 50  94 10.2 13.6  2.03  6.25  5.23 110 1017.3  26.6  27.3  22.4 99.0 99.00
2016 01 26 06 50  86  9.4 10.9  1.71  6.67  4.90  96 1016.6  26.5  27.3  22.2 99.0 99.00
2016 01 26 07 50  81  8.4  9.8  1.84  5.88  5.19  97 1016.0  26.5  27.3  23.0 99.0 99.00
2016 01 26 08 50  78 10.1 12.0  1.97  6.25  5.29 102 1015.7  26.9  27.3  22.4 99.0 99.00
2016 01 26 09 50  82  9.8 11.7  1.88  6.67  5.18  98 1016.1  26.8  27.3  22.2 99.0 99.00
2016 01 26 10 50  78  9.4 11.2  2.05  6.67  5.21  86 1016.5  26.9  27.3  22.2 99.0 99.00
2016 01 26 11 50  88 10.0 12.0  1.88  7.14  5.16 103 1017.3  27.0  27.3  21.8 99.0 99.00
2016 01 26 12 50  85  9.0 11.1  2.02  6.25  5.29  92 1018.1  27.0  27.3  22.5 99.0 99.00
2016 01 26 13 50  90  9.5 11.3  1.66  6.67  5.12 113 1018.9  27.2  27.3  21.9 99.0 99.00
2016 01 26 14 50  94  8.7 10.2  1.89  6.67  5.27  94 1019.1  27.2  27.3  22.1 99.0 99.00
2016 01 26 15 50  87  8.3  9.7  1.84  7.14  5.32  94 1019.0  27.1  27.3  22.6 99.0 99.00
2016 01 26 16 50  92  8.1  9.3  1.85  7.14  5.29 113 1018.1  27.2  27.3  22.2 99.0 99.00
2016 01 26 17 50  88  8.8 10.0  1.97  6.25  5.44  98 1017.4  27.1  27.4  22.2 99.0 99.00
2016 01 26 18 50  81  8.2  9.8  1.80  7.69  5.21 120 1016.6  27.1  27.4  22.6 99.0 99.00
2016 01 26 19 50  74  8.9 10.9  1.81  7.14  5.21 114 1016.0  26.8  27.4  22.6 99.0 99.00
2016 01 26 20 50  73  9.1 11.5  1.70  7.69  5.21 119 1015.9  27.0  27.4  22.5 99.0 99.00
2016 01 26 21 50  80  9.4 10.6  1.80  7.14  5.25 116 1016.1  26.8  27.4  22.3 99.0 99.00
2016 01 26 22 50  82  9.8 11.8  1.85  7.14  5.24 115 1016.1  26.9  27.4  22.4 99.0 99.00
2016 01 26 23 50  79  9.3 11.1  1.86  7.14  5.23 110 1016.5  27.0  27.3  22.1 99.0 99.00
2016 01 27 00 50  78  9.3 11.1  1.89  7.69  5.30 107 1017.0  26.9  27.3  22.3 99.0 99.00
2016 01 27 01 50  82 10.3 12.3  1.88  7.14  5.32 115 1017.5  27.0  27.3  22.5 99.0 99.00
2016 01 27 02 50  84 10.5 12.3  1.84  7.69  5.34 107 1017.4  26.9  27.3  22.5 99.0 99.00
2016 01 27 03 50  91  9.2 11.0  1.96  7.14  5.33 107 1017.2  26.9  27.3  22.8 99.0 99.00
2016 01 27 04 50  91 10.5 12.5  1.94  7.69  5.43 116 1016.7  27.0  27.3  22.3 99.0 99.00
2016 01 27 05 50  98 10.7 12.6  2.04  7.14  5.54  99 1016.3  27.0  27.3  21.8 99.0 99.00
2016 01 27 06 50  98 10.1 12.0  2.06  7.14  5.55 106 1015.4  26.9  27.3  22.1 99.0 99.00
2016 01 27 07 50  96  9.9 12.3  2.31  7.14  5.70 109 1014.9  26.8  27.3  22.3 99.0 99.00
2016 01 27 08 50  98 10.5 12.4  2.19  7.14  5.55 109 1014.8  26.8  27.3  22.4 99.0 99.00
2016 01 27 09 50 103 10.8 13.2  2.25  7.69  5.65 112 1014.7  26.7  27.3  22.5 99.0 99.00
2016 01 27 10 50 108 10.5 13.5  2.30  7.14  5.51 129 1015.2  26.8  27.3  22.3 99.0 99.00
2016 01 27 11 50 104 10.6 12.8  2.30  7.69  5.55 123 1016.3  26.9  27.3  22.0 99.0 99.00
2016 01 27 12 50 107 10.4 12.7  2.22  7.69  5.58 121 1017.2  27.1  27.3  22.3 99.0 99.00
2016 01 27 13 50 107 10.6 12.8  2.28  7.14  5.61 101 1018.1  27.2  27.3  22.1 99.0 99.00
2016 01 27 14 50 105 10.6 12.8  2.29  7.69  5.68 109 1018.0  27.3  27.3  22.0 99.0 99.00
2016 01 27 15 50 109 10.3 12.6  2.41  8.33  5.75 119 1017.6  27.2  27.3  22.0 99.0 99.00
2016 01 27 16 50 109 10.7 12.8  2.28  8.33  5.67 118 1016.6  27.3  27.3  22.2 99.0 99.00
2016 01 27 17 50 111 10.6 13.6  2.58  8.33  5.94 116 1015.6  27.2  27.3  21.7 99.0 99.00
2016 01 27 18 50 106 10.9 13.1  2.55  8.33  5.93 115 1014.7  27.1  27.3  22.2 99.0 99.00
2016 01 27 19 50 112 11.2 13.8  2.69  8.33  6.09 114 1014.3  27.3  27.3  21.2 99.0 99.00
2016 01 27 20 50 108 10.5 12.5  2.64  8.33  5.96 108 1014.2  27.2  27.3  21.5 99.0 99.00
2016 01 27 21 50 106 11.1 12.9  2.68  7.69  6.21 108 1014.2  27.2  27.3  21.7 99.0 99.00
2016 01 27 22 50 103 10.8 13.1  2.63  7.69  5.97 116 1014.1  26.9  27.3  21.6 99.0 99.00
2016 01 27 23 50 108 10.8 13.2  2.56  8.33  5.85 114 1014.6  26.9  27.3  22.2 99.0 99.00
2016 01 28 00 50  99 11.5 14.2  2.53  8.33  5.78 113 1015.2  27.0  27.3  21.5 99.0 99.00
2016 01 28 01 50 102 10.5 12.7  2.65  8.33  5.98 116 1015.9  27.1  27.3  21.9 99.0 99.00
2016 01 28 02 50  97 10.9 13.2  2.39  8.33  5.87 121 1016.2  27.0  27.3  21.6 99.0 99.00
2016 01 28 03 50  91 10.7 12.4  2.52  8.33  5.89 117 1015.9  26.9  27.3  21.9 99.0 99.00
2016 01 28 04 50  96 10.5 12.7  2.44  8.33  5.92 111 1015.4  26.9  27.3  22.0 99.0 99.00
2016 01 28 05 50  96 10.6 13.2  2.75  8.33  6.13 105 1014.9  26.8  27.3  22.3 99.0 99.00
2016 01 28 06 50  90 11.6 13.9  2.54  8.33  5.90 111 1014.1  26.8  27.3  21.7 99.0 99.00
2016 01 28 07 50 101 11.2 13.2  2.75  7.69  6.03 107 1013.4  26.8  27.3  22.2 99.0 99.00
2016 01 28 08 50  94 11.6 13.9  2.67  7.69  6.02 114 1013.6  26.7  27.3  21.4 99.0 99.00
2016 01 28 09 50  92 11.7 14.5  2.39  7.14  5.74  93 1014.1  26.8  27.3  21.1 99.0 99.00
2016 01 28 10 50 100 11.3 14.5  2.52  7.14  5.79  99 1014.6  26.8  27.2  21.7 99.0 99.00
2016 01 28 11 50  99 10.6 12.9  2.67  8.33  5.95 116 1015.2  27.0  27.2  21.9 99.0 99.00
2016 01 28 12 50 102 11.1 13.3  2.59  7.69  5.88 108 1016.1  26.8  27.2  21.7 99.0 99.00
2016 01 28 13 50 112 11.5 13.1  2.65  8.33  6.13 117 1016.6  27.2  27.3  20.5 99.0 99.00
2016 01 28 14 50 109 10.7 12.7  2.45  8.33  5.91 118 1016.8  27.2  27.3  21.6 99.0 99.00
2016 01 28 15 50 109  9.9 12.0  2.54  8.33  5.89 120 1016.4  27.2  27.3  21.6 99.0 99.00
2016 01 28 16 50 105 10.0 11.7  2.52  7.69  5.98 116 1015.9  27.1  27.3  21.3 99.0 99.00
2016 01 28 17 50  99  9.5 11.4  2.46  8.33  5.99 120 1015.0  27.1  27.3  21.3 99.0 99.00
2016 01 28 18 50  99  9.4 11.0  2.53  8.33  6.16 118 1014.3  26.5  27.3  21.7 99.0 99.00
2016 01 28 19 50  95  8.5  9.6  2.28  6.67  5.68 108 1013.9  26.6  27.3  21.3 99.0 99.00
2016 01 28 20 50  95  8.9 10.3  2.20  8.33  5.84 118 1013.8  26.8  27.3  21.8 99.0 99.00
2016 01 28 21 50  98  7.9  9.4  2.31  9.09  6.03 121 1014.2  26.8  27.3  21.9 99.0 99.00
2016 01 28 22 50 102  8.8 10.0  2.13  9.09  5.93 122 1014.1  26.8  27.3  21.7 99.0 99.00
2016 01 28 23 50  98  8.8 10.6  2.17  7.69  5.87 108 1014.6  26.7  27.3  21.8 99.0 99.00
2016 01 29 00 50 102  9.4 11.2  1.92  7.69  5.64 125 1015.3  26.8  27.3  21.5 99.0 99.00
2016 01 29 01 50 103  9.1 10.5  2.06  8.33  5.84 120 1015.7  26.8  27.3  21.6 99.0 99.00
2016 01 29 02 50 104  8.8 10.1  1.95  8.33  5.63 111 1015.7  26.8  27.3  20.9 99.0 99.00
2016 01 29 03 50 109  8.5 10.4  2.06  7.14  5.74 110 1015.2  26.7  27.3  20.9 99.0 99.00
2016 01 29 04 50 102  8.9 10.4  2.06  7.69  5.82 113 1014.6  26.6  27.2  21.4 99.0 99.00
2016 01 29 05 50 105  8.5 11.1  2.02  7.69  5.72 122 1014.0  26.6  27.2  21.4 99.0 99.00
2016 01 29 06 50 104  8.8 10.7  2.01  8.33  5.65 121 1012.9  26.5  27.2  21.4 99.0 99.00
2016 01 29 08 50 104  8.9 10.8  1.92  7.69  5.43 116 1012.5  26.5  27.2  21.6 99.0 99.00
2016 01 29 09 50 105  9.3 11.0  1.88  7.69  5.54 108 1012.8  26.5  27.2  21.6 99.0 99.00
2016 01 29 10 50 100  9.0 11.3  1.95  7.69  5.51 121 1013.3  26.6  27.2  21.7 99.0 99.00
2016 01 29 11 50 101  9.0 10.7  2.00  7.14  5.63 108 1014.3  26.8  27.2  21.7 99.0 99.00
2016 01 29 12 50  97  8.6 10.1  1.84  7.14  5.40 108 1015.2  26.9  27.2  21.9 99.0 99.00
2016 01 29 13 50 101  9.6 11.3  1.78  7.14  5.21 116 1015.6  26.9  27.2  22.3 99.0 99.00
2016 01 29 14 50 109  9.1 11.0  1.90  5.88  5.30 103 1015.8  27.0  27.3  21.9 99.0 99.00
2016 01 29 15 50 105  8.5 10.1  1.82  6.67  5.26 115 1015.4  27.0  27.3  22.3 99.0 99.00
2016 01 29 16 50 116  9.4 10.7  1.87  7.14  5.43 108 1014.7  26.4  27.3  22.5 99.0 99.00
2016 01 29 17 50 111  7.9  9.3  1.85  6.67  5.34 101 1014.1  26.6  27.3  22.4 99.0 99.00
2016 01 29 18 50 118  6.4  9.0  1.80  7.14  5.47 108 1013.7  26.2  27.4  22.4 99.0 99.00
2016 01 29 19 50 105  7.6  9.1  1.80  6.67  5.52 118 1013.4  27.0  27.4  21.6 99.0 99.00
2016 01 29 20 50  93  6.7  7.6  1.72  6.67  5.40 116 1013.7  26.9  27.3  21.9 99.0 99.00
2016 01 29 21 50  90  7.7  9.0  1.84  7.14  5.69 113 1013.7  26.9  27.3  22.1 99.0 99.00
2016 01 29 22 50  99  6.8  7.7  1.67  7.14  5.30 115 1014.0  26.8  27.3  22.0 99.0 99.00
2016 01 29 23 50  92  6.9  7.8  1.67  7.14  5.51 122 1014.5  26.8  27.3  22.2 99.0 99.00
2016 01 30 00 50  93  6.9  8.1  1.70  7.69  5.47 117 1015.1  26.8  27.3  21.9 99.0 99.00
2016 01 30 01 50  73  7.5  8.9  1.63  7.14  5.29 123 1015.8  26.7  27.3  22.2 99.0 99.00
2016 01 30 02 50  78  7.4  8.8  1.56  7.14  5.21 119 1015.9  26.7  27.3  22.1 99.0 99.00
2016 01 30 03 50  74  7.9  9.6  1.56  7.14  5.22 115 1015.6  26.6  27.3  21.9 99.0 99.00
2016 01 30 04 50  70  7.5  9.3  1.69  7.14  5.35 120 1015.3  26.6  27.2  21.9 99.0 99.00
2016 01 30 05 50  69  7.8  9.5  1.57  6.67  5.35 110 1014.4  26.4  27.2  22.0 99.0 99.00
2016 01 30 06 50  82  8.3  9.8  1.48  6.67  4.98 112 1013.4  26.4  27.2  21.6 99.0 99.00
2016 01 30 07 50  85  8.2  9.3  1.48  7.14  5.06 110 1013.0  26.2  27.2  21.5 99.0 99.00
2016 01 30 08 50  76  8.0  9.3  1.38  7.69  5.04 113 1013.3  26.4  27.2  21.4 99.0 99.00
2016 01 30 09 50  72  8.3 10.1  1.45  6.25  4.97 103 1013.9  26.3  27.2  21.5 99.0 99.00
2016 01 30 10 50  67  7.3  8.9  1.46  7.14  4.99 119 1015.0  26.4  27.2  21.2 99.0 99.00
2016 01 30 11 50  69  8.1  9.8  1.48  6.67  5.02 100 1015.7  26.5  27.2  20.9 99.0 99.00
2016 01 30 12 50  64  7.9  9.8  1.47  6.25  5.07 107 1016.7  26.6  27.2  21.4 99.0 99.00
2016 01 30 13 50  77  8.1  9.4  1.42  6.67  4.93 108 1017.3  26.8  27.3  21.4 99.0 99.00
2016 01 30 14 50  85  7.4  8.9  1.46  5.00  4.94 109 1017.2  26.8  27.3  21.2 99.0 99.00
2016 01 30 15 50  87  7.1  8.4  1.45  6.25  5.01 105 1016.9  26.9  27.3  21.4 99.0 99.00
2016 01 30 16 50  83  6.7  7.8  1.32  8.33  4.76  99 1016.2  26.7  27.4  21.4 99.0 99.00
2016 01 30 17 50  79  6.1  7.2  1.32  9.09  4.99 109 1015.5  26.8  27.4  21.8 99.0 99.00
2016 01 30 18 50  81  9.8 13.3  1.34  5.88  5.02 115 1014.5  26.1  27.4  21.8 99.0 99.00
2016 01 30 19 50  98  7.7  9.0  1.39  9.09  4.87 110 1014.3  26.4  27.4  21.9 99.0 99.00
2016 01 30 20 50  96  7.6  8.9  1.31  6.25  4.99 110 1014.5  26.6  27.4  21.8 99.0 99.00
2016 01 30 21 50  96  8.3 10.0  1.34  9.09  5.10 103 1014.5  26.9  27.4  21.7 99.0 99.00
2016 01 30 22 50  87  8.7 10.4  1.52  6.25  5.01 121 1014.6  26.8  27.3  22.0 99.0 99.00
2016 01 30 23 50 101  8.6 10.5  1.55  5.88  5.00 101 1015.1  26.8  27.3  21.9 99.0 99.00
2016 01 31 00 50  88  8.2  9.7  1.50  5.26  4.86  95 1015.9  26.7  27.3  21.4 99.0 99.00
2016 01 31 01 50  88  8.6  9.9  1.49  5.56  4.80 101 1016.6  26.8  27.3  20.7 99.0 99.00
2016 01 31 02 50  83  8.5 10.3  1.40  5.88  4.85  94 1016.7  26.7  27.2  21.1 99.0 99.00
2016 01 31 03 50  90  7.8  9.4  1.48  5.26  4.78 101 1016.6  26.7  27.2  21.0 99.0 99.00
2016 01 31 04 50  89  8.1 10.2  1.61  6.25  5.00 104 1016.3  26.7  27.2  20.9 99.0 99.00
2016 01 31 05 50  83  8.0  9.3  1.57  6.25  5.07  97 1015.3  26.6  27.2  21.2 99.0 99.00
2016 01 31 06 50  72  8.6 10.5  1.59  6.25  5.09 112 1014.7  26.5  27.2  21.3 99.0 99.00
2016 01 31 07 50  81  7.7  9.5  1.53  6.67  5.04 102 1014.5  26.5  27.2  21.4 99.0 99.00
2016 01 31 08 50  77  8.9 10.6  1.60  6.25  5.07 104 1014.6  26.5  27.2  20.5 99.0 99.00
2016 01 31 09 50  80  8.5 10.2  1.48  6.67  4.90 116 1015.0  26.6  27.2  21.0 99.0 99.00
2016 01 31 10 50  89  5.1  6.5  1.61  6.25  5.04 110 1015.7  25.8  27.2  21.2 99.0 99.00
2016 01 31 11 50  78  8.2  9.9  1.58  5.88  4.99 105 1016.3  26.6  27.2  21.7 99.0 99.00
2016 01 31 12 50  56  6.7  8.0  1.46  5.88  4.84 103 1017.3  26.2  27.2  21.7 99.0 99.00
2016 01 31 13 50  85  7.9  9.2  1.52  5.88  4.99  94 1017.7  26.8  27.2  21.8 99.0 99.00
2016 01 31 14 50  86  7.8  9.6  1.54  6.25  4.99 111 1017.9  26.6  27.3  21.1 99.0 99.00
2016 01 31 15 50  81  9.6 11.6  1.58  6.67  4.87 109 1017.0  27.0  27.3  20.2 99.0 99.00
2016 01 31 16 50  79  7.5  9.1  1.46  6.67  4.95 119 1016.4  26.6  27.3  21.5 99.0 99.00
2016 01 31 17 50  83  8.3  9.8  1.47  6.25  4.94 116 1015.5  26.8  27.3  21.1 99.0 99.00
2016 01 31 18 50  89  8.0  9.3  1.53  6.67  4.99 108 1014.5  26.8  27.3  20.9 99.0 99.00
2016 01 31 19 50  83  7.9  9.5  1.51  6.25  5.04 118 1014.0  26.8  27.3  21.1 99.0 99.00
2016 01 31 20 50  85  7.7  9.0  1.46  6.25  4.91 110 1014.1  26.9  27.3  20.7 99.0 99.00
2016 01 31 21 50  81  7.3  8.8  1.49  6.67  5.05 119 1014.5  26.8  27.3  21.4 99.0 99.00
2016 01 31 22 50  86  8.1  9.1  1.40  6.25  4.89 117 1014.8  26.8  27.3  20.7 99.0 99.00
