#YY  MM DD hh mm WDIR WSPD GST  WVHT   DPD   APD MWD   PRES  ATMP  WTMP  DEWP  VIS  TIDE
#yr  mo dy hr mn degT m/s  m/s     m   sec   sec deg    hPa  degC  degC  degC  nmi    ft
2016 02 29 23 50  85  7.0  8.1  1.33  5.56  5.03 105 1014.9  26.8  27.2  21.9 99.0 99.00
2016 03 01 00 50  84  6.8  7.8  1.34  6.25  5.24 102 1015.4  26.7  27.2  22.3 99.0 99.00
2016 03 01 01 50  83  6.7  8.0  1.23  6.25  4.94 101 1015.9  26.7  27.1  21.8 99.0 99.00
2016 03 01 02 50  81  6.5  8.3  1.35  5.56  5.16 113 1015.9  26.7  27.1  22.3 99.0 99.00
2016 03 01 03 50  82  6.9  8.1  1.28  5.88  5.07 110 1015.7  26.6  27.1  22.3 99.0 99.00
2016 03 01 04 50  86  6.6  8.0  1.27  5.88  5.09 104 1015.6  26.5  27.1  22.1 99.0 99.00
2016 03 01 05 50  74  6.9  8.1  1.27  8.33  5.18  81 1014.8  26.5  27.1  22.5 99.0 99.00
2016 03 01 06 50  88  6.3  7.5  1.34  8.33  5.17  86 1014.4  26.4  27.1  22.1 99.0 99.00
2016 03 01 07 50  78  6.8  8.1  1.44  5.56  5.28 116 1014.0  26.5  27.1  21.9 99.0 99.00
2016 03 01 08 50  90  6.4  8.0  1.31  5.88  5.22 108 1014.0  26.4  27.1  21.8 99.0 99.00
2016 03 01 09 50  85  6.7  8.0  1.38  5.56  5.26 106 1014.3  26.4  27.1  22.4 99.0 99.00
2016 03 01 10 50  82  6.7  7.8  1.38  5.56  5.26 118 1014.9  26.3  27.1  22.1 99.0 99.00
2016 03 01 11 50  88  7.0  8.2  1.36  5.88  5.06 111 1015.5  26.5  27.1  21.8 99.0 99.00
2016 03 01 12 50  95  6.4  7.8  1.34  5.88  5.30 112 1016.0  26.7  27.1  21.9 99.0 99.00
2016 03 01 13 50  84  7.0  8.0  1.34  5.88  5.17 104 1016.6  26.7  27.1  22.0 99.0 99.00
2016 03 01 14 50  81  6.9  8.3  1.27  5.88  5.06 110 1016.7  26.7  27.2  21.9 99.0 99.00
2016 03 01 15 50  85  6.1  7.6  1.32  5.88  5.13 100 1016.0  26.7  27.2  22.1 99.0 99.00
2016 03 01 16 50  89  5.9  7.1  1.24  6.67  5.09 104 1014.9  26.8  27.3  22.2 99.0 99.00
2016 03 01 17 50  92  6.0  7.1  1.32  9.09  5.32  57 1014.2  26.7  27.3  22.1 99.0 99.00
2016 03 01 18 50  81  5.6  6.7  1.26  9.09  5.38  89 1013.7  26.8  27.4  22.1 99.0 99.00
2016 03 01 19 50  78  6.1  7.0  1.29  5.88  5.29  96 1013.5  26.8  27.3  22.2 99.0 99.00
2016 03 01 20 50  70  5.6  6.7  1.23  9.09  5.23  89 1013.6  26.9  27.4  22.5 99.0 99.00
2016 03 01 21 50  81  6.2  7.6  1.35 10.00  5.42  84 1013.9  26.8  27.3  22.6 99.0 99.00
2016 03 01 22 50  80  6.9  8.3  1.23 10.00  5.26  47 1014.1  26.7  27.3  22.6 99.0 99.00
2016 03 01 23 50  93  6.4  7.6  1.36 10.00  5.31  82 1014.6  26.7  27.2  22.9 99.0 99.00
2016 03 02 00 50 102  7.1  8.7  1.21 10.00  5.21  83 1015.4  26.3  27.2  22.6 99.0 99.00
2016 03 02 01 50  97  4.5  5.4  1.27  5.56  5.29  82 1016.0  26.2  27.2  22.7 99.0 99.00
2016 03 02 02 50  87  7.2  8.4  1.29 10.00  5.38 103 1015.7  26.6  27.2  22.4 99.0 99.00
2016 03 02 03 50  91  7.3  8.8  1.27  5.56  5.08  93 1015.9  26.8  27.1  22.9 99.0 99.00
2016 03 02 04 50  92  7.6  9.2  1.32 10.00  5.09  97 1015.4  26.4  27.1  23.1 99.0 99.00
2016 03 02 05 50  77  7.3  8.8  1.42  5.88  5.21  74 1014.8  26.6  27.1  22.6 99.0 99.00
2016 03 02 06 50  88  7.3  8.7  1.46  5.88  5.32  85 1014.6  26.6  27.1  22.7 99.0 99.00
2016 03 02 07 50  77  7.0  9.2  1.43  5.88  5.19  75 1014.4  26.6  27.1  23.1 99.0 99.00
2016 03 02 08 50  85  7.8  9.0  1.57  6.25  5.39  68 1013.9  26.4  27.1  22.5 99.0 99.00
2016 03 02 09 50  89  7.6  8.9  1.52  6.25  5.18  65 1014.1  26.5  27.1  22.8 99.0 99.00
2016 03 02 10 50  85  6.9  8.5  1.51  5.88  5.21  72 1014.8  26.5  27.1  22.6 99.0 99.00
2016 03 02 11 50  87  7.3  9.0  1.53  5.88  5.22  83 1015.7  26.6  27.1  22.5 99.0 99.00
2016 03 02 12 50  91  7.3  8.3  1.46  5.88  5.20  76 1016.5  26.8  27.1  22.0 99.0 99.00
2016 03 02 13 50  85  6.8  7.8  1.44  5.88  5.20  57 1016.9  26.9  27.1  22.7 99.0 99.00
2016 03 02 14 50  85  7.4  8.8  1.45  6.25  5.20  72 1016.9  26.9  27.1  22.5 99.0 99.00
2016 03 02 15 50  82  6.9  8.3  1.41  6.25  5.17  75 1016.4  26.8  27.2  22.8 99.0 99.00
2016 03 02 16 50  77  7.9  9.9  1.39  5.88  5.16  80 1015.5  26.8  27.2  22.7 99.0 99.00
2016 03 02 17 50  81  7.6  9.3  1.34  5.88  5.13  79 1015.0  26.7  27.3  22.4 99.0 99.00
2016 03 02 18 50  79  7.0  8.2  1.41  6.25  5.19  99 1014.1  26.4  27.3  22.8 99.0 99.00
2016 03 02 19 50  80  6.5  7.5  1.41  6.25  5.15  74 1013.7  26.5  27.3  23.0 99.0 99.00
2016 03 02 20 50  70  7.9  9.3  1.43  5.88  5.13  78 1013.4  26.3  27.3  23.0 99.0 99.00
2016 03 02 21 50  70  8.4  9.7  1.57  5.88  5.20  67 1013.7  26.5  27.3  22.9 99.0 99.00
2016 03 02 22 50  78  8.2  9.5  1.46  6.25  5.10  67 1014.1  26.5  27.2  23.0 99.0 99.00
2016 03 02 23 50  97  9.2 11.1  1.43  6.25  5.22  66 1014.4  24.9  27.2  22.2 99.0 99.00
2016 03 03 00 50 105  8.2 10.6  1.37  6.25  5.26  80 1014.8  26.1  27.2  23.0 99.0 99.00
2016 03 03 01 50  83  7.2  8.7  1.35  6.25  5.05  82 1015.0  26.2  27.2  23.0 99.0 99.00
2016 03 03 02 50  87  7.7  8.9  1.33  5.88  4.96  60 1015.0  26.6  27.1  21.7 99.0 99.00
2016 03 03 03 50  72  7.7  8.9  1.39  6.25  5.15  72 1014.9  26.4  27.1  22.5 99.0 99.00
2016 03 03 04 50  67  7.7  9.1  1.21  6.25  4.92  68 1014.3  26.4  27.1  22.4 99.0 99.00
2016 03 03 05 50  74  7.9  9.1  1.30  5.88  5.00  79 1013.3  26.3  27.1  22.4 99.0 99.00
2016 03 03 06 50  73  7.8  9.1  1.25 10.00  5.05  86 1012.8  26.3  27.1  22.4 99.0 99.00
2016 03 03 07 50  79  7.6  9.1  1.33  5.88  5.00  81 1012.4  26.1  27.1  22.5 99.0 99.00
2016 03 03 08 50  70  7.4  8.6  1.34  5.88  4.91  82 1012.6  26.3  27.1  22.6 99.0 99.00
2016 03 03 09 50  70  7.1  8.2  1.39  5.56  5.10  68 1012.8  26.2  27.1  22.5 99.0 99.00
2016 03 03 10 50  75  7.4  8.5  1.31  5.88  4.95  69 1013.4  26.4  27.1  21.9 99.0 99.00
2016 03 03 11 50  76  6.6  7.6  1.38  5.88  5.06  82 1014.2  26.6  27.1  21.9 99.0 99.00
2016 03 03 12 50  74  5.9  7.5  1.32  6.25  5.00  65 1014.9  26.7  27.1  22.3 99.0 99.00
2016 03 03 13 50  78  6.5  7.5  1.25  5.56  5.00  89 1015.6  26.8  27.1  22.1 99.0 99.00
2016 03 03 14 50  77  6.0  6.8  1.39  5.88  5.13  66 1016.2  26.8  27.2  22.1 99.0 99.00
2016 03 03 15 50  71  6.2  7.2  1.26  5.88  5.10  69 1015.9  26.8  27.2  22.8 99.0 99.00
2016 03 03 16 50  85  5.4  6.6  1.23  6.67  5.03  59 1015.1  26.1  27.2  22.9 99.0 99.00
2016 03 03 17 50  63  5.8  6.9  1.24  5.88  5.12  63 1014.2  26.7  27.3  22.6 99.0 99.00
2016 03 03 18 50  71  6.3  7.5  1.18  6.25  5.04  57 1013.3  26.5  27.3  22.8 99.0 99.00
2016 03 03 19 50  70  5.9  6.8  1.15  6.67  4.92  67 1012.8  26.6  27.3  22.2 99.0 99.00
2016 03 03 20 50  66  6.0  7.1  1.18  5.26  5.01  78 1012.8  26.6  27.3  22.5 99.0 99.00
2016 03 03 21 50  68  6.0  7.1  1.18  5.88  5.13  67 1012.9  26.7  27.3  22.4 99.0 99.00
2016 03 03 22 50  71  6.3  7.6  1.14  5.88  4.97  78 1013.0  26.6  27.2  22.8 99.0 99.00
2016 03 03 23 50  87  5.9  7.4  1.06  6.25  4.90  72 1013.5  26.5  27.2  22.9 99.0 99.00
2016 03 04 00 50  86  5.9  6.7  1.16  5.26  4.92  87 1014.1  26.6  27.2  22.7 99.0 99.00
2016 03 04 01 50  90  6.5  8.1  1.13  5.00  4.79  84 1014.3  26.5  27.1  22.8 99.0 99.00
2016 03 04 02 50  84  6.3  7.5  1.13  5.88  4.74  72 1014.5  26.6  27.1  22.7 99.0 99.00
2016 03 04 03 50  84  6.5  7.6  1.08  5.26  4.72  90 1014.2  26.5  27.1  22.6 99.0 99.00
2016 03 04 04 50  94  6.2  7.0  1.09  5.88  4.79  71 1013.8  26.3  27.1  22.6 99.0 99.00
2016 03 04 05 50  86  5.6  6.9  1.07  5.56  4.83  70 1013.4  26.5  27.1  23.0 99.0 99.00
2016 03 04 06 50  84  7.6  9.0  1.11  5.56  4.92  75 1012.9  25.7  27.1  22.4 99.0 99.00
2016 03 04 07 50  92  2.0  2.5  1.02  5.88  4.77  78 1012.8  24.7  27.1  22.7 99.0 99.00
2016 03 04 08 50  95  6.7  8.0  1.15  5.00  4.95  79 1012.5  25.4  27.1  22.3 99.0 99.00
2016 03 04 09 50  90  8.4  9.7  1.14  5.56  4.92  82 1012.1  26.3  27.1  22.7 99.0 99.00
2016 03 04 10 50  86  7.9  9.2  1.24  5.88  4.82  77 1012.9  26.4  27.1  22.7 99.0 99.00
2016 03 04 11 50  85  7.1  8.4  1.45  5.00  4.96  79 1013.5  26.4  27.1  22.7 99.0 99.00
2016 03 04 12 50  86  7.0  8.4  1.53  6.25  5.25  65 1014.3  26.4  27.1  22.8 99.0 99.00
2016 03 04 13 50  96  6.3  7.2  1.48  6.25  5.24  65 1015.4  26.6  27.1  22.8 99.0 99.00
2016 03 04 14 50  99  5.9  7.1  1.51  7.14  5.40  64 1015.7  26.8  27.2  22.8 99.0 99.00
2016 03 04 15 50 108  6.0  7.1  1.58  6.67  5.35  67 1015.2  26.7  27.2  22.9 99.0 99.00
2016 03 04 16 50 108  6.2  7.4  1.46  6.67  5.42  68 1014.6  26.7  27.3  22.9 99.0 99.00
2016 03 04 17 50 109  6.4  7.5  1.41  6.25  5.32  63 1013.8  26.8  27.3  22.5 99.0 99.00
2016 03 04 18 50 116  6.3  7.5  1.35  7.14  5.18  64 1013.0  26.8  27.4  22.8 99.0 99.00
2016 03 04 19 50 117  6.0  6.9  1.43  6.67  5.33  59 1012.3  26.7  27.3  22.6 99.0 99.00
2016 03 04 20 50  97  5.5  6.6  1.38  7.14  5.36  65 1012.4  26.8  27.3  22.7 99.0 99.00
2016 03 04 21 50 103  6.1  7.3  1.34  7.14  5.41  67 1012.7  26.9  27.3  22.4 99.0 99.00
2016 03 04 22 50  98  5.1  6.0  1.33  7.14  5.33  64 1012.9  26.7  27.2  22.7 99.0 99.00
2016 03 04 23 50  18  4.3  6.2  1.43  7.14  5.51  65 1014.1  26.1  27.2  22.9 99.0 99.00
2016 03 05 00 50  81  5.4  6.6  1.31  6.67  5.35  68 1014.7  26.8  27.2  23.1 99.0 99.00
2016 03 05 01 50  89  6.4  7.7  1.47  6.67  5.53  66 1014.6  26.7  27.2  23.0 99.0 99.00
2016 03 05 02 50  90  5.6  6.7  1.43  7.14  5.46  63 1014.8  26.7  27.2  23.2 99.0 99.00
2016 03 05 03 50  84  6.0  7.2  1.25  7.14  5.23  74 1015.0  26.6  27.2  23.1 99.0 99.00
2016 03 05 04 50  83  6.1  7.6  1.42  7.14  5.59  67 1014.6  26.5  27.2  23.1 99.0 99.00
2016 03 05 05 50  86  6.0  7.4  1.24  7.14  5.15  66 1013.6  26.4  27.2  23.3 99.0 99.00
2016 03 05 06 50 102  5.9  7.3  1.28  7.14  5.26  68 1013.3  26.3  27.2  23.5 99.0 99.00
2016 03 05 07 50 101  5.9  6.9  1.23  6.67  5.28  69 1012.6  26.5  27.1  22.8 99.0 99.00
2016 03 05 08 50  96  5.8  6.7  1.23  5.56  5.03  77 1012.6  26.4  27.1  23.2 99.0 99.00
2016 03 05 09 50  87  5.6  6.7  1.18  6.67  5.29  69 1013.1  26.3  27.1  23.1 99.0 99.00
2016 03 05 10 50  84  5.9  7.1  1.22  6.67  5.19  76 1013.8  26.4  27.1  23.2 99.0 99.00
2016 03 05 11 50  95  6.4  7.5  1.19  6.25  5.20  73 1014.1  26.6  27.1  22.9 99.0 99.00
2016 03 05 12 50  93  6.6  7.7  1.20  6.25  5.18  71 1014.6  26.7  27.1  23.0 99.0 99.00
2016 03 05 13 50 109  5.9  7.0  1.25  6.67  5.31  72 1015.3  26.8  27.2  23.1 99.0 99.00
2016 03 05 14 50 109  5.9  6.9  1.24  6.67  5.16  74 1015.5  26.8  27.2  23.1 99.0 99.00
2016 03 05 15 50 112  5.7  6.8  1.26  6.67  5.20  66 1015.0  26.8  27.3  23.2 99.0 99.00
2016 03 05 16 50 110  5.2  6.2  1.32  7.69  5.36  66 1014.3  26.8  27.3  23.4 99.0 99.00
2016 03 05 17 50 109  4.9  6.0  1.17  7.14  5.29  67 1013.9  26.9  27.4  23.0 99.0 99.00
2016 03 05 18 50 115  4.2  5.3  1.25  7.14  5.52  71 1013.1  26.9  27.5  22.9 99.0 99.00
2016 03 05 19 50  85  2.5  3.2  1.19  7.14  5.52  57 1012.4  26.3  27.6  23.5 99.0 99.00
2016 03 05 20 50 106  4.1  4.7  1.12  6.67  5.26  64 1012.2  26.9  27.5  23.1 99.0 99.00
2016 03 05 21 50 104  4.6  5.4  1.13  7.14  5.31  59 1012.7  27.0  27.5  23.2 99.0 99.00
2016 03 05 22 50 121  4.8  6.0  1.07  6.25  5.16  73 1013.0  26.7  27.4  23.5 99.0 99.00
2016 03 05 23 50 108  8.2  9.7  1.11  6.67  5.26  72 1013.4  25.9  27.4  23.4 99.0 99.00
2016 03 06 00 50  97  5.2  6.7  1.17  6.67  5.16  61 1014.3  26.5  27.3  23.1 99.0 99.00
2016 03 06 01 50  93  4.3  5.3  1.04  6.67  5.23  90 1014.9  26.5  27.3  23.5 99.0 99.00
2016 03 06 02 50  90  5.0  5.8  1.05  5.56  5.15  84 1014.8  26.7  27.3  23.2 99.0 99.00
2016 03 06 03 50  98  4.1  5.1  1.10  6.25  5.40  79 1015.1  26.6  27.3  23.4 99.0 99.00
2016 03 06 04 50 101  4.1  4.8  1.07  6.67  5.34  83 1014.8  26.6  27.3  23.4 99.0 99.00
2016 03 06 05 50 114  3.5  4.2  1.07  5.56  5.40  75 1014.0  26.6  27.3  23.3 99.0 99.00
2016 03 06 06 50 103  4.0  5.0  0.99  6.67  5.40  77 1013.4  26.2  27.2  23.5 99.0 99.00
2016 03 06 07 50  88  5.6  6.5  1.01  5.88  5.22  84 1013.2  25.7  27.2  23.4 99.0 99.00
2016 03 06 08 50 100  4.6  6.0  1.05  6.25  4.97  81 1013.3  25.0  27.2  22.9 99.0 99.00
2016 03 06 09 50  99  8.1  9.3  1.11  6.67  4.91  84 1013.9  25.3  27.2  23.1 99.0 99.00
2016 03 06 10 50  90  6.0  7.1  1.13  5.88  4.85  90 1014.5  25.4  27.2  23.4 99.0 99.00
2016 03 06 11 50  80  4.4  5.3  1.08  5.88  4.90  94 1015.1  26.2  27.2  22.5 99.0 99.00
2016 03 06 12 50  68  4.8  5.4  1.04  5.56  5.04 103 1015.7  26.9  27.2  21.6 99.0 99.00
2016 03 06 13 50 118  4.9  6.1  1.11  5.88  5.06  97 1015.8  27.4  27.2  21.7 99.0 99.00
2016 03 06 14 50 120  4.9  6.2  1.07  6.67  5.24  86 1016.0  27.2  27.3  22.9 99.0 99.00
2016 03 06 15 50 103  5.2  5.9  1.08  6.67  5.21  79 1015.6  26.9  27.4  23.5 99.0 99.00
2016 03 06 16 50 111  5.8  6.8  1.08  6.25  5.16  99 1015.0  27.1  27.4  23.2 99.0 99.00
2016 03 06 17 50 107  5.3  7.0  1.06  5.88  5.04 108 1014.4  27.0  27.5  23.6 99.0 99.00
2016 03 06 18 50 111  5.3  6.3  0.98  5.88  4.96 104 1013.5  27.1  27.5  23.5 99.0 99.00
2016 03 06 19 50  96  5.4  6.6  1.00  6.67  5.00 103 1012.7  26.6  27.6  23.5 99.0 99.00
2016 03 06 20 50 106  5.4  6.8  0.98  6.67  4.91  95 1012.8  27.1  27.6  23.7 99.0 99.00
2016 03 06 21 50  99  5.3  6.1  0.96  5.26  4.79 102 1013.3  26.9  27.5  23.4 99.0 99.00
2016 03 06 22 50 107  5.2  6.4  0.97  5.88  4.85 109 1013.5  26.9  27.4  23.5 99.0 99.00
2016 03 06 23 50 123  5.1  6.2  0.93  5.88  4.84 107 1013.8  26.9  27.4  23.6 99.0 99.00
2016 03 07 00 50 122  5.6  6.5  0.98  5.56  5.01 106 1014.3  26.9  27.4  23.1 99.0 99.00
2016 03 07 01 50 121  4.8  5.6  0.91  5.56  4.89 113 1014.7  26.9  27.3  23.2 99.0 99.00
2016 03 07 02 50 126  4.1  5.0  0.90  5.88  4.81 112 1014.7  26.8  27.3  22.9 99.0 99.00
2016 03 07 03 50 116  4.3  5.1  0.92  5.56  4.78 122 1014.7  26.7  27.3  23.1 99.0 99.00
2016 03 07 04 50  96  3.7  4.5  0.88  5.88  4.89 122 1014.5  26.6  27.3  23.1 99.0 99.00
2016 03 07 05 50  99  3.9  4.9  0.90  7.69  5.12  91 1013.7  26.5  27.3  23.0 99.0 99.00
2016 03 07 06 50 105  3.9  4.8  0.93  5.88  5.06 115 1013.3  26.5  27.3  22.9 99.0 99.00
2016 03 07 07 50  81  3.6  4.3  0.93  6.67  5.30  88 1013.0  26.4  27.3  22.9 99.0 99.00
2016 03 07 08 50  82  3.1  3.9  0.91  5.56  5.12 105 1013.2  26.4  27.3  23.2 99.0 99.00
2016 03 07 09 50  99  3.5  4.2  0.85  5.88  5.23 102 1013.8  26.4  27.3  23.3 99.0 99.00
2016 03 07 10 50  94  3.6  4.5  0.95 14.81  5.60 335 1014.8  26.4  27.3  23.1 99.0 99.00
2016 03 07 11 50  99  3.3  4.0  0.88 14.81  5.35 347 1015.6  26.8  27.3  22.8 99.0 99.00
2016 03 07 12 50 106  3.4  4.3  0.99 14.81  5.81 360 1016.3  26.9  27.3  22.4 99.0 99.00
2016 03 07 13 50  90  4.0  4.6  0.91  5.56  5.59 103 1016.8  26.8  27.4  22.8 99.0 99.00
2016 03 07 14 50 110  3.4  4.1  0.89 14.81  5.67 357 1017.0  26.9  27.5  22.9 99.0 99.00
2016 03 07 15 50 108  3.6  4.2  0.95 13.79  5.97 357 1016.7  26.9  27.6  22.8 99.0 99.00
2016 03 07 16 50 105  3.2  3.9  0.97 13.79  5.91 358 1015.9  26.9  27.8  22.7 99.0 99.00
2016 03 07 17 50 112  3.3  4.1  0.98 13.79  5.93  11 1015.2  26.9  27.9  22.7 99.0 99.00
2016 03 07 18 50 120  3.0  4.0  0.92 12.90  5.82 354 1014.4  26.9  28.0  22.6 99.0 99.00
2016 03 07 19 50  84  2.2  3.2  0.92 12.90  5.78 353 1013.9  27.0  28.1  22.8 99.0 99.00
2016 03 07 20 50  78  2.5  3.3  0.94 12.90  6.08 355 1013.9  27.1  28.0  22.6 99.0 99.00
2016 03 07 21 50  79  3.1  3.8  0.88 13.79  5.84 356 1014.1  27.1  28.0  22.7 99.0 99.00
2016 03 07 22 50  70  2.8  3.4  0.88 12.90  5.67 355 1014.5  26.9  27.9  22.9 99.0 99.00
2016 03 07 23 50  68  2.5  3.3  0.86 12.90  6.07   4 1015.1  26.9  27.8  22.8 99.0 99.00
2016 03 08 00 50 344  3.5  4.4  0.86 12.90  5.95   1 1015.8  26.1  27.7  22.5 99.0 99.00
2016 03 08 01 50  10  6.6  7.6  0.77 12.90  5.48 337 1016.0  25.7  27.6  23.4 99.0 99.00
2016 03 08 02 50   8  5.7  6.8  0.95 12.90  4.89   8 1016.2  25.6  27.5  22.7 99.0 99.00
2016 03 08 03 50  17  6.4  7.5  0.99 13.79  5.07 344 1015.9  25.6  27.5  23.1 99.0 99.00
2016 03 08 04 50  35  6.4  7.8  0.96 12.12  4.97 351 1015.4  25.6  27.4  23.0 99.0 99.00
2016 03 08 05 50  39  5.3  6.3  1.03 13.79  5.26 358 1014.8  25.6  27.3  22.8 99.0 99.00
2016 03 08 06 50  42  5.4  6.4  1.01 14.81  4.89  11 1014.2  25.7  27.3  22.9 99.0 99.00
2016 03 08 07 50  64  7.1  8.2  1.11 14.81  4.98   5 1013.7  26.0  27.4  22.5 99.0 99.00
2016 03 08 08 50  30  7.2 10.9  1.16  5.26  4.75  31 1013.6  25.5  27.4  23.3 99.0 99.00
2016 03 08 09 50  34  4.9  6.4  1.23 14.81  4.73 358 1014.4  25.0  27.3  22.8 99.0 99.00
2016 03 08 10 50  44  9.1 10.7  1.34 13.79  4.95  13 1014.9  26.6  27.3  22.3 99.0 99.00
2016 03 08 11 50  56  8.3  9.8  1.70  5.26  4.92  43 1015.6  26.2  27.3  22.6 99.0 99.00
2016 03 08 12 50  48  9.0 10.6  1.56  5.00  4.99  42 1016.2  25.9  27.3  22.8 99.0 99.00
2016 03 08 13 50  60  8.0  8.9  1.52  5.56  4.91  48 1017.0  26.6  27.3  21.9 99.0 99.00
2016 03 08 14 50  50  7.6  9.0  1.38  5.26  4.95  50 1017.2  27.0  27.3  22.5 99.0 99.00
2016 03 08 15 50  56  8.0  9.1  1.34  5.88  4.89  37 1016.8  27.1  27.3  21.9 99.0 99.00
2016 03 08 16 50  53  7.6  9.0  1.38  6.25  5.07  27 1016.2  27.1  27.3  22.4 99.0 99.00
2016 03 08 17 50  38  7.4  8.6  1.39  5.88  4.92  33 1015.4  26.7  27.4  23.0 99.0 99.00
2016 03 08 18 50  36  7.2  8.3  1.49  5.56  4.89  51 1014.7  26.2  27.4  23.1 99.0 99.00
2016 03 08 19 50  21  8.6 10.1  1.47  5.56  5.13  51 1014.3  25.9  27.4  22.9 99.0 99.00
2016 03 08 20 50  38  8.4 10.1  1.53  5.88  5.23  54 1014.0  26.7  27.4  22.9 99.0 99.00
2016 03 08 21 50  42  8.1  9.6  1.57  5.56  5.11  55 1014.3  26.7  27.4  22.7 99.0 99.00
2016 03 08 22 50  72  7.8 10.7  1.61  6.25  5.11  41 1014.8  25.8  27.3  23.1 99.0 99.00
2016 03 08 23 50  66  6.5  7.5  1.66  5.56  5.00  49 1015.1  26.0  27.3  22.7 99.0 99.00
2016 03 09 00 50  32  9.9 12.0  1.67  5.56  5.12  26 1015.5  24.8  27.2  23.2 99.0 99.00
2016 03 09 01 50  57  9.3 11.0  1.75  6.25  5.21  45 1016.2  24.5  27.2  23.3 99.0 99.00
2016 03 09 02 50  69  9.0 10.9  1.74  5.88  5.29  49 1016.1  24.5  27.2  23.3 99.0 99.00
2016 03 09 03 50  77 10.1 12.4  1.99  6.25  5.29  37 1015.9  24.4  27.2  23.0 99.0 99.00
2016 03 09 04 50  59 11.1 12.8  2.00  6.67  5.48  26 1015.5  26.0  27.2  22.8 99.0 99.00
2016 03 09 05 50  53 10.2 12.2  2.54  7.69  5.76  12 1014.8  26.1  27.2  22.9 99.0 99.00
2016 03 09 06 50  62 12.4 15.9  2.43  6.67  5.79  32 1014.2  25.2  27.2  22.6 99.0 99.00
2016 03 09 07 50  50 10.6 12.3  2.59  7.69  5.96  32 1014.0  25.6  27.2  22.5 99.0 99.00
2016 03 09 08 50  52 10.9 13.2  2.63  7.14  6.02  28 1014.1  26.2  27.2  22.2 99.0 99.00
2016 03 09 09 50  53 11.9 13.6  2.59  7.69  5.99  38 1014.0  26.2  27.2  22.0 99.0 99.00
2016 03 09 10 50  46 12.2 14.2  2.67  7.69  6.09  28 1014.6  26.4  27.2  21.4 99.0 99.00
2016 03 09 11 50  53 12.1 14.5  2.86  7.69  6.18  37 1015.4  26.4  27.1  21.5 99.0 99.00
2016 03 09 12 50  52 13.1 15.3  2.93  8.33  6.26  35 1016.0  26.2  27.1  20.6 99.0 99.00
2016 03 09 13 50  49 11.4 13.6  2.94  8.33  6.19  48 1016.9  26.4  27.2  20.1 99.0 99.00
2016 03 09 14 50  58 11.1 13.5  3.10  8.33  6.47  40 1017.2  26.4  27.2  20.4 99.0 99.00
2016 03 09 15 50  53 11.8 14.1  3.10  7.69  6.28  49 1016.8  26.3  27.2  20.5 99.0 99.00
2016 03 09 16 50  53 11.4 14.1  3.04  8.33  6.52  43 1016.3  26.4  27.2  20.4 99.0 99.00
2016 03 09 17 50  49 11.5 13.9  3.11  8.33  6.45  56 1015.7  26.3  27.2  20.0 99.0 99.00
2016 03 09 18 50  57 11.7 14.9  3.41  8.33  6.56  50 1015.0  26.3  27.2  19.4 99.0 99.00
2016 03 09 19 50  51 10.8 12.9  3.07  9.09  6.39  58 1014.8  26.4  27.2  19.5 99.0 99.00
2016 03 09 20 50  55 10.2 12.9  3.03  7.69  6.33  50 1014.8  26.4  27.2  19.4 99.0 99.00
2016 03 09 21 50  55 11.1 13.4  3.11  8.33  6.36  52 1014.8  26.4  27.2  19.5 99.0 99.00
2016 03 09 22 50  51 11.3 13.3  3.24  8.33  6.59  55 1015.3  26.6  27.2  19.3 99.0 99.00
2016 03 09 23 50  54 11.5 13.7  2.95  8.33  6.27  44 1016.1  26.6  27.2  19.6 99.0 99.00
2016 03 10 00 50  53 11.4 13.9  2.78  9.09  6.11  42 1016.5  26.4  27.2  20.8 99.0 99.00
2016 03 10 01 50  59 12.5 14.9  2.89  8.33  6.24  59 1016.8  26.5  27.2  20.6 99.0 99.00
2016 03 10 02 50  59 12.2 14.5  2.82  8.33  6.17  59 1017.1  26.5  27.2  20.6 99.0 99.00
2016 03 10 03 50  50 12.5 14.9  2.68  8.33  6.07  60 1016.8  26.5  27.1  19.3 99.0 99.00
2016 03 10 04 50  56 11.6 14.9  3.26  8.33  6.51  54 1016.4  26.3  27.1  19.6 99.0 99.00
2016 03 10 05 50  54 12.0 14.6  3.24  8.33  6.38  62 1015.7  26.3  27.1  18.5 99.0 99.00
2016 03 10 06 50  52 11.4 14.0  3.19  7.69  6.49  58 1015.2  26.0  27.1  18.8 99.0 99.00
2016 03 10 07 50  59 11.2 14.3  2.96  8.33  6.28  60 1014.9  26.0  27.1  18.3 99.0 99.00
2016 03 10 08 50  45 10.8 12.9  3.10  8.33  6.41  56 1015.3  25.9  27.1  18.1 99.0 99.00
2016 03 10 09 50  47 10.3 13.4  2.85  8.33  6.23  68 1015.9  26.0  27.1  17.3 99.0 99.00
2016 03 10 10 50  52 10.8 12.8  2.82  8.33  6.49  51 1016.6  26.0  27.1  17.6 99.0 99.00
2016 03 10 11 50  61 10.9 13.5  2.77  8.33  6.34  48 1017.3  26.3  27.1  17.8 99.0 99.00
2016 03 10 12 50  52 10.1 12.9  2.81  8.33  6.28  37 1018.0  26.3  27.1  18.8 99.0 99.00
2016 03 10 13 50  56 10.2 12.4  2.63  8.33  6.31  52 1018.7  26.3  27.1  18.9 99.0 99.00
2016 03 10 14 50  55 10.5 12.4  2.95  8.33  6.56  64 1018.9  26.4  27.1  18.8 99.0 99.00
2016 03 10 15 50  50 10.3 12.0  3.12  8.33  6.61  59 1018.6  26.3  27.1  19.0 99.0 99.00
2016 03 10 16 50  48 10.6 12.5  2.81  8.33  6.45  52 1017.8  26.1  27.1  19.9 99.0 99.00
2016 03 10 17 50  45 10.3 12.4  2.83  7.14  6.22  47 1017.1  26.0  27.1  20.5 99.0 99.00
2016 03 10 18 50  40  9.4 11.6  2.70  7.69  6.10  60 1016.7  26.0  27.1  20.5 99.0 99.00
2016 03 10 19 50  50  9.8 11.8  2.79  8.33  6.40  59 1016.1  26.3  27.1  19.0 99.0 99.00
2016 03 10 20 50  49 10.6 12.6  2.60  8.33  6.18  69 1016.1  26.4  27.1  18.9 99.0 99.00
2016 03 10 21 50  55  9.9 12.1  2.65  8.33  6.10  62 1016.3  26.3  27.1  19.6 99.0 99.00
2016 03 10 22 50  54 10.4 12.3  2.61  7.69  6.07  65 1016.7  26.2  27.1  20.1 99.0 99.00
2016 03 10 23 50  54 10.3 11.7  2.55  7.69  5.94  57 1017.4  26.3  27.1  19.2 99.0 99.00
2016 03 11 00 50  68  9.6 11.4  2.55  7.69  5.94  59 1017.5  26.3  27.1  19.4 99.0 99.00
2016 03 11 01 50  59  9.8 11.9  2.38  7.69  6.05  59 1017.5  26.2  27.1  19.4 99.0 99.00
2016 03 11 02 50  58 10.3 12.0  2.31  7.69  5.66  64 1017.7  26.2  27.1  19.1 99.0 99.00
2016 03 11 03 50  67  9.8 11.3  2.40  7.69  5.89  63 1017.7  26.2  27.1  20.1 99.0 99.00
2016 03 11 04 50  63 10.4 12.4  2.49  7.69  6.14  50 1017.2  26.1  27.1  20.2 99.0 99.00
2016 03 11 05 50  70 10.7 12.2  2.43  7.69  5.92  70 1016.7  26.0  27.0  19.4 99.0 99.00
2016 03 11 06 50  74  9.6 11.1  2.56  7.69  6.02  62 1016.1  25.9  27.0  19.1 99.0 99.00
2016 03 11 08 50  70  9.5 11.3  2.55  7.69  5.98  69 1015.8  25.9  27.0  18.8 99.0 99.00
2016 03 11 09 50  62  9.7 14.3  2.41  7.69  5.86  77 1016.0  25.3  27.0  19.4 99.0 99.00
2016 03 11 10 50  64 10.2 11.9  2.43  7.69  5.99  71 1016.7  26.0  27.0  19.2 99.0 99.00
2016 03 11 11 50  61 10.1 11.9  2.34  7.69  5.75  62 1017.5  26.0  27.0  19.0 99.0 99.00
2016 03 11 12 50  56  9.4 11.6  2.34  7.69  5.67  65 1018.3  26.1  27.0  17.9 99.0 99.00
2016 03 11 13 50  58  8.4 10.3  2.37  7.69  5.88  69 1018.8  26.1  27.0  18.5 99.0 99.00
2016 03 11 14 50  52  8.2 10.1  2.31  7.69  5.93  72 1019.0  26.1  27.0  18.8 99.0 99.00
2016 03 11 15 50  56  7.6  9.0  2.26  7.69  6.05  65 1018.8  26.0  27.1  19.4 99.0 99.00
2016 03 11 16 50  57  8.4  9.9  2.18  7.69  5.93  76 1018.0  26.3  27.1  18.8 99.0 99.00
2016 03 11 17 50  59  8.0  9.6  2.09  7.69  5.84  71 1017.3  26.3  27.1  19.4 99.0 99.00
2016 03 11 18 50  68  8.2 10.2  2.17  7.69  5.90  70 1016.4  26.0  27.1  20.0 99.0 99.00
2016 03 11 19 50  58  8.3  9.6  2.06  7.69  5.75  61 1016.1  26.2  27.1  19.3 99.0 99.00
2016 03 11 20 50  47  7.7  9.4  2.10  7.69  5.74  61 1015.9  26.2  27.1  20.2 99.0 99.00
2016 03 11 21 50  74  8.3 10.3  2.12  7.69  5.77  63 1016.3  26.1  27.1  20.5 99.0 99.00
2016 03 11 22 50  64 10.0 11.7  2.12  7.14  5.71  67 1016.4  26.2  27.1  19.8 99.0 99.00
2016 03 11 23 50  70  8.6 10.1  2.07  7.69  5.63  59 1017.1  26.1  27.1  20.3 99.0 99.00
2016 03 12 00 50  65  9.1 10.6  1.97  7.69  5.53  64 1017.6  26.0  27.0  20.5 99.0 99.00
2016 03 12 01 50  62  8.7 10.3  2.00  7.69  5.66  54 1018.0  26.4  27.0  20.0 99.0 99.00
2016 03 12 02 50  60  9.3 11.6  2.01  7.14  5.61  60 1017.9  26.3  27.0  19.6 99.0 99.00
2016 03 12 03 50  54  9.4 11.0  2.04  7.14  5.66  54 1017.3  26.2  27.0  20.4 99.0 99.00
2016 03 12 04 50  53 10.0 12.5  2.30  7.69  5.80  65 1016.4  26.2  27.0  20.2 99.0 99.00
2016 03 12 05 50  53 10.2 12.2  2.18  7.69  5.65  60 1015.4  26.1  27.0  19.8 99.0 99.00
2016 03 12 06 50  53  9.6 11.6  2.13  7.14  5.76  60 1014.8  26.1  27.0  20.2 99.0 99.00
2016 03 12 07 50  53  9.7 12.0  2.21  7.69  5.82  65 1014.6  26.0  27.0  19.9 99.0 99.00
2016 03 12 08 50  58  9.5 11.4  2.30  6.67  5.78  60 1014.8  26.0  27.0  19.5 99.0 99.00
2016 03 12 09 50  63  9.1 10.5  2.24  7.14  5.75  55 1015.4  26.1  27.0  20.1 99.0 99.00
2016 03 12 10 50  58  9.7 11.6  2.22  7.14  5.67  65 1016.0  26.1  27.0  20.5 99.0 99.00
2016 03 12 11 50  61 10.4 12.2  2.29  7.69  5.67  69 1016.5  26.1  27.0  21.4 99.0 99.00
2016 03 12 12 50  59  9.8 12.5  2.12  7.69  5.52  58 1017.3  25.8  27.0  21.4 99.0 99.00
2016 03 12 13 50  57 11.6 13.4  2.15  7.69  5.54  56 1017.4  26.1  27.0  21.7 99.0 99.00
2016 03 12 14 50  56 10.2 12.0  2.47  7.69  5.65  61 1017.5  26.2  27.0  21.7 99.0 99.00
2016 03 12 15 50  73  9.3 11.2  2.36  6.67  5.80  70 1017.0  26.3  27.0  21.5 99.0 99.00
2016 03 12 16 50  78  9.9 11.8  2.33  8.33  5.86  51 1016.2  26.3  27.1  21.4 99.0 99.00
2016 03 12 17 50  78  8.5 10.3  2.32  7.14  5.84  60 1015.4  26.3  27.1  21.5 99.0 99.00
2016 03 12 18 50  73  8.2  9.9  2.25  7.69  5.83  67 1014.6  26.2  27.1  21.8 99.0 99.00
2016 03 12 19 50  86  8.3  9.4  2.25  7.69  5.85  66 1014.2  26.5  27.1  21.2 99.0 99.00
2016 03 12 20 50  80  8.3  9.5  2.41  8.33  6.00  75 1014.4  26.5  27.1  21.1 99.0 99.00
2016 03 12 21 50  81  8.8 10.2  2.32  7.69  6.01  71 1014.6  26.5  27.1  21.0 99.0 99.00
2016 03 12 22 50  75  8.4 10.4  2.16  7.14  5.92  65 1014.7  26.5  27.0  21.6 99.0 99.00
2016 03 12 23 50  81  8.2  9.6  2.20  7.69  5.95  71 1015.2  26.6  27.0  21.9 99.0 99.00
2016 03 13 00 50  83  8.0  9.4  2.14  7.69  5.84  66 1015.8  26.4  27.0  21.9 99.0 99.00
2016 03 13 01 50  84  8.9 10.4  2.08  8.33  5.74  68 1016.1  26.5  27.0  21.8 99.0 99.00
2016 03 13 02 50  82  8.3  9.8  2.13  7.69  5.73  66 1016.2  26.5  27.0  21.7 99.0 99.00
2016 03 13 03 50  70  7.3  8.6  1.93  8.33  5.58  65 1016.3  26.5  27.0  22.0 99.0 99.00
2016 03 13 04 50  73  8.1  9.5  2.09  7.14  5.86  74 1015.9  26.5  27.0  22.1 99.0 99.00
2016 03 13 05 50  76  7.7  9.0  2.14  7.69  5.96  68 1015.3  26.3  27.0  21.9 99.0 99.00
2016 03 13 06 50  78  6.6  7.9  2.17  8.33  5.96  62 1014.8  26.2  27.0  21.8 99.0 99.00
2016 03 13 07 50  83  7.1  8.5  1.99  7.69  5.95  65 1014.2  26.3  27.0  21.9 99.0 99.00
2016 03 13 08 50  80  7.2  8.3  1.95  7.14  5.97  63 1014.2  26.1  27.0  22.1 99.0 99.00
2016 03 13 09 50  82  7.2  8.4  1.85  7.69  5.86  74 1014.4  26.0  27.0  21.9 99.0 99.00
2016 03 13 10 50  93  6.8  8.0  1.84  7.69  5.83  73 1015.3  26.1  27.0  21.8 99.0 99.00
2016 03 13 11 50  86  5.0  6.0  1.68  7.14  5.66  76 1016.0  26.2  27.0  22.2 99.0 99.00
2016 03 13 12 50  91  6.9  8.2  1.79  7.14  5.73  78 1016.4  26.6  27.0  22.2 99.0 99.00
2016 03 13 13 50  90  7.5  8.6  1.72  7.69  5.71  71 1016.7  26.5  27.0  22.1 99.0 99.00
2016 03 13 14 50  96  7.0  8.5  1.76  7.69  5.57  62 1016.9  26.7  27.1  22.0 99.0 99.00
2016 03 13 15 50  98  6.2  7.5  1.68  7.14  5.71  61 1016.5  26.6  27.1  22.6 99.0 99.00
2016 03 13 16 50  98  6.4  7.4  1.61  7.14  5.65  64 1015.7  26.7  27.2  22.5 99.0 99.00
2016 03 13 17 50  98  7.5  8.6  1.58  7.69  5.58  68 1014.8  26.7  27.2  22.0 99.0 99.00
2016 03 13 18 50 100  5.8  6.8  1.57  6.67  5.42  65 1014.2  26.6  27.2  22.4 99.0 99.00
2016 03 13 19 50 132  7.5 10.3  1.63  6.25  5.55  78 1013.9  24.2  27.2  21.8 99.0 99.00
2016 03 13 20 50 151  3.7  4.5  1.66  6.67  5.44  76 1013.9  24.3  27.2  22.1 99.0 99.00
2016 03 13 21 50 115  2.8  3.5  1.54  6.67  5.63  70 1013.9  25.6  27.2  22.6 99.0 99.00
2016 03 13 22 50  79  7.6  9.1  1.57  6.67  5.32  71 1014.1  26.7  27.2  22.9 99.0 99.00
2016 03 13 23 50  93  6.6  7.8  1.69  7.14  5.40  70 1014.9  26.7  27.1  22.2 99.0 99.00
2016 03 14 00 50  81  6.5  8.1  1.64  6.67  5.42  79 1015.4  26.5  27.1  23.2 99.0 99.00
2016 03 14 01 50  79  8.4 10.1  1.57  6.67  5.26  70 1015.6  26.4  27.1  23.6 99.0 99.00
2016 03 14 02 50  87  7.4  8.7  1.65  7.14  5.25  74 1015.8  26.4  27.1  22.7 99.0 99.00
2016 03 14 03 50  80  7.7  9.3  1.55  6.25  5.19  82 1015.6  26.5  27.0  23.4 99.0 99.00
2016 03 14 04 50  85  7.6  8.9  1.55  7.69  5.10  73 1015.4  26.5  27.0  23.4 99.0 99.00
2016 03 14 05 50  92  8.0  9.5  1.62  6.67  5.30  91 1015.0  26.5  27.0  23.1 99.0 99.00
2016 03 14 06 50  91  7.8  9.1  1.52  6.25  5.23  77 1014.6  26.4  27.0  22.9 99.0 99.00
2016 03 14 07 50 101  7.4  8.8  1.51  7.69  5.18  95 1014.3  26.5  27.0  22.9 99.0 99.00
2016 03 14 08 50 105  7.8  9.3  1.68  6.67  5.31  89 1014.2  26.3  27.0  23.0 99.0 99.00
2016 03 14 09 50 108  7.2  8.5  1.61  6.25  5.28  75 1014.5  26.3  27.0  23.2 99.0 99.00
2016 03 14 10 50 111  7.0  8.0  1.62  6.25  5.28  82 1015.2  26.3  27.0  22.8 99.0 99.00
2016 03 14 11 50 107  6.3  7.3  1.51  7.14  5.40  74 1016.0  26.6  27.0  22.7 99.0 99.00
2016 03 14 12 50 102  6.8  7.9  1.55  6.67  5.15  79 1016.5  26.7  27.0  22.8 99.0 99.00
2016 03 14 13 50 104  6.2  7.2  1.53  6.67  5.37  76 1016.8  26.8  27.1  22.9 99.0 99.00
2016 03 14 14 50  90  5.9  6.9  1.53  6.67  5.48  77 1017.1  26.7  27.1  23.2 99.0 99.00
2016 03 14 15 50  93  5.6  6.6  1.39  6.67  5.26  84 1016.7  26.8  27.2  23.1 99.0 99.00
2016 03 14 16 50  96  6.0  7.1  1.30  7.14  5.30  85 1016.1  26.8  27.3  23.1 99.0 99.00
2016 03 14 17 50  88  5.5  6.4  1.21  6.67  5.16  95 1015.4  26.7  27.4  23.2 99.0 99.00
2016 03 14 19 50  79  6.1  7.2  1.17  7.14  5.17  76 1014.0  26.9  27.4  23.2 99.0 99.00
2016 03 14 20 50  94  6.5  7.6  1.28  7.14  5.27  68 1013.7  26.9  27.4  23.2 99.0 99.00
2016 03 14 21 50  82  5.6  6.7  1.26  7.14  5.14  93 1013.9  26.9  27.3  23.0 99.0 99.00
2016 03 14 22 50  70  5.5  6.4  1.28  7.14  5.12  73 1014.4  26.7  27.3  23.4 99.0 99.00
2016 03 14 23 50  71  6.3  7.5  1.26  6.67  5.21  89 1014.8  26.7  27.2  23.3 99.0 99.00
2016 03 15 00 50  75  6.0  7.2  1.29  6.67  5.16  83 1015.2  26.7  27.2  23.5 99.0 99.00
2016 03 15 01 50  92  6.2  7.5  1.19  6.67  5.02  90 1015.5  26.6  27.2  23.3 99.0 99.00
2016 03 15 02 50  88  6.5  7.3  1.15  6.25  4.87  79 1015.5  26.6  27.2  23.5 99.0 99.00
2016 03 15 03 50  76  7.6  8.5  1.22  6.25  4.93  86 1015.3  26.2  27.2  23.4 99.0 99.00
2016 03 15 04 50  94  6.9  8.4  1.24  7.14  4.79 101 1014.7  26.3  27.1  23.4 99.0 99.00
2016 03 15 05 50 103  6.8  8.1  1.19  6.25  4.84  97 1014.1  26.4  27.1  22.9 99.0 99.00
2016 03 15 06 50  81  6.5  8.0  1.24  5.88  4.89  99 1013.6  26.3  27.1  22.9 99.0 99.00
2016 03 15 07 50  76  6.5  7.4  1.14  5.00  4.70 106 1013.2  26.3  27.1  22.4 99.0 99.00
2016 03 15 08 50  89  6.7  8.0  1.17  6.25  4.80  98 1013.1  26.2  27.1  23.1 99.0 99.00
2016 03 15 09 50  87  6.9  7.7  1.14  6.25  4.72 113 1013.5  26.3  27.0  22.6 99.0 99.00
2016 03 15 10 50  94  6.6  7.9  1.15  6.67  4.67 109 1014.2  26.4  27.0  22.8 99.0 99.00
2016 03 15 11 50  98  6.3  7.7  1.20  6.25  4.90  97 1014.8  26.7  27.0  22.8 99.0 99.00
2016 03 15 12 50 109  6.2  7.5  1.23  7.14  4.84 102 1015.8  26.7  27.1  22.6 99.0 99.00
2016 03 15 13 50 102  6.3  7.2  1.27  5.88  4.92  99 1016.0  26.7  27.1  22.5 99.0 99.00
2016 03 15 14 50 106  5.8  6.9  1.20  6.67  4.76 101 1016.4  26.8  27.2  22.7 99.0 99.00
2016 03 15 15 50 125  5.8  6.7  1.22  5.88  4.91 101 1015.9  26.8  27.2  22.6 99.0 99.00
2016 03 15 16 50 111  6.0  6.9  1.25  5.88  4.96 110 1015.1  26.8  27.3  22.7 99.0 99.00
2016 03 15 17 50 111  5.5  6.4  1.17  6.67  4.91  91 1014.3  26.9  27.4  22.7 99.0 99.00
2016 03 15 18 50 102  5.1  6.2  1.10  6.25  4.86  82 1013.8  26.8  27.4  23.0 99.0 99.00
2016 03 15 19 50  96  5.1  6.1  1.22  5.88  5.01  82 1013.4  26.9  27.4  22.9 99.0 99.00
2016 03 15 20 50 100  4.6  5.2  1.07  6.25  5.07  87 1013.5  27.0  27.4  23.0 99.0 99.00
2016 03 15 21 50  92  4.7  5.6  1.10  6.25  5.01  91 1013.5  27.0  27.4  22.8 99.0 99.00
2016 03 15 22 50  80  4.6  5.5  1.11  5.56  5.07  88 1013.8  26.8  27.3  23.2 99.0 99.00
2016 03 15 23 50  74  5.7  6.6  1.04  6.25  4.97  74 1014.4  26.8  27.3  23.4 99.0 99.00
2016 03 16 00 50  85  6.0  7.4  1.11  6.67  5.17  65 1014.8  26.8  27.2  23.4 99.0 99.00
2016 03 16 01 50  82  6.5  7.7  1.30  7.14  5.33  77 1015.0  26.7  27.2  23.6 99.0 99.00
2016 03 16 03 50  92  6.5  7.8  1.39  7.14  5.20  74 1014.9  26.6  27.2  23.4 99.0 99.00
2016 03 16 04 50  96  6.7  7.8  1.21  7.14  5.02  73 1014.2  26.5  27.1  23.3 99.0 99.00
2016 03 16 05 50  88  6.0  7.2  1.15  6.67  5.02  88 1013.4  26.4  27.1  23.4 99.0 99.00
2016 03 16 06 50 106  6.4  7.5  1.11  6.67  4.89  74 1012.7  26.5  27.1  23.2 99.0 99.00
2016 03 16 07 50  89  6.6  7.4  1.15  6.25  5.00  74 1012.5  26.4  27.1  23.3 99.0 99.00
2016 03 16 08 50 106  6.2  7.9  1.15  5.88  4.94  90 1012.4  26.5  27.1  23.1 99.0 99.00
2016 03 16 09 50 102  6.6  7.6  1.14  6.67  4.86  93 1013.0  26.5  27.1  23.1 99.0 99.00
2016 03 16 10 50 101  6.2  7.2  1.14  6.67  4.79  81 1013.6  26.5  27.1  23.2 99.0 99.00
2016 03 16 11 50 101  6.9  7.8  1.19  6.67  4.89  88 1014.1  26.7  27.1  23.0 99.0 99.00
2016 03 16 12 50  96  7.6  8.8  1.17  6.67  4.77 109 1014.7  26.8  27.1  23.3 99.0 99.00
2016 03 16 13 50  98  7.3  8.5  1.17  6.67  4.76  97 1015.2  26.8  27.1  23.2 99.0 99.00
2016 03 16 14 50 102  6.9  8.0  1.10  5.56  4.66 105 1015.3  26.9  27.2  23.2 99.0 99.00
2016 03 16 15 50 113  5.2  6.1  1.17  6.25  4.74 103 1015.3  26.9  27.2  23.5 99.0 99.00
2016 03 16 16 50  87  6.3  7.3  1.10  5.00  4.63 107 1014.8  26.9  27.3  23.4 99.0 99.00
2016 03 16 17 50  82  6.8  7.9  1.19  5.56  4.70 102 1014.1  26.9  27.4  23.1 99.0 99.00
2016 03 16 18 50  83  6.7  8.3  1.19  6.67  4.57 107 1013.3  26.8  27.4  23.4 99.0 99.00
2016 03 16 19 50  82  6.7  7.9  1.16  6.25  4.78 110 1012.8  26.8  27.4  23.2 99.0 99.00
2016 03 16 20 50  87  6.6  7.8  1.12  5.56  4.58 104 1012.7  26.8  27.4  23.2 99.0 99.00
2016 03 16 21 50  80  6.9  8.1  1.12  6.25  4.67 107 1012.8  26.8  27.3  23.1 99.0 99.00
2016 03 16 22 50  74  7.0  8.1  1.06  5.56  4.55 108 1013.2  26.7  27.3  23.1 99.0 99.00
2016 03 16 23 50  68  7.5  8.9  1.05  5.56  4.54 106 1013.7  26.7  27.2  23.1 99.0 99.00
2016 03 17 00 50  71  7.8  9.3  1.13  5.88  4.50 109 1014.2  26.7  27.2  23.0 99.0 99.00
2016 03 17 01 50  82  7.9  9.0  1.16  5.00  4.44  93 1014.7  26.7  27.2  23.1 99.0 99.00
2016 03 17 02 50  78  8.5  9.7  1.17  5.26  4.39 101 1014.6  26.7  27.2  22.7 99.0 99.00
2016 03 17 03 50  69  7.8  9.1  1.21  5.26  4.53  98 1014.5  26.6  27.1  22.9 99.0 99.00
2016 03 17 04 50  81  8.0  9.1  1.27  5.00  4.60  91 1013.8  26.5  27.1  23.1 99.0 99.00
2016 03 17 05 50  80  8.0  9.2  1.19  5.26  4.53  88 1013.2  26.4  27.1  23.1 99.0 99.00
2016 03 17 06 50  74  8.2  9.5  1.19  4.76  4.55  91 1012.5  26.4  27.1  23.1 99.0 99.00
2016 03 17 07 50  80  7.2  8.6  1.28  5.26  4.64  98 1012.5  26.4  27.1  23.1 99.0 99.00
2016 03 17 08 50  80  7.7  9.2  1.25  5.00  4.59  85 1012.8  26.4  27.1  23.0 99.0 99.00
2016 03 17 09 50  75  7.6  9.1  1.16  5.56  4.46 100 1013.5  26.5  27.1  23.1 99.0 99.00
2016 03 17 10 50  68  7.9  9.2  1.18  5.26  4.50  90 1014.1  26.4  27.1  23.1 99.0 99.00
2016 03 17 11 50  77  7.9  9.1  1.26  5.88  4.53  98 1014.9  26.7  27.1  22.9 99.0 99.00
2016 03 17 12 50  81  7.9  9.3  1.17  5.56  4.51  93 1015.5  26.7  27.1  23.2 99.0 99.00
2016 03 17 13 50  84  8.3  9.7  1.29  5.26  4.65  94 1015.7  26.8  27.1  22.8 99.0 99.00
2016 03 17 14 50  84  8.3  9.7  1.26  5.88  4.64  94 1015.9  26.8  27.2  22.8 99.0 99.00
2016 03 17 15 50  86  7.6  9.0  1.26  5.88  4.53  79 1015.6  26.8  27.2  23.1 99.0 99.00
2016 03 17 16 50  89  7.3  8.6  1.31  5.56  4.58  88 1015.0  26.8  27.2  23.1 99.0 99.00
2016 03 17 17 50  74  7.4  8.8  1.30  5.88  4.63  98 1014.3  26.8  27.3  22.3 99.0 99.00
2016 03 17 18 50  79  7.5  8.8  1.26  5.56  4.68  83 1013.8  26.8  27.3  22.5 99.0 99.00
2016 03 17 19 50  73  7.9  9.8  1.11  5.00  4.58  96 1013.0  26.8  27.3  22.7 99.0 99.00
2016 03 17 20 50  73  8.2  9.3  1.13  5.88  4.47  91 1012.9  26.8  27.3  22.5 99.0 99.00
2016 03 17 21 50  69  8.2  9.3  1.25  5.26  4.61  96 1012.9  26.8  27.3  22.8 99.0 99.00
2016 03 17 22 50  71  8.3  9.4  1.15  5.56  4.59  98 1013.1  26.7  27.3  22.9 99.0 99.00
2016 03 17 23 50  71  8.3  9.7  1.21  5.26  4.55  96 1013.4  26.7  27.2  22.9 99.0 99.00
2016 03 18 00 50  75  8.4  9.8  1.22  5.56  4.63  85 1013.8  26.7  27.2  23.1 99.0 99.00
2016 03 18 01 50  81  8.4  9.8  1.37  5.56  4.69  94 1014.4  26.8  27.2  23.0 99.0 99.00
2016 03 18 02 50  84  8.5 10.2  1.36  5.26  4.69  87 1014.9  26.7  27.2  23.1 99.0 99.00
2016 03 18 03 50  81  8.7 10.2  1.41  5.56  4.70  87 1014.6  26.6  27.2  23.2 99.0 99.00
2016 03 18 04 50  71  8.8 10.0  1.47  5.56  4.78  80 1014.3  26.6  27.2  23.2 99.0 99.00
2016 03 18 05 50  71  8.6 10.2  1.39  5.88  4.78  72 1013.5  26.5  27.2  23.0 99.0 99.00
2016 03 18 06 50  65  8.4  9.9  1.57  5.56  4.76  81 1012.8  26.4  27.1  23.0 99.0 99.00
2016 03 18 07 50  66  9.1 10.5  1.56  5.88  4.90  81 1012.5  26.4  27.1  22.9 99.0 99.00
2016 03 18 08 50  62  9.5 11.3  1.59  5.88  4.86  77 1012.5  26.3  27.1  22.6 99.0 99.00
2016 03 18 09 50  67  9.4 11.0  1.63  6.25  4.99  81 1012.8  26.3  27.2  22.6 99.0 99.00
2016 03 18 10 50  73  8.7 10.4  1.63  5.88  4.95  83 1013.7  26.3  27.2  22.5 99.0 99.00
2016 03 18 11 50  72  8.6 10.0  1.58  5.56  4.93  84 1014.7  26.5  27.1  22.6 99.0 99.00
2016 03 18 12 50  75  9.0 10.4  1.52  5.56  4.91  82 1015.3  26.7  27.2  22.9 99.0 99.00
2016 03 18 13 50  70  8.6 10.0  1.60  5.88  5.14  88 1015.7  26.8  27.2  22.6 99.0 99.00
2016 03 18 14 50  75  8.6 10.2  1.67  5.88  5.08  93 1015.8  26.8  27.2  22.5 99.0 99.00
2016 03 18 15 50  76  8.8 10.6  1.67  6.25  5.03  93 1015.5  26.8  27.2  22.5 99.0 99.00
2016 03 18 16 50  78  8.7 10.1  1.68  5.88  4.99  93 1014.8  26.7  27.3  22.7 99.0 99.00
2016 03 18 17 50  85  8.6 10.2  1.66  6.25  5.09 102 1014.0  26.9  27.3  22.5 99.0 99.00
2016 03 18 18 50  85  8.4  9.8  1.67  5.88  5.03  93 1013.2  26.8  27.3  23.2 99.0 99.00
2016 03 18 19 50  95  9.2 10.6  1.66  5.88  5.04  92 1012.8  26.2  27.3  23.3 99.0 99.00
2016 03 18 20 50  86  8.1  9.4  1.74  6.25  5.12 103 1013.0  26.4  27.2  23.2 99.0 99.00
2016 03 18 21 50  88  8.4 10.2  1.67  5.88  5.23  86 1013.1  26.5  27.2  22.9 99.0 99.00
2016 03 18 22 50  93  8.3 10.1  1.76  5.88  5.27 103 1013.5  26.7  27.2  23.2 99.0 99.00
2016 03 18 23 50  95  9.3 10.8  1.71  6.67  5.11 102 1013.5  26.7  27.2  23.1 99.0 99.00
2016 03 19 00 50  96  8.5 10.0  1.72  5.88  5.02  90 1014.4  26.7  27.2  23.1 99.0 99.00
2016 03 19 01 50 100  8.2  9.5  1.62  5.88  5.06 108 1014.9  26.8  27.2  23.3 99.0 99.00
2016 03 19 02 50  94  8.5  9.8  1.71  6.25  5.29 108 1014.9  26.7  27.2  23.1 99.0 99.00
2016 03 19 03 50  93  7.8  9.2  1.54  6.67  5.17 107 1014.8  26.7  27.1  23.3 99.0 99.00
2016 03 19 04 50  96  8.7 10.3  1.59  6.25  5.10 102 1014.0  26.6  27.2  23.1 99.0 99.00
2016 03 19 05 50 101  8.1 10.1  1.62  6.25  4.97 104 1013.3  26.6  27.1  23.2 99.0 99.00
2016 03 19 06 50  98  9.3 11.0  1.63  5.88  5.05 115 1012.6  26.6  27.1  23.2 99.0 99.00
2016 03 19 07 50  97  8.4 10.1  1.70  6.25  5.10 108 1012.4  26.6  27.1  23.2 99.0 99.00
2016 03 19 08 50 104  8.9 10.1  1.59  6.25  5.00 111 1012.7  26.6  27.1  23.2 99.0 99.00
2016 03 19 09 50 103  8.0  9.3  1.72  6.67  5.27 115 1013.4  26.6  27.1  23.0 99.0 99.00
2016 03 19 10 50  96  9.1 10.9  1.78  6.25  5.24 114 1014.1  26.7  27.2  23.2 99.0 99.00
2016 03 19 11 50  89  8.5 10.2  1.71  6.67  5.23 107 1014.9  26.9  27.2  23.0 99.0 99.00
2016 03 19 12 50  95  8.6 10.3  1.77  7.14  5.37 111 1015.6  27.1  27.2  23.0 99.0 99.00
2016 03 19 13 50 100  8.3 10.2  1.70  6.25  5.32 108 1015.8  26.8  27.2  23.6 99.0 99.00
2016 03 19 14 50 109  8.4  9.5  1.73  6.25  5.11 110 1016.0  27.1  27.2  23.1 99.0 99.00
2016 03 19 15 50  99  9.5 10.8  1.63  6.67  5.24 108 1015.5  27.1  27.3  23.2 99.0 99.00
2016 03 19 16 50 105  9.1 10.8  1.70  6.67  5.17 116 1014.8  27.0  27.3  22.8 99.0 99.00
2016 03 19 17 50  97  8.9 10.6  1.71  6.25  5.19 115 1014.2  27.0  27.3  22.9 99.0 99.00
2016 03 19 18 50 108  8.8 10.1  1.66  5.88  5.21 117 1013.2  27.1  27.3  22.9 99.0 99.00
2016 03 19 19 50 105  8.9 10.6  1.70  6.25  5.24 121 1012.5  27.1  27.3  22.7 99.0 99.00
2016 03 19 20 50  99  8.8 10.7  1.67  6.67  5.06 120 1012.4  27.2  27.3  22.5 99.0 99.00
2016 03 19 21 50 105  9.1 10.8  1.66  6.67  5.14 125 1012.4  27.0  27.3  22.6 99.0 99.00
2016 03 19 22 50  99  8.5 10.4  1.72  6.67  5.18 116 1012.6  26.9  27.3  22.9 99.0 99.00
2016 03 19 23 50  97  8.8 10.5  1.64  6.67  5.08 115 1013.0  26.9  27.3  23.1 99.0 99.00
2016 03 20 00 50  90  8.9 10.6  1.68  6.67  5.19 115 1013.6  26.9  27.3  23.1 99.0 99.00
2016 03 20 01 50 100  8.6 10.3  1.89  6.67  5.33 120 1014.0  27.0  27.2  23.0 99.0 99.00
2016 03 20 02 50 100  9.2 11.3  1.87  7.14  5.28 114 1014.1  26.9  27.2  22.9 99.0 99.00
2016 03 20 03 50  92  9.9 11.7  1.80  6.67  5.31 120 1013.5  26.8  27.2  22.9 99.0 99.00
2016 03 20 04 50  91  9.0 11.1  1.94  7.14  5.42 114 1013.5  26.7  27.2  23.1 99.0 99.00
2016 03 20 05 50  93  9.0 10.8  1.98  6.25  5.43 113 1012.7  26.7  27.2  22.6 99.0 99.00
2016 03 20 06 50 108  9.0 10.6  1.86  7.14  5.32 114 1012.4  26.7  27.2  22.1 99.0 99.00
2016 03 20 07 50  93  9.3 10.6  1.82  6.67  5.25 115 1012.4  26.6  27.2  22.3 99.0 99.00
2016 03 20 08 50  96  9.1 10.7  1.71  5.88  5.13 110 1012.8  26.6  27.2  21.9 99.0 99.00
2016 03 20 09 50  96  9.4 11.2  1.90  7.14  5.44 114 1013.4  26.6  27.2  21.7 99.0 99.00
2016 03 20 10 50  93  8.6 10.1  1.76  6.67  5.23 119 1014.4  26.6  27.2  22.2 99.0 99.00
2016 03 20 11 50  91  9.1 10.8  1.67  6.67  5.17 120 1015.2  26.8  27.2  22.2 99.0 99.00
2016 03 20 12 50  89  8.6 10.3  1.77  6.67  5.25 119 1016.1  26.9  27.2  22.5 99.0 99.00
2016 03 20 13 50  89  9.0 10.5  1.73  6.25  5.18 114 1016.3  27.0  27.2  22.6 99.0 99.00
2016 03 20 14 50  94  8.9 10.3  1.80  7.14  5.18 116 1016.4  26.8  27.2  23.1 99.0 99.00
2016 03 20 15 50  97  9.1 10.4  1.80  6.67  5.19 120 1016.0  27.2  27.2  22.5 99.0 99.00
2016 03 20 16 50  94  7.9  9.3  1.75  6.67  5.17 119 1015.4  27.0  27.3  22.8 99.0 99.00
2016 03 20 17 50  87  7.8  9.4  1.73  6.67  5.18 125 1014.7  27.0  27.3  22.8 99.0 99.00
2016 03 20 18 50  96  8.3  9.5  1.71  7.14  5.11 119 1014.0  27.0  27.3  22.7 99.0 99.00
2016 03 20 19 50  96  8.5 10.1  1.77  6.67  5.32 116 1013.3  27.1  27.3  23.0 99.0 99.00
2016 03 20 20 50  95  8.5 10.3  1.63  6.67  5.12 124 1013.1  27.1  27.3  23.1 99.0 99.00
2016 03 20 21 50  97  8.7 10.5  1.65  7.14  5.12 110 1012.9  27.0  27.3  23.3 99.0 99.00
2016 03 20 22 50  93  8.9 10.4  1.63  6.67  4.99 117 1013.2  26.9  27.3  23.4 99.0 99.00
2016 03 20 23 50  91  8.9 10.7  1.63  6.67  5.00 118 1013.5  26.9  27.3  23.7 99.0 99.00
2016 03 21 00 50  95 10.2 12.0  1.70  6.67  4.90 122 1013.8  27.0  27.3  23.2 99.0 99.00
2016 03 21 01 50 100  9.9 11.7  1.71  5.56  4.87 110 1014.0  27.1  27.2  22.8 99.0 99.00
2016 03 21 02 50 100  9.2 11.0  1.87  6.67  5.18 116 1014.3  27.0  27.2  23.0 99.0 99.00
2016 03 21 03 50 108  9.5 11.3  1.87  7.14  5.16 120 1014.0  26.9  27.2  23.3 99.0 99.00
2016 03 21 04 50 103  9.7 11.4  1.71  6.25  4.91 113 1013.6  26.9  27.2  23.1 99.0 99.00
2016 03 21 05 50 107  9.4 11.1  1.87  6.67  5.17 123 1012.7  26.8  27.2  23.0 99.0 99.00
2016 03 21 06 50 104  9.7 10.9  1.86  6.67  5.13 122 1012.4  26.7  27.3  23.1 99.0 99.00
2016 03 21 07 50 105  9.5 10.9  1.82  7.14  5.09 121 1012.3  26.8  27.2  22.8 99.0 99.00
2016 03 21 08 50 103  8.6 11.0  1.84  6.67  4.97 129 1012.7  26.8  27.2  23.2 99.0 99.00
2016 03 21 09 50 109  9.4 11.2  1.85  7.14  5.18 118 1013.3  26.8  27.2  22.5 99.0 99.00
2016 03 21 10 50  93  9.0 10.8  1.83  6.67  5.10 117 1014.3  26.9  27.2  23.0 99.0 99.00
2016 03 21 11 50  96  8.6 10.7  1.75  7.14  5.07 125 1015.5  27.1  27.2  23.1 99.0 99.00
2016 03 21 12 50 107  8.7 10.2  1.85  6.25  5.17 117 1016.4  27.2  27.2  23.1 99.0 99.00
2016 03 21 13 50 107  8.1  9.4  1.91  7.14  5.22 118 1017.0  27.2  27.3  23.3 99.0 99.00
2016 03 21 14 50 107  7.6  9.1  1.78  7.14  5.29 120 1017.4  27.2  27.3  23.4 99.0 99.00
2016 03 21 15 50 102  8.0  9.3  1.80  7.14  5.21 122 1017.1  27.2  27.3  23.4 99.0 99.00
2016 03 21 16 50  95  8.2  9.8  1.67  6.67  5.13 123 1016.4  27.2  27.4  23.5 99.0 99.00
2016 03 21 17 50  92  7.7  9.2  1.80  7.14  5.20 125 1015.7  27.2  27.4  23.8 99.0 99.00
2016 03 21 18 50  90  8.2  9.5  1.75  6.25  5.30 116 1014.9  27.0  27.4  23.7 99.0 99.00
2016 03 21 19 50 100  7.8  9.1  1.71  7.14  5.37 121 1014.5  27.2  27.4  23.5 99.0 99.00
2016 03 21 20 50 101  8.1  9.8  1.62  6.25  5.06 111 1014.2  27.2  27.4  23.5 99.0 99.00
2016 03 21 21 50  98  8.3 10.1  1.72  7.14  5.31 117 1014.3  27.1  27.3  23.3 99.0 99.00
2016 03 21 22 50 104  7.4  8.9  1.58  7.14  5.12 126 1014.8  27.0  27.3  23.4 99.0 99.00
2016 03 21 23 50  98  7.8  9.0  1.59  7.14  5.07 121 1015.0  27.0  27.3  23.2 99.0 99.00
2016 03 22 00 50 102  8.0  9.5  1.57  7.14  5.09 131 1015.5  26.9  27.3  23.2 99.0 99.00
2016 03 22 01 50  98  7.6  8.8  1.74  7.14  5.41 119 1016.2  26.9  27.2  23.1 99.0 99.00
2016 03 22 02 50  93  8.3 10.4  1.75  7.69  5.42 115 1016.6  27.0  27.2  22.8 99.0 99.00
2016 03 22 03 50  89  8.6 10.2  1.63  7.69  5.34 115 1016.3  26.8  27.2  22.8 99.0 99.00
2016 03 22 04 50  79  8.9 10.1  1.69  7.69  5.18 110 1016.0  26.8  27.2  22.6 99.0 99.00
2016 03 22 05 50  82  8.1  9.6  1.67  7.69  5.25 109 1015.5  26.7  27.2  22.5 99.0 99.00
2016 03 22 06 50  78  8.1  9.5  1.61  7.69  5.10 113 1015.0  26.6  27.2  22.4 99.0 99.00
2016 03 22 07 50  80  8.9 11.3  1.71  7.69  5.16 110 1014.8  26.6  27.2  22.7 99.0 99.00
2016 03 22 08 50  76  8.7 10.6  1.71  8.33  5.31 116 1015.2  26.6  27.2  22.7 99.0 99.00
2016 03 22 09 50  85  9.2 10.7  1.71  7.14  5.22 111 1015.5  26.7  27.2  22.6 99.0 99.00
2016 03 22 10 50  80  9.3 11.1  1.67  8.33  5.08 102 1016.3  26.6  27.2  22.7 99.0 99.00
2016 03 22 11 50  85  9.2 10.5  1.70  7.14  5.09 107 1017.0  26.8  27.2  22.4 99.0 99.00
2016 03 22 12 50  83  8.8 10.4  1.60  7.14  5.02 111 1017.8  27.0  27.2  22.7 99.0 99.00
2016 03 22 13 50  82  8.7  9.9  1.66  7.69  5.00 110 1018.2  26.9  27.2  22.7 99.0 99.00
2016 03 22 14 50  90  8.4  9.8  1.59  7.69  5.02 109 1018.5  27.1  27.2  22.5 99.0 99.00
2016 03 22 15 50  89  8.4  9.6  1.75  8.33  5.05 107 1018.2  27.1  27.3  22.4 99.0 99.00
2016 03 22 16 50  76  7.2  8.6  1.68  7.14  5.28 109 1017.6  27.0  27.4  22.9 99.0 99.00
2016 03 22 17 50  77  8.7 10.1  1.56  7.14  5.02 104 1016.6  27.0  27.4  22.8 99.0 99.00
2016 03 22 18 50  81  8.0  9.1  1.52  6.25  4.86 115 1016.0  27.0  27.4  22.7 99.0 99.00
2016 03 22 19 50  84  7.6  8.8  1.54  6.67  4.93 108 1015.6  27.1  27.4  22.6 99.0 99.00
2016 03 22 20 50  84  8.1  9.2  1.56  6.25  4.98 106 1015.4  27.2  27.4  22.7 99.0 99.00
2016 03 22 21 50  93  8.2  9.5  1.50  6.67  5.03 118 1015.5  27.1  27.4  22.7 99.0 99.00
2016 03 22 22 50  85  8.4  9.6  1.45  7.14  4.96 115 1015.7  27.0  27.4  23.0 99.0 99.00
2016 03 22 23 50  83  8.5 10.1  1.48  6.67  4.98 111 1016.0  26.9  27.3  23.3 99.0 99.00
2016 03 23 00 50  80  8.4 10.3  1.41  6.25  4.67 105 1016.5  27.0  27.3  23.0 99.0 99.00
2016 03 23 01 50  84  8.9 10.7  1.44  6.67  4.79 111 1016.9  27.0  27.3  22.8 99.0 99.00
2016 03 23 02 50  78  8.8 10.4  1.49  6.67  4.72 109 1017.2  26.9  27.3  22.8 99.0 99.00
2016 03 23 03 50  72  7.7  9.7  1.48  6.67  4.77 113 1017.1  26.8  27.3  23.4 99.0 99.00
2016 03 23 04 50  81  8.4  9.7  1.48  7.69  4.99 109 1016.8  26.8  27.3  22.4 99.0 99.00
2016 03 23 05 50  74  8.0  9.6  1.37  6.67  4.82 107 1016.1  26.7  27.3  22.6 99.0 99.00
2016 03 23 06 50  73  8.3  9.9  1.61  6.67  5.00 109 1015.4  26.7  27.2  22.6 99.0 99.00
2016 03 23 07 50  59  8.5 11.1  1.51  6.67  4.90 101 1015.2  26.7  27.2  23.2 99.0 99.00
2016 03 23 08 50  59  9.5 11.3  1.49  6.67  4.89 100 1015.1  26.6  27.2  22.8 99.0 99.00
2016 03 23 09 50  75  9.9 11.5  1.65  6.67  4.97 106 1015.4  26.7  27.2  22.8 99.0 99.00
2016 03 23 10 50 113 11.0 13.1  1.82  5.56  4.85 105 1016.2  24.8  27.2  23.1 99.0 99.00
2016 03 23 11 50  94  8.0  9.8  1.74  5.88  4.89 105 1017.1  25.3  27.2  22.4 99.0 99.00
2016 03 23 12 50  71  7.5  8.6  1.67  5.88  4.97  98 1018.1  26.2  27.2  23.2 99.0 99.00
2016 03 23 13 50 105  7.4 10.2  1.51  6.67  5.15 100 1018.3  26.4  27.3  23.5 99.0 99.00
2016 03 23 14 50 105  9.8 12.2  1.55  6.25  4.87 109 1018.4  26.3  27.3  23.5 99.0 99.00
2016 03 23 15 50  91 10.1 11.9  1.92  6.67  5.01 104 1017.8  27.1  27.3  23.1 99.0 99.00
2016 03 23 16 50  90  9.4 11.3  1.80  5.88  4.95 101 1017.2  27.1  27.3  23.1 99.0 99.00
2016 03 23 17 50  87  9.4 10.8  1.89  6.67  5.23 102 1016.4  27.1  27.3  22.8 99.0 99.00
2016 03 23 18 50  85  9.4 10.7  1.77  6.67  5.29 105 1015.6  27.0  27.3  22.9 99.0 99.00
2016 03 23 19 50  83  9.1 10.9  1.86  6.67  5.28  92 1015.2  27.1  27.3  23.1 99.0 99.00
2016 03 23 20 50  88  9.2 10.9  1.91  6.25  5.37  97 1015.1  27.3  27.2  23.1 99.0 99.00
2016 03 23 21 50  96  8.5 10.1  2.03  7.14  5.48 114 1015.3  27.2  27.2  23.4 99.0 99.00
2016 03 23 22 50 103 10.7 13.2  1.93  7.14  5.23 113 1015.3  27.0  27.2  22.6 99.0 99.00
2016 03 23 23 50  99  8.4  9.9  2.12  6.25  5.28 106 1016.0  26.9  27.2  22.3 99.0 99.00
2016 03 24 00 50  92 10.1 11.6  2.05  9.09  5.41 106 1016.5  27.3  27.2  22.2 99.0 99.00
2016 03 24 01 50  84  9.5 11.5  2.04  8.33  5.39 111 1017.1  27.2  27.2  22.9 99.0 99.00
2016 03 24 02 50  83 10.1 11.8  2.01  7.14  5.30  98 1017.0  27.2  27.2  22.1 99.0 99.00
2016 03 24 03 50  79  9.8 11.3  2.00  7.69  5.29 111 1016.9  26.7  27.2  22.7 99.0 99.00
2016 03 24 04 50  79  9.4 11.6  1.86  8.33  5.14  99 1016.3  27.0  27.3  22.4 99.0 99.00
2016 03 24 05 50  81  9.8 11.9  1.79  6.67  5.21 104 1015.3  26.8  27.2  22.4 99.0 99.00
2016 03 24 07 50  84 11.1 13.5  1.98  6.67  5.22  96 1014.1  26.8  27.2  21.9 99.0 99.00
2016 03 24 08 50  87 10.6 12.7  2.02  7.14  5.27 103 1014.3  26.8  27.2  21.9 99.0 99.00
2016 03 24 09 50  85  9.6 11.6  1.96  6.67  5.35 102 1014.9  26.7  27.2  22.4 99.0 99.00
2016 03 24 10 50  84 10.0 12.6  2.08  6.67  5.32 102 1015.3  26.7  27.2  22.1 99.0 99.00
2016 03 24 11 50  89 10.1 11.7  2.01  6.67  5.31  97 1016.0  26.8  27.2  22.2 99.0 99.00
2016 03 24 12 50  90 10.5 12.2  2.12  6.67  5.31 106 1016.5  26.9  27.2  22.1 99.0 99.00
2016 03 24 13 50  92  9.8 11.9  2.10  6.25  5.33 104 1017.0  27.1  27.2  22.4 99.0 99.00
2016 03 24 14 50  89 10.4 13.0  2.16  7.14  5.25 102 1017.2  27.2  27.3  22.3 99.0 99.00
2016 03 24 15 50  86 10.4 12.5  2.11  7.14  5.52  90 1017.0  27.1  27.3  22.4 99.0 99.00
2016 03 24 16 50  86  9.5 11.2  2.24  7.69  5.59 106 1016.3  27.0  27.3  22.4 99.0 99.00
2016 03 24 17 50  85  9.1 10.6  2.45  7.69  6.24  90 1015.2  27.0  27.3  22.6 99.0 99.00
2016 03 24 18 50  96  9.3 10.6  2.23  7.69  5.90 100 1014.4  27.1  27.3  22.6 99.0 99.00
2016 03 24 19 50  87  9.0 10.9  2.29  7.69  6.06  94 1013.9  27.0  27.3  23.0 99.0 99.00
2016 03 24 20 50  93  9.2 11.2  2.22  7.69  5.88  85 1013.9  27.2  27.3  22.7 99.0 99.00
2016 03 24 21 50  81  9.4 10.8  2.23  8.33  6.00  99 1014.0  27.0  27.3  23.1 99.0 99.00
2016 03 24 22 50  82  9.4 11.7  2.23  8.33  5.97  98 1014.5  27.0  27.3  23.1 99.0 99.00
2016 03 24 23 50  81  9.7 11.6  2.15  8.33  5.79  99 1015.0  27.0  27.3  22.9 99.0 99.00
2016 03 25 00 50  83  9.6 11.4  2.23  7.69  5.88  96 1015.4  26.9  27.3  23.0 99.0 99.00
2016 03 25 01 50  81  9.3 10.8  2.16  7.69  5.90  94 1015.9  26.8  27.3  23.0 99.0 99.00
2016 03 25 02 50  87  9.9 11.6  2.21  8.33  5.85  94 1015.8  26.9  27.3  22.9 99.0 99.00
2016 03 25 03 50  86  9.0 11.2  2.15  9.09  5.92  84 1015.6  26.9  27.2  22.9 99.0 99.00
2016 03 25 04 50  84  9.8 11.8  2.14  9.09  5.71  88 1014.7  26.8  27.2  22.7 99.0 99.00
2016 03 25 05 50  92  9.0 11.0  2.28  8.33  5.98  95 1014.1  26.5  27.2  22.9 99.0 99.00
2016 03 25 06 50  88 10.3 12.5  2.25  7.69  5.85  96 1013.6  26.8  27.2  22.2 99.0 99.00
2016 03 25 07 50  81 10.2 12.0  2.12  6.67  5.66  79 1013.3  26.7  27.2  22.2 99.0 99.00
2016 03 25 08 50  95 10.5 12.9  2.33  7.69  5.85  95 1013.3  26.8  27.2  22.1 99.0 99.00
2016 03 25 09 50  95 10.0 12.9  2.31  8.33  5.90  81 1013.9  26.8  27.2  22.5 99.0 99.00
2016 03 25 10 50  91 11.0 12.9  2.20  7.14  5.66 102 1014.3  26.8  27.2  22.0 99.0 99.00
2016 03 25 11 50  94 10.4 12.6  2.26  7.14  5.68  90 1015.3  26.9  27.2  21.5 99.0 99.00
2016 03 25 12 50  91 11.4 13.9  2.09  7.14  5.60 109 1015.8  27.0  27.2  21.7 99.0 99.00
2016 03 25 13 50  87 10.0 12.0  2.32  6.67  5.67 999 1016.3  26.9  27.2  22.0 99.0 99.00
2016 03 25 14 50  88  9.5 12.5  2.41  7.14  5.84 999 1016.7  27.1  27.2  22.1 99.0 99.00
2016 03 25 15 50  95 10.0 11.9  2.41  7.14  5.91 999 1016.3  27.1  27.2  22.1 99.0 99.00
2016 03 25 16 50  90 10.8 13.0  2.48  7.69  5.94 999 1015.6  26.3  27.2  21.7 99.0 99.00
2016 03 25 17 50  88  8.7 10.5  2.28  7.14  5.79 999 1014.6  27.0  27.2  21.7 99.0 99.00
2016 03 25 18 50  83  8.7 10.6  2.32  7.14  5.86 999 1014.1  26.5  27.3  23.2 99.0 99.00
2016 03 25 19 50  89  9.2 11.8  2.22  6.67  5.83 999 1013.9  27.1  27.3  22.9 99.0 99.00
2016 03 25 20 50  91  9.7 11.6  2.28  8.33  5.84 999 1013.7  26.6  27.3  23.2 99.0 99.00
2016 03 25 21 50  98 10.3 12.3  2.35  7.69  5.87 999 1013.9  27.1  27.3  22.2 99.0 99.00
2016 03 25 22 50  95 10.3 12.8  2.44  8.33  5.91 999 1014.5  27.0  27.2  22.7 99.0 99.00
2016 03 25 23 50 102  9.6 11.3  2.34  7.69  5.83 999 1015.4  26.7  27.2  23.0 99.0 99.00
2016 03 26 00 50  98  8.7 10.4  2.30  7.69  5.75 999 1016.3  26.6  27.2  23.0 99.0 99.00
2016 03 26 01 50  85  8.2  9.8  2.46  7.69  6.12 999 1016.9  26.7  27.2  23.2 99.0 99.00
2016 03 26 02 50  95  8.6 10.4  2.13  8.33  5.83 999 1017.3  26.6  27.2  22.9 99.0 99.00
2016 03 26 03 50  85  9.7 11.7  2.27  7.69  5.86 999 1016.9  26.9  27.2  22.8 99.0 99.00
2016 03 26 04 50  87 10.5 12.4  2.28  8.33  5.99 999 1016.2  27.0  27.2  22.5 99.0 99.00
2016 03 26 05 50  92 10.2 12.4  2.42  7.69  5.82 999 1016.1  27.0  27.2  22.2 99.0 99.00
2016 03 26 06 50  90 10.0 14.7  2.33  8.33  5.96 999 1015.5  26.2  27.2  21.8 99.0 99.00
2016 03 26 07 50  84 10.2 13.0  2.46  8.33  6.09 999 1015.0  26.6  27.2  22.1 99.0 99.00
2016 03 26 08 50  87 10.2 12.5  2.20  8.33  5.91 999 1014.8  26.9  27.2  22.0 99.0 99.00
2016 03 26 09 50  83  9.8 11.9  2.42  8.33  6.11 999 1015.2  26.8  27.1  22.5 99.0 99.00
2016 03 26 10 50  82 10.4 13.5  2.40  7.69  5.93 999 1015.7  26.8  27.1  22.3 99.0 99.00
2016 03 26 11 50  85 10.1 12.4  2.39  8.33  5.96 999 1016.4  26.7  27.1  22.9 99.0 99.00
2016 03 26 12 50  93 10.5 12.8  2.60  6.67  5.99 999 1017.1  27.0  27.2  22.5 99.0 99.00
2016 03 26 13 50  99 10.6 13.2  2.44  7.69  5.98 999 1017.5  27.1  27.2  22.4 99.0 99.00
2016 03 26 14 50  90 11.2 13.3  2.55  7.69  6.05 999 1017.6  27.1  27.2  22.7 99.0 99.00
2016 03 26 15 50  85 10.5 12.9  2.57  8.33  6.05 999 1017.7  27.0  27.2  21.9 99.0 99.00
2016 03 26 16 50  94 11.7 14.2  2.62  7.69  6.05 999 1016.8  26.4  27.2  22.8 99.0 99.00
2016 03 26 17 50 101 10.2 11.8  2.60  8.33  6.20 999 1016.3  27.0  27.2  21.8 99.0 99.00
2016 03 26 18 50 102  9.4 11.0  2.50  8.33  6.08 999 1015.8  27.0  27.2  22.5 99.0 99.00
2016 03 26 19 50  90  8.9 10.6  2.62  8.33  6.23 999 1015.6  26.9  27.3  22.9 99.0 99.00
2016 03 26 20 50  82  9.1 11.5  2.70  9.09  6.33 999 1015.5  26.5  27.3  23.0 99.0 99.00
2016 03 26 21 50  81  9.9 12.0  2.61  8.33  6.25 999 1015.6  26.8  27.2  22.9 99.0 99.00
2016 03 26 22 50  90 10.4 12.6  2.68  8.33  6.28 999 1015.9  26.9  27.2  22.6 99.0 99.00
2016 03 26 23 50  89 10.9 13.1  2.51  7.69  6.08 999 1016.6  26.9  27.2  22.9 99.0 99.00
2016 03 27 00 50  82  9.7 11.1  2.69  8.33  6.13 999 1017.1  26.7  27.2  22.9 99.0 99.00
2016 03 27 01 50  98  9.4 12.7  2.52  7.69  5.87 999 1017.4  26.6  27.2  23.1 99.0 99.00
2016 03 27 02 50  85 10.4 13.2  2.97  8.33  6.45 999 1017.4  26.9  27.2  22.6 99.0 99.00
2016 03 27 03 50  88  9.8 11.6  2.77  7.69  6.18 999 1017.3  26.7  27.2  23.0 99.0 99.00
2016 03 27 04 50  82 10.8 13.0  2.77  7.69  6.19 999 1016.9  26.8  27.2  22.3 99.0 99.00
2016 03 27 05 50  79 10.5 12.6  2.97  9.09  6.48 999 1016.4  26.8  27.2  22.4 99.0 99.00
2016 03 27 06 50  78 10.1 12.2  3.06  8.33  6.63 999 1016.0  26.7  27.1  22.5 99.0 99.00
2016 03 27 07 50  81 10.7 13.1  2.74  8.33  6.37 999 1015.9  26.7  27.1  22.1 99.0 99.00
2016 03 27 08 50  78  9.4 12.0  2.67  8.33  6.22 999 1015.9  26.6  27.1  22.5 99.0 99.00
2016 03 27 09 50  86  9.6 12.2  2.70  9.09  6.41 999 1016.3  26.7  27.1  22.4 99.0 99.00
2016 03 27 10 50  80 10.4 12.1  2.68  8.33  6.30 999 1016.9  26.7  27.1  22.4 99.0 99.00
2016 03 27 11 50  79  9.9 12.3  2.88  7.69  6.42 999 1017.4  26.9  27.1  22.6 99.0 99.00
2016 03 27 12 50  83  9.5 11.5  2.55  9.09  6.30 999 1018.1  27.0  27.1  22.6 99.0 99.00
2016 03 27 13 50  89  9.3 11.0  2.40  7.69  6.11 999 1018.3  26.8  27.1  22.8 99.0 99.00
2016 03 27 14 50  88  9.3 11.1  2.35  9.09  6.13 999 1018.5  27.0  27.2  22.5 99.0 99.00
2016 03 27 15 50  79  8.5 10.1  2.31  8.33  6.10 999 1018.5  27.0  27.2  22.9 99.0 99.00
2016 03 27 16 50  81  8.7 10.6  2.51  7.69  6.22 999 1017.9  27.0  27.2  22.4 99.0 99.00
2016 03 27 17 50  97  7.4  9.3  2.40  8.33  6.10 999 1017.1  26.8  27.2  22.9 99.0 99.00
2016 03 27 18 50  86  8.0 10.1  2.43  7.69  6.27 999 1016.3  27.0  27.2  22.9 99.0 99.00
2016 03 27 19 50  76  7.9 10.3  2.11  8.33  6.09 999 1015.8  26.9  27.3  23.1 99.0 99.00
2016 03 27 20 50  77  8.7 10.7  2.15  7.69  6.08 999 1015.4  27.0  27.2  23.1 99.0 99.00
2016 03 27 21 50  78  9.2 11.0  2.07  8.33  5.92 999 1015.7  27.0  27.2  23.1 99.0 99.00
2016 03 27 22 50  77  9.1 10.4  2.15  7.14  5.73 999 1016.1  26.8  27.2  23.2 99.0 99.00
2016 03 27 23 50  81  9.5 11.7  2.43  9.09  6.17 999 1016.5  26.9  27.2  23.0 99.0 99.00
2016 03 28 00 50  82  9.8 11.5  2.43  7.69  6.02 999 1016.7  26.9  27.2  22.9 99.0 99.00
2016 03 28 01 50  85 10.1 12.3  2.12  7.69  5.71 999 1017.2  26.9  27.1  22.9 99.0 99.00
2016 03 28 02 50  80  9.6 11.0  2.49  8.33  6.15 999 1017.3  26.8  27.1  23.3 99.0 99.00
2016 03 28 03 50  85 10.6 12.6  2.24  7.69  5.88 999 1016.7  26.8  27.1  23.0 99.0 99.00
2016 03 28 04 50  85 10.5 12.2  2.45  8.33  6.11 999 1016.4  26.7  27.1  22.5 99.0 99.00
2016 03 28 05 50  86  9.8 12.1  2.31  8.33  5.90 999 1015.8  26.7  27.1  22.7 99.0 99.00
2016 03 28 06 50  96 10.3 13.8  2.35  8.33  5.96 999 1015.1  25.7  27.1  22.5 99.0 99.00
2016 03 28 07 50  93  9.2 11.8  2.50  8.33  6.30 999 1015.1  26.6  27.1  22.8 99.0 99.00
2016 03 28 08 50  85  8.1 10.0  2.63  8.33  6.36 999 1015.2  26.1  27.1  22.6 99.0 99.00
2016 03 28 09 50  75  9.3 11.1  2.40  7.69  6.10 999 1015.8  25.8  27.1  23.0 99.0 99.00
2016 03 28 10 50  82  9.1 11.3  2.39  7.69  6.17 999 1016.2  26.6  27.1  22.6 99.0 99.00
2016 03 28 11 50  86  9.1 11.5  2.48  8.33  6.24 999 1016.7  26.6  27.1  22.7 99.0 99.00
2016 03 28 12 50  93 10.3 11.8  2.49  8.33  6.10 999 1016.9  26.7  27.1  22.5 99.0 99.00
2016 03 28 13 50  89 10.2 12.4  2.35  8.33  6.07 999 1017.3  27.0  27.1  22.3 99.0 99.00
2016 03 28 14 50  89  9.3 11.0  2.53  7.69  6.17 999 1017.4  27.0  27.1  22.2 99.0 99.00
2016 03 28 15 50  89  9.7 11.4  2.34  7.69  6.07 999 1017.3  26.7  27.1  22.6 99.0 99.00
2016 03 28 16 50  87  9.1 10.6  2.46  8.33  6.26 999 1016.6  26.6  27.2  22.6 99.0 99.00
2016 03 28 17 50  87  8.5  9.9  2.38  8.33  6.05 999 1015.8  26.9  27.2  22.7 99.0 99.00
2016 03 28 18 50 112  8.2  9.7  2.22  7.69  5.93 999 1015.1  26.4  27.2  21.8 99.0 99.00
2016 03 28 19 50  97  8.2 10.3  2.38  9.09  6.13 999 1014.5  25.9  27.2  22.2 99.0 99.00
2016 03 28 20 50 119  7.9 10.5  2.36  9.09  6.25 999 1014.5  24.7  27.2  21.9 99.0 99.00
2016 03 28 21 50  88  6.0  8.1  2.39  7.69  6.38 999 1014.9  26.2  27.2  23.3 99.0 99.00
2016 03 28 22 50 102  9.0 11.1  2.16  8.33  6.03 999 1015.4  26.3  27.1  23.0 99.0 99.00
2016 03 28 23 50  84  7.6  8.8  2.34  8.33  6.18 999 1016.3  26.6  27.1  22.6 99.0 99.00
2016 03 29 00 50  79  7.9  9.7  2.17  8.33  5.97 999 1016.4  26.6  27.1  23.1 99.0 99.00
2016 03 29 01 50  83  8.9 10.6  2.31  8.33  6.20 999 1016.8  26.4  27.1  22.5 99.0 99.00
2016 03 29 02 50  77  8.4 11.1  2.27  7.69  6.10 999 1016.9  26.6  27.1  22.9 99.0 99.00
2016 03 29 03 50  75  9.3 10.7  2.16  9.09  5.86 999 1016.6  26.6  27.1  22.5 99.0 99.00
2016 03 29 04 50  79  8.5 10.6  2.29  8.33  6.25 999 1016.3  26.6  27.1  22.6 99.0 99.00
2016 03 29 05 50  84  9.3 10.8  2.24  7.69  6.00 999 1015.2  26.5  27.1  22.2 99.0 99.00
2016 03 29 06 50  87  8.7 10.4  2.24  8.33  6.03 999 1014.7  26.5  27.1  22.0 99.0 99.00
2016 03 29 07 50  81  9.3 10.8  2.07  8.33  5.80 999 1014.4  26.3  27.1  22.2 99.0 99.00
2016 03 29 08 50  83  9.4 10.8  2.00  7.69  5.74 999 1014.5  26.4  27.1  21.7 99.0 99.00
2016 03 29 09 50  84  9.3 10.6  2.10  7.14  6.07 999 1014.9  26.3  27.1  21.4 99.0 99.00
2016 03 29 10 50  92  8.4 10.2  2.25  9.09  6.13 999 1015.4  26.4  27.1  21.6 99.0 99.00
2016 03 29 11 50  91  8.5 10.2  2.03  9.09  5.97 999 1016.0  26.5  27.1  21.6 99.0 99.00
2016 03 29 12 50  90  8.3 10.4  2.00  9.09  5.83 999 1016.6  26.7  27.1  21.7 99.0 99.00
2016 03 29 13 50  89  8.4 10.1  2.12  8.33  6.12 999 1016.8  26.6  27.1  22.0 99.0 99.00
2016 03 29 14 50  84  8.6 10.3  1.94  7.69  6.03 999 1016.9  26.7  27.1  21.5 99.0 99.00
2016 03 29 15 50  88  8.5 10.6  2.03  9.09  5.84 999 1016.4  26.8  27.2  22.0 99.0 99.00
2016 03 29 16 50  87  8.8 10.4  2.08  7.14  5.82 999 1015.5  26.7  27.2  21.9 99.0 99.00
2016 03 29 17 50  89  8.2 10.3  1.74 10.00  5.50 999 1014.8  26.8  27.2  22.1 99.0 99.00
2016 03 29 18 50  98  8.8 10.7  1.91  7.69  5.63 999 1014.0  26.8  27.2  21.7 99.0 99.00
2016 03 29 19 50 100  8.1 10.0  1.90  7.69  5.61 999 1013.3  26.9  27.2  21.6 99.0 99.00
2016 03 29 20 50  99  8.4  9.7  1.80  7.69  5.64 999 1013.1  26.9  27.2  21.5 99.0 99.00
2016 03 29 21 50  87  7.5  9.2  1.79  7.14  5.51 999 1013.1  26.9  27.2  22.4 99.0 99.00
2016 03 29 22 50  95  7.7  9.0  1.80  6.25  5.40 999 1013.6  26.7  27.2  22.1 99.0 99.00
2016 03 29 23 50  86  8.3 10.0  1.82  6.25  5.50 999 1013.9  26.7  27.1  22.3 99.0 99.00
2016 03 30 00 50  85  7.5 11.0  1.74  7.69  5.59 999 1014.5  25.7  27.1  21.8 99.0 99.00
2016 03 30 01 50  66  7.0  8.4  1.75  7.14  5.52 999 1014.8  26.4  27.1  22.6 99.0 99.00
2016 03 30 02 50  82  9.7 12.1  1.63  8.33  5.44 999 1014.7  26.8  27.1  22.3 99.0 99.00
2016 03 30 03 50  89  9.2 10.9  1.88  8.33  5.52 999 1014.5  26.8  27.1  22.2 99.0 99.00
2016 03 30 04 50  92  9.3 11.6  1.85  7.69  5.30 999 1014.3  26.7  27.1  22.3 99.0 99.00
2016 03 30 05 50  90 10.0 11.8  1.89  7.14  5.46 999 1013.7  26.7  27.1  22.0 99.0 99.00
2016 03 30 06 50  90  9.0 10.8  1.81  5.88  5.35 999 1013.2  26.7  27.1  21.8 99.0 99.00
2016 03 30 07 50  92  8.3  9.8  1.85  7.14  5.55 999 1012.7  26.6  27.1  22.0 99.0 99.00
2016 03 30 08 50  86  9.4 10.9  1.82  7.69  5.50 999 1012.3  26.4  27.1  22.1 99.0 99.00
2016 03 30 09 50  93  9.2 11.8  1.90  5.88  5.44 999 1012.8  26.6  27.1  22.4 99.0 99.00
2016 03 30 10 50  79  7.9  9.3  1.77  7.69  5.39 999 1013.7  26.2  27.1  23.0 99.0 99.00
2016 03 30 11 50  94  9.1 10.7  1.75  7.14  5.34 999 1014.6  26.8  27.1  21.9 99.0 99.00
2016 03 30 12 50  89  8.9 10.5  1.74  6.67  5.30 999 1015.6  26.9  27.1  22.3 99.0 99.00
2016 03 30 13 50  93  7.9  9.3  1.85  7.69  5.40 999 1016.3  26.9  27.1  22.3 99.0 99.00
2016 03 30 14 50  97  7.5  8.8  1.87  7.14  5.51 999 1016.7  27.0  27.1  22.4 99.0 99.00
2016 03 30 15 50  94  8.0  9.0  1.75  8.33  5.49 999 1016.1  27.0  27.2  22.2 99.0 99.00
2016 03 30 16 50  95  8.2 10.1  1.70  7.69  5.35 999 1015.4  26.9  27.2  22.5 99.0 99.00
2016 03 30 17 50  94  7.9  9.6  1.79  7.69  5.58 999 1014.5  27.0  27.2  22.4 99.0 99.00
2016 03 30 18 50  94  8.1  9.5  1.80  6.67  5.51 999 1014.0  27.0  27.3  22.5 99.0 99.00
2016 03 30 19 50  94  8.9 10.2  1.72  6.67  5.39 999 1013.1  27.0  27.2  22.6 99.0 99.00
2016 03 30 20 50  96  8.2 10.0  1.76  6.25  5.38 999 1013.2  27.1  27.2  22.8 99.0 99.00
2016 03 30 21 50  98  8.3  9.9  1.74  6.25  5.42 999 1013.2  27.1  27.2  22.8 99.0 99.00
2016 03 30 22 50 100  8.0  9.9  1.77  7.14  5.38 999 1013.4  26.9  27.2  23.1 99.0 99.00
2016 03 30 23 50  97  8.3  9.9  1.79  6.67  5.33 999 1013.8  26.9  27.2  23.1 99.0 99.00
2016 03 31 00 50  95  8.5  9.9  1.77  6.67  5.30 999 1014.3  26.9  27.1  23.1 99.0 99.00
2016 03 31 01 50  91  8.5 10.0  1.69  7.14  5.36 999 1015.0  26.9  27.1  23.0 99.0 99.00
2016 03 31 02 50  85  9.6 11.2  1.65  6.67  5.28 999 1015.0  26.9  27.1  23.3 99.0 99.00
2016 03 31 03 50  90  9.4 11.7  1.66  7.14  5.22 999 1015.0  26.9  27.1  23.1 99.0 99.00
2016 03 31 04 50  89  9.0 10.7  1.77  7.14  5.18 999 1014.8  26.9  27.1  23.0 99.0 99.00
2016 03 31 05 50  92  9.5 11.7  1.78  7.14  5.37 999 1014.0  26.8  27.1  23.1 99.0 99.00
2016 03 31 06 50  95  8.2 10.0  1.93  7.14  5.36 999 1014.1  26.7  27.1  23.0 99.0 99.00
2016 03 31 07 50  97  8.3 10.1  1.87  7.14  5.49 999 1013.7  26.6  27.1  23.1 99.0 99.00
2016 03 31 08 50 101  8.3  9.7  1.94  6.25  5.56 999 1014.0  26.7  27.1  22.8 99.0 99.00
2016 03 31 09 50 102  8.2  9.9  1.92  7.14  5.64 999 1014.5  26.8  27.1  22.6 99.0 99.00
2016 03 31 10 50 100  8.3  9.7  1.88  7.14  5.52 999 1015.0  26.8  27.1  23.0 99.0 99.00
2016 03 31 11 50  99  9.1 10.7  1.99  6.67  5.54 999 1015.6  26.9  27.1  22.8 99.0 99.00
2016 03 31 12 50 104  8.6 10.2  1.99  7.14  5.55 999 1015.8  26.9  27.1  22.8 99.0 99.00
2016 03 31 13 50 105  8.9 10.8  2.00  7.14  5.66 999 1016.0  27.0  27.1  22.7 99.0 99.00
2016 03 31 14 50  99  8.7 10.0  1.96  7.69  5.54 999 1016.4  27.0  27.1  22.7 99.0 99.00
2016 03 31 15 50 103  8.5  9.7  2.13  7.14  5.73 999 1016.1  27.0  27.2  23.1 99.0 99.00
2016 03 31 16 50 108  8.4  9.8  2.11  7.69  5.80 999 1015.5  27.0  27.2  23.1 99.0 99.00
2016 03 31 17 50 100  8.3  9.9  2.00  8.33  5.80 999 1014.8  27.0  27.2  23.2 99.0 99.00
2016 03 31 18 50  97  7.7  9.1  1.98  7.69  5.91 999 1014.2  27.1  27.2  23.3 99.0 99.00
2016 03 31 19 50 102  7.7  9.0  1.90  7.14  5.72 999 1013.8  27.1  27.2  23.3 99.0 99.00
2016 03 31 20 50  97  8.2  9.5  1.92  7.69  5.80 999 1013.6  27.1  27.2  23.4 99.0 99.00
2016 03 31 21 50  93  7.0  8.2  1.89  7.69  5.71 999 1013.8  27.1  27.2  23.9 99.0 99.00
2016 03 31 22 50  91  8.0  9.6  1.98  7.69  5.80 999 1013.9  27.0  27.2  23.8 99.0 99.00
