#YY  MM DD hh mm WDIR WSPD GST  WVHT   DPD   APD MWD   PRES  ATMP  WTMP  DEWP  VIS  TIDE
#yr  mo dy hr mn degT m/s  m/s     m   sec   sec deg    hPa  degC  degC  degC  nmi    ft
2016 08 01 00 50  65  6.8  8.1  1.66  9.09  5.72  71 1013.9  26.5  27.4  23.9 99.0 99.00
2016 08 01 01 50  71  7.6  9.1  1.70  8.33  5.77  80 1013.6  25.0  27.4  23.8 99.0 99.00
2016 08 01 02 50  66  6.0  7.2  1.82  9.09  5.56  69 1013.5  24.9  27.4  23.2 99.0 99.00
2016 08 01 03 50  65  7.8 10.4  1.74  8.33  5.73  84 1012.9  24.8  27.4  23.4 99.0 99.00
2016 08 01 04 50  69  8.1 10.1  1.74  7.14  5.72  61 1012.2  25.9  27.4  22.8 99.0 99.00
2016 08 01 05 50  77  9.3 11.8  1.74  9.09  5.68  75 1011.9  24.8  27.4  23.3 99.0 99.00
2016 08 01 06 50  50  5.7  6.9  1.89  8.33  6.04  60 1012.0  24.7  27.4  23.3 99.0 99.00
2016 08 01 07 50  74  8.7 11.1  1.89  9.09  5.94  71 1012.0  24.8  27.4  23.6 99.0 99.00
2016 08 01 08 50  70  7.7  9.1  1.93  9.09  5.81  61 1012.4  25.7  27.4  23.3 99.0 99.00
2016 08 01 09 50  78  8.8 11.1  1.91  7.14  5.72  57 1012.8  25.6  27.4  23.4 99.0 99.00
2016 08 01 10 50  84  6.5  8.2  1.95  8.33  5.71  72 1013.6  25.1  27.4  22.9 99.0 99.00
2016 08 01 11 50  84  6.5  7.6  1.87  7.69  5.80  56 1013.9  26.5  27.4  22.3 99.0 99.00
2016 08 01 12 50  68  7.7 11.5  1.96  8.33  5.97  64 1013.8  25.9  27.4  22.7 99.0 99.00
2016 08 01 13 50  90  6.4  7.9  1.85  9.09  5.96  77 1013.9  26.9  27.5  22.3 99.0 99.00
2016 08 01 14 50  78  6.0  7.2  1.89  8.33  5.88  73 1013.7  27.0  27.5  22.5 99.0 99.00
2016 08 01 15 50  71  6.0  7.1  1.84  9.09  6.05  93 1013.2  27.1  27.6  22.2 99.0 99.00
2016 08 01 16 50  78  6.2  7.7  1.94  7.14  6.00  62 1012.5  27.1  27.7  22.1 99.0 99.00
2016 08 01 17 50  68  6.0  7.2  1.95  9.09  6.00  82 1011.8  27.2  27.7  22.5 99.0 99.00
2016 08 01 18 50  60  6.0  7.5  2.02  9.09  6.26  85 1011.3  27.2  27.6  22.4 99.0 99.00
2016 08 01 19 50  60  5.7  6.8  1.96  8.33  6.06  76 1011.4  27.2  27.6  22.3 99.0 99.00
2016 08 01 20 50  68  5.9  7.1  1.91  8.33  6.08  78 1011.9  27.0  27.6  22.5 99.0 99.00
2016 08 01 21 50  59  6.7  8.0  1.94  9.09  6.26  81 1012.2  27.0  27.6  22.6 99.0 99.00
2016 08 01 22 50  64  7.1  8.6  1.74  8.33  5.93  73 1013.0  27.0  27.5  22.2 99.0 99.00
2016 08 01 23 50  69  6.6  8.0  1.85  9.09  6.15  85 1013.7  27.0  27.5  23.0 99.0 99.00
2016 08 02 00 50  64  7.5  9.4  1.80  8.33  6.01  88 1014.0  26.9  27.5  23.0 99.0 99.00
2016 08 02 01 50  67  7.6  8.9  1.93  9.09  6.11  85 1014.3  27.0  27.5  23.0 99.0 99.00
2016 08 02 02 50  70  7.1  8.4  1.91  8.33  6.12  86 1014.2  27.0  27.5  23.2 99.0 99.00
2016 08 02 03 50  78  7.5  8.8  1.94  8.33  6.15  77 1013.7  27.0  27.5  23.1 99.0 99.00
2016 08 02 04 50  68  7.4  8.6  2.01  8.33  6.26  75 1013.1  26.8  27.4  23.3 99.0 99.00
2016 08 02 05 50  64  7.1  8.2  1.90  9.09  6.16  85 1012.7  26.6  27.4  23.4 99.0 99.00
2016 08 02 06 50  68  6.5  7.7  1.89  9.09  6.12 102 1012.4  26.6  27.4  23.5 99.0 99.00
2016 08 02 07 50  65  6.2  7.3  1.98  9.09  6.23  90 1012.9  26.7  27.4  23.7 99.0 99.00
2016 08 02 08 50  63  6.3  8.0  1.84  9.09  6.35  86 1013.3  26.2  27.4  24.1 99.0 99.00
2016 08 02 09 50  71  8.6  9.8  1.78  8.33  5.93  71 1013.9  26.0  27.4  24.0 99.0 99.00
2016 08 02 10 50  59  5.7  7.0  1.79  9.09  5.91  92 1014.6  26.1  27.4  23.8 99.0 99.00
2016 08 02 11 50  67  5.2  6.5  1.84  9.09  6.14  95 1015.1  26.3  27.5  23.7 99.0 99.00
2016 08 02 12 50  54  4.5  5.3  1.74  8.33  6.07  58 1015.2  26.6  27.5  24.1 99.0 99.00
2016 08 02 13 50  61  4.8  5.8  1.74  6.67  6.11  62 1015.4  26.7  27.6  24.1 99.0 99.00
2016 08 02 14 50  57  3.4  4.4  1.73  9.09  6.40  82 1015.2  26.6  27.6  24.0 99.0 99.00
2016 08 02 15 50  42  3.0  3.7  1.74  9.09  6.42  84 1014.6  26.7  27.7  24.1 99.0 99.00
2016 08 02 16 50  57  3.4  4.3  1.88  9.09  6.64  75 1014.1  26.8  27.8  23.9 99.0 99.00
2016 08 02 17 50  44  4.6  5.8  1.88  9.09  6.39  80 1014.0  25.5  27.7  23.9 99.0 99.00
2016 08 02 18 50  40  6.4  8.0  1.63 10.00  6.38  85 1013.8  25.8  27.6  24.3 99.0 99.00
2016 08 02 20 50  45  5.8  7.1  1.72  8.33  6.40  88 1013.8  26.3  27.5  24.2 99.0 99.00
2016 08 02 21 50  42  6.8  8.2  1.74  9.09  6.28  88 1013.6  26.3  27.5  24.2 99.0 99.00
2016 08 02 22 50  48  5.8  6.8  1.81  9.09  6.23  98 1014.0  26.6  27.5  24.7 99.0 99.00
2016 08 02 23 50  48  5.3  6.6  1.73  9.09  6.03  91 1014.5  26.3  27.5  24.4 99.0 99.00
2016 08 03 00 50  62  6.6  8.1  1.77  7.69  6.33  83 1014.6  26.2  27.5  25.1 99.0 99.00
2016 08 03 01 50  68  7.1  8.4  1.74  7.69  6.17  74 1014.7  26.1  27.5  24.8 99.0 99.00
2016 08 03 02 50  82  7.4  8.7  1.77  7.69  6.04  74 1014.2  26.2  27.5  24.9 99.0 99.00
2016 08 03 03 50  85  7.9  8.9  1.84  7.69  5.98  74 1013.6  26.3  27.4  24.6 99.0 99.00
2016 08 03 04 50  92  8.2 10.2  1.86  9.09  5.94  98 1013.3  26.0  27.4  24.6 99.0 99.00
2016 08 03 05 50 111  7.3  8.6  1.83 10.00  5.96 116 1013.0  25.9  27.4  24.6 99.0 99.00
2016 08 03 06 50 116  6.4  7.4  1.86  7.69  6.12  88 1012.9  26.4  27.4  24.4 99.0 99.00
2016 08 03 07 50 119  6.1  7.2  1.96  8.33  6.47  89 1013.1  26.6  27.4  24.3 99.0 99.00
2016 08 03 08 50 126  4.9  5.9  1.97  8.33  6.57  88 1013.3  26.7  27.4  24.5 99.0 99.00
2016 08 03 09 50 115  4.8  5.8  1.91 10.00  6.69 132 1013.9  26.1  27.4  24.4 99.0 99.00
2016 08 03 10 50 133  5.1  6.1  1.81  9.09  6.41 113 1014.3  26.4  27.4  24.3 99.0 99.00
2016 08 03 11 50 117  4.8  5.7  1.91  9.09  6.66 132 1014.9  26.9  27.4  24.4 99.0 99.00
2016 08 03 12 50 108  5.5  7.2  1.85  7.69  6.52  78 1015.2  26.4  27.5  24.3 99.0 99.00
2016 08 03 13 50  88  5.8  7.5  1.86  9.09  6.37 140 1015.2  26.2  27.5  24.2 99.0 99.00
2016 08 03 14 50  97  4.5  5.7  1.85  9.09  6.34 142 1014.9  26.8  27.6  24.1 99.0 99.00
2016 08 03 15 50  88  6.9  9.2  1.90  9.09  6.72 110 1014.4  26.8  27.7  24.5 99.0 99.00
2016 08 03 16 50  71  4.8  5.8  1.89  9.09  6.50 113 1013.8  26.4  27.8  24.5 99.0 99.00
2016 08 03 17 50  83  4.5  5.7  1.90  9.09  6.71 136 1013.6  27.0  27.8  24.4 99.0 99.00
2016 08 03 18 50  78  5.3  6.3  1.90  9.09  6.58 124 1013.2  27.1  27.8  24.6 99.0 99.00
2016 08 03 19 50  76  7.1  8.3  1.85  7.14  6.27  69 1013.0  26.8  27.7  24.2 99.0 99.00
2016 08 03 20 50  77  6.8  8.0  1.90  8.33  6.30  83 1013.3  27.2  27.7  24.0 99.0 99.00
2016 08 03 21 50  71  3.5  4.2  1.92  9.09  6.13 125 1014.0  25.9  27.6  24.0 99.0 99.00
2016 08 03 22 50  64  5.9  7.3  1.94 10.00  6.66 142 1014.5  26.9  27.5  24.5 99.0 99.00
2016 08 03 23 50  61  7.8  9.0  1.86  8.33  6.37  90 1014.9  27.2  27.6  24.0 99.0 99.00
2016 08 04 00 50  62  7.8  9.0  1.88  9.09  6.17 124 1015.3  27.2  27.5  23.7 99.0 99.00
2016 08 04 01 50  57  6.3  7.7  2.03  9.09  6.46 129 1015.5  27.2  27.5  23.9 99.0 99.00
2016 08 04 02 50  54  7.8  9.2  1.94 10.00  6.35 137 1015.1  27.2  27.5  24.0 99.0 99.00
2016 08 04 03 50  51  7.2  8.5  1.92  9.09  6.10 111 1014.3  27.1  27.5  23.8 99.0 99.00
2016 08 04 04 50  51  7.4  9.4  1.78  9.09  6.14  98 1013.5  27.1  27.5  23.1 99.0 99.00
2016 08 04 05 50  44  7.1  9.4  2.00  8.33  6.36  87 1013.0  26.6  27.5  23.4 99.0 99.00
2016 08 04 06 50  52  7.7  9.3  1.84  9.09  6.00 112 1012.5  26.9  27.5  23.2 99.0 99.00
2016 08 04 07 50  57  9.1 10.9  1.86 10.00  6.14 131 1012.5  26.5  27.4  22.6 99.0 99.00
2016 08 04 08 50  62  9.2 10.8  1.96  8.33  6.18  99 1012.8  26.3  27.4  23.2 99.0 99.00
2016 08 04 09 50  61  7.5  8.9  1.92 10.00  6.00 123 1013.0  26.8  27.4  23.1 99.0 99.00
2016 08 04 10 50  65  6.9  8.1  1.98  9.09  6.08 103 1013.2  26.8  27.4  23.2 99.0 99.00
2016 08 04 11 50  67  7.6  9.4  1.85  9.09  5.83 126 1013.9  26.8  27.5  23.2 99.0 99.00
2016 08 04 12 50  62  7.5  8.5  1.94  8.33  5.74  94 1013.9  26.7  27.5  23.4 99.0 99.00
2016 08 04 13 50  66  8.6  9.9  1.91  9.09  5.74 119 1013.5  26.9  27.5  23.7 99.0 99.00
2016 08 04 14 50  69  7.9  9.1  2.00  9.09  5.81 128 1013.3  27.1  27.6  24.0 99.0 99.00
2016 08 04 15 50  74  7.7  9.0  1.98  9.09  5.89 102 1013.0  27.1  27.6  24.1 99.0 99.00
2016 08 04 16 50  82  7.3  8.5  2.12  9.09  6.05  96 1012.8  26.8  27.6  24.2 99.0 99.00
2016 08 04 17 50  90  7.2  8.6  1.95  9.09  5.95 103 1012.7  27.0  27.6  24.1 99.0 99.00
2016 08 04 18 50  90  7.5  8.6  1.77  7.14  5.69  81 1012.6  27.0  27.6  23.9 99.0 99.00
2016 08 04 19 50  96  7.3  8.6  1.94  9.09  5.80 108 1012.5  27.0  27.6  23.8 99.0 99.00
2016 08 04 20 50  99  7.0  8.2  1.91  7.69  5.88  97 1012.8  27.0  27.6  23.9 99.0 99.00
2016 08 04 21 50 104  6.3  7.8  1.94  9.09  6.11 133 1013.5  27.1  27.5  24.0 99.0 99.00
2016 08 04 22 50  98  6.7  8.1  1.85  7.69  5.99  92 1014.1  27.1  27.5  24.2 99.0 99.00
2016 08 04 23 50  98  6.2  7.5  2.04  9.09  6.35 117 1014.8  27.1  27.5  24.3 99.0 99.00
2016 08 05 00 50  99  6.5  7.7  2.00  8.33  6.49  81 1015.3  27.1  27.5  24.3 99.0 99.00
2016 08 05 01 50 108  6.3  7.4  1.97  9.09  6.32 103 1015.6  27.1  27.5  24.2 99.0 99.00
2016 08 05 02 50 105  6.4  7.5  1.99  8.33  6.51  99 1015.7  27.1  27.4  24.4 99.0 99.00
2016 08 05 03 50 107  6.0  7.3  1.97  9.09  6.66 116 1015.3  27.1  27.4  24.2 99.0 99.00
2016 08 05 04 50 103  5.3  6.4  1.92  8.33  6.55  95 1014.9  26.9  27.4  24.2 99.0 99.00
2016 08 05 05 50 100  5.1  6.0  2.01  9.09  6.67  99 1014.6  26.9  27.4  24.3 99.0 99.00
2016 08 05 06 50 101  4.7  5.7  1.88  9.09  6.62 119 1014.5  26.9  27.4  24.3 99.0 99.00
2016 08 05 07 50 110  4.3  5.1  2.15  8.33  6.94  86 1014.6  26.9  27.4  24.1 99.0 99.00
2016 08 05 08 50  94  3.7  4.5  2.19  9.09  7.13 102 1014.8  26.8  27.4  24.2 99.0 99.00
2016 08 05 09 50  88  3.9  4.7  2.09  9.09  6.98 100 1015.3  26.9  27.4  24.2 99.0 99.00
2016 08 05 10 50  92  3.6  4.5  1.95  9.09  7.06 110 1015.7  27.0  27.5  24.2 99.0 99.00
2016 08 05 11 50  85  3.4  4.1  1.95  9.09  7.11  85 1016.1  27.1  27.5  24.3 99.0 99.00
2016 08 05 12 50  76  4.4  5.3  2.02  8.33  7.14  75 1016.3  27.1  27.7  24.5 99.0 99.00
2016 08 05 13 50  75  4.9  5.8  1.79  9.09  6.85  78 1016.4  27.0  27.8  24.7 99.0 99.00
2016 08 05 14 50  70  6.1  7.3  1.76  9.09  6.65  98 1016.2  26.8  27.8  24.2 99.0 99.00
2016 08 05 15 50  63  5.9  7.2  1.68  9.09  6.37  75 1015.9  26.8  27.8  24.3 99.0 99.00
2016 08 05 16 50  69  5.3  6.3  1.73  9.09  6.43  90 1015.5  26.8  27.8  24.2 99.0 99.00
2016 08 05 17 50  72  4.3  5.4  1.68  8.33  6.42  82 1014.9  26.9  27.9  24.2 99.0 99.00
2016 08 05 18 50  71  4.4  5.5  1.82  8.33  6.53  59 1014.5  27.1  27.9  24.0 99.0 99.00
2016 08 05 19 50  73  4.7  5.7  1.89  9.09  6.65  80 1014.0  27.2  27.9  24.0 99.0 99.00
2016 08 05 20 50  80  4.8  5.9  1.78  9.09  6.81  87 1014.2  27.0  27.8  24.2 99.0 99.00
2016 08 05 21 50  50  5.9  7.6  1.71  9.09  6.86  76 1014.7  26.6  27.8  24.2 99.0 99.00
2016 08 05 22 50  57  5.9  6.9  1.71  9.09  6.67  93 1015.0  27.2  27.7  24.6 99.0 99.00
2016 08 05 23 50  69  6.3  7.4  1.72  9.09  6.49  73 1015.4  27.2  27.7  24.4 99.0 99.00
2016 08 06 00 50  63  6.2  7.4  1.95  9.09  6.80  76 1015.8  27.1  27.7  24.3 99.0 99.00
2016 08 06 01 50  60  8.4 10.6  1.74  9.09  6.48  81 1015.9  26.6  27.6  24.5 99.0 99.00
2016 08 06 02 50  59  7.2  9.0  1.68  9.09  5.81  82 1015.8  26.8  27.6  24.4 99.0 99.00
2016 08 06 03 50  78  6.4  7.9  1.80  9.09  6.16  73 1015.2  26.2  27.6  24.6 99.0 99.00
2016 08 06 04 50  53  7.9  9.9  1.77  8.33  5.84  69 1014.6  27.0  27.6  23.8 99.0 99.00
2016 08 06 05 50  52  7.4  8.5  1.85  8.33  5.80  74 1014.3  26.7  27.6  24.2 99.0 99.00
2016 08 06 06 50  66  8.1  9.8  1.82  9.09  5.83  69 1014.0  26.8  27.6  24.0 99.0 99.00
2016 08 06 07 50  62  8.5 10.1  1.88  9.09  5.61  76 1013.9  26.7  27.6  23.6 99.0 99.00
2016 08 06 08 50  63  9.1 11.1  1.83  8.33  5.71  82 1014.3  26.8  27.6  23.2 99.0 99.00
2016 08 06 09 50  59  8.2  9.9  1.92  8.33  5.50  79 1015.0  27.1  27.6  22.7 99.0 99.00
2016 08 06 10 50  59  7.4  8.8  1.90  8.33  5.56  81 1015.5  27.2  27.6  22.1 99.0 99.00
2016 08 06 11 50  62  7.5  9.0  2.02  9.09  5.86  76 1015.7  27.1  27.6  22.2 99.0 99.00
2016 08 06 12 50  65  7.9  9.2  1.97  9.09  5.92  80 1015.8  27.1  27.6  22.0 99.0 99.00
2016 08 06 13 50  71  6.7  8.7  1.88  9.09  5.75  82 1015.9  27.0  27.6  22.4 99.0 99.00
2016 08 06 14 50  71  7.0  8.3  1.90  8.33  5.68  85 1015.8  27.1  27.6  21.8 99.0 99.00
2016 08 06 15 50  75  6.0  7.1  1.69  9.09  5.64  78 1015.6  27.1  27.7  22.3 99.0 99.00
2016 08 06 16 50  69  6.6  7.7  1.83  9.09  5.87 105 1015.2  27.2  27.7  22.5 99.0 99.00
2016 08 06 17 50  73  7.7  9.0  1.81  9.09  5.93  84 1014.8  27.3  27.7  22.3 99.0 99.00
2016 08 06 18 50  79  7.1  8.2  1.72  8.33  5.76 101 1014.5  27.1  27.7  22.8 99.0 99.00
2016 08 06 19 50  75  8.0  9.3  1.65  9.09  5.71  97 1014.3  27.3  27.7  22.3 99.0 99.00
2016 08 06 20 50  79  7.8  9.0  1.71  9.09  5.70  80 1014.4  27.1  27.6  22.5 99.0 99.00
2016 08 06 21 50  73  7.1  8.6  1.70  9.09  5.62 105 1015.2  27.1  27.6  23.0 99.0 99.00
2016 08 06 22 50  70  7.0  8.7  1.65  8.33  5.50  93 1015.9  27.1  27.5  23.3 99.0 99.00
2016 08 06 23 50  73  6.2  7.1  1.70  9.09  5.58  88 1016.3  27.1  27.5  22.8 99.0 99.00
2016 08 07 00 50  71  5.7  6.8  1.65 10.00  5.86  72 1016.5  27.0  27.5  23.3 99.0 99.00
2016 08 07 01 50  78  7.1  8.7  1.60  8.33  5.98 103 1016.4  27.1  27.5  22.8 99.0 99.00
2016 08 07 02 50  64  6.7  7.8  1.59  8.33  5.90  95 1016.2  26.9  27.4  22.9 99.0 99.00
2016 08 07 03 50  75  6.3  7.4  1.50  8.33  5.66 113 1015.9  26.8  27.4  22.9 99.0 99.00
2016 08 07 04 50  74  6.0  6.9  1.57 10.00  6.01  90 1015.4  26.9  27.4  23.3 99.0 99.00
2016 08 07 05 50  76  7.1  8.6  1.56 10.00  5.78  77 1014.9  26.6  27.4  23.6 99.0 99.00
2016 08 07 06 50  73  8.0  9.3  1.62  9.09  5.79  90 1014.7  26.6  27.4  23.0 99.0 99.00
2016 08 07 07 50  76  7.5  9.1  1.61  9.09  5.80  82 1015.2  26.5  27.4  22.6 99.0 99.00
2016 08 07 08 50  70  7.0  8.9  1.55  9.09  5.64  89 1015.4  26.6  27.3  22.4 99.0 99.00
2016 08 07 09 50  63  6.4  7.7  1.59  9.09  5.56  93 1015.7  26.6  27.4  22.5 99.0 99.00
2016 08 07 10 50  75  5.8  7.0  1.65  8.33  5.84 111 1015.9  26.6  27.4  22.4 99.0 99.00
2016 08 07 11 50  74  5.6  6.5  1.75  9.09  6.04 117 1016.4  26.8  27.4  22.0 99.0 99.00
2016 08 07 12 50  71  5.1  6.1  1.59  9.09  5.87  94 1016.8  26.8  27.5  22.5 99.0 99.00
2016 08 07 13 50  70  5.6  7.0  1.58  9.09  6.04 112 1016.7  26.8  27.5  23.0 99.0 99.00
2016 08 07 14 50  68  5.8  6.9  1.50  9.09  5.80  97 1016.5  26.8  27.6  23.0 99.0 99.00
2016 08 07 15 50  76  6.3  7.6  1.57  9.09  6.12 108 1016.2  27.0  27.7  22.8 99.0 99.00
2016 08 07 16 50  73  6.4  7.8  1.59  7.69  5.89  98 1015.7  26.9  27.7  22.7 99.0 99.00
2016 08 07 17 50  62  6.4  7.4  1.70  8.33  5.82 125 1015.4  27.0  27.7  22.6 99.0 99.00
2016 08 07 18 50  65  6.4  7.7  1.74  8.33  5.99  98 1015.1  26.9  27.7  22.8 99.0 99.00
2016 08 07 19 50  53  6.5  7.5  1.62  8.33  5.74 100 1015.0  27.0  27.6  22.4 99.0 99.00
2016 08 07 20 50  61  6.3  7.5  1.66  8.33  5.82 106 1015.1  26.9  27.6  22.5 99.0 99.00
2016 08 07 21 50  66  6.8  7.9  1.71  9.09  6.04  89 1015.4  26.9  27.6  22.3 99.0 99.00
2016 08 07 22 50  69  6.7  8.1  1.63  9.09  6.04  98 1015.9  26.9  27.5  22.4 99.0 99.00
2016 08 07 23 50  63  6.6  7.6  1.70  9.09  6.04  83 1016.2  26.8  27.5  22.4 99.0 99.00
2016 08 08 00 50  70  6.4  7.7  1.72  9.09  5.91  77 1016.7  26.8  27.5  22.4 99.0 99.00
2016 08 08 01 50  65  6.7  8.2  1.71  9.09  6.06  85 1016.8  26.8  27.4  22.7 99.0 99.00
2016 08 08 02 50  63  6.5  7.5  1.81 12.90  6.43  29 1016.4  26.8  27.4  22.7 99.0 99.00
2016 08 08 03 50  62  6.5  7.5  1.80  9.09  6.28  78 1015.9  26.7  27.4  22.9 99.0 99.00
2016 08 08 04 50  65  6.6  7.5  1.70 12.12  6.08  12 1015.1  26.7  27.4  22.8 99.0 99.00
2016 08 08 05 50  63  6.9  7.8  1.78 12.12  6.19   8 1014.5  26.6  27.4  22.9 99.0 99.00
2016 08 08 06 50  66  6.5  7.6  1.68 12.90  6.36  19 1014.7  26.6  27.4  22.8 99.0 99.00
2016 08 08 07 50  62  6.8  8.2  1.67  9.09  5.74  90 1014.7  26.6  27.4  22.8 99.0 99.00
2016 08 08 08 50  66  7.5  8.5  1.72 12.12  5.96 358 1015.0  26.7  27.4  22.6 99.0 99.00
2016 08 08 09 50  68  7.3  8.3  1.67 12.12  5.90 352 1015.4  26.8  27.4  22.6 99.0 99.00
2016 08 08 10 50  61  7.7  9.0  1.64  9.09  5.73  85 1015.7  26.8  27.4  22.8 99.0 99.00
2016 08 08 11 50  62  7.3  8.7  1.75 11.43  6.01   1 1015.9  26.8  27.5  22.9 99.0 99.00
2016 08 08 12 50  57  7.0  8.3  1.72  9.09  5.98 117 1016.1  26.9  27.5  22.9 99.0 99.00
2016 08 08 13 50  65  7.4  8.6  1.68 12.12  5.86  20 1016.4  27.0  27.5  23.1 99.0 99.00
2016 08 08 14 50  72  7.7  9.1  1.75  9.09  5.91 119 1016.4  27.0  27.6  23.1 99.0 99.00
2016 08 08 15 50  78  6.9  7.9  1.67 11.43  5.68 340 1016.1  27.0  27.6  23.1 99.0 99.00
2016 08 08 16 50  69  6.3  7.4  1.81 11.43  6.01   5 1015.6  26.9  27.6  23.0 99.0 99.00
2016 08 08 17 50  79  6.0  7.3  1.73 11.43  5.99   6 1015.4  27.0  27.7  23.0 99.0 99.00
2016 08 08 18 50  78  6.1  6.9  1.66 10.81  6.41   5 1014.9  27.1  27.7  22.7 99.0 99.00
2016 08 08 19 50  67  5.2  6.1  1.71  8.33  6.52 145 1014.6  27.1  27.7  23.0 99.0 99.00
2016 08 08 20 50  63  6.2  7.3  1.80 12.90  6.93  30 1014.4  27.0  27.7  23.2 99.0 99.00
2016 08 08 21 50  69  6.4  7.8  1.75 12.90  6.86  30 1014.9  26.9  27.6  23.4 99.0 99.00
2016 08 08 22 50  72  6.8  8.2  1.65 12.90  6.45  13 1015.5  27.0  27.6  23.3 99.0 99.00
2016 08 08 23 50  73  6.8  7.8  1.84 12.12  6.63  25 1016.0  27.1  27.5  23.4 99.0 99.00
2016 08 09 00 50  77  6.8  8.0  1.77 12.12  6.64  29 1016.6  27.2  27.5  23.3 99.0 99.00
2016 08 09 01 50  81  6.9  8.3  1.86 12.90  6.79  43 1016.5  27.2  27.5  23.3 99.0 99.00
2016 08 09 02 50  78  6.7  8.3  1.86 12.12  6.72  17 1016.3  27.1  27.5  23.4 99.0 99.00
2016 08 09 03 50  75  6.9  8.0  1.80 12.12  6.54  13 1015.7  27.0  27.5  23.4 99.0 99.00
2016 08 09 04 50  70  7.1  8.4  1.85 12.12  6.43  17 1015.2  26.8  27.4  23.2 99.0 99.00
2016 08 09 05 50  74  7.2  8.3  1.92 12.12  6.53  21 1014.9  26.7  27.4  22.9 99.0 99.00
2016 08 09 06 50  69  7.6  9.3  1.84 12.12  6.24  15 1014.7  26.7  27.4  22.9 99.0 99.00
2016 08 09 07 50  67  7.0  8.9  1.85 11.43  6.21  19 1014.7  26.6  27.4  23.2 99.0 99.00
2016 08 09 08 50  73  7.6  8.9  1.91 12.12  6.50  34 1014.8  26.6  27.4  23.2 99.0 99.00
2016 08 09 09 50  75  7.2  8.3  1.84  9.09  6.15  65 1015.4  26.7  27.4  23.0 99.0 99.00
2016 08 09 10 50  70  7.5  8.8  1.81 12.12  6.35  23 1015.7  26.8  27.4  22.7 99.0 99.00
2016 08 09 11 50  68  7.6  8.7  1.86 12.12  6.31  37 1016.0  26.9  27.4  22.9 99.0 99.00
2016 08 09 12 50  65  7.1  8.3  1.93 12.12  6.58  18 1016.3  26.9  27.5  23.4 99.0 99.00
2016 08 09 13 50  71  7.5  8.9  1.83  8.33  6.50 101 1016.3  26.9  27.5  23.6 99.0 99.00
2016 08 09 14 50  66  8.4  9.9  1.77 12.12  5.94  43 1016.0  27.1  27.5  23.5 99.0 99.00
2016 08 09 15 50  59  8.1  9.4  1.82 12.12  5.95  25 1015.6  27.1  27.6  23.2 99.0 99.00
2016 08 09 16 50  59  8.2  9.8  1.95 10.00  6.07  47 1015.0  27.1  27.6  22.9 99.0 99.00
2016 08 09 17 50  60  8.5  9.9  1.95 10.00  5.84  57 1014.7  27.1  27.6  22.8 99.0 99.00
2016 08 09 18 50  61  7.8  9.4  1.77 12.12  5.92  10 1014.7  27.2  27.6  22.7 99.0 99.00
2016 08 09 19 50  64  7.0  8.5  1.83  9.09  6.10  94 1015.0  27.1  27.6  23.1 99.0 99.00
2016 08 09 20 50  55  7.3  8.4  1.92  8.33  6.12 113 1015.5  27.0  27.5  22.9 99.0 99.00
2016 08 09 21 50  67  6.6  7.9  1.86  9.09  5.99 101 1015.9  26.9  27.5  23.1 99.0 99.00
2016 08 09 22 50  76  6.7  8.2  1.82 10.00  5.90  59 1016.4  26.9  27.5  22.9 99.0 99.00
2016 08 09 23 50  75  6.7  8.0  1.80  9.09  5.94 107 1016.8  26.9  27.4  22.8 99.0 99.00
2016 08 10 00 50  71  7.5  9.1  1.83  8.33  5.83 113 1017.0  26.9  27.4  22.3 99.0 99.00
2016 08 10 01 50  74  6.6  7.8  1.86  6.25  5.96  87 1016.9  26.7  27.4  22.5 99.0 99.00
2016 08 10 02 50  77  6.5  7.7  1.70  8.33  5.87 117 1016.5  26.6  27.4  22.2 99.0 99.00
2016 08 10 03 50  72  6.1  7.4  1.58  9.09  5.74  89 1015.9  26.5  27.4  22.2 99.0 99.00
2016 08 10 04 50  68  5.4  6.6  1.62  9.09  5.80  49 1015.3  26.4  27.4  22.1 99.0 99.00
2016 08 10 05 50  76  6.1  7.1  1.54 10.00  5.74  61 1014.8  26.4  27.4  22.4 99.0 99.00
2016 08 10 06 50  61  6.8  7.9  1.60  9.09  5.98  77 1014.7  26.5  27.4  22.0 99.0 99.00
2016 08 10 07 50  61  6.7  8.1  1.64  9.09  5.82  77 1015.0  26.5  27.4  22.1 99.0 99.00
2016 08 10 08 50  66  6.5  7.7  1.65 10.00  5.93  37 1015.2  26.6  27.4  21.3 99.0 99.00
2016 08 10 09 50  64  6.3  7.7  1.58 10.00  5.83  26 1015.6  26.6  27.4  21.6 99.0 99.00
2016 08 10 10 50  63  6.4  7.6  1.48 10.81  5.44  31 1016.2  26.6  27.4  21.3 99.0 99.00
2016 08 10 11 50  68  5.7  6.7  1.63  9.09  5.99  76 1016.5  26.6  27.4  21.5 99.0 99.00
2016 08 10 12 50  66  5.3  6.4  1.52  9.09  5.86  83 1016.6  26.7  27.5  21.7 99.0 99.00
2016 08 10 13 50  60  5.3  6.4  1.45  8.33  5.76 110 1016.4  26.8  27.5  21.7 99.0 99.00
2016 08 10 14 50  73  6.0  7.0  1.52  9.09  5.90  90 1015.7  26.7  27.6  21.9 99.0 99.00
2016 08 10 15 50  76  5.9  6.7  1.41  9.09  5.76  68 1015.5  26.7  27.7  21.5 99.0 99.00
2016 08 10 16 50  87  5.5  6.6  1.41  9.09  5.68 113 1015.2  26.8  27.7  21.6 99.0 99.00
2016 08 10 17 50  70  5.3  6.7  1.38 10.00  5.61  55 1014.9  26.8  27.7  22.0 99.0 99.00
2016 08 10 18 50  62  4.9  6.6  1.34  9.09  5.71  84 1014.4  26.7  27.7  22.4 99.0 99.00
2016 08 10 19 50  51  5.8  7.0  1.46  7.69  5.89 124 1014.5  26.8  27.7  21.9 99.0 99.00
2016 08 10 20 50  52  5.6  6.9  1.35  7.69  5.65 117 1014.7  26.8  27.6  22.1 99.0 99.00
2016 08 10 21 50  49  5.4  6.5  1.35  7.69  5.73 131 1015.1  26.8  27.6  22.0 99.0 99.00
2016 08 10 22 50  50  5.4  6.6  1.30  9.09  5.72  75 1015.5  26.8  27.5  22.1 99.0 99.00
2016 08 10 23 50  59  5.6  6.7  1.23  9.09  5.73  76 1016.0  26.8  27.5  22.1 99.0 99.00
2016 08 11 00 50  60  5.9  7.1  1.28  8.33  5.75  72 1016.4  26.7  27.5  22.3 99.0 99.00
2016 08 11 01 50  60  5.6  6.9  1.17  9.09  5.60  64 1016.6  26.7  27.5  21.6 99.0 99.00
2016 08 11 02 50  58  5.8  6.8  1.28  8.33  5.82 102 1015.9  26.6  27.4  21.6 99.0 99.00
2016 08 11 03 50  63  5.2  6.0  1.26  8.33  6.02  92 1015.4  26.5  27.4  21.8 99.0 99.00
2016 08 11 04 50  74  4.5  5.4  1.23  8.33  5.85  93 1015.0  26.4  27.4  21.6 99.0 99.00
2016 08 11 05 50  61  4.7  5.9  1.30  9.09  6.03  65 1014.6  26.3  27.4  21.9 99.0 99.00
2016 08 11 06 50  62  4.2  5.0  1.11  9.09  5.67  76 1014.5  26.2  27.4  21.2 99.0 99.00
2016 08 11 07 50  50  3.7  4.6  1.13  7.69  5.90 114 1014.7  26.2  27.4  21.1 99.0 99.00
2016 08 11 08 50  53  3.7  4.9  1.16  8.33  6.09  81 1015.0  26.3  27.4  21.5 99.0 99.00
2016 08 11 09 50  49  5.0  6.1  1.07  9.09  5.76  55 1015.7  26.4  27.4  21.3 99.0 99.00
2016 08 11 10 50  59  5.5  6.3  1.11  8.33  5.75  98 1015.6  26.5  27.4  21.2 99.0 99.00
2016 08 11 11 50  59  5.5  7.1  1.12  9.09  5.74  53 1015.8  26.6  27.4  21.1 99.0 99.00
2016 08 11 12 50  69  5.5  6.7  1.05  9.09  5.24  71 1015.9  26.6  27.5  21.0 99.0 99.00
2016 08 11 13 50  69  5.2  5.9  1.07  9.09  5.35  62 1015.7  26.6  27.5  21.5 99.0 99.00
2016 08 11 14 50  64  5.6  7.0  1.04  9.09  5.35  83 1015.2  26.7  27.6  21.5 99.0 99.00
2016 08 11 15 50  67  5.5  6.4  1.03  9.09  5.34  68 1014.7  26.7  27.7  21.5 99.0 99.00
2016 08 11 16 50  74  5.0  5.8  1.07  9.09  5.41  49 1014.4  26.7  27.7  21.3 99.0 99.00
2016 08 11 17 50  70  3.7  4.5  1.06  8.33  5.26  52 1014.0  26.8  27.7  20.9 99.0 99.00
2016 08 11 18 50  66  3.8  4.8  1.11  9.09  5.50  82 1013.5  26.9  27.8  21.0 99.0 99.00
2016 08 11 19 50  59  4.4  5.0  1.02  8.33  5.47  86 1013.4  27.0  27.8  20.5 99.0 99.00
2016 08 11 20 50  54  3.9  4.8  0.98  9.09  5.54  61 1013.7  26.9  27.7  21.3 99.0 99.00
2016 08 11 21 50  54  4.8  6.1  1.02  9.09  5.61  83 1013.9  26.8  27.6  21.5 99.0 99.00
2016 08 11 22 50  59  5.1  6.4  0.98  8.33  5.55  93 1014.3  26.8  27.6  21.8 99.0 99.00
2016 08 11 23 50  63  5.5  6.2  0.91  9.09  5.81  69 1014.8  26.9  27.6  21.6 99.0 99.00
2016 08 12 00 50  64  5.5  6.4  0.86  9.09  5.16  91 1015.4  27.0  27.6  21.8 99.0 99.00
2016 08 12 01 50  61  5.3  7.0  0.88  8.33  5.39  78 1015.6  27.0  27.6  22.0 99.0 99.00
2016 08 12 02 50  64  5.9  7.1  0.90  8.33  5.05  81 1015.1  26.8  27.5  22.2 99.0 99.00
2016 08 12 03 50  65  5.9  6.8  0.94  7.69  5.15  92 1014.6  26.8  27.5  22.2 99.0 99.00
2016 08 12 04 50  60  5.8  6.9  0.92 10.00  5.07  20 1014.2  26.6  27.5  22.4 99.0 99.00
2016 08 12 05 50  55  5.3  6.4  0.94  7.69  5.08 110 1014.0  26.6  27.4  22.6 99.0 99.00
2016 08 12 06 50  55  4.0  4.8  0.91  9.09  5.20 119 1013.7  26.6  27.4  22.9 99.0 99.00
2016 08 12 07 50  68  5.5  7.4  0.92  7.69  5.05  67 1013.9  26.5  27.4  22.8 99.0 99.00
2016 08 12 08 50  70  6.5  7.4  0.91  8.33  4.99  87 1014.3  26.7  27.4  22.5 99.0 99.00
2016 08 12 09 50  64  6.8  8.0  0.98  8.33  4.71  97 1014.7  26.8  27.4  22.1 99.0 99.00
2016 08 12 10 50  60  6.4  7.7  0.99  8.33  4.82 101 1015.1  26.9  27.4  22.3 99.0 99.00
2016 08 12 11 50  60  6.2  7.2  0.99 10.00  4.84  48 1015.3  26.9  27.4  22.6 99.0 99.00
2016 08 12 12 50  52  6.3  7.3  0.96 10.00  4.50  49 1015.3  26.9  27.5  22.2 99.0 99.00
2016 08 12 13 50  59  6.2  7.3  0.95  8.33  4.81  94 1015.5  27.0  27.6  22.4 99.0 99.00
2016 08 12 14 50  54  5.6  6.4  1.04  9.09  4.79  49 1015.2  27.1  27.6  22.1 99.0 99.00
2016 08 12 15 50  61  6.4  7.4  1.04  9.09  4.74  60 1014.9  27.2  27.7  22.4 99.0 99.00
2016 08 12 16 50  64  5.9  6.8  1.09  7.69  4.76  92 1014.1  27.1  27.7  22.5 99.0 99.00
2016 08 12 17 50  64  5.9  7.1  1.08  9.09  4.63  58 1013.7  27.1  27.7  22.9 99.0 99.00
2016 08 12 18 50  64  5.4  6.2  1.08  9.09  4.67  50 1013.7  27.1  27.7  22.7 99.0 99.00
2016 08 12 19 50  69  5.9  6.9  1.02  4.76  4.88  83 1013.7  27.2  27.7  22.9 99.0 99.00
2016 08 12 20 50  62  6.1  6.9  1.09  9.09  4.99  91 1013.8  27.1  27.7  22.9 99.0 99.00
2016 08 12 21 50  65  6.8  8.3  1.04  4.76  4.87  75 1014.2  27.1  27.6  23.0 99.0 99.00
2016 08 12 22 50  69  6.9  7.9  1.04 10.00  4.57  88 1014.6  26.9  27.6  22.8 99.0 99.00
2016 08 12 23 50  65  7.3  8.2  1.10  9.09  4.70  66 1015.2  26.9  27.5  22.9 99.0 99.00
2016 08 13 00 50  60  7.4  8.8  1.10  9.09  4.78  76 1015.4  26.9  27.5  23.0 99.0 99.00
2016 08 13 01 50  60  7.5  8.7  1.11  8.33  4.78  40 1015.2  26.9  27.5  22.5 99.0 99.00
2016 08 13 02 50  61  7.4  8.3  1.10  5.26  4.68  61 1015.0  26.8  27.4  22.3 99.0 99.00
2016 08 13 04 50  60  7.9  9.3  1.27  7.69  4.77  70 1013.9  26.7  27.4  22.5 99.0 99.00
2016 08 13 05 50  61  7.7  9.3  1.25  8.33  4.80  72 1013.7  26.7  27.4  22.5 99.0 99.00
2016 08 13 06 50  63  7.1  8.0  1.26  7.69  4.67  54 1013.7  26.6  27.4  22.3 99.0 99.00
2016 08 13 07 50  66  7.1  8.6  1.34  8.33  4.89  60 1013.9  26.7  27.3  22.6 99.0 99.00
2016 08 13 08 50  60  7.7  8.9  1.30  5.56  4.91  57 1014.2  26.8  27.3  21.9 99.0 99.00
2016 08 13 09 50  54  7.2  8.5  1.36  5.26  4.99  65 1014.8  26.8  27.3  22.2 99.0 99.00
2016 08 13 10 50  52  7.5  8.7  1.34  5.26  4.99  62 1015.0  26.8  27.3  22.1 99.0 99.00
2016 08 13 11 50  53  7.0  8.1  1.31  5.88  5.19  59 1015.3  26.9  27.4  22.3 99.0 99.00
2016 08 13 12 50  53  6.8  8.1  1.41  7.69  5.33  41 1015.8  27.0  27.4  22.6 99.0 99.00
2016 08 13 13 50  57  6.4  8.0  1.42  5.88  5.12  67 1015.8  27.1  27.4  22.1 99.0 99.00
2016 08 13 14 50  55  6.5  7.6  1.46  7.69  5.25  58 1015.3  27.1  27.5  21.9 99.0 99.00
2016 08 13 15 50  56  5.7  6.7  1.36  5.56  5.17  76 1014.6  27.1  27.6  22.1 99.0 99.00
2016 08 13 16 50  62  5.4  6.6  1.45  7.69  5.30  48 1014.1  27.2  27.6  22.4 99.0 99.00
2016 08 13 17 50  60  5.6  7.0  1.39  5.26  5.25  62 1013.8  27.3  27.6  22.0 99.0 99.00
2016 08 13 18 50  59  6.1  7.7  1.44  8.33  5.31  75 1013.5  27.3  27.6  22.0 99.0 99.00
2016 08 13 19 50  56  5.4  6.8  1.40  8.33  5.32  72 1013.7  27.4  27.5  21.6 99.0 99.00
2016 08 13 20 50  48  5.1  6.4  1.38 10.00  5.45  62 1014.0  27.3  27.5  22.0 99.0 99.00
2016 08 13 21 50  62  4.4  5.2  1.30  9.09  5.50  64 1014.4  27.2  27.5  22.0 99.0 99.00
2016 08 13 22 50  68  3.8  4.5  1.26 10.00  5.55  68 1015.0  27.3  27.5  22.1 99.0 99.00
2016 08 13 23 50  77  5.0  5.9  1.28 10.00  5.86  79 1015.5  27.2  27.5  22.2 99.0 99.00
2016 08 14 00 50  70  4.7  5.4  1.28 10.00  5.96  66 1015.8  27.1  27.4  22.2 99.0 99.00
2016 08 14 01 50  73  4.8  5.5  1.16  8.33  5.58  75 1015.7  27.0  27.4  22.6 99.0 99.00
2016 08 14 02 50  74  5.3  6.4  1.15  7.69  5.71  70 1015.0  26.9  27.4  22.8 99.0 99.00
2016 08 14 03 50  67  6.4  7.4  1.26 10.00  5.79  59 1014.4  26.8  27.4  22.4 99.0 99.00
2016 08 14 04 50  53  6.0  7.6  1.31  9.09  5.49  56 1013.7  26.8  27.4  22.6 99.0 99.00
2016 08 14 05 50  58  8.2  9.5  1.40  9.09  5.37  55 1013.0  26.8  27.3  23.0 99.0 99.00
2016 08 14 06 50  68  7.9  9.7  1.44  9.09  5.05  56 1013.0  26.8  27.3  22.6 99.0 99.00
2016 08 14 07 50  62  7.7  9.1  1.45 10.00  5.23  60 1013.1  26.7  27.3  22.3 99.0 99.00
2016 08 14 08 50  57  7.6  8.9  1.57  9.09  5.35  74 1013.4  26.8  27.3  21.7 99.0 99.00
2016 08 14 09 50  57  6.9  8.5  1.47  9.09  5.30  60 1014.0  26.8  27.3  21.7 99.0 99.00
2016 08 14 10 50  50  8.4 10.2  1.53 10.81  5.27  60 1014.2  26.9  27.3  21.6 99.0 99.00
2016 08 14 11 50  47  7.5  8.8  1.53 10.00  5.33  43 1014.5  27.0  27.3  21.9 99.0 99.00
2016 08 14 12 50  49  7.9  9.5  1.49 10.00  5.14  49 1014.9  27.1  27.3  21.7 99.0 99.00
2016 08 14 13 50  47  7.3  8.9  1.54 10.00  5.22  67 1014.8  27.1  27.4  21.7 99.0 99.00
2016 08 14 14 50  52  7.5  8.8  1.61 10.00  5.42  58 1014.7  27.1  27.4  21.8 99.0 99.00
2016 08 14 15 50  59  7.3  9.0  1.53 10.00  5.45  53 1014.2  27.1  27.4  21.6 99.0 99.00
2016 08 14 16 50  49  6.8  7.6  1.67 10.00  5.50  62 1013.8  27.1  27.5  21.7 99.0 99.00
2016 08 14 17 50  58  5.6  7.0  1.56 10.00  5.55  51 1013.6  27.1  27.5  22.0 99.0 99.00
2016 08 14 18 50  58  5.9  7.0  1.55 10.00  5.74  48 1013.5  27.2  27.5  21.7 99.0 99.00
2016 08 14 19 50  63  6.4  7.7  1.55 10.81  5.49  59 1013.5  27.2  27.5  21.7 99.0 99.00
2016 08 14 20 50  63  6.2  7.5  1.54  9.09  5.61  63 1013.9  27.1  27.4  21.7 99.0 99.00
2016 08 14 21 50  66  6.3  7.2  1.50 10.00  5.65  44 1014.2  27.0  27.4  21.9 99.0 99.00
2016 08 14 22 50  65  5.8  7.6  1.50  8.33  5.56  82 1015.0  26.9  27.4  22.4 99.0 99.00
2016 08 14 23 50  66  6.1  7.1  1.52 10.00  5.67  56 1015.3  27.0  27.3  22.3 99.0 99.00
2016 08 15 00 50  61  6.2  7.4  1.58  9.09  5.85  67 1015.5  26.9  27.3  22.4 99.0 99.00
2016 08 15 01 50  69  5.8  7.1  1.55 10.00  6.07  61 1015.5  26.9  27.3  22.6 99.0 99.00
2016 08 15 02 50  65  6.4  7.8  1.58 10.00  6.18  62 1014.9  26.8  27.3  23.3 99.0 99.00
2016 08 15 03 50  68  6.3  7.6  1.42 10.81  5.73  39 1014.0  26.8  27.3  22.9 99.0 99.00
2016 08 15 04 50  64  5.8  6.9  1.58 10.00  5.96  53 1013.6  26.8  27.3  23.3 99.0 99.00
2016 08 15 05 50  65  5.7  6.9  1.52 10.00  5.84  65 1013.1  26.8  27.3  23.5 99.0 99.00
2016 08 15 06 50  55  5.6  6.8  1.46 10.81  5.90  58 1013.0  26.5  27.3  23.8 99.0 99.00
2016 08 15 07 50  63  6.2  7.5  1.59 10.00  5.83  51 1013.0  27.0  27.3  23.0 99.0 99.00
2016 08 15 08 50  68  5.4  6.5  1.58 10.00  6.16  52 1013.3  27.0  27.3  23.4 99.0 99.00
2016 08 15 09 50  67  5.5  6.7  1.54 10.00  5.78  57 1013.8  26.7  27.3  23.4 99.0 99.00
2016 08 15 10 50  78  4.9  6.3  1.42 10.00  5.80  61 1014.5  27.0  27.3  23.9 99.0 99.00
2016 08 15 11 50  81  5.3  6.1  1.52 10.00  6.18  61 1014.7  27.1  27.3  23.6 99.0 99.00
2016 08 15 12 50  74  5.6  6.6  1.46 10.81  6.00  62 1014.9  27.2  27.4  23.6 99.0 99.00
2016 08 15 13 50  76  4.7  5.9  1.38 10.00  6.28  66 1014.9  27.2  27.5  23.8 99.0 99.00
2016 08 15 14 50  69  4.5  5.5  1.48 10.00  6.00  51 1014.6  27.4  27.6  24.4 99.0 99.00
2016 08 15 15 50  65  5.8  6.8  1.51 10.00  6.04  49 1013.9  27.3  27.6  24.0 99.0 99.00
2016 08 15 16 50  73  5.4  6.4  1.46 10.00  6.05  59 1013.4  27.2  27.6  24.5 99.0 99.00
2016 08 15 17 50  68  6.0  7.3  1.45 10.00  6.02  49 1013.1  27.0  27.7  23.5 99.0 99.00
2016 08 15 18 50  70  5.5  6.4  1.39 10.81  5.82  55 1013.0  27.2  27.6  24.5 99.0 99.00
2016 08 15 19 50  61  5.5  6.8  1.42 10.00  5.94  66 1012.9  27.2  27.6  24.4 99.0 99.00
2016 08 15 20 50  79  6.5  7.5  1.54 11.43  5.92  47 1013.4  27.4  27.6  24.3 99.0 99.00
2016 08 15 21 50  76  6.6  8.1  1.48 10.00  5.72  66 1014.1  27.3  27.5  24.3 99.0 99.00
2016 08 15 22 50  74  6.9  8.3  1.54 10.00  5.85  57 1014.6  27.3  27.5  24.3 99.0 99.00
2016 08 15 23 50  72  7.7  9.1  1.50 11.43  5.64  59 1015.2  27.3  27.5  24.3 99.0 99.00
2016 08 16 00 50  73  7.5  8.7  1.39 10.00  5.63  65 1015.8  27.3  27.4  24.3 99.0 99.00
2016 08 16 01 50  69  7.4  9.0  1.47 10.00  5.67  48 1015.9  27.2  27.4  24.5 99.0 99.00
2016 08 16 02 50  71  6.8  7.8  1.46  9.09  5.60  68 1015.4  27.2  27.4  24.1 99.0 99.00
2016 08 16 04 50  67  6.6  7.7  1.49  9.09  5.64  64 1013.9  27.2  27.4  24.2 99.0 99.00
2016 08 16 05 50  65  7.4  8.7  1.44 10.81  5.61  54 1013.5  27.2  27.4  24.5 99.0 99.00
2016 08 16 06 50  71  7.6  8.8  1.42  8.33  5.33  82 1013.1  27.1  27.3  24.4 99.0 99.00
2016 08 16 07 50  69  7.4  8.4  1.46 11.43  5.35  50 1013.2  27.1  27.3  24.2 99.0 99.00
2016 08 16 08 50  71  8.2  9.3  1.63 10.81  5.48  69 1013.5  27.0  27.4  23.8 99.0 99.00
2016 08 16 09 50  70  8.0  9.2  1.55  5.88  5.28  46 1014.0  27.1  27.3  23.7 99.0 99.00
2016 08 16 10 50  70  7.6  8.7  1.56  5.88  5.45  46 1014.7  27.1  27.3  23.8 99.0 99.00
2016 08 16 11 50  66  7.3  8.6  1.60 10.00  5.47  65 1015.2  27.2  27.4  24.2 99.0 99.00
2016 08 16 12 50  73  7.8  9.1  1.64  5.88  5.42  58 1015.2  27.3  27.4  24.0 99.0 99.00
2016 08 16 13 50  68  8.1  9.8  1.62  7.14  5.59  59 1015.2  27.4  27.4  24.2 99.0 99.00
2016 08 16 15 50  65  8.3  9.8  1.71  7.14  5.42  68 1014.2  27.5  27.5  24.3 99.0 99.00
2016 08 16 16 50  61  7.5  8.7  1.57  8.33  5.31  75 1013.7  27.5  27.5  24.3 99.0 99.00
2016 08 16 17 50  61  7.1  8.5  1.64 10.00  5.45  51 1013.2  27.6  27.6  24.3 99.0 99.00
2016 08 16 18 50  57  7.4  8.6  1.69  7.14  5.59  55 1012.8  27.5  27.6  24.3 99.0 99.00
2016 08 16 19 50  59  6.7  7.8  1.65  7.14  5.51  62 1013.0  27.5  27.6  24.3 99.0 99.00
2016 08 16 20 50  61  7.5  8.9  1.73  7.69  5.69  78 1013.4  27.4  27.5  24.2 99.0 99.00
2016 08 16 21 50  56  7.7  9.3  1.68  6.25  5.65  69 1014.2  27.3  27.5  24.0 99.0 99.00
2016 08 16 22 50  59  8.8 10.2  1.79  6.67  5.54  52 1014.5  27.3  27.5  23.4 99.0 99.00
2016 08 16 23 50  56  8.9 10.8  1.77  7.14  5.50  56 1015.2  27.2  27.4  23.1 99.0 99.00
2016 08 17 00 50  66  7.6  9.1  1.85  6.67  5.61  55 1016.1  27.3  27.4  23.1 99.0 99.00
2016 08 17 01 50  67  6.9  8.3  1.72  7.69  5.62  75 1016.0  27.2  27.4  23.2 99.0 99.00
2016 08 17 02 50  55  6.5  7.7  1.80  7.69  5.86  73 1015.3  27.2  27.4  23.0 99.0 99.00
2016 08 17 03 50  48  6.9  8.2  1.73  6.67  5.74  51 1014.4  27.1  27.4  22.8 99.0 99.00
2016 08 17 04 50  47  7.6  9.0  1.71  7.69  5.61  62 1013.7  27.0  27.4  22.9 99.0 99.00
2016 08 17 05 50  54  8.0  9.4  1.81  7.14  5.90  63 1013.1  27.1  27.4  22.3 99.0 99.00
2016 08 17 06 50  56  7.8  9.0  1.84  7.69  5.85  65 1012.9  27.0  27.3  22.2 99.0 99.00
2016 08 17 07 50  48  9.9 11.7  2.00  7.69  5.94  53 1012.7  27.0  27.3  22.0 99.0 99.00
2016 08 17 08 50  54  9.4 10.8  2.05  7.14  5.66  69 1012.8  26.9  27.3  22.0 99.0 99.00
2016 08 17 09 50  54  9.4 11.7  2.05  7.69  5.68  56 1013.0  27.0  27.3  21.9 99.0 99.00
2016 08 17 10 50  57  8.3  9.5  2.01  7.14  5.66  60 1014.0  27.1  27.4  21.7 99.0 99.00
2016 08 17 11 50  56  9.1 11.2  2.25  7.69  6.02  65 1014.5  27.2  27.4  21.9 99.0 99.00
2016 08 17 12 50  56  9.0 10.5  2.09  7.14  5.69  68 1014.9  27.3  27.4  22.2 99.0 99.00
2016 08 17 13 50  58  9.4 10.9  2.04  8.33  5.77  56 1015.0  27.3  27.4  22.2 99.0 99.00
2016 08 17 14 50  62  9.0 10.3  2.26  8.33  5.92  63 1014.5  27.4  27.4  22.3 99.0 99.00
2016 08 17 15 50  63  9.1 11.2  2.17  8.33  5.88  65 1014.0  27.4  27.5  22.3 99.0 99.00
2016 08 17 16 50  60  8.5 10.0  2.25  7.69  5.94  65 1013.4  27.4  27.5  22.2 99.0 99.00
2016 08 17 17 50  62  8.5 10.4  2.17  7.69  5.98  65 1012.8  27.4  27.5  22.3 99.0 99.00
2016 08 17 18 50  59  8.2  9.6  2.27  7.69  5.95  64 1012.5  27.4  27.5  22.7 99.0 99.00
2016 08 17 19 50  61  8.5 10.1  2.23  7.14  5.83  64 1012.5  27.3  27.4  22.5 99.0 99.00
2016 08 17 20 50  60  8.0  9.9  2.13  7.69  5.83  71 1013.0  27.3  27.4  22.8 99.0 99.00
2016 08 17 21 50  64  8.5 10.2  2.19  8.33  5.93  56 1013.3  27.3  27.4  22.4 99.0 99.00
2016 08 17 22 50  62  8.1  9.7  2.27  8.33  6.23  59 1013.6  27.2  27.4  23.0 99.0 99.00
2016 08 17 23 50  68  8.1  9.9  2.03  8.33  5.75  58 1014.6  27.2  27.4  22.5 99.0 99.00
2016 08 18 00 50  67  7.3  8.6  2.24  9.09  5.97  68 1015.2  27.2  27.4  22.9 99.0 99.00
2016 08 18 01 50  70  7.7  9.4  2.06  8.33  6.02  66 1015.3  27.1  27.4  22.7 99.0 99.00
2016 08 18 02 50  74  6.6  8.2  2.08  8.33  6.17  70 1015.0  27.1  27.4  22.5 99.0 99.00
2016 08 18 03 50  72  6.3  7.7  2.03  8.33  6.08  65 1014.5  27.0  27.3  22.4 99.0 99.00
2016 08 18 04 50  70  5.7  6.7  2.15  9.09  6.23  63 1013.9  26.8  27.3  22.8 99.0 99.00
2016 08 18 05 50  68  5.6  6.7  1.98  8.33  6.31  60 1013.5  26.7  27.3  22.8 99.0 99.00
2016 08 18 06 50  75  5.3  6.2  1.97  8.33  6.18  66 1013.2  26.7  27.3  22.7 99.0 99.00
2016 08 18 07 50  68  5.2  6.1  1.95  9.09  6.27  70 1013.2  26.8  27.3  22.8 99.0 99.00
2016 08 18 08 50  76  5.0  6.3  1.94  8.33  6.38  60 1013.5  26.8  27.3  22.8 99.0 99.00
2016 08 18 09 50  72  5.1  6.2  1.86  9.09  6.37  68 1013.9  26.8  27.3  22.6 99.0 99.00
2016 08 18 10 50  60  4.8  5.9  1.78  7.69  5.93  59 1014.7  26.8  27.4  22.9 99.0 99.00
2016 08 18 11 50  58  4.8  6.2  1.87  8.33  6.15  65 1015.0  26.9  27.4  22.7 99.0 99.00
2016 08 18 12 50  55  4.4  5.4  1.83  9.09  6.22  70 1014.9  27.0  27.4  22.9 99.0 99.00
2016 08 18 13 50  50  4.7  5.6  1.79  9.09  6.45  62 1014.8  27.0  27.5  22.9 99.0 99.00
2016 08 18 14 50  54  3.5  4.3  1.75  9.09  6.41  59 1014.5  27.3  27.6  22.1 99.0 99.00
2016 08 18 15 50  46  3.9  4.8  1.73  9.09  6.43  64 1014.0  27.4  27.8  22.1 99.0 99.00
2016 08 18 16 50  42  4.4  5.7  1.94  9.09  6.85  58 1013.2  27.3  27.9  23.4 99.0 99.00
2016 08 18 17 50  26  4.2  5.1  1.80  9.09  6.71  58 1012.7  27.3  27.8  23.0 99.0 99.00
2016 08 18 18 50  23  5.3  6.4  1.86  9.09  6.63  55 1012.4  27.2  27.9  23.3 99.0 99.00
2016 08 18 19 50  23  4.7  6.1  1.91  9.09  6.69  48 1012.3  27.4  27.8  23.2 99.0 99.00
2016 08 18 20 50  36  5.3  6.3  1.78  9.09  6.39  57 1012.9  27.1  27.7  23.6 99.0 99.00
2016 08 18 21 50  46  4.9  5.9  1.73  8.33  6.42  61 1013.7  26.8  27.7  23.6 99.0 99.00
2016 08 18 22 50  41  4.4  5.4  1.85  9.09  6.79  65 1014.1  26.9  27.6  23.2 99.0 99.00
2016 08 18 23 50  42  4.4  5.1  1.75  9.09  6.53  67 1014.4  26.9  27.6  23.4 99.0 99.00
2016 08 19 00 50  43  3.1  3.7  1.76  8.33  6.50  61 1014.8  26.9  27.5  23.0 99.0 99.00
2016 08 19 01 50  45  3.4  4.4  1.73  9.09  6.35  76 1014.6  26.9  27.5  23.0 99.0 99.00
2016 08 19 02 50  46  2.8  3.4  1.65 10.00  6.70  76 1014.3  26.9  27.5  23.4 99.0 99.00
2016 08 19 04 50  20  3.8  4.6  1.67  8.33  6.83  59 1013.1  26.7  27.5  23.2 99.0 99.00
2016 08 19 05 50  24  3.8  4.6  2.00  9.09  7.36  58 1012.3  26.7  27.5  23.0 99.0 99.00
2016 08 19 06 50  20  2.3  2.8  1.83  8.33  7.03  62 1012.2  26.6  27.5  22.9 99.0 99.00
2016 08 19 07 50  10  2.5  3.4  1.63  9.09  6.73  64 1011.9  26.7  27.4  23.0 99.0 99.00
2016 08 19 08 50   7  2.9  4.1  1.59  9.09  6.74  64 1012.1  26.7  27.4  23.1 99.0 99.00
2016 08 19 09 50 357  2.2  2.7  1.68  9.09  6.67  63 1012.3  26.7  27.4  22.8 99.0 99.00
2016 08 19 10 50 355  3.0  3.6  1.59  9.09  6.54  73 1012.8  26.9  27.5  23.0 99.0 99.00
2016 08 19 11 50 345  4.0  4.8  1.71  9.09  6.64  57 1013.1  27.1  27.5  22.9 99.0 99.00
2016 08 19 12 50 347  4.8  5.8  1.61  8.33  6.62  60 1013.2  27.1  27.6  23.4 99.0 99.00
2016 08 19 13 50   2  5.0  6.2  1.65  9.09  6.78  50 1013.1  27.2  27.6  23.5 99.0 99.00
2016 08 19 15 50 344  3.8  4.7  1.59  9.09  6.63  55 1012.2  27.2  27.8  23.2 99.0 99.00
2016 08 19 16 50 348  2.9  3.5  1.57  9.09  6.63  56 1011.9  27.3  28.0  23.4 99.0 99.00
2016 08 19 17 50 354  2.3  3.0  1.50  9.09  6.40  56 1011.5  27.4  28.2  22.9 99.0 99.00
2016 08 19 18 50 355  2.3  2.9  1.65  9.09  6.92  52 1011.1  27.4  28.3  22.8 99.0 99.00
2016 08 19 19 50 359  2.3  3.1  1.57  9.09  6.82  54 1011.0  27.4  28.2  22.6 99.0 99.00
2016 08 19 20 50 351  1.1  1.8  1.63  8.33  7.03  60 1011.3  27.4  28.1  22.7 99.0 99.00
2016 08 19 21 50  17  1.2  1.8  1.58  9.09  7.22  57 1011.8  27.2  28.0  22.8 99.0 99.00
2016 08 19 22 50   5  1.6  2.5  1.83  9.09  7.34  53 1012.3  27.2  27.9  23.0 99.0 99.00
2016 08 19 23 50 330  1.9  2.6  1.63  9.09  6.94  64 1012.9  27.1  27.9  23.0 99.0 99.00
2016 08 20 00 50 348  1.9  2.6  1.55  8.33  6.94  61 1013.3  27.1  27.8  22.9 99.0 99.00
2016 08 20 01 50 276  0.8  1.4  1.57  9.09  7.03  65 1013.3  27.0  27.8  23.0 99.0 99.00
2016 08 20 02 50 235  1.7  2.5  1.49  8.33  6.74  57 1013.0  26.9  27.8  23.0 99.0 99.00
2016 08 20 03 50 204  1.6  2.3  1.63  9.09  7.40  43 1012.5  26.8  27.7  22.9 99.0 99.00
2016 08 20 04 50 234  1.5  2.4  1.55  9.09  7.23  79 1012.0  26.6  27.7  22.8 99.0 99.00
2016 08 20 05 50 260  1.1  1.7  1.49  8.33  7.07  71 1011.4  26.6  27.7  22.8 99.0 99.00
2016 08 20 06 50 196  0.7  1.4  1.50  9.09  7.10  66 1011.2  26.4  27.7  22.7 99.0 99.00
2016 08 20 07 50 293  1.2  1.9  1.68  8.33  7.37  66 1011.3  26.4  27.6  22.8 99.0 99.00
2016 08 20 08 50 243  1.3  2.3  1.52  7.69  7.30  88 1011.5  26.3  27.6  22.8 99.0 99.00
2016 08 20 09 50 321  1.0  1.5  1.59  8.33  7.40  71 1011.9  26.4  27.6  22.8 99.0 99.00
2016 08 20 10 50  20  1.7  2.7  1.63  8.33  7.35  72 1012.4  26.6  27.6  22.9 99.0 99.00
2016 08 20 11 50 334  1.0  1.6  1.50  8.33  7.14  55 1012.8  26.6  27.8  23.0 99.0 99.00
2016 08 20 12 50  34  0.6  1.4  1.46  8.33  7.13  79 1013.0  26.9  27.9  23.1 99.0 99.00
2016 08 20 13 50 104  0.5  1.1  1.52  8.33  7.00  61 1012.8  27.2  28.5  23.1 99.0 99.00
2016 08 20 14 50  79  1.4  2.5  1.44  8.33  7.05  80 1012.9  27.1  29.1  23.2 99.0 99.00
2016 08 20 15 50  60  2.2  3.2  1.51  7.69  7.22  76 1012.5  27.2  29.2  23.3 99.0 99.00
2016 08 20 16 50  42  2.1  3.1  1.51  9.09  7.35  63 1011.9  27.3  29.2  23.3 99.0 99.00
2016 08 20 17 50  43  2.8  3.8  1.49  8.33  7.27  71 1011.6  27.5  29.2  23.3 99.0 99.00
2016 08 20 18 50  36  2.8  3.8  1.39  7.69  7.23  74 1011.6  27.7  29.1  23.5 99.0 99.00
2016 08 20 19 50  41  4.3  5.5  1.49  8.33  7.38  87 1011.5  27.6  28.9  23.6 99.0 99.00
2016 08 20 20 50  43  3.7  4.4  1.30  7.69  6.93  65 1011.9  27.7  28.6  23.5 99.0 99.00
2016 08 20 21 50  45  4.3  5.1  1.48  7.69  7.09  75 1012.4  27.6  28.4  23.7 99.0 99.00
2016 08 20 22 50  56  3.3  4.0  1.37  7.14  7.05  77 1012.7  27.5  28.2  24.1 99.0 99.00
2016 08 20 23 50  48  5.1  6.2  1.27  7.14  6.75  83 1013.5  27.7  28.1  24.1 99.0 99.00
2016 08 21 00 50  49  4.5  5.5  1.35  8.33  6.83  97 1014.0  27.6  28.0  24.2 99.0 99.00
2016 08 21 01 50  69  4.9  5.5  1.30  8.33  6.83  86 1013.8  27.7  28.0  24.2 99.0 99.00
2016 08 21 02 50  70  6.2  7.4  1.48  7.69  6.83  79 1013.5  26.6  27.9  24.6 99.0 99.00
2016 08 21 03 50  80  5.2  6.3  1.37  8.33  6.51  87 1012.9  26.8  27.9  24.3 99.0 99.00
2016 08 21 04 50  64  4.6  6.6  1.33  7.14  6.46  94 1012.4  27.4  27.8  22.7 99.0 99.00
2016 08 21 05 50  72  5.4  6.3  1.27  7.14  6.31  89 1011.8  27.2  27.8  24.1 99.0 99.00
2016 08 21 06 50  82  5.3  6.3  1.32  7.69  6.21 113 1011.7  27.0  27.8  24.4 99.0 99.00
2016 08 21 07 50  53  5.5  6.6  1.33  7.69  6.02  95 1011.8  27.2  27.8  24.3 99.0 99.00
2016 08 21 08 50  59  5.5  6.2  1.29  8.33  5.88 122 1011.9  27.2  27.7  24.1 99.0 99.00
2016 08 21 09 50  59  6.5  7.9  1.32  7.69  5.86  98 1012.2  27.3  27.7  24.1 99.0 99.00
2016 08 21 10 50  56  6.3  7.4  1.34  8.33  5.74 105 1012.3  27.4  27.7  24.1 99.0 99.00
2016 08 21 11 50  52  4.9  5.9  1.34  7.69  5.60 106 1012.8  26.8  27.7  24.2 99.0 99.00
2016 08 21 12 50  59  6.4  9.3  1.42  7.69  5.77 106 1013.2  26.1  27.8  23.9 99.0 99.00
2016 08 21 13 50  60  6.9  8.4  1.40  7.69  5.61  88 1013.0  27.5  27.8  24.7 99.0 99.00
2016 08 21 14 50  59  7.2  8.3  1.62  8.33  5.70  90 1012.8  27.1  27.8  24.3 99.0 99.00
2016 08 21 15 50  62  6.0  7.2  1.52  7.69  5.33 106 1012.3  27.5  27.9  24.6 99.0 99.00
2016 08 21 16 50  71  5.9  7.0  1.58  7.69  5.56  93 1011.6  26.1  27.8  24.2 99.0 99.00
2016 08 21 17 50  67  5.0  6.0  1.69  6.67  5.70  71 1011.3  26.9  27.8  24.9 99.0 99.00
2016 08 21 18 50  61  4.4  5.2  1.67  6.67  5.95  58 1011.2  27.2  27.9  25.0 99.0 99.00
2016 08 21 19 50  68  3.3  4.2  1.64  7.14  5.75  74 1011.2  27.5  27.9  25.1 99.0 99.00
2016 08 21 20 50  78  2.6  4.2  1.65  6.67  5.82  74 1011.6  25.8  27.9  24.6 99.0 99.00
2016 08 21 21 50 144  5.2  6.8  1.70  7.14  5.78  62 1011.6  25.8  27.8  24.8 99.0 99.00
2016 08 21 22 50  70  1.9  3.1  1.76  7.69  6.01  64 1012.4  25.1  27.6  24.2 99.0 99.00
2016 08 21 23 50 118  0.9  1.5  1.72  6.67  6.17  65 1012.8  26.0  27.6  24.8 99.0 99.00
2016 08 22 00 50 122  2.2  2.7  1.68  7.14  6.20  72 1013.7  26.7  27.7  25.1 99.0 99.00
2016 08 22 01 50 165  3.5  5.0  1.68  7.69  6.20  81 1013.8  26.9  27.8  25.2 99.0 99.00
2016 08 22 02 50 169  4.7  5.5  1.77  7.69  6.20  72 1013.6  27.1  27.8  25.1 99.0 99.00
2016 08 22 04 50 137  5.0  5.8  1.65  7.69  6.40  87 1012.8  27.2  27.7  25.1 99.0 99.00
2016 08 22 05 50 143  6.1  7.2  1.63  7.69  6.64  83 1012.2  27.3  27.8  25.1 99.0 99.00
2016 08 22 06 50 133  5.3  6.1  1.59  7.69  6.22  88 1012.5  27.4  27.7  24.7 99.0 99.00
2016 08 22 07 50 130  5.7  6.9  1.69  8.33  6.48  91 1012.5  27.3  27.7  24.6 99.0 99.00
2016 08 22 08 50 119  6.3  8.3  1.59  8.33  6.21  75 1013.0  27.4  27.7  24.9 99.0 99.00
2016 08 22 09 50 106  5.5  6.7  1.59  8.33  6.29  84 1013.4  27.1  27.7  24.8 99.0 99.00
2016 08 22 10 50 120  6.1  7.1  1.63  8.33  6.39  96 1014.0  27.2  27.7  24.5 99.0 99.00
2016 08 22 11 50  92  5.6  6.4  1.55  8.33  6.18  90 1014.5  27.5  27.8  23.9 99.0 99.00
2016 08 22 12 50  97  5.7  6.7  1.55  8.33  6.38  89 1015.3  27.3  27.8  24.7 99.0 99.00
2016 08 22 13 50  97  5.7  6.5  1.51  8.33  6.12  85 1015.0  27.4  27.8  24.6 99.0 99.00
2016 08 22 15 50  94  6.4  7.5  1.51  7.69  5.78  80 1014.1  27.4  27.8  24.9 99.0 99.00
2016 08 22 16 50  99  6.0  7.0  1.53  7.69  5.89  81 1013.7  27.5  27.9  24.8 99.0 99.00
2016 08 22 17 50  92  5.4  6.6  1.46  8.33  5.91  81 1013.4  27.4  28.0  24.7 99.0 99.00
2016 08 22 18 50  84  6.1  6.9  1.37  8.33  5.81  81 1013.2  27.5  28.0  24.7 99.0 99.00
2016 08 22 19 50  87  6.3  7.3  1.43  8.33  5.83  64 1013.4  27.6  28.0  24.8 99.0 99.00
2016 08 22 20 50  77  5.4  6.8  1.41  8.33  5.57  75 1013.9  27.6  27.9  25.2 99.0 99.00
2016 08 22 21 50  84  5.4  6.4  1.42  7.69  5.67  75 1014.4  27.5  27.9  25.1 99.0 99.00
2016 08 22 22 50  80  6.2  7.7  1.57  7.69  5.96  76 1014.7  27.6  27.9  25.1 99.0 99.00
2016 08 22 23 50  78  5.7  6.6  1.36  7.69  5.57  70 1015.2  27.6  27.8  25.2 99.0 99.00
2016 08 23 00 50  82  6.8  8.0  1.39  7.69  5.55  67 1015.6  27.6  27.8  25.1 99.0 99.00
2016 08 23 01 50  85  6.4  7.6  1.51  7.69  5.79  75 1015.7  27.5  27.8  25.3 99.0 99.00
2016 08 23 02 50  82  6.7  7.5  1.47  7.69  5.48  74 1015.5  27.4  27.8  25.0 99.0 99.00
2016 08 23 03 50  76  7.4  9.0  1.47  7.69  5.46  74 1015.0  27.4  27.8  24.8 99.0 99.00
2016 08 23 04 50  72  7.1  8.1  1.47  7.69  5.34  65 1014.6  27.4  27.8  24.7 99.0 99.00
2016 08 23 05 50  74  7.5  8.8  1.49  7.69  5.40  76 1014.0  27.3  27.8  24.5 99.0 99.00
2016 08 23 06 50  71  7.9  9.4  1.70  7.14  5.70  82 1013.7  27.2  27.7  24.6 99.0 99.00
2016 08 23 07 50  65  7.0  8.8  1.61  7.14  5.31  66 1013.5  27.2  27.7  24.8 99.0 99.00
2016 08 23 08 50  64  7.4  9.2  1.61  7.14  5.42  68 1013.6  27.2  27.7  24.4 99.0 99.00
2016 08 23 09 50  70  7.1  8.6  1.53  7.14  5.26  76 1014.0  27.4  27.7  24.5 99.0 99.00
2016 08 23 10 50  70  7.4  8.6  1.48  7.69  5.23  91 1014.4  27.5  27.7  24.2 99.0 99.00
2016 08 23 11 50  63  7.1  8.7  1.43  6.67  5.17  73 1014.5  27.5  27.8  24.2 99.0 99.00
2016 08 23 12 50  65  7.6  8.8  1.49  7.14  5.20  68 1015.0  27.5  27.8  24.3 99.0 99.00
2016 08 23 13 50  61  8.0  9.2  1.62  7.14  5.29  69 1014.8  27.5  27.9  24.3 99.0 99.00
2016 08 23 14 50  66  8.7  9.8  1.48  6.25  4.94  62 1014.3  27.5  27.9  24.0 99.0 99.00
2016 08 23 15 50  61  8.1  9.7  1.54  7.69  4.94  83 1014.1  27.5  27.9  23.5 99.0 99.00
2016 08 23 16 50  59  7.9  9.4  1.67  6.25  4.92  64 1013.7  27.5  27.9  23.5 99.0 99.00
2016 08 23 17 50  64  7.0  8.4  1.51  7.14  5.12  73 1013.3  27.5  28.0  22.8 99.0 99.00
2016 08 23 18 50  58  6.5  7.6  1.64  6.67  5.41  66 1013.0  27.5  28.0  22.9 99.0 99.00
2016 08 23 19 50  61  6.6  7.8  1.57  6.67  5.25  80 1012.8  27.3  27.9  22.8 99.0 99.00
2016 08 23 20 50  64  6.1  7.3  1.55  7.14  5.38  87 1012.9  27.2  27.9  23.1 99.0 99.00
2016 08 23 21 50  59  7.1  8.3  1.47  7.14  5.16  88 1013.3  27.3  27.9  22.9 99.0 99.00
2016 08 23 22 50  64  7.1  8.4  1.48  7.14  5.11  95 1013.7  27.1  27.8  23.2 99.0 99.00
2016 08 23 23 50  64  6.6  7.8  1.43  6.67  5.08  82 1014.4  27.0  27.8  23.0 99.0 99.00
2016 08 24 00 50  60  5.7  6.7  1.48  6.67  5.27  85 1014.7  27.0  27.8  23.0 99.0 99.00
2016 08 24 01 50  56  5.3  6.3  1.42  7.14  5.46  70 1014.5  27.1  27.8  23.1 99.0 99.00
2016 08 24 02 50  63  5.7  6.5  1.29  7.14  5.31  95 1014.0  27.1  27.8  23.2 99.0 99.00
2016 08 24 03 50  55  5.5  7.1  1.31  7.69  5.36  75 1013.5  27.0  27.7  23.0 99.0 99.00
2016 08 24 04 50  41  5.0  6.3  1.28  6.67  5.30  73 1012.9  26.8  27.7  22.7 99.0 99.00
2016 08 24 05 50  48  4.9  6.4  1.22  6.67  5.30  91 1012.5  26.9  27.7  22.3 99.0 99.00
2016 08 24 06 50  34  4.8  5.7  1.29  7.14  5.58  95 1012.7  26.9  27.7  22.3 99.0 99.00
2016 08 24 07 50  39  6.0  7.1  1.06  7.14  5.22  73 1013.1  26.1  27.7  23.5 99.0 99.00
2016 08 24 08 50  43  6.9  8.1  1.24  7.69  5.10  74 1013.6  25.5  27.7  22.4 99.0 99.00
2016 08 24 09 50 262  1.8  2.5  1.19  7.69  5.16  64 1014.2  24.1  27.7  22.0 99.0 99.00
2016 08 24 11 50  21  4.5  5.2  1.31  7.14  5.95  77 1015.0  26.3  27.7  22.2 99.0 99.00
2016 08 24 12 50  20  4.7  5.6  1.34  7.14  5.81  53 1015.0  26.0  27.8  22.6 99.0 99.00
2016 08 24 13 50  64  2.5  3.2  1.27  7.14  5.78  62 1014.7  26.2  28.0  22.8 99.0 99.00
2016 08 24 14 50  26  2.3  2.9  1.41  7.14  5.98  57 1013.8  26.5  28.3  22.9 99.0 99.00
2016 08 24 15 50  65  0.7  1.5  1.40  7.14  6.12  65 1013.3  26.8  28.6  23.0 99.0 99.00
2016 08 24 16 50  26  1.8  3.0  1.35  7.69  5.85  99 1012.7  26.9  28.7  22.9 99.0 99.00
2016 08 24 17 50  37  4.2  5.1  1.49  7.14  6.20  57 1012.4  27.3  28.6  22.3 99.0 99.00
2016 08 24 18 50  39  3.8  5.2  1.39  7.69  6.05  63 1012.1  27.3  28.5  22.2 99.0 99.00
2016 08 24 19 50  41  2.9  4.4  1.40  7.14  6.05  56 1012.0  27.3  28.4  22.2 99.0 99.00
2016 08 24 20 50  22  1.4  2.2  1.41  7.69  6.22  82 1012.2  27.3  28.3  21.8 99.0 99.00
2016 08 24 21 50 344  0.9  1.7  1.45  7.14  6.15  61 1012.5  27.1  28.2  22.1 99.0 99.00
2016 08 24 22 50 359  1.0  1.7  1.48  7.14  6.18  70 1013.3  27.0  28.2  22.0 99.0 99.00
2016 08 24 23 50 341  0.7  1.5  1.39  7.14  6.08  52 1013.7  26.9  28.1  22.1 99.0 99.00
2016 08 25 00 50 307  0.7  1.3  1.49  7.14  6.20  56 1013.6  26.8  28.0  21.8 99.0 99.00
2016 08 25 01 50 199  1.2  2.0  1.43  7.69  6.19  55 1013.7  26.8  28.0  22.2 99.0 99.00
2016 08 25 02 50 238  1.8  2.4  1.40  7.14  6.08  57 1013.0  26.7  28.0  22.2 99.0 99.00
2016 08 25 04 50 232  2.1  3.1  1.39  7.69  6.34  55 1011.8  26.5  27.9  22.3 99.0 99.00
2016 08 25 05 50 226  2.7  3.5  1.55  7.14  6.75  61 1011.7  26.5  27.9  22.5 99.0 99.00
2016 08 25 06 50 218  4.5  5.9  1.61  7.69  6.97  59 1012.1  26.6  27.8  22.5 99.0 99.00
2016 08 25 07 50 223  4.1  5.2  1.66 12.90  7.32  72 1012.4  26.6  27.8  22.4 99.0 99.00
2016 08 25 08 50 230  4.9  6.1  1.63 11.43  7.29  77 1012.5  26.7  27.8  22.9 99.0 99.00
2016 08 25 09 50 225  5.8  7.0  1.72 10.81  7.51  71 1012.8  26.8  27.8  22.9 99.0 99.00
2016 08 25 10 50 225  4.8  6.3  1.72  8.33  7.20  85 1013.4  26.9  27.8  22.9 99.0 99.00
2016 08 25 11 50 236  4.5  5.5  1.77 10.81  7.45  78 1013.4  26.9  27.8  23.1 99.0 99.00
2016 08 25 12 50 211  5.1  6.4  1.68  9.09  7.22  79 1013.6  27.1  27.9  23.0 99.0 99.00
2016 08 25 13 50 205  5.1  6.3  1.75 10.00  7.41  77 1013.3  27.3  28.0  23.3 99.0 99.00
2016 08 25 15 50 205  5.1  6.2  1.29  8.33  6.45  76 1012.4  27.5  28.1  23.4 99.0 99.00
2016 08 25 16 50 215  3.7  4.5  1.50  8.33  6.95  83 1012.2  27.6  28.2  23.5 99.0 99.00
2016 08 25 17 50 228  3.6  4.7  1.40  9.09  6.68  86 1012.0  27.7  28.2  23.2 99.0 99.00
2016 08 25 18 50 201  3.4  4.1  1.22  9.09  6.50  71 1012.4  27.7  28.3  23.2 99.0 99.00
2016 08 25 19 50 217  3.5  4.5  1.32  9.09  6.97  87 1012.7  27.8  28.3  22.9 99.0 99.00
2016 08 25 20 50 239  3.8  4.7  1.17  9.09  6.81  77 1012.7  27.8  28.2  23.2 99.0 99.00
2016 08 25 21 50 219  2.6  3.3  1.30  9.09  7.33  78 1013.4  27.6  28.2  23.0 99.0 99.00
2016 08 25 22 50 202  2.2  3.0  1.22 10.00  7.21  51 1014.0  27.6  28.1  23.3 99.0 99.00
2016 08 25 23 50 174  2.0  2.6  1.21  9.09  7.00  84 1014.5  27.5  28.0  23.4 99.0 99.00
2016 08 26 00 50 165  2.0  2.7  1.25  9.09  7.31  77 1014.8  27.5  28.0  23.2 99.0 99.00
2016 08 26 01 50 178  3.3  4.0  1.29  9.09  7.37  69 1014.4  27.4  27.9  23.5 99.0 99.00
2016 08 26 02 50 172  1.6  2.3  1.38  9.09  7.54  83 1013.9  27.2  27.9  23.2 99.0 99.00
2016 08 26 03 50 160  1.6  2.1  1.32  9.09  7.29  60 1013.2  27.2  27.9  23.2 99.0 99.00
2016 08 26 04 50 172  2.1  2.8  1.22  9.09  7.18  64 1012.7  27.2  27.9  23.3 99.0 99.00
2016 08 26 05 50 151  2.0  2.5  1.26  9.09  7.26  62 1012.4  27.0  27.9  23.4 99.0 99.00
2016 08 26 06 50 143  3.1  3.8  1.20  9.09  7.08  77 1012.4  27.1  27.9  23.5 99.0 99.00
2016 08 26 07 50 142  2.7  3.3  1.27  8.33  7.19  84 1012.6  27.1  27.9  23.4 99.0 99.00
2016 08 26 08 50 124  2.3  2.7  1.22  9.09  7.50  76 1013.2  27.1  27.8  23.4 99.0 99.00
2016 08 26 09 50 138  2.3  2.7  1.22  8.33  7.53  68 1013.7  27.3  27.8  23.3 99.0 99.00
2016 08 26 10 50 138  2.2  2.8  1.06  9.09  7.38  83 1014.2  27.5  27.9  23.3 99.0 99.00
2016 08 26 11 50 121  1.5  2.0  1.10  8.33  7.29  62 1014.4  27.6  28.1  23.4 99.0 99.00
2016 08 26 12 50 115  1.3  1.9  1.06  8.33  7.20  66 1014.4  27.7  28.4  23.5 99.0 99.00
2016 08 26 13 50 104  1.7  2.5  1.16  8.33  7.51  77 1014.2  27.6  28.8  23.4 99.0 99.00
2016 08 26 14 50  72  2.3  3.3  1.03  8.33  7.26  59 1013.9  27.6  29.1  23.3 99.0 99.00
2016 08 26 15 50  95  1.7  2.3  1.06  9.09  7.36  72 1013.3  27.7  29.4  23.3 99.0 99.00
2016 08 26 16 50  57  1.4  2.6  1.12  8.33  7.36  76 1012.7  27.8  29.7  23.0 99.0 99.00
2016 08 26 17 50  57  1.4  2.1  1.11  8.33  7.27  56 1012.6  27.9  30.3  23.0 99.0 99.00
2016 08 26 18 50  48  2.3  3.1  1.05  8.33  7.20  88 1012.6  28.1  29.9  23.3 99.0 99.00
2016 08 26 19 50  66  2.7  3.7  1.12  8.33  7.51  84 1012.9  28.1  29.4  23.4 99.0 99.00
2016 08 26 20 50  54  2.8  3.4  1.05  8.33  7.28  70 1013.1  28.1  29.0  23.2 99.0 99.00
2016 08 26 21 50  56  4.0  5.0  0.91  7.69  7.17  57 1013.4  28.0  28.8  23.3 99.0 99.00
2016 08 26 22 50  72  4.1  5.1  1.05  7.69  7.35  70 1014.0  27.9  28.5  23.5 99.0 99.00
2016 08 26 23 50  66  4.1  4.7  0.92  7.69  6.86  80 1014.3  27.8  28.4  23.5 99.0 99.00
2016 08 27 00 50  65  4.3  5.3  1.07  7.14  6.81  63 1014.7  27.8  28.2  24.0 99.0 99.00
2016 08 27 01 50  67  4.6  5.6  1.08  7.69  6.54  73 1014.8  27.7  28.1  23.9 99.0 99.00
2016 08 27 02 50  60  4.9  5.7  1.07  7.69  6.29  65 1014.4  27.6  28.1  23.8 99.0 99.00
2016 08 27 03 50  62  4.2  5.1  1.02  7.69  6.33  77 1013.7  27.5  28.0  23.9 99.0 99.00
2016 08 27 04 50  52  5.8  6.8  1.07  7.69  6.25  75 1012.9  27.5  28.0  23.9 99.0 99.00
2016 08 27 05 50  66  7.0  8.1  1.08  7.69  5.77  76 1012.5  27.4  27.9  23.9 99.0 99.00
2016 08 27 06 50  60  6.6  7.7  1.14  6.67  5.17  85 1012.6  27.4  27.9  24.2 99.0 99.00
2016 08 27 07 50  62  6.5  7.7  1.13  6.67  5.10  83 1012.7  27.4  27.9  24.1 99.0 99.00
2016 08 27 08 50  59  6.1  7.6  1.13  7.69  4.91  73 1012.9  27.4  27.9  24.4 99.0 99.00
2016 08 27 09 50  66  7.3  8.3  1.13  9.09  4.86  60 1013.5  27.4  27.9  24.0 99.0 99.00
2016 08 27 10 50  74  6.8  7.7  1.08  7.69  4.77  93 1014.1  27.6  28.0  24.0 99.0 99.00
2016 08 27 11 50  80  7.2  8.3  1.23  7.69  4.97  93 1014.3  27.6  28.0  24.0 99.0 99.00
2016 08 27 12 50  72  7.2  8.4  1.33  6.67  5.02  93 1014.3  27.6  28.0  23.8 99.0 99.00
2016 08 27 13 50  70  8.1  9.4  1.28  6.67  4.96  85 1014.0  27.6  28.0  23.6 99.0 99.00
2016 08 27 14 50  69  7.1  8.0  1.37  6.67  4.93  89 1013.6  27.6  28.0  23.6 99.0 99.00
2016 08 27 15 50  65  6.4  7.4  1.29  7.69  4.84  77 1013.2  27.6  28.1  23.8 99.0 99.00
2016 08 27 16 50  60  6.9  7.9  1.26  7.69  4.94  66 1012.6  27.7  28.2  23.8 99.0 99.00
2016 08 27 17 50  59  7.6  9.0  1.29  7.69  5.07  72 1012.5  27.8  28.2  24.1 99.0 99.00
2016 08 27 18 50  60  7.9  9.3  1.28  7.69  4.80  70 1012.3  27.8  28.1  23.6 99.0 99.00
2016 08 27 19 50  64  6.9  8.3  1.29  6.67  4.84  76 1012.7  27.8  28.1  23.5 99.0 99.00
2016 08 27 20 50  68  7.7  8.7  1.30  5.26  4.82  87 1012.9  27.7  28.1  23.6 99.0 99.00
2016 08 27 21 50  70  7.4  8.6  1.35  7.69  4.89  91 1013.1  27.6  28.0  23.9 99.0 99.00
2016 08 27 22 50  68  7.9  9.3  1.40  8.33  5.06  81 1013.7  27.6  28.0  23.4 99.0 99.00
2016 08 27 23 50  74  7.0  8.3  1.35  8.33  4.98 121 1014.5  27.5  28.0  23.5 99.0 99.00
2016 08 28 00 50  73  8.1  9.5  1.30  5.56  4.84  80 1014.6  27.6  27.9  23.5 99.0 99.00
2016 08 28 01 50  81  6.8  7.7  1.42  5.56  5.05  74 1014.7  27.6  27.9  23.3 99.0 99.00
2016 08 28 02 50  73  6.9  8.3  1.44  5.88  5.14  79 1014.4  27.5  27.9  23.3 99.0 99.00
2016 08 28 04 50  71  6.4  7.9  1.47  5.56  5.25  85 1013.5  27.3  27.9  23.3 99.0 99.00
2016 08 28 05 50  73  6.6  7.5  1.56  6.25  5.30  81 1013.2  27.3  27.8  23.1 99.0 99.00
2016 08 28 06 50  72  7.3  8.7  1.43  6.25  5.17  76 1013.0  27.2  27.8  22.9 99.0 99.00
2016 08 28 07 50  68  7.8  8.9  1.32  6.25  4.92  73 1012.9  27.2  27.8  22.8 99.0 99.00
2016 08 28 09 50  72  7.1  8.2  1.39  6.67  5.22  76 1013.8  27.3  27.8  22.9 99.0 99.00
2016 08 28 10 50  72  7.3  8.4  1.48  6.25  5.21  77 1014.4  27.4  27.8  22.8 99.0 99.00
2016 08 28 11 50  74  7.1  8.3  1.45  6.67  5.35  76 1015.0  27.5  27.9  23.1 99.0 99.00
2016 08 28 12 50  75  6.1  7.2  1.37  7.69  5.27  83 1015.2  27.5  27.9  22.8 99.0 99.00
2016 08 28 13 50  69  5.4  6.4  1.37  6.25  5.29  86 1015.3  27.5  27.9  22.9 99.0 99.00
2016 08 28 15 50  59  6.3  7.5  1.58  7.14  5.61  83 1014.3  27.5  28.1  22.9 99.0 99.00
2016 08 28 16 50  64  6.5  7.7  1.45  7.14  5.49  75 1013.8  27.5  28.1  22.8 99.0 99.00
2016 08 28 17 50  63  6.2  7.1  1.44  7.14  5.45  75 1013.5  27.5  28.1  22.9 99.0 99.00
2016 08 28 18 50  62  6.8  7.9  1.48  7.69  5.44  88 1013.1  27.4  28.1  22.9 99.0 99.00
2016 08 28 19 50  68  6.7  8.0  1.61  7.14  5.52  68 1013.3  27.4  28.1  23.1 99.0 99.00
2016 08 28 20 50  63  7.1  8.3  1.57  8.33  5.51  96 1013.5  27.5  28.0  22.8 99.0 99.00
2016 08 28 21 50  63  7.1  8.3  1.67  7.69  5.58  76 1014.1  27.4  28.0  22.5 99.0 99.00
2016 08 28 22 50  63  7.2  8.5  1.64  7.69  5.63  63 1014.7  27.4  27.9  22.7 99.0 99.00
2016 08 28 23 50  66  6.7  7.8  1.63  8.33  5.62  87 1015.3  27.4  27.9  22.9 99.0 99.00
2016 08 29 00 50  60  7.5  8.4  1.58  7.69  5.64  75 1015.7  27.5  27.9  22.6 99.0 99.00
2016 08 29 01 50  63  7.2  8.3  1.56  7.69  5.58  68 1015.6  27.4  27.9  23.0 99.0 99.00
2016 08 29 02 50  68  6.7  7.6  1.46  8.33  5.45 109 1015.3  27.3  27.9  23.1 99.0 99.00
2016 08 29 03 50  60  6.7  7.8  1.58  7.69  5.71  77 1014.6  27.2  27.9  23.0 99.0 99.00
2016 08 29 04 50  58  6.7  7.8  1.54  7.69  5.57  86 1013.9  27.2  27.9  23.1 99.0 99.00
2016 08 29 05 50  57  6.1  6.9  1.45  7.69  5.29  90 1013.6  27.1  27.9  22.7 99.0 99.00
2016 08 29 06 50  54  7.0  8.3  1.46  8.33  5.48  87 1013.5  27.1  27.9  22.7 99.0 99.00
2016 08 29 07 50  52  6.4  7.4  1.61  7.69  5.58  79 1013.6  27.0  27.9  22.5 99.0 99.00
2016 08 29 08 50  50  6.5  7.6  1.40  7.14  5.14  85 1013.7  27.0  27.9  22.4 99.0 99.00
2016 08 29 09 50  54  6.4  7.5  1.49  7.14  5.18  96 1014.5  27.1  27.9  21.7 99.0 99.00
2016 08 29 10 50  54  6.5  7.5  1.46  7.69  5.46  97 1014.9  27.2  27.9  21.6 99.0 99.00
2016 08 29 11 50  67  6.5  7.6  1.34  9.09  5.17 102 1015.5  27.3  27.9  21.3 99.0 99.00
2016 08 29 12 50  66  6.8  7.8  1.39  9.09  5.38  94 1015.6  27.3  27.9  21.7 99.0 99.00
2016 08 29 13 50  68  6.7  8.0  1.36  9.09  5.34  97 1015.6  27.3  28.0  22.0 99.0 99.00
2016 08 29 14 50  65  7.1  8.3  1.24  8.33  5.13  83 1015.3  27.3  28.0  21.7 99.0 99.00
2016 08 29 15 50  68  6.3  7.8  1.40  9.09  5.24 107 1014.7  27.4  28.1  22.0 99.0 99.00
2016 08 29 16 50  74  5.5  7.3  1.30  8.33  5.11  91 1014.0  27.4  28.1  21.5 99.0 99.00
2016 08 29 17 50  65  5.8  7.0  1.23  7.14  5.18  97 1013.5  27.4  28.1  22.0 99.0 99.00
2016 08 29 18 50  69  5.8  6.7  1.25  9.09  5.30 103 1013.3  27.4  28.1  22.0 99.0 99.00
2016 08 29 19 50  65  5.5  7.1  1.24  8.33  5.27  88 1013.3  27.4  28.1  22.2 99.0 99.00
2016 08 29 20 50  69  5.6  7.1  1.23  8.33  5.14  86 1014.1  27.5  28.0  22.0 99.0 99.00
2016 08 29 21 50  78  4.9  6.4  1.33  7.69  5.37 107 1014.4  27.5  28.0  22.1 99.0 99.00
2016 08 29 22 50  83  4.9  5.9  1.23  7.69  5.41  93 1015.0  27.5  28.0  22.0 99.0 99.00
2016 08 29 23 50  57  4.5  5.5  1.24  8.33  5.38  96 1015.7  27.4  27.9  22.2 99.0 99.00
2016 08 30 00 50  66  5.0  6.6  1.21  9.09  5.49 122 1016.1  27.5  27.9  22.2 99.0 99.00
2016 08 30 01 50  59  4.9  6.7  1.19  9.09  5.62  93 1016.1  27.4  27.9  22.5 99.0 99.00
2016 08 30 02 50  83  6.3  8.3  1.16  8.33  5.40  91 1015.8  27.1  27.9  21.5 99.0 99.00
2016 08 30 03 50  72  5.7  6.4  1.27  8.33  5.61  82 1015.2  27.3  27.9  22.2 99.0 99.00
2016 08 30 04 50  68  5.7  6.7  1.25  8.33  5.27  99 1014.1  27.2  27.9  22.0 99.0 99.00
2016 08 30 05 50  62  5.2  6.2  1.18  7.69  5.12 101 1013.6  27.2  27.9  22.4 99.0 99.00
2016 08 30 06 50  68  6.5  8.2  1.22  8.33  5.20  89 1013.1  27.3  27.9  22.3 99.0 99.00
2016 08 30 07 50  73  6.7  8.2  1.20  7.69  5.19  69 1013.3  27.3  27.9  22.3 99.0 99.00
2016 08 30 08 50  73  6.2  7.8  1.21  7.14  5.17  79 1013.5  27.3  27.8  22.4 99.0 99.00
2016 08 30 09 50  79  6.2  7.5  1.22  8.33  4.87  93 1013.9  27.2  27.9  22.5 99.0 99.00
2016 08 30 10 50  77  6.8  8.1  1.28  7.69  5.22  85 1014.4  27.4  27.9  22.4 99.0 99.00
2016 08 30 11 50  75  7.3  8.9  1.32  7.69  5.30  82 1015.0  27.5  27.9  21.7 99.0 99.00
2016 08 30 12 50  85  6.9  8.4  1.36  7.14  5.21  64 1015.3  27.4  27.9  22.5 99.0 99.00
2016 08 30 13 50  83  7.0  8.1  1.31  7.14  5.20  67 1015.2  27.5  28.0  22.5 99.0 99.00
2016 08 30 14 50  89  7.0  8.2  1.34  7.69  5.11  77 1014.8  27.5  28.0  22.6 99.0 99.00
2016 08 30 15 50  93  6.5  7.7  1.44  8.33  5.29 101 1014.3  27.6  28.1  23.0 99.0 99.00
2016 08 30 16 50  95  6.1  7.1  1.38  7.69  5.14  99 1013.8  27.7  28.1  22.8 99.0 99.00
2016 08 30 17 50  92  5.9  7.3  1.33  8.33  5.35  88 1013.4  27.7  28.1  22.7 99.0 99.00
2016 08 30 18 50  96  6.0  7.2  1.38  7.14  5.54  83 1013.1  27.7  28.1  23.2 99.0 99.00
2016 08 30 19 50 105  6.9  7.9  1.40 10.00  5.39  86 1013.5  27.8  28.1  22.8 99.0 99.00
2016 08 30 20 50  89  6.1  7.2  1.38  8.33  5.30 102 1013.9  27.8  28.1  23.0 99.0 99.00
2016 08 30 21 50  79  6.3  7.3  1.25  7.69  5.10  84 1014.2  27.7  28.0  23.4 99.0 99.00
2016 08 30 22 50  83  7.0  8.7  1.38  9.09  5.34 135 1014.9  27.8  28.0  23.4 99.0 99.00
2016 08 30 23 50  78  6.3  7.4  1.40  9.09  5.33 106 1015.7  27.8  28.0  23.9 99.0 99.00
2016 08 31 00 50  79  7.2  8.5  1.35  8.33  5.16 119 1015.9  27.8  28.0  23.7 99.0 99.00
2016 08 31 01 50  72  7.1  8.7  1.32  8.33  5.14 116 1016.2  27.7  28.0  23.7 99.0 99.00
2016 08 31 02 50  73  7.0  8.3  1.37  9.09  5.09 118 1015.9  27.7  28.0  23.8 99.0 99.00
2016 08 31 03 50  69  7.6  8.9  1.50  8.33  5.35 119 1015.3  27.7  27.9  23.7 99.0 99.00
2016 08 31 04 50  65  7.5  9.0  1.41  8.33  5.04 104 1014.5  27.5  27.9  23.6 99.0 99.00
2016 08 31 05 50  71  8.2  9.6  1.47  8.33  5.14 112 1014.2  27.6  27.9  23.9 99.0 99.00
2016 08 31 06 50  74  8.3  9.9  1.49 10.00  5.18 128 1014.0  27.4  27.9  24.0 99.0 99.00
2016 08 31 07 50  69  8.9 10.8  1.66 10.00  5.25 117 1013.7  27.6  27.9  23.9 99.0 99.00
2016 08 31 09 50  71  9.1 11.0  1.71  6.25  5.30  65 1014.3  27.7  27.9  23.0 99.0 99.00
2016 08 31 10 50  68  7.8  9.7  1.75  5.88  5.23  74 1014.9  27.6  27.9  23.8 99.0 99.00
2016 08 31 11 50  69  8.5 10.1  1.72  8.33  5.33  98 1015.1  27.6  28.0  23.6 99.0 99.00
2016 08 31 12 50  69  8.7 10.3  1.70  6.25  5.23  87 1015.2  27.7  28.0  24.1 99.0 99.00
2016 08 31 13 50  67  9.0 10.5  1.86  6.25  5.22  77 1015.1  27.7  28.0  23.8 99.0 99.00
2016 08 31 15 50  65  8.1  9.7  1.71  5.88  5.20  78 1014.0  27.7  28.0  23.6 99.0 99.00
2016 08 31 16 50  67  7.6  9.4  1.76  6.25  5.36  71 1013.7  27.8  28.0  23.2 99.0 99.00
2016 08 31 17 50  64  8.0  9.8  1.80  6.25  5.37  71 1013.3  27.8  28.0  23.3 99.0 99.00
2016 08 31 18 50  60  7.3  8.7  1.81  9.09  5.61 126 1013.3  27.8  28.1  23.7 99.0 99.00
2016 08 31 19 50  57  7.0  7.9  1.64  6.67  5.50  80 1013.3  27.9  28.0  23.5 99.0 99.00
2016 08 31 20 50  52  7.0  8.2  1.75  8.33  5.56 129 1013.7  27.5  28.0  24.4 99.0 99.00
2016 08 31 21 50  52  8.7 10.7  1.74  6.67  5.48  57 1014.0  27.6  28.0  24.3 99.0 99.00
2016 08 31 22 50  50  8.7 10.3  1.65  8.33  5.24 109 1014.4  27.9  28.0  24.4 99.0 99.00
