#YY  MM DD hh mm WDIR WSPD GST  WVHT   DPD   APD MWD   PRES  ATMP  WTMP  DEWP  VIS  TIDE
#yr  mo dy hr mn degT m/s  m/s     m   sec   sec deg    hPa  degC  degC  degC  nmi    ft
2016 03 31 23 50  81  7.4  8.9  1.79  7.69  5.32  98 1012.9  27.1  27.1  24.6 99.0 99.00
2016 04 01 00 50  83  8.3  9.9  1.82  7.69  5.51  99 1013.4  27.2  27.1  24.2 99.0 99.00
2016 04 01 01 50  81  8.9 10.5  1.89  7.69  5.44  94 1013.9  27.1  27.1  24.0 99.0 99.00
2016 04 01 02 50  87  8.4 10.2  1.83  7.69  5.39 103 1014.5  27.1  27.1  24.1 99.0 99.00
2016 04 01 03 50  85  8.7 10.2  1.79  7.69  5.24 107 1014.8  27.1  27.1  24.0 99.0 99.00
2016 04 01 04 50  91  8.7 10.1  1.80  7.69  5.31 107 1014.5  27.0  27.1  24.2 99.0 99.00
2016 04 01 05 50  82  8.6 10.1  1.87  7.69  5.41 105 1013.9  27.0  27.1  24.1 99.0 99.00
2016 04 01 06 50  80  9.4 11.1  1.82  7.69  5.29 112 1013.3  27.0  27.1  24.1 99.0 99.00
2016 04 01 07 50  88  8.5 10.4  1.82  8.33  5.09 101 1012.9  26.9  27.0  24.1 99.0 99.00
2016 04 01 08 50  80  9.2 11.3  1.92  8.33  5.37 103 1013.0  26.9  27.0  24.0 99.0 99.00
2016 04 01 09 50  84  9.7 11.8  2.05  7.69  5.54 109 1013.4  27.0  27.0  23.9 99.0 99.00
2016 04 01 10 50  86  9.3 10.9  1.88  8.33  5.27 118 1014.0  27.1  27.0  24.0 99.0 99.00
2016 04 01 11 50  82  9.5 11.6  2.00  8.33  5.59 103 1014.5  27.1  27.0  23.5 99.0 99.00
2016 04 01 12 50  82  9.6 11.4  1.91  7.69  5.38 102 1014.9  27.3  27.0  23.7 99.0 99.00
2016 04 01 13 50  84  9.2 11.1  1.93  8.33  5.29  98 1015.0  27.3  27.0  23.9 99.0 99.00
2016 04 01 14 50  79  9.1 10.7  1.88  8.33  5.27 108 1014.9  27.3  27.1  24.0 99.0 99.00
2016 04 01 15 50  78  9.6 11.2  1.86  7.69  5.34 107 1014.7  27.2  27.1  23.9 99.0 99.00
2016 04 01 16 50  78  9.3 11.1  1.81  8.33  5.37 109 1014.2  27.2  27.2  23.8 99.0 99.00
2016 04 01 17 50  81  8.5  9.7  1.95  8.33  5.43 105 1013.6  27.2  27.2  23.9 99.0 99.00
2016 04 01 18 50  85  8.3  9.4  2.06  7.69  5.57 113 1012.5  27.2  27.2  23.7 99.0 99.00
2016 04 01 19 50  83  9.0 10.2  2.01  7.14  5.49 111 1011.7  27.2  27.3  23.8 99.0 99.00
2016 04 01 20 50  83  8.8 10.5  1.89  7.69  5.48 102 1011.4  27.3  27.3  23.6 99.0 99.00
2016 04 01 21 50  84  8.4  9.9  1.88  7.69  5.43 108 1011.1  27.3  27.3  23.8 99.0 99.00
2016 04 01 22 50  79  8.9 10.3  1.86  8.33  5.40 108 1011.1  27.2  27.3  23.7 99.0 99.00
2016 04 01 23 50  82  8.3 10.5  1.87  7.69  5.49  99 1011.6  27.1  27.3  23.8 99.0 99.00
2016 04 02 00 50  74  8.4 10.2  1.86  7.69  5.45 101 1012.5  27.2  27.2  24.2 99.0 99.00
2016 04 02 01 50  76  9.6 11.5  1.98  7.69  5.50 105 1012.9  27.1  27.2  24.0 99.0 99.00
2016 04 02 02 50  80  9.0 11.1  1.89  8.33  5.37  99 1013.3  27.2  27.2  23.9 99.0 99.00
2016 04 02 03 50  81  9.1 10.7  1.96  7.69  5.34 110 1013.3  27.1  27.2  24.1 99.0 99.00
2016 04 02 04 50  81  9.5 11.0  1.86  7.69  5.37 112 1013.0  27.1  27.2  23.9 99.0 99.00
2016 04 02 05 50  89  9.6 11.1  2.03  7.69  5.52 101 1012.6  27.1  27.2  23.8 99.0 99.00
2016 04 02 06 50  86  9.1 10.6  1.91  7.69  5.19 102 1012.1  27.0  27.2  23.9 99.0 99.00
2016 04 02 07 50  82  9.2 10.9  1.94  7.69  5.36  99 1011.8  27.0  27.2  24.0 99.0 99.00
2016 04 02 08 50  87  8.8 10.4  1.85  7.69  5.33 100 1012.0  27.0  27.2  23.9 99.0 99.00
2016 04 02 09 50  86  8.1  9.5  1.94  7.69  5.31  99 1012.3  27.0  27.2  24.0 99.0 99.00
2016 04 02 10 50  91  8.5 10.4  1.84  7.14  5.31  97 1012.6  27.1  27.2  24.2 99.0 99.00
2016 04 02 11 50  96  8.5 10.1  1.93  7.14  5.36 106 1013.2  27.3  27.2  24.1 99.0 99.00
2016 04 02 12 50  94  8.2  9.4  1.73  7.14  5.34 102 1013.8  27.4  27.2  24.3 99.0 99.00
2016 04 02 13 50  97  7.1  8.6  1.81  7.14  5.34  99 1014.2  27.5  27.3  24.4 99.0 99.00
2016 04 02 14 50  95  7.1  8.5  1.66  7.14  5.22 111 1014.4  27.5  27.3  24.5 99.0 99.00
2016 04 02 15 50  98  7.7  9.4  1.65  6.67  5.25 109 1014.2  27.4  27.4  24.5 99.0 99.00
2016 04 02 16 50 101  7.9  9.2  1.61  7.69  5.24 105 1013.6  27.5  27.4  24.4 99.0 99.00
2016 04 02 17 50  98  7.4  8.5  1.65  7.14  5.25 109 1012.9  27.4  27.5  24.4 99.0 99.00
2016 04 02 18 50  93  7.0  8.6  1.53  7.69  5.36  89 1012.2  27.4  27.5  24.5 99.0 99.00
2016 04 02 19 50  93  6.3  7.4  1.57  7.69  5.39 101 1011.6  27.5  27.5  24.5 99.0 99.00
2016 04 02 20 50  79  6.2  7.3  1.57  7.69  5.37 101 1011.3  27.5  27.5  24.6 99.0 99.00
2016 04 02 21 50  73  7.0  8.1  1.57  7.69  5.44 100 1011.3  27.5  27.5  24.3 99.0 99.00
2016 04 02 22 50  71  6.7  7.8  1.52  7.69  5.28  96 1011.7  27.4  27.4  24.4 99.0 99.00
2016 04 02 23 50  66  7.1  8.2  1.66  7.14  5.45 107 1012.2  27.3  27.4  24.4 99.0 99.00
2016 04 03 00 50  64  8.1  9.2  1.54  8.33  5.27 103 1012.9  27.2  27.4  24.5 99.0 99.00
2016 04 03 01 50  66  8.1  9.7  1.51  7.69  5.28  93 1013.5  27.2  27.4  24.3 99.0 99.00
2016 04 03 02 50  70  7.9  9.2  1.58  6.67  5.23 105 1014.2  27.2  27.4  24.3 99.0 99.00
2016 04 03 03 50  74  8.0  9.6  1.57  7.69  5.20 108 1014.3  27.2  27.3  24.2 99.0 99.00
2016 04 03 04 50  79  7.8  8.8  1.64  7.69  5.25  95 1013.9  27.1  27.3  23.9 99.0 99.00
2016 04 03 05 50  79  7.3  8.7  1.54  7.69  5.27  87 1013.4  27.0  27.3  24.4 99.0 99.00
2016 04 03 06 50  86  6.9  8.3  1.53  7.69  5.24  86 1012.7  26.9  27.3  24.1 99.0 99.00
2016 04 03 07 50  91  7.4  8.6  1.58  7.69  5.32  98 1012.4  26.9  27.3  24.0 99.0 99.00
2016 04 03 08 50  85  6.8  8.0  1.52  7.69  5.36  85 1012.4  26.9  27.3  23.7 99.0 99.00
2016 04 03 09 50  86  6.9  8.3  1.57  7.69  5.53  94 1012.8  26.9  27.3  23.6 99.0 99.00
2016 04 03 10 50  87  6.2  7.1  1.46  8.33  5.44  83 1013.2  26.9  27.3  23.6 99.0 99.00
2016 04 03 11 50  82  6.2  7.1  1.45  7.69  5.39  96 1014.0  27.0  27.3  23.8 99.0 99.00
2016 04 03 12 50  81  6.0  7.0  1.47  7.14  5.48  93 1014.7  27.3  27.3  23.8 99.0 99.00
2016 04 03 13 50  75  6.8  7.8  1.52  8.33  5.55  89 1015.4  27.2  27.3  24.0 99.0 99.00
2016 04 03 14 50  81  6.7  7.6  1.58  7.69  5.66  98 1015.5  27.3  27.4  24.0 99.0 99.00
2016 04 03 15 50  86  7.5  8.7  1.46  7.69  5.27  87 1015.3  27.4  27.4  23.9 99.0 99.00
2016 04 03 16 50  86  7.7  9.6  1.53  8.33  5.47  89 1014.7  27.3  27.4  23.8 99.0 99.00
2016 04 03 17 50  95  7.7  8.8  1.52  7.69  5.46  94 1013.8  27.3  27.5  23.7 99.0 99.00
2016 04 03 18 50  93  7.3  8.6  1.37  7.14  5.12  90 1013.0  27.4  27.5  23.7 99.0 99.00
2016 04 03 19 50  81  6.9  8.3  1.35  7.69  5.04  90 1012.7  27.4  27.5  23.8 99.0 99.00
2016 04 03 20 50  83  7.1  8.4  1.44  7.14  5.23  93 1012.3  27.4  27.5  23.9 99.0 99.00
2016 04 03 21 50  79  6.5  7.7  1.29  7.69  4.87  98 1012.4  27.5  27.5  23.7 99.0 99.00
2016 04 03 22 50  70  6.7  8.0  1.36  7.14  5.13 100 1012.9  27.4  27.5  23.9 99.0 99.00
2016 04 03 23 50  64  6.5  7.7  1.37  7.14  5.17  97 1013.7  27.3  27.5  24.0 99.0 99.00
2016 04 04 00 50  67  7.0  8.6  1.31  5.88  4.94 104 1014.1  27.2  27.4  24.1 99.0 99.00
2016 04 04 01 50  68  7.8  9.0  1.40  7.14  5.20  99 1014.6  27.2  27.4  24.0 99.0 99.00
2016 04 04 02 50  64  7.6  9.0  1.38  7.14  5.00  94 1014.8  27.2  27.5  24.2 99.0 99.00
2016 04 04 03 50  72  7.9  9.2  1.35  7.14  4.80  99 1015.1  27.2  27.4  23.9 99.0 99.00
2016 04 04 04 50  73  6.8  8.0  1.35  7.69  4.95  97 1014.8  27.1  27.4  24.0 99.0 99.00
2016 04 04 05 50  65  8.2  9.3  1.35  7.14  5.00 104 1014.2  27.0  27.3  23.6 99.0 99.00
2016 04 04 06 50  71  7.6  8.9  1.43  7.14  4.95 108 1013.8  26.9  27.3  23.9 99.0 99.00
2016 04 04 07 50  62  8.0  9.2  1.34  7.69  4.93  75 1013.4  26.9  27.3  23.7 99.0 99.00
2016 04 04 08 50  80  8.1  9.4  1.46  6.67  5.07 104 1013.5  26.9  27.3  23.5 99.0 99.00
2016 04 04 09 50  67  7.0  8.3  1.42  7.69  4.91  91 1014.0  26.7  27.3  22.9 99.0 99.00
2016 04 04 10 50  78  7.6  8.7  1.43  7.69  5.19  96 1014.6  27.0  27.3  23.5 99.0 99.00
2016 04 04 11 50  77  8.8 10.5  1.46  6.67  4.98  99 1015.1  27.2  27.3  23.4 99.0 99.00
2016 04 04 12 50  86  7.4  8.6  1.38  6.67  4.76 122 1015.9  27.4  27.3  23.3 99.0 99.00
2016 04 04 13 50  81  7.5  8.6  1.45  6.67  4.85 105 1016.4  27.4  27.3  23.5 99.0 99.00
2016 04 04 14 50  79  7.5  8.7  1.39  7.14  4.98 114 1016.9  27.4  27.3  23.3 99.0 99.00
2016 04 04 15 50  86  6.5  7.7  1.45  7.14  5.08 108 1016.9  27.1  27.4  23.8 99.0 99.00
2016 04 04 16 50  88  7.5  8.5  1.49  7.14  5.17 106 1016.0  27.4  27.4  23.6 99.0 99.00
2016 04 04 17 50  85  7.4  8.8  1.36  7.14  5.00 113 1014.9  27.3  27.5  23.8 99.0 99.00
2016 04 04 18 50  82  7.1  8.2  1.35  7.14  4.91 104 1014.1  27.4  27.5  23.9 99.0 99.00
2016 04 04 19 50  73  7.4  8.3  1.37  7.14  4.92 115 1013.2  27.3  27.5  24.0 99.0 99.00
2016 04 04 20 50  73  7.2  8.8  1.37  7.14  5.04 114 1013.0  27.5  27.5  24.0 99.0 99.00
2016 04 04 21 50  74  7.9  9.1  1.32  6.67  4.79 115 1012.9  27.4  27.5  23.8 99.0 99.00
2016 04 04 22 50  71  7.9  9.3  1.31  6.67  4.79 105 1013.0  27.4  27.5  23.3 99.0 99.00
2016 04 04 23 50  66  7.6  8.9  1.29  6.67  4.76 105 1013.3  27.2  27.4  23.5 99.0 99.00
2016 04 05 00 50  65  7.9  8.7  1.46  7.14  5.03 112 1013.8  27.3  27.4  23.7 99.0 99.00
2016 04 05 01 50  66  8.0  9.4  1.40  6.67  4.87 109 1014.4  27.1  27.4  23.5 99.0 99.00
2016 04 05 02 50  70  8.0  9.1  1.40  6.67  4.92 111 1015.1  27.2  27.3  23.7 99.0 99.00
2016 04 05 03 50  66  8.6 10.2  1.44  6.67  4.90 106 1015.0  27.1  27.3  23.5 99.0 99.00
2016 04 05 04 50  70  6.7  7.9  1.41  7.14  4.96 103 1014.8  27.0  27.3  23.8 99.0 99.00
2016 04 05 05 50  77  7.6  8.7  1.46  7.14  5.03 114 1014.3  27.0  27.3  23.2 99.0 99.00
2016 04 05 06 50  70  7.3  8.6  1.53  6.67  5.15 106 1014.0  26.9  27.3  23.6 99.0 99.00
2016 04 05 07 50  75  7.2  8.5  1.42  6.67  5.06 125 1013.7  26.9  27.3  23.6 99.0 99.00
2016 04 05 08 50  79  7.2  8.8  1.33  6.67  5.06 112 1013.8  26.9  27.3  23.8 99.0 99.00
2016 04 05 09 50  74  7.4  8.6  1.41  7.14  5.00 109 1014.4  26.9  27.3  23.5 99.0 99.00
2016 04 05 10 50  70  7.5  8.7  1.35  7.14  4.82 104 1014.8  26.9  27.3  23.0 99.0 99.00
2016 04 05 11 50  74  7.7  8.9  1.33  7.14  4.95 107 1015.5  27.1  27.3  23.2 99.0 99.00
2016 04 05 12 50  77  7.2  8.3  1.25  6.67  4.84 103 1016.3  27.2  27.3  23.5 99.0 99.00
2016 04 05 13 50  75  6.3  7.2  1.24  7.14  4.77 104 1016.8  27.2  27.3  23.6 99.0 99.00
2016 04 05 14 50  68  6.3  7.4  1.21  6.67  4.85 101 1016.9  27.2  27.4  23.3 99.0 99.00
2016 04 05 15 50  73  6.1  7.3  1.22  6.67  4.83 100 1016.8  27.2  27.4  23.3 99.0 99.00
2016 04 05 16 50  65  6.3  7.3  1.12  7.14  4.89  96 1016.2  27.1  27.5  23.5 99.0 99.00
2016 04 05 17 50  75  5.7  6.8  1.22  7.14  5.05  97 1015.2  27.1  27.6  23.1 99.0 99.00
2016 04 05 18 50  73  5.8  6.8  1.13  7.14  5.05  95 1014.2  27.1  27.7  23.2 99.0 99.00
2016 04 05 19 50  68  6.2  7.2  1.17  6.67  5.07 103 1013.4  27.2  27.7  23.2 99.0 99.00
2016 04 05 20 50  64  5.9  6.8  1.10  7.14  5.02  95 1013.1  27.2  27.6  23.1 99.0 99.00
2016 04 05 21 50  58  6.1  7.2  1.07  6.67  4.99 107 1013.0  27.3  27.6  23.5 99.0 99.00
2016 04 05 22 50  61  5.7  6.8  1.06  7.14  4.92  86 1013.4  27.1  27.6  23.3 99.0 99.00
2016 04 05 23 50  59  5.7  6.5  1.01  6.67  4.91  90 1013.8  27.1  27.5  23.4 99.0 99.00
2016 04 06 00 50  50  6.5  7.5  0.97  5.88  4.86  99 1014.1  27.1  27.5  23.4 99.0 99.00
2016 04 06 01 50  55  6.5  7.7  0.95  6.67  4.84  87 1014.5  27.0  27.5  23.3 99.0 99.00
2016 04 06 02 50  68  6.0  7.0  1.08  6.67  4.96  93 1015.0  27.0  27.4  23.4 99.0 99.00
2016 04 06 03 50  70  5.7  6.6  1.00  6.25  4.94 101 1015.0  27.0  27.4  23.2 99.0 99.00
2016 04 06 04 50  57  5.7  6.6  0.94  6.67  4.81  99 1014.3  26.8  27.4  23.3 99.0 99.00
2016 04 06 05 50  54  5.9  7.1  0.94  6.25  4.88 104 1013.7  26.8  27.4  23.2 99.0 99.00
2016 04 06 06 50  60  5.9  7.0  0.96  6.67  4.87 102 1012.9  26.7  27.4  23.1 99.0 99.00
2016 04 06 07 50  67  6.0  7.0  0.96  6.67  5.07  94 1012.4  26.7  27.4  23.1 99.0 99.00
2016 04 06 08 50  64  6.1  7.1  0.96  6.67  4.86  99 1012.5  26.6  27.4  23.1 99.0 99.00
2016 04 06 09 50  67  6.3  8.0  1.01  6.67  4.86 102 1012.8  26.6  27.3  23.0 99.0 99.00
2016 04 06 10 50  68  6.2  7.2  0.95  6.25  4.67 102 1013.5  26.7  27.3  22.8 99.0 99.00
2016 04 06 11 50  53  6.1  7.1  0.95  6.25  4.75 107 1014.0  26.9  27.3  22.9 99.0 99.00
2016 04 06 12 50  64  5.8  7.0  0.95  6.67  4.81 104 1014.4  27.0  27.4  23.1 99.0 99.00
2016 04 06 13 50  68  6.3  7.2  0.92  5.88  4.72  98 1015.1  27.1  27.4  23.2 99.0 99.00
2016 04 06 14 50  73  5.9  6.6  0.90  6.25  4.61  92 1015.2  27.1  27.4  23.0 99.0 99.00
2016 04 06 15 50  74  6.2  7.0  0.91  6.67  4.64 100 1015.2  27.1  27.5  23.1 99.0 99.00
2016 04 06 16 50  65  6.2  7.0  0.88  6.25  4.79 105 1014.6  27.1  27.6  23.3 99.0 99.00
2016 04 06 17 50  75  6.1  7.2  0.89  6.25  4.56 102 1013.4  27.1  27.7  23.3 99.0 99.00
2016 04 06 18 50  68  5.8  6.4  0.82  5.56  4.42 106 1012.7  27.1  27.7  23.2 99.0 99.00
2016 04 06 19 50  60  6.2  7.2  0.85 10.00  4.41 110 1012.1  27.2  27.7  23.2 99.0 99.00
2016 04 06 20 50  55  6.4  7.5  0.88  5.56  4.52 111 1011.8  27.3  27.7  23.4 99.0 99.00
2016 04 06 21 50  52  6.5  7.3  0.88  5.56  4.45 103 1011.7  27.4  27.8  23.3 99.0 99.00
2016 04 06 22 50  55  6.6  7.5  0.88  6.25  4.57  89 1012.1  27.3  27.7  23.0 99.0 99.00
2016 04 06 23 50  67  6.3  7.6  0.87  5.56  4.17 104 1012.0  27.2  27.6  23.4 99.0 99.00
2016 04 07 00 50  64  6.3  7.4  0.88  6.25  4.26  97 1012.5  27.1  27.6  23.3 99.0 99.00
2016 04 07 01 50  68  6.6  7.9  0.87  5.88  4.38 105 1013.2  27.2  27.5  23.4 99.0 99.00
2016 04 07 02 50  72  7.0  8.1  0.87  5.88  4.22 105 1013.6  27.1  27.5  23.2 99.0 99.00
2016 04 07 03 50  68  6.7  7.7  0.92  5.88  4.40 103 1013.6  27.1  27.5  23.4 99.0 99.00
2016 04 07 04 50  67  6.6  8.0  0.85  6.25  4.14 104 1013.5  27.1  27.5  23.2 99.0 99.00
2016 04 07 05 50  72  6.9  8.5  0.91  5.88  4.10 110 1012.7  27.0  27.5  22.9 99.0 99.00
2016 04 07 06 50  80  6.7  7.9  0.92  4.76  4.22 118 1012.2  26.9  27.4  22.7 99.0 99.00
2016 04 07 07 50  70  7.1  7.9  0.89  5.56  4.14 114 1011.8  26.9  27.4  22.7 99.0 99.00
2016 04 07 08 50  77  7.4  8.6  0.93  5.88  4.30 104 1011.5  26.9  27.4  22.6 99.0 99.00
2016 04 07 09 50  69  7.1  8.6  0.98  6.25  4.47 105 1012.0  26.9  27.4  22.5 99.0 99.00
2016 04 07 10 50  76  7.4  8.7  0.99  4.76  4.27 111 1012.5  26.9  27.4  22.5 99.0 99.00
2016 04 07 11 50  75  6.8  8.0  0.96  5.56  4.34 104 1013.4  27.2  27.4  22.6 99.0 99.00
2016 04 07 12 50  72  6.6  7.8  1.06  5.88  4.48 101 1014.1  27.3  27.4  23.0 99.0 99.00
2016 04 07 13 50  74  7.7  8.9  1.09  6.25  4.49  98 1014.2  27.2  27.5  22.8 99.0 99.00
2016 04 07 14 50  86  7.9  8.9  1.14  6.25  4.39  87 1014.4  27.3  27.5  22.6 99.0 99.00
2016 04 07 15 50  90  7.5  9.0  1.20  6.25  4.56  83 1014.2  27.3  27.5  23.0 99.0 99.00
2016 04 07 16 50  91  7.1  8.2  1.17  5.88  4.51 109 1013.8  27.3  27.6  22.6 99.0 99.00
2016 04 07 17 50  84  7.1  8.5  1.14  5.56  4.47  99 1012.7  27.2  27.6  22.6 99.0 99.00
2016 04 07 18 50  78  7.4  9.0  1.21  6.25  4.64  95 1012.1  27.3  27.6  22.6 99.0 99.00
2016 04 07 19 50  79  7.0  8.2  1.17  5.88  4.54 104 1011.5  27.3  27.7  22.7 99.0 99.00
2016 04 07 20 50  72  7.0  8.4  1.20  5.88  4.64 101 1011.3  27.4  27.7  22.8 99.0 99.00
2016 04 07 21 50  71  7.5  9.0  1.23  6.25  4.63 110 1011.2  27.4  27.6  22.6 99.0 99.00
2016 04 07 22 50  73  7.4  8.7  1.20  5.88  4.56 105 1011.5  27.3  27.6  22.9 99.0 99.00
2016 04 07 23 50  74  8.2  9.6  1.28  6.25  4.73 107 1011.9  27.2  27.5  22.7 99.0 99.00
2016 04 08 00 50  75  8.2  9.4  1.32  6.25  4.76 105 1012.3  27.2  27.5  22.8 99.0 99.00
2016 04 08 01 50  74  8.3  9.6  1.24  6.25  4.60 103 1012.7  27.2  27.5  23.2 99.0 99.00
2016 04 08 02 50  74  7.7  9.0  1.37  6.25  4.80 100 1013.1  27.1  27.5  23.3 99.0 99.00
2016 04 08 03 50  75  7.3  8.5  1.37  6.25  4.71  95 1013.0  27.1  27.5  23.2 99.0 99.00
2016 04 08 04 50  70  7.4  8.4  1.46  6.67  4.81 109 1012.6  27.0  27.5  23.4 99.0 99.00
2016 04 08 05 50  80  7.4  8.5  1.40  6.25  4.85 106 1012.0  27.0  27.5  23.3 99.0 99.00
2016 04 08 06 50  72  7.5  8.7  1.29  6.25  4.70 106 1011.2  26.8  27.5  23.3 99.0 99.00
2016 04 08 07 50  80  7.8  9.1  1.40  6.25  4.89 103 1010.8  26.8  27.4  23.2 99.0 99.00
2016 04 08 08 50  75  8.4 10.1  1.32  6.67  4.68 103 1010.6  26.8  27.5  23.3 99.0 99.00
2016 04 08 09 50  77  7.7  9.3  1.48  5.88  4.93 106 1011.2  26.8  27.4  23.3 99.0 99.00
2016 04 08 10 50  73  7.5  8.8  1.37  6.67  4.84 100 1011.7  26.9  27.4  23.4 99.0 99.00
2016 04 08 11 50  73  7.9  9.6  1.36  6.67  4.90 100 1012.1  27.1  27.4  23.4 99.0 99.00
2016 04 08 12 50  78  8.3  9.3  1.38  6.25  4.85 109 1012.8  27.3  27.4  23.4 99.0 99.00
2016 04 08 13 50  74  8.5 10.1  1.37  6.67  4.90  98 1013.5  27.3  27.4  23.5 99.0 99.00
2016 04 08 14 50  68  8.3  9.9  1.27  6.67  4.67 101 1013.7  27.3  27.5  23.7 99.0 99.00
2016 04 08 15 50  67  8.0  9.7  1.48  6.25  4.89 105 1013.6  27.4  27.5  23.7 99.0 99.00
2016 04 08 16 50  65  7.9  8.8  1.37  6.25  4.80 102 1013.3  27.4  27.6  23.8 99.0 99.00
2016 04 08 17 50  67  7.8  9.3  1.40  6.67  4.86 107 1012.8  27.5  27.6  23.6 99.0 99.00
2016 04 08 18 50  66  7.5  9.1  1.41  6.67  5.06 105 1012.1  27.5  27.6  23.8 99.0 99.00
2016 04 08 19 50  64  7.4  8.7  1.42  6.25  4.81 102 1011.5  27.5  27.7  23.8 99.0 99.00
2016 04 08 20 50  63  7.6  9.3  1.51  6.25  4.87 109 1011.2  27.6  27.7  24.0 99.0 99.00
2016 04 08 21 50  60  8.1  9.3  1.41  7.14  4.89 107 1011.3  27.5  27.7  24.0 99.0 99.00
2016 04 08 22 50  60  8.2  9.5  1.39  6.67  4.77 103 1011.6  27.5  27.6  24.0 99.0 99.00
2016 04 08 23 50  60  8.9 10.8  1.42  6.67  4.78 101 1011.7  27.4  27.6  24.0 99.0 99.00
2016 04 09 00 50  61  8.9 10.3  1.48  6.67  4.92 105 1012.4  27.4  27.6  24.1 99.0 99.00
2016 04 09 01 50  63  9.4 11.0  1.48  6.67  4.85  99 1013.1  27.4  27.6  23.8 99.0 99.00
2016 04 09 02 50  69  9.3 10.6  1.40  6.25  4.76  98 1013.6  27.4  27.6  23.8 99.0 99.00
2016 04 09 03 50  68  9.0 10.5  1.51  6.67  4.77 102 1013.8  27.3  27.5  23.7 99.0 99.00
2016 04 09 04 50  66  8.9 11.0  1.44  6.67  4.77 100 1013.4  27.2  27.5  23.9 99.0 99.00
2016 04 09 05 50  72  8.4  9.7  1.59  6.25  4.84  95 1012.7  27.2  27.5  23.7 99.0 99.00
2016 04 09 06 50  63  8.5  9.6  1.61  6.67  4.98 105 1011.9  27.1  27.5  23.5 99.0 99.00
2016 04 09 07 50  68  8.2  9.4  1.51  6.67  4.79 108 1011.2  27.1  27.5  23.4 99.0 99.00
2016 04 09 08 50  67  8.6 10.1  1.58  6.67  4.97 105 1011.3  27.1  27.5  23.5 99.0 99.00
2016 04 09 09 50  68  9.0 10.4  1.48  6.67  4.82 103 1011.6  27.1  27.5  23.6 99.0 99.00
2016 04 09 10 50  68  8.6 10.1  1.48  6.67  4.76 104 1012.2  27.1  27.5  23.7 99.0 99.00
2016 04 09 11 50  70  8.5  9.9  1.45  7.14  4.87 105 1013.0  27.4  27.5  23.7 99.0 99.00
2016 04 09 12 50  72  8.4 10.1  1.47  7.14  4.74 101 1013.7  27.4  27.5  23.7 99.0 99.00
2016 04 09 13 50  69  8.1  9.2  1.44  6.67  4.81  96 1014.4  27.4  27.5  23.8 99.0 99.00
2016 04 09 14 50  66  7.4  8.5  1.54  6.67  4.91 104 1014.4  27.5  27.5  24.0 99.0 99.00
2016 04 09 15 50  61  7.0  8.2  1.61  7.14  5.03  99 1014.3  27.5  27.6  24.1 99.0 99.00
2016 04 09 16 50  67  8.2  9.5  1.50  7.14  4.91 100 1013.8  27.5  27.6  23.9 99.0 99.00
2016 04 09 17 50  68  7.7  8.8  1.59  6.67  5.06 103 1013.1  27.5  27.6  23.7 99.0 99.00
2016 04 09 18 50  75  7.4  8.7  1.48  6.67  5.00  99 1012.3  27.5  27.7  23.9 99.0 99.00
2016 04 09 19 50  67  7.9  8.9  1.54  6.67  5.01 107 1011.7  27.7  27.7  23.4 99.0 99.00
2016 04 09 20 50  67  7.4  8.6  1.55  7.14  4.95 105 1011.1  27.6  27.7  23.9 99.0 99.00
2016 04 09 21 50  68  8.2  9.3  1.62  6.67  5.05 106 1011.2  27.7  27.7  23.3 99.0 99.00
2016 04 09 22 50  63  7.4  9.2  1.51  7.14  5.12 104 1011.5  27.5  27.7  23.8 99.0 99.00
2016 04 09 23 50  59  8.2  9.6  1.54  6.67  5.12 102 1011.9  27.4  27.6  23.9 99.0 99.00
2016 04 10 00 50  68  8.1  9.8  1.49  6.67  4.95 109 1012.2  27.4  27.6  23.8 99.0 99.00
2016 04 10 01 50  62  8.2  9.7  1.52  6.67  4.91 107 1012.9  27.3  27.6  23.5 99.0 99.00
2016 04 10 02 50  63  8.3  9.6  1.58  7.14  4.99  99 1013.5  27.3  27.5  23.5 99.0 99.00
2016 04 10 03 50  73  8.7 10.0  1.59  7.14  4.87 106 1013.6  27.3  27.5  22.6 99.0 99.00
2016 04 10 04 50  71  8.2 10.2  1.60  7.14  4.99 112 1013.3  27.2  27.5  22.7 99.0 99.00
2016 04 10 05 50  67  7.9  9.5  1.59  7.14  5.05 112 1012.8  27.1  27.5  22.9 99.0 99.00
2016 04 10 06 50  70  8.3  9.5  1.65  7.14  5.04 110 1012.3  27.0  27.5  22.5 99.0 99.00
2016 04 10 07 50  76  8.3  9.6  1.56  7.14  5.03 108 1012.0  27.1  27.5  22.5 99.0 99.00
2016 04 10 08 50  73  7.7  9.0  1.48  7.14  4.93  97 1012.1  27.0  27.5  22.8 99.0 99.00
2016 04 10 09 50  70  7.5  8.5  1.53  7.14  4.87 100 1012.7  27.1  27.5  23.0 99.0 99.00
2016 04 10 10 50  61  7.8  9.3  1.47  6.67  4.96 103 1013.0  27.0  27.5  23.2 99.0 99.00
2016 04 10 11 50  69  7.3  8.4  1.46  6.67  4.90 106 1013.6  27.3  27.5  23.2 99.0 99.00
2016 04 10 12 50  73  7.6  9.5  1.44  7.14  5.20  93 1014.4  27.3  27.5  23.7 99.0 99.00
2016 04 10 13 50  74  7.3  8.5  1.46  7.14  5.00  95 1014.9  27.4  27.5  23.6 99.0 99.00
2016 04 10 14 50  71  7.2  8.4  1.43  7.14  4.96  96 1014.9  27.4  27.5  23.5 99.0 99.00
2016 04 10 15 50  70  7.6  8.9  1.45  7.14  5.02 101 1014.6  27.5  27.6  23.4 99.0 99.00
2016 04 10 16 50  73  7.6  9.3  1.34  7.69  4.70 106 1014.4  27.6  27.6  23.8 99.0 99.00
2016 04 10 17 50  73  7.8  8.8  1.36  7.14  4.77  97 1013.9  27.5  27.7  23.5 99.0 99.00
2016 04 10 18 50  71  7.6  8.7  1.42  7.14  4.95  99 1013.3  27.5  27.7  23.5 99.0 99.00
2016 04 10 19 50  70  7.6  8.7  1.40  7.14  4.76 103 1012.8  27.5  27.7  23.5 99.0 99.00
2016 04 10 20 50  68  7.5  8.7  1.50  7.14  4.99 100 1012.6  27.6  27.7  23.5 99.0 99.00
2016 04 10 21 50  60  7.8  9.0  1.43  7.14  4.90  97 1012.2  27.6  27.7  23.5 99.0 99.00
2016 04 10 22 50  51  8.0  9.2  1.45  7.14  5.00  97 1012.5  27.5  27.7  24.0 99.0 99.00
2016 04 10 23 50  57  8.9 10.6  1.39  6.67  4.75  99 1013.3  27.2  27.6  23.7 99.0 99.00
2016 04 11 00 50  61  8.3  9.9  1.40  6.67  4.86 101 1013.5  27.4  27.6  23.9 99.0 99.00
2016 04 11 01 50  58  8.5 10.0  1.43  7.14  4.87  91 1014.1  27.5  27.6  23.4 99.0 99.00
2016 04 11 02 50  56  7.5  8.9  1.45  6.67  4.82  99 1014.5  27.4  27.6  24.0 99.0 99.00
2016 04 11 03 50  58  8.1  9.4  1.47  6.67  4.71 111 1014.7  27.3  27.6  23.8 99.0 99.00
2016 04 11 04 50  65  8.0  9.2  1.43  6.67  4.82  91 1014.5  27.3  27.5  23.8 99.0 99.00
2016 04 11 05 50  64  7.8  9.3  1.46  6.67  4.76  93 1013.9  27.3  27.5  23.8 99.0 99.00
2016 04 11 06 50  59  8.0  9.1  1.45  7.14  4.98  82 1013.2  27.1  27.5  23.7 99.0 99.00
2016 04 11 07 50  62  8.2  9.9  1.57  7.14  4.98  80 1013.1  27.2  27.5  23.5 99.0 99.00
2016 04 11 08 50  57  8.1  9.4  1.47  6.67  4.86  85 1013.0  27.0  27.5  23.4 99.0 99.00
2016 04 11 09 50  63  7.5  8.9  1.38  7.14  4.86  95 1013.3  27.1  27.5  23.3 99.0 99.00
2016 04 11 10 50  68  8.2  9.6  1.45  6.67  4.95  96 1013.4  27.0  27.5  23.2 99.0 99.00
2016 04 11 11 50  72  7.5  9.1  1.45  6.67  4.80 104 1014.1  27.3  27.5  23.1 99.0 99.00
2016 04 11 12 50  70  8.1  9.2  1.48  6.67  4.90  93 1014.5  27.4  27.5  23.0 99.0 99.00
2016 04 11 13 50  74  7.9  9.2  1.48  6.67  4.89  91 1015.1  27.5  27.5  22.6 99.0 99.00
2016 04 11 14 50  74  7.6  8.9  1.47  6.67  4.98  86 1015.0  27.5  27.5  22.4 99.0 99.00
2016 04 11 16 50  85  7.6  8.9  1.43  6.25  4.78 105 1014.1  27.4  27.6  22.6 99.0 99.00
2016 04 11 17 50  83  7.8  9.2  1.42  7.14  4.81  93 1013.3  27.5  27.7  22.3 99.0 99.00
2016 04 11 18 50  81  7.5  8.8  1.47  6.67  4.95  99 1012.8  27.6  27.7  22.3 99.0 99.00
2016 04 11 19 50  79  6.9  7.9  1.42  6.67  4.86  89 1012.5  27.6  27.7  22.7 99.0 99.00
2016 04 11 20 50  76  6.6  7.6  1.63  6.67  5.22  93 1012.1  27.6  27.7  22.5 99.0 99.00
2016 04 11 21 50  71  7.3  8.8  1.46  6.67  5.10  82 1012.2  27.5  27.7  22.3 99.0 99.00
2016 04 11 22 50  66  6.7  7.8  1.49  7.14  5.05  81 1012.6  27.5  27.6  22.5 99.0 99.00
2016 04 11 23 50  63  6.4  7.6  1.38  7.14  4.97  83 1012.9  27.4  27.6  22.7 99.0 99.00
2016 04 12 00 50  62  7.1  8.5  1.39  7.14  4.84  90 1013.0  27.3  27.6  22.7 99.0 99.00
2016 04 12 01 50  59  6.5  8.2  1.43  6.67  4.99  77 1013.5  27.3  27.6  23.3 99.0 99.00
2016 04 12 02 50  67  6.5  7.9  1.34  6.67  4.91  98 1013.9  27.3  27.6  23.2 99.0 99.00
2016 04 12 03 50  64  6.0  7.2  1.41  7.14  5.00  81 1014.0  27.3  27.6  23.4 99.0 99.00
2016 04 12 04 50  67  6.1  7.2  1.33  6.25  5.02  95 1013.9  27.2  27.6  23.2 99.0 99.00
2016 04 12 05 50  59  6.0  7.0  1.28  6.67  5.02  87 1013.5  27.1  27.6  23.2 99.0 99.00
2016 04 12 06 50  62  6.3  7.2  1.33  6.25  5.00  87 1012.9  27.0  27.6  23.4 99.0 99.00
2016 04 12 07 50  63  6.3  7.4  1.34  6.67  5.09  88 1012.6  26.9  27.6  23.6 99.0 99.00
2016 04 12 08 50  53  6.3  7.4  1.19  6.67  4.89  90 1012.7  27.0  27.6  23.5 99.0 99.00
2016 04 12 09 50  50  6.1  7.1  1.22  6.67  4.87  82 1013.1  27.0  27.6  23.8 99.0 99.00
2016 04 12 10 50  54  6.1  7.4  1.15  6.67  4.74  90 1013.6  27.0  27.6  23.6 99.0 99.00
2016 04 12 11 50  57  6.1  7.2  1.11  6.67  4.63  79 1014.4  27.2  27.5  23.4 99.0 99.00
2016 04 12 12 50  66  6.6  7.9  1.13  6.25  4.74  81 1014.9  27.4  27.6  23.5 99.0 99.00
2016 04 12 13 50  62  5.9  7.0  1.21  7.14  4.91  76 1015.6  27.4  27.6  23.0 99.0 99.00
2016 04 12 14 50  70  6.0  6.9  1.12  6.67  4.86  86 1015.6  27.3  27.7  22.9 99.0 99.00
2016 04 12 15 50  61  6.1  7.3  1.05  6.25  4.82  88 1015.1  27.2  27.7  22.9 99.0 99.00
2016 04 12 16 50  67  5.9  6.7  1.12  6.25  4.80  83 1014.8  27.3  27.8  23.0 99.0 99.00
2016 04 12 17 50  62  5.1  6.0  1.03  7.14  4.70  89 1014.0  27.4  27.9  23.2 99.0 99.00
2016 04 12 18 50  51  5.4  6.9  1.12  6.67  4.87  88 1013.3  27.4  28.0  23.5 99.0 99.00
2016 04 12 19 50  43  5.9  6.7  1.00  7.14  4.68  76 1012.8  27.4  28.0  23.3 99.0 99.00
2016 04 12 20 50  53  4.9  5.8  1.01  6.67  4.60  89 1012.4  27.3  28.0  23.7 99.0 99.00
2016 04 12 21 50  45  5.9  7.2  0.96  6.25  4.54  96 1012.2  27.6  28.0  23.5 99.0 99.00
2016 04 12 22 50  45  5.9  6.9  0.98  6.25  4.58  99 1012.5  27.4  27.9  23.5 99.0 99.00
2016 04 12 23 50  50  5.9  7.0  0.99  6.25  4.61  91 1013.3  27.4  27.8  23.8 99.0 99.00
2016 04 13 00 50  46  5.9  6.9  0.94  6.67  4.49  89 1013.8  27.4  27.8  23.7 99.0 99.00
2016 04 13 01 50  46  6.1  6.9  0.99  7.14  4.65  87 1013.9  27.3  27.8  23.7 99.0 99.00
2016 04 13 02 50  49  6.7  7.7  0.98  6.67  4.53  94 1014.0  27.3  27.7  23.7 99.0 99.00
2016 04 13 03 50  57  5.7  6.8  0.95  7.14  4.50  79 1014.0  27.2  27.7  23.5 99.0 99.00
2016 04 13 04 50  58  5.0  5.9  0.89  5.88  4.46  90 1013.8  27.1  27.7  23.7 99.0 99.00
2016 04 13 05 50  61  5.0  6.0  0.92  6.67  4.60  81 1013.2  27.0  27.7  22.9 99.0 99.00
2016 04 13 06 50  50  4.6  5.5  0.86  6.67  4.53  91 1013.0  27.0  27.7  23.6 99.0 99.00
2016 04 13 07 50  59  4.7  5.7  0.87  6.67  4.75  83 1012.9  26.9  27.7  23.4 99.0 99.00
2016 04 13 08 50  54  4.4  5.2  0.81  6.67  4.59  78 1013.1  27.0  27.6  23.3 99.0 99.00
2016 04 13 09 50  59  4.4  5.3  0.83  6.67  4.77  84 1013.7  26.9  27.6  22.8 99.0 99.00
2016 04 13 10 50  59  4.5  5.5  0.88  6.67  4.81  88 1014.1  26.9  27.6  23.2 99.0 99.00
2016 04 13 11 50  72  4.6  5.3  0.79  6.67  4.77 102 1014.5  27.2  27.6  23.5 99.0 99.00
2016 04 13 12 50  54  3.6  4.5  0.76  5.88  4.67  89 1014.6  27.3  27.6  23.0 99.0 99.00
2016 04 13 13 50  72  4.2  5.1  0.69  6.25  4.73  82 1015.1  27.2  27.7  23.4 99.0 99.00
2016 04 13 14 50  78  4.7  5.6  0.78  6.67  5.08  96 1015.1  27.2  27.7  23.3 99.0 99.00
2016 04 13 15 50  78  3.8  4.4  0.70  6.25  4.75  86 1014.9  27.2  27.9  23.4 99.0 99.00
2016 04 13 16 50  82  4.2  4.9  0.71  6.25  4.79  90 1014.1  27.2  28.0  23.3 99.0 99.00
2016 04 13 17 50  77  3.7  4.9  0.68  6.25  4.68 102 1013.2  27.3  28.1  23.0 99.0 99.00
2016 04 13 18 50  82  3.6  4.8  0.78  7.14  4.86  84 1012.7  27.4  28.2  23.1 99.0 99.00
2016 04 13 19 50  78  3.9  4.6  0.79  7.14  4.95  86 1012.2  27.4  28.3  22.8 99.0 99.00
2016 04 13 20 50  88  3.9  4.7  0.70  6.25  4.83  92 1011.6  27.5  28.2  22.8 99.0 99.00
2016 04 13 21 50  75  4.4  5.3  0.76  7.14  4.78  86 1011.4  27.5  28.2  23.0 99.0 99.00
2016 04 13 22 50  66  4.6  5.3  0.77  6.67  4.91  86 1011.8  27.4  28.1  22.8 99.0 99.00
2016 04 13 23 50  69  5.0  6.7  0.72  7.14  4.91  87 1012.1  27.4  28.0  22.9 99.0 99.00
2016 04 14 00 50  70  5.3  6.1  0.74  6.67  4.69  84 1012.3  27.3  28.0  23.0 99.0 99.00
2016 04 14 01 50  74  4.9  5.9  0.66  6.67  4.60  93 1012.5  27.3  27.9  22.5 99.0 99.00
2016 04 14 02 50  70  4.2  5.0  0.68  6.67  4.57  69 1012.9  27.1  27.9  22.9 99.0 99.00
2016 04 14 03 50  76  4.3  5.1  0.70  5.88  4.86  65 1013.0  27.0  27.8  22.9 99.0 99.00
2016 04 14 04 50  70  4.5  5.4  0.66  6.67  4.81  79 1012.7  27.0  27.8  23.2 99.0 99.00
2016 04 14 05 50  80  4.6  5.7  0.71  6.67  4.75  71 1012.1  26.9  27.8  23.0 99.0 99.00
2016 04 14 06 50  75  4.0  4.7  0.67  6.67  4.79  68 1011.7  26.8  27.8  23.0 99.0 99.00
2016 04 14 07 50  71  3.7  4.9  0.71  7.14  4.67  67 1011.6  26.8  27.8  22.6 99.0 99.00
2016 04 14 08 50  64  4.4  5.2  0.67  5.88  4.57  69 1011.6  26.8  27.8  22.7 99.0 99.00
2016 04 14 09 50  72  4.4  5.4  0.69  5.88  4.89  78 1012.0  26.9  27.7  23.0 99.0 99.00
2016 04 14 10 50  62  5.3  6.3  0.66  6.67  4.74  71 1012.4  26.9  27.7  23.2 99.0 99.00
2016 04 14 11 50  68  6.0  7.2  0.67  8.33  4.67  89 1013.0  27.2  27.7  23.1 99.0 99.00
2016 04 14 12 50  63  5.4  6.5  0.66  6.25  4.38  74 1013.4  27.2  27.7  23.0 99.0 99.00
2016 04 14 13 50  60  4.6  5.3  0.67  8.33  4.39  82 1014.0  27.1  27.7  23.3 99.0 99.00
2016 04 14 14 50  77  5.3  6.0  0.67  5.88  4.54  53 1014.1  27.3  27.8  23.3 99.0 99.00
2016 04 14 15 50  76  5.5  6.5  0.70  6.25  4.48  70 1013.9  27.3  27.9  23.4 99.0 99.00
2016 04 14 16 50  73  5.4  6.4  0.71  5.88  4.32  65 1013.5  27.3  28.0  23.4 99.0 99.00
2016 04 14 17 50  74  5.7  6.7  0.70  5.88  4.10  50 1012.9  27.3  28.1  23.1 99.0 99.00
2016 04 14 18 50  85  5.3  6.3  0.74  5.00  4.22  59 1011.9  27.3  28.1  22.9 99.0 99.00
2016 04 14 19 50  79  5.5  6.8  0.70  5.56  4.12  74 1011.3  27.4  28.2  23.0 99.0 99.00
2016 04 14 20 50  73  5.5  6.6  0.73  5.88  4.26  84 1010.9  27.4  28.2  22.9 99.0 99.00
2016 04 14 21 50  77  5.2  6.5  0.75  5.88  4.27  56 1010.8  27.6  28.2  22.8 99.0 99.00
2016 04 14 22 50  73  5.8  6.7  0.69  4.55  4.15 114 1010.9  27.4  28.1  22.8 99.0 99.00
2016 04 14 23 50  61  6.2  7.4  0.71  4.17  4.19 106 1011.4  27.4  28.1  23.1 99.0 99.00
2016 04 15 00 50  63  6.4  7.3  0.76  4.55  4.08 101 1011.7  27.4  28.0  23.2 99.0 99.00
2016 04 15 01 50  65  6.7  8.1  0.77 10.00  4.00  80 1011.8  27.3  28.0  23.1 99.0 99.00
2016 04 15 02 50  68  6.9  8.1  0.77  9.09  4.04  92 1011.9  27.3  27.9  23.2 99.0 99.00
2016 04 15 03 50  70  7.3  8.8  0.83  5.00  3.86 115 1011.9  27.2  27.9  22.9 99.0 99.00
2016 04 15 04 50  78  6.6  8.2  0.84  4.55  3.96  99 1011.6  27.2  27.9  23.2 99.0 99.00
2016 04 15 05 50  81  6.9  8.3  0.86  4.55  3.94  96 1011.1  27.1  27.9  23.1 99.0 99.00
2016 04 15 06 50  80  7.3  8.1  0.95  4.76  4.11 103 1010.6  27.1  27.9  23.2 99.0 99.00
2016 04 15 07 50  93  8.1  9.4  0.93  4.17  3.98  95 1009.8  27.1  27.9  23.1 99.0 99.00
2016 04 15 08 50  97  6.9  7.9  0.94  4.55  4.11  97 1009.9  27.0  27.8  23.1 99.0 99.00
2016 04 15 09 50  87  7.5  9.0  1.01  4.76  4.19  95 1010.3  27.2  27.8  23.6 99.0 99.00
2016 04 15 10 50  79  7.6  8.8  0.97  4.76  4.08  92 1010.6  27.1  27.8  23.5 99.0 99.00
2016 04 15 11 50  85  7.8  9.2  1.03  4.55  4.09  92 1011.2  27.4  27.8  23.2 99.0 99.00
2016 04 15 12 50  75  7.4  8.7  1.13  5.88  4.40  59 1011.9  27.3  27.7  23.5 99.0 99.00
2016 04 15 13 50  79  7.8  9.0  1.16  5.26  4.48  86 1012.1  27.6  27.8  23.3 99.0 99.00
2016 04 15 14 50  88  8.0  9.3  1.16  6.25  4.38  59 1012.3  27.6  27.8  23.3 99.0 99.00
2016 04 15 15 50  81  7.5  8.9  1.20  6.25  4.55  59 1012.3  27.6  27.8  23.1 99.0 99.00
2016 04 15 16 50  83  7.3  8.5  1.22  5.26  4.53  97 1011.9  27.5  27.9  22.9 99.0 99.00
2016 04 15 17 50  76  7.7  9.1  1.17  5.26  4.36  90 1011.3  27.6  27.9  22.7 99.0 99.00
2016 04 15 18 50  83  7.2  8.8  1.18  5.56  4.51  69 1010.5  27.6  28.0  23.0 99.0 99.00
2016 04 15 19 50  84  7.0  8.3  1.16  5.88  4.40  81 1009.9  27.6  28.0  23.4 99.0 99.00
2016 04 15 20 50  82  7.2  8.4  1.11  6.25  4.36  80 1009.7  27.6  28.0  23.4 99.0 99.00
2016 04 15 21 50  78  7.5  8.7  1.01  5.88  4.34  84 1010.1  27.7  28.0  23.3 99.0 99.00
2016 04 15 22 50  74  7.3  9.1  1.01  5.26  4.22  82 1010.4  27.7  28.0  23.7 99.0 99.00
2016 04 15 23 50  77  8.2  9.5  1.18  5.00  4.40  75 1010.5  27.6  27.9  23.6 99.0 99.00
2016 04 16 00 50  82  7.8  9.0  1.13  5.56  4.41  80 1010.8  27.7  27.9  23.3 99.0 99.00
2016 04 16 01 50  78  7.8  9.4  1.12  5.26  4.30  67 1011.1  27.6  27.8  23.7 99.0 99.00
2016 04 16 02 50  75  8.4  9.7  1.16  5.56  4.34  97 1011.8  27.5  27.8  23.5 99.0 99.00
2016 04 16 03 50  82  7.8  9.6  1.29  5.56  4.58  88 1011.2  27.5  27.8  23.8 99.0 99.00
2016 04 16 04 50  77  8.9 10.4  1.33  5.56  4.61  90 1010.8  27.4  27.8  24.1 99.0 99.00
2016 04 16 05 50  81  8.9 10.1  1.30  5.26  4.50  94 1010.4  27.2  27.8  23.7 99.0 99.00
2016 04 16 06 50  74  7.8  9.8  1.43  5.56  4.57  84 1010.2  27.2  27.8  23.9 99.0 99.00
2016 04 16 07 50  77  7.7  9.3  1.38  5.56  4.65  82 1009.9  27.1  27.7  23.7 99.0 99.00
2016 04 16 08 50  78  7.3  9.1  1.41  5.88  4.73  92 1010.0  27.1  27.7  23.4 99.0 99.00
2016 04 16 09 50  73  7.6  9.0  1.51  6.25  4.87  91 1010.6  27.2  27.7  23.4 99.0 99.00
2016 04 16 10 50  73  7.9  9.2  1.40  6.25  4.93  79 1011.0  27.2  27.7  23.4 99.0 99.00
2016 04 16 11 50  81  8.1 10.0  1.52  5.88  4.99  87 1011.1  27.4  27.7  23.7 99.0 99.00
2016 04 16 12 50  68  8.7 10.5  1.63  6.25  5.08  74 1011.6  27.5  27.7  23.6 99.0 99.00
2016 04 16 13 50  58  8.6 10.5  1.61  6.25  4.95  87 1012.1  27.5  27.7  22.9 99.0 99.00
2016 04 16 14 50  61  8.1 10.0  1.59  6.25  4.88  97 1012.2  27.5  27.8  22.9 99.0 99.00
2016 04 16 15 50  61  7.7  9.3  1.53  6.67  4.86  92 1012.0  27.5  27.9  23.0 99.0 99.00
2016 04 16 16 50  63  8.5 10.2  1.58  6.25  4.90  84 1011.6  27.6  27.9  23.4 99.0 99.00
2016 04 16 17 50  61  8.5 10.6  1.45  6.67  4.86 110 1011.1  27.6  27.9  23.5 99.0 99.00
2016 04 16 18 50  64  9.1 10.5  1.74  6.67  5.06  98 1010.3  27.5  28.0  23.1 99.0 99.00
2016 04 16 19 50  67  8.7  9.9  1.64  6.25  4.98 100 1009.7  27.6  28.0  23.4 99.0 99.00
2016 04 16 20 50  71  8.2  9.6  1.69  6.67  4.96  99 1009.1  27.6  28.0  23.6 99.0 99.00
2016 04 16 21 50  71  7.9 10.0  1.76  6.67  5.07  95 1009.3  27.7  28.0  24.0 99.0 99.00
2016 04 16 22 50  71  8.3  9.9  1.59  6.67  4.90 100 1009.9  27.6  28.0  23.8 99.0 99.00
2016 04 16 23 50  70  7.6  9.3  1.44  6.25  4.85  93 1010.3  27.6  28.0  24.1 99.0 99.00
2016 04 17 00 50  71  8.6 10.3  1.66  6.25  5.10  93 1010.7  27.6  28.0  24.1 99.0 99.00
2016 04 17 01 50  70  8.4 10.1  1.63  6.25  5.09 106 1011.6  27.7  28.0  24.1 99.0 99.00
2016 04 17 02 50  67  7.8  9.4  1.49  6.25  4.93  99 1012.3  27.7  28.0  24.3 99.0 99.00
2016 04 17 04 50  77  7.2  8.6  1.49  6.67  4.99 109 1011.9  27.5  28.0  24.4 99.0 99.00
2016 04 17 05 50  71  7.5  9.0  1.40  6.67  4.78 122 1011.5  27.5  28.0  24.4 99.0 99.00
2016 04 17 06 50  72  7.0  8.3  1.50  6.67  5.14 107 1011.2  27.4  27.9  24.2 99.0 99.00
2016 04 17 07 50  66  7.1  8.5  1.43  6.25  4.96  93 1010.7  27.4  27.9  24.1 99.0 99.00
2016 04 17 08 50  65  7.4  8.5  1.43  6.67  5.08 104 1010.6  27.5  27.9  24.1 99.0 99.00
2016 04 17 09 50  62  7.2  8.9  1.49  6.67  5.04 106 1011.0  27.5  27.9  24.5 99.0 99.00
2016 04 17 10 50  63  7.5  8.6  1.39  6.67  4.78 107 1011.9  27.5  27.9  24.4 99.0 99.00
2016 04 17 11 50  70  7.5  9.0  1.39  6.67  4.92  99 1012.7  27.6  27.9  24.3 99.0 99.00
2016 04 17 12 50  65  7.9  9.0  1.43  6.67  5.08 108 1013.4  27.7  27.9  24.3 99.0 99.00
2016 04 17 13 50  68  7.1  8.5  1.47  6.67  4.93 111 1013.8  27.8  27.9  24.6 99.0 99.00
2016 04 17 14 50  59  7.1  8.3  1.42  6.67  4.88 111 1013.9  27.8  28.0  24.4 99.0 99.00
2016 04 17 15 50  62  6.4  7.9  1.51  6.67  5.08 111 1013.8  27.8  28.0  24.9 99.0 99.00
2016 04 17 16 50  62  6.5  7.8  1.29  7.14  4.87 118 1013.5  28.0  28.0  24.6 99.0 99.00
2016 04 17 17 50  68  7.2  8.4  1.26  6.25  4.75 111 1012.7  27.9  28.1  24.3 99.0 99.00
2016 04 17 18 50  66  6.8  8.0  1.39  6.67  4.89 108 1011.9  27.8  28.1  24.5 99.0 99.00
2016 04 17 19 50  52  7.5  8.7  1.36  6.67  4.93 101 1011.2  27.7  28.1  24.6 99.0 99.00
2016 04 17 20 50  52  6.9  7.8  1.43  6.67  5.07 108 1010.8  27.9  28.2  24.4 99.0 99.00
2016 04 17 21 50  52  7.1  8.1  1.32  7.14  4.82 111 1010.6  27.8  28.2  24.6 99.0 99.00
2016 04 17 22 50  56  7.4  8.6  1.51  6.25  4.98 100 1011.1  27.8  28.1  24.5 99.0 99.00
2016 04 17 23 50  57  7.7  9.3  1.50  6.25  4.87 104 1011.6  27.7  28.1  24.5 99.0 99.00
2016 04 18 00 50  50  8.4  9.8  1.40  6.25  4.75 101 1012.1  27.7  28.0  24.4 99.0 99.00
2016 04 18 01 50  55  8.4 10.0  1.43  6.67  4.83 100 1012.7  27.6  28.0  24.6 99.0 99.00
2016 04 18 02 50  62  8.6 10.1  1.39  6.25  4.69  99 1013.2  27.7  28.0  24.5 99.0 99.00
2016 04 18 03 50  66  8.3  9.7  1.32  6.67  4.59  98 1012.9  27.6  28.0  24.6 99.0 99.00
2016 04 18 04 50  68  8.4  9.7  1.40  6.25  4.64 100 1012.8  27.6  28.0  24.4 99.0 99.00
2016 04 18 05 50  69  7.8  9.2  1.29  6.67  4.62  98 1012.0  27.5  27.9  24.2 99.0 99.00
2016 04 18 06 50  68  7.4  8.7  1.40  6.25  4.78 101 1012.0  27.5  27.9  24.4 99.0 99.00
2016 04 18 07 50  57  7.6  8.9  1.36  6.25  4.72 108 1011.7  27.5  27.9  24.3 99.0 99.00
2016 04 18 08 50  55  7.0  8.3  1.24  6.25  4.75 102 1012.2  27.5  27.9  24.5 99.0 99.00
2016 04 18 09 50  56  7.3  8.4  1.29  6.25  4.83 107 1012.3  27.5  27.9  24.6 99.0 99.00
2016 04 18 10 50  59  7.1  8.1  1.41  6.25  5.02 101 1013.0  27.5  27.9  24.2 99.0 99.00
2016 04 18 11 50  51  7.2  8.0  1.25  6.25  4.80  96 1013.5  27.6  27.9  24.2 99.0 99.00
2016 04 18 12 50  53  7.3  8.4  1.36  6.25  4.95  91 1014.2  27.7  27.9  23.9 99.0 99.00
2016 04 18 13 50  47  7.4  8.7  1.26  6.25  4.75  96 1014.2  27.8  27.9  24.1 99.0 99.00
2016 04 18 14 50  53  7.1  8.0  1.25  6.25  4.75 102 1014.1  27.8  27.9  23.9 99.0 99.00
2016 04 18 15 50  47  7.1  8.7  1.15  6.67  4.67 109 1014.0  27.8  28.0  24.2 99.0 99.00
2016 04 18 16 50  39  6.9  8.0  1.13  6.25  4.54 101 1013.5  27.7  28.0  24.6 99.0 99.00
2016 04 18 17 50  43  7.7  8.7  1.13  6.67  4.50 106 1013.0  27.7  28.1  24.5 99.0 99.00
2016 04 18 18 50  49  7.4  8.3  1.16  5.88  4.64 107 1012.3  27.8  28.1  24.3 99.0 99.00
2016 04 18 19 50  46  7.7  9.1  1.19  6.25  4.60 107 1011.4  27.8  28.1  24.5 99.0 99.00
2016 04 18 20 50  48  7.8  9.5  1.28  6.25  4.67 101 1010.8  27.8  28.1  24.5 99.0 99.00
2016 04 18 21 50  48  8.2  9.5  1.27  6.25  4.55  89 1010.7  27.8  28.1  24.4 99.0 99.00
2016 04 18 22 50  48  8.0  9.4  1.31  5.88  4.59 101 1011.1  27.8  28.0  24.5 99.0 99.00
2016 04 18 23 50  44  7.9  9.6  1.32  6.25  4.65  92 1012.2  27.8  28.0  24.4 99.0 99.00
2016 04 19 00 50  52  8.5  9.9  1.24  5.56  4.59 101 1012.8  27.7  28.0  24.1 99.0 99.00
2016 04 19 01 50  50  8.5  9.6  1.31  6.25  4.62  85 1013.1  27.8  28.0  24.2 99.0 99.00
2016 04 19 02 50  48  8.3  9.4  1.34  6.25  4.72  88 1013.5  27.7  28.0  24.5 99.0 99.00
2016 04 19 03 50  45  8.3  9.4  1.28  6.25  4.69  96 1013.1  27.7  28.0  24.5 99.0 99.00
2016 04 19 04 50  48  7.3  8.4  1.34  6.25  4.78  83 1012.9  27.6  27.9  24.6 99.0 99.00
2016 04 19 05 50  44  7.3  8.6  1.34  6.25  4.79  89 1012.5  27.6  27.9  24.3 99.0 99.00
2016 04 19 06 50  54  7.1  8.1  1.26  6.25  4.65  93 1012.1  27.5  27.9  24.4 99.0 99.00
2016 04 19 07 50  47  6.7  7.8  1.20  6.25  4.58  91 1011.8  27.5  27.9  24.6 99.0 99.00
2016 04 19 08 50  47  6.8  8.0  1.36  5.88  4.91  84 1011.4  27.4  27.9  24.6 99.0 99.00
2016 04 19 09 50  51  6.5  7.7  1.21  6.25  4.64  87 1011.5  27.4  27.9  24.6 99.0 99.00
2016 04 19 10 50  44  7.5  9.1  1.24  6.25  4.81  94 1011.5  27.4  27.9  24.9 99.0 99.00
2016 04 19 11 50  42  8.1  9.4  1.38  6.25  4.81  84 1012.2  27.5  27.9  24.6 99.0 99.00
2016 04 19 12 50  46  8.1  9.4  1.40  5.88  4.79  98 1013.1  27.5  28.0  24.3 99.0 99.00
2016 04 19 13 50  45  8.3  9.8  1.41  6.67  4.89  71 1013.4  27.7  27.9  24.2 99.0 99.00
2016 04 19 14 50  48  7.9  9.6  1.43  6.25  4.85  87 1013.5  27.7  28.0  24.5 99.0 99.00
2016 04 19 15 50  46  8.0  9.2  1.34  6.25  4.83  69 1013.2  27.7  28.0  24.6 99.0 99.00
2016 04 19 16 50  49  7.6  8.9  1.38  6.67  4.87  67 1012.8  27.7  28.1  24.6 99.0 99.00
2016 04 19 17 50  57  7.1  8.3  1.45  6.25  4.83  67 1012.3  27.9  28.1  24.9 99.0 99.00
2016 04 19 18 50  63  8.2  9.7  1.44  5.88  4.79  77 1011.2  27.8  28.1  24.9 99.0 99.00
2016 04 19 19 50  62  8.6 10.1  1.38  6.67  4.88  43 1010.6  27.9  28.1  24.8 99.0 99.00
2016 04 19 20 50  64  7.8  9.4  1.41  6.25  4.73  79 1010.4  27.9  28.1  24.8 99.0 99.00
2016 04 19 21 50  64  8.0  9.5  1.57  5.88  4.99  63 1010.2  27.7  28.1  24.5 99.0 99.00
2016 04 19 22 50  75  8.6 10.1  1.50  6.25  4.91  81 1010.7  27.7  28.1  24.6 99.0 99.00
2016 04 19 23 50  73  8.1  9.7  1.63  6.25  5.01  76 1011.3  27.8  28.0  24.6 99.0 99.00
2016 04 20 00 50  82  8.0  9.8  1.57  5.88  5.13  81 1011.8  27.6  28.0  24.8 99.0 99.00
2016 04 20 01 50  68  8.1  9.3  1.63  6.67  4.98  74 1012.3  27.7  28.0  24.5 99.0 99.00
2016 04 20 02 50  71  8.2  9.6  1.80  6.67  5.23  63 1012.7  27.7  28.0  24.6 99.0 99.00
2016 04 20 03 50  75  8.3 10.3  1.71  6.67  5.16  58 1012.4  27.6  28.0  24.5 99.0 99.00
2016 04 20 04 50  77  8.3  9.8  1.83  6.67  5.41  69 1011.8  27.6  28.0  24.3 99.0 99.00
2016 04 20 05 50  73  7.8 10.0  1.85  6.67  5.40  70 1011.4  27.6  28.0  24.2 99.0 99.00
2016 04 20 06 50  68  7.7  8.9  1.92  7.14  5.64  67 1010.8  27.5  28.0  24.6 99.0 99.00
2016 04 20 07 50  64  7.3  8.5  1.93  7.69  5.64  54 1010.1  27.4  28.0  24.5 99.0 99.00
2016 04 20 08 50  62  7.5  8.6  2.09  7.69  5.80  60 1010.0  27.5  28.0  24.6 99.0 99.00
2016 04 20 09 50  74  7.9  9.5  1.83  7.14  5.58  66 1010.1  27.6  28.0  24.5 99.0 99.00
2016 04 20 10 50  79  7.7  9.3  1.85  7.69  5.50  58 1010.6  27.7  28.0  24.5 99.0 99.00
2016 04 20 11 50  74  7.4  8.5  1.91  7.69  5.80  55 1011.3  27.6  28.0  24.9 99.0 99.00
2016 04 20 12 50  77  8.1  9.2  1.95  7.69  5.76  63 1011.8  27.8  28.0  24.8 99.0 99.00
2016 04 20 13 50  81  8.3  9.7  1.82  7.14  5.40  72 1011.9  27.7  28.0  25.0 99.0 99.00
2016 04 20 14 50  86  8.2 10.4  1.83  7.69  5.38  61 1012.1  27.9  28.0  24.9 99.0 99.00
2016 04 20 15 50  80  8.4  9.8  2.03  7.69  5.60  60 1012.4  27.4  28.0  25.1 99.0 99.00
2016 04 20 16 50  81  9.1 11.1  1.93  7.14  5.55  44 1012.0  27.6  28.0  25.0 99.0 99.00
2016 04 20 17 50  73  9.6 11.2  1.90  6.67  5.38  60 1011.0  27.8  28.1  24.9 99.0 99.00
2016 04 20 18 50  69  7.9  9.6  1.88  7.14  5.47  64 1010.5  27.6  28.1  25.2 99.0 99.00
2016 04 20 19 50  73  9.9 11.7  2.07  7.14  5.45  63 1009.8  27.9  28.1  24.8 99.0 99.00
2016 04 20 20 50  82  8.4 10.0  1.99  7.14  5.53  63 1009.5  27.7  28.1  24.8 99.0 99.00
2016 04 20 21 50  83  8.4 10.2  2.07  7.69  5.55  63 1009.5  27.5  28.1  24.5 99.0 99.00
2016 04 20 22 50  73  8.3  9.9  2.14  7.69  5.72  61 1009.5  27.6  28.0  25.0 99.0 99.00
2016 04 20 23 50  78  9.3 10.8  2.11  8.33  5.83  67 1010.3  27.6  28.0  24.6 99.0 99.00
2016 04 21 00 50  81  8.9 10.3  2.42  7.69  6.13  66 1010.9  27.8  28.0  24.8 99.0 99.00
2016 04 21 01 50  90  9.1 11.0  2.51  8.33  6.12  57 1011.5  27.7  28.0  24.8 99.0 99.00
2016 04 21 02 50  87  9.6 11.4  2.38  8.33  6.10  57 1011.7  27.6  28.0  24.6 99.0 99.00
2016 04 21 03 50  91  9.6 11.2  2.59  8.33  6.09  61 1011.7  27.5  28.0  24.7 99.0 99.00
2016 04 21 04 50  88  8.5 10.4  2.48  8.33  5.97  56 1011.1  27.6  28.0  24.6 99.0 99.00
2016 04 21 05 50  89  9.4 11.4  2.31  8.33  6.11  60 1010.4  27.6  28.0  24.7 99.0 99.00
2016 04 21 06 50  94  9.3 11.2  2.27  8.33  6.08  68 1009.4  27.6  28.0  24.4 99.0 99.00
2016 04 21 07 50  88  9.2 10.9  2.29  8.33  5.99  57 1008.8  27.6  28.0  24.4 99.0 99.00
2016 04 21 08 50  85  8.3 10.0  2.43  8.33  6.02  59 1008.8  27.6  28.0  24.9 99.0 99.00
2016 04 21 09 50  97  8.7 10.5  2.20  8.33  5.82  59 1009.2  27.7  27.9  24.5 99.0 99.00
2016 04 21 10 50  83  8.6 10.4  2.09  7.69  5.63  65 1010.0  27.7  27.9  24.8 99.0 99.00
2016 04 21 11 50  85  9.6 11.6  2.24  7.69  5.69  62 1011.0  27.8  27.9  24.7 99.0 99.00
2016 04 21 12 50  84  9.2 11.0  2.36  7.69  5.84  63 1011.6  27.9  27.9  24.9 99.0 99.00
2016 04 21 13 50  87  9.3 11.4  2.26  7.69  5.88  64 1012.2  27.9  27.9  24.8 99.0 99.00
2016 04 21 14 50  89  8.8 10.2  2.20  7.69  5.63  61 1012.6  28.0  27.9  25.1 99.0 99.00
2016 04 21 15 50  87  9.3 11.6  2.47  7.69  6.06  67 1012.2  27.9  27.9  25.3 99.0 99.00
2016 04 21 16 50  93  8.9 10.7  2.26  7.69  5.81  69 1011.8  27.9  28.0  25.3 99.0 99.00
2016 04 21 17 50  95  9.9 11.6  2.40  7.69  5.87  77 1010.8  28.0  28.0  24.9 99.0 99.00
2016 04 21 18 50  88  9.7 11.5  2.44  8.33  5.99  76 1010.0  28.0  28.0  25.0 99.0 99.00
2016 04 21 19 50  86 10.0 11.8  2.33  7.69  5.91  71 1009.6  28.0  28.0  25.2 99.0 99.00
2016 04 21 20 50  77 10.1 12.1  2.37  7.69  5.88  72 1009.4  27.9  28.0  25.2 99.0 99.00
2016 04 21 21 50  79 10.1 12.5  2.84  8.33  6.26  73 1009.6  27.7  28.0  25.2 99.0 99.00
2016 04 21 22 50  80 10.7 12.7  2.66  8.33  6.11  67 1009.8  27.7  28.0  25.1 99.0 99.00
2016 04 21 23 50  81 11.0 13.4  2.95  8.33  6.38  71 1009.9  27.7  28.0  25.1 99.0 99.00
2016 04 22 00 50  84 11.4 14.4  3.08  8.33  6.46  71 1010.5  27.8  28.0  25.1 99.0 99.00
2016 04 22 01 50  79 11.3 14.2  3.08  9.09  6.26  66 1011.6  27.8  28.0  24.8 99.0 99.00
2016 04 22 02 50  80  9.7 12.3  3.15  8.33  6.42  78 1012.5  27.8  28.0  25.1 99.0 99.00
2016 04 22 03 50  83 11.0 13.2  2.86  9.09  6.39  64 1012.6  27.7  27.9  25.1 99.0 99.00
2016 04 22 04 50  85 10.4 12.8  2.71  9.09  6.12  59 1012.4  27.9  27.9  25.2 99.0 99.00
2016 04 22 05 50  80 10.2 12.5  2.98  8.33  6.42  72 1011.8  27.6  27.9  25.5 99.0 99.00
2016 04 22 06 50  89 11.4 13.5  3.24  9.09  6.78  67 1010.5  27.7  27.9  25.2 99.0 99.00
2016 04 22 07 50  89 11.1 14.1  3.02  8.33  6.54  71 1010.2  27.8  27.9  25.2 99.0 99.00
2016 04 22 08 50  88 10.8 12.8  2.90  9.09  6.35  74 1010.4  27.8  27.9  25.1 99.0 99.00
2016 04 22 09 50  86 11.1 13.3  3.08  9.09  6.54  72 1010.5  27.8  27.9  25.1 99.0 99.00
2016 04 22 10 50  86 10.6 13.1  2.91  9.09  6.40  70 1011.0  27.8  27.9  25.2 99.0 99.00
2016 04 22 11 50  89 11.1 13.2  3.03  7.69  6.29  70 1011.5  27.9  27.9  25.0 99.0 99.00
2016 04 22 12 50  92 10.3 12.1  2.90  9.09  6.33  66 1012.3  28.1  27.9  25.2 99.0 99.00
2016 04 22 13 50  85  9.3 12.3  3.28  9.09  6.72  84 1012.8  28.2  27.9  25.4 99.0 99.00
2016 04 22 14 50  87 10.2 12.9  2.86  9.09  6.36  83 1013.2  28.1  27.9  25.3 99.0 99.00
2016 04 22 15 50  93  9.9 11.5  2.92  9.09  6.57  77 1013.4  28.2  27.9  25.5 99.0 99.00
2016 04 22 16 50  92  9.4 11.5  2.81  8.33  6.39  82 1012.6  28.1  28.0  25.5 99.0 99.00
2016 04 22 17 50  86  9.1 11.0  2.87  9.09  6.44  77 1012.3  28.2  28.0  25.4 99.0 99.00
2016 04 22 18 50  82  8.9 11.0  2.88  9.09  6.63  90 1011.5  28.2  28.0  25.5 99.0 99.00
2016 04 22 19 50  83  9.5 11.8  2.97  9.09  6.65  86 1011.1  28.1  28.0  25.3 99.0 99.00
2016 04 22 20 50  85  9.3 11.1  2.77  9.09  6.48  84 1010.6  28.1  28.0  25.4 99.0 99.00
2016 04 22 21 50  82 10.1 12.4  2.95  9.09  6.66  82 1010.1  28.2  28.0  25.4 99.0 99.00
2016 04 22 22 50  88 10.5 12.4  2.86  8.33  6.60  85 1010.5  28.0  28.0  25.2 99.0 99.00
2016 04 22 23 50  84  9.5 12.8  2.65  8.33  6.25  92 1011.0  28.1  28.0  25.4 99.0 99.00
2016 04 23 00 50  87 10.0 11.9  2.67  8.33  6.13  71 1011.5  28.0  27.9  25.2 99.0 99.00
2016 04 23 01 50  83 10.6 12.7  2.65  9.09  6.13  92 1011.8  28.1  27.9  24.9 99.0 99.00
2016 04 23 02 50  76  9.5 11.5  2.70  9.09  6.16  85 1012.7  28.1  27.9  25.1 99.0 99.00
2016 04 23 03 50  72  9.5 11.6  2.68  9.09  6.28  86 1013.1  28.1  27.9  25.1 99.0 99.00
2016 04 23 04 50  74 10.2 12.9  2.69  9.09  6.36  80 1012.8  27.9  27.9  25.1 99.0 99.00
2016 04 23 05 50  81 10.2 12.1  2.76  9.09  6.26  87 1011.8  27.9  27.9  25.1 99.0 99.00
2016 04 23 06 50  82  9.9 12.0  2.59  9.09  6.28  82 1010.9  27.8  27.9  25.1 99.0 99.00
2016 04 23 07 50  79  9.6 11.5  2.70  9.09  6.37  85 1010.6  27.8  27.9  25.3 99.0 99.00
2016 04 23 08 50  81  8.7 10.8  2.44  8.33  6.05  84 1010.9  27.8  27.8  25.3 99.0 99.00
2016 04 23 09 50  90  8.5 10.3  2.70  8.33  6.43  88 1010.9  27.8  27.8  25.3 99.0 99.00
2016 04 23 10 50  92  8.9 10.7  2.47  9.09  6.10  90 1011.0  27.8  27.8  25.3 99.0 99.00
2016 04 23 11 50  89  8.7 11.0  2.50  8.33  6.29  92 1011.5  27.8  27.8  25.4 99.0 99.00
2016 04 23 12 50  94  9.3 11.0  2.27  9.09  5.98  94 1012.1  28.0  27.8  25.3 99.0 99.00
2016 04 23 13 50  91  7.7  8.9  2.36  9.09  6.00  93 1012.7  28.1  27.8  25.5 99.0 99.00
2016 04 23 14 50  84  7.6  9.0  2.31  9.09  6.21  94 1012.5  28.0  27.8  25.7 99.0 99.00
2016 04 23 15 50  89  8.8 10.4  2.37  8.33  6.15  94 1012.1  28.0  27.8  25.4 99.0 99.00
2016 04 23 16 50  83  8.7 10.3  1.96  8.33  5.62  82 1012.0  28.1  27.8  25.5 99.0 99.00
2016 04 23 17 50  75  8.0  9.7  2.21  7.69  5.89  90 1011.7  28.1  27.8  25.5 99.0 99.00
2016 04 23 18 50  83  8.1  9.4  2.12  7.69  5.99  93 1010.8  28.0  27.8  25.6 99.0 99.00
2016 04 23 19 50  78  7.3  8.6  2.00  8.33  5.75  89 1010.3  28.0  27.8  25.7 99.0 99.00
2016 04 23 20 50  74  7.4  9.1  2.12  7.69  5.79  88 1009.7  28.0  27.8  25.7 99.0 99.00
2016 04 23 21 50  73  7.3  8.9  1.90  7.14  5.65  87 1009.8  27.9  27.8  25.7 99.0 99.00
2016 04 23 22 50  75  7.5  9.2  1.98  8.33  5.60  80 1010.2  27.7  27.7  25.6 99.0 99.00
2016 04 23 23 50  70  7.4  9.0  1.99  8.33  5.71  87 1010.5  27.8  27.7  25.7 99.0 99.00
2016 04 24 00 50  67  6.8  8.0  1.86  8.33  5.52  86 1011.2  27.8  27.6  25.7 99.0 99.00
2016 04 24 01 50  75  6.7  7.9  1.82  8.33  5.72  90 1011.8  27.8  27.6  25.7 99.0 99.00
2016 04 24 02 50  74  6.7  8.2  1.76  7.69  5.63  97 1012.2  27.8  27.6  25.7 99.0 99.00
2016 04 24 03 50  65  6.8  8.0  1.86  7.69  5.85  85 1012.1  27.7  27.6  25.8 99.0 99.00
2016 04 24 04 50  74  6.8  7.9  1.58  8.33  5.42  84 1011.6  27.7  27.5  25.6 99.0 99.00
2016 04 24 05 50  78  6.8  8.0  1.67  8.33  5.53  85 1011.3  27.6  27.6  25.7 99.0 99.00
2016 04 24 06 50  77  6.4  7.5  1.60  7.69  5.43  90 1010.8  27.6  27.6  25.7 99.0 99.00
2016 04 24 07 50  74  7.1  8.1  1.64  7.14  5.50  97 1010.6  27.6  27.6  25.5 99.0 99.00
2016 04 24 08 50  61  6.4  7.6  1.52  7.69  5.43  85 1010.7  27.6  27.7  25.6 99.0 99.00
2016 04 24 09 50  72  6.4  7.9  1.55  7.69  5.43  81 1010.7  27.6  27.7  25.7 99.0 99.00
2016 04 24 10 50  71  6.5  7.6  1.54  7.69  5.60  91 1011.1  27.7  27.7  25.7 99.0 99.00
2016 04 24 11 50  76  6.9  8.2  1.47  7.14  5.20  93 1011.5  27.7  27.6  25.6 99.0 99.00
2016 04 24 12 50  82  6.3  7.4  1.36  7.69  5.19  85 1012.3  27.8  27.6  25.7 99.0 99.00
2016 04 24 13 50  83  6.3  7.2  1.51  7.14  5.31  98 1013.1  28.0  27.7  25.8 99.0 99.00
2016 04 24 14 50  85  6.5  7.1  1.36  7.69  5.27  83 1013.3  27.9  27.7  25.6 99.0 99.00
2016 04 24 15 50  89  6.0  7.2  1.31  7.14  4.92  92 1013.1  28.0  27.8  25.7 99.0 99.00
2016 04 24 16 50  92  6.0  6.9  1.42  7.14  5.30  94 1012.8  28.0  27.9  25.5 99.0 99.00
2016 04 24 17 50  88  6.3  7.2  1.22  7.14  4.99  92 1011.6  27.9  28.0  25.4 99.0 99.00
2016 04 24 18 50  95  6.4  7.9  1.32  7.69  5.22  94 1010.7  27.9  28.0  25.4 99.0 99.00
2016 04 24 19 50  88  6.3  7.3  1.20  7.14  5.03 104 1009.8  27.9  28.1  25.4 99.0 99.00
2016 04 24 20 50  84  5.9  6.8  1.20  7.14  4.94  94 1009.4  27.9  28.1  25.5 99.0 99.00
2016 04 24 21 50  88  5.6  6.6  1.24  6.67  4.97 100 1009.6  27.9  28.0  25.6 99.0 99.00
2016 04 24 22 50  88  5.3  6.1  1.25  7.14  5.08  99 1009.9  27.8  28.0  25.4 99.0 99.00
2016 04 24 23 50  71  5.0  5.7  1.18  7.14  5.11 104 1010.8  27.8  28.0  25.5 99.0 99.00
2016 04 25 00 50  67  4.5  5.3  1.07  7.69  5.01 101 1011.6  27.8  27.9  25.6 99.0 99.00
2016 04 25 01 50  60  4.5  5.2  1.13  7.14  5.24  97 1012.0  27.7  27.9  25.6 99.0 99.00
2016 04 25 02 50  61  4.5  5.2  1.03  6.67  5.06  99 1012.2  27.8  27.9  25.9 99.0 99.00
2016 04 25 03 50  68  4.6  5.7  0.98  7.14  5.07 107 1012.3  27.7  27.9  25.8 99.0 99.00
2016 04 25 04 50  70  4.9  5.6  1.08  7.14  5.24  89 1011.7  27.6  27.9  25.6 99.0 99.00
2016 04 25 05 50  75  5.0  5.6  1.08  7.14  5.34  99 1011.0  27.5  27.9  25.5 99.0 99.00
2016 04 25 06 50  63  4.7  5.6  1.02  7.14  5.31  95 1010.6  27.5  27.9  25.6 99.0 99.00
2016 04 25 07 50  69  4.4  5.3  0.98  7.14  5.03 100 1010.4  27.5  27.8  25.5 99.0 99.00
2016 04 25 08 50  74  4.2  4.8  1.00  7.14  5.23  97 1010.1  27.4  27.8  25.3 99.0 99.00
2016 04 25 09 50  75  4.6  5.2  0.89  7.14  4.89 100 1010.8  27.5  27.8  25.5 99.0 99.00
2016 04 25 10 50  70  4.8  5.8  0.86  7.14  4.93 101 1011.2  27.6  27.8  25.5 99.0 99.00
2016 04 25 11 50  66  5.2  6.0  0.87  7.14  5.01  90 1011.6  27.6  27.8  25.5 99.0 99.00
2016 04 25 12 50  68  5.4  6.3  0.84  6.67  4.76  83 1011.9  27.7  27.8  25.5 99.0 99.00
2016 04 25 13 50  76  5.4  6.5  0.88  6.67  4.95  85 1012.1  27.9  27.8  25.5 99.0 99.00
2016 04 25 14 50  75  5.3  6.1  0.89  7.14  4.90  94 1012.2  27.8  27.9  25.3 99.0 99.00
2016 04 25 15 50  70  5.6  6.4  0.80  7.14  4.90  86 1012.0  27.8  28.0  25.3 99.0 99.00
2016 04 25 16 50  68  5.9  6.8  0.81  7.14  4.86  80 1011.6  27.9  28.1  25.5 99.0 99.00
2016 04 25 17 50  66  6.3  7.1  0.81  7.14  4.64  97 1010.7  27.9  28.2  25.3 99.0 99.00
2016 04 25 18 50  68  5.5  6.3  0.85  6.67  4.66  94 1010.2  28.0  28.2  25.3 99.0 99.00
2016 04 25 19 50  76  5.5  6.3  0.86  7.14  4.79  91 1010.1  28.1  28.3  25.3 99.0 99.00
2016 04 25 20 50  72  5.6  6.3  0.87  7.14  4.69  98 1009.6  28.1  28.2  25.2 99.0 99.00
2016 04 25 21 50  68  5.2  5.8  0.82  6.67  4.54  89 1009.4  28.1  28.2  25.3 99.0 99.00
2016 04 25 22 50  61  5.2  6.0  0.83  7.14  4.67  93 1009.5  28.0  28.2  25.3 99.0 99.00
2016 04 25 23 50  60  5.5  6.1  0.81  7.14  4.69  91 1010.0  27.8  28.1  25.2 99.0 99.00
2016 04 26 00 50  50  6.0  6.8  0.81  7.14  4.71  89 1010.1  27.8  28.1  25.4 99.0 99.00
2016 04 26 01 50  63  6.0  7.2  0.77  7.69  4.62  84 1010.3  27.8  28.1  25.2 99.0 99.00
2016 04 26 02 50  69  5.9  6.6  0.78  7.14  4.27  76 1010.9  27.8  28.1  25.2 99.0 99.00
2016 04 26 03 50  70  5.4  6.2  0.86  7.14  4.71  86 1010.7  27.7  28.0  25.3 99.0 99.00
2016 04 26 04 50  56  6.0  7.0  0.78  7.69  4.58  83 1010.3  27.7  28.0  25.3 99.0 99.00
2016 04 26 05 50  54  6.3  7.3  0.90  7.14  4.57  95 1009.6  27.6  28.0  25.3 99.0 99.00
2016 04 26 06 50  50  6.0  6.9  0.93  7.14  4.69  88 1008.9  27.5  28.0  25.3 99.0 99.00
2016 04 26 07 50  51  6.4  7.5  0.99  7.14  4.72  95 1008.3  27.4  28.0  25.1 99.0 99.00
2016 04 26 08 50  65  5.9  6.9  0.92  7.69  4.58  94 1008.2  27.5  28.0  25.3 99.0 99.00
2016 04 26 09 50  77  6.3  7.5  0.97  7.14  4.77  99 1009.0  27.4  28.0  25.3 99.0 99.00
2016 04 26 10 50  71  5.8  6.6  0.91  7.69  4.53  92 1009.2  27.6  27.9  25.3 99.0 99.00
2016 04 26 11 50  74  6.2  7.2  1.00  7.14  4.62  97 1010.0  27.8  27.9  25.0 99.0 99.00
2016 04 26 12 50  76  5.3  6.4  0.98  7.69  4.54 102 1010.7  27.8  27.9  25.2 99.0 99.00
2016 04 26 13 50  88  5.2  6.0  0.95  7.14  4.58  85 1010.9  28.0  28.0  25.2 99.0 99.00
2016 04 26 14 50  84  5.2  6.0  0.98  7.69  4.76  91 1011.0  28.0  28.1  25.0 99.0 99.00
2016 04 26 15 50  75  5.3  6.0  0.95  7.69  4.74  92 1010.9  28.0  28.2  24.9 99.0 99.00
2016 04 26 16 50  68  4.3  5.6  0.90  6.67  4.74  81 1010.6  27.9  28.3  25.0 99.0 99.00
2016 04 26 17 50  69  4.2  4.9  0.97  6.67  4.87  88 1009.8  28.1  28.4  25.1 99.0 99.00
2016 04 26 18 50  70  4.7  5.7  0.86  7.14  4.71  74 1008.8  28.0  28.5  25.1 99.0 99.00
2016 04 26 19 50  61  4.7  5.6  0.94  7.14  4.71  82 1008.2  28.1  28.5  25.1 99.0 99.00
2016 04 26 20 50  67  4.7  5.6  0.93  6.67  4.90  67 1007.9  28.1  28.5  25.1 99.0 99.00
2016 04 26 21 50  63  5.0  5.9  0.93  7.14  4.86  86 1007.4  27.9  28.5  25.3 99.0 99.00
2016 04 26 22 50  54  5.4  6.0  0.90  6.67  4.69  66 1008.1  27.9  28.4  25.4 99.0 99.00
2016 04 26 23 50  57  5.3  6.4  0.92  6.67  4.75  76 1008.8  27.9  28.3  25.4 99.0 99.00
2016 04 27 00 50  59  6.0  7.4  0.95  7.14  4.86  75 1009.3  28.0  28.3  25.5 99.0 99.00
2016 04 27 01 50  68  6.6  7.6  0.99  6.67  4.80  52 1010.2  27.9  28.2  25.6 99.0 99.00
2016 04 27 02 50  66  6.5  7.5  0.96  6.25  4.43  66 1010.4  27.8  28.2  25.4 99.0 99.00
2016 04 27 03 50  72  5.3  6.2  0.90  5.56  4.51  76 1010.4  27.8  28.2  25.4 99.0 99.00
2016 04 27 04 50  61  6.2  7.2  0.97  6.67  4.52  67 1010.0  27.8  28.2  25.4 99.0 99.00
2016 04 27 05 50  56  5.8  6.9  0.96  7.14  4.51  68 1009.5  27.7  28.1  25.6 99.0 99.00
2016 04 27 06 50  61  5.6  6.3  1.01  6.25  4.72  50 1009.0  27.6  28.1  25.2 99.0 99.00
2016 04 27 07 50  82  5.1  6.0  1.07  6.67  4.80  62 1008.5  27.5  28.1  25.4 99.0 99.00
2016 04 27 08 50  79  6.1  7.1  1.08  6.67  4.84  61 1008.6  27.6  28.1  25.4 99.0 99.00
2016 04 27 09 50  96  5.3  6.2  1.03  6.67  4.78  75 1009.1  27.6  28.1  25.2 99.0 99.00
2016 04 27 10 50  96  6.1  7.3  1.07  6.25  4.79  70 1009.4  27.8  28.1  24.9 99.0 99.00
2016 04 27 11 50  89  6.1  7.0  1.11  6.25  4.85  40 1010.0  28.0  28.0  25.0 99.0 99.00
2016 04 27 12 50  97  6.9  8.2  1.04  6.25  4.77  58 1010.6  28.2  28.0  24.6 99.0 99.00
2016 04 27 13 50 100  7.2  8.2  1.12  5.88  4.63  70 1010.7  28.1  28.1  24.7 99.0 99.00
2016 04 27 14 50  98  6.0  7.0  1.09  6.25  4.52  73 1010.7  28.0  28.1  24.5 99.0 99.00
2016 04 27 15 50  94  6.4  7.2  1.06  5.26  4.57  68 1010.8  28.1  28.2  24.4 99.0 99.00
2016 04 27 16 50 101  6.6  7.4  1.05  5.88  4.58  58 1010.6  28.1  28.2  24.3 99.0 99.00
2016 04 27 17 50 107  6.7  7.7  1.04  6.67  4.55  75 1010.1  28.2  28.3  24.1 99.0 99.00
2016 04 27 18 50 100  5.7  6.7  1.06  5.56  4.62  94 1009.9  28.1  28.4  24.3 99.0 99.00
2016 04 27 19 50  93  5.5  6.7  1.03  6.67  4.79  93 1009.1  28.2  28.4  24.4 99.0 99.00
2016 04 27 20 50  91  6.2  7.2  1.09  5.88  4.72  77 1008.4  28.2  28.4  24.2 99.0 99.00
2016 04 27 21 50  83  5.7  6.7  1.12  5.56  4.83  78 1008.3  28.2  28.4  24.1 99.0 99.00
2016 04 27 22 50  75  5.4  6.4  1.08  6.67  4.70  92 1009.1  28.1  28.3  24.3 99.0 99.00
2016 04 27 23 50  74  5.6  6.4  1.08  6.25  4.82  94 1009.8  28.0  28.3  24.6 99.0 99.00
2016 04 28 00 50  84  5.9  7.2  0.99  6.67  4.56  96 1009.9  28.0  28.3  24.6 99.0 99.00
2016 04 28 01 50  81  6.1  7.2  1.11  6.25  4.65 102 1010.5  28.0  28.2  24.5 99.0 99.00
2016 04 28 02 50  78  6.1  7.1  1.04  5.26  4.55  86 1011.0  28.0  28.2  24.6 99.0 99.00
2016 04 28 03 50  68  5.6  6.6  1.00  5.88  4.50  85 1011.3  28.0  28.2  24.9 99.0 99.00
2016 04 28 04 50  73  6.1  7.2  1.05  5.56  4.62  98 1011.1  27.9  28.2  24.9 99.0 99.00
2016 04 28 05 50  74  6.2  7.5  1.05  5.88  4.57  94 1010.6  27.8  28.2  24.9 99.0 99.00
2016 04 28 06 50  76  6.3  7.4  1.03  5.88  4.50  83 1010.2  27.7  28.2  25.0 99.0 99.00
2016 04 28 07 50  78  6.9  8.0  1.09  6.25  4.57  82 1010.0  27.7  28.2  24.8 99.0 99.00
2016 04 28 08 50  81  6.5  8.0  1.12  6.25  4.56  63 1010.4  27.8  28.2  24.8 99.0 99.00
2016 04 28 09 50  77  6.4  7.3  1.03  6.25  4.50  80 1010.6  27.9  28.2  25.0 99.0 99.00
2016 04 28 10 50  72  6.1  7.0  1.05  5.56  4.58  86 1011.1  27.9  28.2  25.3 99.0 99.00
2016 04 28 11 50  76  6.5  7.3  1.01  5.88  4.45  80 1011.7  28.1  28.2  25.4 99.0 99.00
2016 04 28 12 50  82  6.2  7.0  1.00  6.25  4.45  87 1012.3  28.3  28.2  25.4 99.0 99.00
2016 04 28 13 50  84  6.4  7.3  1.00  6.25  4.43  93 1012.6  28.3  28.2  25.3 99.0 99.00
2016 04 28 14 50  83  6.0  7.1  1.00  6.25  4.40 103 1012.8  28.3  28.3  25.5 99.0 99.00
2016 04 28 15 50  87  5.7  6.9  1.00  6.25  4.52  84 1012.7  28.3  28.4  25.4 99.0 99.00
2016 04 28 16 50  80  5.5  6.5  1.00  6.25  4.64  86 1012.5  28.4  28.5  25.6 99.0 99.00
2016 04 28 17 50  74  5.8  6.6  0.95  6.25  4.42  94 1012.1  28.3  28.5  25.4 99.0 99.00
2016 04 28 18 50  74  5.6  6.7  0.97  6.25  4.65  97 1011.3  28.3  28.5  25.5 99.0 99.00
2016 04 28 19 50  71  5.4  6.2  1.02  6.25  4.62  99 1010.5  28.3  28.6  25.6 99.0 99.00
2016 04 28 20 50  74  5.8  6.7  0.97  5.88  4.71  90 1009.9  28.4  28.6  25.7 99.0 99.00
2016 04 28 21 50  74  5.8  6.7  0.96  5.88  4.54  92 1010.2  28.5  28.6  25.5 99.0 99.00
2016 04 28 22 50  67  5.7  7.0  0.93  5.56  4.58  95 1010.5  28.3  28.6  25.8 99.0 99.00
2016 04 28 23 50  77  5.2  6.4  1.00  6.67  4.80  98 1011.3  28.2  28.5  25.7 99.0 99.00
2016 04 29 00 50  71  5.9  7.0  0.98  6.25  4.64  98 1011.5  28.2  28.5  25.7 99.0 99.00
2016 04 29 01 50  71  5.7  7.4  0.96  7.14  4.63 103 1012.2  28.2  28.4  25.8 99.0 99.00
2016 04 29 02 50  77  6.1  6.9  0.96  6.67  4.74  96 1012.6  28.2  28.4  25.8 99.0 99.00
2016 04 29 03 50  77  6.3  7.1  1.05  7.14  4.91  94 1012.5  28.1  28.3  25.7 99.0 99.00
2016 04 29 04 50  82  6.2  7.3  1.02  6.67  4.61  96 1011.8  28.0  28.3  25.8 99.0 99.00
2016 04 29 05 50  81  5.9  6.8  1.04  6.67  4.72  83 1011.2  28.0  28.3  25.6 99.0 99.00
2016 04 29 06 50  80  5.7  6.5  1.09  7.14  4.90  91 1010.8  27.9  28.3  25.7 99.0 99.00
2016 04 29 07 50  80  5.5  6.5  0.98  6.25  4.67  96 1010.3  27.9  28.3  25.7 99.0 99.00
2016 04 29 08 50  75  6.1  7.3  1.02  7.14  4.85  94 1010.4  28.0  28.3  25.6 99.0 99.00
2016 04 29 09 50  76  6.5  7.5  1.01  6.67  4.78  87 1010.7  28.0  28.3  25.5 99.0 99.00
2016 04 29 10 50  74  5.6  6.6  0.99  6.67  4.76  87 1011.1  27.7  28.3  25.7 99.0 99.00
2016 04 29 11 50  73  6.5  7.9  1.00  6.67  4.66  92 1011.6  28.1  28.3  25.5 99.0 99.00
2016 04 29 12 50  77  5.5  6.4  0.98  7.14  4.73  95 1012.2  28.3  28.3  25.6 99.0 99.00
2016 04 29 13 50  80  6.5  7.5  1.06  7.14  4.86 101 1012.0  28.3  28.4  25.6 99.0 99.00
2016 04 29 14 50  76  5.9  6.8  1.00  7.14  4.73  92 1012.2  28.3  28.4  25.7 99.0 99.00
2016 04 29 15 50  90  6.4  7.3  1.06  7.14  4.91  99 1011.7  28.3  28.5  25.7 99.0 99.00
2016 04 29 16 50  78  5.7  6.6  1.01  6.67  4.80  93 1011.6  28.4  28.6  25.9 99.0 99.00
2016 04 29 17 50  79  5.8  6.7  1.01  5.88  4.71  89 1010.7  28.4  28.7  25.8 99.0 99.00
2016 04 29 18 50  72  5.0  6.1  1.17  6.67  5.05  94 1010.1  28.3  28.6  25.9 99.0 99.00
2016 04 29 19 50 113 11.8 14.5  1.08  7.14  4.58  90 1009.5  25.1  28.5  24.1 99.0 99.00
2016 04 29 20 50 339  0.4  1.4  1.21  7.14  4.66 101 1009.7  24.1  28.2  22.9 99.0 99.00
2016 04 29 21 50   3  3.0  3.8  1.06  7.14  5.14  99 1009.7  26.2  28.3  25.3 99.0 99.00
2016 04 29 22 50  86  3.5  4.5  1.06  7.14  5.18  96 1009.6  27.1  28.3  26.0 99.0 99.00
2016 04 29 23 50  96  4.4  5.3  1.10  7.69  5.22  98 1010.1  27.2  28.3  25.3 99.0 99.00
2016 04 30 00 50  76  5.6  6.6  1.08  7.14  5.00 100 1010.5  28.1  28.3  26.0 99.0 99.00
2016 04 30 01 50  79  6.5  7.7  1.07  7.14  5.03  98 1010.8  28.2  28.4  25.9 99.0 99.00
2016 04 30 02 50  83  7.1  8.1  1.07  7.69  4.90 103 1010.8  28.1  28.4  25.7 99.0 99.00
2016 04 30 03 50  81  7.1  8.1  1.01  7.14  4.73 100 1010.7  28.1  28.3  25.7 99.0 99.00
2016 04 30 04 50  80  7.4  8.8  1.07  7.14  4.77  90 1010.2  28.1  28.3  25.5 99.0 99.00
2016 04 30 05 50  78  7.0  8.2  1.13  7.69  4.73  91 1009.7  28.1  28.3  25.4 99.0 99.00
2016 04 30 06 50  74  6.9  8.2  1.14  7.14  4.64  95 1009.2  28.0  28.3  25.7 99.0 99.00
2016 04 30 07 50  83  7.3  8.5  1.19  7.69  4.75 101 1008.9  27.9  28.3  25.3 99.0 99.00
2016 04 30 08 50  77  7.2  8.2  1.09  6.67  4.53  93 1008.6  28.0  28.3  25.4 99.0 99.00
2016 04 30 09 50  77  7.0  8.1  1.18  7.69  4.62  93 1008.9  28.0  28.3  25.5 99.0 99.00
2016 04 30 10 50  78  7.5  8.6  1.10  5.26  4.57  81 1009.5  28.0  28.3  25.4 99.0 99.00
2016 04 30 11 50  78  7.9  9.2  1.14  7.14  4.50 101 1010.3  28.2  28.2  25.4 99.0 99.00
2016 04 30 12 50  82  7.5  9.1  1.17  5.26  4.47  89 1010.5  28.2  28.2  25.5 99.0 99.00
2016 04 30 14 50  80  7.2  8.4  1.29  4.55  4.54  70 1010.7  28.4  28.3  25.5 99.0 99.00
2016 04 30 15 50  91  7.3  8.5  1.18  7.14  4.54  97 1010.3  28.3  28.4  25.6 99.0 99.00
2016 04 30 16 50  90  6.5  7.4  1.23  7.14  4.72  90 1010.2  28.4  28.4  25.6 99.0 99.00
2016 04 30 17 50  96  6.5  7.5  1.27  5.26  4.70  75 1009.6  28.4  28.5  25.5 99.0 99.00
2016 04 30 18 50  91  6.7  7.9  1.29  5.56  4.78  94 1009.1  28.4  28.5  25.4 99.0 99.00
2016 04 30 19 50  90  6.1  6.9  1.21  7.69  4.84  92 1008.3  28.4  28.5  25.5 99.0 99.00
2016 04 30 20 50  86  6.3  7.1  1.24  7.14  4.85 102 1007.5  28.4  28.5  25.5 99.0 99.00
2016 04 30 21 50  79  5.6  6.4  1.32  7.69  5.08  93 1007.5  28.4  28.5  25.4 99.0 99.00
2016 04 30 22 50  74  4.8  5.5  1.18  7.14  5.05  98 1008.1  28.4  28.6  25.6 99.0 99.00