#YY  MM DD hh mm WDIR WSPD GST  WVHT   DPD   APD MWD   PRES  ATMP  WTMP  DEWP  VIS  TIDE
#yr  mo dy hr mn degT m/s  m/s     m   sec   sec deg    hPa  degC  degC  degC  nmi    ft
2016 09 30 23 50  43 11.8 13.8  4.95 13.79  8.44 103 1007.1  28.7  28.9  25.0 99.0 99.00
2016 10 01 00 50  41 11.4 13.6  4.82 12.90  8.34  81 1007.7  29.1  28.8  25.0 99.0 99.00
2016 10 01 01 50  44 11.3 14.4  5.16 12.90  8.67  90 1008.3  29.3  28.8  24.4 99.0 99.00
2016 10 01 02 50  48 11.3 14.8  4.53 12.90  8.10  93 1008.4  29.4  28.9  25.0 99.0 99.00
2016 10 01 03 50  38 12.6 17.6  4.34 12.90  7.92  90 1008.2  27.9  28.8  24.1 99.0 99.00
2016 10 01 04 50  42 12.4 15.2  4.78 12.12  8.17  97 1007.3  28.9  28.8  24.3 99.0 99.00
2016 10 01 05 50  39 12.2 16.3  4.12 12.12  7.57  92 1006.7  28.9  28.8  23.1 99.0 99.00
2016 10 01 06 50  35 11.1 13.4  4.64 12.12  8.06 100 1005.9  29.1  28.8  24.7 99.0 99.00
2016 10 01 07 50  43 11.2 13.7  4.26 12.12  7.63  88 1005.7  28.8  28.9  24.6 99.0 99.00
2016 10 01 08 50  56 12.3 16.1  4.61 12.12  7.88  96 1005.9  26.7  28.9  25.0 99.0 99.00
2016 10 01 09 50  32 13.1 15.7  4.75 12.12  8.00 101 1006.1  26.7  28.9  25.1 99.0 99.00
2016 10 01 10 50  46 13.0 16.2  4.60 11.43  7.64  87 1006.8  26.9  28.9  25.0 99.0 99.00
2016 10 01 12 50  34 10.7 12.8  4.34 11.43  7.55  96 1007.1  27.5  28.8  25.3 99.0 99.00
2016 10 01 13 50  31 10.4 12.2  4.74 11.43  7.90 107 1007.5  28.5  28.8  24.8 99.0 99.00
2016 10 01 14 50  27  8.6 11.8  4.56 10.81  7.66  97 1007.7  26.0  28.8  25.2 99.0 99.00
2016 10 01 15 50  31 11.9 14.4  4.14 10.81  7.38 111 1007.2  27.6  28.9  25.6 99.0 99.00
2016 10 01 16 50  37 10.5 12.6  4.23 10.00  7.44 103 1006.6  27.3  29.0  25.9 99.0 99.00
2016 10 01 17 50  39 10.3 12.7  4.61 10.81  7.67 101 1005.9  27.8  29.0  26.0 99.0 99.00
2016 10 01 18 50  42  8.5 10.4  4.19 10.81  7.29 101 1005.2  27.8  29.0  25.8 99.0 99.00
2016 10 01 19 50  75 14.1 18.8  4.14 10.00  7.30 104 1004.7  27.2  29.0  24.1 99.0 99.00
2016 10 01 20 50  48  9.1 10.6  4.14 10.81  6.94  99 1004.4  27.0  28.9  25.2 99.0 99.00
2016 10 01 21 50  71 15.1 19.1  3.79 10.00  7.10 103 1004.2  25.1  28.9  24.7 99.0 99.00
2016 10 01 22 50  52 10.8 12.8  4.14  8.33  6.95  89 1004.1  25.7  28.9  24.0 99.0 99.00
2016 10 01 23 50  48 13.2 15.7  4.09 10.00  7.19  97 1004.9  26.8  28.9  25.4 99.0 99.00
2016 10 02 00 50  37 12.6 15.3  4.31 10.00  7.19  94 1005.3  26.9  28.9  25.9 99.0 99.00
2016 10 02 01 50  49 12.4 15.3  4.19 10.00  7.22 101 1005.1  28.0  28.8  26.2 99.0 99.00
2016 10 02 02 50  55 12.2 14.9  4.08 10.00  7.08 102 1005.4  28.7  28.8  23.6 99.0 99.00
2016 10 02 03 50  60 14.1 16.7  3.86 10.00  6.94  84 1004.7  28.7  28.8  24.6 99.0 99.00
2016 10 02 04 50  55 12.4 16.9  4.05 10.00  7.22  99 1004.0  27.6  28.8  24.5 99.0 99.00
2016 10 02 05 50  56 12.0 14.6  3.94 10.00  7.15  96 1003.5  28.6  28.8  25.4 99.0 99.00
2016 10 02 06 50  68 16.1 20.4  4.16 10.81  7.14  95 1002.0  27.9  28.7  24.7 99.0 99.00
2016 10 02 07 50  59 16.6 20.3  4.64 10.00  7.38  87 1001.2  27.6  28.6  25.0 99.0 99.00
2016 10 02 08 50  60 15.9 20.2  5.70 10.00  8.07  96 1001.0  27.6  28.6  26.1 99.0 99.00
2016 10 02 09 50  58 16.8 21.3  5.51 11.43  7.84 111 1001.2  27.7  28.7  24.2 99.0 99.00
2016 10 02 10 50  66 18.2 22.4  6.14 11.43  8.11 105 1001.4  27.1  28.8  23.6 99.0 99.00
2016 10 02 11 50  60 18.0 22.5  6.82 11.43  8.40 108 1001.1  27.1  28.7  24.8 99.0 99.00
2016 10 02 12 50  53 18.0 23.8  7.22 10.81  8.53 103 1001.3  26.3  28.7  25.1 99.0 99.00
2016 10 02 13 50  63 21.0 26.9  6.09 10.81  8.05  97 1000.9  25.5  28.7  24.9 99.0 99.00
2016 10 02 14 50  56 20.5 24.9  7.07 11.43  8.46 110 1000.4  26.2  28.7  25.0 99.0 99.00
2016 10 02 15 50  55 19.3 23.8  6.74 10.81  8.09 100  999.4  25.8  28.7  25.6 99.0 99.00
2016 10 02 16 50  56 19.8 25.8  6.23 10.00  7.94 108  998.1  25.2  28.7 999.0 99.0 99.00
2016 10 02 17 50  52 21.9 26.2  6.77 10.00  7.90 108  995.6  25.6  28.7 999.0 99.0 99.00
2016 10 02 18 50  54 22.5 29.7  7.23 10.00  8.27  91  993.9  25.4  28.5 999.0 99.0 99.00
2016 10 02 19 50  50 23.7 29.3  8.40 10.00  8.61  63  992.1  25.0  28.5 999.0 99.0 99.00
2016 10 02 20 50  60 24.2 29.6  7.98 10.81  8.11  44  991.0  25.2  28.2 999.0 99.0 99.00
2016 10 02 21 50  53 24.3 29.9  7.90 10.00  8.10  59  989.5  25.3  28.2 999.0 99.0 99.00
2016 10 02 22 50  75 23.2 28.5  7.32 10.00  7.76  78  990.2  25.7  28.1 999.0 99.0 99.00
2016 10 02 23 50  79 22.6 29.2  6.97 10.00  7.52  63  990.1  25.6  28.0 999.0 99.0 99.00
2016 10 03 00 50  74 24.0 29.0  6.22  9.09  7.31  83  989.6  25.5  28.0 999.0 99.0 99.00
2016 10 03 01 50  60 26.1 33.8  7.18  9.09  7.67  91  987.2  25.5  27.9 999.0 99.0 99.00
2016 10 03 02 50  66 27.8 35.0  7.71 10.00  7.81  56  983.5  25.6  27.8 999.0 99.0 99.00
2016 10 03 03 50  63 31.6 38.4 10.09 10.00  8.51 305  972.6  25.4  27.7 999.0 99.0 99.00
2016 10 03 04 50  73 33.0 40.9 10.35 10.81  8.64 355  958.1  25.7  27.5 999.0 99.0 99.00
2016 10 03 05 50  77 18.1 22.3  8.43  9.09  8.05  75  945.2  26.2  27.3 999.0 99.0 99.00
2016 10 03 06 50 264  5.6  8.4  5.80 10.00  7.23 110  943.7  26.3  26.9 999.0 99.0 99.00
2016 10 03 07 50 249 28.4 36.5  4.57 10.00  6.79 117  946.4  26.1  26.5 999.0 99.0 99.00
2016 10 03 08 50 243 33.2 41.0  6.58  9.09  7.59 122  959.2  25.3  26.0 999.0 99.0 99.00
2016 10 03 09 50 247 27.9 35.2  6.26 10.00  7.49 141  973.1  25.8  25.8 999.0 99.0 99.00
2016 10 03 10 50 246 25.5 32.7  5.58  8.33  7.03 198  978.4  26.1  25.7 999.0 99.0 99.00
2016 10 03 11 50 240 22.3 27.1  5.52 10.00  7.19 341  983.7  25.9  25.7 999.0 99.0 99.00
2016 10 03 12 50 240 21.0 27.6  5.03  9.09  6.90 316  986.9  26.0  25.6 999.0 99.0 99.00
2016 10 03 13 50 242 19.5 24.7  4.76  9.09  6.67 316  989.6  26.1  25.7 999.0 99.0 99.00
2016 10 03 14 50 241 21.0 27.2  4.97  8.33  6.85 267  991.0  26.0  25.7 999.0 99.0 99.00
2016 10 03 15 50 235 20.4 25.1  5.23  8.33  7.02 314  991.7  26.2  25.7 999.0 99.0 99.00
2016 10 03 16 50 237 19.2 23.9  5.17  9.09  7.06 325  993.4  26.7  25.7 999.0 99.0 99.00
2016 10 03 17 50 236 18.2 22.3  5.93  8.33  7.47 284  994.5  26.5  25.7 999.0 99.0 99.00
2016 10 03 18 50 225 18.0 21.7  5.28  8.33  7.23 266  995.9  25.6  25.7 999.0 99.0 99.00
2016 10 03 19 50 232 16.1 20.6  5.30  8.33  7.30 215  997.0  26.4  25.7 999.0 99.0 99.00
2016 10 03 20 50 231 16.0 19.5  5.47  9.09  7.49 325  997.8  26.9  25.7 999.0 99.0 99.00
2016 10 03 21 50 230 14.6 19.8  4.81  8.33  7.14 302  998.7  26.5  25.6 999.0 99.0 99.00
2016 10 03 22 50 223 15.1 18.5  4.66  9.09  7.23 330  999.8  25.8  25.6 999.0 99.0 99.00
2016 10 03 23 50 242 14.3 18.0  4.31  8.33  7.20 224 1000.9  26.8  25.6 999.0 99.0 99.00
2016 10 04 00 50 242 13.3 16.5  4.61  7.69  7.21 254 1002.1  26.8  25.7 999.0 99.0 99.00
2016 10 04 01 50 238 11.8 14.9  4.34  7.69  7.10 240 1003.8  27.3  25.7 999.0 99.0 99.00
2016 10 04 02 50 233 13.0 15.6  4.44  8.33  7.22 291 1003.7  27.3  25.8 999.0 99.0 99.00
2016 10 04 03 50 244 12.1 15.2  4.10  7.69  7.18 263 1004.7  27.1  25.8 999.0 99.0 99.00
2016 10 04 04 50 234 10.4 12.8  4.03  7.69  6.95 285 1005.0  27.1  25.9 999.0 99.0 99.00
2016 10 04 05 50 228  9.8 12.2  3.81  9.09  7.18 328 1004.7  27.0  25.9 999.0 99.0 99.00
2016 10 04 06 50 222 10.3 12.4  3.39  8.33  7.03 290 1004.3  27.1  25.9 999.0 99.0 99.00
2016 10 04 07 50 230  8.4 10.4  3.57  8.33  7.06 276 1004.3  26.2  26.0 999.0 99.0 99.00
2016 10 04 08 50 222  6.4  8.0  3.31  7.69  7.10 259 1005.2  26.9  26.0 999.0 99.0 99.00
2016 10 04 09 50 214  8.0  9.9  3.24  7.69  7.29 261 1005.4  27.2  26.0 999.0 99.0 99.00
2016 10 04 10 50 213  8.4 10.2  2.98  7.69  7.03 288 1005.9  27.0  26.1 999.0 99.0 99.00
2016 10 04 11 50 212  8.2 10.1  2.98  7.69  6.97 287 1006.7  27.1  26.0 999.0 99.0 99.00
2016 10 04 12 50 215  8.2 10.8  2.90  7.14  6.82 265 1007.7  27.1  26.1 999.0 99.0 99.00
2016 10 04 13 50 217  7.4  9.5  3.04 10.81  7.13   3 1008.5  27.3  26.1 999.0 99.0 99.00
2016 10 04 14 50 208  6.7  8.3  2.93  7.69  7.33 284 1008.9  27.2  26.1 999.0 99.0 99.00
2016 10 04 15 50 214  6.0  7.4  3.00 10.81  7.39 346 1008.9  27.1  26.1 999.0 99.0 99.00
2016 10 04 16 50 222  5.0  6.6  2.82 11.43  7.43 354 1008.8  27.2  26.2 999.0 99.0 99.00
2016 10 04 17 50 212  4.7  6.6  3.11  9.09  7.55 349 1008.2  27.0  26.2 999.0 99.0 99.00
2016 10 04 18 50 201  5.3  6.9  2.90 11.43  7.57  10 1007.1  26.8  26.2 999.0 99.0 99.00
2016 10 04 19 50 211  5.8  6.7  2.70 11.43  7.22   4 1006.6  27.0  26.3 999.0 99.0 99.00
2016 10 04 20 50 212  5.6  7.0  3.02 12.12  7.76   9 1006.4  27.0  26.6 999.0 99.0 99.00
2016 10 04 21 50 225  4.6  5.5  2.49  7.14  7.08 278 1007.1  27.1  26.6 999.0 99.0 99.00
2016 10 04 22 50 218  4.4  5.5  2.33  7.69  6.96 292 1007.4  26.9  26.7 999.0 99.0 99.00
2016 10 04 23 50 194  3.7  4.8  2.39  7.69  7.23 285 1008.1  26.8  26.7 999.0 99.0 99.00
2016 10 05 00 50 193  3.8  5.3  1.94  7.69  6.71 281 1008.6  26.8  26.8 999.0 99.0 99.00
2016 10 05 01 50 194  4.3  5.2  2.04 10.81  7.02   8 1009.4  26.9  26.8 999.0 99.0 99.00
2016 10 05 02 50 179  5.2  6.2  2.05  7.14  6.91 282 1009.8  26.8  26.9 999.0 99.0 99.00
2016 10 05 03 50 185  5.5  6.7  1.68  6.25  6.30 273 1010.0  27.0  26.9 999.0 99.0 99.00
2016 10 05 04 50 187  4.8  5.8  1.75  6.67  6.33 277 1010.0  26.9  26.8 999.0 99.0 99.00
2016 10 05 05 50 172  4.4  5.2  1.82  6.25  6.35 247 1009.5  26.7  26.8 999.0 99.0 99.00
2016 10 05 06 50 165  5.6  6.7  1.60  7.14  6.46 289 1009.0  26.6  26.7 999.0 99.0 99.00
2016 10 05 07 50 161  4.8  5.6  1.74  6.67  6.48 254 1008.9  26.5  26.5 999.0 99.0 99.00
2016 10 05 08 50 167  4.2  5.0  1.55  6.67  6.10 252 1009.0  26.5  26.4 999.0 99.0 99.00
2016 10 05 09 50 167  4.8  5.5  1.57  6.67  5.96 252 1009.2  26.4  26.3 999.0 99.0 99.00
2016 10 05 10 50 192  4.4  5.6  1.37  6.67  6.30 322 1009.4  26.5  26.6 999.0 99.0 99.00
2016 10 05 11 50 186  4.1  4.9  1.33  8.33  6.36 358 1009.9  26.8  26.7 999.0 99.0 99.00
2016 10 05 12 50 166  5.3  6.1  1.33  6.25  6.34 291 1010.7  27.2  27.1 999.0 99.0 99.00
2016 10 05 13 50 160  5.7  6.8  1.24  7.69  6.35 350 1011.2  27.3  27.2 999.0 99.0 99.00
2016 10 05 14 50 165  5.8  6.9  1.21  6.25  6.22 285 1011.4  27.5  27.3 999.0 99.0 99.00
2016 10 05 15 50 168  6.5  7.6  1.26  7.14  6.26 346 1011.3  27.5  27.4 999.0 99.0 99.00
2016 10 05 16 50 173  7.1  8.0  1.22  9.09  6.14   4 1010.7  27.7  27.7 999.0 99.0 99.00
2016 10 05 17 50 177  6.3  7.2  1.07  7.14  5.58  29 1009.9  27.7  27.7 999.0 99.0 99.00
2016 10 05 18 50 177  6.8  7.7  1.17  9.09  5.80  42 1009.0  27.9  28.0 999.0 99.0 99.00
2016 10 05 19 50 181  5.8  6.9  1.13  9.09  6.11  59 1008.8  27.9  28.4 999.0 99.0 99.00
2016 10 05 20 50 194  4.6  5.4  1.05  9.09  6.08  56 1008.3  27.9  28.4 999.0 99.0 99.00
2016 10 05 21 50 195  3.9  4.7  0.99  7.69  6.10  19 1008.5  27.9  28.4 999.0 99.0 99.00
2016 10 05 23 50 170  3.0  3.7  1.00  8.33  6.17  59 1009.5  27.7  28.5 999.0 99.0 99.00
2016 10 06 00 50 149  3.4  3.9  0.93  9.09  6.09  65 1010.3  27.8  28.4 999.0 99.0 99.00
2016 10 06 01 50 140  3.0  3.4  0.87  7.69  6.01  60 1010.8  27.8  28.4 999.0 99.0 99.00
2016 10 06 02 50 132  4.4  5.0  0.91  7.69  6.29  77 1011.2  27.8  28.4 999.0 99.0 99.00
2016 10 06 03 50 142  3.9  4.5  0.83  8.33  6.21  92 1011.1  28.2  28.5 999.0 99.0 99.00
2016 10 06 04 50 139  4.4  4.9  0.85  8.33  6.36  95 1010.5  28.0  28.5 999.0 99.0 99.00
2016 10 06 05 50 148  2.8  3.4  0.82  7.69  6.19  83 1010.1  28.1  28.5 999.0 99.0 99.00
2016 10 06 06 50 137  2.2  2.7  0.87  7.69  6.32  82 1009.9  28.0  28.5 999.0 99.0 99.00
2016 10 06 07 50 120  2.8  3.4  0.90  7.69  6.45 103 1010.0  28.2  28.5 999.0 99.0 99.00
2016 10 06 08 50 105  2.6  3.2  0.87  7.69  6.32  96 1009.8  28.1  28.5 999.0 99.0 99.00
2016 10 06 09 50 105  3.9  4.3  0.88  7.69  6.45  98 1009.8  28.0  28.6 999.0 99.0 99.00
2016 10 06 10 50  89  4.0  4.7  0.94  8.33  6.40 100 1010.3  28.0  28.5 999.0 99.0 99.00
2016 10 06 11 50  97  5.9  6.9  0.91  7.69  6.54  90 1010.6  28.1  28.5 999.0 99.0 99.00
2016 10 06 12 50 109  5.8  6.5  0.86  7.69  6.40  99 1011.1  28.6  28.6 999.0 99.0 99.00
2016 10 06 13 50 101  4.7  5.6  0.83  7.14  6.27  87 1011.7  28.3  28.6 999.0 99.0 99.00
2016 10 06 14 50 115  6.3  7.5  0.84  7.69  5.97 101 1011.4  28.9  28.7 999.0 99.0 99.00
2016 10 06 15 50 118  6.5  7.4  0.89  6.67  4.91  94 1010.9  28.8  28.8 999.0 99.0 99.00
2016 10 06 16 50 117  5.8  6.8  0.93  7.14  4.38  93 1010.1  28.8  28.9 999.0 99.0 99.00
2016 10 06 17 50 121  5.1  5.8  1.00  7.14  4.98  97 1009.8  28.8  29.0 999.0 99.0 99.00
2016 10 06 18 50 119  5.8  6.4  0.92  7.14  4.67 153 1009.2  28.9  29.0 999.0 99.0 99.00
2016 10 06 19 50 119  3.9  4.6  0.93  6.67  4.81 117 1008.8  28.9  29.1 999.0 99.0 99.00
2016 10 06 20 50  97  4.4  5.2  0.98  7.14  4.87 112 1008.6  28.9  29.1 999.0 99.0 99.00
2016 10 06 21 50  87  5.6  6.4  0.90  7.14  4.89  59 1008.6  28.8  29.0 999.0 99.0 99.00
2016 10 06 22 50  80  5.3  6.1  0.95  6.67  4.92  82 1008.7  28.8  28.9 999.0 99.0 99.00
2016 10 06 23 50  78  5.5  6.3  0.95  6.67  4.87 103 1009.2  28.8  28.8 999.0 99.0 99.00
2016 10 07 00 50  74  6.3  7.3  0.99  7.14  4.91  83 1009.7  28.7  28.7 999.0 99.0 99.00
2016 10 07 01 50  71  6.6  7.4  0.89  6.67  4.46 104 1010.2  28.7  28.7 999.0 99.0 99.00
2016 10 07 02 50  74  6.2  6.9  1.01  6.67  4.61 126 1010.6  28.7  28.6 999.0 99.0 99.00
2016 10 07 03 50  78  5.9  6.7  0.93  7.14  4.26 146 1010.9  28.8  28.7 999.0 99.0 99.00
2016 10 07 04 50  75  5.5  7.0  0.95  6.67  4.43 147 1010.7  28.6  28.6 999.0 99.0 99.00
2016 10 07 05 50  82  7.0  8.2  0.94  6.67  4.30 102 1010.1  28.7  28.6 999.0 99.0 99.00
2016 10 07 06 50  77  6.4  7.2  0.97  6.67  4.25 155 1009.1  28.6  28.6 999.0 99.0 99.00
2016 10 07 07 50  81  6.1  7.0  0.99  6.67  4.30 132 1008.6  28.6  28.6 999.0 99.0 99.00
2016 10 07 08 50  93  7.9  9.0  0.95  6.67  4.21 142 1008.1  28.7  28.6 999.0 99.0 99.00
2016 10 07 09 50  90  7.4  8.9  1.03  5.56  4.32 130 1008.9  28.7  28.6 999.0 99.0 99.00
2016 10 07 10 50  84  7.7  8.9  1.03  6.67  4.12  42 1009.0  28.7  28.6 999.0 99.0 99.00
2016 10 07 11 50  89  7.5  8.4  1.03  6.67  4.10 123 1009.8  28.8  28.6 999.0 99.0 99.00
2016 10 07 12 50  91  8.7 10.0  1.03  6.25  4.24 147 1010.2  29.0  28.6 999.0 99.0 99.00
2016 10 07 13 50  98  8.3  9.2  1.08  5.88  4.03 133 1010.7  27.7  28.6 999.0 99.0 99.00
2016 10 07 14 50  76  6.6  7.9  1.11  4.76  4.34  91 1010.7  28.4  28.7 999.0 99.0 99.00
2016 10 07 15 50  67  7.2  8.2  1.05  6.25  4.28 119 1010.5  27.9  28.7 999.0 99.0 99.00
2016 10 07 16 50  81  7.8  9.2  1.13  4.55  4.21  59 1010.1  28.6  28.8 999.0 99.0 99.00
2016 10 07 17 50  83  6.9  7.7  1.07  5.56  4.22  78 1009.3  28.4  28.9 999.0 99.0 99.00
2016 10 07 18 50  97  7.0  7.9  1.11  6.25  4.45 102 1008.7  28.7  28.9 999.0 99.0 99.00
2016 10 07 19 50  79  7.0  8.1  1.01  5.88  4.36 105 1008.1  28.7  29.0 999.0 99.0 99.00
2016 10 07 20 50  78  7.1  8.1  1.05  6.25  4.31  85 1007.8  28.9  29.0 999.0 99.0 99.00
2016 10 07 21 50  79  5.2  6.2  1.02  6.25  4.43  84 1007.9  28.6  29.0 999.0 99.0 99.00
2016 10 07 22 50  73  7.5  8.8  0.92  6.25  4.18  79 1007.9  28.9  28.9 999.0 99.0 99.00
2016 10 07 23 50  65  7.7  9.0  1.04  6.25  4.32  97 1008.5  28.8  28.9 999.0 99.0 99.00
2016 10 08 00 50  64  7.8  8.9  1.02  6.67  4.12  89 1009.2  28.8  28.9 999.0 99.0 99.00
2016 10 08 01 50  64  7.5  8.9  1.02  6.67  4.15 106 1010.2  28.8  28.8 999.0 99.0 99.00
2016 10 08 02 50  66  7.4  8.9  1.07  6.67  4.34  92 1010.6  28.8  28.8 999.0 99.0 99.00
2016 10 08 03 50  68  7.0  8.4  1.10  6.25  4.43  85 1010.5  28.7  28.8 999.0 99.0 99.00
2016 10 08 04 50  67  6.7  8.0  1.08  7.14  4.39 103 1010.3  28.7  28.8 999.0 99.0 99.00
2016 10 08 05 50  60  6.6  7.8  1.03  6.67  4.39 108 1009.9  28.7  28.8 999.0 99.0 99.00
2016 10 08 06 50  60  6.0  7.3  0.99  6.67  4.45 104 1009.4  28.6  28.8 999.0 99.0 99.00
2016 10 08 07 50  60  5.5  6.4  0.95  7.14  4.41  91 1009.4  28.5  28.8 999.0 99.0 99.00
2016 10 08 08 50  59  5.4  6.1  1.02  6.25  4.70 100 1009.5  28.5  28.8 999.0 99.0 99.00
2016 10 08 09 50  47  7.5  9.9  0.92  7.14  4.52 101 1009.5  28.2  28.8 999.0 99.0 99.00
2016 10 08 10 50  45  3.5  4.7  0.92  6.25  4.55 104 1010.4  28.0  28.7 999.0 99.0 99.00
2016 10 08 11 50  56  3.5  4.6  0.86  6.67  4.71  89 1010.9  27.9  28.7 999.0 99.0 99.00
2016 10 08 12 50  52  5.6  6.5  0.89  6.67  4.47  96 1011.3  28.7  28.7 999.0 99.0 99.00
2016 10 08 13 50  49  6.5  7.7  0.91  6.67  4.52  96 1011.5  28.8  28.7 999.0 99.0 99.00
2016 10 08 14 50  52  6.1  7.0  0.89  6.25  4.56 108 1011.8  28.9  28.8 999.0 99.0 99.00
2016 10 08 15 50  57  6.0  6.9  0.92  6.67  4.53  99 1011.1  29.0  28.9 999.0 99.0 99.00
2016 10 08 16 50  55  6.8  8.0  1.00  7.14  4.59  92 1010.1  28.9  28.9 999.0 99.0 99.00
2016 10 08 17 50  58  6.0  6.8  0.97  7.14  4.61 100 1009.3  28.8  29.0 999.0 99.0 99.00
2016 10 08 18 50  56  5.2  6.1  0.94  7.14  4.44  90 1008.6  28.8  29.0 999.0 99.0 99.00
2016 10 08 19 50  68  6.0  7.0  0.90  6.67  4.50  81 1007.9  29.0  29.1 999.0 99.0 99.00
2016 10 08 20 50  57  6.3  7.5  0.88  6.67  4.45  90 1008.0  28.9  29.1 999.0 99.0 99.00
2016 10 08 21 50  53  5.7  7.0  0.90  6.67  4.46  99 1008.3  28.8  29.0 999.0 99.0 99.00
2016 10 08 23 50  36  6.7  7.7  0.89  6.25  4.31  87 1009.0  28.6  29.1 999.0 99.0 99.00
2016 10 09 00 50  46  5.8  6.6  0.79  6.67  4.24  93 1009.7  28.5  29.0 999.0 99.0 99.00
2016 10 09 01 50  52  5.9  7.3  0.86  6.25  4.19  91 1010.6  28.7  29.0 999.0 99.0 99.00
2016 10 09 02 50  47  5.2  6.2  0.83  6.25  4.25  91 1010.9  28.7  29.0 999.0 99.0 99.00
2016 10 09 03 50  45  6.0  7.3  0.79  6.25  4.19  92 1010.6  28.8  29.0 999.0 99.0 99.00
2016 10 09 04 50  47  5.9  6.8  0.79  5.88  4.10  95 1010.5  28.8  29.0 999.0 99.0 99.00
2016 10 09 05 50  42  5.9  6.8  0.85  6.25  4.22  98 1009.9  28.6  29.0 999.0 99.0 99.00
2016 10 09 06 50  50  4.2  4.9  0.84  5.88  4.17  89 1009.2  28.3  28.9 999.0 99.0 99.00
2016 10 09 07 50  38  6.7  7.6  0.84  5.88  4.18  83 1008.8  28.5  28.9 999.0 99.0 99.00
2016 10 09 08 50  37  6.4  7.5  0.80  4.17  4.10  63 1008.4  28.5  28.9 999.0 99.0 99.00
2016 10 09 09 50  32  5.8  7.0  0.83  5.88  4.09 103 1008.6  28.5  28.9 999.0 99.0 99.00
2016 10 09 10 50  32  5.6  6.5  0.81  6.25  4.15  93 1009.1  28.5  28.9 999.0 99.0 99.00
2016 10 09 11 50  44  5.6  7.2  0.86  5.88  4.24  99 1010.0  28.6  28.9 999.0 99.0 99.00
2016 10 09 12 50  45  6.0  7.2  0.88  5.88  4.24 101 1010.5  29.0  28.9 999.0 99.0 99.00
2016 10 09 13 50  43  6.4  7.6  0.78  6.67  4.13  80 1010.9  29.0  28.9 999.0 99.0 99.00
2016 10 09 14 50  34  6.1  7.3  0.79  6.67  4.20  83 1010.8  29.0  29.0 999.0 99.0 99.00
2016 10 09 15 50  48  7.4  8.5  0.83  6.25  4.30  88 1010.9  29.1  29.0 999.0 99.0 99.00
2016 10 09 16 50  32  8.1  9.6  0.92  5.88  4.30  80 1009.7  29.1  29.0 999.0 99.0 99.00
2016 10 09 17 50  28  9.3 11.1  1.05  4.35  4.29  44 1008.5  29.1  28.9 999.0 99.0 99.00
2016 10 09 18 50  40  7.6  8.8  1.20  4.35  4.43  37 1008.1  28.0  28.9 999.0 99.0 99.00
2016 10 09 19 50  30  7.2  8.8  1.21  5.00  4.58  49 1007.8  28.5  29.0 999.0 99.0 99.00
2016 10 09 20 50  19  8.3  9.6  1.22  4.35  4.66  38 1007.6  28.8  29.0 999.0 99.0 99.00
2016 10 09 21 50  17  7.8  9.2  1.38  4.76  4.85  29 1007.6  28.1  29.0 999.0 99.0 99.00
2016 10 09 22 50  44  7.5  8.6  1.29  6.67  4.78  81 1008.0  28.0  29.0 999.0 99.0 99.00
2016 10 09 23 50  69  7.9  9.3  1.28  5.26  4.67  35 1008.8  28.4  28.9 999.0 99.0 99.00
2016 10 10 00 50  73 10.5 12.4  1.34  5.26  4.60   6 1009.2  28.6  28.9 999.0 99.0 99.00
2016 10 10 01 50  88  9.0 11.0  1.31  5.56  4.42  38 1010.4  28.6  28.9 999.0 99.0 99.00
2016 10 10 02 50  89  9.4 11.0  1.26  5.26  4.35  39 1010.8  28.8  29.0 999.0 99.0 99.00
2016 10 10 03 50  97  8.4  9.9  1.23  5.56  4.39  57 1011.0  28.8  29.0 999.0 99.0 99.00
2016 10 10 04 50  96  7.5  8.5  1.24  5.88  4.44  54 1010.8  28.7  28.9 999.0 99.0 99.00
2016 10 10 05 50  91  6.5  7.4  1.04  7.14  4.35  65 1010.5  28.6  29.0 999.0 99.0 99.00
2016 10 10 07 50  90  6.6  7.7  0.92  7.14  4.38  88 1009.9  28.7  29.1 999.0 99.0 99.00
2016 10 10 08 50  91  6.0  6.9  0.88  6.25  4.30  63 1009.6  28.6  29.2 999.0 99.0 99.00
2016 10 10 09 50  88  5.4  6.3  0.82  5.56  4.47  52 1009.8  28.6  29.2 999.0 99.0 99.00
2016 10 10 10 50  77  5.9  6.7  0.79  5.56  4.54  47 1010.0  28.6  29.2 999.0 99.0 99.00
2016 10 10 11 50  78  5.5  6.6  0.79  7.69  4.33  95 1010.6  29.0  29.2 999.0 99.0 99.00
2016 10 10 12 50  84  5.4  6.1  0.77  6.67  4.26 104 1011.6  29.2  29.2 999.0 99.0 99.00
2016 10 10 13 50  86  5.6  6.3  0.72  7.14  4.27 109 1012.1  29.2  29.2 999.0 99.0 99.00
2016 10 10 14 50  82  5.7  6.7  0.70  7.14  4.27  95 1012.2  29.1  29.3 999.0 99.0 99.00
2016 10 10 15 50  93  5.4  6.1  0.72  8.33  4.31 101 1011.7  29.2  29.4 999.0 99.0 99.00
2016 10 10 16 50  81  5.0  6.0  0.72  7.14  4.25 109 1011.0  29.0  29.5 999.0 99.0 99.00
2016 10 10 17 50  80  4.6  5.5  0.71  6.25  4.28  92 1010.4  29.1  29.6 999.0 99.0 99.00
2016 10 10 18 50  71  4.9  5.7  0.69  7.14  4.26  97 1010.0  29.1  29.7 999.0 99.0 99.00
2016 10 10 19 50  76  4.5  5.1  0.70  8.33  4.55 118 1009.6  29.2  29.7 999.0 99.0 99.00
2016 10 10 20 50  65  4.9  5.8  0.66  6.67  4.49 109 1009.3  29.1  29.7 999.0 99.0 99.00
2016 10 10 21 50  66  4.9  5.6  0.63  6.25  4.38  84 1009.7  29.1  29.6 999.0 99.0 99.00
2016 10 10 22 50  83  6.1  6.8  0.70  5.88  4.38  51 1010.0  28.7  29.5 999.0 99.0 99.00
2016 10 10 23 50  65  4.9  5.5  0.68  6.67  4.21  99 1010.7  28.6  29.4 999.0 99.0 99.00
2016 10 11 00 50  67  4.5  5.3  0.67  6.67  4.32  77 1011.3  28.8  29.4 999.0 99.0 99.00
2016 10 11 01 50  70  4.7  5.3  0.64  6.67  4.38 103 1011.9  29.0  29.3 999.0 99.0 99.00
2016 10 11 02 50  78  5.5  6.2  0.64  6.25  4.45 107 1012.1  28.9  29.2 999.0 99.0 99.00
2016 10 11 03 50  80  4.4  5.1  0.64  6.67  4.29  84 1012.2  28.8  29.0 999.0 99.0 99.00
2016 10 11 04 50  77  5.9  7.4  0.65  5.26  4.34  74 1011.7  28.6  29.1 999.0 99.0 99.00
2016 10 11 05 50  64  5.0  5.7  0.65  5.88  4.32  90 1011.0  28.7  29.1 999.0 99.0 99.00
2016 10 11 06 50  53  4.7  5.4  0.62  5.88  4.22 105 1010.4  28.6  29.1 999.0 99.0 99.00
2016 10 11 07 50  58  4.6  5.6  0.60  5.56  4.20  89 1009.9  28.5  29.0 999.0 99.0 99.00
2016 10 11 08 50  82  4.5  5.2  0.62  6.67  4.37  97 1009.9  28.5  29.1 999.0 99.0 99.00
2016 10 11 09 50  70  4.2  5.0  0.63  5.88  4.53  98 1010.1  28.5  29.1 999.0 99.0 99.00
2016 10 11 10 50  68  4.5  5.1  0.64  6.25  4.65 105 1010.4  28.4  29.1 999.0 99.0 99.00
2016 10 11 11 50  63  4.3  4.9  0.66  5.88  4.53  99 1010.8  28.8  29.1 999.0 99.0 99.00
2016 10 11 12 50  66  4.2  4.9  0.66  6.25  4.42 102 1011.6  28.9  29.1 999.0 99.0 99.00
2016 10 11 13 50  65  4.4  5.4  0.66  5.88  4.46 107 1012.1  29.0  29.2 999.0 99.0 99.00
2016 10 11 14 50  69  4.6  5.3  0.61  5.88  4.51  94 1012.3  28.9  29.2 999.0 99.0 99.00
2016 10 11 15 50  70  4.3  5.0  0.67  5.88  4.37 110 1011.8  28.9  29.3 999.0 99.0 99.00
2016 10 11 16 50  62  4.2  5.3  0.65  6.25  4.50 109 1011.4  28.9  29.6 999.0 99.0 99.00
2016 10 11 18 50  60  4.5  5.2  0.65  5.88  4.64 106 1009.7  29.0  29.7 999.0 99.0 99.00
2016 10 11 19 50  75  4.8  5.8  0.64  6.25  4.57 106 1009.1  29.0  29.7 999.0 99.0 99.00
2016 10 11 20 50  68  5.2  5.9  0.66  5.88  4.44 106 1008.6  29.0  29.7 999.0 99.0 99.00
2016 10 11 21 50  66  5.1  6.0  0.67  5.88  4.38 105 1008.6  29.0  29.6 999.0 99.0 99.00
2016 10 11 23 50  56  5.8  7.0  0.66  6.25  4.06 111 1009.6  28.9  29.4 999.0 99.0 99.00
2016 10 12 00 50  57  5.6  6.4  0.67  6.25  3.85 116 1010.6  28.9  29.3 999.0 99.0 99.00
2016 10 12 01 50  51  5.8  6.7  0.65  5.56  3.77  99 1011.4  29.0  29.3 999.0 99.0 99.00
2016 10 12 02 50  47  5.9  7.0  0.65  3.03  3.69  69 1011.5  29.0  29.3 999.0 99.0 99.00
2016 10 12 03 50  54  6.9  7.9  0.65  5.88  3.74 104 1011.2  28.9  29.3 999.0 99.0 99.00
2016 10 12 04 50  53  6.4  7.5  0.71  6.67  3.81 104 1010.9  28.8  29.2 999.0 99.0 99.00
2016 10 12 05 50  57  6.4  7.4  0.74  3.70  3.78  91 1010.1  28.7  29.2 999.0 99.0 99.00
2016 10 12 06 50  62  5.9  6.7  0.72  3.45  3.78  85 1009.5  28.7  29.2 999.0 99.0 99.00
2016 10 12 07 50  68  6.0  6.9  0.70  4.00  3.81 108 1009.1  28.7  29.2 999.0 99.0 99.00
2016 10 12 08 50  61  6.0  6.7  0.71  6.25  3.80 109 1009.2  28.6  29.2 999.0 99.0 99.00
2016 10 12 09 50  86  6.9  7.9  0.71  3.70  3.86  82 1009.6  28.7  29.2 999.0 99.0 99.00
2016 10 12 10 50  46  4.7  5.4  0.75  4.00  3.91  96 1010.2  28.3  29.1 999.0 99.0 99.00
2016 10 12 11 50  76  1.8  4.3  0.73  6.67  3.87 127 1011.1  27.0  28.8 999.0 99.0 99.00
2016 10 12 12 50  68  5.2  6.5  0.74  4.17  3.98  83 1011.7  28.8  29.1 999.0 99.0 99.00
2016 10 12 13 50  67  4.9  6.0  0.70  3.85  3.98  82 1011.8  29.0  29.2 999.0 99.0 99.00
2016 10 12 14 50  84  5.7  6.5  0.72  4.00  3.98  97 1011.8  29.2  29.3 999.0 99.0 99.00
2016 10 12 15 50  93  5.4  6.3  0.67  4.35  4.14  92 1011.5  29.3  29.5 999.0 99.0 99.00
2016 10 12 16 50  91  5.9  6.7  0.64  4.35  4.00  65 1010.6  29.2  29.5 999.0 99.0 99.00
2016 10 12 17 50  94  5.8  6.8  0.66  5.88  4.06  64 1010.1  29.3  29.5 999.0 99.0 99.00
2016 10 12 18 50  92  5.1  5.8  0.70  6.25  4.02   5 1009.6  29.4  29.7 999.0 99.0 99.00
2016 10 12 19 50 104  6.0  6.7  0.67  4.17  3.88  91 1008.7  29.4  29.6 999.0 99.0 99.00
2016 10 12 20 50  99  5.4  6.2  0.77  4.00  4.09  99 1008.5  29.4  29.5 999.0 99.0 99.00
2016 10 12 21 50  92  5.0  5.6  0.74  4.55  4.11  98 1008.8  29.4  29.5 999.0 99.0 99.00
2016 10 12 22 50  85  5.2  6.0  0.72  7.14  4.16  92 1009.3  29.3  29.5 999.0 99.0 99.00
2016 10 12 23 50  85  5.4  6.4  0.74  6.25  4.35 104 1010.3  29.3  29.5 999.0 99.0 99.00
2016 10 13 00 50  87  5.3  6.5  0.79  6.67  4.30  97 1010.9  29.3  29.5 999.0 99.0 99.00
2016 10 13 01 50  82  5.9  6.6  0.79  5.26  4.31 102 1011.5  29.2  29.5 999.0 99.0 99.00
2016 10 13 02 50 107  4.4  5.9  0.81  5.56  4.49 107 1011.9  28.7  29.5 999.0 99.0 99.00
2016 10 13 03 50  96  5.9  6.8  0.81  6.67  4.43 102 1011.7  29.2  29.5 999.0 99.0 99.00
2016 10 13 04 50  86  5.9  6.7  0.88  6.25  4.43 113 1011.4  29.1  29.5 999.0 99.0 99.00
2016 10 13 05 50  59  5.8  6.7  0.87  6.25  4.33 109 1010.4  28.9  29.5 999.0 99.0 99.00
2016 10 13 06 50  68  6.2  7.0  0.88  7.14  4.24 116 1009.8  28.8  29.5 999.0 99.0 99.00
2016 10 13 07 50  80  5.9  7.2  0.83  7.69  4.36 107 1009.7  28.7  29.5 999.0 99.0 99.00
2016 10 13 08 50  79  4.9  6.7  0.93  7.14  4.50 107 1009.8  28.7  29.5 999.0 99.0 99.00
2016 10 13 09 50  19  4.2  5.2  0.96  7.14  4.38 116 1010.1  26.8  29.4 999.0 99.0 99.00
2016 10 13 10 50 126  9.3 13.0  0.95  6.67  4.58 113 1010.2  25.9  29.4 999.0 99.0 99.00
2016 10 13 11 50 112  6.3  8.9  1.02  6.67  4.19 109 1012.0  26.0  29.3 999.0 99.0 99.00
2016 10 13 12 50 118  6.6  7.5  1.05  6.25  4.20 117 1012.2  28.7  29.2 999.0 99.0 99.00
2016 10 13 13 50 108  6.3  7.3  1.08  6.67  4.30  99 1012.4  28.9  29.3 999.0 99.0 99.00
2016 10 13 14 50 100  7.3  8.4  1.09  6.67  4.31 116 1012.7  29.2  29.4 999.0 99.0 99.00
2016 10 13 15 50  99  6.1  6.8  1.13  6.67  4.52  98 1012.6  29.2  29.4 999.0 99.0 99.00
2016 10 13 16 50 109  6.9  8.3  1.03  4.76  4.25 101 1012.1  29.3  29.4 999.0 99.0 99.00
2016 10 13 17 50  97  6.5  7.5  1.10  5.26  4.26 115 1011.2  29.2  29.4 999.0 99.0 99.00
2016 10 13 18 50 102  5.2  6.4  0.98  5.00  4.38 118 1010.6  29.1  29.4 999.0 99.0 99.00
2016 10 13 19 50 104  5.1  6.1  0.98  6.67  4.43  96 1010.6  29.1  29.4 999.0 99.0 99.00
2016 10 13 20 50  95  5.8  6.7  0.93  6.25  4.32  97 1010.4  29.2  29.4 999.0 99.0 99.00
2016 10 13 21 50  92  5.4  6.1  0.91  6.67  4.39 105 1010.8  29.1  29.4 999.0 99.0 99.00
2016 10 13 22 50  90  5.3  6.0  0.96  7.14  4.60 106 1011.2  29.1  29.3 999.0 99.0 99.00
2016 10 13 23 50  74  6.1  7.2  0.85  7.14  4.41 109 1011.3  29.1  29.3 999.0 99.0 99.00
2016 10 14 00 50  73  6.6  7.9  0.89  6.25  4.53 107 1012.1  29.0  29.3 999.0 99.0 99.00
2016 10 14 01 50  59  6.0  7.0  0.87  6.67  4.31 106 1012.7  28.7  29.3 999.0 99.0 99.00
2016 10 14 02 50  63  8.3  9.8  0.81  6.25  4.17  98 1012.5  29.1  29.4 999.0 99.0 99.00
2016 10 14 03 50  68  9.1 10.8  0.99  5.88  4.01 107 1012.4  29.1  29.3 999.0 99.0 99.00
2016 10 14 04 50  66  8.8 10.6  1.00  7.14  4.09 111 1012.4  29.1  29.4 999.0 99.0 99.00
2016 10 14 05 50  70  8.9 10.1  1.02  4.17  3.98  95 1011.9  29.1  29.4 999.0 99.0 99.00
2016 10 14 06 50  70 10.3 12.4  1.19  4.00  4.11  87 1011.3  29.0  29.3 999.0 99.0 99.00
2016 10 14 07 50  85 10.1 12.5  1.42  4.35  4.35  81 1010.2  28.5  29.2 999.0 99.0 99.00
2016 10 14 08 50  75 10.2 12.7  1.35  4.76  4.27  80 1010.0  28.8  29.3 999.0 99.0 99.00
2016 10 14 09 50  79  7.8  9.3  1.29  4.55  4.16  87 1010.7  29.0  29.3 999.0 99.0 99.00
2016 10 14 10 50  84  7.4  8.6  1.23  4.76  4.23  78 1011.4  29.1  29.3 999.0 99.0 99.00
2016 10 14 11 50  75  7.0  8.1  1.16  4.55  4.33  95 1012.8  29.1  29.3 999.0 99.0 99.00
2016 10 14 12 50  79  7.9  9.4  1.14  4.76  4.17  93 1013.2  29.3  29.3 999.0 99.0 99.00
2016 10 14 13 50  57  6.7  8.0  1.07  5.00  4.16  96 1013.6  29.0  29.3 999.0 99.0 99.00
2016 10 14 14 50  84  8.2  9.3  1.13  5.26  4.24  85 1013.5  29.6  29.3 999.0 99.0 99.00
2016 10 14 15 50  87  8.0  9.6  1.13  4.76  4.08 101 1013.2  29.4  29.4 999.0 99.0 99.00
2016 10 14 16 50  78  7.7  8.9  1.20  4.76  4.15  98 1012.6  29.3  29.4 999.0 99.0 99.00
2016 10 14 17 50  64  7.4 12.5  1.23  4.35  4.10  95 1012.4  26.8  29.3 999.0 99.0 99.00
2016 10 14 18 50  96  6.5  7.8  1.14  4.35  4.06 101 1011.6  29.0  29.3 999.0 99.0 99.00
2016 10 14 19 50  74  9.9 12.6  1.30  4.76  4.27  99 1011.4  26.4  29.3 999.0 99.0 99.00
2016 10 14 20 50  79  6.6  8.4  1.31  5.88  4.18 113 1011.2  27.1  29.2 999.0 99.0 99.00
2016 10 14 21 50  41  6.9  8.2  1.48  5.56  4.47 105 1011.5  27.4  29.2 999.0 99.0 99.00
2016 10 14 23 50  31  7.0  8.1  1.29  5.56  4.52 111 1012.0  27.6  29.2 999.0 99.0 99.00
2016 10 15 00 50  45  8.3  9.5  1.37  6.25  4.60 113 1012.3  28.6  29.2 999.0 99.0 99.00
2016 10 15 01 50  39  8.3  9.9  1.30  5.88  4.62 112 1012.7  28.7  29.2 999.0 99.0 99.00
2016 10 15 02 50  53  8.5  9.8  1.30  6.67  4.55 117 1012.9  28.9  29.3 999.0 99.0 99.00
2016 10 15 03 50  59  9.5 11.0  1.37  6.67  4.55 110 1012.5  28.9  29.3 999.0 99.0 99.00
2016 10 15 05 50  71  9.5 11.2  1.44  6.67  4.51 103 1011.6  29.1  29.3 999.0 99.0 99.00
2016 10 15 06 50  71  8.3 10.0  1.48  6.25  4.50 113 1011.0  29.0  29.3 999.0 99.0 99.00
2016 10 15 07 50  70  9.4 11.4  1.45  6.25  4.50 110 1010.6  29.0  29.3 999.0 99.0 99.00
2016 10 15 08 50  75  9.0 10.3  1.39  6.67  4.38 108 1010.5  29.0  29.3 999.0 99.0 99.00
2016 10 15 09 50  84  9.4 11.1  1.40  7.14  4.41 102 1010.4  29.0  29.3 999.0 99.0 99.00
2016 10 15 10 50  79  9.1 11.1  1.46  6.67  4.44 110 1011.0  29.1  29.3 999.0 99.0 99.00
2016 10 15 11 50  82  9.5 11.5  1.52  6.25  4.60 108 1011.1  29.4  29.2 999.0 99.0 99.00
2016 10 15 12 50  78  9.8 11.3  1.43  4.55  4.44  89 1011.4  29.4  29.3 999.0 99.0 99.00
2016 10 15 13 50  87  8.9 10.8  1.51  4.55  4.46  86 1012.2  29.4  29.3 999.0 99.0 99.00
2016 10 15 14 50  85  8.8 10.6  1.48  6.67  4.55 106 1012.6  29.4  29.3 999.0 99.0 99.00
2016 10 15 15 50  82  9.3 10.5  1.60  6.67  4.53 114 1012.4  29.4  29.3 999.0 99.0 99.00
2016 10 15 16 50  85  8.5 10.2  1.46  6.67  4.50 112 1011.9  29.4  29.3 999.0 99.0 99.00
2016 10 15 17 50  89  9.2 10.5  1.41  5.88  4.42 107 1011.2  29.4  29.3 999.0 99.0 99.00
2016 10 15 18 50  86  8.6 10.3  1.49  5.26  4.67  99 1010.1  29.4  29.4 999.0 99.0 99.00
2016 10 15 19 50  95  9.2 10.8  1.52  6.67  4.74 110 1009.4  29.4  29.4 999.0 99.0 99.00
2016 10 15 20 50  84  8.2  9.7  1.63  7.14  4.60 101 1009.1  29.4  29.4 999.0 99.0 99.00
2016 10 15 21 50  86  7.8  9.1  1.56  6.67  4.74 109 1009.2  29.3  29.4 999.0 99.0 99.00
2016 10 15 22 50  78  8.1  9.7  1.52  7.14  4.75 115 1009.4  29.2  29.4 999.0 99.0 99.00
2016 10 15 23 50  80  8.4  9.6  1.45  7.14  4.89 111 1009.7  29.2  29.4 999.0 99.0 99.00
2016 10 16 00 50  75  9.0 10.4  1.51  6.67  4.85 116 1010.2  29.3  29.3 999.0 99.0 99.00
2016 10 16 01 50  77  8.5  9.9  1.47  6.67  4.78 117 1010.9  29.3  29.3 999.0 99.0 99.00
2016 10 16 02 50  77  8.3  9.6  1.53  6.25  4.68 105 1011.7  29.2  29.3 999.0 99.0 99.00
2016 10 16 03 50  78  8.7 10.2  1.58  7.14  4.81 120 1011.7  29.2  29.3 999.0 99.0 99.00
2016 10 16 04 50  79  8.4  9.9  1.52  7.14  4.76 111 1011.0  29.2  29.3 999.0 99.0 99.00
2016 10 16 05 50  79  8.7  9.8  1.57  6.67  4.73 111 1010.3  29.0  29.3 999.0 99.0 99.00
2016 10 16 06 50  75  8.9 10.3  1.46  7.14  4.52 111 1009.6  29.0  29.3 999.0 99.0 99.00
2016 10 16 07 50  85  8.9 10.5  1.61  7.14  4.71 111 1009.2  29.1  29.3 999.0 99.0 99.00
2016 10 16 08 50  90  8.8 10.2  1.59  6.67  4.73 100 1009.1  29.0  29.2 999.0 99.0 99.00
2016 10 16 09 50  84  8.5  9.7  1.53  6.67  4.75 114 1009.2  29.0  29.3 999.0 99.0 99.00
2016 10 16 10 50  86  8.2  9.9  1.41  6.67  4.66 106 1009.3  29.0  29.2 999.0 99.0 99.00
2016 10 16 11 50  86  7.1  8.7  1.45  6.67  4.64 106 1010.1  29.1  29.2 999.0 99.0 99.00
2016 10 16 12 50  87  7.7  8.7  1.44  7.14  4.75 112 1010.6  29.2  29.2 999.0 99.0 99.00
2016 10 16 13 50  86  8.1  9.5  1.41  6.67  4.77 114 1011.4  29.3  29.2 999.0 99.0 99.00
2016 10 16 14 50  95  7.3  8.6  1.44  6.67  4.74 112 1012.2  29.3  29.2 999.0 99.0 99.00
2016 10 16 15 50  90  6.9  8.0  1.41  7.14  4.80 109 1011.8  29.3  29.3 999.0 99.0 99.00
2016 10 16 16 50  93  5.8  6.7  1.53  7.14  5.05 103 1011.3  29.2  29.3 999.0 99.0 99.00
2016 10 16 17 50  95  6.7  7.8  1.41  7.14  5.00 116 1010.2  29.2  29.4 999.0 99.0 99.00
2016 10 16 18 50 112  6.6  7.8  1.34  7.14  4.93 115 1009.6  29.1  29.4 999.0 99.0 99.00
2016 10 16 19 50 184  7.3  8.5  1.35  7.14  4.82 112 1008.9  27.7  29.4 999.0 99.0 99.00
2016 10 16 20 50 194  3.8  5.0  1.23  7.14  4.85 102 1008.3  28.0  29.3 999.0 99.0 99.00
2016 10 16 21 50  99  0.8  1.4  1.38  7.14  5.01 109 1008.0  28.1  29.3 999.0 99.0 99.00
2016 10 16 22 50  57  3.3  4.1  1.24  7.14  5.00 112 1007.9  28.2  29.3 999.0 99.0 99.00
2016 10 16 23 50  88  3.6  4.2  1.12  7.14  4.91 113 1008.9  28.1  29.3 999.0 99.0 99.00
2016 10 17 00 50  85  4.0  4.6  1.21  7.14  5.17 105 1009.4  28.3  29.3 999.0 99.0 99.00
2016 10 17 01 50  86  4.8  5.5  1.13  6.67  5.15 108 1010.0  28.5  29.3 999.0 99.0 99.00
2016 10 17 02 50  94  4.9  5.9  1.13  7.14  5.43 102 1010.4  28.4  29.3 999.0 99.0 99.00
2016 10 17 03 50 115  3.8  4.5  1.02  7.14  5.26 113 1010.7  28.4  29.3 999.0 99.0 99.00
2016 10 17 04 50  97  6.9  8.0  1.05  7.14  5.19 107 1010.0  28.8  29.3 999.0 99.0 99.00
2016 10 17 05 50 103  5.4  6.5  1.11  6.67  4.93 101 1009.3  28.7  29.2 999.0 99.0 99.00
2016 10 17 06 50 101  5.2  6.1  1.07  7.14  4.93 104 1008.8  28.6  29.2 999.0 99.0 99.00
2016 10 17 07 50 145  3.9  5.0  1.01  6.67  4.65  93 1008.3  27.7  29.2 999.0 99.0 99.00
2016 10 17 08 50 179  5.9  6.9  1.03  7.14  4.63 110 1007.9  27.7  29.2 999.0 99.0 99.00
2016 10 17 09 50 148  7.0  8.6  1.05  6.25  4.46  97 1008.5  27.1  29.2 999.0 99.0 99.00
2016 10 17 10 50 136  4.5  5.4  0.98  6.25  4.33  95 1008.7  27.2  29.2 999.0 99.0 99.00
2016 10 17 11 50 136  4.5  5.4  1.07  5.88  4.56 101 1009.5  28.0  29.2 999.0 99.0 99.00
2016 10 17 12 50 142  2.6  3.4  0.89  6.67  4.53 112 1010.2  28.6  29.2 999.0 99.0 99.00
2016 10 17 13 50 131  3.2  4.3  0.89  6.67  4.70  96 1010.9  28.6  29.2 999.0 99.0 99.00
2016 10 17 14 50 136  3.9  4.4  0.79  6.25  4.78 100 1010.9  28.4  29.3 999.0 99.0 99.00
2016 10 17 15 50 125  2.4  3.1  0.81  6.25  4.49 102 1010.5  26.7  29.3 999.0 99.0 99.00
2016 10 17 16 50 109  2.9  3.4  0.84  6.25  4.55 100 1009.7  27.5  29.4 999.0 99.0 99.00
2016 10 17 17 50 114  3.0  3.8  0.78  6.25  4.62 110 1008.7  27.8  29.5 999.0 99.0 99.00
2016 10 17 18 50  82  1.7  2.3  0.78  5.88  4.62  97 1007.8  28.2  29.9 999.0 99.0 99.00
2016 10 17 19 50 104  2.3  2.8  0.75  5.88  4.56  80 1007.4  28.5  29.9 999.0 99.0 99.00
2016 10 17 20 50  73  1.4  2.1  0.69  5.88  4.58 106 1006.8  28.6  30.1 999.0 99.0 99.00
2016 10 17 21 50 101  1.5  2.4  0.68  5.88  4.59  97 1007.1  28.8  30.0 999.0 99.0 99.00
2016 10 17 23 50 111  1.3  2.0  0.61  5.88  4.62 107 1007.9  28.5  29.8 999.0 99.0 99.00
2016 10 18 00 50 106  2.4  3.1  0.57  5.56  4.55  79 1008.7  28.6  29.9 999.0 99.0 99.00
2016 10 18 01 50  96  2.1  2.6  0.56  5.56  4.75  94 1009.3  28.6  29.6 999.0 99.0 99.00
2016 10 18 02 50  89  2.2  2.8  0.55  5.88  4.56  92 1009.7  28.4  29.6 999.0 99.0 99.00
2016 10 18 03 50 101  1.7  2.2  0.54  5.56  4.79  90 1009.9  28.3  29.6 999.0 99.0 99.00
2016 10 18 05 50 115  0.5  0.8  0.52  5.88  4.67 112 1009.2  28.2  29.4 999.0 99.0 99.00
2016 10 18 06 50 142  1.0  1.5  0.49  5.88  4.63  95 1008.4  28.1  29.2 999.0 99.0 99.00
2016 10 18 07 50  52  0.3  0.6  0.46  5.56  4.55  87 1007.7  27.9  29.2 999.0 99.0 99.00
2016 10 18 08 50  99  0.8  1.4  0.49  5.56  4.61 101 1007.9  27.9  29.2 999.0 99.0 99.00
2016 10 18 09 50 108  1.2  1.7  0.46  5.26  4.71  90 1008.5  27.9  29.2 999.0 99.0 99.00
2016 10 18 10 50 120  0.9  1.3  0.46  5.26  4.72  97 1008.9  27.9  29.2 999.0 99.0 99.00
2016 10 18 11 50 145  0.7  1.2  0.45  5.56  4.74  93 1009.7  28.2  29.2 999.0 99.0 99.00
2016 10 18 12 50 170  1.2  2.0  0.44  5.56  4.82 102 1010.4  28.9  29.3 999.0 99.0 99.00
2016 10 18 13 50  93  0.7  1.0  0.40  5.56  4.75  90 1011.1  29.6  29.7 999.0 99.0 99.00
2016 10 18 14 50 342  1.2  2.1  0.41  5.56  5.01 112 1011.0  28.9  30.5 999.0 99.0 99.00
2016 10 18 15 50  31  2.2  2.8  0.43  5.56  5.02 105 1010.7  28.4  30.0 999.0 99.0 99.00
2016 10 18 16 50   9  1.1  1.9  0.43  5.56  5.04  91 1010.5  28.9  30.5 999.0 99.0 99.00
2016 10 18 17 50  32  1.3  1.9  0.40  5.26  5.05  99 1009.7  28.8  30.6 999.0 99.0 99.00
2016 10 18 19 50 172  0.0  0.3  0.43  5.56  4.94  93 1008.0  29.2  30.6 999.0 99.0 99.00
2016 10 18 20 50 353  0.7  1.3  0.41  5.88  4.79  97 1007.9  28.7  30.6 999.0 99.0 99.00
2016 10 18 21 50 335  1.1  1.9  0.41  5.56  4.86  96 1008.2  28.7  30.2 999.0 99.0 99.00
2016 10 18 22 50 340  1.3  1.9  0.42  5.56  5.11 104 1008.7  28.5  29.9 999.0 99.0 99.00
2016 10 18 23 50  43  1.0  1.5  0.40  5.56  5.05 100 1009.4  28.3  29.7 999.0 99.0 99.00
2016 10 19 00 50 205  2.4  3.0  0.40  5.56  5.10  97 1010.2  27.8  29.8 999.0 99.0 99.00
2016 10 19 01 50 107  2.7  3.5  0.39  5.26  5.08  98 1010.6  27.6  29.7 999.0 99.0 99.00
2016 10 19 02 50 103  2.3  2.8  0.40  5.56  5.11  99 1010.8  28.0  29.6 999.0 99.0 99.00
2016 10 19 03 50 108  2.5  3.2  0.41  5.56  5.43 102 1010.7  28.2  29.5 999.0 99.0 99.00
2016 10 19 04 50 121  3.1  3.8  0.42  5.26  5.52 106 1009.8  28.3  29.6 999.0 99.0 99.00
2016 10 19 05 50 116  3.5  4.2  0.42  5.26  5.38  98 1009.2  28.0  29.5 999.0 99.0 99.00
2016 10 19 06 50 114  4.1  5.1  0.42  5.56  5.67 111 1008.3  28.1  29.4 999.0 99.0 99.00
2016 10 19 07 50 114  2.9  3.6  0.47  5.26  5.10 112 1007.8  28.1  29.4 999.0 99.0 99.00
2016 10 19 08 50 140  2.8  3.5  0.49  5.26  5.15 109 1008.0  28.1  29.3 999.0 99.0 99.00
2016 10 19 09 50 153  2.9  3.9  0.47  5.56  5.16 115 1008.3  28.3  29.3 999.0 99.0 99.00
2016 10 19 10 50 152  3.3  4.1  0.49  5.56  5.34 104 1008.6  28.5  29.3 999.0 99.0 99.00
2016 10 19 11 50 246  2.9  4.2  0.51  5.56  5.33 113 1009.2  27.8  29.2 999.0 99.0 99.00
2016 10 19 12 50  12  3.1  4.9  0.50  5.88  5.25 112 1010.2  27.0  29.3 999.0 99.0 99.00
2016 10 19 13 50 305  7.5  8.9  0.44  5.56  5.17 113 1010.9  25.7  29.2 999.0 99.0 99.00
2016 10 19 14 50 341  2.4  3.1  0.48  5.26  4.76 113 1011.5  25.5  29.2 999.0 99.0 99.00
2016 10 19 15 50  53  5.1  6.0  0.53 14.81  5.05  74 1011.1  25.7  29.1 999.0 99.0 99.00
2016 10 19 16 50  62  2.9  3.5  0.52 13.79  5.05  45 1010.3  26.2  29.2 999.0 99.0 99.00
2016 10 19 17 50 102  2.4  3.5  0.46  5.26  4.97  97 1009.5  26.6  29.4 999.0 99.0 99.00
2016 10 19 18 50 132  0.6  1.4  0.48  5.88  5.29  96 1008.9  27.0  29.4 999.0 99.0 99.00
2016 10 19 19 50 214  4.0  4.8  0.49 14.81  5.32 121 1007.8  26.2  29.3 999.0 99.0 99.00
2016 10 19 20 50 248  1.5  2.1  0.51 14.81  5.42 101 1008.0  26.6  29.2 999.0 99.0 99.00
2016 10 19 21 50 302  0.8  1.2  0.52 12.12  5.06  68 1008.2  26.9  29.2 999.0 99.0 99.00
2016 10 19 22 50  26  0.2  0.5  0.50 14.81  4.92 104 1008.7  27.1  29.1 999.0 99.0 99.00
2016 10 19 23 50 212  5.4  5.9  0.54 14.81  5.01  55 1009.1  26.9  29.0 999.0 99.0 99.00
2016 10 20 00 50 188  3.5  4.5  0.49  4.00  4.33 202 1009.7  26.5  29.0 999.0 99.0 99.00
2016 10 20 01 50 183  2.3  2.9  0.52  4.00  4.38 206 1010.7  26.6  29.0 999.0 99.0 99.00
2016 10 20 02 50 170  2.7  3.2  0.53  4.17  4.29 211 1010.7  26.9  29.0 999.0 99.0 99.00
2016 10 20 03 50 169  3.4  4.0  0.55  4.55  4.52 205 1010.3  27.1  29.0 999.0 99.0 99.00
2016 10 20 04 50 147  5.2  6.1  0.50 14.81  4.32  10 1009.5  27.4  29.0 999.0 99.0 99.00
2016 10 20 05 50 137  5.7  6.4  0.50 13.79  4.41 183 1009.0  27.5  28.9 999.0 99.0 99.00
2016 10 20 06 50 139  5.2  5.9  0.47  4.17  4.08 201 1008.7  27.6  29.0 999.0 99.0 99.00
2016 10 20 07 50 147  4.5  5.7  0.46  3.85  4.17 208 1008.2  27.6  29.0 999.0 99.0 99.00
2016 10 20 08 50 164  4.1  4.9  0.43 13.79  4.17  44 1008.4  27.9  29.0 999.0 99.0 99.00
2016 10 20 09 50 166  4.4  5.4  0.45 13.79  4.38  59 1008.6  27.9  29.0 999.0 99.0 99.00
2016 10 20 10 50 168  4.5  5.1  0.45 13.79  4.39 110 1009.1  28.0  29.0 999.0 99.0 99.00
2016 10 20 11 50 171  5.3  6.6  0.45 13.79  4.62 122 1009.7  28.2  29.1 999.0 99.0 99.00
2016 10 20 12 50 166  5.5  6.4  0.48  5.88  4.15 125 1010.2  28.9  29.2 999.0 99.0 99.00
2016 10 20 13 50 180  4.1  5.0  0.48  5.88  3.94 114 1010.7  28.6  29.1 999.0 99.0 99.00
2016 10 20 14 50 177  4.3  5.3  0.46  4.76  4.19 218 1010.8  28.8  29.3 999.0 99.0 99.00
2016 10 20 15 50 184  4.5  5.1  0.51  5.00  3.95 224 1010.3  28.7  29.3 999.0 99.0 99.00
2016 10 20 16 50 167  4.3  5.0  0.52  5.00  4.04 187 1009.6  28.7  29.4 999.0 99.0 99.00
2016 10 20 17 50 180  3.6  4.4  0.55 14.81  4.20 129 1008.9  28.8  29.5 999.0 99.0 99.00
2016 10 20 18 50 186  3.3  3.9  0.52  4.55  4.18 223 1008.1  28.9  29.6 999.0 99.0 99.00
2016 10 20 19 50 197  2.7  3.3  0.49  5.56  4.23 115 1007.8  29.0  29.5 999.0 99.0 99.00
2016 10 20 20 50 185  2.8  3.2  0.53  5.88  4.23 120 1007.8  28.8  29.5 999.0 99.0 99.00
2016 10 20 21 50 174  3.0  3.7  0.53  5.56  4.33 105 1008.1  29.0  29.5 999.0 99.0 99.00
2016 10 20 23 50 155  1.5  1.8  0.52  6.25  4.48 123 1009.2  28.7  29.6 999.0 99.0 99.00
2016 10 21 00 50 159  1.4  2.1  0.53  6.67  4.63 119 1010.0  28.7  29.4 999.0 99.0 99.00
2016 10 21 01 50 119  1.6  2.2  0.51  6.25  4.68 103 1010.5  28.7  29.3 999.0 99.0 99.00
2016 10 21 02 50 108  1.3  1.7  0.49 12.90  4.58  78 1010.6  28.7  29.3 999.0 99.0 99.00
2016 10 21 03 50  72  0.9  1.3  0.50  5.26  4.50 177 1010.7  28.7  29.4 999.0 99.0 99.00
2016 10 21 04 50 126  0.7  1.2  0.47  5.56  4.47 157 1010.3  28.6  29.4 999.0 99.0 99.00
2016 10 21 05 50  79  1.5  2.0  0.50  6.25  4.67 115 1009.8  28.4  29.3 999.0 99.0 99.00
2016 10 21 06 50 101  1.3  1.6  0.45  5.26  4.81 161 1008.9  28.3  29.4 999.0 99.0 99.00
2016 10 21 07 50 105  2.2  2.8  0.45  5.88  4.78 106 1008.5  28.3  29.3 999.0 99.0 99.00
2016 10 21 08 50 132  1.8  2.3  0.47  5.56  4.75 134 1008.7  28.3  29.3 999.0 99.0 99.00
2016 10 21 09 50 119  2.8  3.5  0.41  5.00  4.84 188 1008.9  28.3  29.3 999.0 99.0 99.00
2016 10 21 10 50 114  3.0  3.6  0.42 12.90  4.87  96 1009.5  28.3  29.3 999.0 99.0 99.00
2016 10 21 11 50  82  2.5  3.0  0.41  4.76  4.94 215 1010.2  28.9  29.3 999.0 99.0 99.00
2016 10 21 12 50  82  2.5  3.2  0.43  6.67  5.01  92 1010.3  29.1  29.3 999.0 99.0 99.00
2016 10 21 13 50  94  3.0  3.5  0.41  6.25  4.93 101 1010.6  29.0  29.4 999.0 99.0 99.00
2016 10 21 14 50  98  2.3  2.9  0.43  6.67  5.42 107 1010.8  29.2  29.8 999.0 99.0 99.00
2016 10 21 15 50  95  3.4  4.1  0.42  5.88  5.21  97 1010.6  29.1  29.9 999.0 99.0 99.00
2016 10 21 16 50  93  3.1  3.8  0.43  6.67  5.27 109 1010.0  29.1  30.2 999.0 99.0 99.00
2016 10 21 17 50  96  2.8  3.6  0.46  7.14  5.51 114 1009.4  29.2  30.3 999.0 99.0 99.00
2016 10 21 18 50  81  2.2  3.1  0.48  6.67  5.47 100 1008.7  29.2  30.4 999.0 99.0 99.00
2016 10 21 19 50  93  2.4  3.0  0.52  6.67  5.54 102 1008.2  29.5  30.6 999.0 99.0 99.00
2016 10 21 20 50  76  3.5  4.2  0.54  6.25  5.61  96 1007.9  29.4  30.3 999.0 99.0 99.00
2016 10 21 21 50  85  3.0  3.5  0.58  6.67  5.42 101 1008.2  28.6  29.8 999.0 99.0 99.00
2016 10 21 22 50  83  2.8  3.2  0.57  6.67  5.36 106 1008.4  28.7  29.8 999.0 99.0 99.00
2016 10 21 23 50  68  2.4  2.8  0.62  6.67  5.42 102 1009.2  28.8  29.7 999.0 99.0 99.00
2016 10 22 00 50  41  2.7  3.4  0.68  6.67  4.97  94 1010.1  28.9  29.8 999.0 99.0 99.00
2016 10 22 01 50  87  3.6  4.3  0.75  6.25  4.74 100 1010.8  29.2  29.7 999.0 99.0 99.00
2016 10 22 02 50  73  3.1  3.6  0.75  6.67  4.59 112 1011.0  29.1  29.6 999.0 99.0 99.00
2016 10 22 03 50  85  3.9  4.5  0.77  7.14  4.56 115 1010.9  29.0  29.5 999.0 99.0 99.00
2016 10 22 04 50  78  3.9  4.7  0.78  6.67  4.69 111 1010.6  28.9  29.4 999.0 99.0 99.00
2016 10 22 05 50  70  3.5  4.2  0.73  6.67  4.75 112 1010.2  28.8  29.4 999.0 99.0 99.00
2016 10 22 06 50  70  3.4  3.9  0.78  6.67  5.15 114 1009.8  28.7  29.3 999.0 99.0 99.00
2016 10 22 07 50  67  3.5  4.2  0.80  6.67  5.17 113 1009.7  28.7  29.4 999.0 99.0 99.00
2016 10 22 08 50  69  4.1  4.8  0.81  7.14  5.19 119 1009.8  28.8  29.4 999.0 99.0 99.00
2016 10 22 09 50  80  4.9  5.5  0.88  7.14  5.26 116 1010.0  28.8  29.3 999.0 99.0 99.00
2016 10 22 10 50  83  5.1  5.8  0.85  7.14  4.98 117 1010.6  28.8  29.3 999.0 99.0 99.00
2016 10 22 11 50  73  4.7  5.5  0.87  7.14  4.86 125 1011.3  29.3  29.2 999.0 99.0 99.00
2016 10 22 12 50  64  4.4  4.9  0.82  7.14  4.79 115 1011.9  29.2  29.3 999.0 99.0 99.00
2016 10 22 13 50  88  4.6  5.4  0.79  6.67  4.87 115 1012.4  29.1  29.3 999.0 99.0 99.00
2016 10 22 14 50  93  6.2  7.0  0.88  7.14  4.89 116 1012.5  29.4  29.3 999.0 99.0 99.00
2016 10 22 15 50  81  6.1  7.0  0.77  6.25  4.21 119 1012.0  29.2  29.4 999.0 99.0 99.00
2016 10 22 16 50  93  6.5  7.3  0.78  6.67  4.22 127 1011.4  29.3  29.5 999.0 99.0 99.00
2016 10 22 17 50  87  5.9  6.6  0.82  6.67  4.24 116 1011.1  29.2  29.5 999.0 99.0 99.00
2016 10 22 18 50  81  5.9  7.1  0.86  6.67  4.59 115 1010.5  29.2  29.6 999.0 99.0 99.00
2016 10 22 19 50  71  5.1  6.2  0.85  7.14  4.37 108 1010.0  29.2  29.6 999.0 99.0 99.00
2016 10 22 20 50  79  5.2  6.0  0.80  6.67  4.51 110 1009.8  29.2  29.6 999.0 99.0 99.00
2016 10 22 21 50  81  5.5  6.2  0.80  6.67  4.37 117 1009.9  29.2  29.5 999.0 99.0 99.00
2016 10 22 22 50  87  5.5  6.5  0.78  6.25  4.45 108 1010.2  29.1  29.5 999.0 99.0 99.00
2016 10 22 23 50  72  4.6  5.5  0.76  7.14  4.38 116 1010.7  29.1  29.5 999.0 99.0 99.00
2016 10 23 00 50  62  4.9  6.6  0.75  6.67  4.39 121 1012.0  29.1  29.4 999.0 99.0 99.00
2016 10 23 01 50  56  5.6  6.6  0.70  7.14  4.40 119 1012.6  29.1  29.4 999.0 99.0 99.00
2016 10 23 02 50  54  5.6  6.5  0.72  5.88  4.31 107 1012.9  29.0  29.3 999.0 99.0 99.00
2016 10 23 03 50  64  5.2  6.1  0.77  6.67  4.46 126 1012.8  29.0  29.3 999.0 99.0 99.00
2016 10 23 04 50  77  5.7  6.6  0.74  7.14  4.35 123 1012.5  29.0  29.3 999.0 99.0 99.00
2016 10 23 05 50  66  5.3  6.6  0.72  6.25  4.27 114 1012.0  28.9  29.3 999.0 99.0 99.00
2016 10 23 06 50  63  5.7  7.2  0.77  6.67  4.24 120 1011.5  28.8  29.3 999.0 99.0 99.00
2016 10 23 07 50  67  5.4  6.5  0.78  6.67  4.25 122 1011.5  28.8  29.3 999.0 99.0 99.00
2016 10 23 08 50  79  5.7  6.8  0.78  6.67  4.24 105 1011.6  28.8  29.2 999.0 99.0 99.00
2016 10 23 09 50  78  6.2  7.2  0.83  6.67  4.26 113 1011.9  28.9  29.2 999.0 99.0 99.00
2016 10 23 10 50  83  6.8  7.7  0.79  6.25  4.12 120 1012.2  28.9  29.2 999.0 99.0 99.00
2016 10 23 11 50  89  6.6  7.8  0.80  6.25  3.94 113 1012.8  29.4  29.2 999.0 99.0 99.00
2016 10 23 12 50  83  5.6  6.7  0.88  6.25  4.15 110 1013.6  29.4  29.2 999.0 99.0 99.00
2016 10 23 13 50  78  6.0  7.0  0.85  6.25  4.23 113 1014.1  29.3  29.2 999.0 99.0 99.00
2016 10 23 14 50  80  6.4  7.2  0.94  6.25  4.36 106 1014.3  29.3  29.3 999.0 99.0 99.00
2016 10 23 15 50  76  6.1  7.1  0.88  6.67  4.14 113 1014.1  29.2  29.3 999.0 99.0 99.00
2016 10 23 16 50  74  7.0  8.0  0.92  6.25  4.17 115 1013.5  29.2  29.4 999.0 99.0 99.00
2016 10 23 17 50  77  7.0  8.0  0.94  5.88  4.16 114 1012.5  29.1  29.4 999.0 99.0 99.00
2016 10 23 18 50  72  7.0  8.1  0.99  6.25  4.34 113 1011.9  29.2  29.4 999.0 99.0 99.00
2016 10 23 19 50  69  6.9  7.9  0.97  6.67  4.16 114 1011.3  29.2  29.4 999.0 99.0 99.00
2016 10 23 20 50  71  7.0  8.4  0.97  6.67  4.29 115 1011.1  29.2  29.4 999.0 99.0 99.00
2016 10 23 21 50  57  7.7  8.9  1.01  5.26  4.29 109 1011.3  29.3  29.3 999.0 99.0 99.00
2016 10 23 22 50  58  7.2  8.2  1.02  6.67  4.27 116 1011.5  29.0  29.3 999.0 99.0 99.00
2016 10 23 23 50  64  7.5  8.8  1.04  6.25  4.35 105 1012.0  29.1  29.3 999.0 99.0 99.00
2016 10 24 00 50  62  7.5  8.8  1.08  6.67  4.30 113 1012.9  29.0  29.3 999.0 99.0 99.00
2016 10 24 01 50  64  7.8  9.1  1.15  6.67  4.30 110 1013.5  29.1  29.3 999.0 99.0 99.00
2016 10 24 02 50  66  7.8  8.9  1.13  6.25  4.30 114 1013.7  29.1  29.3 999.0 99.0 99.00
2016 10 24 03 50  63  8.0  9.3  1.23  6.67  4.37 117 1013.6  28.9  29.3 999.0 99.0 99.00
2016 10 24 05 50  66  7.4  9.7  1.14  5.26  4.29 106 1012.4  28.8  29.3 999.0 99.0 99.00
2016 10 24 06 50  63  7.2  8.6  1.18  6.25  4.37 114 1011.6  28.7  29.3 999.0 99.0 99.00
2016 10 24 07 50  56  6.8  8.0  1.11  5.88  4.39 108 1011.6  28.7  29.3 999.0 99.0 99.00
2016 10 24 08 50  59  7.6  8.8  1.20  6.25  4.51 115 1011.4  28.7  29.3 999.0 99.0 99.00
2016 10 24 09 50  50  6.8  8.5  1.08  6.25  4.28 109 1011.8  28.7  29.3 999.0 99.0 99.00
2016 10 24 10 50  61  7.1  8.5  1.07  6.25  4.39 108 1012.1  28.7  29.3 999.0 99.0 99.00
2016 10 24 11 50  59  7.5  8.8  1.08  6.25  4.37 105 1012.7  28.9  29.2 999.0 99.0 99.00
2016 10 24 12 50  69  6.7  8.1  1.07  6.25  4.43 108 1013.4  29.0  29.2 999.0 99.0 99.00
2016 10 24 13 50  60  7.1  8.1  1.08  5.88  4.33  99 1013.9  29.1  29.2 999.0 99.0 99.00
2016 10 24 14 50  62  6.6  7.9  1.09  5.56  4.31  98 1014.1  29.1  29.3 999.0 99.0 99.00
2016 10 24 15 50  68  6.8  7.8  1.12  5.88  4.34  89 1013.5  29.1  29.4 999.0 99.0 99.00
2016 10 24 16 50  68  7.0  8.3  1.14  5.88  4.34  91 1013.1  29.1  29.4 999.0 99.0 99.00
2016 10 24 17 50  68  7.3  8.5  1.11  5.88  4.43 100 1012.1  29.1  29.5 999.0 99.0 99.00
2016 10 24 18 50  62  7.2  8.2  1.24  5.56  4.51  90 1011.5  29.1  29.5 999.0 99.0 99.00
2016 10 24 19 50  68  7.0  8.2  1.12  5.88  4.39  99 1010.8  29.1  29.4 999.0 99.0 99.00
2016 10 24 20 50  69  8.4 10.8  1.19  6.25  4.43  63 1010.4  28.9  29.4 999.0 99.0 99.00
2016 10 24 21 50  69  7.3  8.6  1.27  6.25  4.60  88 1010.4  28.8  29.4 999.0 99.0 99.00
2016 10 24 22 50  67  7.3  8.3  1.30  5.88  4.51  77 1010.3  28.6  29.4 999.0 99.0 99.00
2016 10 24 23 50  66  7.3  8.5  1.27  5.88  4.74  72 1010.7  28.8  29.4 999.0 99.0 99.00
2016 10 25 00 50  58  7.5  8.7  1.21  5.88  4.69  76 1011.8  29.0  29.4 999.0 99.0 99.00
2016 10 25 01 50  73  6.8  8.1  1.21  5.56  4.52  84 1012.3  28.9  29.4 999.0 99.0 99.00
2016 10 25 02 50  58  7.4  8.6  1.20  5.88  4.55  78 1012.6  29.0  29.4 999.0 99.0 99.00
2016 10 25 03 50  48  7.0  8.3  1.25  6.25  4.56  80 1012.4  28.0  29.4 999.0 99.0 99.00
2016 10 25 04 50  62  6.8 10.9  1.17  6.25  4.67  79 1012.3  26.1  29.2 999.0 99.0 99.00
2016 10 25 05 50  57  8.8 10.8  1.33  5.56  4.62  78 1011.3  26.3  29.3 999.0 99.0 99.00
2016 10 25 06 50  78  7.0  8.3  1.47  6.25  4.82  79 1010.5  27.8  29.3 999.0 99.0 99.00
2016 10 25 07 50  53  7.4  8.9  1.29  6.25  4.67  90 1009.6  28.7  29.3 999.0 99.0 99.00
2016 10 25 08 50  59  7.3  8.8  1.39  6.25  4.84  90 1009.4  28.8  29.3 999.0 99.0 99.00
2016 10 25 09 50  62  5.8  6.7  1.49  6.67  4.94  79 1009.5  28.7  29.3 999.0 99.0 99.00
2016 10 25 10 50  68  6.1  7.0  1.44  6.67  4.84  74 1009.9  28.3  29.3 999.0 99.0 99.00
2016 10 25 11 50  58  6.4  8.2  1.40  6.25  5.01  82 1010.6  28.8  29.3 999.0 99.0 99.00
2016 10 25 12 50  57  7.0  8.3  1.47  6.25  5.01  74 1011.2  29.0  29.3 999.0 99.0 99.00
2016 10 25 13 50  61  6.7  7.8  1.32  6.25  4.80  87 1012.0  29.1  29.3 999.0 99.0 99.00
2016 10 25 14 50  56  7.4  8.5  1.34  6.25  4.88  79 1012.1  29.0  29.3 999.0 99.0 99.00
2016 10 25 15 50  38  6.2  7.4  1.29  5.88  4.73  79 1011.5  28.7  29.3 999.0 99.0 99.00
2016 10 25 16 50  73  5.8  7.8  1.28  5.88  4.52  90 1011.1  27.2  29.2 999.0 99.0 99.00
2016 10 25 17 50  71  5.8  6.9  1.21  6.25  4.61  76 1010.0  28.4  29.3 999.0 99.0 99.00
2016 10 25 18 50  87  4.4  5.7  1.23  5.88  4.58  75 1009.2  27.7  29.3 999.0 99.0 99.00
2016 10 25 19 50  66  6.5  7.5  1.07  5.88  4.43  76 1008.8  28.7  29.3 999.0 99.0 99.00
2016 10 25 20 50  66  5.8  6.7  1.12  5.88  4.43  64 1008.3  28.9  29.3 999.0 99.0 99.00
2016 10 25 21 50  60  6.1  7.3  1.11  5.88  4.52  45 1008.3  28.9  29.3 999.0 99.0 99.00
2016 10 25 22 50  71  7.0  7.9  1.19  5.88  4.61  62 1008.7  28.2  29.3 999.0 99.0 99.00
2016 10 25 23 50  63  6.4  7.3  1.16  5.88  4.41  71 1009.3  28.6  29.3 999.0 99.0 99.00
2016 10 26 00 50  49  6.8  7.7  1.15  4.76  4.38  62 1010.4  28.6  29.3 999.0 99.0 99.00
2016 10 26 01 50  77  5.2  7.3  1.22  5.88  4.60  54 1010.9  28.3  29.3 999.0 99.0 99.00
2016 10 26 02 50  56  7.6  9.1  1.21  5.56  4.30  74 1011.0  28.6  29.3 999.0 99.0 99.00
2016 10 26 03 50  65  7.3  8.4  1.13  5.56  4.32  58 1011.1  28.8  29.3 999.0 99.0 99.00
2016 10 26 04 50  56  6.8  8.0  1.19  5.26  4.33  77 1010.6  28.5  29.3 999.0 99.0 99.00
2016 10 26 05 50  66  6.9  8.5  1.16  5.56  4.36  77 1010.0  28.7  29.4 999.0 99.0 99.00
2016 10 26 06 50  76  8.1  9.3  1.21  5.56  4.37  71 1009.0  28.8  29.4 999.0 99.0 99.00
2016 10 26 07 50  72  7.8  8.8  1.18  5.56  4.43  70 1008.8  28.7  29.3 999.0 99.0 99.00
2016 10 26 08 50  69  7.7  9.0  1.20  5.26  4.31  64 1008.9  28.5  29.3 999.0 99.0 99.00
2016 10 26 09 50  61  4.3  6.7  1.16  5.88  4.36  70 1009.3  27.8  29.3 999.0 99.0 99.00
2016 10 26 10 50  46  6.4  7.6  1.20  5.56  4.39  63 1010.1  28.5  29.2 999.0 99.0 99.00
2016 10 26 11 50  65  7.2  8.5  1.15  5.88  4.44  63 1010.9  29.0  29.2 999.0 99.0 99.00
2016 10 26 12 50  47  5.9  7.8  1.20  5.56  4.40  75 1011.3  27.0  29.2 999.0 99.0 99.00
2016 10 26 13 50  73  5.6  7.7  1.19  5.88  4.54  56 1012.0  28.8  29.2 999.0 99.0 99.00
2016 10 26 14 50  86  6.4  7.9  1.14  5.56  4.43  81 1011.8  28.9  29.2 999.0 99.0 99.00
2016 10 26 15 50  81  6.4  7.8  1.16  5.26  4.51  69 1010.9  28.5  29.2 999.0 99.0 99.00
2016 10 26 16 50  96  7.1  8.2  1.17  5.56  4.36  53 1010.2  29.1  29.2 999.0 99.0 99.00
2016 10 26 17 50  87  7.1  8.0  1.27  5.88  4.57  63 1009.4  29.1  29.2 999.0 99.0 99.00
2016 10 26 18 50  92  6.2  7.1  1.23  5.88  4.71  64 1008.8  29.0  29.3 999.0 99.0 99.00
2016 10 26 19 50  89  6.7  7.8  1.32  5.88  4.91  51 1007.5  29.0  29.3 999.0 99.0 99.00
2016 10 26 20 50  77  6.7  8.4  1.34  5.56  4.86  65 1007.4  28.8  29.3 999.0 99.0 99.00
2016 10 26 21 50  83  6.4  7.6  1.27  5.88  4.93  65 1007.6  28.8  29.3 999.0 99.0 99.00
2016 10 26 22 50  82  6.4  7.6  1.31  5.88  4.86  58 1008.3  28.9  29.2 999.0 99.0 99.00
2016 10 26 23 50  82  6.0  7.4  1.33  5.88  4.94  40 1008.7  28.9  29.2 999.0 99.0 99.00
2016 10 27 00 50  69  6.3  7.5  1.36  5.88  4.87  55 1009.5  28.9  29.2 999.0 99.0 99.00
2016 10 27 01 50  59  8.9 10.6  1.40  5.56  4.80  56 1010.4  27.2  29.2 999.0 99.0 99.00
2016 10 27 02 50  45  7.1  9.2  1.30  6.25  4.84  54 1010.5  27.9  29.2 999.0 99.0 99.00
2016 10 27 03 50  39  5.7  7.3  1.45  5.88  4.80  70 1010.4  26.0  29.2 999.0 99.0 99.00
2016 10 27 05 50  70  4.8  6.2  1.45  6.25  4.84  61 1009.5  25.9  29.1 999.0 99.0 99.00
2016 10 27 06 50 247  2.7  4.0  1.38  6.67  5.08  58 1008.8  26.2  29.1 999.0 99.0 99.00
2016 10 27 07 50  52  2.9  4.8  1.52  6.67  5.08  44 1009.1  24.6  29.1 999.0 99.0 99.00
2016 10 27 08 50  47  3.8  5.2  1.44  6.67  4.98  60 1009.5  24.8  29.2 999.0 99.0 99.00
2016 10 27 09 50  16  4.7  6.6  1.43  6.25  5.23  48 1009.9  25.6  29.1 999.0 99.0 99.00
2016 10 27 10 50  29  4.1  5.2  1.38  6.67  5.12  58 1010.5  26.2  29.2 999.0 99.0 99.00
2016 10 27 11 50  54  3.0  4.1  1.28  5.88  5.05  62 1011.6  25.4  29.1 999.0 99.0 99.00
2016 10 27 12 50  82  3.7  5.0  1.29  5.88  5.04  63 1011.4  25.7  29.1 999.0 99.0 99.00
2016 10 27 13 50  53  6.2  7.5  1.35  5.56  5.05  62 1011.8  26.4  29.0 999.0 99.0 99.00
2016 10 27 14 50  68  7.2  8.1  1.40  5.88  4.81  51 1011.3  26.4  29.1 999.0 99.0 99.00
2016 10 27 15 50  88  6.5  7.5  1.34  5.88  4.71  55 1011.0  27.6  29.2 999.0 99.0 99.00
2016 10 27 16 50  76  6.4  7.5  1.33  5.88  4.81  56 1010.4  27.2  29.3 999.0 99.0 99.00
2016 10 27 17 50  77  6.3  7.7  1.29  6.25  4.85  51 1009.7  27.3  29.3 999.0 99.0 99.00
2016 10 27 18 50  59  6.0  6.9  1.17  7.14  4.93  21 1009.0  27.2  29.3 999.0 99.0 99.00
2016 10 27 19 50  64  6.7  8.3  1.20  6.25  5.05  40 1008.7  27.5  29.2 999.0 99.0 99.00
2016 10 27 20 50  70  5.2  6.2  1.15  6.25  4.87  40 1008.7  27.6  29.1 999.0 99.0 99.00
2016 10 27 21 50  66  5.2  6.1  1.23  6.67  5.26  33 1008.5  27.6  29.1 999.0 99.0 99.00
2016 10 27 22 50  64  4.4  5.6  1.27  6.67  5.06  43 1008.6  27.7  29.1 999.0 99.0 99.00
2016 10 27 23 50  76  5.2  6.4  1.15  6.25  4.94  36 1009.2  27.9  29.1 999.0 99.0 99.00
2016 10 28 00 50  74  6.1  7.4  1.29  6.67  5.23  52 1009.8  28.0  29.0 999.0 99.0 99.00
2016 10 28 01 50  87  6.0  7.2  1.31  7.14  5.15  40 1010.1  28.1  29.1 999.0 99.0 99.00
2016 10 28 02 50 103  5.7  6.8  1.38  7.14  5.49  29 1010.0  28.0  29.1 999.0 99.0 99.00
2016 10 28 03 50 109  5.4  6.4  1.39  7.69  5.46  31 1009.9  28.0  29.2 999.0 99.0 99.00
2016 10 28 04 50  98  6.4  7.6  1.31  7.69  5.30  40 1009.5  28.1  29.2 999.0 99.0 99.00
2016 10 28 05 50 102  4.8  5.9  1.27  8.33  5.20  36 1008.7  28.0  29.2 999.0 99.0 99.00
2016 10 28 06 50 106  4.4  5.2  1.34  7.14  5.61  22 1008.4  28.1  29.2 999.0 99.0 99.00
2016 10 28 07 50 102  3.7  5.1  1.30  6.25  5.38  53 1007.9  28.0  29.2 999.0 99.0 99.00
2016 10 28 08 50 110  3.1  4.1  1.27  6.67  5.38  54 1008.1  28.1  29.2 999.0 99.0 99.00
2016 10 28 09 50 122  3.0  3.6  1.27  7.69  5.41  47 1008.5  28.1  29.1 999.0 99.0 99.00
2016 10 28 10 50 116  2.9  3.8  1.10  7.14  5.10  30 1009.5  28.3  29.1 999.0 99.0 99.00
2016 10 28 11 50 127  3.0  3.8  1.21  7.14  5.34  63 1010.3  28.5  29.1 999.0 99.0 99.00
2016 10 28 12 50 145  2.7  3.5  1.11  6.25  5.27  70 1011.2  28.5  29.1 999.0 99.0 99.00
2016 10 28 13 50  98  5.5  8.3  1.08  6.25  5.15  59 1011.5  27.7  29.1 999.0 99.0 99.00
2016 10 28 14 50  91  4.5  5.6  1.07  6.67  5.04  56 1011.4  27.2  29.1 999.0 99.0 99.00
2016 10 28 15 50  36  5.0  6.1  0.98  6.67  4.85  52 1011.4  27.5  29.2 999.0 99.0 99.00
2016 10 28 16 50  51  4.8  5.6  1.01  6.25  4.74  64 1010.8  27.2  29.2 999.0 99.0 99.00
2016 10 28 17 50  49  4.7  5.7  0.97  6.67  4.69  68 1009.7  27.4  29.3 999.0 99.0 99.00
2016 10 28 18 50  56  3.7  4.4  0.97  6.67  4.76  37 1008.8  27.4  29.4 999.0 99.0 99.00
2016 10 28 19 50  38  3.6  4.9  0.94  6.67  4.77  56 1008.4  27.6  29.4 999.0 99.0 99.00
2016 10 28 20 50  49  4.8  5.5  0.98  6.25  4.84  59 1008.0  28.2  29.3 999.0 99.0 99.00
2016 10 28 21 50  65  4.2  4.9  0.92  6.25  4.86  51 1008.3  28.3  29.3 999.0 99.0 99.00
2016 10 28 22 50  74  3.8  4.6  0.92  6.25  4.83  33 1008.5  27.7  29.3 999.0 99.0 99.00
2016 10 28 23 50  80  4.6  5.4  0.87  6.25  4.85  54 1008.7  28.2  29.3 999.0 99.0 99.00
2016 10 29 00 50  84  5.0  5.9  0.83  6.25  4.68  51 1009.6  28.3  29.2 999.0 99.0 99.00
2016 10 29 01 50  89  4.2  5.0  0.75  7.14  4.66  22 1010.4  28.4  29.2 999.0 99.0 99.00
2016 10 29 02 50  82  3.8  4.6  0.78  5.56  4.72  48 1010.7  28.5  29.2 999.0 99.0 99.00
2016 10 29 03 50  81  3.9  4.7  0.75  5.88  4.62  62 1011.1  28.3  29.2 999.0 99.0 99.00
2016 10 29 04 50  83  4.5  5.4  0.73  5.88  4.17  67 1010.9  28.1  29.2 999.0 99.0 99.00
2016 10 29 05 50 111  3.8  4.6  0.71  5.88  4.47  59 1010.5  28.5  29.3 999.0 99.0 99.00
2016 10 29 06 50 113  3.7  4.6  0.67  5.88  4.48  54 1009.9  28.4  29.3 999.0 99.0 99.00
2016 10 29 07 50 121  4.1  4.6  0.65  5.88  4.46  43 1009.6  28.4  29.3 999.0 99.0 99.00
2016 10 29 08 50 118  3.0  3.7  0.63  5.56  4.61  45 1009.4  28.4  29.3 999.0 99.0 99.00
2016 10 29 09 50 133  2.2  2.8  0.58  5.56  4.48  51 1009.6  28.3  29.2 999.0 99.0 99.00
2016 10 29 10 50 105  2.9  3.6  0.57  9.09  4.77  75 1010.5  28.4  29.1 999.0 99.0 99.00
2016 10 29 11 50  91  2.3  3.6  0.56  5.00  4.68  69 1011.3  28.8  29.1 999.0 99.0 99.00
2016 10 29 12 50  98  2.7  3.2  0.54  9.09  4.72  68 1012.1  29.1  29.1 999.0 99.0 99.00
2016 10 29 13 50 100  4.2  4.9  0.53  9.09  4.62  69 1012.9  28.7  29.2 999.0 99.0 99.00
2016 10 29 14 50 124  1.4  1.9  0.51  9.09  4.74  83 1013.2  28.7  29.4 999.0 99.0 99.00
2016 10 29 15 50 130  1.7  2.8  0.47  9.09  4.89  49 1012.7  28.8  29.8 999.0 99.0 99.00
2016 10 29 16 50 135  1.9  2.6  0.47  8.33  4.77  90 1011.7  28.9  29.9 999.0 99.0 99.00
2016 10 29 17 50 124  3.0  3.5  0.47  8.33  4.84  76 1010.7  28.7  30.0 999.0 99.0 99.00
2016 10 29 18 50 121  4.5  5.3  0.46  8.33  4.52 104 1009.8  29.0  29.8 999.0 99.0 99.00
2016 10 29 19 50 107  3.9  4.7  0.45  8.33  4.30  60 1009.3  28.9  29.7 999.0 99.0 99.00
2016 10 29 20 50  95  4.3  4.9  0.50  8.33  4.53  72 1008.9  29.0  29.6 999.0 99.0 99.00
2016 10 29 21 50  89  3.8  4.7  0.49  9.09  4.28  66 1009.1  29.0  29.5 999.0 99.0 99.00
2016 10 29 22 50  86  3.4  4.0  0.48  8.33  4.06  76 1009.7  28.9  29.5 999.0 99.0 99.00
2016 10 29 23 50  82  6.4  7.7  0.47  7.69  4.14  81 1010.5  28.3  29.4 999.0 99.0 99.00
2016 10 30 00 50  93  4.4  5.2  0.49  4.35  4.01  79 1011.7  29.1  29.4 999.0 99.0 99.00
2016 10 30 01 50  79  4.4  5.3  0.52  8.33  3.86  58 1011.9  29.0  29.3 999.0 99.0 99.00
2016 10 30 02 50  79  3.7  4.3  0.48  4.76  3.95  78 1012.4  29.0  29.3 999.0 99.0 99.00
2016 10 30 03 50  64  3.8  4.8  0.46  4.76  3.86  87 1012.3  28.9  29.3 999.0 99.0 99.00
2016 10 30 04 50  74  4.5  5.1  0.43  8.33  3.94  70 1011.8  28.8  29.4 999.0 99.0 99.00
2016 10 30 05 50  78  5.4  6.2  0.44  9.09  3.94  91 1011.3  28.8  29.3 999.0 99.0 99.00
2016 10 30 06 50  74  5.6  6.4  0.50  4.55  3.83 102 1010.4  28.7  29.3 999.0 99.0 99.00
2016 10 30 07 50  69  5.1  5.8  0.53  4.76  3.88  89 1010.0  28.6  29.3 999.0 99.0 99.00
2016 10 30 08 50  69  5.1  6.0  0.51  4.55  3.87  87 1010.0  28.7  29.3 999.0 99.0 99.00
2016 10 30 10 50  70  5.1  6.0  0.47  4.55  3.79  81 1011.1  28.6  29.2 999.0 99.0 99.00
2016 10 30 11 50  82  5.4  6.4  0.49  4.76  3.72 103 1011.5  28.6  29.2 999.0 99.0 99.00
2016 10 30 12 50  83  5.6  6.3  0.50  4.76  3.57  88 1012.4  29.1  29.2 999.0 99.0 99.00
2016 10 30 13 50  91  5.8  6.6  0.58  4.76  3.75 112 1013.4  29.2  29.3 999.0 99.0 99.00
2016 10 30 14 50  84  5.3  6.0  0.60  9.09  4.01 336 1013.4  29.2  29.3 999.0 99.0 99.00
2016 10 30 15 50  87  5.0  5.8  0.60  5.26  3.87 105 1012.9  29.1  29.4 999.0 99.0 99.00
2016 10 30 16 50  82  5.4  6.2  0.63  5.26  4.10 111 1011.8  29.1  29.5 999.0 99.0 99.00
2016 10 30 17 50  89  5.2  6.6  0.69  5.56  4.26 105 1010.6  29.0  29.6 999.0 99.0 99.00
2016 10 30 18 50  88  4.7  5.4  0.66  5.56  4.46 113 1009.6  29.1  29.7 999.0 99.0 99.00
2016 10 30 19 50  86  4.7  5.7  0.66  5.56  4.36 119 1008.9  29.1  29.6 999.0 99.0 99.00
2016 10 30 20 50  78  5.0  5.8  0.65  5.56  4.34 113 1008.4  29.1  29.6 999.0 99.0 99.00
2016 10 30 21 50  75  4.2  5.1  0.67  5.88  4.49 110 1008.7  29.1  29.5 999.0 99.0 99.00
2016 10 30 22 50  65  4.8  5.6  0.66  5.56  4.44 112 1009.3  29.0  29.5 999.0 99.0 99.00
2016 10 30 23 50  52  4.6  5.4  0.73  5.88  4.65 107 1010.2  29.0  29.5 999.0 99.0 99.00
2016 10 31 00 50  55  5.6  6.4  0.70  5.56  4.66 108 1010.7  29.0  29.4 999.0 99.0 99.00
2016 10 31 01 50  62  5.6  6.4  0.69  5.88  4.46 105 1010.9  28.9  29.4 999.0 99.0 99.00
2016 10 31 02 50  67  6.0  6.8  0.73  5.88  4.24 116 1011.2  28.9  29.4 999.0 99.0 99.00
2016 10 31 03 50  68  4.8  6.1  0.68  5.88  4.36 110 1011.1  28.8  29.4 999.0 99.0 99.00
2016 10 31 04 50  54  3.9  4.4  0.73  5.56  4.65 107 1010.7  28.8  29.3 999.0 99.0 99.00
2016 10 31 05 50  57  4.5  5.1  0.67  5.56  4.61 107 1010.0  28.6  29.3 999.0 99.0 99.00
2016 10 31 06 50  51  4.6  5.6  0.65  5.88  4.65 115 1009.3  28.5  29.3 999.0 99.0 99.00
2016 10 31 07 50  54  4.6  5.7  0.71  6.25  4.94  90 1009.0  28.5  29.3 999.0 99.0 99.00
2016 10 31 08 50  59  4.2  5.2  0.70  6.25  4.77 100 1009.0  28.5  29.3 999.0 99.0 99.00
2016 10 31 09 50  58  4.6  5.5  0.71  7.69  5.10 318 1009.3  28.4  29.3 999.0 99.0 99.00
2016 10 31 10 50  69  3.9  4.6  0.72  8.33  5.11 345 1009.6  28.4  29.3 999.0 99.0 99.00
2016 10 31 11 50  74  2.4  3.1  0.70  7.69  5.08 299 1010.0  28.7  29.3 999.0 99.0 99.00
2016 10 31 12 50  60  2.5  3.0  0.74  7.69  5.23 305 1010.1  28.7  29.2 999.0 99.0 99.00
2016 10 31 13 50  41  3.2  4.2  0.74  8.33  5.55 308 1010.4  28.6  29.3 999.0 99.0 99.00
2016 10 31 14 50  49  2.8  3.5  0.80  5.88  5.68 109 1010.9  28.7  29.5 999.0 99.0 99.00
2016 10 31 15 50  33  3.8  5.0  0.78  7.69  5.61 309 1010.5  28.7  29.7 999.0 99.0 99.00
2016 10 31 16 50  39  4.1  4.9  0.79  8.33  5.71 303 1009.8  28.7  29.7 999.0 99.0 99.00
2016 10 31 17 50  41  4.1  5.1  0.78  7.69  5.68 287 1008.9  28.7  29.7 999.0 99.0 99.00
2016 10 31 18 50  39  3.4  4.2  0.77  8.33  5.70 299 1007.7  28.7  29.9 999.0 99.0 99.00
2016 10 31 19 50  45  4.2  5.5  0.74  8.33  5.55 280 1007.3  28.8  29.8 999.0 99.0 99.00
2016 10 31 20 50  41  4.3  5.3  0.70  7.69  5.53 290 1007.4  28.9  29.8 999.0 99.0 99.00
2016 10 31 21 50  34  4.1  5.1  0.69  7.69  5.30 318 1007.8  28.9  29.7 999.0 99.0 99.00
2016 10 31 22 50  22  3.9  4.6  0.62  5.88  5.31 113 1007.9  28.6  29.7 999.0 99.0 99.00