#YY  MM DD hh mm WDIR WSPD GST  WVHT   DPD   APD MWD   PRES  ATMP  WTMP  DEWP  VIS  TIDE
#yr  mo dy hr mn degT m/s  m/s     m   sec   sec deg    hPa  degC  degC  degC  nmi    ft
2015 12 31 23 50  99  6.0  7.6  1.86  8.33  6.12 121 1022.4  26.0  26.1  21.5 99.0 99.00
2016 01 01 00 50 116  7.1  8.7  1.86  8.33  6.09 117 1022.6  25.7  26.1  21.8 99.0 99.00
2016 01 01 01 50 105  6.7  8.2  1.93  7.69  6.01 107 1022.6  25.9  26.1  21.7 99.0 99.00
2016 01 01 02 50 108  9.2 12.0  1.85  7.69  5.96 112 1022.5  25.3  26.1  21.3 99.0 99.00
2016 01 01 03 50 100  9.0 11.9  1.99  8.33  6.24 115 1022.1  25.6  26.1  21.3 99.0 99.00
2016 01 01 04 50 102  9.1 11.5  1.86  9.09  5.59 112 1021.7  25.6  26.1  21.5 99.0 99.00
2016 01 01 05 50 103  8.0  9.5  2.05  8.33  5.70 126 1021.2  25.4  26.1  21.1 99.0 99.00
2016 01 01 06 50 118  9.0 12.8  1.98  7.69  5.81  97 1020.5  24.2  26.1  20.6 99.0 99.00
2016 01 01 07 50 118  7.7  9.1  1.86  8.33  5.80  98 1020.0  25.4  26.1  21.3 99.0 99.00
2016 01 01 08 50 110  7.6  9.1  2.01  7.69  6.21 113 1020.2  25.5  26.1  21.0 99.0 99.00
2016 01 01 09 50 105  8.2  9.4  2.06  8.33  6.28 113 1020.2  25.2  26.1  21.4 99.0 99.00
2016 01 01 10 50 112  7.7  9.0  1.97  8.33  6.20 114 1020.6  25.5  26.1  21.6 99.0 99.00
2016 01 01 11 50 115  7.0  8.4  2.03  7.14  6.18 106 1021.1  25.9  26.1  21.2 99.0 99.00
2016 01 01 12 50 119  7.9  9.3  1.96  9.09  6.06 109 1021.6  26.3  26.1  19.8 99.0 99.00
2016 01 01 13 50 121  6.7  8.1  2.10  9.09  6.20 121 1022.2  26.2  26.0  20.0 99.0 99.00
2016 01 01 14 50 115  6.9  8.6  2.00  7.69  6.21 111 1022.2  26.2  26.0  19.6 99.0 99.00
2016 01 01 15 50 125  6.7  7.8  1.89  9.09  6.01 124 1021.7  26.1  26.0  19.4 99.0 99.00
2016 01 01 16 50 123  6.6  7.9  1.95  9.09  6.20 123 1020.8  26.1  26.0  19.7 99.0 99.00
2016 01 01 17 50 117  6.2  7.8  1.92  9.09  6.25 124 1020.1  26.0  26.0  19.6 99.0 99.00
2016 01 01 18 50 114  7.0  8.2  1.89 10.00  6.16 110 1019.6  26.0  26.0  19.0 99.0 99.00
2016 01 01 19 50 114  6.8  8.3  1.85 10.00  6.39 106 1019.4  26.0  26.0  18.9 99.0 99.00
2016 01 01 20 50 116  6.2  7.5  1.71 10.00  6.20 104 1019.6  26.0  26.0  19.4 99.0 99.00
2016 01 01 21 50 105  6.4  7.4  1.68  9.09  6.23 104 1019.9  25.8  26.0  19.5 99.0 99.00
2016 01 01 22 50 111  6.2  7.4  1.71  9.09  6.31 110 1020.0  25.7  25.9  19.8 99.0 99.00
2016 01 01 23 50 116  6.4  7.7  1.62  9.09  6.19 120 1020.1  25.7  25.8  20.1 99.0 99.00
2016 01 02 00 50 121  6.0  7.3  1.77  9.09  6.64 117 1020.7  25.7  25.8  20.2 99.0 99.00
2016 01 02 01 50 119  5.7  6.9  1.64  9.09  6.48 107 1021.0  25.6  25.8  20.5 99.0 99.00
2016 01 02 02 50 114  5.8  6.6  1.80  9.09  6.38 114 1021.1  25.6  25.7  20.6 99.0 99.00
2016 01 02 03 50 119  5.9  6.9  1.59  7.14  6.21 103 1020.7  25.5  25.7  20.7 99.0 99.00
2016 01 02 04 50 110  4.7  5.7  1.60  8.33  6.30 112 1020.2  25.5  25.7  20.7 99.0 99.00
2016 01 02 05 50 118  4.8  5.9  1.63  9.09  6.30 112 1019.6  25.4  25.7  20.7 99.0 99.00
2016 01 02 06 50 117  4.8  6.0  1.54  9.09  6.06 107 1018.8  25.4  25.7  20.9 99.0 99.00
2016 01 02 07 50 116  5.0  6.1  1.53  9.09  6.22 110 1018.4  25.3  25.6  20.8 99.0 99.00
2016 01 02 08 50 108  4.6  5.4  1.39  8.33  6.17  98 1018.3  25.4  25.6  20.5 99.0 99.00
2016 01 02 09 50 123  4.7  5.8  1.47  9.09  6.36 109 1018.7  25.4  25.6  20.7 99.0 99.00
2016 01 02 10 50 170  6.2  7.5  1.56  9.09  6.57 107 1019.1  24.6  25.6  20.7 99.0 99.00
2016 01 02 11 50 162  3.9  4.8  1.52  9.09  6.11 111 1019.7  25.1  25.7  20.7 99.0 99.00
2016 01 02 12 50 126  2.8  3.4  1.37  7.69  5.77 102 1020.3  25.8  25.7  21.0 99.0 99.00
2016 01 02 13 50 123  3.4  4.2  1.45  8.33  6.11 103 1020.7  25.7  25.8  21.1 99.0 99.00
2016 01 02 14 50 132  3.0  3.6  1.42  9.09  6.30 104 1020.8  25.7  25.9  21.3 99.0 99.00
2016 01 02 15 50 125  3.5  4.3  1.39 10.00  6.07 115 1020.2  25.8  26.0  21.3 99.0 99.00
2016 01 02 16 50 137  4.8  5.7  1.40  9.09  6.35 103 1019.0  26.0  26.1  21.0 99.0 99.00
2016 01 02 17 50 139  4.7  6.0  1.38  9.09  6.42 110 1017.9  25.8  26.1  21.3 99.0 99.00
2016 01 02 18 50 133  4.0  4.7  1.31  9.09  6.34 107 1017.4  25.8  26.2  21.0 99.0 99.00
2016 01 02 19 50 141  3.9  4.8  1.29  9.09  6.43 110 1017.3  25.9  26.2  21.2 99.0 99.00
2016 01 02 20 50 148  3.2  3.9  1.35 10.00  6.84 103 1017.4  26.1  26.2  20.8 99.0 99.00
2016 01 02 21 50 145  2.7  3.4  1.26 10.00  6.87 118 1018.0  25.8  26.2  20.9 99.0 99.00
2016 01 02 22 50 153  1.7  2.2  1.22  9.09  6.99  98 1018.5  25.7  26.1  20.9 99.0 99.00
2016 01 02 23 50 134  1.4  1.8  1.38  9.09  7.11 100 1018.9  25.7  26.1  21.2 99.0 99.00
2016 01 03 00 50 135  3.1  3.8  1.17 10.00  6.77 114 1019.4  25.9  26.0  21.3 99.0 99.00
2016 01 03 01 50 138  4.2  4.8  1.35  9.09  7.03 108 1019.4  25.8  26.0  21.1 99.0 99.00
2016 01 03 02 50 132  5.0  5.9  1.20 10.00  6.84 107 1019.3  25.7  25.9  21.1 99.0 99.00
2016 01 03 03 50 137  4.3  4.9  1.21  9.09  6.61  99 1018.9  25.7  25.9  20.8 99.0 99.00
2016 01 03 04 50 147  6.3  7.2  1.25  9.09  6.77 114 1018.3  25.7  25.9  21.0 99.0 99.00
2016 01 03 05 50 151  6.6  7.7  1.30  9.09  6.45 109 1017.9  25.4  25.9  20.7 99.0 99.00
2016 01 03 06 50 160  6.0  7.0  1.26  9.09  6.05 108 1017.3  25.2  25.9  20.7 99.0 99.00
2016 01 03 07 50 149  6.6  7.8  1.38  9.09  6.15 113 1016.9  25.6  25.9  20.2 99.0 99.00
2016 01 03 08 50 146  5.2  6.4  1.42  9.09  6.02 110 1016.9  25.6  25.9  19.9 99.0 99.00
2016 01 03 09 50 143  5.5  6.5  1.39  9.09  5.96 109 1017.1  25.6  25.9  19.4 99.0 99.00
2016 01 03 10 50 137  6.2  7.1  1.34  9.09  5.99 111 1017.4  25.4  25.9  19.3 99.0 99.00
2016 01 03 11 50 146  6.1  7.5  1.33  8.33  5.97 119 1018.0  25.6  25.9  18.9 99.0 99.00
2016 01 03 12 50 151  5.8  6.9  1.35  9.09  5.96 100 1018.8  25.9  25.9  18.7 99.0 99.00
2016 01 03 13 50 149  5.8  7.0  1.47  9.09  5.96 109 1019.4  26.0  25.9  18.9 99.0 99.00
2016 01 03 14 50 143  6.6  8.2  1.41  9.09  6.01 119 1019.3  26.0  25.9  19.7 99.0 99.00
2016 01 03 15 50 149  7.0  8.7  1.60  9.09  6.25 105 1018.8  26.0  25.9  19.7 99.0 99.00
2016 01 03 16 50 149  7.0  8.3  1.49  9.09  5.86 107 1017.9  26.1  25.9  19.7 99.0 99.00
2016 01 03 17 50 151  6.5  7.8  1.65  8.33  5.73  96 1016.9  26.1  26.0  19.7 99.0 99.00
2016 01 03 18 50 153  6.0  6.9  1.49  9.09  5.69 100 1016.7  26.1  26.0  19.4 99.0 99.00
2016 01 03 19 50 153  6.2  7.3  1.62  8.33  6.08 106 1016.5  26.2  26.0  20.0 99.0 99.00
2016 01 03 20 50 156  6.6  7.8  1.60  9.09  6.21 106 1016.2  26.3  26.0  20.1 99.0 99.00
2016 01 03 21 50 142  7.9  9.3  1.56  9.09  5.91 105 1016.3  25.6  26.0  21.0 99.0 99.00
2016 01 03 22 50 149  6.9  8.1  1.64  9.09  5.76 102 1016.8  25.7  25.9  20.8 99.0 99.00
2016 01 03 23 50 147  7.1  8.4  1.63 10.00  5.88 113 1017.3  25.6  25.9  21.0 99.0 99.00
2016 01 04 00 50 148  6.4  7.6  1.55  9.09  5.66 108 1017.8  25.6  25.8  20.7 99.0 99.00
2016 01 04 01 50 145  6.3  7.4  1.63  9.09  5.81 115 1017.9  25.6  25.8  20.8 99.0 99.00
2016 01 04 02 50 155  5.6  6.6  1.57 10.00  5.75 111 1017.9  25.7  25.8  20.8 99.0 99.00
2016 01 04 03 50 172  4.5  7.2  1.57  9.09  5.85 111 1017.7  24.8  25.8  20.5 99.0 99.00
2016 01 04 04 50 147  6.8  8.2  1.54 10.00  5.88 119 1016.9  25.8  25.8  21.3 99.0 99.00
2016 01 04 05 50 155  8.8 13.0  1.50  9.09  5.70 106 1016.1  25.5  25.7  20.9 99.0 99.00
2016 01 04 06 50 163  8.7 10.0  1.51  9.09  5.62 103 1015.2  25.5  25.7  21.5 99.0 99.00
2016 01 04 07 50 159  8.9 10.6  1.71 10.00  5.55 112 1014.5  25.7  25.6  21.1 99.0 99.00
2016 01 04 08 50 164  9.3 11.0  1.59  9.09  5.40 116 1014.4  25.7  25.5  21.2 99.0 99.00
2016 01 04 09 50 168  7.8  9.1  1.78  9.09  5.43  94 1014.7  25.8  25.5  20.7 99.0 99.00
2016 01 04 10 50 170  7.9  9.8  1.78  9.09  5.67 110 1015.0  25.8  25.5  20.9 99.0 99.00
2016 01 04 11 50 177  8.5 10.2  1.82 10.00  5.73 114 1015.5  25.9  25.5  21.0 99.0 99.00
2016 01 04 12 50 172  8.2  9.9  1.76  9.09  5.38 107 1016.1  26.2  25.5  21.1 99.0 99.00
2016 01 04 13 50 174  8.7  9.9  1.84  9.09  5.42 107 1016.6  26.4  25.6  20.6 99.0 99.00
2016 01 04 14 50 174  8.1  9.7  1.87  9.09  5.51  99 1016.6  26.3  25.7  21.0 99.0 99.00
2016 01 04 15 50 176  9.0 10.9  1.90  9.09  5.61  98 1016.3  26.3  25.8  21.0 99.0 99.00
2016 01 04 16 50 183  8.2  9.8  1.89  8.33  5.49 115 1015.6  26.2  25.9  21.1 99.0 99.00
2016 01 04 17 50 165  8.1 10.1  1.82  7.69  5.59 111 1014.8  25.9  25.9  21.0 99.0 99.00
2016 01 04 18 50 180  9.1 10.4  1.93  9.09  5.56 113 1014.3  25.3  25.9  20.2 99.0 99.00
2016 01 04 19 50 186  6.8  7.8  1.73  9.09  5.44  90 1014.5  26.2  25.9  20.0 99.0 99.00
2016 01 04 20 50 194  6.8  8.3  1.65  9.09  5.64 105 1014.7  26.4  25.9  21.4 99.0 99.00
2016 01 04 21 50 194  7.5  9.3  1.70  6.25  5.66 128 1015.1  26.3  25.9  20.5 99.0 99.00
2016 01 04 22 50 185  6.3  7.6  1.80  9.09  5.73  96 1015.5  26.2  25.9  21.3 99.0 99.00
2016 01 04 23 50 179  5.8  6.9  1.69  5.56  5.72 144 1015.9  26.1  25.9  21.4 99.0 99.00
2016 01 05 00 50 175  5.6  6.7  1.69  9.09  5.92  95 1016.2  25.9  25.9  21.7 99.0 99.00
2016 01 05 01 50 183  6.5  7.8  1.64  6.67  5.75 122 1016.4  26.2  25.9  21.1 99.0 99.00
2016 01 05 02 50 178  6.1  7.5  1.59  9.09  5.68 117 1016.5  26.1  25.9  21.5 99.0 99.00
2016 01 05 03 50 194  6.0  7.3  1.52  9.09  5.64  99 1016.5  26.0  25.9  21.6 99.0 99.00
2016 01 05 04 50 190  6.1  7.3  1.54  7.69  5.54  97 1016.2  26.0  25.9  21.4 99.0 99.00
2016 01 05 05 50 194  5.2  6.1  1.63  9.09  5.79 110 1016.0  26.0  25.9  21.4 99.0 99.00
2016 01 05 06 50 195  5.2  5.9  1.57  6.67  6.01 125 1015.5  25.9  25.9  21.5 99.0 99.00
2016 01 05 07 50 195  4.9  5.6  1.56  9.09  5.82 107 1015.3  25.9  25.9  21.5 99.0 99.00
2016 01 05 08 50 193  7.4  9.9  1.64  9.09  6.25 103 1015.3  25.4  25.9  20.9 99.0 99.00
2016 01 05 09 50 249  2.5  3.7  1.43  9.09  5.98 103 1015.9  24.9  25.8  20.2 99.0 99.00
2016 01 05 10 50 167  1.2  2.3  1.37 10.00  5.82  97 1016.8  23.6  25.7  17.1 99.0 99.00
2016 01 05 11 50 187  6.2  8.7  1.45  7.69  6.03 112 1017.2  24.9  25.7  18.8 99.0 99.00
2016 01 05 12 50 191  3.6  4.2  1.53  7.69  6.06 103 1018.2  25.9  25.7  19.4 99.0 99.00
2016 01 05 13 50 175  3.0  3.5  1.53  8.33  6.19 105 1018.8  26.0  25.8  20.4 99.0 99.00
2016 01 05 14 50 189  3.7  4.7  1.50  9.09  6.29  99 1019.0  25.8  25.9  20.9 99.0 99.00
2016 01 05 15 50 207  1.6  2.0  1.41  8.33  6.28  93 1018.6  26.1  26.1  21.6 99.0 99.00
2016 01 05 16 50 210  1.9  2.7  1.34  9.09  6.18  98 1018.1  26.1  26.5  21.6 99.0 99.00
2016 01 05 17 50 207  0.9  1.3  1.43  9.09  6.32  94 1017.3  26.5  26.7  21.4 99.0 99.00
2016 01 05 18 50  11  2.5  4.0  1.41  9.09  6.35 112 1016.8  25.5  26.9  20.7 99.0 99.00
2016 01 05 19 50  87  1.4  1.8  1.41  9.09  6.52  99 1016.7  25.7  27.0  18.5 99.0 99.00
2016 01 05 20 50  39  1.2  2.0  1.47  9.09  6.67 119 1016.9  26.5  27.1  19.5 99.0 99.00
2016 01 05 21 50  59  2.3  2.9  1.38  9.09  6.70 124 1017.2  25.9  26.7  20.3 99.0 99.00
2016 01 05 22 50  62  3.0  3.8  1.43  9.09  6.90 118 1017.7  25.7  26.5  21.1 99.0 99.00
2016 01 05 23 50  74  4.4  5.1  1.36  7.69  6.53 110 1018.0  25.7  26.4  20.9 99.0 99.00
2016 01 06 00 50  76  4.1  4.9  1.38  9.09  6.63 107 1018.8  25.7  26.3  21.1 99.0 99.00
2016 01 06 01 50  79  4.7  5.6  1.42  9.09  6.60 113 1019.2  25.7  26.2  21.1 99.0 99.00
2016 01 06 02 50 117  6.2  7.5  1.47  8.33  6.81 111 1019.2  24.8  26.1  20.8 99.0 99.00
2016 01 06 03 50  83  5.6  6.5  1.49  9.09  6.73 107 1018.7  25.7  26.1  21.1 99.0 99.00
2016 01 06 04 50  83  5.9  6.9  1.47  9.09  6.59 120 1018.4  25.6  26.1  21.0 99.0 99.00
2016 01 06 05 50  88  6.0  7.4  1.43  9.09  6.37 105 1018.0  25.5  26.1  20.7 99.0 99.00
2016 01 06 06 50  84  5.6  6.9  1.43  9.09  6.24 110 1017.6  25.5  26.0  20.6 99.0 99.00
2016 01 06 07 50  92  5.6  6.5  1.42  9.09  6.12 101 1017.6  25.4  26.0  20.8 99.0 99.00
2016 01 06 08 50  93  6.0  7.1  1.55  9.09  5.92 113 1017.4  25.4  26.0  20.7 99.0 99.00
2016 01 06 09 50  85  6.1  7.3  1.65  9.09  5.99 116 1017.6  25.4  26.0  21.0 99.0 99.00
2016 01 06 10 50  93  5.8  7.3  1.80  9.09  5.97 109 1018.1  25.5  26.0  20.6 99.0 99.00
2016 01 06 11 50  84  6.1  7.4  1.86  8.33  6.12  71 1018.8  25.3  26.0  21.2 99.0 99.00
2016 01 06 13 50 103  6.0  7.3  2.83 11.43  7.33 336 1020.0  25.8  26.0  20.9 99.0 99.00
2016 01 06 14 50  98  5.1  9.5  3.02 11.43  7.67 344 1020.1  23.3  26.0  19.5 99.0 99.00
2016 01 06 15 50  26  1.5  2.8  3.02 10.81  7.92 337 1019.4  24.4  26.0  20.3 99.0 99.00
2016 01 06 16 50 119  6.4  8.3  3.08 10.00  7.74 337 1018.1  26.0  26.1  20.8 99.0 99.00
2016 01 06 17 50 122  6.4  9.1  3.08 10.81  7.97 337 1017.1  26.1  26.1  20.9 99.0 99.00
2016 01 06 18 50 130  6.3  7.9  2.93 10.81  7.77 341 1016.4  26.1  26.1  20.7 99.0 99.00
2016 01 06 19 50 130  6.4  8.3  3.20 10.81  8.35 342 1016.1  26.1  26.2  20.3 99.0 99.00
2016 01 06 20 50 140  6.4  8.5  3.46 13.79  8.82 347 1015.9  26.1  26.2  20.4 99.0 99.00
2016 01 06 21 50 140  5.5  7.9  3.47 12.90  9.13 340 1016.1  25.9  26.1  20.5 99.0 99.00
2016 01 06 22 50 139  6.0  7.8  3.63 14.81  9.28 347 1016.3  25.8  26.1  20.7 99.0 99.00
2016 01 06 23 50 142  6.4  8.7  3.36 14.81  9.18 354 1016.3  25.8  26.1  20.8 99.0 99.00
2016 01 07 00 50 143  6.7  8.4  3.45 14.81  9.22 352 1016.8  25.8  26.1  21.0 99.0 99.00
2016 01 07 01 50 153  6.7  8.8  3.09 14.81  8.61 350 1017.2  25.9  26.1  21.1 99.0 99.00
2016 01 07 02 50 158  6.8  9.0  3.59 14.81  9.44 347 1017.1  25.9  26.1  21.3 99.0 99.00
2016 01 07 03 50 157  7.5 10.5  3.13 14.81  8.87 357 1016.6  25.9  26.1  21.4 99.0 99.00
2016 01 07 04 50 155  9.0 11.2  3.37 14.81  9.43 355 1015.7  25.8  26.1  21.3 99.0 99.00
2016 01 07 05 50 168  8.6 10.8  3.09 14.81  8.32   8 1015.6  25.9  26.1  21.4 99.0 99.00
2016 01 07 06 50 172  9.1 11.0  3.41 13.79  9.08 356 1014.7  25.8  26.1  21.2 99.0 99.00
2016 01 07 07 50 173  8.6 10.7  3.12 14.81  8.44   6 1014.2  25.8  26.1  21.4 99.0 99.00
2016 01 07 08 50 185  7.4  9.6  2.81 13.79  8.01   5 1014.9  25.9  26.1  21.4 99.0 99.00
2016 01 07 09 50 176  6.3  8.0  3.25 12.90  8.57 351 1014.8  26.0  26.1  22.0 99.0 99.00
2016 01 07 10 50 160 10.4 12.6  3.04 12.90  8.22 352 1015.0  24.8  26.1  21.4 99.0 99.00
2016 01 07 11 50 152  8.7 10.8  2.81 13.79  7.41  18 1015.2  24.9  26.1  21.6 99.0 99.00
2016 01 07 12 50 175  9.7 12.2  2.87 13.79  7.55  15 1015.7  25.1  26.1  21.7 99.0 99.00
2016 01 07 13 50 174  8.1 10.1  2.88 13.79  7.70   6 1016.2  25.9  26.1  21.5 99.0 99.00
2016 01 07 14 50 178  8.0  9.8  2.60 13.79  7.25  17 1016.5  25.8  26.1  21.6 99.0 99.00
2016 01 07 15 50 179  9.1 11.8  2.76 13.79  7.21  22 1015.9  25.9  26.1  21.6 99.0 99.00
2016 01 07 16 50 178  8.8 10.6  2.56 13.79  6.73  21 1014.9  25.6  26.2  21.7 99.0 99.00
2016 01 07 17 50 187  9.7 11.6  2.77 13.79  7.47  27 1013.6  25.8  26.2  21.8 99.0 99.00
2016 01 07 18 50 189  9.9 11.7  2.39 12.90  6.69  25 1013.0  25.7  26.2  21.8 99.0 99.00
2016 01 07 19 50 172 10.1 12.6  2.77 12.90  7.13  24 1012.9  25.3  26.2  21.7 99.0 99.00
2016 01 07 20 50 178 10.7 12.7  2.82 12.12  6.97  14 1012.9  25.3  26.2  21.8 99.0 99.00
2016 01 07 21 50 177  9.8 12.4  2.74 12.90  6.56  24 1013.5  25.0  26.2  21.5 99.0 99.00
2016 01 07 22 50 167  9.1 11.4  2.50 12.90  6.29  10 1013.7  25.0  26.1  20.5 99.0 99.00
2016 01 07 23 50 167  9.6 11.5  2.62 12.12  6.50  20 1014.2  25.2  26.1  21.2 99.0 99.00
2016 01 08 00 50 160  9.5 11.1  2.64 12.12  6.83  13 1014.7  25.2  26.1  20.9 99.0 99.00
2016 01 08 01 50 167  9.4 10.9  2.43 12.12  6.39  15 1015.1  25.0  26.1  21.7 99.0 99.00
2016 01 08 02 50 172  9.9 12.5  2.37 11.43  6.36  20 1014.9  25.1  26.1  22.0 99.0 99.00
2016 01 08 03 50 171  9.3 11.0  2.48 12.12  6.17  26 1014.8  25.0  26.1  21.8 99.0 99.00
2016 01 08 04 50 187  7.6  9.1  2.44 12.12  6.47  18 1014.4  24.9  26.1  21.7 99.0 99.00
2016 01 08 05 50 204  7.3  8.8  2.48 12.12  6.85  22 1013.9  25.1  26.1  21.5 99.0 99.00
2016 01 08 06 50 224  6.7  8.0  2.31 12.12  6.79  33 1013.0  25.2  26.1  21.6 99.0 99.00
2016 01 08 07 50 229  6.8  8.2  2.32 12.12  6.98  15 1012.7  25.3  26.1  22.0 99.0 99.00
2016 01 08 08 50 251  7.1  8.8  2.25 12.12  6.89  24 1012.7  25.5  26.1  21.5 99.0 99.00
2016 01 08 09 50 278  5.4  6.6  2.16 11.43  7.13  19 1013.1  25.4  26.1  20.6 99.0 99.00
2016 01 08 10 50 267  4.7  5.8  2.23 10.81  7.04  20 1013.5  25.4  26.1  20.2 99.0 99.00
2016 01 08 11 50 262  4.9  6.3  2.24 11.43  7.14 353 1014.1  25.6  26.1  19.7 99.0 99.00
2016 01 08 12 50 274  5.5  7.0  2.36 10.81  7.08 352 1014.9  25.8  26.1  19.5 99.0 99.00
2016 01 08 13 50 271  4.9  6.9  2.27 10.81  7.29 336 1015.5  25.9  26.1  19.9 99.0 99.00
2016 01 08 14 50 267  5.4  6.8  2.38 10.00  7.48 339 1015.6  25.9  26.2  19.8 99.0 99.00
2016 01 08 15 50 261  5.2  6.6  2.44 10.00  7.48 340 1015.0  25.8  26.2  19.4 99.0 99.00
2016 01 08 16 50 276  5.7  7.9  2.62 10.00  7.90 320 1014.3  25.7  26.2  19.8 99.0 99.00
2016 01 08 17 50 278  5.5  7.2  2.25 10.00  7.28 347 1013.6  25.7  26.3  19.2 99.0 99.00
2016 01 08 18 50 291  5.0  6.4  2.12 10.00  7.22 335 1013.2  25.6  26.3  19.3 99.0 99.00
2016 01 08 19 50 288  5.9  7.4  2.15 10.81  7.28   7 1013.1  25.7  26.3  19.1 99.0 99.00
2016 01 08 20 50 288  5.7  6.9  2.06 10.00  6.89 325 1013.2  25.8  26.3  18.8 99.0 99.00
2016 01 08 21 50 287  4.8  6.1  1.99  9.09  7.00  59 1013.6  25.6  26.2  18.1 99.0 99.00
2016 01 08 22 50 302  4.8  5.9  2.01 10.00  7.29  72 1014.0  25.4  26.2  18.4 99.0 99.00
2016 01 08 23 50 315  5.0  6.4  2.03  9.09  7.37  26 1014.4  25.3  26.2  18.9 99.0 99.00
2016 01 09 00 50 327  4.7  5.9  2.02  9.09  7.40 329 1014.8  25.2  26.2  18.9 99.0 99.00
2016 01 09 01 50 323  2.9  4.3  2.00 10.00  7.33  47 1014.9  25.1  26.1  19.2 99.0 99.00
2016 01 09 02 50 338  3.9  5.4  2.06 10.00  7.54  41 1015.0  25.0  26.1  19.0 99.0 99.00
2016 01 09 03 50 328  4.3  5.6  2.00 10.00  7.37   6 1015.0  24.9  26.1  18.8 99.0 99.00
2016 01 09 04 50 331  2.9  4.2  1.88 10.81  7.27  18 1014.5  24.8  26.1  18.5 99.0 99.00
2016 01 09 05 50 331  2.8  3.9  1.81 10.00  7.18 331 1014.4  24.7  26.1  18.5 99.0 99.00
2016 01 09 06 50 325  3.0  4.0  1.91  9.09  7.35  13 1013.7  24.6  26.1  17.9 99.0 99.00
2016 01 09 07 50 338  3.3  4.5  1.87 10.00  7.12  46 1013.4  24.5  26.1  18.1 99.0 99.00
2016 01 09 08 50 330  3.8  5.2  1.95 10.00  7.37  78 1013.5  24.5  26.1  18.1 99.0 99.00
2016 01 09 09 50 324  4.9  6.2  1.97 10.00  7.19  78 1013.6  24.5  26.1  17.6 99.0 99.00
2016 01 09 10 50 333  4.8  6.4  1.70  9.09  6.85  31 1014.0  24.5  26.1  17.5 99.0 99.00
2016 01 09 11 50 350  4.4  5.5  1.99 10.00  7.21  37 1014.7  24.5  26.1  17.5 99.0 99.00
2016 01 09 12 50 350  4.6  6.2  1.81  9.09  7.02   9 1015.5  24.5  26.1  16.9 99.0 99.00
2016 01 09 13 50 347  3.8  5.0  2.00  9.09  7.29 356 1016.2  24.6  26.1  16.7 99.0 99.00
2016 01 09 14 50 339  2.5  3.6  2.06 11.43  7.55 351 1016.5  24.6  26.1  16.7 99.0 99.00
2016 01 09 15 50 359  2.5  3.6  2.08 11.43  7.61 350 1016.3  24.7  26.2  16.2 99.0 99.00
2016 01 09 16 50 345  2.6  4.0  2.21 10.00  7.86   6 1015.6  24.7  26.3  16.3 99.0 99.00
2016 01 09 17 50 350  3.1  4.6  2.23 10.00  8.10  19 1014.8  24.6  26.4  16.1 99.0 99.00
2016 01 09 18 50 326  2.1  3.4  2.33 11.43  8.32 356 1014.4  24.8  26.4  15.9 99.0 99.00
2016 01 09 19 50 340  2.4  3.5  2.32 11.43  8.63 343 1014.4  24.8  26.5  16.2 99.0 99.00
2016 01 09 20 50 357  3.2  4.6  2.09 10.81  8.28 355 1014.8  24.8  26.4  16.4 99.0 99.00
2016 01 09 21 50 356  3.7  5.2  2.22 11.43  8.35 352 1015.1  24.5  26.4  16.9 99.0 99.00
2016 01 09 22 50 360  3.7  5.0  2.06 12.12  8.48 354 1015.4  24.3  26.3  17.0 99.0 99.00
2016 01 09 23 50   6  4.6  6.1  2.06 10.00  8.22  24 1016.0  24.5  26.3  17.0 99.0 99.00
2016 01 10 00 50  17  3.3  4.6  1.92 10.81  8.37   2 1016.2  24.4  26.2  16.6 99.0 99.00
2016 01 10 01 50  21  2.9  3.9  1.87 12.12  8.07 351 1016.7  24.4  26.2  16.7 99.0 99.00
2016 01 10 02 50  13  3.4  4.6  1.86 10.81  7.91 343 1016.9  24.4  26.2  16.5 99.0 99.00
2016 01 10 03 50  38  2.6  3.7  1.88 10.00  7.91 357 1016.7  24.3  26.1  16.7 99.0 99.00
2016 01 10 04 50  34  3.1  4.6  1.78 10.00  7.93  28 1016.3  24.3  26.1  17.0 99.0 99.00
2016 01 10 05 50  50  1.8  2.9  1.72 10.81  7.84 343 1016.4  24.3  26.1  16.8 99.0 99.00
2016 01 10 06 50 101  1.7  2.7  1.85 10.00  8.08   7 1015.7  24.2  26.1  16.6 99.0 99.00
2016 01 10 07 50 114  1.8  2.8  1.85  9.09  7.79  11 1015.1  24.2  26.1  16.7 99.0 99.00
2016 01 10 08 50  72  1.4  2.4  1.70 10.00  7.80   4 1015.3  24.1  26.1  16.6 99.0 99.00
2016 01 10 09 50  69  1.8  2.8  1.84  9.09  8.04 359 1015.5  24.2  26.1  16.7 99.0 99.00
2016 01 10 10 50  83  1.3  2.8  1.76 10.81  7.89  10 1015.8  24.2  26.1  17.1 99.0 99.00
2016 01 10 11 50  74  1.7  2.5  1.81 10.00  7.85 358 1016.5  24.7  26.0  16.5 99.0 99.00
2016 01 10 12 50  45  1.5  2.3  1.82  9.09  8.08  22 1017.3  25.0  26.1  16.4 99.0 99.00
2016 01 10 13 50  37  2.1  3.0  1.91 10.00  8.40  23 1017.9  24.8  26.1  16.6 99.0 99.00
2016 01 10 14 50  55  1.9  3.1  1.87 10.00  8.18  27 1018.0  24.9  26.2  16.9 99.0 99.00
2016 01 10 15 50  85  2.4  3.0  2.04 11.43  8.44   2 1017.6  24.9  26.3  16.9 99.0 99.00
2016 01 10 16 50  59  1.4  2.2  2.15 12.12  8.48   5 1017.2  24.9  26.5  17.3 99.0 99.00
2016 01 10 17 50 105  0.6  1.4  1.87 11.43  8.39   3 1016.5  24.9  26.7  17.4 99.0 99.00
2016 01 10 18 50  25  1.1  2.0  1.76 11.43  8.01   1 1016.4  25.1  26.8  17.6 99.0 99.00
2016 01 10 19 50 113  0.4  0.9  1.81 10.00  7.99 360 1016.4  25.2  26.9  17.2 99.0 99.00
2016 01 10 20 50   3  0.3  0.9  1.76 10.00  8.29   6 1016.6  26.2  26.9  17.5 99.0 99.00
2016 01 10 21 50  38  0.3  0.9  1.76 12.12  8.27   2 1016.9  25.4  26.8  17.4 99.0 99.00
2016 01 10 22 50  24  0.3  1.4  1.92 10.00  8.85   6 1017.2  24.7  26.6  17.3 99.0 99.00
2016 01 10 23 50  41  0.8  1.7  1.78 10.81  8.40  13 1017.7  24.7  26.5  17.4 99.0 99.00
2016 01 11 00 50  52  3.0  4.3  1.83 11.43  8.68  14 1018.2  24.8  26.4  17.8 99.0 99.00
2016 01 11 01 50  27  3.1  4.1  1.75 12.12  8.68  21 1018.9  24.8  26.3  17.7 99.0 99.00
2016 01 11 02 50  27  3.9  5.1  1.72 11.43  8.70  15 1019.1  24.7  26.2  18.3 99.0 99.00
2016 01 11 03 50  14  3.5  5.2  2.15 11.43  9.13  19 1019.0  24.6  26.2  18.1 99.0 99.00
2016 01 11 04 50  20  4.0  5.1  1.99 11.43  9.25  15 1018.6  24.6  26.2  18.0 99.0 99.00
2016 01 11 05 50  21  3.0  4.1  2.03 13.79  9.50  11 1018.4  24.4  26.2  17.9 99.0 99.00
2016 01 11 06 50  27  2.7  4.1  2.15 12.90  9.78  15 1018.2  24.3  26.1  17.7 99.0 99.00
2016 01 11 07 50  39  3.0  4.8  2.45 13.79 10.53  33 1017.6  24.3  26.1  17.6 99.0 99.00
2016 01 11 08 50  24  2.2  3.6  2.79 13.79 11.08  22 1017.6  24.2  26.1  17.3 99.0 99.00
2016 01 11 09 50  64  1.4  2.5  2.75 12.90 10.92  20 1017.7  24.2  26.1  17.3 99.0 99.00
2016 01 11 10 50  85  1.4  2.8  3.01 12.90 11.16  28 1018.1  24.1  26.1  17.3 99.0 99.00
2016 01 11 11 50  65  1.6  2.7  3.41 14.81 11.79  40 1018.8  24.5  26.1  17.5 99.0 99.00
2016 01 11 12 50  95  1.8  2.6  3.05 16.00 11.48  47 1019.3  25.0  26.1  17.2 99.0 99.00
2016 01 11 13 50  87  1.4  2.5  3.11 14.81 11.40  38 1019.6  25.0  26.1  17.5 99.0 99.00
2016 01 11 14 50 120  2.2  3.1  3.89 14.81 12.32  36 1019.5  24.9  26.2  17.6 99.0 99.00
2016 01 11 15 50 115  2.1  2.9  3.38 14.81 11.83  42 1018.9  24.8  26.3  17.9 99.0 99.00
2016 01 11 16 50 145  2.2  3.4  3.71 16.00 12.12  42 1018.1  24.8  26.5  18.1 99.0 99.00
2016 01 11 17 50 113  1.6  2.9  3.51 14.81 11.45  43 1017.1  24.7  26.7  18.1 99.0 99.00
2016 01 11 18 50 103  1.7  3.1  3.15 14.81 11.59  33 1016.5  24.8  26.9  18.4 99.0 99.00
2016 01 11 19 50 301  0.7  2.1  3.43 12.90 11.63  48 1016.7  25.2  26.9  18.5 99.0 99.00
2016 01 11 20 50 317  1.5  2.5  3.78 14.81 12.28  55 1017.3  25.4  27.1  18.3 99.0 99.00
2016 01 11 21 50 298  1.2  2.3  3.74 14.81 11.98  46 1017.6  24.9  26.9  18.5 99.0 99.00
2016 01 11 22 50 358  0.8  2.2  3.61 14.81 12.18  50 1017.9  24.5  26.7  18.5 99.0 99.00
2016 01 11 23 50  92  1.6  3.3  4.00 14.81 12.64  45 1018.4  24.6  26.6  18.4 99.0 99.00
2016 01 12 00 50  14  3.2  5.1  3.77 16.00 12.20  52 1019.5  24.7  26.5  18.5 99.0 99.00
2016 01 12 01 50  28  2.9  4.7  4.11 14.81 12.40  42 1019.8  24.6  26.5  18.4 99.0 99.00
2016 01 12 02 50  24  3.0  5.0  3.42 14.81 11.80  45 1019.9  24.6  26.4  18.2 99.0 99.00
2016 01 12 03 50  48  2.7  4.6  3.61 13.79 11.94  41 1019.7  24.5  26.4  17.8 99.0 99.00
2016 01 12 04 50  41  2.5  4.4  3.31 14.81 11.81  45 1019.4  24.5  26.4  17.6 99.0 99.00
2016 01 12 05 50  66  1.6  2.8  3.35 16.00 12.22  42 1019.0  24.5  26.4  16.9 99.0 99.00
2016 01 12 06 50  51  1.6  3.3  3.13 14.81 12.08  41 1018.5  24.3  26.3  17.5 99.0 99.00
2016 01 12 07 50  50  2.5  3.9  3.62 14.81 12.63  44 1018.0  24.3  26.3  17.3 99.0 99.00
2016 01 12 08 50  49  2.9  4.9  3.37 14.81 12.31  47 1017.9  24.3  26.3  17.5 99.0 99.00
2016 01 12 09 50  24  2.3  3.9  3.68 16.00 12.47  43 1018.2  24.2  26.3  17.9 99.0 99.00
2016 01 12 10 50  33  3.1  5.3  3.28 14.81 12.28  53 1018.6  24.3  26.3  17.6 99.0 99.00
2016 01 12 11 50  71  2.0  3.3  3.31 14.81 11.76  50 1019.2  24.4  26.3  17.2 99.0 99.00
2016 01 12 12 50  97  2.4  3.4  3.05 14.81 11.38  39 1019.9  25.0  26.3  17.1 99.0 99.00
2016 01 12 13 50 105  2.7  3.7  2.73 13.79 11.27  51 1020.5  24.9  26.3  17.4 99.0 99.00
2016 01 12 14 50 103  2.4  3.5  3.11 13.79 11.79  47 1020.6  24.9  26.4  17.2 99.0 99.00
2016 01 12 15 50 121  2.5  3.5  3.32 13.79 12.08  45 1019.8  24.9  26.5  17.4 99.0 99.00
2016 01 12 16 50 128  1.6  2.4  2.95 13.79 11.16  39 1019.0  24.9  26.7  17.4 99.0 99.00
2016 01 12 17 50 114  2.1  3.1  2.86 14.81 11.19  54 1017.9  24.8  26.8  17.2 99.0 99.00
2016 01 12 18 50 126  2.4  3.5  3.03 13.79 11.37  43 1017.1  24.9  26.9  17.4 99.0 99.00
2016 01 12 19 50 132  2.1  3.2  3.19 14.81 11.46  49 1017.0  24.8  26.9  17.3 99.0 99.00
2016 01 12 20 50 173  1.4  2.8  3.44 13.79 11.70  43 1017.0  25.2  26.8  17.4 99.0 99.00
2016 01 12 21 50 159  1.5  3.3  3.49 16.00 11.52  50 1017.4  24.9  26.7  17.4 99.0 99.00
2016 01 12 22 50 144  0.3  0.9  3.68 13.79 11.60  50 1017.7  24.4  26.6  17.6 99.0 99.00
2016 01 12 23 50 333  1.3  2.2  3.53 14.81 11.59  49 1018.4  24.4  26.5  17.7 99.0 99.00
2016 01 13 00 50 346  1.4  2.4  3.35 14.81 11.60  61 1019.0  24.4  26.4  17.6 99.0 99.00
2016 01 13 01 50 151  0.6  1.7  3.09 14.81 10.96  53 1019.0  24.3  26.3  17.5 99.0 99.00
2016 01 13 02 50 349  1.2  2.2  3.10 13.79 10.94  48 1019.1  24.3  26.3  17.6 99.0 99.00
2016 01 13 03 50 336  1.9  3.0  2.90 14.81 11.20  63 1018.9  24.3  26.3  17.2 99.0 99.00
2016 01 13 04 50 327  1.9  3.0  2.90 13.79 10.58  53 1018.9  24.3  26.3  17.2 99.0 99.00
2016 01 13 05 50 346  1.6  2.8  3.04 12.90 10.95  55 1018.6  24.3  26.2  17.3 99.0 99.00
2016 01 13 06 50 325  1.8  2.6  2.88 13.79 10.99  64 1017.9  24.4  26.2  17.0 99.0 99.00
2016 01 13 07 50 313  1.5  2.5  2.61 14.81 10.43  63 1017.6  24.2  26.2  17.4 99.0 99.00
2016 01 13 08 50 351  1.5  2.4  2.50 14.81 10.53  61 1017.5  24.2  26.2  17.5 99.0 99.00
2016 01 13 09 50 340  1.6  2.6  2.56 12.90 10.34  47 1017.4  24.3  26.2  17.3 99.0 99.00
2016 01 13 10 50 303  1.0  1.9  2.58 14.81 10.65  62 1017.8  24.2  26.1  17.5 99.0 99.00
2016 01 13 11 50 112  0.5  1.5  2.91 14.81 11.04  63 1018.0  24.8  26.0  17.4 99.0 99.00
2016 01 13 12 50 324  0.8  1.6  2.85 14.81 10.83  61 1018.8  24.8  26.0  17.3 99.0 99.00
2016 01 13 13 50 287  1.0  2.1  2.70 12.90 11.03  55 1019.7  24.9  26.0  17.7 99.0 99.00
2016 01 13 14 50 289  0.6  1.2  3.23 13.79 11.23  49 1019.6  25.1  26.2  17.7 99.0 99.00
2016 01 13 15 50 251  0.5  2.0  2.60 14.81 10.29  71 1018.9  25.2  26.5  17.7 99.0 99.00
2016 01 13 16 50 262  1.4  2.6  2.79 14.81 10.39  62 1018.4  24.8  26.6  18.0 99.0 99.00
2016 01 13 17 50 283  1.9  3.3  2.63 12.90 10.05  60 1017.8  24.9  26.7  18.0 99.0 99.00
2016 01 13 18 50 270  2.1  3.4  2.58 13.79 10.08  62 1017.2  24.8  26.7  18.2 99.0 99.00
2016 01 13 19 50 313  2.5  3.6  2.66 13.79  9.89  59 1017.0  25.0  26.6  18.4 99.0 99.00
2016 01 13 20 50 318  2.4  3.8  2.47 13.79  9.78  57 1017.0  25.2  26.5  18.8 99.0 99.00
2016 01 13 21 50 322  2.9  3.8  2.23 12.90  9.66  55 1017.3  24.9  26.5  19.0 99.0 99.00
2016 01 13 22 50 354  3.1  4.5  2.35 12.90  9.79  60 1017.4  24.9  26.3  18.9 99.0 99.00
2016 01 13 23 50   9  5.2  6.4  2.55 13.79 10.20  61 1017.7  24.7  26.1  19.2 99.0 99.00
2016 01 14 00 50  21  5.6  7.0  2.27 14.81  9.40  60 1018.2  25.0  26.0  18.2 99.0 99.00
2016 01 14 01 50  23  5.2  6.8  2.60 13.79  9.91  66 1018.4  24.8  26.0  18.6 99.0 99.00
2016 01 14 02 50  40  4.5  5.7  2.39 13.79  9.28  57 1018.5  24.8  25.9  18.7 99.0 99.00
2016 01 14 03 50  40  4.4  5.8  2.16 13.79  9.07  68 1018.3  24.8  25.9  18.8 99.0 99.00
2016 01 14 04 50  41  4.5  6.2  2.74 13.79 10.14  55 1017.9  24.8  25.9  19.0 99.0 99.00
2016 01 14 05 50  37  4.8  6.2  2.23 13.79  9.32  58 1017.5  24.7  25.9  18.9 99.0 99.00
2016 01 14 06 50  50  5.5  6.5  2.25 13.79  9.11  54 1016.8  24.6  25.9  19.3 99.0 99.00
2016 01 14 07 50  45  5.3  6.5  2.35 13.79  9.02  62 1016.6  24.5  25.9  19.2 99.0 99.00
2016 01 14 08 50  48  5.3  6.5  2.26 13.79  8.66  70 1016.7  24.7  25.9  18.9 99.0 99.00
2016 01 14 09 50  46  5.6  7.1  2.35 13.79  8.58  75 1017.3  24.7  26.0  19.4 99.0 99.00
2016 01 14 10 50  96  4.4  5.6  2.17 13.79  8.18  78 1017.7  24.1  26.0  20.0 99.0 99.00
2016 01 14 11 50 108  3.3  5.2  2.18 13.79  8.71  58 1018.3  24.2  26.0  20.2 99.0 99.00
2016 01 14 12 50  82  3.1  4.6  2.30 13.79  9.06  56 1019.0  24.7  26.1  19.8 99.0 99.00
2016 01 14 13 50  86  4.5  5.7  2.02 13.79  8.01  54 1019.5  24.9  26.1  19.9 99.0 99.00
2016 01 14 14 50  90  5.0  6.1  2.13 12.90  8.30  52 1019.5  24.6  26.1  19.9 99.0 99.00
2016 01 14 15 50  69  3.5  4.9  2.03 13.79  8.33  63 1019.5  24.7  26.2  19.7 99.0 99.00
2016 01 14 16 50  68  3.4  4.9  2.02 12.90  8.74  71 1018.5  24.7  26.2  19.6 99.0 99.00
2016 01 14 17 50  50  5.3  6.9  1.99 12.90  8.65  52 1017.9  24.8  26.2  19.6 99.0 99.00
2016 01 14 18 50  44  4.8  6.0  1.99 13.79  8.54  52 1017.4  25.2  26.3  18.5 99.0 99.00
2016 01 14 19 50  60  4.6  5.6  2.07 12.12  8.83  51 1017.3  25.1  26.3  19.4 99.0 99.00
2016 01 14 20 50  45  6.4  7.7  1.93 12.90  8.12  66 1017.3  24.9  26.2  18.6 99.0 99.00
2016 01 14 21 50  72  8.5 10.5  2.10 12.12  8.21  43 1017.7  24.3  26.2  20.1 99.0 99.00
2016 01 14 22 50  68  7.5  9.1  2.32 12.90  8.28  58 1017.7  24.5  26.1  20.0 99.0 99.00
2016 01 14 23 50  78  8.7 10.3  2.22 12.90  7.77  56 1018.1  24.7  26.1  20.1 99.0 99.00
2016 01 15 00 50  64  9.3 11.3  2.21 12.12  7.41  61 1018.7  24.6  26.1  20.0 99.0 99.00
2016 01 15 01 50  86  8.4 10.2  2.26 12.90  7.29  56 1018.7  24.1  26.0  19.7 99.0 99.00
2016 01 15 02 50  49  7.3  8.5  2.23 12.90  6.73  36 1019.0  23.2  26.0  20.0 99.0 99.00
2016 01 15 03 50  59  8.4 10.3  2.16 13.79  7.01  70 1018.5  23.0  26.0  19.5 99.0 99.00
2016 01 15 04 50  60  8.5 10.1  2.35 12.12  7.12  58 1018.1  23.3  26.0  19.6 99.0 99.00
2016 01 15 05 50  62  4.9  6.9  2.29 13.79  7.59  55 1018.0  24.0  26.0  20.3 99.0 99.00
2016 01 15 06 50  43  7.4  8.6  2.11 13.79  7.38  60 1017.4  22.7  26.0  19.5 99.0 99.00
2016 01 15 07 50  27  5.4  7.0  2.31 12.12  7.83  52 1017.3  23.5  26.0  19.6 99.0 99.00
2016 01 15 08 50  64  4.7  6.1  1.91 12.90  6.75  37 1017.1  23.9  25.9  18.7 99.0 99.00
2016 01 15 09 50  57  4.9  6.3  2.18 12.12  7.73  52 1017.2  24.1  25.9  19.1 99.0 99.00
2016 01 15 10 50  70  4.6  6.1  2.33 12.90  8.06  58 1017.7  24.4  26.0  19.4 99.0 99.00
2016 01 15 11 50 140  9.2 10.9  2.18 12.90  7.56  60 1017.6  22.4  26.0  19.6 99.0 99.00
2016 01 15 12 50 126  4.7  5.9  2.18 12.90  7.34  53 1017.9  23.3  25.9  19.2 99.0 99.00
2016 01 15 13 50  73  6.2  7.2  1.93 12.12  7.35  51 1018.7  23.2  26.0  19.6 99.0 99.00
2016 01 15 14 50  81  6.3  7.6  1.94 12.12  7.34  56 1018.3  23.7  26.0  19.9 99.0 99.00
2016 01 15 15 50  74  6.2  7.2  1.89 12.90  7.21  57 1017.5  24.0  26.0  20.0 99.0 99.00
2016 01 15 16 50  78  6.7  7.8  1.98 12.90  7.21  61 1016.4  23.5  26.0  20.0 99.0 99.00
2016 01 15 17 50  96  3.2  4.1  1.95 12.12  7.19  42 1015.6  23.8  26.0  20.2 99.0 99.00
2016 01 15 18 50 127  7.0  8.5  1.90 12.12  6.95  37 1014.8  24.9  26.1  19.9 99.0 99.00
2016 01 15 19 50 123  6.6  8.2  1.92 11.43  6.73  56 1014.7  24.7  26.1  20.1 99.0 99.00
2016 01 15 20 50 154  5.8  7.3  2.01 12.90  7.32  61 1014.9  25.3  26.1  19.9 99.0 99.00
2016 01 15 21 50 145  6.4  8.0  1.86 10.81  7.21  32 1014.9  25.5  26.1  19.4 99.0 99.00
2016 01 15 22 50 151  7.5  9.0  1.72 12.12  6.51  59 1015.0  25.5  26.1  19.0 99.0 99.00
2016 01 15 23 50 140  7.7  9.0  1.72 12.12  6.14  45 1015.1  25.5  26.0  18.7 99.0 99.00
2016 01 16 00 50 151  7.5  8.7  1.77 12.12  6.33  52 1015.4  25.5  26.0  19.1 99.0 99.00
2016 01 16 01 50 153  7.6  9.6  1.87 12.12  6.38  53 1015.7  25.5  25.9  19.0 99.0 99.00
2016 01 16 02 50 157  7.3  8.4  1.74 11.43  6.18  34 1015.8  25.5  25.9  19.3 99.0 99.00
2016 01 16 03 50 151  7.7  8.6  1.80 11.43  6.41  54 1015.7  25.5  25.9  19.3 99.0 99.00
2016 01 16 04 50 157  7.4  8.7  1.82 10.81  6.49  34 1015.1  25.4  25.8  19.3 99.0 99.00
2016 01 16 05 50 156  7.0  8.6  1.64 11.43  5.84  60 1014.9  25.4  25.8  19.3 99.0 99.00
2016 01 16 06 50 199  9.0 11.2  1.76 12.12  6.39  67 1014.9  22.8  25.8  19.7 99.0 99.00
2016 01 16 07 50 158  6.6  7.8  1.64 12.12  6.09  66 1014.4  24.6  25.8  20.4 99.0 99.00
2016 01 16 08 50 159  6.3  8.0  1.77 12.12  6.42  48 1014.4  24.4  25.8  20.2 99.0 99.00
2016 01 16 09 50 169  7.8  9.7  1.64 12.12  6.14  65 1014.6  24.5  25.8  20.7 99.0 99.00
2016 01 16 10 50 152  7.6  9.3  1.64 10.00  5.74  63 1015.1  24.4  25.8  20.0 99.0 99.00
2016 01 16 11 50 157  6.2  7.8  1.73 12.12  6.04  49 1015.7  25.0  25.7  19.9 99.0 99.00
2016 01 16 12 50 177  5.7  7.1  1.77 12.12  6.02  69 1016.3  25.5  25.8  19.8 99.0 99.00
2016 01 16 13 50 170  6.8  7.9  1.68 12.12  6.05  53 1016.6  25.8  25.9  20.1 99.0 99.00
2016 01 16 14 50 173  7.8  9.2  1.66 11.43  5.93  65 1016.7  25.9  25.9  20.1 99.0 99.00
2016 01 16 15 50 179  7.6  8.6  1.71 11.43  5.87  60 1015.9  25.9  26.0  20.4 99.0 99.00
2016 01 16 16 50 170  7.6  9.1  1.69 11.43  6.21  70 1014.7  25.9  26.1  21.0 99.0 99.00
2016 01 16 17 50 181  7.6  8.9  1.61 11.43  5.69  58 1014.0  26.0  26.1  20.8 99.0 99.00
2016 01 16 18 50 190  7.1  8.4  1.52 12.12  5.58  70 1014.1  26.0  26.2  20.8 99.0 99.00
2016 01 16 19 50 191  7.1  8.2  1.60 12.12  5.93  60 1013.6  26.0  26.2  21.0 99.0 99.00
2016 01 16 20 50 192  6.7  7.8  1.50 12.12  5.63  54 1014.1  26.0  26.2  21.0 99.0 99.00
2016 01 16 21 50 198  6.1  7.1  1.51 11.43  5.76  74 1014.6  25.9  26.2  20.9 99.0 99.00
2016 01 16 22 50 196  5.8  7.0  1.50 12.12  6.00  67 1014.8  25.8  26.1  20.8 99.0 99.00
2016 01 16 23 50 187  5.3  6.6  1.60 11.43  6.06  57 1015.1  25.8  26.1  21.0 99.0 99.00
2016 01 17 00 50 190  5.3  6.4  1.47 12.12  5.82  57 1015.6  25.7  26.1  21.2 99.0 99.00
2016 01 17 01 50 197  4.4  5.1  1.40 12.12  5.85  70 1016.1  25.7  26.1  20.9 99.0 99.00
2016 01 17 02 50 188  3.7  4.4  1.38 11.43  6.12  74 1016.3  25.7  26.1  20.9 99.0 99.00
2016 01 17 03 50 181  4.1  4.9  1.32 12.90  6.03  70 1016.0  25.6  26.1  21.0 99.0 99.00
2016 01 17 04 50 173  4.1  4.9  1.27 12.90  5.90  57 1015.5  25.5  26.0  20.8 99.0 99.00
2016 01 17 05 50 171  4.0  4.7  1.26 10.81  6.10  46 1015.2  25.5  26.0  20.7 99.0 99.00
2016 01 17 06 50 168  4.0  4.9  1.26 11.43  6.31  61 1014.8  25.4  26.0  20.5 99.0 99.00
2016 01 17 07 50 164  4.6  5.4  1.40 11.43  6.91  55 1014.4  25.3  26.0  20.7 99.0 99.00
2016 01 17 08 50 159  4.4  5.1  1.21 10.81  6.25  56 1014.3  25.2  26.0  20.5 99.0 99.00
2016 01 17 09 50 155  4.8  5.5  1.27 11.43  6.48  53 1014.3  25.2  26.0  20.5 99.0 99.00
2016 01 17 10 50 164  5.3  6.2  1.39 11.43  6.82  65 1014.3  25.2  26.0  20.2 99.0 99.00
2016 01 17 11 50 157  6.0  7.2  1.19 12.12  6.01  61 1014.7  25.4  26.0  20.5 99.0 99.00
2016 01 17 12 50 155  6.1  7.2  1.20 12.12  5.93  47 1015.1  25.7  26.0  20.2 99.0 99.00
2016 01 17 13 50 155  8.6  9.9  1.18 10.81  5.67  76 1015.2  25.7  26.0  20.9 99.0 99.00
2016 01 17 14 50 164  8.1  9.7  1.31 11.43  5.26  56 1015.4  25.8  26.1  20.7 99.0 99.00
2016 01 17 15 50 169  8.5 10.1  1.31 12.12  5.14  65 1015.1  25.8  26.1  21.2 99.0 99.00
2016 01 17 16 50 174  9.9 11.6  1.28 10.81  4.94  36 1013.8  25.9  26.1  20.5 99.0 99.00
2016 01 17 17 50 184  9.6 11.2  1.31 12.12  4.74  36 1013.2  26.1  26.1  20.1 99.0 99.00
2016 01 17 18 50 193  8.0 10.1  1.44 12.12  4.86  77 1013.3  26.1  26.1  20.6 99.0 99.00
2016 01 17 19 50 188  8.4 10.0  1.36  4.76  4.78 169 1012.9  26.2  26.2  21.1 99.0 99.00
2016 01 17 20 50 191  7.4  8.8  1.41 12.12  4.97  48 1013.4  26.3  26.2  21.4 99.0 99.00
2016 01 17 21 50 198  9.1 10.6  1.44  4.76  4.94 178 1013.3  26.1  26.1  21.3 99.0 99.00
2016 01 17 22 50 204  8.9 10.6  1.48  4.76  4.92 174 1013.8  26.1  26.1  21.6 99.0 99.00
2016 01 17 23 50 213  8.0 10.0  1.48  4.76  4.85 183 1014.8  26.2  26.1  21.4 99.0 99.00
2016 01 18 00 50 230  7.2  8.3  1.41  5.00  4.95 183 1015.3  26.3  26.1  21.5 99.0 99.00
2016 01 18 01 50 227  6.1  7.1  1.43 10.81  5.07  48 1015.5  26.3  26.1  21.4 99.0 99.00
2016 01 18 02 50 233  6.0  7.1  1.53  5.26  5.30 187 1015.9  26.1  26.1  21.7 99.0 99.00
2016 01 18 03 50 215  6.8  8.2  1.41 10.00  5.29 352 1015.1  26.0  26.1  21.5 99.0 99.00
2016 01 18 04 50 221  6.6  8.1  1.45  5.26  5.39 184 1015.1  26.1  26.1  20.6 99.0 99.00
2016 01 18 05 50 214  6.2  7.0  1.39  5.56  5.25 178 1014.5  26.2  26.1  19.9 99.0 99.00
2016 01 18 06 50 215  7.5  9.5  1.37  5.26  5.26 182 1013.7  26.0  26.0  20.4 99.0 99.00
2016 01 18 07 50 214  7.7  9.2  1.33  5.88  4.97 175 1013.5  25.7  26.0  20.8 99.0 99.00
2016 01 18 08 50 219  7.2  8.2  1.40  5.26  5.08 182 1013.6  25.7  26.0  20.9 99.0 99.00
2016 01 18 09 50 215  6.9  8.3  1.43  5.56  5.22 174 1013.5  25.7  26.0  20.7 99.0 99.00
2016 01 18 10 50 209  6.3  7.5  1.33  5.26  5.10 191 1014.0  25.8  26.0  20.8 99.0 99.00
2016 01 18 11 50 209  6.3  7.6  1.37  5.56  5.32 160 1014.5  25.9  26.0  21.1 99.0 99.00
2016 01 18 12 50 206  5.8  6.7  1.30 10.81  5.10  89 1015.3  26.1  26.0  21.3 99.0 99.00
2016 01 18 13 50 206  6.2  7.2  1.26  5.56  5.16 183 1015.9  26.1  26.1  21.3 99.0 99.00
2016 01 18 14 50 210  6.5  7.2  1.23  7.69  5.10 329 1016.3  26.1  26.1  21.4 99.0 99.00
2016 01 18 15 50 215  5.8  6.7  1.22  5.56  5.17 179 1016.2  26.1  26.2  21.2 99.0 99.00
2016 01 18 16 50 212  6.5  7.5  1.15  6.25  5.05 157 1015.4  26.1  26.2  21.6 99.0 99.00
2016 01 18 17 50 218  6.0  7.2  1.20  4.76  5.04 196 1014.8  26.2  26.3  21.7 99.0 99.00
2016 01 18 18 50 229  5.7  6.8  1.13  4.76  4.82 190 1014.4  26.3  26.3  22.0 99.0 99.00
2016 01 18 19 50 220  5.7  6.7  1.09  5.00  4.99 181 1014.3  26.3  26.3  22.0 99.0 99.00
2016 01 18 20 50 220  5.7  7.0  1.06 10.81  4.89  41 1014.5  26.3  26.3  22.1 99.0 99.00
2016 01 18 21 50 217  5.6  6.6  1.00 10.81  4.94  71 1015.0  26.1  26.3  22.1 99.0 99.00
2016 01 18 22 50 222  5.1  7.1  1.02 10.00  4.94  52 1015.7  24.6  26.2  21.1 99.0 99.00
2016 01 18 23 50 202  2.8  3.8  1.00 10.00  5.12  58 1016.5  23.8  26.2  19.7 99.0 99.00
2016 01 19 00 50 164  0.4  1.0  1.01  5.00  5.17 217 1017.2  25.3  25.7  20.6 99.0 99.00
2016 01 19 01 50  61  0.8  1.3  1.00 10.00  5.38  27 1018.0  25.4  25.6  21.1 99.0 99.00
2016 01 19 02 50 351  2.6  3.3  0.94 12.12  5.13  55 1018.1  25.5  25.7  21.8 99.0 99.00
2016 01 19 03 50 208  2.6  3.7  1.01 11.43  5.29 358 1018.0  25.1  25.8  21.4 99.0 99.00
2016 01 19 04 50 197  3.2  3.8  1.11 10.81  6.06  16 1017.6  25.1  25.9  21.6 99.0 99.00
2016 01 19 05 50 316  1.9  2.4  1.15 10.81  6.38 350 1017.4  25.2  25.8  21.6 99.0 99.00
2016 01 19 06 50 244  0.7  1.6  1.14 10.81  6.51 271 1016.9  25.2  25.8  21.2 99.0 99.00
2016 01 19 07 50 319  2.8  3.8  1.39 10.00  7.11 319 1016.4  25.1  25.8  21.2 99.0 99.00
2016 01 19 08 50  17  5.6  6.6  1.52 12.12  7.70 337 1016.4  24.5  25.9  21.4 99.0 99.00
2016 01 19 09 50  27  5.9  7.0  1.91 11.43  8.16 326 1016.9  24.4  26.0  21.4 99.0 99.00
2016 01 19 10 50  30  5.7  6.6  1.75 11.43  7.32 328 1017.4  24.5  26.0  21.3 99.0 99.00
2016 01 19 11 50  34  7.0  8.1  2.36 11.43  8.09 327 1018.1  24.5  26.0  21.3 99.0 99.00
2016 01 19 12 50  15 11.6 14.8  2.07 10.81  7.03 332 1018.5  23.2  26.0  20.2 99.0 99.00
2016 01 19 13 50  17  9.2 10.9  2.33 10.81  6.45 321 1019.4  23.5  26.0  19.9 99.0 99.00
2016 01 19 14 50  24  8.3 10.4  2.08 10.81  6.27 334 1019.7  24.3  26.0  19.2 99.0 99.00
2016 01 19 15 50  26  8.2 10.0  2.48 11.43  6.96 337 1019.6  23.8  26.0  18.7 99.0 99.00
2016 01 19 16 50  18  9.5 11.0  2.35 10.81  6.98 330 1018.7  23.5  25.9  19.3 99.0 99.00
2016 01 19 17 50  26  7.8  9.3  1.98 10.81  6.58 333 1017.8  24.2  25.9  18.0 99.0 99.00
2016 01 19 18 50   9  7.8  9.7  2.03 10.81  6.37 342 1017.3  24.2  26.0  17.7 99.0 99.00
2016 01 19 19 50 357  7.8 10.1  2.14 10.81  6.82 340 1017.6  23.6  25.9  17.4 99.0 99.00
2016 01 19 20 50  22  6.9  9.0  2.38 10.81  7.30 346 1017.9  23.7  25.9  17.4 99.0 99.00
2016 01 19 21 50  17  8.2 10.1  2.20 10.81  6.82 348 1018.2  24.2  25.9  17.4 99.0 99.00
2016 01 19 22 50   7  7.7  9.5  2.05 10.81  6.53 353 1018.8  24.1  25.9  16.6 99.0 99.00
2016 01 19 23 50  13  7.7  9.6  1.93 11.43  6.33 349 1019.2  24.2  25.9  16.0 99.0 99.00
2016 01 20 00 50  12  9.9 11.8  2.03 10.00  6.49 337 1019.7  23.1  25.9  18.0 99.0 99.00
2016 01 20 01 50  18  8.7 10.5  2.06 10.81  6.05 352 1020.1  23.3  26.0  17.1 99.0 99.00
2016 01 20 02 50  28  8.8 10.3  2.09 10.00  6.34 343 1020.2  23.0  26.0  17.2 99.0 99.00
2016 01 20 03 50  16  9.4 11.4  1.99 10.00  6.18 346 1020.2  23.3  26.0  16.8 99.0 99.00
2016 01 20 04 50   8  8.2 10.4  2.39 10.81  6.49 347 1019.9  23.4  26.0  16.2 99.0 99.00
2016 01 20 05 50   7  7.9 10.2  2.29 10.00  6.67 348 1019.6  23.4  26.0  15.3 99.0 99.00
2016 01 20 06 50  11  7.8  9.6  2.21  9.09  6.32 330 1018.9  23.4  26.0  15.5 99.0 99.00
2016 01 20 07 50  11  7.7 10.1  2.34 10.00  6.58 347 1018.5  23.4  26.0  15.3 99.0 99.00
2016 01 20 08 50  14  7.2  8.9  2.37 10.00  6.55 339 1018.4  23.3  26.0  14.8 99.0 99.00
2016 01 20 09 50  20  7.9  9.9  2.37 10.00  6.83 345 1018.7  23.3  25.9  15.8 99.0 99.00
2016 01 20 10 50  26  7.4  9.0  2.42 10.81  6.82 353 1019.5  23.3  25.9  14.6 99.0 99.00
2016 01 20 11 50  18  6.7  8.7  2.63 10.00  7.18 349 1020.2  23.4  25.9  15.5 99.0 99.00
2016 01 20 12 50  21  7.1  8.4  2.77 10.81  7.46 352 1020.7  23.4  25.9  15.8 99.0 99.00
2016 01 20 13 50  24  6.3  8.5  2.65 10.81  7.46 351 1021.2  23.5  25.9  15.7 99.0 99.00
2016 01 20 14 50  19  7.1  8.4  2.73 10.00  7.53 349 1021.5  23.5  25.9  15.7 99.0 99.00
2016 01 20 15 50  24  6.4  8.2  3.01 10.81  8.23 347 1021.1  23.4  25.9  14.8 99.0 99.00
2016 01 20 16 50  19  5.0  7.1  2.66 12.12  7.66 355 1020.5  23.5  25.9  14.2 99.0 99.00
2016 01 20 17 50  33  5.0  7.1  2.65 10.81  7.86 352 1019.5  23.5  26.0  14.1 99.0 99.00
2016 01 20 18 50  29  5.1  6.4  2.64 12.12  8.06 344 1018.9  23.6  26.0  14.3 99.0 99.00
2016 01 20 19 50  28  6.4  8.4  2.69 10.81  8.20 359 1018.7  23.4  26.0  15.3 99.0 99.00
2016 01 20 20 50  30  6.7  8.3  2.64 10.81  7.98 339 1018.7  23.4  26.0  15.2 99.0 99.00
2016 01 20 21 50  31  6.0  7.7  2.84 12.12  8.33 353 1019.2  23.1  26.0  14.9 99.0 99.00
2016 01 20 22 50  34  6.3  8.3  2.80 12.12  8.31 349 1019.6  23.0  25.9  14.6 99.0 99.00
2016 01 20 23 50  27  5.6  7.9  2.83 11.43  8.31 346 1020.1  22.9  25.9  14.1 99.0 99.00
2016 01 21 00 50  29  5.2  6.9  2.92 10.00  8.19 336 1020.4  22.9  25.9  13.8 99.0 99.00
2016 01 21 01 50  29  4.8  6.2  2.95 12.12  8.55 359 1020.9  23.0  25.9  13.4 99.0 99.00
2016 01 21 02 50  23  4.3  6.1  2.88 12.12  8.44 357 1020.8  22.9  25.9  13.0 99.0 99.00
2016 01 21 03 50  16  4.0  5.8  2.71 10.81  8.32 351 1020.8  23.0  25.8  13.0 99.0 99.00
2016 01 21 04 50  32  3.0  5.1  2.92 10.81  8.44 353 1020.4  22.9  25.8  12.9 99.0 99.00
2016 01 21 05 50   3  3.3  5.0  2.94 11.43  8.44 353 1019.9  22.8  25.8  12.7 99.0 99.00
2016 01 21 06 50   7  3.5  5.1  3.02 12.12  8.79 359 1019.2  22.8  25.8  12.9 99.0 99.00
2016 01 21 07 50  16  3.5  5.9  3.11 12.90  8.77   6 1018.6  22.8  25.8  12.5 99.0 99.00
2016 01 21 08 50   7  4.6  6.7  3.43 12.12  9.19 358 1018.7  22.8  25.8  13.2 99.0 99.00
2016 01 21 09 50  16  3.9  5.7  2.75 12.90  8.43 360 1018.7  22.7  25.8  13.9 99.0 99.00
2016 01 21 10 50   9  4.4  6.3  2.89 11.43  8.76 360 1019.6  22.9  25.8  14.0 99.0 99.00
2016 01 21 11 50  14  4.6  6.8  3.02 12.12  8.85 349 1020.1  23.0  25.8  14.2 99.0 99.00
2016 01 21 12 50  47  5.5  7.2  2.76 12.90  8.46 359 1020.5  23.0  25.8  15.9 99.0 99.00
2016 01 21 13 50  25  6.9  8.3  2.67 12.90  8.11   3 1021.0  23.2  25.9  15.6 99.0 99.00
2016 01 21 14 50  34  7.1  9.4  2.53 11.43  7.75 353 1021.3  23.3  25.9  15.7 99.0 99.00
2016 01 21 15 50  35  7.4  9.4  2.45 12.90  7.35   1 1021.1  23.3  25.9  15.4 99.0 99.00
2016 01 21 16 50  29  6.6  8.4  2.58 11.43  7.53 355 1020.5  23.3  25.9  15.3 99.0 99.00
2016 01 21 17 50  24  6.9  8.6  2.32 11.43  7.24 356 1019.5  23.2  25.9  15.2 99.0 99.00
2016 01 21 18 50  27  6.5  8.0  2.34 12.12  7.61 355 1018.9  23.2  25.9  14.6 99.0 99.00
2016 01 21 19 50  26  6.4  8.1  2.23 11.43  7.56 354 1018.6  23.2  26.0  14.3 99.0 99.00
2016 01 21 20 50  26  6.1  7.6  2.20 10.81  7.15 356 1018.9  23.3  25.9  14.5 99.0 99.00
2016 01 21 21 50  27  7.0  8.6  2.22 12.12  7.41 353 1019.1  23.3  25.9  14.6 99.0 99.00
2016 01 21 22 50  33  7.0  8.9  2.25 10.81  7.23 353 1019.7  23.1  25.9  14.7 99.0 99.00
2016 01 21 23 50  39  6.5  8.2  2.35 12.12  7.53 343 1020.4  23.2  25.9  14.3 99.0 99.00
2016 01 22 00 50  40  5.8  7.3  2.06 11.43  7.06 354 1021.2  23.2  25.9  14.0 99.0 99.00
2016 01 22 01 50  40  5.6  7.2  2.09 11.43  7.02 356 1021.3  23.2  25.9  14.1 99.0 99.00
2016 01 22 02 50  49  5.5  7.5  2.08 11.43  7.30 358 1021.2  23.3  25.9  14.5 99.0 99.00
2016 01 22 03 50  51  5.2  7.0  2.29 11.43  7.52   3 1020.9  23.3  25.9  14.5 99.0 99.00
2016 01 22 04 50  48  6.0  7.7  1.97 10.81  7.25   6 1020.3  23.2  25.9  14.6 99.0 99.00
2016 01 22 05 50  50  6.2  8.2  2.10 10.81  7.42 350 1019.6  23.1  25.9  14.4 99.0 99.00
2016 01 22 06 50  58  5.3  7.0  1.95 11.43  7.10  11 1018.8  23.1  25.8  14.2 99.0 99.00
2016 01 22 07 50  58  5.3  7.5  2.16 10.81  7.60 356 1018.2  23.2  25.8  14.5 99.0 99.00
2016 01 22 08 50  58  5.1  6.7  2.15 11.43  7.66 356 1018.2  23.1  25.8  14.0 99.0 99.00
2016 01 22 09 50  75  5.3  7.0  1.85 10.81  7.24   5 1018.4  23.2  25.8  14.2 99.0 99.00
2016 01 22 10 50  75  5.7  6.9  2.01 10.00  7.11 360 1018.8  23.3  25.8  14.5 99.0 99.00
2016 01 22 11 50  75  6.7  8.0  1.99 10.00  7.08   5 1019.1  23.5  25.8  14.6 99.0 99.00
2016 01 22 12 50  78  6.6  8.1  1.87 11.43  6.70 355 1019.6  23.7  25.8  15.0 99.0 99.00
2016 01 22 13 50  73  7.2  8.5  1.86 10.81  6.38   5 1020.1  23.9  25.8  15.3 99.0 99.00
2016 01 22 14 50  82  7.2  8.2  1.89 10.00  6.41 356 1020.4  23.9  25.8  15.7 99.0 99.00
2016 01 22 15 50  98  7.8 10.1  1.71 11.43  6.24   9 1019.7  24.0  25.8  16.1 99.0 99.00
2016 01 22 16 50 108  7.3  8.8  1.67 11.43  6.06   6 1018.8  24.0  25.9  14.7 99.0 99.00
2016 01 22 17 50  99  7.1  8.8  1.66  8.33  5.92   2 1017.6  24.0  25.9  15.8 99.0 99.00
2016 01 22 18 50 100  7.3 10.0  1.53 10.00  5.73 360 1016.7  24.0  25.9  16.2 99.0 99.00
2016 01 22 19 50 107  8.1  9.9  1.67 10.00  5.90 360 1015.9  24.1  25.9  16.4 99.0 99.00
2016 01 22 20 50 107  8.4  9.8  1.59 11.43  5.49   6 1015.7  24.3  25.9  17.4 99.0 99.00
2016 01 22 21 50 110  8.8 10.6  1.60 10.00  5.63 350 1015.6  24.5  25.9  18.0 99.0 99.00
2016 01 22 22 50 113  8.1  9.5  1.56 10.81  5.48  15 1015.8  24.6  25.8  18.2 99.0 99.00
2016 01 22 23 50 112  8.7 10.5  1.53  5.00  5.32  84 1016.0  24.6  25.8  18.5 99.0 99.00
2016 01 23 00 50 110  9.2 11.4  1.69 10.00  5.71   6 1016.0  24.7  25.8  18.9 99.0 99.00
2016 01 23 01 50 112  9.3 11.0  1.74 10.00  5.52 349 1015.7  24.9  25.8  19.5 99.0 99.00
2016 01 23 02 50 134 10.4 12.3  1.97 10.81  5.78   1 1015.6  24.0  25.8  20.3 99.0 99.00
2016 01 23 03 50 124  9.2 11.3  2.05 10.81  6.00 356 1015.3  23.3  25.8  20.6 99.0 99.00
2016 01 23 04 50 155  9.1 11.0  2.06 10.81  6.14   4 1014.4  25.1  25.8  21.7 99.0 99.00
2016 01 23 05 50 163 10.0 11.6  2.24 10.00  5.94   6 1013.8  25.5  25.8  20.8 99.0 99.00
2016 01 23 06 50 171 10.7 12.6  2.15 10.00  5.73   1 1012.9  25.4  25.8  20.9 99.0 99.00
2016 01 23 07 50 175  9.8 12.1  2.07 10.81  5.74 353 1012.4  25.3  25.8  21.4 99.0 99.00
2016 01 23 08 50 172 11.3 13.5  2.04  6.25  5.53 113 1011.7  25.8  25.8  20.5 99.0 99.00
2016 01 23 09 50 176 11.3 13.8  2.12 10.00  5.51   7 1011.7  25.7  25.8  20.0 99.0 99.00
2016 01 23 10 50 185 11.9 14.7  2.15  6.67  5.24 119 1012.3  25.9  25.8  20.0 99.0 99.00
2016 01 23 11 50 189 11.2 13.9  2.02 10.81  5.26   3 1012.8  26.0  25.8  20.3 99.0 99.00
2016 01 23 12 50 191 11.2 13.1  2.09  6.25  5.39 128 1013.4  26.2  25.8  20.5 99.0 99.00
2016 01 23 13 50 187 10.9 12.5  1.98  6.25  5.20 159 1013.7  26.2  25.8  21.0 99.0 99.00
2016 01 23 14 50 190 10.5 12.6  1.82  5.56  5.07 171 1013.9  26.1  25.8  21.5 99.0 99.00
2016 01 23 15 50 188 10.6 12.6  2.18  6.25  5.40 150 1013.2  26.1  25.9  21.8 99.0 99.00
2016 01 23 16 50 191 11.3 13.3  2.22  5.88  5.42 181 1012.1  26.2  25.9  21.8 99.0 99.00
2016 01 23 17 50 197 11.5 13.6  2.07  6.25  5.18 182 1011.4  26.3  25.9  21.9 99.0 99.00
2016 01 23 18 50 200 11.3 13.5  2.11  5.88  5.13 184 1010.8  26.3  25.9  22.1 99.0 99.00
2016 01 23 19 50 205 11.5 13.8  2.09  5.88  5.13 188 1010.6  26.3  25.9  21.9 99.0 99.00
2016 01 23 20 50 202 11.1 13.4  2.16  5.88  5.12 187 1010.6  26.3  25.9  22.0 99.0 99.00
2016 01 23 21 50 202 10.9 13.1  2.23  6.67  5.34 181 1010.9  26.3  25.9  22.1 99.0 99.00
2016 01 23 22 50 195 10.1 12.3  2.23  6.67  5.56 178 1011.1  26.2  25.9  22.4 99.0 99.00
2016 01 23 23 50 197 10.2 13.2  2.24  7.14  5.52 189 1011.1  26.2  25.9  22.0 99.0 99.00
2016 01 24 00 50 198 10.5 12.7  2.13  7.14  5.47 172 1011.9  26.2  25.8  22.1 99.0 99.00
2016 01 24 01 50 202 10.1 12.3  2.07  7.14  5.55 175 1012.1  26.2  25.8  22.1 99.0 99.00
2016 01 24 02 50 197 10.4 12.8  2.32  7.14  5.63 169 1012.2  26.1  25.8  22.2 99.0 99.00
2016 01 24 03 50 197 10.1 12.4  2.59  7.14  5.76 181 1011.7  26.0  25.8  22.3 99.0 99.00
2016 01 24 04 50 249 12.9 16.7  2.48  7.14  5.81 177 1011.2  24.1  25.8  21.7 99.0 99.00
2016 01 24 05 50 245 11.3 14.6  2.44  7.14  5.49 182 1011.2  24.3  25.8  21.4 99.0 99.00
2016 01 24 06 50 262  9.6 11.5  2.58  7.69  5.53 158 1010.7  24.2  25.8  21.2 99.0 99.00
2016 01 24 07 50 275 10.2 12.6  2.54  7.14  5.77 183 1010.2  25.0  25.8  21.4 99.0 99.00
2016 01 24 08 50 291 10.0 12.3  2.67  7.14  5.79 194 1010.4  24.8  25.8  20.4 99.0 99.00
2016 01 24 09 50 287 12.3 14.6  2.71  7.69  5.96 163 1010.8  24.3  25.8  19.9 99.0 99.00
2016 01 24 10 50 291 10.7 15.0  3.16  7.69  6.43 164 1011.4  23.8  25.8  19.6 99.0 99.00
2016 01 24 11 50 285 10.8 12.5  3.41  7.14  6.77 225 1012.8  24.5  25.7  17.7 99.0 99.00
2016 01 24 12 50 282  9.2 11.1  3.97 12.90  7.60 309 1013.5  23.3  25.7  16.1 99.0 99.00
2016 01 24 13 50 303  9.7 12.2  4.08 12.12  8.10 300 1014.0  24.0  25.7  18.0 99.0 99.00
2016 01 24 14 50 302 11.3 14.5  3.51 12.12  7.47 311 1014.9  24.3  25.7  17.4 99.0 99.00
2016 01 24 15 50 321  9.1 11.9  4.10 12.12  8.00 302 1014.7  23.4  25.7  17.3 99.0 99.00
2016 01 24 16 50 315  9.1 11.7  3.92 12.90  7.91 298 1015.5  22.9  25.7  16.6 99.0 99.00
2016 01 24 17 50 308  9.9 12.9  4.06 12.12  7.87 297 1015.5  22.3  25.7  16.4 99.0 99.00
2016 01 24 18 50 318 10.6 13.3  4.61 12.90  8.24 312 1014.2  22.9  25.7  15.3 99.0 99.00
2016 01 24 19 50 314 10.1 12.5  4.76 12.12  8.77 307 1014.5  23.0  25.7  14.0 99.0 99.00
2016 01 24 20 50 320  8.7 12.1  5.07 12.12  8.69 303 1015.3  23.0  25.7  13.1 99.0 99.00
2016 01 24 21 50 305  8.3 10.7  4.02 12.12  8.24 296 1016.1  23.1  25.7  13.7 99.0 99.00
2016 01 24 22 50 321  7.2  9.8  4.63 12.90  8.61 297 1016.3  23.1  25.7  13.7 99.0 99.00
2016 01 24 23 50 315  7.7 10.6  4.71 12.90  8.88 292 1017.2  23.2  25.7  13.6 99.0 99.00
2016 01 25 00 50 316  5.6  7.9  4.19 12.12  8.54 296 1018.0  23.2  25.7  14.1 99.0 99.00
2016 01 25 01 50 346  5.5  9.4  4.04 12.12  8.72 298 1018.2  23.1  25.7  15.0 99.0 99.00
2016 01 25 02 50 328  6.3  8.0  4.04 12.12  8.63 291 1018.9  23.4  25.7  14.1 99.0 99.00
2016 01 25 03 50 320  6.9  9.3  4.07 12.12  8.70 302 1019.1  23.4  25.7  13.3 99.0 99.00
2016 01 25 04 50 338  7.6  9.8  3.85 12.12  8.37 301 1018.9  23.2  25.7  14.0 99.0 99.00
2016 01 25 05 50 348  7.3  8.8  3.68 12.12  8.24 302 1019.1  23.1  25.7  13.9 99.0 99.00
2016 01 25 06 50 341  7.0  9.2  3.62 12.12  8.19 302 1019.0  23.2  25.7  12.5 99.0 99.00
2016 01 25 07 50 345  7.3  9.6  3.43 10.81  8.20 308 1019.2  23.0  25.7  14.0 99.0 99.00
2016 01 25 08 50 358  6.4  8.1  3.37 12.12  8.25 299 1019.5  22.9  25.7  13.2 99.0 99.00
2016 01 25 09 50   2  5.2  6.8  3.12 11.43  7.60 299 1020.0  22.9  25.7  13.5 99.0 99.00
2016 01 25 10 50  27  5.1  6.7  3.02 11.43  7.93 300 1020.5  23.0  25.7  13.5 99.0 99.00
2016 01 25 11 50  22  6.0  7.6  3.37 11.43  8.07 295 1021.3  23.0  25.7  14.0 99.0 99.00
2016 01 25 12 50  23  5.8  7.0  2.94 11.43  8.02 296 1022.0  23.0  25.7  14.0 99.0 99.00
2016 01 25 13 50  31  6.2  7.5  2.96 11.43  8.00 298 1022.9  23.1  25.7  13.7 99.0 99.00
2016 01 25 14 50  29  4.9  6.2  2.97 11.43  8.03 295 1023.6  23.2  25.7  12.9 99.0 99.00
2016 01 25 15 50  36  4.5  7.4  3.01 11.43  8.26 306 1023.6  23.3  25.7  12.7 99.0 99.00
2016 01 25 16 50  44  4.7  6.3  3.00 11.43  8.41 304 1023.2  23.3  25.8  13.0 99.0 99.00
2016 01 25 17 50  56  4.9  6.3  2.46 10.00  7.65 316 1022.3  23.2  25.8  13.2 99.0 99.00
2016 01 25 18 50  44  5.6  6.8  2.73 10.81  8.06 317 1021.8  23.3  25.9  13.7 99.0 99.00
2016 01 25 19 50  36  5.4  6.7  3.05 10.81  8.15 317 1021.8  23.4  26.0  13.5 99.0 99.00
2016 01 25 20 50  42  5.9  7.4  2.70 10.81  7.91 308 1022.5  23.4  26.0  14.0 99.0 99.00
2016 01 25 21 50  49  5.6  7.3  2.87 11.43  8.32 321 1023.4  23.4  26.0  14.9 99.0 99.00
2016 01 25 22 50  51  6.1  7.4  2.87 12.90  8.26 340 1024.0  23.3  26.0  14.1 99.0 99.00
2016 01 25 23 50  48  5.9  7.3  3.04 12.12  8.57 343 1024.6  23.4  26.0  14.3 99.0 99.00
2016 01 26 00 50  44  5.8  7.9  2.82 10.00  8.18 308 1024.9  23.6  26.0  14.1 99.0 99.00
2016 01 26 01 50  36  6.1  8.1  2.83 11.43  8.36 344 1025.1  23.7  26.0  13.8 99.0 99.00
2016 01 26 02 50  52  5.8  7.3  2.83 10.81  8.29 326 1025.1  23.9  26.0  14.1 99.0 99.00
2016 01 26 03 50  53  6.9  8.4  3.03 12.12  8.52 337 1024.8  23.7  26.0  14.3 99.0 99.00
2016 01 26 04 50  50  7.8  9.1  2.71 10.81  8.03 334 1024.3  23.9  26.0  14.8 99.0 99.00
2016 01 26 05 50  59  8.4 10.0  2.82 13.79  8.10 341 1024.1  23.6  26.0  15.2 99.0 99.00
2016 01 26 06 50  56  8.5 10.0  2.74 10.00  7.90 323 1023.5  23.6  26.0  16.0 99.0 99.00
2016 01 26 07 50  59  7.2  8.6  2.64 12.90  7.64 351 1023.4  23.7  26.0  16.3 99.0 99.00
2016 01 26 08 50  67  6.7  9.3  2.60 12.12  7.89 353 1023.4  23.7  26.0  16.0 99.0 99.00
2016 01 26 09 50  56  7.0  8.6  2.68 12.12  7.64 343 1023.6  23.8  26.0  17.1 99.0 99.00
2016 01 26 10 50  73  6.3  7.7  2.48 12.12  7.45 348 1024.2  23.9  26.0  15.9 99.0 99.00
2016 01 26 11 50  61  7.5  9.1  2.40 12.12  7.10   9 1024.7  24.1  26.0  17.2 99.0 99.00
2016 01 26 12 50  62  9.0 10.6  2.69 12.12  7.65 352 1025.3  24.0  26.1  17.6 99.0 99.00
2016 01 26 13 50  71  8.4 10.2  2.37 11.43  6.94 353 1025.6  24.0  26.1  17.5 99.0 99.00
2016 01 26 14 50  79  9.4 11.0  2.47 12.12  7.26 360 1025.6  24.7  26.1  17.6 99.0 99.00
2016 01 26 15 50  78  8.8 10.6  2.42 11.43  6.93 359 1025.3  24.9  26.1  17.3 99.0 99.00
2016 01 26 16 50  82  9.7 11.2  2.33 12.90  6.48 357 1024.3  24.7  26.1  18.1 99.0 99.00
2016 01 26 17 50  92  9.1 10.6  2.57 12.12  6.76   8 1023.4  24.8  26.1  18.0 99.0 99.00
2016 01 26 18 50  92  9.6 10.9  2.82 12.12  7.02   1 1022.8  24.9  26.1  18.2 99.0 99.00
2016 01 26 19 50  92  9.4 10.8  2.63 13.79  6.68 350 1022.3  25.0  26.1  18.7 99.0 99.00
2016 01 26 20 50  97  9.2 10.8  2.33 12.12  6.43 346 1022.5  25.2  26.1  18.6 99.0 99.00
2016 01 26 21 50  92  9.6 10.8  2.56 12.90  6.67   3 1022.5  25.1  26.1  18.9 99.0 99.00
2016 01 26 22 50  93  9.6 11.5  2.61 12.12  6.69 358 1022.7  24.9  26.1  19.3 99.0 99.00
2016 01 27 00 50  88  9.4 11.5  2.58 12.90  6.58 359 1023.2  25.3  26.0  20.1 99.0 99.00
2016 01 27 01 50  96  9.5 12.0  2.81  6.67  6.45  77 1023.3  23.5  26.0  20.2 99.0 99.00
2016 01 27 02 50  85  8.8 10.7  2.77  7.14  6.83  93 1023.5  23.4  25.9  20.5 99.0 99.00
2016 01 27 03 50  79  6.2  8.0  2.60  7.69  6.80  91 1023.1  22.8  25.8  20.0 99.0 99.00
2016 01 27 04 50 113  8.9 10.1  2.90 12.90  7.09  21 1022.5  25.3  25.7  20.8 99.0 99.00
2016 01 27 05 50 119  8.1  9.6  2.71  7.69  6.85  71 1022.2  25.2  25.6  20.5 99.0 99.00
2016 01 27 06 50 126  8.0  9.3  2.62  7.14  6.78  87 1021.5  25.2  25.6  20.5 99.0 99.00
2016 01 27 07 50 122  7.8  9.2  2.38  7.69  6.55  89 1020.9  25.2  25.6  20.6 99.0 99.00
2016 01 27 08 50 127  7.5  8.8  2.40 11.43  6.62  15 1020.6  25.3  25.6  20.6 99.0 99.00
2016 01 27 09 50 127  6.8  8.4  2.43 12.90  6.75  13 1020.8  25.3  25.5  20.3 99.0 99.00
2016 01 27 10 50 116  6.8  8.8  2.33 12.12  6.68 357 1021.2  25.3  25.5  20.4 99.0 99.00
2016 01 27 11 50 125  6.2  8.6  2.26  7.69  6.66  91 1021.4  24.6  25.5  20.6 99.0 99.00
2016 01 27 12 50 119  8.4 10.1  2.41  7.69  6.60  71 1021.0  25.6  25.5  20.3 99.0 99.00
2016 01 27 13 50 130  7.6  9.7  2.17 12.12  6.63  15 1022.2  25.9  25.6  20.3 99.0 99.00
2016 01 27 14 50 126  7.2  8.5  2.14 11.43  6.53   8 1022.5  25.9  25.6  20.1 99.0 99.00
2016 01 27 15 50 127  7.1  8.5  2.12  7.69  6.33  84 1021.8  26.0  25.6  20.4 99.0 99.00
2016 01 27 16 50 133  8.0  9.3  2.11 11.43  6.24   6 1021.1  26.0  25.6  20.0 99.0 99.00
2016 01 27 17 50 131  7.4  8.8  1.99 11.43  6.09 357 1020.0  26.0  25.7  20.3 99.0 99.00
2016 01 27 18 50 125  6.8  8.3  1.93  7.69  6.04  78 1019.3  25.9  25.7  20.7 99.0 99.00
2016 01 27 19 50 166  7.7  9.3  2.02 11.43  5.98  14 1018.9  24.8  25.7  19.2 99.0 99.00
2016 01 27 20 50 143  6.1  7.6  2.03 11.43  6.30  15 1018.8  25.6  25.7  21.0 99.0 99.00
2016 01 27 21 50 162  7.9 10.6  1.92  7.14  6.11  75 1019.9  23.0  25.7  19.9 99.0 99.00
2016 01 27 22 50 171  7.0  9.1  1.95 11.43  5.88  21 1019.6  23.6  25.6  19.1 99.0 99.00
2016 01 27 23 50 108  3.0  4.0  1.89  7.69  6.20  67 1019.9  25.0  25.6  20.5 99.0 99.00
2016 01 28 00 50 129  7.9 10.4  2.01  7.14  6.07  96 1020.0  25.9  25.6  21.2 99.0 99.00
2016 01 28 01 50 130  8.5 10.1  2.10  7.14  6.12  91 1020.3  25.9  25.7  20.9 99.0 99.00
2016 01 28 02 50 132  8.5 10.2  2.23  7.14  6.02 103 1020.5  26.0  25.7  20.8 99.0 99.00
2016 01 28 03 50 187  7.9 10.1  2.12  7.14  5.84  85 1021.2  22.2  25.7  18.0 99.0 99.00
2016 01 28 04 50 152  3.3  4.6  2.10  6.67  6.29 105 1020.5  24.5  25.7  18.7 99.0 99.00
2016 01 28 05 50 132  8.2 10.0  2.15  7.69  6.06  97 1019.6  25.8  25.7  20.9 99.0 99.00
2016 01 28 06 50 141  9.0 11.1  2.37  7.69  6.26  90 1018.6  25.8  25.7  20.7 99.0 99.00
2016 01 28 07 50 139  9.2 10.8  2.17  8.33  5.96 107 1018.1  25.8  25.7  20.3 99.0 99.00
2016 01 28 08 50 144  9.2 10.8  2.24  7.14  5.93  97 1018.0  25.8  25.7  20.0 99.0 99.00
2016 01 28 09 50 142 10.1 12.3  2.17  9.09  5.84 122 1018.0  25.7  25.7  20.2 99.0 99.00
2016 01 28 10 50 146  9.2 10.9  2.27  8.33  6.24 111 1018.2  25.7  25.7  20.3 99.0 99.00
2016 01 28 11 50 140  8.2  9.8  2.07  8.33  5.91  97 1018.8  25.6  25.7  20.5 99.0 99.00
2016 01 28 12 50 146  9.1 10.8  2.03  8.33  6.10  98 1019.4  26.2  25.8  20.3 99.0 99.00
2016 01 28 13 50 143  9.5 11.0  2.15  8.33  6.04  81 1019.5  26.0  25.8  20.8 99.0 99.00
2016 01 28 14 50 153  9.4 11.1  2.25  8.33  5.89  87 1019.5  26.1  25.8  20.4 99.0 99.00
2016 01 28 15 50 154  8.5 10.2  2.11  8.33  5.85 103 1019.2  26.1  25.9  19.6 99.0 99.00
2016 01 28 16 50 162  9.3 11.6  2.27  9.09  5.96 113 1018.4  26.1  25.9  20.0 99.0 99.00
2016 01 28 17 50 162  8.5 10.5  2.14  8.33  5.95 119 1017.8  26.2  25.9  20.0 99.0 99.00
2016 01 28 18 50 165  8.1  9.5  1.94  9.09  5.76  92 1017.3  26.2  25.9  20.2 99.0 99.00
2016 01 28 19 50 156  9.1 10.7  2.13  9.09  5.75 112 1016.8  26.3  25.9  19.9 99.0 99.00
2016 01 28 20 50 162  7.8  9.1  2.03  9.09  5.62 118 1017.0  26.4  26.0  19.9 99.0 99.00
2016 01 28 21 50 161  7.2  8.3  1.96  9.09  5.70  98 1017.1  26.1  26.0  20.3 99.0 99.00
2016 01 28 22 50 163  7.2  9.0  1.95  8.33  5.89 121 1017.2  26.1  25.9  20.8 99.0 99.00
2016 01 28 23 50 168  9.6 14.8  1.95  8.33  5.82 112 1017.3  25.5  25.9  21.0 99.0 99.00
2016 01 29 00 50 146 13.0 15.5  2.06  9.09  5.59 117 1017.3  24.5  25.9  19.7 99.0 99.00
2016 01 29 01 50 142  8.7 10.2  1.93  6.25  5.57 136 1017.4  25.6  25.9  18.5 99.0 99.00
2016 01 29 02 50 148  8.1  9.4  1.94  7.69  5.54 103 1017.3  24.9  25.9  19.9 99.0 99.00
2016 01 29 03 50 160  8.2  9.8  1.93  8.33  5.74 113 1017.3  25.6  25.9  20.5 99.0 99.00
2016 01 29 04 50 150  7.4  9.1  1.76  8.33  5.54 121 1016.5  25.2  25.8  21.1 99.0 99.00
2016 01 29 05 50 165 10.3 12.0  1.99  7.69  5.83 104 1015.5  25.8  25.8  20.7 99.0 99.00
2016 01 29 06 50 162  9.4 11.4  2.06  7.69  5.55 121 1015.2  25.7  25.8  20.4 99.0 99.00
2016 01 29 07 50 167 10.5 12.2  2.22  9.09  5.66 113 1014.3  25.7  25.8  20.2 99.0 99.00
2016 01 29 08 50 166 10.0 11.9  1.82  6.25  5.39 141 1013.9  25.7  25.8  20.5 99.0 99.00
2016 01 29 09 50 177 10.2 12.4  2.00  7.69  5.38 124 1014.3  25.8  25.8  20.3 99.0 99.00
2016 01 29 10 50 176  9.9 11.8  2.01  8.33  5.50 121 1014.4  25.8  25.8  20.8 99.0 99.00
2016 01 29 11 50 187  9.7 11.5  2.14  6.67  5.50 140 1015.3  25.9  25.9  20.6 99.0 99.00
2016 01 29 12 50 193  8.6 10.2  1.85  9.09  5.28 119 1016.6  26.1  25.9  21.0 99.0 99.00
2016 01 29 13 50 199  8.1  9.6  1.80  7.14  5.32 126 1017.3  26.1  25.9  21.0 99.0 99.00
2016 01 29 14 50 202  7.9 10.0  1.81  8.33  5.41 122 1017.2  26.1  25.9  21.2 99.0 99.00
2016 01 29 15 50 199  7.6  8.9  1.78  8.33  5.60 115 1016.7  26.1  26.0  21.6 99.0 99.00
2016 01 29 16 50 197  7.9  9.7  1.82  9.09  5.64 106 1015.9  26.2  26.1  21.6 99.0 99.00
2016 01 29 17 50 198  7.7  8.9  1.84  7.69  5.64 129 1014.9  26.0  26.1  22.1 99.0 99.00
2016 01 29 18 50 202  7.7  9.1  1.83  7.69  5.83 132 1014.5  26.1  26.2  21.8 99.0 99.00
2016 01 29 19 50 206  8.7 10.1  2.01  9.09  5.91 121 1014.4  26.1  26.1  21.7 99.0 99.00
2016 01 29 20 50 210  8.4 10.2  1.78  9.09  5.54 126 1014.8  26.2  26.1  21.8 99.0 99.00
2016 01 29 21 50 209  8.5 10.1  1.71  9.09  5.47 132 1015.0  26.0  26.1  21.7 99.0 99.00
2016 01 29 22 50 213  8.3 10.0  1.91  9.09  5.65 119 1015.5  25.9  26.0  21.6 99.0 99.00
2016 01 29 23 50 205  8.4  9.8  1.76  9.09  5.58 129 1015.7  25.8  25.9  21.6 99.0 99.00
2016 01 30 00 50 216  7.7  9.3  1.71  9.09  5.56 117 1016.5  25.8  25.9  21.9 99.0 99.00
2016 01 30 01 50 210  7.6  8.9  1.69  8.33  5.50 117 1016.7  25.7  25.9  22.1 99.0 99.00
2016 01 30 02 50 212  8.0  9.3  1.64  7.14  5.42 123 1016.9  25.7  25.9  22.3 99.0 99.00
2016 01 30 04 50 237  7.6  9.2  1.56  9.09  5.39 111 1016.4  23.7  25.8  20.6 99.0 99.00
2016 01 30 05 50 239  5.8  6.8  1.52  9.09  5.49 112 1016.1  24.7  25.8  20.1 99.0 99.00
2016 01 30 06 50 286  5.0  6.1  1.49  8.33  5.70 115 1016.1  24.9  25.8  21.1 99.0 99.00
2016 01 30 07 50 299  5.9  7.2  1.45  9.09  5.68 125 1015.8  25.2  25.8  20.6 99.0 99.00
2016 01 30 08 50 320  5.0  6.0  1.37  8.33  5.70 119 1016.0  25.1  25.8  20.8 99.0 99.00
2016 01 30 09 50 348  5.2  6.2  1.37  8.33  5.98 125 1016.6  24.6  25.8  20.4 99.0 99.00
2016 01 30 10 50   5  5.3  6.4  1.40  9.09  5.88 131 1017.0  24.6  25.8  20.1 99.0 99.00
2016 01 30 11 50   7  4.5  5.4  1.35  7.69  5.71 125 1018.0  24.3  25.9  20.1 99.0 99.00
2016 01 30 12 50  15  7.9  9.1  1.48  9.09  6.05 133 1018.8  24.5  25.9  19.9 99.0 99.00
2016 01 30 13 50  18  7.2  8.5  1.28  9.09  5.58 116 1019.6  24.9  25.9  19.8 99.0 99.00
2016 01 30 14 50  20  6.7  8.1  1.48 10.00  5.70 126 1020.1  25.0  26.0  19.0 99.0 99.00
2016 01 30 15 50  23  8.3 10.1  1.48 10.00  5.58 134 1019.7  24.8  25.9  19.7 99.0 99.00
2016 01 30 16 50  27  8.1  9.6  1.67  8.33  5.73  93 1019.3  24.6  25.9  19.1 99.0 99.00
2016 01 30 17 50  33  7.6  9.0  1.71  8.33  5.75 131 1018.9  24.6  25.8  18.5 99.0 99.00
2016 01 30 18 50  33  7.1  8.3  1.81  9.09  5.62 125 1018.7  24.7  25.8  18.5 99.0 99.00
2016 01 30 19 50  40  7.9  9.4  1.82  8.33  5.87  99 1018.4  24.6  25.8  18.6 99.0 99.00
2016 01 30 20 50  46  8.2  9.5  1.78  9.09  5.72 118 1018.8  24.7  25.8  18.4 99.0 99.00
2016 01 30 21 50  53  8.2  9.9  1.66  7.14  5.66 118 1019.3  24.7  25.8  19.1 99.0 99.00
2016 01 30 22 50  55  7.9  9.2  1.74  8.33  5.60  83 1019.6  24.6  25.8  19.0 99.0 99.00
2016 01 30 23 50  57  8.2  9.7  1.78  9.09  5.87 104 1020.1  24.6  25.8  19.0 99.0 99.00
2016 01 31 00 50  69  7.5  8.9  1.87  9.09  5.76 102 1020.7  24.7  25.7  19.3 99.0 99.00
2016 01 31 01 50  67  7.4  8.8  1.86  9.09  5.92 108 1020.9  24.7  25.7  19.5 99.0 99.00
2016 01 31 02 50  69  7.7  9.3  2.13  9.09  6.24  99 1021.1  24.7  25.7  19.7 99.0 99.00
2016 01 31 03 50  69  7.4  8.8  1.90  9.09  6.20 101 1020.9  24.8  25.7  19.5 99.0 99.00
2016 01 31 04 50  70  7.9  9.7  2.09  9.09  6.50 338 1020.2  24.8  25.7  19.6 99.0 99.00
2016 01 31 05 50  75  8.0  9.9  2.30 10.00  6.51 312 1019.9  24.6  25.7  20.1 99.0 99.00
2016 01 31 06 50  58  7.0  8.8  2.29 10.00  6.85 325 1019.2  24.4  25.7  20.7 99.0 99.00
2016 01 31 07 50  77  7.1  8.4  2.30  9.09  6.65  45 1018.7  25.0  25.7  20.2 99.0 99.00
2016 01 31 08 50 100  8.2  9.6  2.55 10.00  6.76 322 1018.4  23.9  25.7  20.9 99.0 99.00
2016 01 31 09 50  81  7.5  9.5  2.29 10.00  6.44 348 1018.7  24.5  25.7  20.4 99.0 99.00
2016 01 31 10 50  95  5.7  7.7  2.31 10.00  6.73 341 1019.2  24.5  25.7  20.8 99.0 99.00
2016 01 31 11 50 119  4.2  5.4  2.41  9.09  7.02 330 1019.6  24.5  25.7  20.4 99.0 99.00
2016 01 31 12 50 109  2.8  3.6  2.70  9.09  7.51 335 1020.4  24.9  25.7  20.0 99.0 99.00
2016 01 31 13 50  83  4.8  6.0  2.43 10.00  7.35   4 1020.9  24.9  25.9  20.8 99.0 99.00
2016 01 31 14 50  63  6.6  7.8  2.62 10.00  7.72 358 1020.9  24.6  26.0  21.3 99.0 99.00
2016 01 31 15 50  60  4.5  6.4  2.86 10.00  8.07 335 1020.6  24.7  26.0  21.5 99.0 99.00
2016 01 31 16 50 114  2.7  4.2  2.45 10.00  7.59 335 1020.0  25.3  26.1  20.3 99.0 99.00
2016 01 31 17 50 140  3.8  5.2  2.48 10.00  7.68 359 1019.1  25.4  26.1  20.1 99.0 99.00
2016 01 31 18 50 157  3.3  4.5  2.48 10.00  7.77 333 1018.5  25.3  26.1  20.0 99.0 99.00
2016 01 31 19 50 143  2.9  3.9  2.33  9.09  7.61 318 1018.4  25.3  26.1  19.8 99.0 99.00
2016 01 31 20 50 138  2.0  3.2  2.41  9.09  7.76 329 1018.5  25.3  26.2  20.1 99.0 99.00
2016 01 31 21 50 127  2.9  4.0  2.45 11.43  7.79 341 1018.7  25.4  26.2  20.7 99.0 99.00
2016 01 31 22 50 127  2.9  4.7  2.14  9.09  7.59  44 1018.9  25.5  26.1  20.8 99.0 99.00
