#YY  MM DD hh mm WDIR WSPD GST  WVHT   DPD   APD MWD   PRES  ATMP  WTMP  DEWP  VIS  TIDE
#yr  mo dy hr mn degT m/s  m/s     m   sec   sec deg    hPa  degC  degC  degC  nmi    ft
2016 07 31 23 50  67  9.0 10.8  2.06  8.33  5.60  65 1014.0  27.8  28.1  23.1 99.0 99.00
2016 08 01 00 50  71  8.3  9.8  2.09  8.33  5.76  74 1014.7  27.8  28.1  23.4 99.0 99.00
2016 08 01 01 50  54  9.4 11.6  2.02  8.33  5.67  85 1014.8  27.7  28.1  23.7 99.0 99.00
2016 08 01 02 50  56  8.8 10.7  1.99  8.33  5.49  80 1014.9  27.9  28.1  23.7 99.0 99.00
2016 08 01 03 50  60  7.9  9.3  1.88  7.69  5.32  77 1014.6  28.0  28.1  23.3 99.0 99.00
2016 08 01 04 50  59  6.9  8.4  2.03  8.33  5.73  75 1014.1  27.7  28.1  23.2 99.0 99.00
2016 08 01 05 50  59  6.9  8.5  2.05  7.14  5.77  71 1013.7  27.7  28.1  23.5 99.0 99.00
2016 08 01 06 50  53  4.6  5.3  1.90  7.69  5.73  68 1013.3  27.5  28.1  23.7 99.0 99.00
2016 08 01 07 50  78  6.6  8.0  1.82  8.33  5.75  75 1013.1  27.2  28.1  24.2 99.0 99.00
2016 08 01 08 50  52  9.2 11.0  1.62  7.69  5.52  76 1013.1  27.4  28.0  24.0 99.0 99.00
2016 08 01 09 50  58  9.1 10.8  1.88  8.33  5.68  91 1013.3  28.0  28.0  23.3 99.0 99.00
2016 08 01 10 50  56  9.5 11.3  1.87  8.33  5.46  73 1013.5  28.4  28.0  22.9 99.0 99.00
2016 08 01 11 50  50  8.6 10.0  1.88  7.69  5.41  73 1013.9  28.2  28.1  23.6 99.0 99.00
2016 08 01 12 50  44  8.8 10.1  1.93  8.33  5.50  74 1014.2  27.9  28.1  23.9 99.0 99.00
2016 08 01 13 50  52  7.9  8.9  1.84  9.09  5.37 104 1013.9  28.2  28.2  23.2 99.0 99.00
2016 08 01 14 50  55  9.4 11.2  1.92  6.67  5.48  68 1013.5  28.0  28.2  24.0 99.0 99.00
2016 08 01 15 50  52  8.9 10.2  1.94  8.33  5.52  75 1013.3  28.0  28.2  24.4 99.0 99.00
2016 08 01 16 50  48  9.0 10.9  1.86  8.33  5.42  77 1012.6  28.1  28.2  23.8 99.0 99.00
2016 08 01 17 50  51  9.3 10.7  1.89  9.09  5.32  97 1011.8  27.8  28.2  23.8 99.0 99.00
2016 08 01 18 50  54  8.9 10.3  1.78  7.14  5.43  85 1011.5  27.8  28.2  24.3 99.0 99.00
2016 08 01 19 50  60  8.1  9.3  1.83  7.69  5.45  83 1011.7  28.2  28.2  24.1 99.0 99.00
2016 08 01 20 50  55  8.2 10.6  1.82  9.09  5.40  86 1011.7  27.8  28.2  24.2 99.0 99.00
2016 08 01 21 50  56  9.1 10.5  1.87  8.33  5.67  83 1011.9  27.9  28.2  23.7 99.0 99.00
2016 08 01 22 50  58  9.1 10.3  1.86  7.69  5.54  86 1012.4  27.9  28.1  24.1 99.0 99.00
2016 08 01 23 50  61  9.4 11.1  1.94  7.14  5.42  72 1013.1  27.8  28.1  23.6 99.0 99.00
2016 08 02 00 50  60  8.3  9.8  1.93  7.69  5.51  77 1013.7  27.7  28.1  23.9 99.0 99.00
2016 08 02 01 50  68  8.3  9.8  1.99  8.33  5.52  93 1014.1  27.7  28.1  23.9 99.0 99.00
2016 08 02 02 50  70  7.9  9.9  1.99  7.69  5.81  78 1014.1  27.5  28.1  24.1 99.0 99.00
2016 08 02 03 50  81  7.8  9.5  1.86  7.69  5.63  74 1013.9  26.8  28.1  24.2 99.0 99.00
2016 08 02 04 50  91  6.4  7.5  2.00  7.69  5.82  76 1013.5  26.9  28.1  24.1 99.0 99.00
2016 08 02 05 50  93  9.7 12.3  1.93  7.14  5.81  68 1012.9  26.2  28.1  23.9 99.0 99.00
2016 08 02 06 50  78  4.8  7.0  1.73  7.69  5.40  83 1013.0  26.2  28.0  23.4 99.0 99.00
2016 08 02 07 50  78  6.9  8.0  2.02  7.69  6.00  73 1013.1  27.3  28.0  23.7 99.0 99.00
2016 08 02 08 50  66  6.7  8.3  1.85  7.69  5.78  85 1013.2  27.4  28.0  24.1 99.0 99.00
2016 08 02 09 50  64  7.2  8.8  1.85  9.09  5.75  97 1013.6  27.4  28.0  23.8 99.0 99.00
2016 08 02 10 50  65  6.8  7.9  1.70  9.09  5.71  85 1014.4  27.5  28.0  24.1 99.0 99.00
2016 08 02 11 50  75  6.5  7.8  1.75  8.33  5.86  75 1014.7  27.8  28.1  23.7 99.0 99.00
2016 08 02 12 50  76  6.3  7.6  1.73  8.33  5.75  77 1015.1  27.7  28.1  23.6 99.0 99.00
2016 08 02 13 50  99  6.2  7.3  1.66  8.33  5.67  83 1015.3  27.7  28.2  24.5 99.0 99.00
2016 08 02 14 50  93  6.3  7.4  1.66  8.33  5.72 107 1015.0  27.5  28.2  24.2 99.0 99.00
2016 08 02 15 50  70  7.4  8.8  1.78  8.33  5.96  76 1014.5  27.0  28.3  24.5 99.0 99.00
2016 08 02 16 50  69  4.9  6.3  1.83  7.69  5.93  78 1013.9  27.0  28.3  24.3 99.0 99.00
2016 08 02 17 50  81  4.4  5.5  1.71  7.69  5.78  82 1013.3  27.1  28.4  24.3 99.0 99.00
2016 08 02 18 50  84  5.7  6.6  1.78  9.09  6.06 112 1013.0  27.8  28.4  23.4 99.0 99.00
2016 08 02 19 50  72  4.5  5.5  1.69  9.09  6.03  94 1013.0  27.6  28.4  23.9 99.0 99.00
2016 08 02 20 50  56  4.8  5.9  1.66  8.33  6.01  84 1013.5  27.3  28.4  24.4 99.0 99.00
2016 08 02 21 50  66  6.1  7.2  1.58  9.09  6.04  80 1013.9  27.6  28.3  24.3 99.0 99.00
2016 08 02 22 50  76  6.4  7.6  1.55  9.09  6.10  99 1014.7  28.0  28.3  23.7 99.0 99.00
2016 08 02 23 50  86  7.3  9.1  1.62  8.33  5.82  90 1015.2  27.9  28.2  24.0 99.0 99.00
2016 08 03 00 50  79  8.8 11.0  1.70  7.69  5.92  84 1015.5  27.0  28.2  22.9 99.0 99.00
2016 08 03 01 50  69  6.7  7.8  1.58  9.09  5.59  92 1015.7  27.5  28.2  24.2 99.0 99.00
2016 08 03 02 50  75  7.1  8.6  1.73  8.33  5.98  78 1015.2  27.7  28.1  23.8 99.0 99.00
2016 08 03 03 50  78  7.7  9.2  1.61  8.33  5.52  86 1014.8  27.4  28.1  23.7 99.0 99.00
2016 08 03 04 50  69  5.9  6.9  1.62  8.33  5.45  90 1014.1  27.4  28.1  23.9 99.0 99.00
2016 08 03 05 50  76  5.1  6.3  1.66  8.33  5.86 103 1013.7  27.0  28.1  23.7 99.0 99.00
2016 08 03 06 50  78  5.6  6.7  1.61  8.33  5.88  81 1013.3  27.3  28.1  24.1 99.0 99.00
2016 08 03 07 50  75  5.1  8.1  1.63  9.09  6.01  92 1013.2  27.3  28.1  24.0 99.0 99.00
2016 08 03 08 50  97  3.2  4.3  1.58 10.00  5.85  94 1013.4  26.5  28.1  23.9 99.0 99.00
2016 08 03 09 50  59  3.9  4.8  1.52  8.33  5.98  87 1013.5  26.7  28.1  24.6 99.0 99.00
2016 08 03 10 50  78  6.3  7.5  1.51  8.33  5.94  97 1014.0  26.8  28.1  24.3 99.0 99.00
2016 08 03 11 50  54  6.0  7.8  1.32  8.33  5.38 109 1014.7  25.4  28.1  23.9 99.0 99.00
2016 08 03 12 50  56  5.4  6.2  1.50  8.33  5.95  92 1015.0  25.6  28.1  24.3 99.0 99.00
2016 08 03 13 50  47  5.6  6.5  1.49  7.69  5.95  77 1014.6  26.1  28.1  24.5 99.0 99.00
2016 08 03 14 50  47  4.0  4.7  1.62  7.69  6.34  84 1014.4  26.6  28.3  24.7 99.0 99.00
2016 08 03 15 50  58  2.6  3.4  1.57 10.00  6.33  92 1013.9  27.0  28.4  24.8 99.0 99.00
2016 08 03 16 50  56  5.3  6.2  1.55  9.09  6.37  99 1013.5  27.3  28.5  24.9 99.0 99.00
2016 08 03 17 50  52  4.9  5.8  1.58  7.69  6.05  84 1013.2  27.6  28.5  24.7 99.0 99.00
2016 08 03 18 50  41  5.0  5.9  1.50 10.81  6.01 119 1012.9  27.6  28.5  24.7 99.0 99.00
2016 08 03 19 50  49  4.3  5.3  1.59  9.09  6.03 104 1012.2  27.4  28.5  25.1 99.0 99.00
2016 08 03 21 50  46  5.8  6.7  1.46  7.69  5.97  74 1013.0  27.6  28.4  25.1 99.0 99.00
2016 08 03 22 50  52  5.4  6.1  1.48 10.00  5.98  98 1013.6  27.5  28.3  25.1 99.0 99.00
2016 08 03 23 50  58  5.9  7.0  1.59  8.33  6.19  79 1013.8  27.5  28.2  25.1 99.0 99.00
2016 08 04 00 50  57  6.4  7.6  1.60 10.00  6.22 120 1014.2  27.6  28.2  25.4 99.0 99.00
2016 08 04 01 50  82  5.9  7.0  1.55  9.09  6.02 101 1014.4  27.0  28.2  25.5 99.0 99.00
2016 08 04 02 50  95  6.6  8.1  1.80  9.09  6.08 110 1014.2  27.3  28.2  25.8 99.0 99.00
2016 08 04 03 50  87  7.4  9.0  1.74 10.00  6.04 126 1013.6  27.5  28.2  25.6 99.0 99.00
2016 08 04 04 50  93  7.5  9.2  1.85 10.00  5.99 114 1013.0  27.3  28.2  25.4 99.0 99.00
2016 08 04 05 50  95  7.8  9.2  1.76  9.09  5.89  94 1012.5  27.8  28.2  25.0 99.0 99.00
2016 08 04 06 50  92  8.2  9.5  1.86  7.69  5.78  77 1012.2  27.7  28.1  25.0 99.0 99.00
2016 08 04 07 50  85  8.3  9.7  2.03  8.33  5.98  83 1011.8  27.8  28.1  25.0 99.0 99.00
2016 08 04 08 50  93  6.7  8.8  1.92  9.09  5.92  95 1012.1  27.5  28.1  25.1 99.0 99.00
2016 08 04 09 50  71  9.0 11.6  1.77  7.14  5.78  68 1012.5  26.8  28.1  24.6 99.0 99.00
2016 08 04 10 50  78  7.8  9.4  1.80  9.09  5.92  89 1012.7  27.9  28.1  25.1 99.0 99.00
2016 08 04 11 50  72  8.3  9.8  1.81  7.69  5.86  75 1013.1  27.9  28.1  25.2 99.0 99.00
2016 08 04 12 50  78  8.3 10.0  1.84  7.69  5.68  73 1013.7  28.1  28.2  24.9 99.0 99.00
2016 08 04 13 50  75  8.6  9.9  1.89  8.33  5.77  91 1013.6  28.0  28.3  25.0 99.0 99.00
2016 08 04 14 50  81  7.4  8.7  2.05  7.69  5.90  72 1013.7  27.8  28.3  25.1 99.0 99.00
2016 08 04 15 50  69  8.3  9.4  2.02  8.33  5.96  90 1013.4  28.1  28.3  24.9 99.0 99.00
2016 08 04 16 50  69  8.4 10.3  1.96 10.00  5.77 131 1012.9  28.2  28.4  24.5 99.0 99.00
2016 08 04 17 50  71  7.9  9.3  2.06  7.69  5.96  77 1012.5  28.2  28.4  24.3 99.0 99.00
2016 08 04 18 50  70  7.4  8.9  1.96  7.69  5.91  87 1012.4  28.2  28.4  24.1 99.0 99.00
2016 08 04 19 50  56  6.1  7.1  2.11  8.33  6.17  88 1012.3  28.2  28.4  24.4 99.0 99.00
2016 08 04 20 50  64  7.1  8.4  2.15  7.69  6.20  83 1012.4  28.1  28.3  24.0 99.0 99.00
2016 08 04 21 50  62  6.8  7.9  1.90  9.09  6.00 103 1012.5  28.1  28.3  24.1 99.0 99.00
2016 08 04 22 50  77  7.2  8.3  1.86  7.69  6.06  75 1012.9  27.8  28.3  23.3 99.0 99.00
2016 08 04 23 50  66  8.9 10.4  1.92  9.09  5.92 102 1013.7  26.6  28.3  24.2 99.0 99.00
2016 08 05 00 50  34  5.8  7.1  2.00  7.69  5.92  83 1014.3  26.3  28.3  24.2 99.0 99.00
2016 08 05 01 50  65  5.6  6.9  1.93  7.69  6.04  77 1014.7  27.0  28.2  24.1 99.0 99.00
2016 08 05 02 50  74  5.7  6.9  1.86  7.14  6.08  73 1014.5  27.4  28.2  24.1 99.0 99.00
2016 08 05 03 50  79  6.5  7.8  1.88  7.69  6.28  80 1013.8  27.5  28.2  24.2 99.0 99.00
2016 08 05 04 50  85  5.5  6.6  1.99  8.33  6.42  99 1013.4  27.4  28.2  23.8 99.0 99.00
2016 08 05 05 50  88  5.5  7.0  1.85  8.33  6.36 108 1013.0  27.4  28.2  23.9 99.0 99.00
2016 08 05 06 50  98  5.3  6.6  1.97  8.33  6.52  80 1013.3  27.4  28.2  23.9 99.0 99.00
2016 08 05 07 50 101  4.1  4.9  1.93  7.69  6.37  86 1013.4  27.5  28.2  24.0 99.0 99.00
2016 08 05 08 50  85  3.7  4.4  1.86 10.00  6.27 128 1013.6  26.9  28.2  23.6 99.0 99.00
2016 08 05 09 50 110  4.4  5.8  1.86  8.33  6.59  88 1013.6  27.5  28.2  24.0 99.0 99.00
2016 08 05 10 50 109  4.8  5.7  1.85  8.33  6.60 104 1014.1  27.7  28.2  23.6 99.0 99.00
2016 08 05 11 50 112  4.6  5.5  1.80  7.69  6.69  88 1014.9  27.9  28.2  23.6 99.0 99.00
2016 08 05 12 50 112  4.3  5.2  1.83  7.69  6.75  83 1015.1  27.9  28.3  23.9 99.0 99.00
2016 08 05 13 50 107  4.9  5.9  1.94  9.09  7.03 130 1014.9  27.9  28.4  24.0 99.0 99.00
2016 08 05 14 50 108  5.1  6.2  1.74 10.00  6.57 131 1014.8  27.9  28.6  24.2 99.0 99.00
2016 08 05 15 50 110  4.5  5.7  1.70 10.00  6.52 140 1014.7  28.0  28.6  24.0 99.0 99.00
2016 08 05 16 50 102  5.1  6.0  1.68  7.14  6.65  75 1014.2  28.0  28.7  24.2 99.0 99.00
2016 08 05 17 50 106  4.5  5.6  1.70  8.33  6.50 107 1013.8  27.9  28.7  24.6 99.0 99.00
2016 08 05 18 50 103  5.1  6.0  1.79  9.09  6.62 109 1013.4  28.1  28.8  24.2 99.0 99.00
2016 08 05 19 50  99  5.2  6.2  1.74  7.69  6.37  77 1013.2  28.2  28.7  24.4 99.0 99.00
2016 08 05 20 50 101  5.6  6.6  1.75  8.33  6.46  92 1013.1  28.2  28.7  24.5 99.0 99.00
2016 08 05 21 50 103  5.5  6.8  1.66  9.09  6.45 114 1013.5  28.0  28.6  24.7 99.0 99.00
2016 08 05 22 50 102  5.3  6.7  1.71  9.09  6.54  99 1014.1  28.1  28.6  24.6 99.0 99.00
2016 08 05 23 50 108  5.3  6.2  1.72  9.09  6.48  94 1014.4  28.0  28.5  24.9 99.0 99.00
2016 08 06 00 50 100  4.8  5.9  1.66  9.09  6.54  95 1014.8  28.0  28.5  24.8 99.0 99.00
2016 08 06 01 50  83  3.7  6.1  1.59  8.33  6.47  73 1015.5  27.6  28.5  24.8 99.0 99.00
2016 08 06 02 50  85  5.5  6.8  1.78  9.09  6.86  84 1015.4  27.9  28.4  24.6 99.0 99.00
2016 08 06 03 50  84  5.2  6.1  1.65  8.33  6.46  71 1015.2  27.9  28.4  24.5 99.0 99.00
2016 08 06 04 50  85  4.2  5.2  1.62  8.33  6.31  86 1014.8  27.9  28.4  24.8 99.0 99.00
2016 08 06 05 50  72  5.2  6.1  1.61  9.09  6.48  86 1014.3  27.8  28.4  24.8 99.0 99.00
2016 08 06 06 50  75  5.9  7.2  1.62  9.09  6.60  97 1014.2  27.0  28.4  23.9 99.0 99.00
2016 08 06 07 50  75  4.1  7.0  1.67  8.33  6.43  72 1014.2  27.6  28.4  24.7 99.0 99.00
2016 08 06 08 50  84  4.1  5.2  1.43  9.09  6.16  94 1014.6  27.7  28.3  24.3 99.0 99.00
2016 08 06 09 50  77  5.0  5.8  1.48  9.09  6.41  97 1014.9  27.7  28.3  24.4 99.0 99.00
2016 08 06 10 50  62  7.4  8.9  1.58  9.09  6.30  92 1015.4  26.8  28.3  24.4 99.0 99.00
2016 08 06 11 50  79  5.4  6.6  1.55  9.09  6.10  90 1015.8  27.7  28.4  24.1 99.0 99.00
2016 08 06 12 50 111  7.0  8.2  1.43 10.00  5.98 104 1015.9  27.0  28.4  24.7 99.0 99.00
2016 08 06 13 50  85  2.3  3.5  1.53  9.09  5.75 105 1016.2  26.3  28.4  24.0 99.0 99.00
2016 08 06 14 50 102  3.0  3.6  1.45  9.09  6.44 103 1016.0  27.4  28.6  24.5 99.0 99.00
2016 08 06 15 50  92  2.2  2.9  1.52  9.09  6.64 106 1015.8  27.6  28.9  24.9 99.0 99.00
2016 08 06 16 50 103  4.7  5.4  1.50  9.09  6.42 107 1015.4  27.9  29.0  25.0 99.0 99.00
2016 08 06 17 50 112  2.6  3.6  1.47  8.33  6.27  85 1014.9  27.8  29.0  24.8 99.0 99.00
2016 08 06 18 50 107  1.9  4.8  1.41  7.69  6.21  80 1014.8  27.2  29.1  25.0 99.0 99.00
2016 08 06 19 50  78  4.0  4.9  1.31  8.33  6.05  93 1014.4  28.3  29.1  24.3 99.0 99.00
2016 08 06 20 50  57  4.1  4.7  1.34  9.09  6.23  89 1014.7  28.3  29.0  24.6 99.0 99.00
2016 08 06 21 50  48  5.3  6.4  1.37  9.09  6.34 105 1015.1  27.8  28.8  24.6 99.0 99.00
2016 08 06 22 50  47  6.6  7.8  1.38  9.09  5.94  88 1015.6  27.0  28.7  24.7 99.0 99.00
2016 08 06 23 50   8  4.1  5.5  1.49  9.09  6.32  93 1016.0  26.8  28.7  24.9 99.0 99.00
2016 08 07 00 50  65  5.9  7.2  1.38  9.09  6.47 101 1016.2  27.8  28.6  24.9 99.0 99.00
2016 08 07 01 50  62  6.3  8.9  1.43  9.09  6.27  88 1016.5  27.1  28.6  25.0 99.0 99.00
2016 08 07 02 50  72  6.3  7.3  1.40  9.09  6.01  93 1016.4  27.1  28.5  24.8 99.0 99.00
2016 08 07 03 50  68  5.4  7.5  1.35  8.33  5.58  96 1015.7  27.4  28.5  25.1 99.0 99.00
2016 08 07 04 50  76  7.0  8.4  1.57  8.33  6.03 101 1015.1  27.9  28.5  24.7 99.0 99.00
2016 08 07 05 50  70  7.2  8.3  1.44  8.33  5.58 107 1014.8  28.0  28.4  24.5 99.0 99.00
2016 08 07 06 50  69  7.3  8.7  1.67  9.09  5.95  96 1014.1  27.9  28.4  24.5 99.0 99.00
2016 08 07 07 50  63  8.3  9.5  1.48  8.33  5.47 111 1014.1  27.8  28.4  23.8 99.0 99.00
2016 08 07 08 50  59  7.5  9.4  1.68  8.33  5.47 103 1014.6  27.7  28.4  23.7 99.0 99.00
2016 08 07 09 50  57  8.3  9.7  1.63  7.69  5.33  87 1014.9  27.6  28.3  23.6 99.0 99.00
2016 08 07 10 50  68  7.7  9.5  1.63  8.33  5.37  98 1015.4  27.8  28.3  23.2 99.0 99.00
2016 08 07 11 50  65  7.0  8.0  1.74  9.09  5.72  86 1016.0  27.8  28.4  23.5 99.0 99.00
2016 08 07 12 50  72  7.5  8.9  1.61  9.09  5.66  90 1016.3  28.1  28.4  23.6 99.0 99.00
2016 08 07 13 50  71  8.1  9.3  1.65  9.09  5.45  96 1016.4  28.0  28.4  23.6 99.0 99.00
2016 08 07 14 50  77  7.3  8.2  1.58  9.09  5.44  92 1016.5  28.2  28.5  23.6 99.0 99.00
2016 08 07 15 50  81  7.0  8.0  1.58  8.33  5.60 110 1016.3  28.1  28.5  23.9 99.0 99.00
2016 08 07 16 50  81  6.8  7.8  1.57  9.09  5.52  88 1015.6  28.1  28.6  23.8 99.0 99.00
2016 08 07 17 50  73  6.4  7.6  1.69  9.09  5.84  99 1015.0  28.2  28.6  24.1 99.0 99.00
2016 08 07 18 50  69  6.4  7.5  1.66  9.09  5.76  92 1014.7  28.2  28.6  24.2 99.0 99.00
2016 08 07 19 50  85  6.2  7.5  1.60  8.33  5.70  96 1014.5  28.2  28.6  24.2 99.0 99.00
2016 08 07 20 50  91  5.9  7.3  1.65  8.33  5.73 105 1014.6  28.3  28.6  23.7 99.0 99.00
2016 08 07 21 50  90  6.1  7.1  1.56  9.09  5.63 115 1014.9  28.2  28.5  23.9 99.0 99.00
2016 08 07 22 50  89  6.0  7.2  1.65  9.09  5.93 108 1015.4  28.1  28.5  24.0 99.0 99.00
2016 08 07 23 50  80  6.4  7.2  1.64  9.09  5.79 102 1015.9  28.0  28.5  23.6 99.0 99.00
2016 08 08 00 50  80  6.8  7.9  1.63  8.33  5.97 110 1016.1  28.1  28.4  23.4 99.0 99.00
2016 08 08 01 50  76  6.1  7.0  1.53  9.09  5.82 116 1016.3  28.0  28.4  23.7 99.0 99.00
2016 08 08 02 50  74  6.0  6.8  1.51  9.09  5.99 119 1016.2  27.9  28.4  23.7 99.0 99.00
2016 08 08 03 50  63  6.3  7.5  1.55 13.79  6.01  53 1015.6  27.8  28.4  23.8 99.0 99.00
2016 08 08 04 50  70  6.3  7.2  1.71 10.81  6.23  64 1014.9  27.8  28.4  23.9 99.0 99.00
2016 08 08 05 50  72  6.5  7.6  1.61  8.33  6.24 107 1014.3  27.8  28.4  24.0 99.0 99.00
2016 08 08 06 50  75  6.6  8.0  1.62 12.90  6.22  37 1014.1  27.7  28.4  24.0 99.0 99.00
2016 08 08 07 50  80  6.5  7.6  1.72 12.12  6.18  26 1014.4  27.7  28.4  23.8 99.0 99.00
2016 08 08 08 50  79  6.9  8.1  1.73  9.09  6.13 107 1014.6  27.6  28.4  23.7 99.0 99.00
2016 08 08 09 50  81  7.3  8.6  1.77 11.43  6.13  16 1014.9  27.7  28.4  23.5 99.0 99.00
2016 08 08 10 50  69  7.7  9.1  1.77  9.09  6.27 100 1015.2  27.9  28.4  23.4 99.0 99.00
2016 08 08 11 50  73  7.3  8.4  1.77 10.00  6.02  49 1015.5  27.9  28.4  23.6 99.0 99.00
2016 08 08 12 50  76  7.3  8.4  1.72 10.00  6.02  92 1015.9  27.9  28.4  23.5 99.0 99.00
2016 08 08 13 50  75  7.2  8.4  1.65 11.43  6.03  27 1016.0  28.0  28.5  23.4 99.0 99.00
2016 08 08 14 50  73  7.2  8.2  1.73 11.43  6.06  24 1015.8  28.0  28.5  23.5 99.0 99.00
2016 08 08 15 50  75  7.2  8.6  1.61 10.81  5.74  25 1015.4  28.0  28.6  23.0 99.0 99.00
2016 08 08 16 50  84  6.7  7.7  1.75 11.43  6.09  21 1014.9  28.0  28.6  23.3 99.0 99.00
2016 08 08 17 50  84  6.9  8.2  1.68  8.33  5.75  99 1014.6  28.0  28.6  22.9 99.0 99.00
2016 08 08 18 50  89  6.7  7.9  1.73 11.43  6.11  40 1014.3  28.0  28.6  23.1 99.0 99.00
2016 08 08 19 50  83  6.8  8.1  1.76 10.00  6.03  42 1014.0  28.1  28.6  23.0 99.0 99.00
2016 08 08 20 50  86  6.8  8.6  1.74  9.09  6.10  83 1014.1  28.1  28.6  23.5 99.0 99.00
2016 08 08 21 50  81  7.3  8.8  1.82 10.00  6.16  48 1014.2  27.9  28.6  23.3 99.0 99.00
2016 08 08 22 50  76  7.3  9.3  1.71  9.09  6.17  87 1014.7  27.9  28.6  23.6 99.0 99.00
2016 08 08 23 50  81  7.8  9.5  1.80  9.09  6.14  90 1014.9  27.9  28.5  23.1 99.0 99.00
2016 08 09 00 50  81  7.0  8.4  1.75 10.00  5.91  24 1015.4  27.9  28.5  23.2 99.0 99.00
2016 08 09 01 50  84  6.9  8.5  1.70 11.43  6.08  13 1015.7  27.9  28.5  23.1 99.0 99.00
2016 08 09 02 50  78  6.3  7.1  1.73 12.90  6.40  39 1015.4  27.7  28.5  23.4 99.0 99.00
2016 08 09 03 50  80  6.8  7.9  1.68  9.09  6.05 108 1015.0  27.7  28.5  22.8 99.0 99.00
2016 08 09 04 50  84  6.6  7.7  1.68  9.09  6.13  82 1014.7  27.6  28.4  22.9 99.0 99.00
2016 08 09 05 50  82  6.7  8.0  1.70  9.09  6.02 101 1014.5  27.7  28.4  23.0 99.0 99.00
2016 08 09 06 50  82  7.2  8.3  1.71  9.09  6.06  89 1014.4  27.6  28.4  22.8 99.0 99.00
2016 08 09 07 50  81  7.5  8.7  1.79  9.09  6.32 103 1014.4  27.7  28.4  22.5 99.0 99.00
2016 08 09 08 50  81  6.9  8.5  1.66  9.09  5.91  70 1014.6  27.7  28.4  23.0 99.0 99.00
2016 08 09 09 50  82  7.0  8.8  1.69 12.12  6.12  42 1014.9  27.7  28.4  23.2 99.0 99.00
2016 08 09 10 50  79  6.9  7.9  1.71  9.09  5.72  83 1015.1  27.8  28.4  23.0 99.0 99.00
2016 08 09 11 50  72  6.6  8.0  1.73 11.43  6.03  49 1015.7  27.9  28.4  23.2 99.0 99.00
2016 08 09 12 50  78  6.8  8.0  1.71 12.12  5.78  45 1016.2  27.8  28.5  22.9 99.0 99.00
2016 08 09 13 50  76  6.9  8.2  1.65 12.90  5.77  47 1016.2  27.9  28.5  23.4 99.0 99.00
2016 08 09 14 50  77  7.4  8.9  1.75 12.90  5.91  24 1016.0  27.9  28.6  23.3 99.0 99.00
2016 08 09 15 50  72  7.7  9.1  1.65  9.09  5.88 108 1015.8  27.9  28.6  22.9 99.0 99.00
2016 08 09 16 50  82  7.0  8.1  1.78 10.00  5.73  49 1015.3  28.0  28.6  23.1 99.0 99.00
2016 08 09 17 50  69  7.4  8.7  1.75 11.43  6.03  42 1014.7  28.0  28.6  23.3 99.0 99.00
2016 08 09 18 50  70  7.8  9.0  1.81 12.90  5.93  44 1014.3  28.0  28.6  23.4 99.0 99.00
2016 08 09 19 50  74  7.9  9.4  1.68  9.09  5.78  99 1014.3  28.0  28.6  23.4 99.0 99.00
2016 08 09 20 50  64  8.1  9.2  1.70  9.09  5.68  99 1014.4  27.9  28.6  23.3 99.0 99.00
2016 08 09 21 50  70  7.4  9.1  1.62  9.09  5.41 134 1014.9  28.0  28.6  23.4 99.0 99.00
2016 08 09 22 50  69  7.4  8.5  1.67  9.09  5.67 115 1015.4  28.0  28.5  23.7 99.0 99.00
2016 08 09 23 50  63  7.5  9.0  1.75  9.09  5.72  94 1015.7  28.0  28.5  24.1 99.0 99.00
2016 08 10 00 50  62  7.8  9.4  1.69 10.00  5.78  55 1015.9  27.9  28.5  24.2 99.0 99.00
2016 08 10 01 50  92  6.0  8.5  1.67  6.67  5.41  95 1016.3  27.3  28.5  24.0 99.0 99.00
2016 08 10 02 50  80  8.7  9.7  1.73  9.09  5.38 125 1015.7  28.1  28.4  24.4 99.0 99.00
2016 08 10 03 50  79  8.7 10.0  1.79 11.43  5.50  44 1015.0  28.0  28.4  24.3 99.0 99.00
2016 08 10 04 50  77  9.7 11.2  1.86 11.43  5.48  50 1014.1  28.0  28.4  23.8 99.0 99.00
2016 08 10 05 50  75  9.4 11.2  1.98  8.33  5.60 105 1013.8  27.8  28.4  24.1 99.0 99.00
2016 08 10 06 50  63  9.0 10.7  1.87  6.25  5.49  92 1014.0  27.4  28.4  24.2 99.0 99.00
2016 08 10 07 50  70  9.9 11.7  1.98  6.25  5.40  94 1014.1  27.8  28.4  23.8 99.0 99.00
2016 08 10 08 50  62  9.8 11.2  1.94  5.88  5.39  85 1013.9  27.7  28.4  23.5 99.0 99.00
2016 08 10 10 50  72  8.4  9.8  2.04  6.67  5.63 103 1015.0  27.7  28.4  23.3 99.0 99.00
2016 08 10 11 50  76  8.1  9.4  1.97  6.67  5.62 100 1015.4  27.9  28.4  23.0 99.0 99.00
2016 08 10 12 50  77  8.1  9.3  2.03  6.67  5.66 103 1015.7  27.9  28.4  23.8 99.0 99.00
2016 08 10 13 50  75  7.1  8.4  1.87  6.25  5.49  88 1015.9  28.0  28.4  24.1 99.0 99.00
2016 08 10 14 50  75  7.6  9.0  1.81  7.69  5.57 104 1015.5  27.9  28.5  24.5 99.0 99.00
2016 08 10 15 50  83  7.2  8.7  1.85  9.09  5.76 119 1015.2  28.1  28.5  24.2 99.0 99.00
2016 08 10 16 50  84  7.5  8.6  1.86  6.67  5.74 105 1014.6  28.0  28.6  24.2 99.0 99.00
2016 08 10 17 50  81  8.6 10.1  1.78  7.14  5.49  98 1014.4  27.8  28.6  24.1 99.0 99.00
2016 08 10 18 50  86  8.3  9.9  1.77  6.67  5.43  89 1014.0  28.1  28.6  23.5 99.0 99.00
2016 08 10 19 50  81  8.6 10.1  1.79  6.67  5.38  94 1013.7  28.1  28.5  22.8 99.0 99.00
2016 08 10 20 50  79  7.8  9.2  1.84  7.14  5.50  95 1014.2  28.0  28.5  23.1 99.0 99.00
2016 08 10 21 50  78  7.0  8.5  1.85  6.67  5.67  91 1014.7  27.9  28.5  23.6 99.0 99.00
2016 08 10 22 50  74  6.8  8.4  1.83  9.09  5.57  97 1015.3  27.9  28.5  23.7 99.0 99.00
2016 08 10 23 50  67  6.1  7.0  1.89  7.14  5.81  94 1015.8  27.8  28.4  23.8 99.0 99.00
2016 08 11 00 50  63  7.1  8.3  1.78  6.67  5.80  95 1015.9  27.8  28.4  24.1 99.0 99.00
2016 08 11 01 50  86  8.0 10.0  1.70  6.67  5.72 103 1015.9  27.6  28.4  24.4 99.0 99.00
2016 08 11 02 50  81  7.7  9.2  1.71  7.14  5.69  96 1015.7  27.8  28.4  23.7 99.0 99.00
2016 08 11 03 50  69  8.2 10.1  1.67  6.67  5.47  94 1015.1  27.6  28.4  23.7 99.0 99.00
2016 08 11 04 50  79  8.2  9.6  1.63  6.67  5.48  98 1014.4  27.7  28.4  23.6 99.0 99.00
2016 08 11 05 50  75  7.5  8.5  1.61  9.09  5.32  95 1014.1  27.7  28.4  23.2 99.0 99.00
2016 08 11 06 50  81  8.6  9.8  1.58  7.14  5.41 103 1013.7  27.5  28.4  23.2 99.0 99.00
2016 08 11 07 50  83  7.6  9.1  1.62  9.09  5.47 110 1013.9  27.5  28.4  23.3 99.0 99.00
2016 08 11 08 50  85  7.7  8.9  1.57 10.00  5.51  43 1014.4  27.5  28.3  22.9 99.0 99.00
2016 08 11 09 50  92  7.5  9.3  1.55  8.33  5.36 123 1014.7  27.5  28.3  23.3 99.0 99.00
2016 08 11 10 50  96  8.1  9.7  1.52  6.25  5.31  94 1015.1  27.6  28.3  23.2 99.0 99.00
2016 08 11 11 50  81  7.4  8.7  1.67  9.09  5.50  90 1015.3  27.6  28.4  22.8 99.0 99.00
2016 08 11 12 50  78  6.7  7.8  1.63  9.09  5.44 126 1015.3  27.7  28.4  22.5 99.0 99.00
2016 08 11 13 50  89  6.0  6.9  1.59  8.33  5.33 129 1015.4  27.7  28.4  22.0 99.0 99.00
2016 08 11 14 50  88  6.2  7.2  1.50  8.33  5.37 110 1014.8  27.8  28.5  21.8 99.0 99.00
2016 08 11 15 50 101  5.7  6.9  1.50  9.09  5.73  93 1014.4  27.7  28.6  22.1 99.0 99.00
2016 08 11 16 50 102  5.7  6.8  1.42  8.33  5.63 101 1013.9  27.6  28.6  22.3 99.0 99.00
2016 08 11 17 50 104  5.5  6.6  1.36  8.33  5.49 109 1013.6  27.8  28.6  22.8 99.0 99.00
2016 08 11 18 50 114  5.1  6.5  1.39  8.33  5.65 114 1013.3  27.8  28.6  22.7 99.0 99.00
2016 08 11 19 50 109  4.9  6.0  1.24  9.09  5.44  90 1013.1  27.8  28.6  22.6 99.0 99.00
2016 08 11 20 50 100  5.2  6.4  1.37  9.09  5.75  97 1013.3  27.8  28.6  22.9 99.0 99.00
2016 08 11 21 50 105  4.7  5.8  1.41  9.09  5.81  83 1013.8  27.7  28.5  23.0 99.0 99.00
2016 08 11 22 50 102  5.1  6.0  1.27  8.33  5.40 110 1014.1  27.7  28.4  22.6 99.0 99.00
2016 08 11 23 50  79  5.0  5.9  1.29  8.33  5.58 110 1014.8  27.7  28.4  22.7 99.0 99.00
2016 08 12 00 50  62  5.9  7.2  1.34  9.09  5.77  99 1015.2  27.6  28.4  22.4 99.0 99.00
2016 08 12 01 50  54  5.5  6.5  1.23  9.09  5.42  76 1015.5  27.6  28.4  21.9 99.0 99.00
2016 08 12 02 50  59  6.0  7.1  1.16  8.33  5.34  94 1015.3  27.5  28.4  22.0 99.0 99.00
2016 08 12 03 50  67  6.0  7.0  1.17  8.33  5.32  93 1014.7  27.4  28.4  21.8 99.0 99.00
2016 08 12 04 50  65  6.2  7.5  1.15  9.09  5.44 105 1014.0  27.3  28.4  21.7 99.0 99.00
2016 08 12 05 50  68  5.7  6.4  1.22  9.09  5.42  71 1013.9  27.2  28.4  21.6 99.0 99.00
2016 08 12 06 50  68  5.6  6.6  1.11  8.33  5.17 118 1013.7  27.2  28.3  22.0 99.0 99.00
2016 08 12 07 50  76  5.7  6.7  1.02  9.09  5.09  98 1013.6  27.1  28.3  22.1 99.0 99.00
2016 08 12 08 50  80  5.8  7.0  1.06  7.14  5.10 124 1014.0  27.1  28.3  21.8 99.0 99.00
2016 08 12 09 50  77  5.8  6.9  1.09  7.69  5.31  94 1014.1  27.2  28.3  22.0 99.0 99.00
2016 08 12 10 50  83  5.7  7.0  1.05  7.69  4.82 112 1014.6  27.4  28.3  22.3 99.0 99.00
2016 08 12 11 50  73  5.4  6.9  1.03  6.25  5.11 104 1015.0  27.5  28.4  22.7 99.0 99.00
2016 08 12 12 50  98  5.7  6.8  1.07  9.09  5.27  69 1015.5  27.6  28.5  22.5 99.0 99.00
2016 08 12 13 50 106  6.0  7.2  1.06  8.33  4.93  98 1015.6  27.6  28.5  22.5 99.0 99.00
2016 08 12 14 50  91  5.5  6.5  1.03  8.33  5.01 121 1015.3  27.6  28.6  22.1 99.0 99.00
2016 08 12 15 50  91  5.3  6.9  0.99  8.33  4.75  96 1014.9  27.6  28.7  22.3 99.0 99.00
2016 08 12 16 50  90  5.2  6.1  0.96  9.09  4.93  68 1014.2  27.6  28.7  22.1 99.0 99.00
2016 08 12 17 50  89  5.1  6.2  0.97  9.09  4.86 107 1013.7  27.7  28.7  21.6 99.0 99.00
2016 08 12 18 50  83  5.2  6.4  1.01  9.09  5.16 105 1013.5  27.8  28.8  21.8 99.0 99.00
2016 08 12 19 50  83  5.2  6.4  0.92  9.09  4.91  90 1013.6  27.8  28.7  22.3 99.0 99.00
2016 08 12 20 50  76  4.9  5.6  0.93  9.09  5.07  97 1013.9  27.8  28.7  22.3 99.0 99.00
2016 08 12 21 50  86  5.7  6.7  0.88  9.09  4.79 114 1014.1  27.7  28.6  22.4 99.0 99.00
2016 08 12 22 50  81  6.3  7.7  0.91  9.09  4.81 120 1014.4  27.8  28.5  22.7 99.0 99.00
2016 08 12 23 50  69  6.3  7.3  0.91  9.09  4.56 111 1015.0  27.7  28.5  22.3 99.0 99.00
2016 08 13 00 50  72  5.6  6.4  0.94  9.09  4.77  97 1015.3  27.7  28.5  22.1 99.0 99.00
2016 08 13 01 50  64  5.6  6.5  0.93  9.09  4.85 100 1015.7  27.7  28.5  22.5 99.0 99.00
2016 08 13 02 50  54  6.4  7.7  0.98  8.33  4.96  99 1015.3  27.6  28.5  22.8 99.0 99.00
2016 08 13 03 50  55  6.4  7.7  0.94  9.09  4.69  95 1014.7  27.6  28.5  22.9 99.0 99.00
2016 08 13 04 50  53  5.8  7.1  0.95  8.33  4.67  97 1014.1  27.5  28.5  22.9 99.0 99.00
2016 08 13 05 50  58  6.8  7.9  0.99  8.33  4.74  99 1013.6  27.4  28.4  22.7 99.0 99.00
2016 08 13 06 50  67  7.3  8.6  1.01  8.33  4.59  74 1013.6  27.5  28.4  22.2 99.0 99.00
2016 08 13 07 50  67  7.3  8.3  1.00  8.33  4.57 119 1013.8  27.5  28.4  22.5 99.0 99.00
2016 08 13 08 50  69  6.6  7.7  1.03  9.09  4.44 117 1014.3  27.6  28.4  22.6 99.0 99.00
2016 08 13 10 50  62  7.3  8.7  1.11  4.35  4.52  82 1014.9  27.9  28.4  23.1 99.0 99.00
2016 08 13 11 50  65  8.0 10.2  1.16  5.26  4.58  99 1015.0  28.0  28.4  23.3 99.0 99.00
2016 08 13 12 50  57  8.5  9.7  1.18  4.55  4.43  93 1015.1  28.0  28.5  23.6 99.0 99.00
2016 08 13 13 50  65  8.8 10.4  1.36  5.26  4.59  96 1015.1  28.1  28.5  23.5 99.0 99.00
2016 08 13 14 50  73  8.6  9.9  1.43  5.56  4.63  90 1015.1  28.0  28.5  23.5 99.0 99.00
2016 08 13 15 50  76  8.6 10.2  1.43  5.00  4.70  78 1014.8  28.0  28.5  23.3 99.0 99.00
2016 08 13 16 50  80  8.8 10.4  1.52  5.56  4.87  89 1014.3  28.1  28.5  23.3 99.0 99.00
2016 08 13 17 50  82  8.6 10.0  1.75  5.88  5.08 106 1014.1  28.2  28.6  23.0 99.0 99.00
2016 08 13 18 50  77  7.4  8.5  1.65  6.25  5.09  95 1013.9  28.2  28.6  23.2 99.0 99.00
2016 08 13 19 50  81  7.1  8.2  1.62  5.88  5.03  82 1013.8  28.2  28.6  23.3 99.0 99.00
2016 08 13 20 50  77  7.0  8.5  1.54  6.25  5.16 101 1013.8  28.2  28.6  23.6 99.0 99.00
2016 08 13 21 50  67  7.0  7.8  1.57  5.88  5.10  98 1014.2  28.0  28.5  23.8 99.0 99.00
2016 08 13 22 50  75  6.8  8.3  1.44  5.88  5.15  87 1014.5  28.0  28.5  23.9 99.0 99.00
2016 08 13 23 50  68  6.6  7.7  1.50  5.88  5.07  88 1015.0  28.0  28.5  23.7 99.0 99.00
2016 08 14 00 50  70  6.2  7.4  1.32  6.25  5.04  93 1015.0  27.9  28.5  24.1 99.0 99.00
2016 08 14 01 50  69  8.0  9.4  1.48  6.67  5.11  97 1014.9  27.9  28.5  23.8 99.0 99.00
2016 08 14 02 50  70  8.3  9.8  1.55  7.14  5.06 130 1014.4  27.8  28.4  23.6 99.0 99.00
2016 08 14 03 50  68  8.5 10.0  1.59  5.88  5.23  97 1014.0  27.8  28.4  23.2 99.0 99.00
2016 08 14 04 50  71  8.2  9.7  1.54  6.67  5.08 114 1013.7  27.7  28.4  23.3 99.0 99.00
2016 08 14 05 50  71  9.3 10.8  1.65  6.25  5.07 103 1013.0  27.6  28.4  23.0 99.0 99.00
2016 08 14 06 50  74  8.6 10.2  1.63  7.14  4.99 118 1012.9  27.6  28.4  23.1 99.0 99.00
2016 08 14 07 50  72  8.7 10.3  1.77  6.67  5.23 107 1012.9  27.6  28.4  22.8 99.0 99.00
2016 08 14 08 50  71  8.0  9.9  1.79  6.25  5.22  94 1013.2  27.7  28.4  23.3 99.0 99.00
2016 08 14 09 50  69  8.6 10.1  1.70  6.67  5.06 102 1013.8  27.7  28.4  22.8 99.0 99.00
2016 08 14 10 50  61  8.9 10.6  1.81  6.67  5.32 109 1014.3  28.0  28.4  22.8 99.0 99.00
2016 08 14 11 50  65  8.3 10.0  1.74  6.67  5.18 109 1014.9  28.0  28.4  23.0 99.0 99.00
2016 08 14 12 50  67  8.2  9.3  1.68  6.67  5.10 107 1015.2  28.0  28.4  22.9 99.0 99.00
2016 08 14 13 50  68  7.7  8.8  1.64  6.25  5.20 102 1015.2  28.0  28.5  22.6 99.0 99.00
2016 08 14 14 50  75  7.4  8.7  1.66  6.25  5.24  95 1015.0  28.0  28.5  22.8 99.0 99.00
2016 08 14 15 50  75  6.5  7.9  1.68  7.14  5.25 103 1014.8  28.0  28.5  23.2 99.0 99.00
2016 08 14 16 50  64  6.4  7.5  1.63  6.67  5.30 100 1014.1  28.0  28.6  23.1 99.0 99.00
2016 08 14 17 50  65  6.3  7.4  1.63  6.67  5.34 101 1013.6  28.1  28.6  23.0 99.0 99.00
2016 08 14 18 50  53  6.4  7.7  1.53  5.88  5.25  83 1013.4  28.1  28.6  23.1 99.0 99.00
2016 08 14 19 50  76  5.9  7.1  1.55  6.67  5.39 106 1013.5  28.1  28.6  23.3 99.0 99.00
2016 08 14 20 50  88  6.2  7.4  1.47  6.25  5.29  82 1013.6  28.1  28.6  23.0 99.0 99.00
2016 08 14 21 50  78  6.0  7.1  1.46  5.88  5.14  87 1014.1  28.1  28.5  22.9 99.0 99.00
2016 08 14 22 50  78  6.4  7.6  1.41  7.14  5.29 102 1014.6  28.0  28.5  23.1 99.0 99.00
2016 08 14 23 50  79  7.1  8.4  1.50  9.09  5.31  85 1015.1  28.1  28.4  22.8 99.0 99.00
2016 08 15 00 50  78  8.2  9.5  1.34  6.25  5.11 107 1015.2  28.0  28.4  22.8 99.0 99.00
2016 08 15 01 50  80  7.2  9.3  1.40  5.88  5.07  86 1015.4  27.9  28.4  23.2 99.0 99.00
2016 08 15 02 50  85  8.2  9.9  1.43  6.25  5.12  83 1015.3  27.9  28.4  22.5 99.0 99.00
2016 08 15 03 50  82  7.4  8.8  1.64  8.33  5.36 100 1014.7  27.8  28.4  22.6 99.0 99.00
2016 08 15 04 50  77  6.9  7.8  1.44  6.25  5.31  93 1014.0  27.8  28.4  22.4 99.0 99.00
2016 08 15 05 50  68  9.5 12.6  1.60  5.88  5.37  88 1013.5  26.9  28.4  22.7 99.0 99.00
2016 08 15 06 50  73  9.1 10.7  1.61  9.09  5.23  80 1013.1  26.9  28.4  22.4 99.0 99.00
2016 08 15 07 50  87  9.8 11.4  1.64  6.25  5.17  78 1012.8  27.6  28.3  21.4 99.0 99.00
2016 08 15 08 50  87  8.2 10.0  1.70 10.00  5.29  74 1013.4  27.9  28.3  21.4 99.0 99.00
2016 08 15 09 50  75  8.4  9.8  1.65  5.88  5.27  84 1013.8  27.5  28.3  21.8 99.0 99.00
2016 08 15 10 50  80  8.0  9.7  1.65  6.25  5.23  80 1014.3  27.8  28.3  22.8 99.0 99.00
2016 08 15 11 50  83  7.4  8.9  1.64  6.25  5.43  81 1014.8  27.9  28.4  22.4 99.0 99.00
2016 08 15 12 50  78  6.8  8.0  1.48  9.09  5.25  82 1015.1  27.9  28.4  22.4 99.0 99.00
2016 08 15 13 50  75  7.0  8.5  1.47  6.25  5.26  85 1014.9  27.9  28.5  22.4 99.0 99.00
2016 08 15 14 50  76  6.2  7.6  1.74  6.25  5.66  83 1014.9  27.8  28.5  22.6 99.0 99.00
2016 08 15 15 50  76  6.3  7.4  1.50  6.67  5.40  92 1014.5  27.8  28.6  22.2 99.0 99.00
2016 08 15 16 50  67  5.6  6.7  1.50  5.88  5.40  84 1014.1  27.9  28.6  22.4 99.0 99.00
2016 08 15 17 50  67  5.5  6.5  1.56 10.00  5.66  64 1013.6  27.8  28.6  22.4 99.0 99.00
2016 08 15 18 50  62  5.8  7.1  1.40 10.00  5.44  60 1013.3  27.9  28.6  22.2 99.0 99.00
2016 08 15 19 50  65  5.9  7.4  1.49  6.25  5.44  78 1013.1  27.9  28.6  22.1 99.0 99.00
2016 08 15 20 50  63  6.3  7.6  1.29  6.67  5.17  76 1013.5  27.9  28.6  21.9 99.0 99.00
2016 08 15 22 50  57  6.5  8.0  1.39  6.67  5.33  85 1014.6  27.9  28.5  22.8 99.0 99.00
2016 08 15 23 50  57  6.3  7.4  1.38  6.25  5.45  83 1015.0  27.9  28.5  22.7 99.0 99.00
2016 08 16 00 50  57  7.6  8.7  1.39  6.25  5.34  87 1015.3  27.9  28.4  23.2 99.0 99.00
2016 08 16 01 50  67  7.2  8.5  1.47 10.00  5.31  57 1015.7  27.9  28.4  23.5 99.0 99.00
2016 08 16 02 50  69  7.5  9.3  1.48  7.14  5.20 103 1015.3  27.9  28.4  23.5 99.0 99.00
2016 08 16 04 50  62  6.4  7.5  1.49  6.25  5.36  90 1014.2  27.7  28.4  23.8 99.0 99.00
2016 08 16 05 50  61  6.6  7.9  1.43 10.81  5.32  69 1013.5  27.6  28.4  23.7 99.0 99.00
2016 08 16 06 50  63  6.4  8.0  1.40  7.69  5.28 112 1013.1  27.6  28.4  23.6 99.0 99.00
2016 08 16 07 50  76  6.7  7.7  1.39  6.25  5.30  81 1013.1  27.6  28.4  23.6 99.0 99.00
2016 08 16 09 50  60  6.2  7.4  1.35  6.25  5.26  81 1013.7  27.8  28.4  24.1 99.0 99.00
2016 08 16 10 50  61  4.2  5.1  1.24  6.67  5.25  91 1014.5  27.7  28.4  24.5 99.0 99.00
2016 08 16 11 50  70  6.0  6.9  1.30 10.00  5.53  72 1014.7  28.1  28.4  24.6 99.0 99.00
2016 08 16 12 50  70  6.6  7.7  1.40  6.67  5.37  65 1015.1  27.9  28.5  24.4 99.0 99.00
2016 08 16 13 50  67  5.8  7.0  1.35  6.67  5.40  93 1015.4  27.6  28.5  24.8 99.0 99.00
2016 08 16 14 50 105  3.9  5.5  1.30  9.09  5.36  80 1015.4  27.5  28.5  24.4 99.0 99.00
2016 08 16 15 50  89  7.0  7.9  1.30  6.25  5.41  82 1014.9  28.3  28.6  24.7 99.0 99.00
2016 08 16 16 50  76  6.3  7.4  1.33  7.14  5.09  75 1014.1  28.0  28.7  25.1 99.0 99.00
2016 08 16 17 50  86  6.6  8.2  1.29  8.33  5.06  86 1013.7  28.2  28.7  24.0 99.0 99.00
2016 08 16 18 50  71  6.0  7.0  1.34  6.67  5.17  80 1013.5  28.2  28.7  25.0 99.0 99.00
2016 08 16 19 50  83  6.1  8.3  1.37  6.25  5.36  76 1013.5  27.7  28.7  24.8 99.0 99.00
2016 08 16 20 50  77  6.9  8.3  1.36 10.00  5.16  68 1013.8  28.5  28.7  24.5 99.0 99.00
2016 08 16 21 50  76  6.1  6.9  1.43  9.09  5.34  69 1014.0  28.3  28.6  24.7 99.0 99.00
2016 08 16 22 50  64  6.5  7.5  1.31  8.33  5.07 100 1014.5  28.2  28.6  25.0 99.0 99.00
2016 08 16 23 50  63  7.1  9.0  1.39  7.14  5.29  81 1015.1  28.1  28.5  24.9 99.0 99.00
2016 08 17 00 50  69  8.2  9.8  1.35  6.67  5.22  71 1015.3  28.3  28.5  25.3 99.0 99.00
2016 08 17 01 50  66  8.2  9.7  1.42  6.67  4.99  77 1015.5  28.2  28.5  25.2 99.0 99.00
2016 08 17 02 50  69  8.6 10.8  1.46  6.25  4.94  62 1015.1  28.1  28.5  25.1 99.0 99.00
2016 08 17 03 50  72  8.9 10.7  1.55  5.56  5.02  77 1014.5  28.0  28.5  24.8 99.0 99.00
2016 08 17 04 50  80  9.0 10.7  1.59  6.25  5.08  66 1013.8  28.1  28.5  24.6 99.0 99.00
2016 08 17 05 50  75  8.2  9.9  1.59  6.67  5.02  70 1013.3  28.1  28.5  24.8 99.0 99.00
2016 08 17 06 50  70  8.6  9.8  1.61  6.67  5.10  66 1013.0  28.0  28.5  24.8 99.0 99.00
2016 08 17 07 50  68  8.7 10.4  1.56  6.25  4.96  61 1012.9  28.0  28.4  24.8 99.0 99.00
2016 08 17 08 50  66  9.2 10.8  1.67  6.67  5.09  68 1012.8  28.1  28.4  24.8 99.0 99.00
2016 08 17 09 50  73  9.7 12.1  1.75  5.88  5.13  67 1013.0  28.1  28.4  24.6 99.0 99.00
2016 08 17 10 50  68  9.5 11.1  2.02  6.25  5.43  74 1013.7  28.2  28.4  24.5 99.0 99.00
2016 08 17 11 50  67  8.8 10.7  1.83  7.14  5.32  74 1014.4  28.3  28.5  24.6 99.0 99.00
2016 08 17 12 50  69  9.8 12.2  1.98  6.67  5.39  66 1015.2  28.3  28.5  24.2 99.0 99.00
2016 08 17 13 50  73  8.7 11.2  1.92  6.67  5.28  75 1015.4  28.4  28.5  24.2 99.0 99.00
2016 08 17 14 50  68  9.0 11.1  1.93  6.25  5.37  60 1015.3  28.3  28.5  23.9 99.0 99.00
2016 08 17 15 50  78  8.6 10.1  2.22  6.25  5.50  73 1015.0  28.4  28.6  23.6 99.0 99.00
2016 08 17 16 50  72  8.7 10.0  2.03  7.14  5.40  79 1014.3  28.3  28.6  23.6 99.0 99.00
2016 08 17 17 50  74  7.6  9.3  2.06  7.14  5.46  77 1013.8  28.4  28.6  23.3 99.0 99.00
2016 08 17 18 50  74  6.8  8.3  1.80  7.14  5.52  64 1013.2  28.4  28.6  23.8 99.0 99.00
2016 08 17 19 50  61  7.5  9.2  1.89  6.67  5.49  76 1013.1  28.3  28.6  23.8 99.0 99.00
2016 08 17 20 50  58  7.7  8.8  2.01  7.14  5.65  74 1013.2  28.3  28.5  23.6 99.0 99.00
2016 08 17 21 50  53  9.3 11.0  1.88  7.14  5.57  76 1013.5  28.2  28.5  23.7 99.0 99.00
2016 08 17 22 50  59  8.9 10.8  1.86  7.14  5.37  74 1013.9  28.2  28.5  23.5 99.0 99.00
2016 08 17 23 50  62  7.7  9.3  1.99  7.69  5.63  86 1014.6  28.2  28.4  23.5 99.0 99.00
2016 08 18 00 50  59  8.5 10.8  1.86  7.69  5.43  86 1015.0  28.2  28.4  24.0 99.0 99.00
2016 08 18 01 50  64  9.7 11.6  1.96  7.69  5.35  77 1015.1  28.2  28.4  23.4 99.0 99.00
2016 08 18 02 50  58  8.6  9.9  2.05  7.14  5.54  78 1015.0  28.1  28.4  23.1 99.0 99.00
2016 08 18 03 50  63  7.5  8.9  2.01  7.69  5.64  79 1014.4  28.0  28.4  23.5 99.0 99.00
2016 08 18 04 50  48  7.8  9.1  1.83  7.69  5.44  81 1013.5  27.9  28.4  23.6 99.0 99.00
2016 08 18 05 50  52  7.9  9.8  1.98  7.14  5.59  75 1012.7  27.7  28.4  23.9 99.0 99.00
2016 08 18 06 50  71  8.7 10.3  2.01  7.14  5.53  71 1012.4  27.0  28.4  23.5 99.0 99.00
2016 08 18 07 50  68 10.2 12.1  2.11  7.14  5.70  69 1012.5  27.7  28.4  23.7 99.0 99.00
2016 08 18 08 50  71 10.3 12.2  2.21  7.14  5.69  64 1012.5  27.9  28.4  23.1 99.0 99.00
2016 08 18 09 50  77  9.6 11.1  2.10  7.69  5.45  68 1013.3  27.9  28.4  23.1 99.0 99.00
2016 08 18 10 50  72  9.8 11.4  2.27  8.33  5.73  67 1013.7  28.1  28.4  23.4 99.0 99.00
2016 08 18 11 50  84  9.2 11.0  2.18  7.69  5.67  77 1014.4  28.1  28.4  23.2 99.0 99.00
2016 08 18 12 50  82  8.0  9.5  2.29  7.69  5.78  76 1014.7  28.2  28.4  23.4 99.0 99.00
2016 08 18 13 50  86  8.8 10.2  2.17  6.67  5.85  72 1015.0  28.2  28.4  23.4 99.0 99.00
2016 08 18 14 50  89  8.3  9.4  2.31  8.33  5.84  76 1014.7  28.1  28.5  23.2 99.0 99.00
2016 08 18 15 50  84  7.4  8.4  2.06  7.69  5.72  81 1014.2  28.1  28.5  23.8 99.0 99.00
2016 08 18 16 50  86  7.0  8.1  2.10  7.69  5.72  69 1013.8  28.2  28.5  23.5 99.0 99.00
2016 08 18 17 50  77  7.1  8.4  1.91  8.33  5.66  79 1013.1  28.1  28.6  23.7 99.0 99.00
2016 08 18 18 50  81  7.2  8.8  1.95  8.33  5.79  82 1012.9  28.1  28.6  23.4 99.0 99.00
2016 08 18 19 50  81  6.8  8.3  2.01  8.33  6.05  79 1012.6  28.1  28.6  23.7 99.0 99.00
2016 08 18 21 50  77  6.7  7.9  1.94  7.69  5.96  78 1013.0  28.0  28.5  23.4 99.0 99.00
2016 08 18 22 50  76  6.6  7.8  1.91  8.33  5.91  74 1013.9  28.0  28.5  23.4 99.0 99.00
2016 08 18 23 50  80  6.3  7.5  1.78  8.33  5.86  94 1014.7  28.0  28.5  23.3 99.0 99.00
2016 08 19 00 50  78  7.2  8.5  1.84  8.33  5.95  88 1015.2  28.0  28.4  23.1 99.0 99.00
2016 08 19 01 50  71  6.4  7.5  1.74  8.33  5.79  83 1015.5  28.0  28.4  23.5 99.0 99.00
2016 08 19 02 50  72  6.4  7.7  1.82  8.33  5.85  84 1015.1  27.9  28.4  23.1 99.0 99.00
2016 08 19 04 50  57  6.2  7.4  1.67  8.33  5.80  78 1013.6  27.7  28.4  23.3 99.0 99.00
2016 08 19 05 50  59  6.9  8.0  1.78  9.09  5.98  70 1012.8  27.6  28.4  23.2 99.0 99.00
2016 08 19 06 50  65  6.5  7.5  1.65  8.33  5.88  68 1012.6  27.5  28.4  23.0 99.0 99.00
2016 08 19 07 50  49  6.8  8.4  1.59  7.69  5.76  71 1012.5  27.6  28.4  23.2 99.0 99.00
2016 08 19 08 50  57  7.1  8.6  1.61  8.33  5.81  75 1012.7  27.5  28.3  22.6 99.0 99.00
2016 08 19 09 50  65  6.5  8.0  1.56  8.33  5.77  83 1012.9  27.5  28.3  22.7 99.0 99.00
2016 08 19 10 50  65  6.9  8.3  1.55  7.69  5.77  74 1013.5  27.8  28.3  22.8 99.0 99.00
2016 08 19 11 50  62  6.6  7.8  1.59  9.09  5.78  65 1014.0  27.8  28.4  23.1 99.0 99.00
2016 08 19 12 50  74  6.3  7.7  1.61  9.09  5.74  78 1014.3  27.9  28.4  22.6 99.0 99.00
2016 08 19 13 50  83  6.3  7.8  1.69  9.09  6.03  78 1014.6  27.9  28.5  22.6 99.0 99.00
2016 08 19 14 50  88  5.5  6.4  1.61  8.33  5.64  76 1014.3  27.9  28.5  22.6 99.0 99.00
2016 08 19 15 50  86  4.4  5.5  1.48  8.33  5.76  68 1014.0  27.9  28.6  22.8 99.0 99.00
2016 08 19 16 50  70  4.4  5.7  1.45  9.09  5.86  77 1013.5  28.0  28.7  22.3 99.0 99.00
2016 08 19 17 50  76  4.3  5.5  1.44  9.09  5.93  79 1013.1  28.1  28.7  22.5 99.0 99.00
2016 08 19 18 50  70  3.7  4.6  1.39  8.33  5.92  86 1012.6  28.1  28.8  22.5 99.0 99.00
2016 08 19 19 50  75  3.0  4.3  1.46  8.33  6.24  74 1012.4  28.1  28.8  22.6 99.0 99.00
2016 08 19 20 50  64  2.5  3.1  1.53  8.33  6.54  81 1012.5  28.1  28.8  22.6 99.0 99.00
2016 08 19 21 50  64  3.0  3.8  1.51  8.33  6.54  77 1012.8  27.9  28.8  22.8 99.0 99.00
2016 08 19 22 50  63  3.2  4.5  1.44  9.09  6.37  80 1013.1  27.9  28.7  22.9 99.0 99.00
2016 08 19 23 50  54  3.6  4.6  1.43  9.09  6.52  89 1013.7  27.9  28.6  23.0 99.0 99.00
2016 08 20 00 50  38  2.8  3.7  1.48  9.09  6.64  81 1014.0  27.9  28.6  23.2 99.0 99.00
2016 08 20 01 50  35  3.0  3.6  1.44  9.09  6.76  78 1014.2  27.7  28.5  23.1 99.0 99.00
2016 08 20 02 50  35  3.5  4.3  1.41  9.09  6.78  82 1014.2  27.8  28.5  23.5 99.0 99.00
2016 08 20 03 50  28  3.5  4.3  1.47  9.09  7.01  71 1013.8  27.6  28.5  23.3 99.0 99.00
2016 08 20 04 50  28  2.8  3.7  1.41  8.33  6.71  69 1013.0  27.5  28.5  23.3 99.0 99.00
2016 08 20 05 50  41  3.7  4.5  1.47  9.09  7.00  82 1012.1  27.4  28.5  23.3 99.0 99.00
2016 08 20 06 50  36  4.1  5.0  1.40 13.79  6.92  32 1011.6  27.4  28.4  23.5 99.0 99.00
2016 08 20 07 50  33  4.6  5.7  1.31  9.09  6.94  81 1011.7  27.5  28.4  23.5 99.0 99.00
2016 08 20 08 50  25  5.0  6.0  1.40  9.09  6.89  81 1011.8  27.4  28.4  23.6 99.0 99.00
2016 08 20 09 50  36  5.0  6.2  1.44  9.09  6.95  86 1012.2  27.6  28.4  23.0 99.0 99.00
2016 08 20 10 50  33  4.8  5.7  1.32  9.09  6.72  82 1012.7  27.9  28.4  23.4 99.0 99.00
2016 08 20 11 50  23  5.1  6.2  1.42  9.09  6.79  82 1013.0  27.8  28.5  23.2 99.0 99.00
2016 08 20 12 50  41  4.4  5.3  1.56  9.09  6.85  81 1013.3  27.9  28.5  23.4 99.0 99.00
2016 08 20 13 50  31  4.7  5.4  1.50  8.33  6.52  85 1013.3  27.8  28.6  22.9 99.0 99.00
2016 08 20 14 50  41  3.7  4.7  1.35 12.90  6.34  37 1013.3  27.8  28.7  23.0 99.0 99.00
2016 08 20 15 50  49  3.7  4.4  1.40  9.09  6.65  75 1013.0  27.9  28.9  23.1 99.0 99.00
2016 08 20 16 50  28  4.1  4.9  1.41  9.09  6.89  74 1012.5  27.9  29.1  23.1 99.0 99.00
2016 08 20 17 50  40  3.8  5.1  1.34 12.90  6.84  31 1012.1  28.0  29.1  23.2 99.0 99.00
2016 08 20 18 50  40  3.5  4.4  1.20  9.09  6.62  72 1011.8  28.2  29.1  23.5 99.0 99.00
2016 08 20 19 50  41  4.5  5.5  1.51  9.09  7.43  75 1011.7  28.2  29.1  23.1 99.0 99.00
2016 08 20 20 50  24  5.0  5.6  1.35  9.09  7.26  77 1012.0  28.4  29.0  23.4 99.0 99.00
2016 08 20 21 50  35  5.2  6.2  1.37  9.09  7.12  71 1012.6  28.1  28.9  22.9 99.0 99.00
2016 08 20 22 50  39  5.3  6.0  1.49  9.09  7.54  73 1012.9  28.1  28.7  23.4 99.0 99.00
2016 08 20 23 50  45  5.5  6.7  1.48  9.09  7.18  74 1013.6  28.1  28.6  23.3 99.0 99.00
2016 08 21 00 50  43  4.7  5.5  1.47  8.33  7.05  81 1014.0  28.1  28.6  23.4 99.0 99.00
2016 08 21 01 50  50  4.9  5.6  1.38  9.09  6.85  75 1014.2  28.0  28.5  23.3 99.0 99.00
2016 08 21 02 50  66  5.1  6.4  1.37  9.09  6.71  78 1013.9  27.9  28.5  23.4 99.0 99.00
2016 08 21 03 50  59  5.0  6.1  1.37  9.09  6.52  75 1013.5  27.8  28.5  23.1 99.0 99.00
2016 08 21 04 50  58  4.7  5.6  1.31  9.09  6.47  73 1012.8  27.7  28.5  23.3 99.0 99.00
2016 08 21 05 50  51  4.2  5.0  1.41  9.09  6.78  76 1012.2  27.6  28.5  23.2 99.0 99.00
2016 08 21 06 50  51  4.4  5.5  1.24  9.09  6.48  71 1011.9  27.5  28.4  23.1 99.0 99.00
2016 08 21 07 50  46  4.6 10.8  1.18  8.33  6.37  80 1012.0  27.5  28.4  23.3 99.0 99.00
2016 08 21 08 50  72  4.8  5.8  1.27  9.09  6.53  65 1012.3  27.6  28.4  23.0 99.0 99.00
2016 08 21 09 50  57  4.8  5.8  1.29  9.09  6.64  72 1012.5  27.5  28.4  23.1 99.0 99.00
2016 08 21 10 50  56  4.6  5.8  1.18  8.33  6.38  73 1013.0  27.9  28.4  23.5 99.0 99.00
2016 08 21 11 50  54  4.3  5.3  1.36  8.33  6.80  83 1013.5  27.9  28.5  23.5 99.0 99.00
2016 08 21 12 50  66  4.0  4.8  1.31  9.09  6.68  69 1014.0  28.0  28.6  23.5 99.0 99.00
2016 08 21 13 50  79  4.1  5.1  1.28  8.33  6.60  87 1014.4  28.1  28.7  23.3 99.0 99.00
2016 08 21 14 50  62  3.6  4.6  1.37  8.33  6.76  88 1014.4  28.1  28.8  23.3 99.0 99.00
2016 08 21 15 50  70  3.8  4.8  1.19  8.33  6.61  97 1014.0  28.1  29.0  23.4 99.0 99.00
2016 08 21 16 50  54  3.4  4.2  1.36  8.33  6.97  71 1013.5  28.1  29.1  23.5 99.0 99.00
2016 08 21 17 50  56  4.1  5.0  1.23  8.33  6.64  90 1013.2  28.3  29.2  23.4 99.0 99.00
2016 08 21 18 50  56  4.1  5.3  1.14 11.43  6.54  24 1012.9  28.3  29.2  23.3 99.0 99.00
2016 08 21 19 50  45  3.9  4.9  1.20  7.69  6.49  96 1012.8  28.4  29.2  23.6 99.0 99.00
2016 08 21 20 50  42  3.8  4.6  1.16  8.33  6.44  92 1013.2  28.4  29.1  23.8 99.0 99.00
2016 08 21 21 50  41  4.8  5.7  1.19  8.33  6.59  89 1013.6  28.2  29.0  24.0 99.0 99.00
2016 08 21 22 50  44  5.0  5.8  1.20  7.69  6.58  95 1013.9  28.3  28.9  23.7 99.0 99.00
2016 08 21 23 50  42  5.0  5.9  1.09  9.09  6.22  81 1014.5  28.2  28.8  23.9 99.0 99.00
2016 08 22 00 50  51  5.5  6.5  1.17  8.33  6.28 109 1015.0  28.2  28.8  24.2 99.0 99.00
2016 08 22 01 50  40  5.3  6.2  1.13  8.33  6.02 104 1015.3  28.3  28.8  23.9 99.0 99.00
2016 08 22 02 50  44  4.5  5.5  1.18  8.33  6.16  97 1015.2  28.3  28.7  24.4 99.0 99.00
2016 08 22 04 50  37  5.2  6.1  1.16  9.09  5.93  78 1013.6  27.7  28.5  24.4 99.0 99.00
2016 08 22 05 50  33  4.8  5.9  1.10  7.69  5.77  91 1012.6  27.8  28.5  24.1 99.0 99.00
2016 08 22 06 50  40  5.6  7.3  1.29  8.33  6.02  89 1012.3  27.7  28.5  24.4 99.0 99.00
2016 08 22 07 50  38  6.2  7.1  1.26  8.33  5.75  81 1012.2  27.6  28.4  24.0 99.0 99.00
2016 08 22 08 50  44  6.6  7.5  1.22  8.33  5.68  83 1012.3  27.8  28.4  24.3 99.0 99.00
2016 08 22 09 50  33  5.8  6.7  1.27  8.33  5.94  79 1012.7  27.8  28.5  24.3 99.0 99.00
2016 08 22 10 50  33  5.2  6.3  1.14  7.69  5.70  68 1013.3  28.1  28.5  24.3 99.0 99.00
2016 08 22 11 50  32  5.0  6.1  1.13  8.33  5.71  76 1013.7  28.2  28.5  24.5 99.0 99.00
2016 08 22 12 50 349  4.5  5.3  1.17  7.14  5.63  71 1013.9  27.1  28.6  24.2 99.0 99.00
2016 08 22 13 50  10  6.0  7.4  1.09  8.33  5.82  90 1014.0  27.4  28.8  25.0 99.0 99.00
2016 08 22 14 50 344  0.6  1.1  1.02  8.33  5.77  82 1013.6  27.2  29.2  25.0 99.0 99.00
2016 08 22 15 50  32  6.1  8.2  1.05  7.69  5.75  78 1013.2  26.6  29.2  24.1 99.0 99.00
2016 08 22 16 50 321  1.4  2.0  1.04  8.33  5.71  85 1012.8  27.3  29.3  24.8 99.0 99.00
2016 08 22 17 50 329  2.9  3.5  1.04  7.69  5.95  76 1011.8  27.7  29.3  24.7 99.0 99.00
2016 08 22 18 50 313  2.8  3.7  1.07  7.69  5.84  79 1011.6  27.5  29.1  24.8 99.0 99.00
2016 08 22 19 50 325  1.7  2.2  1.08  8.33  5.96  99 1011.5  27.6  29.1  24.7 99.0 99.00
2016 08 22 20 50 357  1.4  1.9  1.04  7.69  5.84  67 1011.9  27.8  29.0  24.7 99.0 99.00
2016 08 22 21 50  20  0.6  0.9  1.07  8.33  6.09 107 1011.8  27.8  29.0  24.6 99.0 99.00
2016 08 22 22 50  76  1.2  1.5  1.03  7.69  5.87 103 1012.4  27.7  28.9  24.7 99.0 99.00
2016 08 22 23 50 111  1.5  2.1  1.05  8.33  6.03 118 1012.5  27.7  28.8  24.9 99.0 99.00
2016 08 23 00 50 108  4.6  5.4  1.06  8.33  6.17  74 1013.1  27.9  28.7  25.2 99.0 99.00
2016 08 23 01 50 143  4.7  5.4  1.12  8.33  6.29 124 1013.3  27.9  28.7  25.2 99.0 99.00
2016 08 23 02 50 134  6.3  7.3  1.14  7.69  6.22  85 1013.2  28.1  28.7  24.8 99.0 99.00
2016 08 23 03 50 115  6.0  7.3  1.20  7.14  5.64  76 1012.8  27.6  28.6  25.4 99.0 99.00
2016 08 23 04 50 129  5.9  6.6  1.26  7.14  5.53  77 1012.2  27.3  28.6  25.2 99.0 99.00
2016 08 23 05 50 133  6.7  7.6  1.24  7.69  5.50  78 1011.2  27.7  28.6  25.1 99.0 99.00
2016 08 23 06 50 157  5.5  6.5  1.38  7.69  5.86  68 1011.6  27.9  28.5  24.6 99.0 99.00
2016 08 23 07 50 143  5.5  6.7  1.34  9.09  5.95  72 1011.9  27.9  28.5  24.9 99.0 99.00
2016 08 23 08 50 146  5.6  7.8  1.39  8.33  5.84  78 1012.0  28.0  28.6  24.8 99.0 99.00
2016 08 23 09 50 143  5.9  7.0  1.33  8.33  5.87  74 1012.5  27.8  28.7  25.2 99.0 99.00
2016 08 23 10 50 136  5.6  6.4  1.55  9.09  6.13  62 1013.2  28.0  28.7  24.6 99.0 99.00
2016 08 23 11 50 132  5.5  6.6  1.47  8.33  6.07  80 1013.8  27.9  28.8  24.8 99.0 99.00
2016 08 23 12 50 146  5.6  7.1  1.51  9.09  6.34  64 1014.2  27.6  28.8  25.0 99.0 99.00
2016 08 23 13 50 119  3.4  4.7  1.47  9.09  6.09  90 1014.3  27.4  28.8  24.6 99.0 99.00
2016 08 23 14 50 129  4.3  5.3  1.53  9.09  6.47  75 1013.8  27.8  28.8  24.7 99.0 99.00
2016 08 23 15 50 100  3.9  5.0  1.45  8.33  6.18  86 1013.6  28.0  29.0  24.5 99.0 99.00
2016 08 23 16 50 101  4.5  5.1  1.37  8.33  5.99  75 1012.9  28.0  29.1  24.2 99.0 99.00
2016 08 23 17 50 114  5.5  6.7  1.27  8.33  5.89  75 1012.6  28.1  29.1  24.5 99.0 99.00
2016 08 23 18 50 112  4.7  5.4  1.36  8.33  5.93  98 1012.4  28.2  29.1  24.6 99.0 99.00
2016 08 23 19 50 110  4.7  5.7  1.29  8.33  5.82  81 1011.9  28.3  29.0  24.2 99.0 99.00
2016 08 23 20 50 108  5.4  6.3  1.26  7.69  5.84  85 1012.2  28.4  28.9  24.4 99.0 99.00
2016 08 23 21 50 107  6.0  7.0  1.41  8.33  5.85  74 1012.5  28.4  28.8  24.4 99.0 99.00
2016 08 23 22 50 107  6.1  7.0  1.30  8.33  5.49  78 1013.1  28.4  28.9  24.6 99.0 99.00
2016 08 23 23 50 117  6.6  7.7  1.38  8.33  5.70  85 1013.6  28.4  28.8  24.6 99.0 99.00
2016 08 24 00 50 113  6.3  7.3  1.37  8.33  5.47  72 1014.0  28.4  28.7  24.7 99.0 99.00
2016 08 24 01 50 110  6.4  7.4  1.44  7.69  5.69  76 1014.2  28.4  28.7  24.7 99.0 99.00
2016 08 24 02 50 100  5.9  9.1  1.53  8.33  5.71  80 1013.8  28.1  28.6  25.3 99.0 99.00
2016 08 24 03 50 106  6.5  8.2  1.40  8.33  5.53  98 1013.2  27.7  28.6  25.1 99.0 99.00
2016 08 24 04 50 109  6.6  7.5  1.51  8.33  5.43  83 1012.9  27.8  28.6  25.1 99.0 99.00
2016 08 24 05 50 104  6.4 10.0  1.55  7.14  5.31  74 1012.7  27.1  28.6  24.3 99.0 99.00
2016 08 24 06 50 138  5.3  6.9  1.58  7.69  5.64  76 1012.7  27.1  28.6  24.8 99.0 99.00
2016 08 24 07 50 141  6.4  8.3  1.61  7.69  5.36  77 1013.0  26.9  28.6  24.6 99.0 99.00
2016 08 24 08 50 104  6.1  7.2  1.69  7.69  5.48  70 1013.4  26.2  28.6  23.2 99.0 99.00
2016 08 24 09 50  78  7.4  9.0  1.63  7.69  5.57  64 1013.5  27.8  28.6  25.1 99.0 99.00
2016 08 24 10 50  77  8.3  9.6  1.84  7.69  5.34  73 1013.7  28.3  28.6  24.5 99.0 99.00
2016 08 24 11 50  81  8.6  9.9  1.75  7.69  5.36  67 1014.0  28.3  28.6  24.7 99.0 99.00
2016 08 24 12 50  74  8.0  9.9  1.72  8.33  5.28  83 1014.3  28.3  28.7  24.8 99.0 99.00
2016 08 24 13 50  77  8.5  9.7  1.79  7.69  5.49  76 1014.0  28.3  28.7  24.3 99.0 99.00
2016 08 24 14 50  74  8.1  9.7  1.71  7.69  5.15  82 1013.8  28.3  28.7  24.6 99.0 99.00
2016 08 24 15 50  77  7.9  9.1  1.81  7.69  5.40  76 1013.1  28.2  28.7  24.6 99.0 99.00
2016 08 24 16 50  81  7.2  8.5  1.69  7.69  5.24  79 1012.8  28.2  28.8  24.3 99.0 99.00
2016 08 24 17 50  81  7.6  8.6  1.58  7.69  5.26  81 1012.3  28.2  28.9  24.3 99.0 99.00
2016 08 24 18 50  76  6.8  8.4  1.50  7.69  5.12  81 1012.4  28.2  28.8  24.2 99.0 99.00
2016 08 24 19 50  82  6.6  7.9  1.57  7.69  5.17  79 1012.1  28.2  28.8  24.2 99.0 99.00
2016 08 24 20 50  77  6.9  7.8  1.43  7.69  5.00  95 1012.3  28.2  28.7  24.0 99.0 99.00
2016 08 24 21 50  79  7.4  8.7  1.49  7.14  5.22  85 1012.6  28.1  28.7  24.1 99.0 99.00
2016 08 24 22 50  82  6.9  8.1  1.48  7.14  5.15  91 1013.1  28.1  28.7  24.1 99.0 99.00
2016 08 24 23 50  80  7.2  8.3  1.40  7.69  5.06  94 1013.5  28.1  28.7  23.9 99.0 99.00
2016 08 25 00 50  84  6.0  7.2  1.45  7.69  5.26  88 1013.9  28.1  28.6  24.2 99.0 99.00
2016 08 25 01 50  87  5.3  6.4  1.41  7.69  5.23  96 1014.2  28.0  28.6  24.2 99.0 99.00
2016 08 25 02 50  81  5.6  6.7  1.25  7.69  5.15  96 1013.9  28.0  28.6  24.3 99.0 99.00
2016 08 25 04 50  83  2.2  2.9  1.33  7.69  5.53  93 1013.3  27.5  28.6  24.1 99.0 99.00
2016 08 25 05 50  23  4.2  5.9  1.25  7.69  5.55  81 1012.8  27.2  28.6  24.1 99.0 99.00
2016 08 25 06 50 107  5.2  6.5  1.26  7.14  5.56  86 1012.7  27.1  28.6  24.2 99.0 99.00
2016 08 25 07 50 107  4.3  5.4  1.15  7.69  5.40  97 1013.0  26.9  28.6  24.0 99.0 99.00
2016 08 25 08 50 111  3.1  3.7  1.41  7.14  5.76  87 1013.3  27.1  28.6  23.4 99.0 99.00
2016 08 25 09 50  97  3.5  4.4  1.27  6.67  5.68  85 1013.5  27.4  28.6  23.9 99.0 99.00
2016 08 25 10 50  65  2.7  3.4  1.15  7.69  5.44  94 1013.7  27.6  28.6  24.2 99.0 99.00
2016 08 25 11 50  56  3.5  4.5  1.17  7.14  5.57  97 1013.8  27.8  28.7  23.4 99.0 99.00
2016 08 25 12 50  53  3.3  4.5  1.12  7.14  5.65  85 1013.8  27.9  28.8  23.1 99.0 99.00
2016 08 25 13 50  32  3.5  4.1  1.09  6.67  5.56  76 1013.4  27.9  28.9  23.1 99.0 99.00
2016 08 25 14 50  38  2.8  3.6  1.05  7.69  5.73  83 1013.4  27.9  29.2  23.2 99.0 99.00
2016 08 25 15 50  75  0.8  1.5  1.16  7.69  5.97  92 1013.1  28.0  29.6  23.1 99.0 99.00
2016 08 25 16 50  44  1.8  2.7  1.17  7.14  6.02  98 1012.6  28.0  30.2  23.1 99.0 99.00
2016 08 25 17 50  23  0.9  1.7  1.11  7.69  6.02 100 1012.2  28.2  30.5  22.6 99.0 99.00
2016 08 25 18 50  24  2.0  2.8  1.15  7.14  5.93  93 1012.1  28.4  30.6  22.5 99.0 99.00
2016 08 25 19 50  19  2.0  3.0  1.21  8.33  6.09  96 1012.2  28.7  30.6  22.6 99.0 99.00
2016 08 25 20 50  21  2.5  3.3  1.18  7.69  5.99  94 1012.3  28.7  30.1  22.8 99.0 99.00
2016 08 25 21 50  27  3.4  4.4  1.12  8.33  5.96  87 1012.7  28.4  29.5  22.9 99.0 99.00
2016 08 25 22 50  23  4.6  5.6  1.16  7.69  5.91  81 1013.2  28.2  29.3  22.8 99.0 99.00
2016 08 25 23 50  31  4.3  5.1  1.15  7.14  5.77  81 1013.3  28.0  29.1  22.5 99.0 99.00
2016 08 26 00 50  33  3.5  4.4  1.25  7.14  6.20  77 1013.8  28.0  29.1  22.7 99.0 99.00
2016 08 26 01 50  42  4.2  5.0  1.23  7.69  6.30  82 1013.7  27.9  28.9  22.5 99.0 99.00
2016 08 26 02 50  42  3.7  4.8  1.31  8.33  6.52  97 1013.5  27.8  28.8  22.5 99.0 99.00
2016 08 26 03 50  36  3.2  4.0  1.34  7.14  6.53  84 1012.9  27.7  28.7  22.3 99.0 99.00
2016 08 26 04 50  46  3.2  3.8  1.43  7.14  6.97  77 1012.5  27.6  28.7  21.8 99.0 99.00
2016 08 26 05 50  77  2.8  3.8  1.32  7.14  6.65  80 1012.1  27.4  28.7  21.4 99.0 99.00
2016 08 26 06 50  86  1.6  2.6  1.52  7.69  7.07  82 1012.2  27.3  28.7  21.6 99.0 99.00
2016 08 26 07 50  64  2.5  3.3  1.60 11.43  7.28  87 1012.5  27.3  28.7  21.7 99.0 99.00
2016 08 26 08 50 109  2.6  3.6  1.37  7.69  6.85  74 1012.7  27.3  28.6  21.9 99.0 99.00
2016 08 26 09 50 124  3.1  3.9  1.46 11.43  6.89  85 1012.9  27.4  28.6  22.1 99.0 99.00
2016 08 26 10 50 106  2.3  3.1  1.38 10.81  7.09  85 1013.3  27.8  28.7  22.3 99.0 99.00
2016 08 26 11 50 119  2.4  3.4  1.48  7.14  6.97  81 1013.7  27.8  28.8  22.5 99.0 99.00
2016 08 26 12 50 140  2.5  3.3  1.43  8.33  7.08  68 1013.7  27.7  28.9  22.4 99.0 99.00
2016 08 26 13 50 154  2.6  3.6  1.38  9.09  7.18  77 1013.4  27.7  29.1  22.5 99.0 99.00
2016 08 26 14 50 170  2.0  3.1  1.42  9.09  7.39  82 1013.3  27.7  29.3  22.3 99.0 99.00
2016 08 26 15 50 185  1.6  2.6  1.30  8.33  7.29  78 1013.0  27.7  29.8  21.9 99.0 99.00
2016 08 26 16 50 244  1.4  2.9  1.38  9.09  7.58  89 1012.5  28.0  30.1  22.2 99.0 99.00
2016 08 26 17 50 246  0.6  1.5  1.48  9.09  7.75  84 1012.2  28.3  30.6  21.9 99.0 99.00
2016 08 26 18 50 307  1.4  2.6  1.30 10.00  7.72  85 1012.2  28.4  30.5  21.8 99.0 99.00
2016 08 26 19 50 343  1.7  2.7  1.49 10.00  7.81  82 1012.3  28.6  30.4  21.2 99.0 99.00
2016 08 26 20 50 354  1.0  1.8  1.28 10.00  7.53  88 1012.7  28.5  30.2  21.9 99.0 99.00
2016 08 26 21 50  16  1.9  2.7  1.28  9.09  7.51 106 1012.8  28.0  30.0  22.2 99.0 99.00
2016 08 26 22 50  20  2.7  3.3  1.30  9.09  7.70  81 1013.1  28.0  29.7  22.0 99.0 99.00
2016 08 26 23 50  45  2.4  3.2  1.41 10.00  7.90  92 1013.5  28.0  29.5  22.2 99.0 99.00
2016 08 27 00 50  46  2.5  3.6  1.30  9.09  7.65  79 1013.9  28.0  29.3  22.2 99.0 99.00
2016 08 27 01 50  30  3.3  4.5  1.24 10.00  7.63  75 1014.0  28.2  29.2  21.7 99.0 99.00
2016 08 27 02 50  67  3.7  5.8  1.33  9.09  7.92  77 1013.7  28.1  29.1  21.7 99.0 99.00
2016 08 27 03 50  57  3.5  4.4  1.42 10.00  7.96  74 1013.2  28.0  29.0  21.8 99.0 99.00
2016 08 27 04 50  61  3.9  5.0  1.26  9.09  7.77  76 1012.7  27.9  29.0  21.5 99.0 99.00
2016 08 27 05 50  68  4.0  4.8  1.22  9.09  7.52  85 1012.4  27.8  28.9  22.0 99.0 99.00
2016 08 27 06 50  66  3.9  4.7  1.26 10.00  7.49  85 1012.3  27.7  28.8  21.9 99.0 99.00
2016 08 27 07 50  72  4.4  5.2  1.35  9.09  7.58  80 1012.3  27.7  28.8  22.3 99.0 99.00
2016 08 27 08 50  75  4.4  5.6  1.15  9.09  7.02  81 1012.5  27.8  28.8  22.9 99.0 99.00
2016 08 27 09 50  80  4.3  5.3  1.25  9.09  7.12  77 1012.9  27.8  28.7  22.6 99.0 99.00
2016 08 27 10 50  93  3.9  5.1  1.18  9.09  6.48  63 1013.4  28.1  28.8  22.7 99.0 99.00
2016 08 27 11 50  88  4.0  4.9  1.33  9.09  7.22  70 1013.9  28.2  28.9  23.1 99.0 99.00
2016 08 27 12 50  89  4.1  5.1  1.21  9.09  7.00  82 1013.8  28.1  29.0  23.5 99.0 99.00
2016 08 27 13 50  92  4.5  5.6  1.16 10.00  6.74  62 1013.8  28.1  29.1  23.2 99.0 99.00
2016 08 27 14 50  77  4.4  5.2  1.12  8.33  6.59  76 1013.8  28.2  29.2  23.3 99.0 99.00
2016 08 27 15 50  71  3.8  4.9  1.20  9.09  6.69  73 1013.3  28.3  29.2  23.4 99.0 99.00
2016 08 27 16 50  81  4.0  5.0  1.29  9.09  6.92  77 1012.5  28.3  29.3  23.6 99.0 99.00
2016 08 27 17 50  89  5.0  6.0  1.19  9.09  6.83  75 1012.3  28.4  29.4  23.5 99.0 99.00
2016 08 27 18 50  87  4.4  5.6  1.18  9.09  6.68  73 1012.1  28.5  29.3  23.3 99.0 99.00
2016 08 27 19 50  83  5.5  6.5  1.29  9.09  6.76  66 1012.0  28.4  29.3  24.1 99.0 99.00
2016 08 27 20 50  81  6.1  7.5  1.24  8.33  6.23  73 1012.2  28.4  29.2  23.4 99.0 99.00
2016 08 27 21 50  81  6.3  7.6  1.22  9.09  5.83  70 1012.5  28.2  29.1  23.2 99.0 99.00
2016 08 27 22 50 101  5.9  6.9  1.11  8.33  5.40  77 1013.3  28.2  29.1  23.2 99.0 99.00
2016 08 27 23 50  99  5.4  6.5  1.21  7.69  5.40  77 1013.9  28.3  29.0  23.3 99.0 99.00
2016 08 28 00 50  91  4.7  5.7  1.29  8.33  5.71  58 1014.7  28.4  29.0  24.0 99.0 99.00
2016 08 28 01 50  93  6.3  7.1  1.25  8.33  5.54  71 1014.7  28.4  29.0  24.0 99.0 99.00
2016 08 28 02 50  91  5.5  8.0  1.18  7.69  5.39  75 1014.4  28.4  29.0  24.2 99.0 99.00
2016 08 28 03 50  96  5.3  6.4  1.15  8.33  5.37  82 1014.0  28.3  28.9  24.2 99.0 99.00
2016 08 28 04 50 101  4.6  5.5  1.07  7.69  5.12  80 1013.4  28.3  28.9  24.1 99.0 99.00
2016 08 28 05 50  98  5.1  6.1  1.20  9.09  5.57  44 1012.8  28.2  28.9  24.4 99.0 99.00
2016 08 28 06 50  99  6.0  7.0  1.09  7.69  5.39  91 1012.7  28.1  28.9  23.9 99.0 99.00
2016 08 28 07 50  98  5.5  6.8  1.09  7.69  5.46  80 1012.9  28.2  28.8  24.1 99.0 99.00
2016 08 28 08 50  99  4.3  6.4  1.11  9.09  5.27  73 1013.4  28.0  28.8  24.5 99.0 99.00
2016 08 28 09 50  76  5.5  6.7  1.13  7.69  5.48 101 1013.6  28.2  28.8  24.3 99.0 99.00
2016 08 28 10 50  73  6.3  7.4  1.13  7.69  5.25  81 1014.1  28.4  28.8  24.7 99.0 99.00
2016 08 28 11 50  84  7.3  8.7  1.14  8.33  5.33  77 1014.6  28.6  28.8  24.6 99.0 99.00
2016 08 28 12 50  85  6.5  7.4  1.25  7.69  5.42  89 1015.0  28.6  28.9  24.6 99.0 99.00
2016 08 28 13 50  87  6.8  8.1  1.15  8.33  4.99  78 1015.1  28.7  28.9  24.7 99.0 99.00
2016 08 28 15 50  73  7.1  8.1  1.19  9.09  4.97 107 1014.5  28.6  29.0  24.3 99.0 99.00
2016 08 28 16 50  69  5.8  6.9  1.18  8.33  4.99  91 1014.0  28.7  29.1  24.3 99.0 99.00
2016 08 28 17 50  73  6.3  7.3  1.15  7.69  4.93 103 1013.2  28.7  29.1  24.3 99.0 99.00
2016 08 28 18 50  67  6.2  7.4  1.24  8.33  5.18 106 1013.0  28.7  29.1  24.5 99.0 99.00
2016 08 28 19 50  71  7.3  8.8  1.20  8.33  4.99 107 1012.7  28.8  29.1  24.6 99.0 99.00
2016 08 28 20 50  65  7.1  8.5  1.24  7.69  4.83  82 1013.1  28.6  29.0  24.9 99.0 99.00
2016 08 28 21 50  61  7.0  8.5  1.27  8.33  5.03 122 1013.7  28.6  28.9  24.6 99.0 99.00
2016 08 28 22 50  60  7.1  8.3  1.24  7.69  4.84  93 1013.9  28.7  28.9  24.7 99.0 99.00
2016 08 28 23 50  68  7.9  9.7  1.39  5.26  5.13  91 1014.7  28.4  28.9  24.9 99.0 99.00
2016 08 29 00 50  65  9.0 10.4  1.39  9.09  4.91  91 1015.0  28.6  28.9  24.2 99.0 99.00
2016 08 29 01 50  68  7.5  8.5  1.44  7.14  4.94  93 1015.4  28.6  28.9  24.0 99.0 99.00
2016 08 29 02 50  73  7.3  8.8  1.43  7.69  5.04  84 1014.9  28.5  28.8  24.5 99.0 99.00
2016 08 29 03 50  70  7.5  8.9  1.54  7.14  5.16 101 1015.0  28.3  28.8  24.0 99.0 99.00
2016 08 29 04 50  66  7.3  8.5  1.48  8.33  5.06  87 1014.5  28.3  28.8  24.2 99.0 99.00
2016 08 29 05 50  69  7.8  9.4  1.41  7.14  5.10  85 1014.1  28.3  28.8  23.9 99.0 99.00
2016 08 29 06 50  74  8.4  9.7  1.48  7.14  5.04  78 1013.7  28.2  28.8  23.8 99.0 99.00
2016 08 29 07 50  68  8.1  9.3  1.49  7.14  5.00  89 1013.7  28.2  28.8  23.6 99.0 99.00
2016 08 29 08 50  74  7.5  8.8  1.55  6.25  5.21  90 1014.0  28.2  28.8  23.5 99.0 99.00
2016 08 29 09 50  75  7.6  9.0  1.61  6.67  5.23  92 1014.3  28.1  28.8  23.3 99.0 99.00
2016 08 29 10 50  75  6.2  7.4  1.49  7.14  5.24  74 1014.7  28.3  28.8  23.7 99.0 99.00
2016 08 29 11 50  74  5.9  6.9  1.68  6.67  5.40  84 1015.0  28.4  28.8  23.5 99.0 99.00
2016 08 29 12 50  71  7.0  8.2  1.47  7.14  5.19  78 1015.3  28.4  28.8  23.4 99.0 99.00
2016 08 29 13 50  70  6.5  7.6  1.52  6.67  5.32  83 1015.5  28.4  28.9  23.7 99.0 99.00
2016 08 29 14 50  62  6.5  7.8  1.42  6.25  5.19  86 1015.4  28.4  29.0  23.9 99.0 99.00
2016 08 29 15 50  76  5.8  6.7  1.45  7.69  5.19 106 1015.0  28.6  29.0  23.7 99.0 99.00
2016 08 29 16 50  45  8.1  9.6  1.48  6.67  5.43  97 1014.4  27.7  29.0  24.8 99.0 99.00
2016 08 29 17 50  59  6.3  7.3  1.50  6.25  5.28  87 1013.8  28.1  29.0  23.0 99.0 99.00
2016 08 29 18 50  60  5.9  7.2  1.43  6.67  5.19  83 1013.5  28.2  29.0  24.0 99.0 99.00
2016 08 29 19 50  53  6.2  7.1  1.44  6.25  5.33  81 1013.6  28.1  29.0  24.6 99.0 99.00
2016 08 29 20 50  67  5.9  6.8  1.50  7.14  5.42 101 1013.7  28.3  29.0  24.1 99.0 99.00
2016 08 29 21 50  77  6.5  7.7  1.54  7.14  5.18  97 1014.0  27.7  28.9  23.8 99.0 99.00
2016 08 29 22 50  55  7.8 10.4  1.43  7.14  5.13 109 1014.5  28.0  28.9  23.6 99.0 99.00
2016 08 29 23 50  64  7.9  9.6  1.49  7.69  5.21  86 1015.1  28.6  28.9  23.8 99.0 99.00
2016 08 30 00 50  67  8.5  9.9  1.57  7.14  5.16  86 1015.9  28.5  28.8  23.5 99.0 99.00
2016 08 30 01 50  63  8.2 10.1  1.58  7.14  5.12  89 1015.9  28.3  28.8  23.1 99.0 99.00
2016 08 30 02 50  60  7.1  8.5  1.54  7.14  5.24 101 1015.8  28.2  28.8  23.3 99.0 99.00
2016 08 30 03 50  69  7.6  9.0  1.70  7.69  5.32  91 1015.1  28.1  28.8  22.7 99.0 99.00
2016 08 30 04 50  68  7.3  8.7  1.66  7.69  5.42  88 1014.3  28.0  28.8  22.6 99.0 99.00
2016 08 30 05 50  70  7.2  9.3  1.59  6.67  5.29  79 1013.4  27.9  28.8  23.0 99.0 99.00
2016 08 30 06 50  69  7.7  9.2  1.62  7.69  5.30  85 1012.8  27.9  28.8  23.0 99.0 99.00
2016 08 30 07 50  69  8.0  9.9  1.69  7.69  5.37  77 1012.6  27.9  28.8  22.5 99.0 99.00
2016 08 30 08 50  60  7.7  9.0  1.67  7.69  5.17  88 1012.8  27.8  28.8  22.1 99.0 99.00
2016 08 30 09 50  61  7.8  9.3  1.48  8.33  5.02  85 1013.2  27.9  28.8  22.7 99.0 99.00
2016 08 30 10 50  62  7.2  8.5  1.69  7.69  5.23  96 1013.7  28.1  28.8  22.1 99.0 99.00
2016 08 30 11 50  63  8.0  9.2  1.55  7.69  5.02  88 1014.4  28.2  28.8  22.4 99.0 99.00
2016 08 30 12 50  66  6.8  8.0  1.53  7.14  5.06  81 1015.1  28.4  28.8  22.1 99.0 99.00
2016 08 30 13 50  66  6.9  8.1  1.60  7.69  5.23  98 1015.5  28.3  28.9  21.7 99.0 99.00
2016 08 30 14 50  78  6.7  7.8  1.41  8.33  5.33 102 1015.2  28.3  28.9  22.5 99.0 99.00
2016 08 30 15 50  73  6.1  7.4  1.48  7.69  5.33  97 1014.9  28.3  28.9  22.9 99.0 99.00
2016 08 30 16 50  79  6.5  7.7  1.39  7.14  5.31  77 1014.0  28.4  29.0  22.5 99.0 99.00
2016 08 30 17 50  75  6.2  7.3  1.52  8.33  5.36  99 1013.3  28.0  29.0  22.6 99.0 99.00
2016 08 30 18 50  69  5.9  7.1  1.33  7.14  5.37  90 1012.9  28.2  29.0  22.7 99.0 99.00
2016 08 30 19 50  64  5.9  7.1  1.39  6.25  5.29  81 1012.7  28.2  29.0  23.1 99.0 99.00
2016 08 30 20 50  65  7.2  8.3  1.43  5.88  5.26  90 1012.6  28.2  29.0  22.5 99.0 99.00
2016 08 30 21 50  64  6.9  8.4  1.39  5.88  5.23  73 1013.1  28.2  28.9  22.7 99.0 99.00
2016 08 30 22 50  64  7.4  9.0  1.43  6.67  5.14  84 1013.8  28.2  28.9  22.4 99.0 99.00
2016 08 30 23 50  72  7.0  8.5  1.39  5.88  4.99  79 1014.6  28.2  28.9  22.5 99.0 99.00
2016 08 31 00 50  62  5.1  6.4  1.53  6.67  5.19  72 1015.4  27.9  28.8  21.5 99.0 99.00
2016 08 31 01 50 110  7.7  9.7  1.45  6.25  5.13  77 1015.5  27.8  28.8  23.4 99.0 99.00
2016 08 31 02 50  88  8.4 10.0  1.47  6.25  4.94  66 1015.1  28.1  28.8  22.4 99.0 99.00
2016 08 31 03 50  75  7.3  8.6  1.52  6.25  5.20  78 1014.6  27.6  28.8  22.2 99.0 99.00
2016 08 31 04 50  88  6.7  8.1  1.53  6.67  5.29  74 1013.8  27.8  28.8  23.4 99.0 99.00
2016 08 31 05 50  90  6.9  8.3  1.48  6.67  5.41  67 1013.3  27.9  28.8  23.2 99.0 99.00
2016 08 31 06 50  89  7.5  8.6  1.43  5.88  5.24  73 1012.8  27.8  28.8  23.0 99.0 99.00
2016 08 31 07 50  86  7.3  8.7  1.46  6.25  5.33  73 1012.9  27.8  28.7  23.0 99.0 99.00
2016 08 31 08 50  91  6.7  7.9  1.51  6.25  5.32  76 1013.3  27.8  28.7  23.0 99.0 99.00
2016 08 31 09 50 104  5.4  6.5  1.47  6.25  5.17  71 1013.5  27.8  28.7  22.9 99.0 99.00
2016 08 31 10 50  81  6.6  7.9  1.64  6.25  5.48  69 1014.0  28.1  28.7  22.9 99.0 99.00
2016 08 31 11 50  82  6.8  8.0  1.39  6.25  5.25  75 1014.4  28.1  28.8  23.2 99.0 99.00
2016 08 31 12 50  84  6.3  7.8  1.50  9.09  5.29  87 1014.8  28.2  28.8  23.1 99.0 99.00
2016 08 31 13 50  80  6.4  8.4  1.44  6.25  5.25  60 1014.9  28.2  28.8  23.3 99.0 99.00
2016 08 31 15 50  86  7.0  8.2  1.53  7.14  5.44  80 1014.2  28.4  28.9  22.3 99.0 99.00
2016 08 31 16 50  87  6.7  8.3  1.59  9.09  5.32 100 1013.5  28.1  28.9  23.4 99.0 99.00
2016 08 31 17 50  87  7.7  8.9  1.53  9.09  5.48 119 1013.0  28.3  28.9  22.6 99.0 99.00
2016 08 31 18 50  88  6.8  8.0  1.66  7.69  5.41  79 1012.9  28.3  28.9  23.4 99.0 99.00
2016 08 31 19 50  83  7.2  8.4  1.61  9.09  5.67 114 1012.8  28.4  28.9  23.0 99.0 99.00
2016 08 31 20 50  81  6.6  7.7  1.52  7.69  5.33  88 1012.9  28.4  28.9  23.6 99.0 99.00
2016 08 31 21 50  85  7.5  8.8  1.51  8.33  5.35  97 1013.4  28.3  28.9  23.5 99.0 99.00
2016 08 31 22 50  84  8.0  9.1  1.60  7.69  5.54  99 1014.0  28.4  28.8  23.7 99.0 99.00
