#YY  MM DD hh mm WDIR WSPD GST  WVHT   DPD   APD MWD   PRES  ATMP  WTMP  DEWP  VIS  TIDE
#yr  mo dy hr mn degT m/s  m/s     m   sec   sec deg    hPa  degC  degC  degC  nmi    ft
2016 07 31 23 50  63  8.2  9.1  1.96  8.33  6.00  66 1010.3  28.3  28.3  25.6 99.0 99.00
2016 08 01 00 50  59  8.2  9.7  1.81  8.33  5.52  62 1011.3  28.3  28.2  25.8 99.0 99.00
2016 08 01 01 50  59  8.9 11.2  1.71  8.33  5.61  68 1011.9  28.2  28.0  25.9 99.0 99.00
2016 08 01 02 50  58  7.3  8.6  1.67  7.69  5.54  63 1012.6  28.2  27.9  25.8 99.0 99.00
2016 08 01 03 50  58  6.6  7.5  1.71  8.33  5.68  75 1012.5  28.1  27.9  25.9 99.0 99.00
2016 08 01 04 50  59  5.0  6.2  1.66  8.33  5.65  72 1012.0  28.0  28.0  26.1 99.0 99.00
2016 08 01 05 50  56  6.7  7.6  1.63  8.33  6.01  67 1011.1  27.7  28.0  25.7 99.0 99.00
2016 08 01 06 50  52  7.1  8.5  1.70  8.33  5.92  69 1010.4  27.6  27.9  25.8 99.0 99.00
2016 08 01 07 50  56  6.8  7.9  1.70  7.69  5.86  57 1010.2  27.8  28.0  25.7 99.0 99.00
2016 08 01 08 50  44  7.5 10.3  1.79  8.33  6.10  62 1009.9  27.8  28.0  25.9 99.0 99.00
2016 08 01 09 50  53  7.0  8.5  1.95  8.33  6.11  59 1009.8  27.9  28.0  26.1 99.0 99.00
2016 08 01 10 50  65  8.2  9.5  1.68  8.33  5.94  56 1009.5  28.0  28.1  25.8 99.0 99.00
2016 08 01 11 50  66  9.0 10.5  1.79  8.33  6.02  52 1010.0  28.3  28.1  25.6 99.0 99.00
2016 08 01 12 50  57  7.9  9.1  1.61  8.33  5.43  64 1010.6  28.4  28.3  26.1 99.0 99.00
2016 08 01 13 50  55  8.1  9.8  1.53  7.69  5.29  67 1010.6  28.4  28.3  26.2 99.0 99.00
2016 08 01 14 50  59  7.5  9.2  1.70  8.33  5.44  68 1011.1  28.2  28.4  26.0 99.0 99.00
2016 08 01 15 50  63  7.3  8.8  1.68  8.33  5.42  58 1011.1  28.3  28.4  25.9 99.0 99.00
2016 08 01 16 50  58  6.0  7.1  1.53  7.69  5.53  73 1011.0  28.4  28.5  26.0 99.0 99.00
2016 08 01 17 50  60  6.0  6.8  1.51  8.33  5.49  61 1010.5  27.9  28.5  25.0 99.0 99.00
2016 08 01 18 50  71  6.4  7.3  1.64  7.69  5.69  67 1010.0  28.1  28.7  25.9 99.0 99.00
2016 08 01 19 50 107  5.2  6.3  1.61  7.14  5.50  55 1009.8  27.3  28.6  25.3 99.0 99.00
2016 08 01 20 50 100  4.9  5.9  1.55  8.33  5.53  69 1009.6  27.7  28.6  25.6 99.0 99.00
2016 08 01 21 50 102  3.5  4.4  1.77  7.14  5.95  45 1009.5  27.8  28.5  25.9 99.0 99.00
2016 08 01 22 50 105  5.1  5.9  1.66  7.69  5.95  50 1009.1  27.9  28.5  25.8 99.0 99.00
2016 08 01 23 50  97  6.8  8.0  1.90  8.33  6.25  51 1009.3  28.0  28.4  26.3 99.0 99.00
2016 08 02 00 50 100  7.7  9.3  1.87  8.33  6.31  52 1009.8  28.3  28.3  26.6 99.0 99.00
2016 08 02 01 50 100  8.8 10.7  2.09  8.33  6.41  51 1011.0  28.7  28.3  26.5 99.0 99.00
2016 08 02 02 50  99  8.9 10.4  2.33 10.81  6.70  44 1011.7  28.7  28.2  26.3 99.0 99.00
2016 08 02 03 50  98  8.5 10.3  2.49 10.00  6.75  48 1012.0  28.6  28.1  26.5 99.0 99.00
2016 08 02 04 50  97  9.1 11.2  2.41 10.00  6.39  57 1011.4  28.6  28.0  26.2 99.0 99.00
2016 08 02 05 50  89  9.4 12.1  2.60 10.00  6.50  46 1011.1  28.5  28.0  26.2 99.0 99.00
2016 08 02 06 50  92 10.4 13.4  2.73 10.00  6.65  60 1010.3  28.5  27.9  25.9 99.0 99.00
2016 08 02 07 50  96 11.7 14.7  2.91 10.00  6.54  65 1009.8  28.5  27.8  25.8 99.0 99.00
2016 08 02 08 50 102 12.0 15.2  3.31 10.00  6.66  68 1009.7  28.6  27.8  25.7 99.0 99.00
2016 08 02 09 50 101 11.5 14.8  3.13 10.00  6.44  79 1010.4  28.6  27.9  25.6 99.0 99.00
2016 08 02 10 50 101 12.0 14.8  3.30 10.00  6.66  64 1010.8  28.6  28.0  25.7 99.0 99.00
2016 08 02 11 50 100 12.9 15.5  3.44  9.09  6.75  71 1010.8  28.7  28.0  25.7 99.0 99.00
2016 08 02 12 50 102 12.0 15.3  3.02  7.69  6.22  79 1011.1  28.8  28.0  25.7 99.0 99.00
2016 08 02 13 50 103 11.7 13.9  3.24 10.00  6.47  81 1012.0  28.9  28.0  25.8 99.0 99.00
2016 08 02 14 50 103 11.2 13.5  3.11  9.09  6.43  80 1012.3  28.9  28.0  26.0 99.0 99.00
2016 08 02 15 50 101 11.6 14.5  3.19  8.33  6.56  85 1012.3  28.9  28.1  25.7 99.0 99.00
2016 08 02 16 50  98 10.9 13.2  3.05  9.09  6.41  82 1012.0  28.8  28.1  26.0 99.0 99.00
2016 08 02 17 50  99 11.2 13.4  3.04  9.09  6.38  89 1011.8  29.0  28.2  25.8 99.0 99.00
2016 08 02 18 50  95 11.0 12.7  2.77  8.33  6.26  76 1011.4  28.9  28.3  25.8 99.0 99.00
2016 08 02 19 50  91 10.4 12.7  3.23  9.09  6.65  75 1011.1  28.9  28.3  26.0 99.0 99.00
2016 08 02 20 50  87 10.7 13.0  3.04  9.09  6.25  81 1010.3  28.9  28.3  26.0 99.0 99.00
2016 08 02 21 50  84 11.0 13.3  2.82  8.33  6.11  91 1010.5  28.9  28.3  26.0 99.0 99.00
2016 08 02 22 50  86 11.9 13.7  3.01  8.33  6.35  88 1010.3  28.8  28.3  25.9 99.0 99.00
2016 08 02 23 50  84 11.7 14.3  3.16  9.09  6.60  84 1010.8  28.7  28.3  26.0 99.0 99.00
2016 08 03 00 50  81 12.1 15.2  3.03  8.33  6.38  88 1011.0  28.7  28.3  25.8 99.0 99.00
2016 08 03 01 50  86 12.1 15.2  3.17  9.09  6.41  79 1011.7  28.7  28.2  25.4 99.0 99.00
2016 08 03 02 50  88 10.8 13.5  3.19  8.33  6.55  90 1012.5  28.6  28.2  25.5 99.0 99.00
2016 08 03 03 50  86 12.0 15.3  3.31  9.09  6.58  85 1012.2  28.6  28.2  25.0 99.0 99.00
2016 08 03 04 50  86 12.0 14.1  3.02  9.09  6.39  86 1012.1  28.5  28.2  25.0 99.0 99.00
2016 08 03 05 50  92 10.4 12.9  3.12  8.33  6.35  94 1011.8  28.5  28.2  25.1 99.0 99.00
2016 08 03 06 50  89 10.9 13.7  2.99  9.09  6.40  76 1011.2  28.4  28.2  24.9 99.0 99.00
2016 08 03 07 50  93 11.1 12.7  3.02  8.33  6.23  96 1010.8  28.4  28.2  25.1 99.0 99.00
2016 08 03 08 50  94 12.3 15.2  3.06  9.09  6.40  80 1010.6  28.4  28.2  24.4 99.0 99.00
2016 08 03 09 50  93 10.3 12.8  2.97  9.09  6.30  83 1011.4  28.4  28.2  24.8 99.0 99.00
2016 08 03 10 50  93 10.4 12.1  3.09  9.09  6.63  83 1011.7  28.4  28.2  25.2 99.0 99.00
2016 08 03 11 50  94 11.1 13.2  2.65  9.09  5.99  77 1012.4  28.5  28.1  24.6 99.0 99.00
2016 08 03 12 50  93 11.2 14.1  2.90  8.33  6.19  70 1012.2  28.6  28.1  24.7 99.0 99.00
2016 08 03 13 50  88 10.8 12.8  2.96  9.09  6.14  88 1012.5  28.6  28.2  25.0 99.0 99.00
2016 08 03 14 50  90 10.0 12.3  2.74  8.33  6.04  83 1013.0  28.7  28.2  25.1 99.0 99.00
2016 08 03 15 50  92 10.5 13.5  2.93  9.09  6.33  77 1012.8  28.7  28.2  25.3 99.0 99.00
2016 08 03 16 50  90  9.7 11.8  2.70  8.33  6.08  80 1012.7  28.6  28.2  25.4 99.0 99.00
2016 08 03 17 50  89 10.1 11.9  2.77  8.33  6.15  86 1012.7  28.7  28.2  25.1 99.0 99.00
2016 08 03 18 50  87 10.4 12.0  2.64  8.33  6.09  83 1012.0  28.7  28.2  25.3 99.0 99.00
2016 08 03 19 50  89  9.4 11.1  2.51  8.33  5.92  86 1011.3  28.7  28.3  25.8 99.0 99.00
2016 08 03 20 50  87  9.5 11.2  2.65  7.69  6.15  81 1011.1  28.8  28.3  25.4 99.0 99.00
2016 08 03 21 50  88  9.7 11.5  2.45  8.33  5.98  82 1010.7  28.8  28.3  25.2 99.0 99.00
2016 08 03 22 50  88 10.1 12.4  2.32  8.33  5.97  94 1011.0  28.7  28.3  25.2 99.0 99.00
2016 08 03 23 50  85  9.2 10.5  2.34  8.33  5.93  86 1011.9  28.6  28.3  25.5 99.0 99.00
2016 08 04 00 50  91  9.4 11.6  2.53  8.33  6.05  90 1013.1  28.6  28.2  25.3 99.0 99.00
2016 08 04 01 50  86  8.3 10.5  2.27  8.33  5.78  87 1013.8  28.6  28.2  25.7 99.0 99.00
2016 08 04 02 50  83  8.4 10.5  2.20  7.69  5.85  89 1014.0  28.5  28.2  25.8 99.0 99.00
2016 08 04 03 50  83  8.3  9.8  2.35  8.33  6.08  85 1013.7  28.5  28.2  26.1 99.0 99.00
2016 08 04 04 50  90  9.0 10.9  2.20  8.33  5.85  83 1013.1  28.5  28.2  25.6 99.0 99.00
2016 08 04 05 50  86  8.2  9.8  2.33  8.33  6.06  85 1012.9  28.4  28.2  26.1 99.0 99.00
2016 08 04 06 50  85  9.2 11.4  2.15  8.33  5.81  81 1012.2  28.4  28.2  25.6 99.0 99.00
2016 08 04 07 50  78  9.3 10.4  2.23  8.33  5.94  88 1011.8  28.4  28.2  25.8 99.0 99.00
2016 08 04 08 50  79  9.3 11.0  2.18  7.69  5.79  87 1011.7  28.4  28.2  25.7 99.0 99.00
2016 08 04 09 50  83  9.8 11.4  1.95  7.69  5.45  85 1011.6  28.4  28.2  25.6 99.0 99.00
2016 08 04 10 50  82  8.5 10.3  2.07  7.69  5.75  90 1012.2  28.4  28.2  25.6 99.0 99.00
2016 08 04 11 50  86  9.1 10.9  1.94  7.69  5.56  89 1012.7  28.6  28.2  25.6 99.0 99.00
2016 08 04 12 50  92  9.2 10.8  2.10  8.33  5.69  92 1013.0  28.5  28.2  25.5 99.0 99.00
2016 08 04 13 50  77  8.4 10.9  1.98  7.14  5.58  89 1013.8  28.1  28.2  25.2 99.0 99.00
2016 08 04 14 50  90  8.0  9.9  2.13  7.69  5.78  91 1013.9  28.1  28.2  26.0 99.0 99.00
2016 08 04 15 50 102  6.7  8.5  2.10  7.69  5.82  91 1014.5  27.9  28.3  25.6 99.0 99.00
2016 08 04 16 50  96  7.2  8.8  2.11  7.14  5.86 100 1014.0  28.5  28.2  25.9 99.0 99.00
2016 08 04 17 50  93  7.9  9.9  2.09  7.69  5.88  87 1013.3  28.5  28.2  26.1 99.0 99.00
2016 08 04 18 50  85  7.1  8.2  2.12  7.69  5.69  97 1012.9  28.4  28.2  26.2 99.0 99.00
2016 08 04 19 50  84  6.9  8.4  2.09  7.69  5.91  90 1012.3  28.5  28.3  26.3 99.0 99.00
2016 08 04 20 50  78  8.1  9.9  2.03  7.69  5.80  89 1012.2  28.4  28.2  26.2 99.0 99.00
2016 08 04 21 50  89  8.8 10.7  2.08  7.14  5.68  91 1011.9  28.3  28.2  25.6 99.0 99.00
2016 08 04 22 50  83  8.7 10.4  2.02  7.69  5.55  86 1012.1  28.4  28.2  26.1 99.0 99.00
2016 08 04 23 50  79  9.6 11.2  2.02  7.69  5.53  87 1012.7  28.2  28.2  26.0 99.0 99.00
2016 08 05 00 50  81  8.6 10.2  2.35  7.69  5.99  88 1013.4  28.4  28.2  26.1 99.0 99.00
2016 08 05 01 50  89 10.0 11.8  2.14  7.69  5.68  75 1013.6  28.4  28.2  25.8 99.0 99.00
2016 08 05 02 50  90  9.7 11.6  2.31  7.14  5.74  91 1013.9  28.5  28.2  25.8 99.0 99.00
2016 08 05 03 50  85  8.8 10.5  1.93  8.33  5.55  93 1014.0  28.4  28.2  26.1 99.0 99.00
2016 08 05 04 50  87  9.9 12.0  2.19  7.69  5.69  72 1013.4  28.5  28.2  26.3 99.0 99.00
2016 08 05 05 50  92  9.8 11.4  2.32  7.69  5.72  74 1012.6  28.5  28.2  26.3 99.0 99.00
2016 08 05 06 50  90 10.0 11.9  2.12  6.67  5.35  84 1012.2  28.4  28.2  26.2 99.0 99.00
2016 08 05 07 50  87  9.2 11.1  2.02  7.69  5.36  82 1011.9  28.4  28.2  26.1 99.0 99.00
2016 08 05 08 50  84  9.3 11.4  2.23  7.69  5.69  83 1011.8  28.4  28.2  26.1 99.0 99.00
2016 08 05 09 50  89  9.2 10.7  2.20  7.69  5.74  87 1011.9  28.4  28.2  26.0 99.0 99.00
2016 08 05 10 50  90  9.2 11.1  1.99  8.33  5.41  92 1012.5  28.4  28.2  25.8 99.0 99.00
2016 08 05 11 50 107  7.3  9.0  2.26  8.33  5.86  92 1012.9  28.2  28.2  26.0 99.0 99.00
2016 08 05 12 50  86  5.1  6.7  2.30  7.69  5.84  92 1013.6  27.5  28.2  25.8 99.0 99.00
2016 08 05 13 50  94  7.6 10.1  2.19  7.69  5.77  86 1013.9  28.0  28.2  26.3 99.0 99.00
2016 08 05 14 50  89  7.7  9.0  2.15  7.14  5.69  85 1014.3  28.7  28.2  25.6 99.0 99.00
2016 08 05 15 50  80  7.4  8.7  2.00  8.33  5.68  89 1014.5  28.6  28.3  25.9 99.0 99.00
2016 08 05 16 50  77  8.2  9.7  2.19  7.69  5.76  84 1013.9  28.6  28.3  26.0 99.0 99.00
2016 08 05 17 50  80  8.6 10.6  2.21  8.33  5.88  82 1013.4  28.6  28.3  25.8 99.0 99.00
2016 08 05 18 50  73  7.6  9.4  2.05  7.69  5.66  85 1012.7  28.6  28.3  25.8 99.0 99.00
2016 08 05 19 50  74  8.3 10.1  1.96  7.69  5.61  77 1012.1  28.7  28.4  25.5 99.0 99.00
2016 08 05 20 50  72  9.0 10.1  1.92  8.33  5.60  81 1011.6  28.7  28.4  25.3 99.0 99.00
2016 08 05 21 50  68  8.1  9.3  1.82  7.69  5.51  84 1011.6  28.7  28.4  25.9 99.0 99.00
2016 08 05 22 50  70  7.4  8.7  1.80  8.33  5.33  78 1011.6  28.6  28.3  26.0 99.0 99.00
2016 08 05 23 50  68  8.3  9.8  1.76  7.69  5.46  87 1011.7  28.5  28.3  26.1 99.0 99.00
2016 08 06 00 50  65  8.0  9.2  1.74  7.69  5.42  81 1012.4  28.4  28.3  26.0 99.0 99.00
2016 08 06 01 50  66  8.9 10.6  1.73  7.14  5.38  87 1012.7  28.4  28.3  26.1 99.0 99.00
2016 08 06 02 50  70  9.8 11.4  1.69  7.69  5.17  79 1013.2  28.5  28.3  26.1 99.0 99.00
2016 08 06 03 50  74  9.9 11.6  1.90  7.14  5.35  82 1013.1  28.5  28.3  26.3 99.0 99.00
2016 08 06 04 50  71  9.2 11.4  1.74  7.69  5.14  82 1012.9  28.4  28.3  26.3 99.0 99.00
2016 08 06 05 50  73  8.7  9.9  1.88  7.69  5.44  64 1012.5  28.4  28.3  26.2 99.0 99.00
2016 08 06 06 50  69  7.4  9.6  1.77  6.67  5.39  81 1012.1  28.4  28.3  26.5 99.0 99.00
2016 08 06 07 50  74  8.0  9.5  1.83  7.14  5.29  82 1011.8  28.4  28.3  26.2 99.0 99.00
2016 08 06 08 50  79  9.2 10.7  1.90  6.25  5.31  82 1011.5  28.3  28.3  26.0 99.0 99.00
2016 08 06 09 50  85  8.7 10.9  1.95  7.69  5.37  77 1011.4  28.4  28.3  26.3 99.0 99.00
2016 08 06 10 50  90  8.2 10.0  1.91  7.14  5.35  77 1011.7  28.4  28.3  26.5 99.0 99.00
2016 08 06 11 50  92  8.5  9.8  1.87  7.14  5.41  74 1012.1  28.6  28.3  26.6 99.0 99.00
2016 08 06 12 50  90  7.8  9.3  1.88  7.69  5.49  75 1012.8  28.8  28.3  26.6 99.0 99.00
2016 08 06 13 50  91  8.1  9.5  2.12  7.69  5.75  65 1013.2  28.8  28.3  26.5 99.0 99.00
2016 08 06 14 50  89  7.5  9.6  2.03  8.33  5.66  63 1013.5  28.8  28.4  26.7 99.0 99.00
2016 08 06 15 50  91  8.5  9.8  1.98  7.69  5.78  69 1013.1  28.9  28.5  26.5 99.0 99.00
2016 08 06 16 50  95  7.2  8.9  2.27  7.69  6.10  69 1012.8  28.7  28.5  26.8 99.0 99.00
2016 08 06 17 50  90  9.2 11.2  2.26  7.69  6.04  72 1012.0  28.8  28.5  26.2 99.0 99.00
2016 08 06 18 50  81  7.9  9.7  2.06  7.69  5.75  68 1011.5  28.8  28.6  26.6 99.0 99.00
2016 08 06 19 50  75  8.1  9.8  2.14  7.69  5.82  77 1011.1  28.9  28.6  26.2 99.0 99.00
2016 08 06 20 50  77  8.0  9.7  2.33  8.33  6.00  64 1010.7  28.9  28.7  26.1 99.0 99.00
2016 08 06 21 50  74  8.1  9.6  2.13  8.33  6.01  73 1010.5  29.0  28.6  25.7 99.0 99.00
2016 08 06 22 50  75  8.3 10.0  2.03  8.33  5.86  69 1010.8  28.8  28.6  26.1 99.0 99.00
2016 08 06 23 50  70  7.9  9.5  2.14  8.33  5.96  75 1011.3  28.7  28.6  26.4 99.0 99.00
2016 08 07 00 50  71  8.1  9.9  2.01  7.69  5.69  83 1012.0  28.7  28.6  26.1 99.0 99.00
2016 08 07 01 50  70  8.1  9.5  2.35  8.33  6.21  63 1012.5  28.6  28.6  26.1 99.0 99.00
2016 08 07 02 50  67  8.1 10.1  2.11  8.33  5.98  62 1012.9  28.6  28.6  26.0 99.0 99.00
2016 08 07 03 50  62  8.1  9.8  1.97  7.69  5.69  64 1012.8  28.5  28.6  26.1 99.0 99.00
2016 08 07 04 50  73  7.9  9.6  2.17  7.69  6.03  66 1012.5  28.5  28.6  26.2 99.0 99.00
2016 08 07 05 50  70  7.5  9.1  1.97  7.69  5.84  67 1011.8  28.5  28.6  26.1 99.0 99.00
2016 08 07 06 50  59  7.8  9.1  1.91  7.69  5.74  78 1011.0  28.3  28.6  26.1 99.0 99.00
2016 08 07 07 50  54  8.6 10.1  1.83  7.69  5.73  65 1010.7  28.3  28.6  26.1 99.0 99.00
2016 08 07 08 50  54  8.8 10.9  1.86  7.69  5.68  84 1011.0  28.4  28.6  26.3 99.0 99.00
2016 08 07 09 50  60  9.4 10.8  1.76  7.69  5.51  79 1011.5  28.5  28.6  26.3 99.0 99.00
2016 08 07 10 50  67  8.9 10.5  1.81  7.69  5.35  78 1011.8  28.5  28.5  26.3 99.0 99.00
2016 08 07 11 50  71  9.3 11.6  1.76  7.14  5.37  72 1012.2  28.6  28.5  26.2 99.0 99.00
2016 08 07 12 50  76  8.4 10.1  1.88  7.14  5.46  73 1012.6  28.8  28.6  26.5 99.0 99.00
2016 08 07 13 50  75  7.9  9.6  1.73  6.67  5.31  72 1012.9  28.9  28.6  26.4 99.0 99.00
2016 08 07 14 50  82  8.1  9.6  1.73  7.14  5.33  75 1013.1  28.8  28.6  26.2 99.0 99.00
2016 08 07 15 50  77  8.1  9.2  1.84  7.69  5.46  64 1012.8  28.8  28.7  26.6 99.0 99.00
2016 08 07 16 50  90  8.1 10.3  1.81  7.69  5.42  71 1012.6  28.8  28.7  26.6 99.0 99.00
2016 08 07 17 50  90  7.8  9.3  1.72  6.25  5.33  82 1012.0  28.8  28.8  26.9 99.0 99.00
2016 08 07 18 50  80  6.8  8.2  1.76  7.69  5.30  77 1011.8  28.9  28.8  26.6 99.0 99.00
2016 08 07 19 50  69  7.5  8.9  1.78  7.14  5.49  89 1011.1  28.9  28.8  26.6 99.0 99.00
2016 08 07 20 50  66  7.6  9.0  1.68  7.14  5.28  82 1010.6  28.9  28.8  26.6 99.0 99.00
2016 08 07 21 50  63  7.3  8.6  1.77  7.14  5.40  86 1010.5  29.0  28.7  26.9 99.0 99.00
2016 08 07 22 50  70  7.5  9.2  1.85  6.67  5.66  86 1010.9  28.9  28.8  26.9 99.0 99.00
2016 08 07 23 50  81  7.7  9.4  1.60  6.67  5.28  90 1011.6  28.8  28.7  26.9 99.0 99.00
2016 08 08 00 50  74  7.7  8.9  1.65  6.25  5.32  88 1012.2  28.8  28.7  26.7 99.0 99.00
2016 08 08 01 50  74  7.4  8.6  1.57  6.67  5.24  88 1012.7  28.8  28.7  26.8 99.0 99.00
2016 08 08 02 50  77  8.0  9.8  1.62  6.67  5.19  85 1013.0  28.8  28.7  26.7 99.0 99.00
2016 08 08 03 50  80  9.4 10.9  1.65  7.14  5.32  91 1012.9  28.7  28.6  26.5 99.0 99.00
2016 08 08 04 50  80  8.7 11.2  1.66  7.14  5.24  92 1012.4  28.7  28.6  26.7 99.0 99.00
2016 08 08 05 50  82  9.4 11.7  1.82  7.14  5.26  93 1011.7  28.6  28.6  26.8 99.0 99.00
2016 08 08 06 50  86 10.8 13.9  2.03  6.67  5.42  80 1011.4  28.6  28.6  26.2 99.0 99.00
2016 08 08 07 50  89 10.0 12.7  2.13  7.14  5.52  80 1011.2  28.6  28.6  26.4 99.0 99.00
2016 08 08 08 50  89 11.0 13.1  2.07  7.69  5.37  95 1011.0  28.6  28.6  26.3 99.0 99.00
2016 08 08 09 50  95 10.2 12.6  2.35  7.69  5.62  93 1011.5  28.6  28.6  26.2 99.0 99.00
2016 08 08 10 50  97 10.3 12.3  2.18  7.14  5.47  85 1011.8  28.7  28.6  26.2 99.0 99.00
2016 08 08 11 50  95 10.4 12.9  2.21  7.69  5.81  95 1011.8  28.8  28.6  26.5 99.0 99.00
2016 08 08 12 50  98 11.5 13.4  2.68  7.69  5.92  96 1012.1  28.9  28.6  26.4 99.0 99.00
2016 08 08 13 50  97 11.6 14.2  2.48  7.69  5.67  88 1012.4  28.9  28.6  26.3 99.0 99.00
2016 08 08 14 50  99 10.7 13.0  2.54  7.14  5.72  99 1012.6  28.9  28.6  26.6 99.0 99.00
2016 08 08 15 50  99 11.2 13.4  2.42  8.33  5.82  95 1012.6  28.9  28.6  26.5 99.0 99.00
2016 08 08 16 50  99 11.7 14.2  2.41  7.14  5.72  93 1012.4  29.0  28.7  26.0 99.0 99.00
2016 08 08 17 50  95  9.6 12.2  2.65  8.33  5.92  96 1012.5  28.9  28.7  26.3 99.0 99.00
2016 08 08 18 50  93  8.7 10.7  2.67  8.33  6.17  96 1012.0  29.0  28.7  26.3 99.0 99.00
2016 08 08 19 50  87  8.8 10.4  2.53  8.33  6.10 111 1011.5  28.9  28.7  26.6 99.0 99.00
2016 08 08 20 50  87  8.9 10.8  2.60  8.33  6.18 107 1011.3  28.9  28.7  26.4 99.0 99.00
2016 08 08 21 50  80  9.0 10.9  2.41  8.33  6.12 104 1011.1  28.9  28.7  26.6 99.0 99.00
2016 08 08 22 50  84  9.6 11.7  2.39  7.69  6.11 102 1011.3  28.8  28.7  26.4 99.0 99.00
2016 08 08 23 50  86  9.9 11.6  2.35  8.33  5.95 110 1011.7  28.8  28.7  26.3 99.0 99.00
2016 08 09 00 50  83 10.1 11.6  2.52  7.69  6.11 106 1012.0  28.7  28.6  26.3 99.0 99.00
2016 08 09 01 50  85  9.7 11.3  2.21  8.33  5.68 100 1012.5  28.8  28.6  26.4 99.0 99.00
2016 08 09 02 50  78 10.2 12.6  2.19  7.69  5.65 108 1013.3  28.7  28.6  26.4 99.0 99.00
2016 08 09 03 50  74  9.8 11.8  2.18  7.69  5.63  97 1013.8  28.7  28.6  26.4 99.0 99.00
2016 08 09 04 50  77 10.1 12.5  2.56  7.69  5.88 105 1013.8  28.7  28.6  26.4 99.0 99.00
2016 08 09 05 50  79  9.6 11.5  2.37  7.14  5.72 106 1013.5  28.7  28.6  26.4 99.0 99.00
2016 08 09 06 50  74 10.0 12.0  2.26  7.14  5.67 107 1012.6  28.6  28.6  26.6 99.0 99.00
2016 08 09 07 50  77 10.7 12.5  2.42  7.69  5.68 112 1012.3  28.6  28.6  26.3 99.0 99.00
2016 08 09 08 50  79 11.0 13.3  2.34  7.14  5.63  97 1012.5  28.6  28.6  26.1 99.0 99.00
2016 08 09 09 50  77 10.4 13.3  2.42  7.69  5.86 103 1013.1  28.6  28.6  26.3 99.0 99.00
2016 08 09 10 50  80 10.1 12.2  2.37  7.69  5.69 106 1013.6  28.7  28.6  26.2 99.0 99.00
2016 08 09 11 50  76  9.8 11.5  2.42  7.69  5.93  99 1013.9  28.8  28.5  26.3 99.0 99.00
2016 08 09 12 50  74 10.0 11.9  2.36  7.69  5.78 107 1014.3  28.8  28.5  26.1 99.0 99.00
2016 08 09 13 50  81 10.5 12.5  2.35  7.69  5.68 106 1014.8  28.9  28.6  26.1 99.0 99.00
2016 08 09 14 50  79 10.3 12.1  2.50  7.14  5.88 110 1014.7  28.9  28.6  26.3 99.0 99.00
2016 08 09 15 50  80  9.9 11.9  2.30  7.69  5.69 102 1014.6  28.9  28.6  26.3 99.0 99.00
2016 08 09 16 50  81 10.4 12.3  2.17  7.69  5.64 113 1013.9  28.9  28.6  26.2 99.0 99.00
2016 08 09 17 50  80 11.1 13.3  2.04  7.69  5.30 102 1013.1  28.9  28.6  26.3 99.0 99.00
2016 08 09 18 50  78  9.7 11.9  2.17  7.14  5.38  98 1012.4  28.9  28.7  26.5 99.0 99.00
2016 08 09 19 50  78 11.1 12.9  2.30  6.67  5.53  98 1011.6  28.9  28.7  26.2 99.0 99.00
2016 08 09 20 50  80  9.7 12.5  2.37  7.14  5.55 100 1011.3  28.9  28.7  26.3 99.0 99.00
2016 08 09 21 50  78 11.2 13.7  2.38  7.69  5.75 106 1010.9  28.9  28.6  26.5 99.0 99.00
2016 08 09 22 50  78 10.7 13.2  2.28  6.67  5.55  99 1011.2  28.9  28.6  26.5 99.0 99.00
2016 08 09 23 50  77  9.8 11.4  2.17  7.69  5.45 105 1011.9  28.7  28.6  26.5 99.0 99.00
2016 08 10 00 50  79 10.6 12.6  2.21  7.14  5.57  94 1012.8  28.8  28.6  26.5 99.0 99.00
2016 08 10 01 50  80 11.2 13.3  2.39  7.14  5.49 103 1013.5  28.9  28.6  25.9 99.0 99.00
2016 08 10 02 50  75  9.6 11.7  2.44  6.67  5.61 105 1014.1  28.8  28.6  26.3 99.0 99.00
2016 08 10 03 50  74 10.8 13.1  2.36  7.69  5.79 102 1014.2  28.7  28.6  26.3 99.0 99.00
2016 08 10 04 50  74 10.5 13.3  2.42  7.69  5.61 103 1014.1  28.6  28.6  26.2 99.0 99.00
2016 08 10 05 50  71 10.5 13.0  2.25  7.14  5.50 104 1013.7  28.6  28.6  26.4 99.0 99.00
2016 08 10 06 50  72 10.0 12.0  2.07  6.67  5.38 103 1013.1  28.5  28.5  26.4 99.0 99.00
2016 08 10 07 50  75 10.5 12.4  2.07  6.67  5.22 103 1012.6  28.6  28.5  26.2 99.0 99.00
2016 08 10 08 50  78 10.7 12.9  2.16  6.25  5.47  81 1012.8  28.5  28.5  26.1 99.0 99.00
2016 08 10 09 50  78 10.5 12.8  2.23  7.14  5.50  99 1012.7  28.5  28.5  26.1 99.0 99.00
2016 08 10 10 50  78  9.4 11.3  2.17  7.14  5.55 105 1013.2  28.5  28.4  26.5 99.0 99.00
2016 08 10 11 50  80  9.8 11.8  2.39  7.14  5.58 109 1014.2  28.7  28.4  26.1 99.0 99.00
2016 08 10 12 50  80  9.1 11.0  2.17  6.67  5.55  96 1014.9  28.7  28.3  26.5 99.0 99.00
2016 08 10 13 50  85  9.0 11.6  2.01  7.14  5.35 103 1015.3  28.8  28.2  26.3 99.0 99.00
2016 08 10 14 50  85  8.4 10.5  2.04  7.14  5.53 110 1015.4  28.6  28.1  26.7 99.0 99.00
2016 08 10 15 50  76  7.3  9.1  1.91  7.14  5.32 114 1015.1  28.6  28.2  26.7 99.0 99.00
2016 08 10 16 50  85  8.0  9.4  2.07  7.14  5.52 106 1014.5  28.7  28.0  26.3 99.0 99.00
2016 08 10 17 50  85  6.9  8.1  1.74  7.14  5.33 114 1013.9  28.4  28.1  26.1 99.0 99.00
2016 08 10 18 50  72  7.4  9.1  1.57  6.67  5.28  93 1013.2  28.5  28.2  26.7 99.0 99.00
2016 08 10 19 50  68  8.1  9.4  1.52  7.14  5.29  98 1012.6  28.6  28.2  26.5 99.0 99.00
2016 08 10 20 50  67  8.1  9.5  1.49  6.25  5.06  90 1012.1  28.6  28.1  26.2 99.0 99.00
2016 08 10 21 50  67  7.8  9.8  1.53  6.67  5.16 107 1012.4  28.5  28.1  26.4 99.0 99.00
2016 08 10 22 50  68  7.3  8.8  1.43  6.25  4.92  88 1012.7  28.5  28.0  26.2 99.0 99.00
2016 08 10 23 50  74  7.3  8.7  1.50  6.67  5.01 100 1013.1  28.4  27.9  26.3 99.0 99.00
2016 08 11 00 50  73  7.6  9.4  1.51  7.14  4.93 112 1013.8  28.4  27.9  26.3 99.0 99.00
2016 08 11 01 50  75  7.7  9.7  1.61  5.56  5.07  91 1014.1  28.3  27.8  26.3 99.0 99.00
2016 08 11 02 50  72  7.3  9.1  1.64  6.67  5.07  92 1014.2  28.3  27.9  26.4 99.0 99.00
2016 08 11 03 50  76  7.8  9.9  1.65  6.25  5.18  88 1013.9  28.2  27.8  26.2 99.0 99.00
2016 08 11 04 50  75  8.4  9.8  1.68  5.88  5.03  88 1013.5  28.2  27.8  25.9 99.0 99.00
2016 08 11 05 50  80  8.0  9.6  1.69  7.14  5.06 104 1012.8  28.2  27.8  25.9 99.0 99.00
2016 08 11 06 50  83  7.6  9.1  1.65  6.25  5.09  70 1012.5  28.1  27.8  25.9 99.0 99.00
2016 08 11 07 50  92  8.6 10.1  1.58  6.67  5.19  80 1012.5  28.2  27.8  25.8 99.0 99.00
2016 08 11 08 50  94  7.3  8.9  1.71  6.67  5.18  90 1012.6  28.1  27.7  25.6 99.0 99.00
2016 08 11 09 50  91  7.1  8.0  1.68  6.25  5.20  91 1012.7  28.2  27.7  25.7 99.0 99.00
2016 08 11 10 50  90  7.0  8.2  1.70  7.14  5.29  87 1013.3  28.1  27.7  25.9 99.0 99.00
2016 08 11 11 50  95  6.3  7.5  1.60  6.67  5.15  88 1013.7  28.3  27.7  26.1 99.0 99.00
2016 08 11 12 50  80  6.9  8.4  1.50  6.67  5.13  96 1013.8  28.5  27.7  26.0 99.0 99.00
2016 08 11 13 50  82  7.0  8.4  1.68  6.67  5.18  92 1013.8  28.5  27.8  25.6 99.0 99.00
2016 08 11 14 50  90  7.5  8.8  1.49  6.25  5.06  78 1013.9  28.5  27.8  25.7 99.0 99.00
2016 08 11 15 50  85  7.3  8.9  1.52  6.67  5.10  90 1014.0  28.5  27.9  25.8 99.0 99.00
2016 08 11 16 50  85  7.1  8.3  1.57  6.25  5.17  88 1013.6  28.5  27.9  25.8 99.0 99.00
2016 08 11 17 50  79  6.7  8.0  1.52  6.67  5.18 102 1013.3  28.5  28.0  25.9 99.0 99.00
2016 08 11 18 50  82  6.4  7.4  1.47  6.67  4.96  77 1012.6  28.6  28.0  26.2 99.0 99.00
2016 08 11 19 50  77  7.1  8.7  1.56  6.67  5.09  91 1012.1  28.6  28.0  26.0 99.0 99.00
2016 08 11 20 50  76  6.9  8.1  1.63  6.25  5.21  94 1011.4  28.6  28.0  26.0 99.0 99.00
2016 08 11 21 50  75  7.6  8.8  1.70  6.67  5.28  94 1010.9  28.7  28.0  26.0 99.0 99.00
2016 08 11 22 50  73  7.1  8.3  1.67  6.67  5.26  90 1011.1  28.6  28.1  26.0 99.0 99.00
2016 08 11 23 50  77  8.2  9.9  1.69  7.14  5.20 100 1011.9  28.6  28.2  25.9 99.0 99.00
2016 08 12 00 50  85  7.6  8.8  1.80  6.67  5.45  97 1012.8  28.6  28.2  25.9 99.0 99.00
2016 08 12 01 50  85  6.7  8.1  1.67  6.67  5.16  96 1013.2  28.5  28.1  26.1 99.0 99.00
2016 08 12 02 50  78  7.5  8.6  1.76  6.67  5.31  94 1013.3  28.5  28.1  26.1 99.0 99.00
2016 08 12 03 50  82  7.0  8.4  1.58  6.67  5.05  98 1013.5  28.5  28.0  26.3 99.0 99.00
2016 08 12 04 50  90  9.0 11.0  1.64  6.67  5.09 102 1012.8  28.5  28.0  25.9 99.0 99.00
2016 08 12 05 50  84  8.4 10.2  1.74  7.14  5.21  85 1011.7  28.4  28.0  25.6 99.0 99.00
2016 08 12 06 50  88  7.8  9.7  1.76  7.14  5.14  91 1010.9  28.3  27.9  25.9 99.0 99.00
2016 08 12 07 50  81  8.3 10.3  1.75  6.67  5.20  90 1010.7  28.4  28.0  25.9 99.0 99.00
2016 08 12 08 50  81  7.9  9.4  1.75  7.14  5.31 103 1010.8  28.4  27.9  25.7 99.0 99.00
2016 08 12 09 50  83  7.7  8.8  1.55  6.67  5.09  79 1011.1  28.3  27.9  25.9 99.0 99.00
2016 08 12 10 50  88  8.3  9.9  1.74  7.14  5.18 103 1011.1  28.4  27.9  25.7 99.0 99.00
2016 08 12 11 50  86  7.9  9.6  1.67  7.14  5.14  95 1011.8  28.6  27.8  25.6 99.0 99.00
2016 08 12 12 50  89  7.8  9.4  1.85  7.14  5.37  92 1012.4  28.7  27.8  25.6 99.0 99.00
2016 08 12 13 50  88  8.1 10.1  1.74  7.14  5.34  98 1012.9  28.7  27.8  25.7 99.0 99.00
2016 08 12 14 50  94  8.0  9.5  1.91  7.14  5.43  95 1013.2  28.7  27.8  25.8 99.0 99.00
2016 08 12 15 50  88  7.6 10.0  1.81  7.14  5.29 103 1012.8  28.7  27.9  26.0 99.0 99.00
2016 08 12 16 50  81  8.0  9.4  1.76  7.69  5.28  98 1012.2  27.9  27.9  25.9 99.0 99.00
2016 08 12 17 50  89  7.4  8.7  1.65  6.67  5.22  89 1011.9  28.4  27.9  26.5 99.0 99.00
2016 08 12 18 50  82  6.0  7.2  1.65  7.69  5.42  94 1011.6  28.6  27.9  26.5 99.0 99.00
2016 08 12 19 50  76  7.8  9.5  1.82  7.14  5.45 101 1011.0  28.6  27.9  26.4 99.0 99.00
2016 08 12 20 50  89  8.5 10.1  1.89  7.69  5.34  98 1010.1  28.4  27.8  26.3 99.0 99.00
2016 08 12 21 50  86  7.4  8.7  1.88  7.14  5.56 102 1010.2  28.5  27.8  26.4 99.0 99.00
2016 08 12 22 50  83  6.8  8.3  1.61  7.69  5.20  85 1010.7  28.5  27.9  26.2 99.0 99.00
2016 08 12 23 50  87  7.9  9.5  1.70  7.14  5.36  94 1011.3  28.3  28.0  26.2 99.0 99.00
2016 08 13 00 50  84  7.6  8.8  1.82  7.69  5.30 106 1012.4  28.5  27.9  26.3 99.0 99.00
2016 08 13 01 50  77  7.6  9.8  1.63  7.14  5.20  89 1013.1  28.4  27.9  26.1 99.0 99.00
2016 08 13 02 50  83  8.8 10.9  1.80  7.14  5.41  87 1013.2  28.4  27.9  26.4 99.0 99.00
2016 08 13 03 50  77  7.9  9.6  1.54  7.14  5.06  94 1013.1  28.4  27.9  26.6 99.0 99.00
2016 08 13 04 50  77  7.9  9.5  1.46  7.14  4.98  94 1012.5  28.4  27.9  26.6 99.0 99.00
2016 08 13 05 50  87  8.6 10.2  1.69  7.14  5.29  98 1011.6  28.3  28.0  26.3 99.0 99.00
2016 08 13 06 50  85  8.8 10.2  1.71  7.14  5.05  92 1011.0  28.5  28.0  26.0 99.0 99.00
2016 08 13 07 50  85  8.5 10.3  1.65  7.14  5.04  80 1010.6  28.4  27.9  26.2 99.0 99.00
2016 08 13 08 50  90  8.8 11.4  1.64  6.67  4.94  92 1010.7  28.3  27.9  26.3 99.0 99.00
2016 08 13 09 50  90  9.3 11.7  1.55  7.14  4.75  80 1010.7  28.5  27.8  26.0 99.0 99.00
2016 08 13 10 50  92  9.0 10.4  1.69  7.14  5.03  87 1011.1  28.6  27.8  25.7 99.0 99.00
2016 08 13 11 50  91  9.0 10.7  1.72  7.14  5.16  80 1011.4  28.6  27.8  26.2 99.0 99.00
2016 08 13 12 50  92 10.6 12.3  1.83  6.67  5.05  87 1011.6  28.9  27.9  25.5 99.0 99.00
2016 08 13 13 50  92 10.1 13.0  1.92  6.67  5.18  87 1012.1  28.9  28.0  25.5 99.0 99.00
2016 08 13 14 50  89  9.3 11.2  1.89  7.14  5.07  72 1012.3  28.8  28.0  26.1 99.0 99.00
2016 08 13 15 50  87  9.4 11.4  1.68  5.56  4.97  79 1012.2  28.8  28.1  26.1 99.0 99.00
2016 08 13 16 50  85  9.1 10.6  1.70  7.14  5.02  81 1012.0  28.8  28.1  26.3 99.0 99.00
2016 08 13 17 50  84  8.4 10.2  1.62  6.67  4.99  84 1011.4  28.8  28.0  26.4 99.0 99.00
2016 08 13 18 50  81  8.2  9.7  1.83  6.25  5.12  79 1010.8  28.8  28.0  26.3 99.0 99.00
2016 08 13 19 50  76  8.2 11.3  1.83  7.14  5.10  94 1010.1  28.8  28.1  26.3 99.0 99.00
2016 08 13 20 50  74  9.0 10.7  1.87  6.67  5.10  82 1009.6  28.8  28.1  26.2 99.0 99.00
2016 08 13 21 50  71  7.9 10.4  1.91  6.67  5.19  96 1009.6  28.8  28.0  26.4 99.0 99.00
2016 08 13 22 50  68  9.3 10.7  1.95  7.14  5.30  94 1009.8  28.8  28.0  26.3 99.0 99.00
2016 08 13 23 50  67  8.7 10.5  2.02  6.67  5.39  88 1010.4  28.7  27.9  26.5 99.0 99.00
2016 08 14 00 50  73  9.0 11.1  2.09  6.67  5.42  89 1011.2  28.6  28.0  26.4 99.0 99.00
2016 08 14 01 50  81  9.8 12.3  2.04  6.67  5.37  84 1011.6  28.8  28.1  26.3 99.0 99.00
2016 08 14 02 50  76  8.7 10.3  1.99  7.69  5.25  77 1012.3  28.8  28.1  26.5 99.0 99.00
2016 08 14 03 50  75  8.3  9.6  1.95  6.67  5.37 106 1012.3  28.7  28.2  26.5 99.0 99.00
2016 08 14 04 50  80  8.8 10.5  1.94  6.67  5.31  96 1011.9  28.6  28.2  26.1 99.0 99.00
2016 08 14 05 50  74  8.9 10.4  1.90  7.14  5.38  88 1011.2  28.5  28.2  26.2 99.0 99.00
2016 08 14 06 50  79 10.0 11.7  1.68  7.14  5.10  93 1010.4  28.5  28.2  26.0 99.0 99.00
2016 08 14 07 50  82  8.6  9.9  1.78  7.14  5.17  93 1010.1  28.6  28.1  26.3 99.0 99.00
2016 08 14 08 50  89  9.5 11.2  1.86  7.14  5.20  84 1009.8  28.6  28.1  26.0 99.0 99.00
2016 08 14 09 50  88  9.3 11.1  2.15  7.14  5.49  74 1009.9  28.6  28.2  26.2 99.0 99.00
2016 08 14 10 50  88 11.0 13.9  1.87  6.67  5.09  72 1010.3  28.7  28.2  25.6 99.0 99.00
2016 08 14 11 50  89 10.8 13.8  2.12  6.67  5.42  86 1010.7  28.9  28.2  25.7 99.0 99.00
2016 08 14 12 50  86 11.0 13.2  2.04  6.67  5.29  97 1011.3  29.0  28.2  25.8 99.0 99.00
2016 08 14 13 50  97 11.4 13.8  2.00  6.67  5.21 100 1011.8  29.1  28.2  25.7 99.0 99.00
2016 08 14 14 50  99 11.3 13.8  2.26  7.14  5.40  95 1012.2  29.1  28.2  25.9 99.0 99.00
2016 08 14 15 50  98  9.7 12.2  2.54  7.14  5.62  90 1012.4  29.1  28.2  25.7 99.0 99.00
2016 08 14 16 50  99  9.3 11.7  2.25  7.14  5.43  98 1012.4  29.1  28.2  26.4 99.0 99.00
2016 08 14 17 50  98  9.0 10.7  2.62  6.67  5.71  92 1012.2  29.0  28.2  26.3 99.0 99.00
2016 08 14 18 50  91 10.1 12.5  2.58  7.69  5.82 110 1011.3  29.1  28.2  26.1 99.0 99.00
2016 08 14 19 50  93 10.4 12.1  2.38  7.69  5.62 107 1010.5  29.2  28.3  25.5 99.0 99.00
2016 08 14 20 50  91  9.8 11.6  2.54  7.69  5.84  94 1010.2  29.2  28.4  26.0 99.0 99.00
2016 08 14 21 50  91 10.6 12.8  2.45  8.33  5.84 100 1010.3  29.2  28.4  26.0 99.0 99.00
2016 08 14 23 50  82 10.6 13.5  2.57  7.69  5.76 106 1010.4  29.1  28.5  25.9 99.0 99.00
2016 08 15 00 50  83 11.0 13.5  2.56  8.33  5.76 107 1011.1  29.0  28.5  25.9 99.0 99.00
2016 08 15 01 50  83 12.4 15.0  2.69  8.33  5.91 115 1011.4  28.9  28.5  25.7 99.0 99.00
2016 08 15 02 50  79 11.3 13.4  2.64  8.33  5.86 117 1012.1  28.9  28.5  25.8 99.0 99.00
2016 08 15 03 50  75 11.1 13.3  2.70  7.69  5.86 106 1012.0  28.8  28.5  25.8 99.0 99.00
2016 08 15 04 50  84 11.6 14.2  2.48  8.33  5.70 109 1011.9  28.8  28.5  25.1 99.0 99.00
2016 08 15 05 50  82 12.1 14.7  2.92  8.33  5.98 120 1011.5  28.8  28.5  24.8 99.0 99.00
2016 08 15 06 50  85 11.7 14.0  2.73  8.33  5.88  93 1011.2  28.8  28.6  25.0 99.0 99.00
2016 08 15 07 50  88 11.7 14.0  2.71  7.69  5.97 113 1011.3  28.9  28.6  24.8 99.0 99.00
2016 08 15 08 50  89 10.7 12.4  2.70  8.33  5.91 114 1011.3  28.8  28.6  25.2 99.0 99.00
2016 08 15 09 50  94 10.6 12.9  2.76  7.69  5.97 108 1011.5  28.8  28.7  25.4 99.0 99.00
2016 08 15 10 50  87 11.3 13.0  2.73  7.69  5.91 104 1011.2  28.9  28.7  25.3 99.0 99.00
2016 08 15 11 50  91 11.2 13.4  2.63  7.69  5.99 105 1011.6  28.9  28.7  25.5 99.0 99.00
2016 08 15 12 50  89 11.4 13.7  2.59  7.69  5.90  97 1012.0  29.1  28.7  25.5 99.0 99.00
2016 08 15 13 50  91 11.4 13.3  2.59  8.33  5.78 105 1012.4  29.2  28.7  25.2 99.0 99.00
2016 08 15 14 50  89 12.1 14.2  2.85  8.33  6.02 111 1012.6  29.3  28.8  25.3 99.0 99.00
2016 08 15 15 50  91 11.5 14.2  2.72  9.09  5.87 113 1012.8  29.2  28.8  25.3 99.0 99.00
2016 08 15 16 50  92 11.1 13.3  2.69  7.69  5.90  88 1012.5  29.3  28.9  25.4 99.0 99.00
2016 08 15 17 50  87 12.0 15.1  2.84  8.33  6.09 109 1011.9  28.7  28.9  25.3 99.0 99.00
2016 08 15 18 50  91 12.3 15.6  3.16  8.33  6.05 113 1011.1  28.6  28.9  25.1 99.0 99.00
2016 08 15 19 50  85 11.5 13.4  2.94  8.33  5.97 106 1010.4  28.7  28.9  25.6 99.0 99.00
2016 08 15 20 50  93 12.6 14.7  2.73  8.33  5.87 102 1010.6  28.7  28.9  25.3 99.0 99.00
2016 08 15 21 50  88 12.4 15.1  2.72  8.33  5.86  99 1010.1  28.8  28.9  25.4 99.0 99.00
2016 08 15 22 50  88 11.9 14.6  2.80  8.33  5.97 107 1010.6  29.0  28.9  24.9 99.0 99.00
2016 08 15 23 50  89 10.4 12.6  2.70  7.69  5.89 105 1011.3  29.1  28.9  25.7 99.0 99.00
2016 08 16 00 50  80 10.9 13.5  2.64  7.69  5.76 100 1011.7  29.0  28.9  25.5 99.0 99.00
2016 08 16 01 50  83 12.4 14.5  2.65  8.33  5.81  96 1012.7  28.8  28.9  25.7 99.0 99.00
2016 08 16 02 50  83 11.5 14.1  2.75  8.33  5.93 106 1013.6  29.0  28.9  25.7 99.0 99.00
2016 08 16 04 50  88 11.7 14.2  2.80  8.33  6.06 105 1013.2  28.9  28.9  24.8 99.0 99.00
2016 08 16 05 50  93 10.9 13.5  2.88  7.69  6.06  93 1012.7  29.0  28.9  25.2 99.0 99.00
2016 08 16 06 50  83 12.2 14.0  2.91  8.33  5.97 105 1011.3  28.9  28.9  25.1 99.0 99.00
2016 08 16 07 50  89 11.9 14.2  2.89  8.33  6.09 105 1011.0  28.8  28.9  25.3 99.0 99.00
2016 08 16 08 50  93 11.1 14.6  2.81  9.09  6.10  91 1011.4  28.9  28.9  25.5 99.0 99.00
2016 08 16 09 50  93 10.7 12.5  2.76  9.09  6.07 105 1011.8  28.9  28.9  25.3 99.0 99.00
2016 08 16 10 50  86 11.8 14.0  2.90  7.69  5.96  94 1012.1  28.9  28.8  25.3 99.0 99.00
2016 08 16 11 50  82 12.2 15.6  3.06  9.09  6.08  92 1012.3  29.1  28.8  25.1 99.0 99.00
2016 08 16 12 50  91 11.7 14.0  3.02  8.33  6.09 103 1012.9  29.2  28.8  25.1 99.0 99.00
2016 08 16 13 50  93 12.0 14.7  2.76  8.33  5.90 103 1013.5  29.3  28.8  25.1 99.0 99.00
2016 08 16 14 50  96 11.6 13.5  3.00  9.09  6.14 109 1014.0  29.3  28.8  25.4 99.0 99.00
2016 08 16 15 50  95 11.8 13.9  2.92  8.33  6.03 102 1014.2  29.3  28.9  25.1 99.0 99.00
2016 08 16 16 50  96 11.2 13.2  2.75  8.33  5.97 108 1013.8  29.3  28.9  25.6 99.0 99.00
2016 08 16 17 50  90 10.9 13.7  3.05  8.33  6.25 108 1013.0  29.2  28.9  25.9 99.0 99.00
2016 08 16 18 50  86 11.6 14.0  3.01  8.33  6.13 113 1012.3  29.1  28.9  25.6 99.0 99.00
2016 08 16 19 50  92 10.7 12.5  2.85  9.09  6.06 108 1012.0  29.3  28.9  24.9 99.0 99.00
2016 08 16 20 50  84 11.1 12.7  2.88  9.09  6.17  95 1011.4  29.1  28.9  25.4 99.0 99.00
2016 08 16 21 50  86 10.8 12.9  2.74  8.33  6.14 106 1011.3  29.1  28.9  25.4 99.0 99.00
2016 08 16 22 50  76 11.7 13.8  2.85  8.33  6.05 105 1011.6  29.1  28.9  25.3 99.0 99.00
2016 08 16 23 50  79 11.7 14.3  2.78  8.33  5.85 103 1011.7  29.0  28.9  25.4 99.0 99.00
2016 08 17 00 50  80 12.2 14.7  2.89  8.33  5.97  99 1012.5  29.0  28.9  25.1 99.0 99.00
2016 08 17 01 50  84 11.1 13.7  2.61  7.14  5.79 105 1013.4  29.0  28.9  25.3 99.0 99.00
2016 08 17 02 50  81 10.7 13.0  2.64  8.33  5.85  96 1013.9  29.0  28.9  25.5 99.0 99.00
2016 08 17 03 50  81 10.7 12.6  2.39  8.33  5.70 110 1013.9  29.0  28.9  25.4 99.0 99.00
2016 08 17 04 50  76 10.4 12.2  2.58  8.33  5.81  96 1013.9  28.9  28.9  25.5 99.0 99.00
2016 08 17 05 50  76 11.1 13.5  2.52  7.69  5.76 106 1013.3  28.8  28.9  25.4 99.0 99.00
2016 08 17 06 50  77  9.8 12.2  2.39  8.33  5.64 105 1012.8  28.8  28.9  25.4 99.0 99.00
2016 08 17 07 50  73 10.4 13.1  2.50  8.33  5.80 100 1012.4  28.8  28.9  25.6 99.0 99.00
2016 08 17 08 50  73 10.9 12.8  2.26  7.69  5.53 107 1012.2  28.8  28.9  25.8 99.0 99.00
2016 08 17 09 50  80 10.7 12.8  2.45  8.33  5.80  96 1012.2  28.8  28.9  25.6 99.0 99.00
2016 08 17 10 50  81 11.0 13.1  2.54  8.33  5.78 102 1012.5  28.9  28.9  25.5 99.0 99.00
2016 08 17 11 50  78 10.5 12.6  2.41  7.14  5.62 110 1013.1  28.9  28.9  25.6 99.0 99.00
2016 08 17 12 50  86 10.8 12.8  2.38  8.33  5.57 102 1013.8  29.0  28.9  25.5 99.0 99.00
2016 08 17 13 50  83  9.9 12.7  2.35  7.69  5.55  89 1014.2  29.1  28.9  25.7 99.0 99.00
2016 08 17 14 50  89 10.8 13.2  2.51  7.69  5.59  93 1014.3  29.1  28.8  25.3 99.0 99.00
2016 08 17 15 50  90 10.3 12.2  2.42  7.14  5.51 108 1014.5  29.2  28.8  24.9 99.0 99.00
2016 08 17 16 50  85  9.6 11.4  2.40  7.69  5.62 100 1014.2  29.1  28.9  25.6 99.0 99.00
2016 08 17 17 50  82  8.1  9.9  2.19  7.69  5.48 107 1013.6  28.8  28.9  26.1 99.0 99.00
2016 08 17 18 50  81  9.8 12.0  2.38  7.69  5.61 105 1012.5  29.1  28.9  25.6 99.0 99.00
2016 08 17 19 50  81  9.1 11.7  2.48  7.14  5.61  98 1012.0  29.2  28.9  25.6 99.0 99.00
2016 08 17 20 50  89 10.3 12.2  2.14  7.69  5.20  73 1011.6  29.0  28.9  25.4 99.0 99.00
2016 08 17 21 50  76  8.7 10.1  2.09  6.25  5.36  91 1011.6  28.9  28.9  25.9 99.0 99.00
2016 08 17 22 50  74 10.2 12.5  2.03  7.14  5.31 117 1011.8  29.1  28.9  25.7 99.0 99.00
2016 08 17 23 50  76 10.7 12.6  2.05  7.69  5.20 109 1011.6  29.0  28.8  25.7 99.0 99.00
2016 08 18 00 50  74 10.1 11.7  2.15  6.67  5.25  99 1012.4  28.9  28.8  25.8 99.0 99.00
2016 08 18 01 50  69 10.4 12.4  2.26  7.14  5.45 100 1012.9  28.9  28.8  26.1 99.0 99.00
2016 08 18 02 50  75 10.9 13.5  2.30  7.14  5.49 104 1013.2  28.9  28.8  26.0 99.0 99.00
2016 08 18 03 50  75 10.4 12.0  2.26  7.14  5.39  93 1013.4  28.9  28.8  25.9 99.0 99.00
2016 08 18 04 50  74  9.5 11.3  2.34  7.14  5.47  92 1013.3  28.9  28.8  26.3 99.0 99.00
2016 08 18 05 50  84 10.5 12.7  2.28  7.14  5.37  99 1012.9  28.8  28.8  26.3 99.0 99.00
2016 08 18 06 50  79  9.9 11.5  1.92  7.14  5.14  86 1012.4  28.8  28.8  26.1 99.0 99.00
2016 08 18 07 50  81  9.7 11.2  2.13  7.69  5.36 107 1012.0  28.7  28.8  26.2 99.0 99.00
2016 08 18 08 50  86 10.2 12.0  1.99  7.14  5.29  82 1011.8  28.8  28.8  25.7 99.0 99.00
2016 08 18 09 50  90  9.9 11.4  2.24  7.69  5.38  87 1012.0  28.7  28.8  25.9 99.0 99.00
2016 08 18 10 50  79 11.5 13.9  2.16  7.69  5.35  91 1011.7  28.7  28.8  25.6 99.0 99.00
2016 08 18 11 50  84 11.2 13.4  2.19  7.14  5.24  98 1012.3  28.9  28.8  25.1 99.0 99.00
2016 08 18 12 50  80 12.0 14.0  2.21  7.14  5.29 100 1012.7  29.0  28.8  24.5 99.0 99.00
2016 08 18 13 50  90 10.0 12.0  2.33  7.69  5.43  99 1013.7  28.9  28.8  25.3 99.0 99.00
2016 08 18 14 50  95 10.5 12.8  2.32  7.69  5.42 103 1013.8  29.1  28.8  25.1 99.0 99.00
2016 08 18 15 50  89 10.5 13.7  2.39  7.14  5.41  98 1013.9  29.1  28.8  25.4 99.0 99.00
2016 08 18 16 50  89 10.3 12.3  2.24  7.69  5.33  89 1013.5  29.1  28.9  26.0 99.0 99.00
2016 08 18 17 50  82 10.3 12.3  2.30  7.14  5.41 105 1013.0  29.1  28.9  26.3 99.0 99.00
2016 08 18 18 50  82 10.7 12.4  2.33  7.69  5.45 108 1012.5  29.1  28.9  26.1 99.0 99.00
2016 08 18 19 50  79 11.1 13.0  2.26  7.69  5.49 104 1011.7  29.2  28.9  26.3 99.0 99.00
2016 08 18 20 50  77 10.6 12.7  2.42  7.69  5.52  89 1011.2  29.1  28.9  26.4 99.0 99.00
2016 08 18 21 50  76 10.8 12.9  2.34  7.69  5.54 105 1010.9  29.1  28.9  26.4 99.0 99.00
2016 08 18 22 50  78 11.4 14.3  2.32  7.69  5.58 102 1011.0  29.0  28.9  26.3 99.0 99.00
2016 08 18 23 50  79 10.9 12.9  2.37  7.14  5.53 103 1011.3  29.0  28.9  26.3 99.0 99.00
2016 08 19 00 50  78 10.8 13.2  2.51  7.14  5.73  93 1012.1  28.9  28.9  26.6 99.0 99.00
2016 08 19 01 50  81 10.8 12.7  2.25  7.14  5.50 108 1012.5  28.9  28.9  26.3 99.0 99.00
2016 08 19 02 50  81  9.6 12.1  2.28  7.14  5.36  80 1013.1  28.9  28.9  26.6 99.0 99.00
2016 08 19 04 50  80 10.1 12.6  2.27  7.69  5.43  93 1012.8  28.9  28.8  26.6 99.0 99.00
2016 08 19 05 50  80 11.0 13.1  2.19  7.14  5.42 105 1012.1  28.9  28.8  26.7 99.0 99.00
2016 08 19 06 50  90 11.4 14.0  2.28  7.14  5.50  90 1011.4  28.9  28.8  26.1 99.0 99.00
2016 08 19 07 50  87 11.4 13.2  2.34  7.14  5.47  94 1011.2  28.8  28.8  26.0 99.0 99.00
2016 08 19 08 50  86 10.1 11.8  2.33  7.14  5.59  90 1011.4  28.8  28.8  26.2 99.0 99.00
2016 08 19 09 50  86 10.1 12.0  2.27  7.69  5.51  92 1012.0  28.9  28.8  25.8 99.0 99.00
2016 08 19 10 50  86 11.4 13.5  2.22  6.67  5.44  81 1012.0  28.9  28.8  25.7 99.0 99.00
2016 08 19 11 50  83 11.0 12.7  2.36  7.14  5.48  84 1012.4  29.1  28.8  25.5 99.0 99.00
2016 08 19 12 50  86 11.0 13.5  2.40  6.67  5.55  88 1013.1  29.3  28.8  25.1 99.0 99.00
2016 08 19 13 50  86 10.6 13.0  2.22  7.69  5.47  89 1013.5  29.2  28.8  25.8 99.0 99.00
2016 08 19 14 50  84 10.0 12.4  2.25  7.14  5.36  94 1013.7  29.1  28.8  25.8 99.0 99.00
2016 08 19 15 50  90 10.6 12.1  2.26  7.69  5.39 104 1013.8  29.2  28.9  25.1 99.0 99.00
2016 08 19 16 50  86  9.6 11.4  2.19  7.14  5.42  94 1013.5  29.2  28.9  25.3 99.0 99.00
2016 08 19 17 50  89  9.7 11.7  2.38  7.14  5.57  89 1012.7  29.2  28.9  25.4 99.0 99.00
2016 08 19 18 50  89  9.2 10.8  2.20  7.14  5.33  89 1012.2  29.2  28.9  24.7 99.0 99.00
2016 08 19 19 50  92  9.4 11.0  2.08  7.14  5.37  87 1011.2  29.1  28.9  25.0 99.0 99.00
2016 08 19 20 50  86  9.5 11.6  2.13  7.14  5.38 106 1010.7  29.2  28.9  25.1 99.0 99.00
2016 08 19 21 50  81  9.3 10.6  2.13  7.69  5.53  95 1010.7  29.2  28.9  25.0 99.0 99.00
2016 08 19 22 50  81  9.3 10.9  2.06  6.67  5.48 100 1010.8  29.1  28.9  24.9 99.0 99.00
2016 08 19 23 50  79  8.9 11.0  2.06  7.69  5.38 104 1011.2  29.1  28.9  25.0 99.0 99.00
2016 08 20 00 50  78  9.1 11.1  2.12  7.14  5.39 101 1011.9  28.6  28.9  25.2 99.0 99.00
2016 08 20 01 50  73  9.4 10.9  2.09  7.14  5.52 106 1012.4  29.0  28.9  25.4 99.0 99.00
2016 08 20 02 50  77 10.1 11.7  2.10  7.69  5.43 101 1012.9  29.1  28.9  25.3 99.0 99.00
2016 08 20 03 50  77 10.1 11.8  2.06  7.69  5.41  99 1013.0  28.8  28.9  25.9 99.0 99.00
2016 08 20 04 50  84  9.4 11.3  2.03  7.69  5.30  94 1012.6  28.9  28.9  25.6 99.0 99.00
2016 08 20 05 50  80  9.9 12.4  1.99  7.14  5.26  96 1011.9  28.9  28.9  25.4 99.0 99.00
2016 08 20 06 50  73  9.8 11.8  1.97  7.69  5.28  85 1011.1  28.6  28.9  25.9 99.0 99.00
2016 08 20 07 50  77 10.2 12.0  2.15  7.14  5.35  90 1010.8  28.6  28.9  25.6 99.0 99.00
2016 08 20 08 50  85 10.2 12.7  2.10  7.69  5.36  99 1010.9  28.8  28.9  25.2 99.0 99.00
2016 08 20 09 50  83 10.3 12.8  1.93  7.69  5.26 104 1011.0  28.8  28.9  25.6 99.0 99.00
2016 08 20 10 50  85 10.6 12.3  2.11  7.14  5.32 100 1011.4  28.8  28.9  24.9 99.0 99.00
2016 08 20 11 50  86 10.2 12.2  1.98  7.69  5.26 103 1011.9  28.8  28.8  25.3 99.0 99.00
2016 08 20 12 50  86  9.8 11.9  2.05  7.14  5.21  98 1012.4  28.9  28.8  25.4 99.0 99.00
2016 08 20 13 50  89  9.5 12.1  2.22  7.69  5.44 106 1012.6  29.0  28.9  25.3 99.0 99.00
2016 08 20 14 50  85 10.6 13.1  1.99  7.69  5.32  91 1012.4  29.0  28.9  25.5 99.0 99.00
2016 08 20 15 50  87  9.6 11.3  2.23  7.69  5.55  95 1012.4  29.1  29.0  25.5 99.0 99.00
2016 08 20 16 50  79  9.2 11.1  2.13  7.14  5.41  91 1012.0  29.1  29.0  25.9 99.0 99.00
2016 08 20 17 50  80  9.0 10.5  2.07  7.69  5.32  99 1011.6  29.1  29.0  25.8 99.0 99.00
2016 08 20 18 50  81  8.8 10.5  2.09  7.69  5.40  92 1010.7  29.1  29.0  25.8 99.0 99.00
2016 08 20 19 50  75  8.8 10.4  2.16  7.69  5.43 101 1010.4  29.0  29.0  25.8 99.0 99.00
2016 08 20 20 50  66  9.7 11.4  1.83  6.67  5.05  97 1009.6  29.1  29.0  25.8 99.0 99.00
2016 08 20 21 50  75 10.4 12.4  2.19  6.67  5.43  92 1009.6  29.1  28.9  25.4 99.0 99.00
2016 08 20 22 50  70 10.5 12.5  2.00  7.69  5.17  85 1010.0  29.1  28.9  25.3 99.0 99.00
2016 08 20 23 50  69  9.8 11.6  2.04  7.69  5.37  97 1010.5  29.0  28.9  25.4 99.0 99.00
2016 08 21 00 50  81  9.5 11.9  2.13  7.69  5.47  82 1011.5  29.0  28.9  25.4 99.0 99.00
2016 08 21 01 50  79  9.9 12.1  2.24  7.14  5.43 111 1012.3  29.0  28.9  25.3 99.0 99.00
2016 08 21 02 50  80  9.1 10.9  1.97  7.69  5.30  86 1012.5  29.0  28.9  25.3 99.0 99.00
2016 08 21 03 50  77  9.9 12.0  1.99  7.14  5.21 105 1012.3  29.0  28.8  25.3 99.0 99.00
2016 08 21 04 50  76 10.5 12.7  1.92  7.69  5.07 107 1011.9  29.0  28.8  25.2 99.0 99.00
2016 08 21 05 50  78 10.3 12.3  2.09  7.69  5.29  88 1011.3  28.9  28.8  25.4 99.0 99.00
2016 08 21 06 50  79 11.7 13.6  2.07  7.69  5.29  87 1010.2  28.8  28.8  25.2 99.0 99.00
2016 08 21 07 50  82 10.9 13.3  2.04  7.69  5.08  91 1010.3  28.8  28.8  25.6 99.0 99.00
2016 08 21 08 50  87 11.5 13.4  2.21  7.69  5.30 104 1010.3  28.9  28.8  25.2 99.0 99.00
2016 08 21 09 50  88 11.2 12.9  2.27  6.67  5.32  94 1010.9  29.0  28.8  25.3 99.0 99.00
2016 08 21 10 50  90 10.9 12.6  2.18  7.14  5.31  94 1011.5  28.9  28.8  25.5 99.0 99.00
2016 08 21 11 50  90 10.8 12.8  2.08  7.14  5.17  95 1012.3  29.1  28.8  25.6 99.0 99.00
2016 08 21 12 50  93  9.2 11.4  2.29  7.69  5.50  89 1012.8  29.2  28.9  25.7 99.0 99.00
2016 08 21 13 50  89 11.1 13.1  2.43  7.69  5.60  88 1012.7  29.3  28.9  25.3 99.0 99.00
2016 08 21 14 50  91 10.7 12.9  2.46  7.14  5.55 103 1013.1  29.3  28.9  25.5 99.0 99.00
2016 08 21 15 50  87 10.8 12.4  2.59  7.69  5.82  98 1013.0  29.2  28.9  25.7 99.0 99.00
2016 08 21 16 50  84 10.9 13.1  2.32  7.14  5.42  93 1012.5  29.2  28.9  25.6 99.0 99.00
2016 08 21 17 50  82 10.7 12.7  2.36  7.69  5.66 102 1011.8  29.2  29.0  25.8 99.0 99.00
2016 08 21 18 50  86 10.0 12.6  2.37  7.69  5.36 110 1011.1  29.2  29.0  26.1 99.0 99.00
2016 08 21 19 50  85 11.7 13.7  2.41  7.69  5.61  99 1010.3  29.2  29.0  25.6 99.0 99.00
2016 08 21 20 50  83 11.6 14.2  2.24  8.33  5.34 117 1010.1  29.2  29.0  25.3 99.0 99.00
2016 08 21 21 50  86 10.6 13.1  2.56  7.69  5.79 105 1010.3  29.2  29.0  25.5 99.0 99.00
2016 08 21 22 50  84 10.5 12.6  2.28  7.69  5.45 109 1010.6  29.1  29.0  25.6 99.0 99.00
2016 08 21 23 50  87 10.6 12.5  2.54  7.69  5.54  96 1011.3  29.0  28.9  25.5 99.0 99.00
2016 08 22 00 50  85 10.7 12.6  2.45  7.69  5.70 109 1012.0  29.1  28.9  25.2 99.0 99.00
2016 08 22 01 50  81 11.2 13.2  2.39  7.69  5.68  99 1012.6  29.0  28.9  24.8 99.0 99.00
2016 08 22 02 50  77 11.0 12.8  2.33  7.69  5.41 110 1013.4  29.0  28.9  24.4 99.0 99.00
2016 08 22 04 50  83 10.7 12.4  2.43  7.69  5.56  96 1013.3  28.9  28.9  24.8 99.0 99.00
2016 08 22 05 50  79 11.4 13.0  2.50  7.14  5.62 101 1012.6  28.8  28.9  24.5 99.0 99.00
2016 08 22 06 50  77 10.5 12.8  2.52  7.69  5.69 103 1012.1  28.8  28.9  25.1 99.0 99.00
2016 08 22 07 50  77 10.9 13.2  2.57  7.69  5.69 105 1011.7  28.8  28.9  24.8 99.0 99.00
2016 08 22 08 50  80 11.6 13.9  2.34  7.69  5.36 109 1011.8  28.8  28.9  24.8 99.0 99.00
2016 08 22 09 50  82 11.1 13.4  2.44  7.69  5.55 107 1012.0  28.9  28.9  25.0 99.0 99.00
2016 08 22 10 50  80 11.3 13.5  2.49  7.14  5.57 102 1012.4  28.9  28.9  25.0 99.0 99.00
2016 08 22 11 50  80 10.1 12.5  2.43  7.69  5.52 108 1013.1  29.0  28.9  25.2 99.0 99.00
2016 08 22 12 50  84 10.8 13.1  2.12  7.69  5.30  93 1013.3  29.1  28.9  25.2 99.0 99.00
2016 08 22 13 50  82 10.7 12.8  2.18  7.14  5.49 104 1013.6  29.2  28.9  25.4 99.0 99.00
2016 08 22 14 50  81 10.5 12.2  2.27  7.69  5.54 104 1013.7  29.1  28.9  25.6 99.0 99.00
2016 08 22 15 50  80 10.4 12.7  2.44  7.69  5.62 107 1013.6  29.1  29.0  25.6 99.0 99.00
2016 08 22 16 50  81  9.9 12.4  2.41  7.14  5.66 107 1013.4  29.1  29.0  25.6 99.0 99.00
2016 08 22 17 50  76 10.3 12.5  2.41  7.14  5.50  99 1012.4  29.1  29.0  25.5 99.0 99.00
2016 08 22 18 50  72 10.2 12.1  2.31  7.69  5.51 112 1011.7  29.1  29.0  25.5 99.0 99.00
2016 08 22 19 50  68 11.0 12.7  2.41  7.14  5.54 104 1011.3  29.0  29.0  25.5 99.0 99.00
2016 08 22 20 50  72 10.5 12.0  2.28  7.69  5.53 116 1010.9  29.1  29.0  25.7 99.0 99.00
2016 08 22 21 50  67 10.6 12.5  2.39  7.69  5.57 112 1010.8  29.1  29.0  25.6 99.0 99.00
2016 08 22 22 50  68 10.2 12.2  1.98  7.69  5.16 120 1011.2  29.0  29.0  25.6 99.0 99.00
2016 08 22 23 50  67 10.0 11.6  2.04  7.14  5.22 111 1012.0  29.0  29.0  25.6 99.0 99.00
2016 08 23 00 50  71  9.5 11.4  2.16  7.14  5.32 104 1012.9  29.0  29.0  25.5 99.0 99.00
2016 08 23 01 50  74  9.5 11.2  2.11  7.14  5.28 105 1013.8  29.0  29.0  25.5 99.0 99.00
2016 08 23 02 50  67  9.8 11.6  2.01  7.14  5.20 104 1014.2  28.9  28.9  25.3 99.0 99.00
2016 08 23 03 50  66  9.1 10.9  1.96  6.67  5.09 103 1014.2  28.9  28.9  25.3 99.0 99.00
2016 08 23 04 50  69  8.7 10.3  1.84  6.67  5.30  98 1013.8  28.8  28.9  25.3 99.0 99.00
2016 08 23 05 50  73  9.2 10.5  1.84  7.14  5.03 101 1013.4  28.7  28.9  25.2 99.0 99.00
2016 08 23 06 50  71  9.2 11.0  1.83  6.67  5.05 111 1013.0  28.6  28.9  25.0 99.0 99.00
2016 08 23 07 50  72  8.3  9.6  1.85  7.14  5.11 105 1012.8  28.6  28.9  25.1 99.0 99.00
2016 08 23 08 50  74  9.1 10.8  1.65  6.67  4.92 100 1013.3  28.7  28.9  24.9 99.0 99.00
2016 08 23 10 50  83  7.9  9.6  1.86  7.14  5.23 106 1013.4  28.6  28.9  24.2 99.0 99.00
2016 08 23 11 50  80  7.8  9.1  1.72  6.67  5.23 105 1013.8  28.7  28.9  24.8 99.0 99.00
2016 08 23 12 50  70  8.6 10.0  1.67  7.14  5.16 107 1014.4  28.8  28.9  24.8 99.0 99.00
2016 08 23 13 50  80  7.9  9.5  1.70  6.67  5.11 108 1014.7  29.0  28.9  24.7 99.0 99.00
2016 08 23 14 50  80  7.6  8.5  1.60  6.67  4.96  95 1014.4  28.9  28.9  24.9 99.0 99.00
2016 08 23 15 50  71  7.8  9.0  1.53  6.67  4.87 105 1014.2  29.0  29.0  24.9 99.0 99.00
2016 08 23 16 50  62  7.4  8.7  1.50  6.67  4.91 104 1013.8  28.9  29.0  25.4 99.0 99.00
2016 08 23 17 50  61  8.5  9.8  1.52  6.67  4.94 117 1012.9  29.0  29.1  24.9 99.0 99.00
2016 08 23 18 50  69  7.6  8.8  1.55  6.67  4.98 109 1012.4  29.0  29.1  25.0 99.0 99.00
2016 08 23 19 50  68  7.5  8.9  1.52  6.67  4.91 105 1011.8  29.0  29.2  25.4 99.0 99.00
2016 08 23 20 50  70  7.7  8.8  1.47  6.67  4.74 112 1011.7  29.0  29.1  25.1 99.0 99.00
2016 08 23 21 50  71  7.6  8.9  1.43  6.67  4.73 116 1011.6  29.1  29.1  25.1 99.0 99.00
2016 08 23 22 50  59  7.3  8.6  1.55  6.25  4.87  97 1011.7  29.0  29.0  25.4 99.0 99.00
2016 08 23 23 50  63  8.0  9.2  1.45  6.67  4.88 103 1012.0  29.0  29.0  24.8 99.0 99.00
2016 08 24 00 50  70  7.0  8.2  1.53  6.67  4.90 100 1012.6  28.9  29.0  25.0 99.0 99.00
2016 08 24 01 50  60  6.5  7.4  1.44  6.67  5.01 108 1013.0  28.8  29.0  25.3 99.0 99.00
2016 08 24 02 50  67  6.9  8.1  1.39  6.25  4.97 104 1013.4  28.8  29.0  24.9 99.0 99.00
2016 08 24 03 50  65  6.7  8.1  1.35  6.67  4.90 113 1013.5  28.8  29.0  25.0 99.0 99.00
2016 08 24 04 50  65  5.2  6.4  1.32  6.67  4.86 110 1012.9  28.7  29.0  25.1 99.0 99.00
2016 08 24 05 50  74  6.9  7.9  1.32  6.67  5.02 103 1012.4  28.7  29.0  24.8 99.0 99.00
2016 08 24 06 50  65  6.5  7.6  1.27  6.67  4.86 118 1011.8  28.6  29.0  24.9 99.0 99.00
2016 08 24 07 50  74  6.9  8.3  1.26  5.88  4.82  84 1012.1  28.7  29.0  24.6 99.0 99.00
2016 08 24 08 50  72  5.4  6.7  1.23  6.67  4.77 100 1012.1  28.6  29.0  24.4 99.0 99.00
2016 08 24 09 50  84  5.7  6.7  1.23  6.67  4.88 107 1012.0  28.6  29.0  24.6 99.0 99.00
2016 08 24 10 50  84  5.8  6.7  1.17  6.25  4.72  95 1012.3  28.6  29.0  25.0 99.0 99.00
2016 08 24 11 50  78  6.7  7.4  1.18  6.25  4.74  95 1012.4  28.9  29.0  24.8 99.0 99.00
2016 08 24 12 50  88  6.1  7.2  1.19  6.25  4.74  91 1012.7  28.9  29.0  24.7 99.0 99.00
2016 08 24 13 50  85  5.6  6.4  1.11  6.67  4.67  96 1012.9  28.8  29.0  25.0 99.0 99.00
2016 08 24 14 50  88  7.0  8.4  1.07  6.25  4.64 113 1012.8  28.9  29.1  24.2 99.0 99.00
2016 08 24 15 50  82  6.1  7.0  1.07  5.88  4.47 102 1012.5  29.0  29.2  24.1 99.0 99.00
2016 08 24 16 50  83  5.9  6.9  1.11  6.25  4.68 106 1012.2  28.9  29.2  24.0 99.0 99.00
2016 08 24 17 50  83  5.4  6.3  1.10  5.88  4.64  99 1011.2  28.9  29.3  23.8 99.0 99.00
2016 08 24 18 50  75  5.9  6.7  1.14  6.25  4.77 110 1010.3  28.8  29.4  23.7 99.0 99.00
2016 08 24 19 50  73  5.0  6.1  1.13  5.88  4.84 110 1010.1  28.9  29.5  23.9 99.0 99.00
2016 08 24 20 50  69  4.4  5.3  1.13  5.88  4.83 110 1010.0  28.9  29.5  23.9 99.0 99.00
2016 08 24 21 50  55  3.9  4.5  1.07  6.25  4.69 107 1009.9  29.1  29.4  24.2 99.0 99.00
2016 08 24 22 50  49  5.3  6.6  1.02  6.25  4.57 114 1010.0  28.9  29.4  24.5 99.0 99.00
2016 08 24 23 50  49  5.6  7.1  1.13  6.25  4.78 100 1010.6  28.8  29.4  24.5 99.0 99.00
2016 08 25 00 50  52  5.0  5.8  1.02  6.25  4.64 108 1011.0  28.7  29.3  24.3 99.0 99.00
2016 08 25 01 50  58  5.1  6.1  1.04  6.25  4.71 105 1011.6  28.7  29.3  24.1 99.0 99.00
2016 08 25 02 50  57  5.0  6.1  1.00  6.25  4.81 104 1012.5  28.7  29.2  24.3 99.0 99.00
2016 08 25 04 50  52  4.4  5.2  0.85  5.88  4.69  92 1011.7  28.6  29.2  23.9 99.0 99.00
2016 08 25 05 50  50  4.5  5.3  0.96  5.56  4.92  90 1011.6  28.4  29.2  23.9 99.0 99.00
2016 08 25 06 50  50  3.5  4.2  0.98  5.88  4.99 101 1010.6  28.4  29.2  23.4 99.0 99.00
2016 08 25 07 50  53  3.2  4.0  1.01  5.88  5.01  92 1010.3  28.2  29.2  23.6 99.0 99.00
2016 08 25 08 50  69  2.4  3.0  0.89  5.88  4.81  97 1010.1  28.2  29.1  23.5 99.0 99.00
2016 08 25 10 50  63  3.7  4.4  0.81  5.88  4.62 107 1009.8  28.0  29.1  23.9 99.0 99.00
2016 08 25 11 50  82  3.0  3.6  0.88  5.56  4.91  92 1010.5  28.4  29.1  24.1 99.0 99.00
2016 08 25 12 50 102  3.7  4.5  0.75  5.56  4.70 104 1011.1  28.4  29.1  23.8 99.0 99.00
2016 08 25 13 50  80  3.8  4.5  0.80  5.56  4.93  92 1011.2  28.4  29.2  23.6 99.0 99.00
2016 08 25 14 50  84  4.6  5.4  0.67  6.67  4.82  45 1011.1  28.4  29.3  23.3 99.0 99.00
2016 08 25 15 50  82  4.2  4.9  0.69  5.88  4.90  98 1010.9  28.3  29.4  23.8 99.0 99.00
2016 08 25 16 50  79  4.0  4.8  0.62  5.56  4.53  95 1010.5  28.4  29.5  23.9 99.0 99.00
2016 08 25 17 50  86  4.4  5.1  0.67  5.56  4.86  95 1010.2  28.6  29.6  23.8 99.0 99.00
2016 08 25 18 50  79  4.3  5.4  0.60  5.56  4.44  85 1009.7  28.7  29.7  23.9 99.0 99.00
2016 08 25 19 50  66  4.2  5.0  0.66  5.26  4.47  99 1009.0  28.8  29.6  24.4 99.0 99.00
2016 08 25 20 50  74  4.2  5.2  0.67  5.56  4.49  85 1008.5  28.8  29.6  24.5 99.0 99.00
2016 08 25 21 50  80  3.5  4.3  0.67  5.56  4.33  88 1008.5  28.9  29.6  24.5 99.0 99.00
2016 08 25 22 50  68  2.9  3.8  0.69  4.76  4.33 105 1009.2  28.9  29.5  24.9 99.0 99.00
2016 08 25 23 50  75  3.4  4.0  0.70  5.88  4.37  54 1010.4  29.1  29.5  24.5 99.0 99.00
2016 08 26 00 50  67  4.0  4.6  0.69  5.26  4.24  93 1010.7  28.9  29.4  25.0 99.0 99.00
2016 08 26 01 50  65  4.9  5.7  0.69  5.56  4.36  91 1010.9  28.9  29.3  25.2 99.0 99.00
2016 08 26 02 50  72  5.8  6.4  0.66  5.56  4.24  70 1011.0  28.9  29.3  25.4 99.0 99.00
2016 08 26 03 50  74  6.3  7.1  0.69  5.56  4.03  51 1011.1  28.9  29.3  25.5 99.0 99.00
2016 08 26 04 50  69  6.1  7.3  0.68  5.26  4.01  88 1010.7  28.9  29.3  25.5 99.0 99.00
2016 08 26 05 50  65  6.3  7.4  0.73  4.76  3.96  96 1009.6  28.8  29.2  25.7 99.0 99.00
2016 08 26 06 50  82  6.5  7.6  0.75  5.56  3.90  81 1009.5  28.9  29.2  25.8 99.0 99.00
2016 08 26 07 50  88  6.1  7.5  0.81  5.00  3.89 102 1009.6  28.9  29.2  25.7 99.0 99.00
2016 08 26 08 50  88  6.2  7.5  0.82  5.26  3.91 101 1009.6  28.9  29.1  25.6 99.0 99.00
2016 08 26 09 50  91  5.5  6.4  0.93  5.56  4.12 100 1010.2  28.8  29.1  25.7 99.0 99.00
2016 08 26 10 50  80  6.0  6.8  1.01  4.76  4.33 103 1010.5  28.9  29.1  25.7 99.0 99.00
2016 08 26 11 50  91  6.8  8.8  1.02  5.88  4.47 106 1010.7  29.0  29.1  25.7 99.0 99.00
2016 08 26 12 50  89  6.8  8.0  0.99  6.25  4.54  98 1011.5  29.2  29.1  25.6 99.0 99.00
2016 08 26 13 50  95  7.4  8.6  1.08  5.00  4.37 105 1012.0  29.3  29.2  25.6 99.0 99.00
2016 08 26 14 50  97  7.5  8.8  1.15  6.67  4.60 103 1011.8  29.3  29.2  25.7 99.0 99.00
2016 08 26 15 50  96  6.5  7.5  1.16  6.67  4.66 107 1011.5  29.3  29.2  25.7 99.0 99.00
2016 08 26 16 50  98  6.8  8.0  1.17  6.67  4.61 110 1011.1  29.3  29.3  25.6 99.0 99.00
2016 08 26 17 50  84  6.8  7.9  1.21  6.67  4.78 101 1010.4  29.2  29.4  25.7 99.0 99.00
2016 08 26 18 50  91  7.5  8.4  1.19  6.25  4.71  99 1009.9  29.2  29.4  25.6 99.0 99.00
2016 08 26 19 50  95  6.6  7.8  1.29  6.67  4.79 104 1009.4  29.3  29.4  25.7 99.0 99.00
2016 08 26 20 50  79  6.6  7.8  1.37  6.67  5.09 101 1009.2  29.3  29.4  26.0 99.0 99.00
2016 08 26 21 50  87  6.2  7.3  1.40  7.14  5.03 106 1009.4  29.3  29.3  26.0 99.0 99.00
2016 08 26 22 50  83  5.9  7.4  1.27  6.67  4.90 100 1009.8  29.0  29.3  26.0 99.0 99.00
2016 08 26 23 50  90  7.1  8.4  1.28  7.14  4.92 108 1010.2  29.3  29.3  26.2 99.0 99.00
2016 08 27 00 50  99  6.9  8.3  1.34  7.14  5.07 108 1010.8  29.1  29.3  26.2 99.0 99.00
2016 08 27 01 50 100  7.1  8.2  1.36  7.14  4.81 101 1011.5  29.3  29.2  25.9 99.0 99.00
2016 08 27 02 50  99  5.2  6.2  1.32  6.67  4.87  96 1011.9  28.9  29.2  26.0 99.0 99.00
2016 08 27 03 50 109  6.9  7.8  1.30  6.67  4.94  91 1011.7  29.1  29.2  25.9 99.0 99.00
2016 08 27 04 50 128  2.9  3.7  1.26  7.14  4.83 104 1011.5  28.2  29.2  25.2 99.0 99.00
2016 08 27 05 50  96  6.8  7.7  1.25  7.14  5.13 106 1010.7  29.0  29.2  25.8 99.0 99.00
2016 08 27 06 50  99  8.0  9.0  1.20  6.67  4.88 107 1009.9  28.9  29.2  25.8 99.0 99.00
2016 08 27 07 50 109  6.9  8.6  1.25  6.25  4.93 104 1009.6  28.7  29.2  26.3 99.0 99.00
2016 08 27 08 50 107  7.6  9.0  1.22  6.67  4.80 104 1009.6  28.8  29.1  25.2 99.0 99.00
2016 08 27 09 50 119  6.3  7.4  1.17  7.14  4.74  98 1010.3  28.8  29.1  25.2 99.0 99.00
2016 08 27 10 50 125  5.3  6.4  1.23  6.67  4.94 101 1010.6  28.7  29.1  25.6 99.0 99.00
2016 08 27 11 50 123  7.6  8.6  1.09  6.67  4.72 104 1010.7  28.5  29.1  24.9 99.0 99.00
2016 08 27 12 50 134  5.1  6.3  1.13  6.67  4.63 100 1011.4  28.9  29.1  25.8 99.0 99.00
2016 08 27 13 50 140  4.9  5.8  1.14  7.14  5.04  96 1012.0  29.0  29.1  25.9 99.0 99.00
2016 08 27 14 50 135  5.7  6.6  1.04  6.25  4.55  90 1012.1  28.9  29.2  25.7 99.0 99.00
2016 08 27 15 50 196  3.7  4.4  1.07  6.67  4.65  95 1012.2  28.4  29.3  25.0 99.0 99.00
2016 08 27 16 50 170  2.7  3.3  1.06  6.25  4.86 108 1012.2  28.8  29.5  25.6 99.0 99.00
2016 08 27 17 50 169  3.6  4.7  1.09  6.67  4.96  97 1011.4  28.9  29.5  25.3 99.0 99.00
2016 08 27 18 50 159  4.6  5.2  1.07  5.56  4.98 141 1010.9  28.3  29.5  25.1 99.0 99.00
2016 08 27 19 50 180  2.6  3.2  1.11  6.67  4.99  94 1010.3  28.4  29.4  24.8 99.0 99.00
2016 08 27 20 50 250  1.6  2.2  1.08  6.25  4.95 110 1010.1  28.5  29.5  25.2 99.0 99.00
2016 08 27 21 50 231  1.0  1.7  1.04  6.25  5.07  98 1009.8  28.5  29.5  25.4 99.0 99.00
2016 08 27 22 50 343  1.6  2.3  1.11  6.25  5.10  95 1010.0  28.4  29.5  25.5 99.0 99.00
2016 08 27 23 50  15  1.6  2.3  1.04  6.25  5.07  91 1010.5  28.5  29.5  25.3 99.0 99.00
2016 08 28 00 50  26  3.1  3.8  0.99  6.67  4.88  85 1011.3  28.3  29.4  25.8 99.0 99.00
2016 08 28 01 50  56  3.9  4.5  0.96  7.14  5.05  87 1011.9  28.5  29.4  25.5 99.0 99.00
2016 08 28 02 50  66  4.9  5.5  0.99  6.67  5.24  85 1012.7  28.6  29.4  25.6 99.0 99.00
2016 08 28 03 50  78  5.3  6.1  0.96  6.67  5.19  78 1012.8  28.6  29.3  25.6 99.0 99.00
2016 08 28 04 50  91  4.7  5.8  0.87  7.14  5.12  83 1012.2  28.7  29.3  25.5 99.0 99.00
2016 08 28 05 50  87  5.6  6.5  0.93  7.14  5.02  79 1011.5  28.6  29.3  25.7 99.0 99.00
2016 08 28 06 50  99  5.8  6.7  0.94  6.67  4.83  83 1011.0  28.7  29.2  25.1 99.0 99.00
2016 08 28 07 50  96  6.2  7.2  0.91  6.67  4.71  89 1010.7  28.7  29.2  25.8 99.0 99.00
2016 08 28 08 50 108  7.8  9.1  0.98  6.67  4.63  92 1011.0  28.7  29.2  25.7 99.0 99.00
2016 08 28 09 50 112 10.7 12.4  1.04  7.69  4.28  87 1011.1  28.6  29.2  25.2 99.0 99.00
2016 08 28 10 50 132 13.1 15.6  1.20  6.67  4.24  90 1011.3  27.8  29.2  24.7 99.0 99.00
2016 08 28 11 50 117  9.4 10.9  1.38  6.67  4.37  89 1011.9  28.8  29.2  25.9 99.0 99.00
2016 08 28 12 50 116  9.6 11.3  1.39  4.76  4.37  93 1012.6  29.2  29.2  25.7 99.0 99.00
2016 08 28 13 50 118  8.3  9.7  1.50  5.26  4.51  82 1013.3  29.3  29.3  25.6 99.0 99.00
2016 08 28 14 50 119  8.7  9.8  1.40  5.56  4.54  94 1013.2  29.2  29.2  25.5 99.0 99.00
2016 08 28 15 50 120  7.1  8.4  1.39  5.26  4.45  96 1012.9  29.3  29.3  25.2 99.0 99.00
2016 08 28 16 50 119  7.5  8.4  1.31  6.25  4.45  97 1012.4  29.3  29.3  25.3 99.0 99.00
2016 08 28 17 50 122  8.0  9.2  1.31  5.88  4.59  96 1011.8  29.3  29.4  25.4 99.0 99.00
2016 08 28 18 50 118  6.6  7.8  1.20  5.88  4.44  87 1011.3  29.2  29.4  25.4 99.0 99.00
2016 08 28 19 50 121  7.7  9.3  1.27  6.25  4.52  92 1010.5  29.2  29.4  25.3 99.0 99.00
2016 08 28 20 50 115  7.9  8.9  1.27  6.25  4.47  99 1009.9  29.3  29.4  25.2 99.0 99.00
2016 08 28 21 50 105  6.3  7.4  1.22  5.56  4.50  94 1010.1  29.3  29.5  25.3 99.0 99.00
2016 08 28 22 50 105  6.0  6.9  1.23  5.56  4.57  92 1010.3  29.2  29.4  25.0 99.0 99.00
2016 08 28 23 50  95  6.3  7.3  1.12  5.56  4.53  95 1011.2  29.1  29.4  25.2 99.0 99.00
2016 08 29 00 50  86  6.7  8.1  1.20  5.88  4.62  97 1011.9  29.2  29.3  25.6 99.0 99.00
2016 08 29 01 50  85  7.3  8.3  1.12  5.88  4.30  94 1012.4  29.2  29.3  25.5 99.0 99.00
2016 08 29 02 50  84  7.7  9.2  1.19  5.88  4.49 101 1012.5  29.2  29.3  25.2 99.0 99.00
2016 08 29 03 50  80  8.3  9.9  1.16  5.88  4.30  95 1012.4  29.2  29.2  25.3 99.0 99.00
2016 08 29 04 50  80  7.9  9.3  1.12  6.25  4.15  95 1012.5  29.1  29.2  25.5 99.0 99.00
2016 08 29 05 50  81  8.0  9.2  1.16  5.88  4.33 104 1011.9  29.0  29.2  25.4 99.0 99.00
2016 08 29 06 50  84  8.3 10.0  1.18  5.88  4.33  98 1011.3  29.0  29.3  25.6 99.0 99.00
2016 08 29 07 50  82  9.7 11.3  1.31  6.25  4.43  99 1010.4  28.9  29.2  25.4 99.0 99.00
2016 08 29 08 50  93  9.4 11.4  1.35  6.25  4.36  94 1010.1  29.0  29.1  25.3 99.0 99.00
2016 08 29 09 50  92  9.3 11.0  1.43  5.88  4.49  98 1010.4  29.0  29.1  25.3 99.0 99.00
2016 08 29 10 50  97  9.2 11.0  1.56  5.56  4.59  97 1010.9  29.1  29.1  25.5 99.0 99.00
2016 08 29 11 50 102  9.8 11.4  1.61  6.67  4.75 110 1011.4  29.2  29.2  25.3 99.0 99.00
2016 08 29 12 50 102  8.9 10.3  1.56  6.25  4.72 112 1011.7  29.3  29.2  25.5 99.0 99.00
2016 08 29 13 50 101  9.2 10.9  1.60  5.88  4.74 105 1012.2  29.4  29.2  25.5 99.0 99.00
2016 08 29 14 50  99  8.8 10.2  1.60  6.67  4.78 117 1012.7  29.4  29.2  25.4 99.0 99.00
2016 08 29 15 50 103  8.7 10.2  1.66  7.14  5.00 111 1012.7  29.4  29.2  25.2 99.0 99.00
2016 08 29 16 50  98  7.8  9.2  1.60  6.67  4.78 107 1012.2  29.3  29.2  25.8 99.0 99.00
2016 08 29 17 50  93  8.7 10.6  1.72  7.14  5.02 115 1011.4  29.3  29.3  25.7 99.0 99.00
2016 08 29 18 50  93  8.8 10.2  1.67  6.67  5.00 112 1011.0  29.4  29.3  25.6 99.0 99.00
2016 08 29 19 50  92  9.0 10.4  1.79  7.14  5.03 117 1010.6  29.4  29.3  25.4 99.0 99.00
2016 08 29 20 50  93  8.4 10.7  1.75  7.14  5.11 120 1010.3  29.2  29.3  25.8 99.0 99.00
2016 08 29 21 50  93 10.3 12.4  1.69  7.14  4.93 107 1010.0  29.4  29.3  25.6 99.0 99.00
2016 08 29 22 50  96  8.7 10.4  1.86  7.14  4.98 117 1010.2  29.4  29.3  25.9 99.0 99.00
2016 08 29 23 50  92  8.9 11.0  1.91  6.67  5.06 107 1010.9  29.4  29.3  25.6 99.0 99.00
2016 08 30 00 50  90  8.7 10.1  1.80  7.14  5.25 112 1011.5  29.3  29.3  25.7 99.0 99.00
2016 08 30 01 50  84  8.5 10.3  1.84  7.69  5.12 119 1012.7  29.3  29.3  26.1 99.0 99.00
2016 08 30 02 50  89  9.7 11.5  1.94  7.69  5.23 120 1013.0  29.4  29.3  26.0 99.0 99.00
2016 08 30 03 50  86  9.5 11.1  1.85  7.14  5.17 113 1012.7  29.3  29.3  26.1 99.0 99.00
2016 08 30 04 50  82  9.1 10.3  2.02  7.14  5.39 110 1012.3  29.2  29.3  25.8 99.0 99.00
2016 08 30 05 50  77 10.2 12.1  1.86  7.69  5.11 122 1011.8  29.2  29.3  25.9 99.0 99.00
2016 08 30 06 50  78  9.4 11.4  1.87  8.33  5.20 126 1011.1  29.1  29.3  26.0 99.0 99.00
2016 08 30 07 50  81  9.2 11.1  1.87  7.69  5.33 128 1010.6  29.0  29.2  26.0 99.0 99.00
2016 08 30 08 50  84  9.8 11.3  1.99  7.69  5.34 109 1010.7  29.1  29.2  25.8 99.0 99.00
2016 08 30 09 50  89 10.1 12.4  1.83  7.14  5.15 122 1011.1  29.2  29.2  25.6 99.0 99.00
2016 08 30 10 50  91 10.5 13.1  1.91  7.14  5.24 112 1011.3  29.2  29.2  25.6 99.0 99.00
2016 08 30 11 50  95 10.6 12.5  1.81  7.69  4.95 122 1011.7  29.4  29.2  25.4 99.0 99.00
2016 08 30 12 50  96 11.2 13.8  1.90  7.69  4.87 111 1012.4  29.5  29.1  25.2 99.0 99.00
2016 08 30 13 50 102 11.7 13.9  2.11  7.69  5.20 119 1012.8  29.6  29.1  24.8 99.0 99.00
2016 08 30 14 50  97 10.6 12.6  2.31  7.14  5.41 112 1013.0  29.4  29.1  25.4 99.0 99.00
2016 08 30 15 50  98 11.7 13.7  2.12  7.14  5.15 104 1012.6  29.5  29.1  24.8 99.0 99.00
2016 08 30 16 50  95 10.7 12.7  2.44  7.14  5.34 103 1012.5  29.5  29.1  25.3 99.0 99.00
2016 08 30 17 50  94 10.7 12.7  2.39  8.33  5.52 106 1011.6  29.4  29.1  25.4 99.0 99.00
2016 08 30 18 50 100 11.2 13.9  2.45  7.69  5.44 109 1011.0  29.5  29.2  25.1 99.0 99.00
2016 08 30 19 50  97 11.5 13.6  2.32  7.69  5.28  96 1010.7  29.5  29.2  25.3 99.0 99.00
2016 08 30 20 50  96 10.5 12.2  2.48  7.69  5.76 104 1010.5  29.5  29.2  25.2 99.0 99.00
2016 08 30 21 50  97 10.7 12.7  2.54  8.33  5.76 117 1010.0  29.6  29.2  25.2 99.0 99.00
2016 08 30 22 50  93 10.6 13.1  2.71  8.33  5.82 110 1009.9  29.5  29.2  25.3 99.0 99.00
2016 08 30 23 50  89 10.8 12.5  2.52  7.69  5.71 105 1010.8  29.5  29.1  25.6 99.0 99.00
2016 08 31 00 50  93 10.4 12.7  2.74  8.33  6.02 106 1011.5  29.5  29.1  25.5 99.0 99.00
2016 08 31 01 50  90 10.4 12.9  2.66  8.33  6.04 109 1012.5  29.4  29.1  25.6 99.0 99.00
2016 08 31 02 50  89 10.0 12.0  2.59  7.69  5.80 108 1013.1  29.4  29.1  25.3 99.0 99.00
2016 08 31 03 50  89  9.4 11.4  2.49  7.69  5.67 107 1013.3  29.3  29.1  25.7 99.0 99.00
2016 08 31 04 50  93 10.5 12.8  2.64  8.33  5.91 109 1013.3  29.3  29.1  25.5 99.0 99.00
2016 08 31 05 50  97 11.0 13.2  2.33  7.69  5.56 102 1012.5  29.3  29.1  25.2 99.0 99.00
2016 08 31 06 50  98  9.9 12.1  2.32  7.69  5.72 103 1011.8  29.1  29.1  25.6 99.0 99.00
2016 08 31 07 50  92  9.8 11.3  2.37  8.33  5.54  99 1011.6  29.2  29.1  25.5 99.0 99.00
2016 08 31 08 50  87 10.2 12.0  2.22  8.33  5.54 105 1011.5  29.2  29.1  25.4 99.0 99.00
2016 08 31 09 50  95 11.4 13.1  2.59  8.33  5.81 107 1011.3  29.2  29.1  25.3 99.0 99.00
2016 08 31 10 50  94 11.0 13.5  2.45  8.33  5.70 106 1011.4  29.2  29.1  25.3 99.0 99.00
2016 08 31 11 50  99 11.2 13.7  2.40  7.14  5.49 111 1012.4  29.1  29.1  25.3 99.0 99.00
2016 08 31 12 50  91 11.9 14.1  2.52  7.69  5.76 107 1012.4  29.4  29.1  25.4 99.0 99.00
2016 08 31 13 50  97 10.7 13.3  2.61  8.33  5.82 106 1013.0  29.5  29.1  25.6 99.0 99.00
2016 08 31 14 50  94 10.1 12.1  2.73  8.33  5.95 114 1013.4  29.4  29.1  25.6 99.0 99.00
2016 08 31 15 50  98 10.8 12.7  2.48  8.33  5.74 104 1013.4  29.5  29.1  25.3 99.0 99.00
2016 08 31 16 50  99  9.7 11.4  2.63  7.69  5.84 100 1013.1  29.5  29.1  25.5 99.0 99.00
2016 08 31 17 50  96  9.1 11.4  2.51  8.33  5.71  99 1012.3  29.4  29.1  25.9 99.0 99.00
2016 08 31 18 50  98  9.7 11.3  2.31  8.33  5.68 102 1011.6  29.5  29.1  25.6 99.0 99.00
2016 08 31 19 50  97  9.3 10.7  2.28  8.33  5.48 107 1010.9  29.5  29.1  25.6 99.0 99.00
2016 08 31 20 50  92  9.1 11.4  2.27  8.33  5.73 109 1010.6  29.4  29.1  25.6 99.0 99.00
2016 08 31 21 50  93  8.9 10.6  2.42  8.33  5.75  96 1011.0  29.4  29.2  25.5 99.0 99.00
2016 08 31 22 50  85  8.8 10.6  2.23  7.69  5.63 103 1011.5  29.3  29.1  25.7 99.0 99.00