#YY  MM DD hh mm WDIR WSPD GST  WVHT   DPD   APD MWD   PRES  ATMP  WTMP  DEWP  VIS  TIDE
#yr  mo dy hr mn degT m/s  m/s     m   sec   sec deg    hPa  degC  degC  degC  nmi    ft
2016 06 30 23 50  80 11.3 13.8  2.78  8.33  5.95 114 1012.0  28.7  28.5  25.4 99.0 99.00
2016 07 01 01 50  81 11.8 14.6  2.79  8.33  6.10 108 1012.8  28.7  28.4  25.2 99.0 99.00
2016 07 01 02 50  82 11.1 13.8  3.04  8.33  6.28 118 1013.1  28.7  28.4  25.2 99.0 99.00
2016 07 01 03 50  81 11.8 14.2  3.08  9.09  6.36 105 1013.2  28.6  28.4  24.6 99.0 99.00
2016 07 01 04 50  81 13.4 15.3  2.94  9.09  6.16 107 1012.6  28.5  28.4  24.2 99.0 99.00
2016 07 01 05 50  82 13.5 16.8  3.12  9.09  6.42 107 1012.0  28.5  28.4  23.9 99.0 99.00
2016 07 01 06 50  81 12.8 16.4  3.09  9.09  6.24 108 1011.8  28.5  28.4  23.7 99.0 99.00
2016 07 01 07 50  84 13.0 15.8  3.25  9.09  6.61  98 1011.9  28.5  28.4  23.3 99.0 99.00
2016 07 01 08 50  83 12.7 15.1  3.51  9.09  6.73 106 1012.2  28.5  28.4  23.6 99.0 99.00
2016 07 01 09 50  79 11.6 13.9  3.05  8.33  6.34 106 1012.8  28.4  28.4  24.2 99.0 99.00
2016 07 01 10 50  85 12.3 14.7  3.26  9.09  6.53 103 1013.1  28.5  28.4  24.1 99.0 99.00
2016 07 01 11 50  82 12.3 14.5  3.48  9.09  6.55 116 1013.5  28.6  28.4  23.7 99.0 99.00
2016 07 01 12 50  76 12.5 15.1  3.30  9.09  6.51 107 1013.6  28.5  28.4  23.7 99.0 99.00
2016 07 01 13 50  79 11.8 14.7  3.39  9.09  6.61 108 1014.2  28.6  28.4  23.5 99.0 99.00
2016 07 01 14 50  79 12.1 14.4  3.13  9.09  6.57 113 1014.2  28.6  28.4  23.4 99.0 99.00
2016 07 01 15 50  74 12.1 13.9  3.33  9.09  6.76 107 1014.1  28.6  28.4  23.6 99.0 99.00
2016 07 01 16 50  76 10.9 13.0  3.16  8.33  6.41  96 1014.2  28.6  28.4  24.0 99.0 99.00
2016 07 01 17 50  75 10.6 12.6  2.92  9.09  6.37 109 1013.6  28.6  28.5  24.0 99.0 99.00
2016 07 01 18 50  76 10.7 12.5  2.98  9.09  6.50 108 1013.0  28.6  28.5  24.4 99.0 99.00
2016 07 01 19 50  74 10.8 12.5  2.96  9.09  6.37 111 1012.5  28.4  28.5  24.6 99.0 99.00
2016 07 01 20 50  70 10.0 13.0  2.96  9.09  6.40 110 1012.2  28.6  28.5  24.8 99.0 99.00
2016 07 01 21 50  73 11.6 14.1  2.67  9.09  6.15 111 1012.2  28.8  28.5  24.6 99.0 99.00
2016 07 01 22 50  65  9.9 11.9  2.69  9.09  6.11 116 1012.7  28.5  28.5  24.8 99.0 99.00
2016 07 01 23 50  61  9.9 12.3  2.66  9.09  6.14 107 1013.1  28.1  28.5  25.2 99.0 99.00
2016 07 02 00 50  67  9.8 12.4  2.74  9.09  6.03 111 1013.5  28.5  28.5  25.1 99.0 99.00
2016 07 02 01 50  67  9.9 12.5  2.61  8.33  5.90 114 1014.0  28.5  28.4  25.4 99.0 99.00
2016 07 02 02 50  68  9.6 11.8  2.52  9.09  5.91 104 1014.6  28.4  28.4  25.6 99.0 99.00
2016 07 02 03 50  69  9.5 11.4  2.72  8.33  6.03 107 1014.7  28.6  28.4  25.2 99.0 99.00
2016 07 02 04 50  73 11.1 13.4  2.43  8.33  5.81 109 1014.3  28.4  28.4  24.6 99.0 99.00
2016 07 02 05 50  85  9.5 11.3  2.37  8.33  5.67 100 1013.6  28.3  28.4  24.7 99.0 99.00
2016 07 02 06 50  77 10.8 14.1  2.27  7.69  5.69 105 1013.2  28.3  28.4  25.2 99.0 99.00
2016 07 02 07 50  84 10.0 12.4  2.37  8.33  5.84 100 1013.1  28.4  28.4  24.4 99.0 99.00
2016 07 02 09 50  83 11.5 13.4  2.30  7.69  5.66  99 1013.2  28.5  28.4  24.4 99.0 99.00
2016 07 02 10 50  81 10.9 13.1  2.46  8.33  5.86 102 1013.5  28.5  28.4  24.7 99.0 99.00
2016 07 02 11 50  85 11.5 13.8  2.64  8.33  6.03 100 1014.1  28.7  28.4  24.1 99.0 99.00
2016 07 02 12 50  85 11.3 13.4  2.51  7.69  5.70 104 1014.8  28.7  28.4  24.3 99.0 99.00
2016 07 02 13 50  90 10.3 12.5  2.32  7.14  5.54  93 1015.0  28.8  28.4  24.5 99.0 99.00
2016 07 02 15 50  84 10.7 12.9  2.42  7.69  5.62  96 1015.3  28.7  28.5  24.6 99.0 99.00
2016 07 02 16 50  88 11.2 13.2  2.61  7.69  5.82 105 1014.8  28.7  28.5  24.2 99.0 99.00
2016 07 02 17 50  86 11.4 13.2  2.68  7.69  5.95  87 1014.4  28.7  28.5  24.0 99.0 99.00
2016 07 02 18 50  90  9.4 11.2  2.50  7.69  5.67 106 1014.1  28.8  28.5  24.4 99.0 99.00
2016 07 02 19 50  86  8.6 10.0  2.60  7.69  6.06  90 1013.6  28.7  28.5  25.1 99.0 99.00
2016 07 02 20 50  87  8.3 10.0  2.51  7.69  6.02 100 1013.3  28.8  28.5  25.2 99.0 99.00
2016 07 02 21 50  82  8.5 10.4  2.14  8.33  5.59 103 1013.7  28.8  28.5  25.5 99.0 99.00
2016 07 02 22 50  76  9.0 11.0  2.27  7.69  5.67  99 1014.2  28.9  28.5  25.6 99.0 99.00
2016 07 02 23 50  75  8.7 10.4  2.14  7.69  5.70 106 1014.7  28.8  28.5  25.8 99.0 99.00
2016 07 03 00 50  74  9.3 11.2  2.21  7.69  5.64 104 1015.0  28.7  28.5  25.8 99.0 99.00
2016 07 03 01 50  76  9.3 11.2  2.24  8.33  5.76  97 1015.4  28.8  28.5  25.5 99.0 99.00
2016 07 03 02 50  80  8.4  9.9  2.26  7.69  5.84  98 1015.7  28.7  28.5  25.8 99.0 99.00
2016 07 03 03 50  78  9.5 11.5  2.12  7.69  5.67  99 1015.9  28.7  28.5  26.0 99.0 99.00
2016 07 03 04 50  77 10.5 12.3  2.24  8.33  5.72 101 1015.7  28.7  28.5  25.8 99.0 99.00
2016 07 03 05 50  70  9.5 11.0  2.23  7.69  5.61 100 1015.0  28.5  28.5  26.0 99.0 99.00
2016 07 03 06 50  76  9.2 11.0  2.03  7.69  5.43  94 1014.3  28.5  28.5  25.9 99.0 99.00
2016 07 03 07 50  78  9.5 11.7  2.19  7.69  5.72  88 1013.9  28.5  28.5  25.8 99.0 99.00
2016 07 03 08 50  82 10.1 12.4  1.96  7.14  5.45  97 1013.9  28.6  28.5  25.7 99.0 99.00
2016 07 03 09 50  88  9.9 11.6  2.17  7.69  5.63  93 1013.9  28.5  28.4  25.7 99.0 99.00
2016 07 03 10 50  82 10.7 13.0  2.13  7.69  5.48  99 1014.4  28.6  28.4  25.6 99.0 99.00
2016 07 03 11 50  86 10.7 12.7  2.09  7.69  5.31  95 1014.8  28.9  28.4  25.3 99.0 99.00
2016 07 03 12 50  86 10.5 12.9  2.11  7.69  5.25  86 1015.3  28.9  28.4  25.7 99.0 99.00
2016 07 03 13 50  81 10.9 13.8  2.09  7.14  5.35  92 1015.9  28.8  28.4  25.7 99.0 99.00
2016 07 03 14 50  83 12.5 15.5  2.22  7.69  5.34  97 1016.1  28.9  28.5  25.7 99.0 99.00
2016 07 03 15 50  83 11.4 13.3  2.29  6.25  5.32  87 1016.2  28.9  28.5  25.8 99.0 99.00
2016 07 03 16 50  86 10.6 13.4  2.31  7.69  5.45  91 1016.0  28.9  28.5  25.6 99.0 99.00
2016 07 03 17 50  89 11.6 14.1  2.49  7.14  5.65  94 1015.4  29.0  28.5  25.4 99.0 99.00
2016 07 03 18 50  90 12.2 14.8  2.45  7.14  5.51 102 1014.7  28.9  28.5  25.7 99.0 99.00
2016 07 03 19 50  95 10.9 12.7  2.51  7.14  5.58  94 1014.5  28.9  28.5  25.2 99.0 99.00
2016 07 03 20 50  91 11.6 15.0  2.59  7.69  5.68 100 1014.0  28.9  28.5  24.8 99.0 99.00
2016 07 03 21 50  90 11.4 14.0  2.55  7.14  5.73  87 1014.0  28.9  28.5  24.7 99.0 99.00
2016 07 03 22 50  91 10.0 12.0  2.49  7.14  5.73 103 1014.2  28.8  28.5  24.6 99.0 99.00
2016 07 03 23 50  88 11.0 13.4  2.49  7.69  5.85 101 1014.4  28.7  28.5  24.4 99.0 99.00
2016 07 04 00 50  86 10.7 12.5  2.97  7.69  6.14  95 1015.1  28.7  28.5  24.6 99.0 99.00
2016 07 04 01 50  79 11.1 13.7  2.62  7.69  5.83 105 1015.4  28.6  28.5  24.5 99.0 99.00
2016 07 04 02 50  85 11.3 13.5  2.60  7.69  5.78 100 1015.6  28.7  28.5  24.4 99.0 99.00
2016 07 04 03 50  80 10.9 13.0  2.60  8.33  5.87 100 1016.1  28.7  28.5  24.6 99.0 99.00
2016 07 04 04 50  81 10.8 13.6  2.48  7.69  5.58  93 1015.9  28.6  28.4  24.5 99.0 99.00
2016 07 04 05 50  78 10.7 12.5  3.00  8.33  6.17  86 1015.4  28.5  28.4  24.2 99.0 99.00
2016 07 04 06 50  81 10.7 13.3  2.61  7.69  5.88  92 1015.1  28.5  28.4  24.4 99.0 99.00
2016 07 04 07 50  74 10.7 12.6  2.41  8.33  5.77  89 1014.8  28.5  28.4  24.0 99.0 99.00
2016 07 04 08 50  69  9.8 11.7  2.36  7.69  5.74  84 1015.0  28.5  28.4  24.4 99.0 99.00
2016 07 04 09 50  72  9.9 11.9  2.25  7.69  5.51  91 1014.7  28.4  28.4  24.8 99.0 99.00
2016 07 04 10 50  70 10.0 12.0  2.46  7.69  5.81  92 1015.0  28.5  28.4  25.3 99.0 99.00
2016 07 04 11 50  74 11.8 13.8  2.42  7.14  5.65  93 1015.3  28.6  28.4  24.7 99.0 99.00
2016 07 04 12 50  82  9.5 12.2  2.39  8.33  5.67  95 1015.9  28.2  28.4  24.9 99.0 99.00
2016 07 04 13 50  70 11.1 13.2  2.40  8.33  5.75 102 1015.9  28.6  28.4  24.8 99.0 99.00
2016 07 04 14 50  71 11.0 13.6  2.41  7.69  5.69  87 1016.0  28.8  28.4  24.8 99.0 99.00
2016 07 04 15 50  71 11.1 13.6  2.31  8.33  5.60  99 1015.8  28.8  28.4  24.8 99.0 99.00
2016 07 04 16 50  75 11.3 14.3  2.55  8.33  5.86  94 1015.5  28.9  28.4  24.5 99.0 99.00
2016 07 04 17 50  76 11.9 14.6  2.61  8.33  5.69  95 1014.8  28.8  28.4  24.3 99.0 99.00
2016 07 04 18 50  77 12.0 15.4  2.58  7.14  5.72  98 1014.5  28.4  28.4  24.2 99.0 99.00
2016 07 04 19 50  80 11.3 13.7  2.79  7.14  5.76  89 1013.9  28.5  28.5  24.3 99.0 99.00
2016 07 04 20 50  85 11.0 12.9  2.63  8.33  5.79  77 1013.4  28.3  28.5  24.6 99.0 99.00
2016 07 04 21 50  81 10.3 12.5  2.62  8.33  5.86  88 1013.3  28.7  28.5  25.0 99.0 99.00
2016 07 04 22 50  78 11.8 14.2  2.56  8.33  5.80  78 1013.2  28.5  28.5  25.0 99.0 99.00
2016 07 04 23 50  78 10.8 13.3  2.71  7.69  5.79  87 1014.0  28.6  28.4  24.9 99.0 99.00
2016 07 05 00 50  74 12.2 14.6  2.67  8.33  5.95  83 1014.2  28.5  28.4  25.1 99.0 99.00
2016 07 05 02 50  72 11.9 14.4  2.57  7.69  5.69  81 1015.0  28.7  28.4  24.8 99.0 99.00
2016 07 05 03 50  70 11.6 14.9  2.52  8.33  5.69  85 1015.3  28.7  28.4  25.2 99.0 99.00
2016 07 05 04 50  74 12.4 14.6  2.75  9.09  5.86  87 1014.7  28.7  28.4  25.1 99.0 99.00
2016 07 05 05 50  72 12.0 14.4  2.77  8.33  5.88  83 1014.1  28.6  28.4  25.3 99.0 99.00
2016 07 05 06 50  74 11.9 14.4  2.68  8.33  5.80  87 1013.6  28.6  28.4  25.2 99.0 99.00
2016 07 05 07 50  72 11.9 14.0  3.19  7.69  6.18  83 1013.7  28.5  28.4  25.2 99.0 99.00
2016 07 05 08 50  74 11.0 13.0  2.80  9.09  6.07  86 1013.7  28.6  28.4  25.1 99.0 99.00
2016 07 05 09 50  74 10.7 12.8  2.65  8.33  5.87  92 1013.7  28.5  28.4  25.2 99.0 99.00
2016 07 05 10 50  76 10.6 12.3  2.90  8.33  6.07  80 1014.2  28.6  28.4  25.2 99.0 99.00
2016 07 05 11 50  74 11.4 13.5  2.80  8.33  6.01  98 1014.7  28.7  28.4  25.1 99.0 99.00
2016 07 05 12 50  77 12.3 14.6  2.70  8.33  5.86  84 1014.8  28.9  28.5  24.8 99.0 99.00
2016 07 05 13 50  78 10.8 12.9  2.80  7.69  6.02  93 1015.1  28.8  28.5  25.0 99.0 99.00
2016 07 05 15 50  83 11.7 14.1  2.88  8.33  6.04  91 1015.1  28.9  28.5  24.8 99.0 99.00
2016 07 05 16 50  80 11.3 13.5  2.81  9.09  5.99  88 1015.0  28.9  28.6  24.7 99.0 99.00
2016 07 05 17 50  80  9.9 11.9  2.54  9.09  5.76  94 1014.9  28.9  28.6  25.2 99.0 99.00
2016 07 05 18 50  78 10.8 12.7  2.73  8.33  5.86  83 1014.4  29.0  28.6  25.0 99.0 99.00
2016 07 05 19 50  80 10.5 12.9  2.65  7.69  5.83  94 1013.8  28.9  28.6  25.1 99.0 99.00
2016 07 05 20 50  78  8.7 10.6  2.72  8.33  6.07  92 1013.3  28.9  28.7  25.4 99.0 99.00
2016 07 05 21 50  76  9.0 11.6  2.37  9.09  5.76  96 1012.7  28.9  28.7  25.6 99.0 99.00
2016 07 05 22 50  73  9.4 11.8  2.45  7.69  5.79  93 1013.1  28.9  28.7  25.5 99.0 99.00
2016 07 05 23 50  70 10.4 13.1  2.33  9.09  5.73  97 1013.9  28.9  28.7  25.5 99.0 99.00
2016 07 06 00 50  77 10.0 11.9  2.46  8.33  5.96  91 1015.1  28.8  28.7  25.7 99.0 99.00
2016 07 06 01 50  77 10.1 12.1  2.39  8.33  5.72  88 1015.5  28.7  28.6  25.7 99.0 99.00
2016 07 06 02 50  77 10.3 12.5  2.28  9.09  5.59  95 1015.8  28.8  28.6  25.6 99.0 99.00
2016 07 06 03 50  78 10.4 12.1  2.28  8.33  5.73  89 1015.7  28.8  28.6  25.3 99.0 99.00
2016 07 06 04 50  81 10.8 12.2  2.27  7.69  5.61  90 1015.3  28.7  28.6  25.7 99.0 99.00
2016 07 06 05 50  87 10.5 12.1  2.10  8.33  5.32  89 1014.6  28.6  28.6  25.2 99.0 99.00
2016 07 06 06 50  86 10.1 11.9  2.06  6.67  5.43  84 1014.2  28.5  28.6  25.5 99.0 99.00
2016 07 06 07 50  90  9.5 11.5  2.17  8.33  5.65  87 1014.4  28.5  28.6  25.2 99.0 99.00
2016 07 06 08 50  84 10.1 12.1  2.37  8.33  5.78  87 1014.3  28.6  28.6  25.6 99.0 99.00
2016 07 06 09 50  82 10.5 12.3  2.33  8.33  5.66  86 1014.1  28.6  28.6  25.4 99.0 99.00
2016 07 06 10 50  90 10.4 12.2  2.34  8.33  5.57  86 1014.2  28.6  28.6  25.5 99.0 99.00
2016 07 06 11 50  88 10.6 13.0  2.30  8.33  5.70  78 1014.7  28.8  28.6  25.4 99.0 99.00
2016 07 06 12 50  88  9.6 11.4  2.11  7.69  5.39  86 1015.1  28.6  28.6  25.8 99.0 99.00
2016 07 06 13 50  89  9.4 11.4  2.28  7.69  5.64  87 1015.2  28.7  28.7  25.9 99.0 99.00
2016 07 06 14 50  89 10.2 12.8  2.20  7.69  5.58  91 1015.3  28.8  28.7  25.6 99.0 99.00
2016 07 06 15 50  84 11.8 13.8  2.02  7.69  5.22  88 1015.5  29.0  28.7  25.3 99.0 99.00
2016 07 06 16 50  92 11.1 13.3  2.20  7.69  5.28  94 1015.5  29.0  28.7  25.0 99.0 99.00
2016 07 06 17 50  90 10.4 12.4  2.16  8.33  5.25  88 1014.9  29.0  28.7  25.2 99.0 99.00
2016 07 06 18 50  83 10.5 12.3  2.27  7.69  5.61  97 1014.3  28.9  28.7  25.3 99.0 99.00
2016 07 06 19 50  79 10.4 12.7  2.38  6.67  5.68  95 1013.8  29.0  28.7  25.5 99.0 99.00
2016 07 06 20 50  76 11.2 13.4  2.08  6.67  5.20  92 1013.3  28.8  28.7  25.6 99.0 99.00
2016 07 06 21 50  80 12.7 15.9  2.41  7.69  5.57  90 1012.6  29.0  28.7  25.4 99.0 99.00
2016 07 06 22 50  80 11.3 14.1  2.53  7.69  5.43  89 1012.7  29.0  28.7  25.6 99.0 99.00
2016 07 06 23 50  78 12.4 14.8  2.53  7.69  5.65  82 1013.4  29.0  28.7  25.5 99.0 99.00
2016 07 07 00 50  80 12.4 14.5  2.71  7.14  5.84  93 1014.2  29.0  28.7  25.4 99.0 99.00
2016 07 07 01 50  78 12.7 15.4  2.74  7.69  5.73  78 1014.2  29.0  28.7  25.4 99.0 99.00
2016 07 07 02 50  74 11.9 14.0  2.75  7.69  5.77  92 1014.7  28.9  28.7  25.7 99.0 99.00
2016 07 07 03 50  79 12.4 14.8  2.57  8.33  5.69 103 1014.8  28.9  28.7  25.5 99.0 99.00
2016 07 07 04 50  83 12.1 15.3  2.90  8.33  5.82  94 1014.4  28.9  28.7  25.5 99.0 99.00
2016 07 07 05 50  84 12.6 15.2  2.79  8.33  5.84  96 1014.1  28.8  28.7  25.3 99.0 99.00
2016 07 07 06 50  89 11.7 14.8  2.85  7.69  5.86  92 1013.8  28.8  28.7  25.3 99.0 99.00
2016 07 07 07 50  90 11.7 14.5  3.04  8.33  5.98  87 1013.5  28.8  28.7  25.4 99.0 99.00
2016 07 07 08 50  90 12.9 15.6  2.94  8.33  6.06  93 1013.2  28.7  28.7  25.1 99.0 99.00
2016 07 07 09 50  87 11.8 14.0  2.77  8.33  5.79  98 1013.1  28.6  28.6  25.3 99.0 99.00
2016 07 07 10 50  88 12.4 15.4  3.21  8.33  6.20  94 1013.6  28.7  28.6  24.8 99.0 99.00
2016 07 07 11 50  88 12.4 15.1  2.89  8.33  6.01  93 1014.1  28.8  28.6  25.1 99.0 99.00
2016 07 07 12 50  84 11.3 13.5  2.83  8.33  5.94  98 1014.8  29.0  28.6  25.2 99.0 99.00
2016 07 07 13 50  84 11.8 13.7  2.93  9.09  6.21  95 1014.8  28.9  28.6  25.4 99.0 99.00
2016 07 07 14 50  85 11.1 13.5  2.92  8.33  5.90  97 1014.9  28.9  28.6  25.3 99.0 99.00
2016 07 07 15 50  81 11.5 14.3  3.13  8.33  6.11  98 1015.0  28.9  28.6  25.4 99.0 99.00
2016 07 07 16 50  83 11.2 12.8  2.65  8.33  5.85  94 1014.8  28.9  28.7  25.3 99.0 99.00
2016 07 07 17 50  82 11.1 13.1  2.62  8.33  5.73  88 1014.1  28.9  28.7  25.4 99.0 99.00
2016 07 07 18 50  82 11.6 14.1  2.95  8.33  6.10  96 1013.7  28.9  28.7  25.1 99.0 99.00
2016 07 07 19 50  78 11.3 13.3  2.84  8.33  6.06  95 1013.2  28.9  28.7  25.3 99.0 99.00
2016 07 07 20 50  77 12.0 14.6  2.71  8.33  5.84  96 1012.8  28.9  28.7  25.4 99.0 99.00
2016 07 07 21 50  76 11.6 14.1  2.62  7.69  5.64  97 1012.8  28.9  28.7  25.5 99.0 99.00
2016 07 07 22 50  77 11.5 13.6  2.68  8.33  5.96  99 1013.1  28.9  28.7  25.6 99.0 99.00
2016 07 07 23 50  77 11.1 13.4  2.66  8.33  5.68  95 1013.5  28.8  28.6  25.5 99.0 99.00
2016 07 08 00 50  75 11.1 13.6  2.71  8.33  5.80  92 1013.7  28.8  28.6  25.7 99.0 99.00
2016 07 08 01 50  79 12.6 15.7  2.90  8.33  5.89 101 1014.1  28.8  28.6  25.5 99.0 99.00
2016 07 08 02 50  74 12.0 14.3  2.48  8.33  5.53  95 1014.6  28.7  28.6  25.6 99.0 99.00
2016 07 08 03 50  71 11.3 13.5  2.76  8.33  5.81  95 1015.1  28.7  28.6  25.6 99.0 99.00
2016 07 08 04 50  74 12.2 14.6  2.79  7.69  5.94 101 1014.8  28.7  28.5  25.5 99.0 99.00
2016 07 08 05 50  67 11.3 14.0  2.68  7.69  5.81  93 1014.4  28.6  28.5  25.6 99.0 99.00
2016 07 08 06 50  70 11.4 13.6  2.59  7.69  5.63  97 1013.6  28.5  28.5  25.5 99.0 99.00
2016 07 08 07 50  70 12.1 14.0  2.79  8.33  5.85  89 1013.1  28.5  28.5  25.3 99.0 99.00
2016 07 08 08 50  73 11.0 13.7  2.51  8.33  5.63  97 1013.4  28.6  28.5  25.2 99.0 99.00
2016 07 08 09 50  75 12.4 14.8  2.77  8.33  5.82  93 1013.2  28.6  28.5  25.3 99.0 99.00
2016 07 08 10 50  79 12.1 14.2  2.97  8.33  5.92  97 1013.4  28.6  28.5  25.3 99.0 99.00
2016 07 08 11 50  78 11.7 15.3  2.84  8.33  5.99  87 1014.0  28.7  28.5  25.5 99.0 99.00
2016 07 08 12 50  82 11.7 14.0  2.89  8.33  5.95  91 1014.5  28.9  28.5  25.3 99.0 99.00
2016 07 08 13 50  81 11.8 14.0  2.48  9.09  5.70 103 1014.7  28.9  28.5  25.3 99.0 99.00
2016 07 08 14 50  85 10.7 12.7  2.85  7.69  5.99  91 1014.9  28.9  28.5  25.6 99.0 99.00
2016 07 08 15 50  82 11.2 12.9  2.89  8.33  6.16  93 1015.1  28.9  28.5  25.3 99.0 99.00
2016 07 08 16 50  82 11.4 14.0  2.78  7.69  5.82  85 1014.7  28.9  28.5  25.2 99.0 99.00
2016 07 08 17 50  84 10.6 13.2  2.67  7.69  5.84  89 1014.3  28.8  28.5  25.5 99.0 99.00
2016 07 08 18 50  81 11.2 14.3  2.62  8.33  5.85 103 1013.6  28.9  28.6  25.4 99.0 99.00
2016 07 08 19 50  81 11.8 13.6  2.61  8.33  5.81  99 1012.9  28.9  28.6  25.0 99.0 99.00
2016 07 08 20 50  75 11.4 13.3  2.39  7.69  5.76  86 1012.4  28.8  28.6  25.2 99.0 99.00
2016 07 08 21 50  77 10.6 13.0  2.48  7.69  5.80 100 1012.6  28.8  28.6  24.8 99.0 99.00
2016 07 08 22 50  77 10.5 12.7  2.48  8.33  5.78  92 1013.0  28.7  28.5  24.7 99.0 99.00
2016 07 08 23 50  74 11.2 13.1  2.37  8.33  5.55 103 1013.5  28.6  28.5  24.7 99.0 99.00
2016 07 09 00 50  73 10.7 12.9  2.49  7.69  5.73  97 1014.2  28.6  28.5  24.7 99.0 99.00
2016 07 09 01 50  74 10.9 12.8  2.64  7.69  5.89  94 1014.7  28.6  28.5  24.8 99.0 99.00
2016 07 09 02 50  73 10.9 12.4  2.21  7.69  5.56  95 1015.0  28.5  28.5  24.6 99.0 99.00
2016 07 09 03 50  75 11.2 13.4  2.21  7.14  5.43  97 1014.8  28.5  28.5  24.8 99.0 99.00
2016 07 09 04 50  71 10.6 12.9  2.58  8.33  5.85  89 1014.8  28.5  28.5  24.8 99.0 99.00
2016 07 09 05 50  74 10.6 12.8  2.55  7.69  5.72  90 1014.1  28.3  28.5  24.8 99.0 99.00
2016 07 09 06 50  79 10.7 13.1  2.35  8.33  5.60  84 1013.5  28.4  28.5  24.6 99.0 99.00
2016 07 09 07 50  78 11.3 13.7  2.34  8.33  5.50  93 1013.4  28.4  28.5  24.3 99.0 99.00
2016 07 09 08 50  79 11.5 13.4  2.43  8.33  5.56  96 1013.2  28.4  28.5  24.4 99.0 99.00
2016 07 09 09 50  81 11.7 13.6  2.38  7.69  5.58  90 1013.3  28.4  28.5  24.3 99.0 99.00
2016 07 09 10 50  85 11.1 13.2  2.55  7.69  5.64  85 1013.6  28.3  28.5  24.4 99.0 99.00
2016 07 09 11 50  80 10.8 12.7  2.66  8.33  5.85  96 1014.1  28.5  28.4  24.2 99.0 99.00
2016 07 09 12 50  84 10.7 12.6  2.73  8.33  5.90  97 1014.3  28.6  28.4  24.1 99.0 99.00
2016 07 09 13 50  83 10.9 13.7  2.41  7.69  5.57  99 1014.3  28.5  28.5  24.1 99.0 99.00
2016 07 09 14 50  79 11.2 13.6  2.31  8.33  5.36  85 1014.1  28.5  28.5  24.1 99.0 99.00
2016 07 09 15 50  77 11.4 13.9  2.55  7.69  5.71  94 1013.9  28.6  28.5  23.8 99.0 99.00
2016 07 09 16 50  82 11.1 13.2  2.47  7.69  5.71  76 1013.4  28.6  28.5  23.8 99.0 99.00
2016 07 09 17 50  82 11.3 13.6  2.34  7.69  5.40  85 1013.3  28.5  28.5  23.9 99.0 99.00
2016 07 09 18 50  76 11.4 13.8  2.55  7.69  5.66  95 1012.6  28.6  28.5  23.9 99.0 99.00
2016 07 09 19 50  77 11.3 13.3  2.37  7.69  5.56  93 1012.4  28.7  28.5  24.0 99.0 99.00
2016 07 09 20 50  72 10.1 12.5  2.52  7.69  5.66  90 1012.2  28.7  28.5  24.3 99.0 99.00
2016 07 09 21 50  71  9.9 11.9  2.35  7.69  5.50  89 1012.1  28.6  28.5  24.3 99.0 99.00
2016 07 09 22 50  72 10.3 12.6  2.21  7.69  5.46  86 1012.5  28.6  28.5  24.4 99.0 99.00
2016 07 09 23 50  67 10.8 13.2  2.39  7.69  5.75  95 1012.9  28.5  28.5  24.7 99.0 99.00
2016 07 10 00 50  70 11.0 12.7  2.35  7.14  5.53  86 1013.4  28.5  28.5  24.8 99.0 99.00
2016 07 10 01 50  64 10.7 12.2  2.21  7.69  5.45  91 1014.0  28.6  28.5  25.1 99.0 99.00
2016 07 10 02 50  67 10.9 13.0  2.32  7.69  5.58  99 1014.3  28.6  28.5  25.4 99.0 99.00
2016 07 10 03 50  65 10.3 12.3  2.20  7.69  5.41  94 1014.5  28.6  28.5  25.5 99.0 99.00
2016 07 10 04 50  75 11.4 13.5  2.26  7.69  5.40  84 1014.1  28.6  28.5  25.4 99.0 99.00
2016 07 10 05 50  80 10.9 13.3  2.14  6.67  5.26  79 1013.4  28.6  28.5  25.5 99.0 99.00
2016 07 10 06 50  79 11.1 13.0  2.38  7.69  5.62  93 1013.1  28.5  28.5  25.4 99.0 99.00
2016 07 10 07 50  76 10.8 12.7  2.24  7.69  5.55  92 1012.8  28.5  28.5  25.5 99.0 99.00
2016 07 10 08 50  80 11.8 14.1  2.30  7.69  5.47  97 1012.7  28.6  28.5  24.9 99.0 99.00
2016 07 10 09 50  79 11.7 15.0  2.49  7.69  5.72  89 1012.7  28.6  28.5  25.1 99.0 99.00
2016 07 10 10 50  78 10.9 13.3  2.52  7.69  5.73  93 1013.1  28.4  28.5  25.5 99.0 99.00
2016 07 10 11 50  89 11.0 13.2  2.29  7.69  5.31  93 1014.1  28.7  28.5  24.7 99.0 99.00
2016 07 10 12 50  93 11.2 13.4  2.47  7.69  5.63  94 1014.4  28.8  28.5  24.8 99.0 99.00
2016 07 10 13 50  91 10.8 13.3  2.32  7.69  5.57  92 1014.6  28.9  28.5  24.9 99.0 99.00
2016 07 10 14 50  91 11.2 13.9  2.62  7.69  5.75  87 1014.2  28.9  28.5  25.0 99.0 99.00
2016 07 10 15 50  91 11.2 13.5  2.70  7.14  5.77  89 1014.0  28.9  28.5  25.1 99.0 99.00
2016 07 10 16 50  90 10.6 13.4  2.73  7.69  5.87  84 1013.9  28.9  28.5  25.3 99.0 99.00
2016 07 10 17 50  88 10.7 12.5  2.65  7.69  5.79 100 1013.8  29.0  28.6  25.4 99.0 99.00
2016 07 10 18 50  82 10.8 12.7  2.40  7.69  5.60  98 1013.2  28.9  28.6  25.7 99.0 99.00
2016 07 10 19 50  80 10.7 12.6  2.43  7.14  5.49  88 1012.9  28.9  28.6  25.7 99.0 99.00
2016 07 10 20 50  79 11.6 13.3  2.49  7.69  5.57 102 1012.5  28.9  28.6  24.8 99.0 99.00
2016 07 10 21 50  80 12.2 14.8  2.59  8.33  5.63 102 1012.0  28.9  28.6  24.9 99.0 99.00
2016 07 10 22 50  79 11.2 13.1  2.49  7.69  5.65  93 1012.3  28.8  28.6  24.7 99.0 99.00
2016 07 10 23 50  71 10.8 12.9  2.46  7.69  5.75  98 1012.8  28.7  28.6  25.6 99.0 99.00
2016 07 11 00 50  74 11.1 13.1  2.55  7.69  5.71  96 1013.3  28.6  28.6  25.7 99.0 99.00
2016 07 11 01 50  72 12.0 14.0  2.56  7.69  5.75 100 1013.4  28.6  28.6  25.6 99.0 99.00
2016 07 11 02 50  73 11.0 13.3  2.50  6.67  5.53  87 1013.9  28.7  28.6  25.5 99.0 99.00
2016 07 11 03 50  70 11.3 13.4  2.41  7.69  5.48  87 1013.7  28.7  28.6  25.5 99.0 99.00
2016 07 11 04 50  75 12.0 14.2  2.45  7.69  5.48  96 1013.4  28.6  28.6  25.3 99.0 99.00
2016 07 11 05 50  75 12.0 14.2  2.37  7.69  5.43  94 1013.2  28.7  28.5  25.3 99.0 99.00
2016 07 11 06 50  86 12.0 14.2  2.58  7.69  5.62  77 1013.0  28.6  28.5  24.8 99.0 99.00
2016 07 11 07 50  79 12.3 14.7  2.47  7.69  5.53  77 1012.5  28.5  28.5  25.2 99.0 99.00
2016 07 11 08 50  83 11.9 14.6  2.61  7.69  5.80  86 1012.3  28.6  28.5  24.9 99.0 99.00
2016 07 11 09 50  82 12.5 15.1  2.35  8.33  5.39  91 1012.5  28.6  28.5  24.7 99.0 99.00
2016 07 11 10 50  83 11.5 14.5  2.69  8.33  5.86  97 1012.9  28.5  28.5  25.1 99.0 99.00
2016 07 11 11 50  94 11.0 13.7  2.54  7.69  5.65  83 1013.1  28.8  28.5  25.5 99.0 99.00
2016 07 11 12 50  88 11.6 15.1  2.84  8.33  5.92  82 1013.8  28.7  28.5  25.4 99.0 99.00
2016 07 11 13 50  85 11.9 15.7  2.79  7.69  5.94  91 1014.5  29.1  28.5  25.4 99.0 99.00
2016 07 11 14 50  89 10.7 12.5  2.83  8.33  5.94  86 1014.2  28.9  28.5  25.6 99.0 99.00
2016 07 11 15 50  95 11.0 13.8  2.77  7.69  5.89  90 1014.3  29.1  28.6  25.4 99.0 99.00
2016 07 11 16 50  89 11.9 15.1  2.81  8.33  6.03  90 1013.8  29.1  28.6  25.8 99.0 99.00
2016 07 11 17 50  89 12.2 14.6  3.21  8.33  6.27  84 1013.3  29.1  28.6  25.7 99.0 99.00
2016 07 11 18 50  91 12.3 14.6  2.83  8.33  5.93  87 1012.5  29.1  28.6  25.8 99.0 99.00
2016 07 11 19 50  90 12.8 15.3  2.95  8.33  6.09  87 1011.9  29.1  28.6  25.6 99.0 99.00
2016 07 11 20 50  85 12.6 15.5  2.83  7.69  5.88  89 1011.9  29.0  28.6  25.7 99.0 99.00
2016 07 11 21 50  85 12.6 16.3  2.99  7.69  6.00  92 1011.6  29.0  28.6  25.5 99.0 99.00
2016 07 11 22 50  84 12.8 14.8  3.01  8.33  6.02  95 1011.7  29.0  28.6  25.3 99.0 99.00
2016 07 11 23 50  83 12.3 15.5  2.75  8.33  5.89  87 1011.9  28.8  28.6  25.5 99.0 99.00
2016 07 12 00 50  80 12.2 14.5  3.13  8.33  6.22  86 1012.7  28.8  28.5  25.8 99.0 99.00
2016 07 12 01 50  83 12.3 15.4  3.06  8.33  6.21  81 1013.4  28.9  28.5  25.6 99.0 99.00
2016 07 12 02 50  75 12.1 15.2  3.28  8.33  6.34  77 1013.7  28.8  28.5  25.9 99.0 99.00
2016 07 12 03 50  74 12.8 15.7  3.17  9.09  6.28  76 1013.9  28.8  28.5  25.6 99.0 99.00
2016 07 12 04 50  76 12.2 15.3  3.03  9.09  6.21  94 1013.9  28.8  28.5  25.5 99.0 99.00
2016 07 12 05 50  81 13.3 15.7  3.00  9.09  6.15  86 1013.5  28.7  28.5  24.9 99.0 99.00
2016 07 12 06 50  78 12.7 15.1  3.15  9.09  6.12  85 1013.1  28.7  28.5  24.9 99.0 99.00
2016 07 12 07 50  80 13.1 15.3  3.17  9.09  6.23  86 1013.0  28.7  28.5  24.6 99.0 99.00
2016 07 12 08 50  86 12.6 15.1  3.28  7.14  6.23  86 1012.6  28.6  28.5  24.8 99.0 99.00
2016 07 12 09 50  82 12.2 14.4  3.19  8.33  6.32  93 1012.4  28.6  28.5  25.0 99.0 99.00
2016 07 12 10 50  82 11.7 13.8  2.90  9.09  6.03  88 1012.9  28.5  28.5  25.4 99.0 99.00
2016 07 12 11 50  80 12.8 15.2  2.77  9.09  5.95  82 1013.1  28.7  28.5  24.9 99.0 99.00
2016 07 12 12 50  84 12.8 15.2  2.93  9.09  6.05  76 1013.4  28.7  28.5  24.4 99.0 99.00
2016 07 12 13 50  79 12.6 15.3  3.00  9.09  6.01  84 1013.8  28.8  28.6  24.8 99.0 99.00
2016 07 12 14 50  78 12.8 15.3  3.09  8.33  6.21  80 1013.8  28.9  28.6  24.8 99.0 99.00
2016 07 12 15 50  77 11.0 13.3  3.08  7.69  6.19  85 1014.1  28.8  28.6  25.2 99.0 99.00
2016 07 12 16 50  81 12.1 15.2  2.93  8.33  6.10  95 1013.6  28.9  28.6  24.6 99.0 99.00
2016 07 12 17 50  78 11.7 13.5  2.67  8.33  6.01  81 1013.6  28.9  28.7  24.6 99.0 99.00
2016 07 12 18 50  77 10.5 12.3  2.84  8.33  6.13  92 1013.0  28.9  28.7  24.9 99.0 99.00
2016 07 12 19 50  80 11.4 13.5  2.75  8.33  5.95  84 1012.3  28.9  28.7  24.8 99.0 99.00
2016 07 12 20 50  78 11.2 13.1  2.42  8.33  5.73  78 1012.3  29.0  28.7  24.8 99.0 99.00
2016 07 12 21 50  74 10.4 13.0  2.64  7.69  5.95  93 1012.5  28.9  28.7  24.9 99.0 99.00
2016 07 12 22 50  72  9.7 11.7  2.29  8.33  5.63  89 1012.6  28.8  28.7  25.4 99.0 99.00
2016 07 12 23 50  71 10.3 11.7  2.15  8.33  5.47  75 1012.9  28.7  28.7  25.3 99.0 99.00
2016 07 13 00 50  71 10.6 12.1  2.22  7.69  5.55  85 1013.5  28.7  28.7  25.0 99.0 99.00
2016 07 13 01 50  67 10.7 12.6  2.14  8.33  5.52  95 1013.8  28.7  28.6  24.9 99.0 99.00
2016 07 13 02 50  73 10.8 12.3  2.10  7.69  5.53  90 1014.6  28.7  28.6  24.9 99.0 99.00
2016 07 13 03 50  76  9.5 11.0  2.32  8.33  5.85  76 1014.9  28.7  28.6  25.0 99.0 99.00
2016 07 13 04 50  67  9.9 12.2  2.12  8.33  5.47  81 1014.5  28.6  28.6  25.4 99.0 99.00
2016 07 13 05 50  69 10.2 11.7  2.09  8.33  5.53  79 1013.6  28.5  28.6  25.5 99.0 99.00
2016 07 13 06 50  71  9.4 11.7  1.96  8.33  5.48  92 1013.4  28.5  28.6  25.4 99.0 99.00
2016 07 13 07 50  67  9.7 12.1  2.05  8.33  5.57  75 1013.1  28.5  28.7  25.4 99.0 99.00
2016 07 13 08 50  73  9.6 11.2  1.99  7.14  5.30  85 1013.2  28.5  28.7  25.0 99.0 99.00
2016 07 13 09 50  72  9.7 12.0  1.87  8.33  5.34  73 1013.5  28.5  28.6  25.0 99.0 99.00
2016 07 13 10 50  64  9.7 11.0  1.89  8.33  5.37  87 1013.7  28.5  28.6  24.9 99.0 99.00
2016 07 13 11 50  64 10.1 12.2  1.87  7.69  5.19  70 1014.2  28.6  28.6  24.2 99.0 99.00
2016 07 13 12 50  75 10.1 11.8  1.91  6.67  5.12  90 1014.2  28.6  28.6  24.1 99.0 99.00
2016 07 13 13 50  66 10.0 11.9  2.05  7.69  5.36  91 1014.4  28.6  28.6  24.1 99.0 99.00
2016 07 13 14 50  74 10.1 12.3  2.10  8.33  5.26  72 1014.5  28.6  28.7  24.4 99.0 99.00
2016 07 13 15 50  76  9.8 11.8  1.95  7.14  5.19  93 1014.5  28.5  28.7  24.7 99.0 99.00
2016 07 13 16 50  76  9.2 10.9  1.87  6.67  5.15  92 1014.5  28.7  28.7  25.0 99.0 99.00
2016 07 13 17 50  74  8.4 10.1  1.87  6.67  5.06  86 1014.2  28.7  28.7  25.1 99.0 99.00
2016 07 13 18 50  67  8.4 10.0  1.84  7.14  5.22  87 1013.6  28.7  28.8  25.3 99.0 99.00
2016 07 13 19 50  75  9.2 11.1  1.79  7.69  5.19  67 1013.1  28.7  28.8  24.9 99.0 99.00
2016 07 13 20 50  78  8.9 11.2  1.80  7.14  5.16  74 1012.5  28.7  28.8  25.4 99.0 99.00
2016 07 13 21 50  80  9.5 11.2  1.79  6.67  5.13  72 1012.3  28.7  28.8  24.5 99.0 99.00
2016 07 13 22 50  73  9.3 10.9  1.71  6.67  4.95  83 1012.5  28.6  28.8  24.3 99.0 99.00
2016 07 13 23 50  77  9.3 10.8  1.70  8.33  5.05  71 1012.9  28.5  28.7  24.6 99.0 99.00
2016 07 14 00 50  80  9.2 10.9  1.67  7.69  5.11  74 1013.5  28.5  28.7  24.4 99.0 99.00
2016 07 14 01 50  79  9.6 11.2  1.61  7.14  4.91  75 1013.9  28.4  28.7  24.3 99.0 99.00
2016 07 14 02 50  82  8.5 10.0  1.79  8.33  5.35  76 1014.6  28.4  28.6  24.0 99.0 99.00
2016 07 14 03 50  76  8.5 10.2  1.64  7.69  5.24  79 1014.7  28.3  28.6  24.5 99.0 99.00
2016 07 14 04 50  67  8.7  9.9  1.66  7.14  5.12  82 1014.3  28.2  28.6  24.4 99.0 99.00
2016 07 14 05 50  74  8.8 10.4  1.66  7.69  5.21  73 1013.5  28.3  28.6  24.2 99.0 99.00
2016 07 14 06 50  75  9.0 10.7  1.75  6.67  5.18  79 1012.7  28.2  28.6  24.1 99.0 99.00
2016 07 14 07 50  78  8.7 10.3  1.66  7.14  5.10  82 1012.5  28.2  28.6  24.3 99.0 99.00
2016 07 14 08 50  81  9.4 11.2  1.69  7.14  4.97  89 1012.6  28.2  28.6  24.0 99.0 99.00
2016 07 14 09 50  78  9.2 11.1  1.79  7.69  5.22  74 1012.8  28.2  28.6  24.4 99.0 99.00
2016 07 14 10 50  81  8.3  9.5  1.79  7.69  5.28  73 1013.3  28.3  28.6  24.1 99.0 99.00
2016 07 14 11 50  82  8.7 10.1  1.74  8.33  5.24  78 1014.0  28.4  28.6  24.4 99.0 99.00
2016 07 14 12 50  87  8.7 10.7  1.61  8.33  5.02  71 1014.4  28.5  28.6  24.4 99.0 99.00
2016 07 14 13 50  86  8.5  9.8  1.66  8.33  5.05  73 1014.7  28.6  28.6  24.5 99.0 99.00
2016 07 14 14 50  88  7.3  8.5  1.61  7.69  5.03  82 1015.1  27.9  28.6  24.7 99.0 99.00
2016 07 14 15 50  88  7.9  9.3  1.71  6.67  5.17  80 1014.8  28.7  28.6  24.6 99.0 99.00
2016 07 14 16 50  90  7.8  9.1  1.74  8.33  5.06  70 1014.3  28.6  28.7  24.7 99.0 99.00
2016 07 14 17 50  87  8.5 10.2  1.71  6.25  4.99  80 1014.0  28.7  28.7  24.8 99.0 99.00
2016 07 14 18 50  86  8.1  9.9  1.64  7.14  5.06  83 1013.4  28.7  28.8  25.1 99.0 99.00
2016 07 14 20 50  84  9.2 10.8  1.52  7.14  4.78  81 1012.1  28.8  28.8  24.8 99.0 99.00
2016 07 14 21 50  79  9.1 10.4  1.66  8.33  4.99  73 1011.8  28.8  28.8  24.4 99.0 99.00
2016 07 14 22 50  77  9.0 10.2  1.50  6.25  4.82  82 1012.0  28.7  28.8  24.7 99.0 99.00
2016 07 14 23 50  77  9.2 11.4  1.53  5.88  4.69  98 1012.5  28.6  28.8  24.5 99.0 99.00
2016 07 15 00 50  74  9.5 11.2  1.73  7.14  4.92  72 1013.2  28.6  28.7  24.3 99.0 99.00
2016 07 15 01 50  69  9.4 10.9  1.61  7.14  4.82  74 1014.0  28.6  28.7  24.9 99.0 99.00
2016 07 15 02 50  73  9.9 11.3  1.60  5.88  4.74  92 1014.3  28.6  28.7  24.9 99.0 99.00
2016 07 15 03 50  78  9.5 11.5  1.63  6.25  4.65  87 1014.5  28.5  28.7  24.4 99.0 99.00
2016 07 15 04 50  79  9.5 11.0  1.67  5.26  4.74  83 1014.3  28.5  28.7  24.2 99.0 99.00
2016 07 15 05 50  77  9.1 11.1  1.61  7.14  4.77  78 1013.7  28.4  28.7  24.4 99.0 99.00
2016 07 15 06 50  74  9.7 11.3  1.70  6.25  4.84  87 1013.1  28.3  28.7  24.1 99.0 99.00
2016 07 15 07 50  78  9.4 11.0  1.64  6.25  4.78  83 1012.6  28.3  28.7  24.2 99.0 99.00
2016 07 15 08 50  80  8.7 10.1  1.60  7.14  4.74  78 1012.8  28.3  28.7  24.4 99.0 99.00
2016 07 15 09 50  82  9.7 11.3  1.58  6.67  4.69  98 1012.7  28.2  28.7  23.7 99.0 99.00
2016 07 15 10 50  83  8.8 10.5  1.61  6.67  4.84  80 1013.0  28.2  28.7  23.8 99.0 99.00
2016 07 15 11 50  76  9.4 10.9  1.55  7.14  4.74  79 1013.7  28.4  28.7  23.8 99.0 99.00
2016 07 15 12 50  85  9.3 11.0  1.66  6.67  4.81  71 1014.0  28.5  28.6  23.5 99.0 99.00
2016 07 15 13 50  90  9.7 11.2  1.53  7.14  4.79  90 1014.6  28.6  28.7  23.2 99.0 99.00
2016 07 15 14 50  90  8.9 10.5  1.61  7.14  4.96  85 1014.5  28.6  28.7  22.8 99.0 99.00
2016 07 15 15 50  92  8.8 10.6  1.59  7.14  4.84  92 1014.7  28.6  28.7  23.3 99.0 99.00
2016 07 15 16 50  92  8.3  9.8  1.65  6.67  4.98  83 1014.6  28.6  28.7  23.2 99.0 99.00
2016 07 15 17 50  79  7.5  8.9  1.56  7.14  5.07 111 1014.0  28.5  28.8  23.2 99.0 99.00
2016 07 15 18 50  76  7.3  8.8  1.54  6.67  5.20  92 1013.4  28.5  28.8  23.1 99.0 99.00
2016 07 15 19 50  67  6.7  8.0  1.65  7.14  5.25  84 1012.6  28.6  28.8  23.8 99.0 99.00
2016 07 15 20 50  69  7.5  8.8  1.54  7.14  5.15  84 1012.0  28.6  28.8  23.6 99.0 99.00
2016 07 15 21 50  73  7.8  9.1  1.45  7.69  5.02  81 1012.0  28.6  28.8  23.7 99.0 99.00
2016 07 15 22 50  70  7.4  8.7  1.50  6.67  5.08  88 1012.3  28.6  28.8  24.0 99.0 99.00
2016 07 15 23 50  62  7.7  8.9  1.44  7.14  5.09  81 1012.4  28.5  28.8  24.4 99.0 99.00
2016 07 16 00 50  72  8.4  9.6  1.41  7.14  4.98  91 1013.3  28.4  28.8  24.6 99.0 99.00
2016 07 16 01 50  69  8.5  9.5  1.44  7.14  4.94  81 1013.6  28.5  28.7  24.0 99.0 99.00
2016 07 16 02 50  81  7.8  9.2  1.34  6.67  4.81  79 1014.5  28.5  28.8  23.6 99.0 99.00
2016 07 16 03 50  73  8.5  9.9  1.32  7.14  4.74  86 1014.1  28.4  28.7  23.7 99.0 99.00
2016 07 16 04 50  72  7.8  9.0  1.32  7.14  4.66  89 1013.9  28.4  28.7  23.8 99.0 99.00
2016 07 16 05 50  82  8.2  9.3  1.27  6.67  4.60 101 1013.2  28.3  28.7  23.9 99.0 99.00
2016 07 16 06 50  82  9.1 10.7  1.39  6.67  4.75  88 1012.9  28.2  28.7  23.7 99.0 99.00
2016 07 16 07 50  82  9.1 10.6  1.35  6.25  4.53  98 1012.8  28.2  28.7  23.2 99.0 99.00
2016 07 16 08 50  82  8.5  9.9  1.38  6.67  4.62  91 1012.8  28.2  28.7  23.6 99.0 99.00
2016 07 16 09 50  77  8.5 10.0  1.35  6.67  4.55  75 1012.7  28.1  28.7  23.9 99.0 99.00
2016 07 16 10 50  77  9.1 10.4  1.42  5.56  4.73  90 1013.1  28.3  28.7  24.3 99.0 99.00
2016 07 16 11 50  83  8.9 10.6  1.30  6.67  4.54  87 1013.6  28.4  28.7  24.5 99.0 99.00
2016 07 16 12 50  87  9.3 10.8  1.44  6.67  4.66  83 1014.2  28.6  28.7  24.5 99.0 99.00
2016 07 16 13 50  89  8.5 10.2  1.43  5.88  4.76  91 1014.8  28.7  28.7  24.8 99.0 99.00
2016 07 16 14 50  86  8.3  9.9  1.43  6.67  4.57  85 1015.2  28.8  28.7  24.7 99.0 99.00
2016 07 16 15 50  91  9.1 10.6  1.47  6.25  4.64 101 1015.1  28.9  28.7  24.3 99.0 99.00
2016 07 16 16 50  84  9.0 10.7  1.46  6.67  4.75  96 1014.6  28.9  28.8  24.5 99.0 99.00
2016 07 16 17 50  86  8.5  9.9  1.41  6.25  4.66  86 1013.9  28.8  28.8  24.7 99.0 99.00
2016 07 16 18 50  81  8.0  9.6  1.48  7.14  4.76  71 1013.0  28.8  28.8  24.6 99.0 99.00
2016 07 16 19 50  76  9.2 10.7  1.43  6.25  4.75  93 1012.6  28.7  28.8  24.6 99.0 99.00
2016 07 16 20 50  75  9.2 11.1  1.46  7.14  4.60  71 1012.0  28.7  28.8  24.6 99.0 99.00
2016 07 16 21 50  73 10.0 11.9  1.50  7.14  4.61  63 1011.8  28.7  28.8  24.6 99.0 99.00
2016 07 16 22 50  76  9.6 11.3  1.56  6.25  4.70  83 1012.4  28.7  28.8  24.6 99.0 99.00
2016 07 16 23 50  73  9.9 11.9  1.51  7.14  4.73  80 1013.2  28.7  28.8  24.6 99.0 99.00
2016 07 17 00 50  72 10.5 12.3  1.56  7.14  4.63  83 1013.5  28.6  28.8  24.7 99.0 99.00
2016 07 17 01 50  79 10.2 12.0  1.60  6.67  4.71  80 1014.1  28.7  28.8  24.8 99.0 99.00
2016 07 17 02 50  74 10.6 12.1  1.56  8.33  4.74  75 1014.4  28.7  28.8  25.0 99.0 99.00
2016 07 17 03 50  70 10.5 12.3  1.67  7.14  4.75  77 1014.3  28.7  28.8  25.1 99.0 99.00
2016 07 17 04 50  75 10.6 13.0  1.78  6.67  4.79  81 1013.4  28.7  28.7  25.2 99.0 99.00
2016 07 17 05 50  80 10.4 12.3  1.86  6.67  4.91  90 1013.1  28.6  28.7  25.1 99.0 99.00
2016 07 17 06 50  79 10.4 12.6  1.90  6.67  4.94  84 1012.5  28.6  28.7  25.1 99.0 99.00
2016 07 17 07 50  75  9.8 12.7  1.88  7.14  4.97  78 1012.5  28.5  28.7  25.4 99.0 99.00
2016 07 17 08 50  80 10.4 12.1  1.81  6.25  4.87  89 1012.5  28.7  28.7  25.0 99.0 99.00
2016 07 17 09 50  79 11.0 12.7  1.84  6.25  4.74  79 1012.5  28.7  28.7  24.9 99.0 99.00
2016 07 17 10 50  77 10.3 12.6  1.81  6.67  4.83  79 1013.0  28.4  28.7  25.3 99.0 99.00
2016 07 17 11 50  75 11.7 14.0  1.95  7.14  4.83  91 1013.6  28.8  28.7  24.9 99.0 99.00
2016 07 17 12 50  78 11.4 13.6  2.07  6.67  5.03  87 1013.8  28.9  28.7  24.9 99.0 99.00
2016 07 17 13 50  82 10.9 12.9  2.05  7.14  5.03  79 1014.5  28.9  28.7  24.9 99.0 99.00
2016 07 17 14 50  81 10.8 12.6  1.93  6.67  4.87  78 1014.5  28.9  28.8  25.0 99.0 99.00
2016 07 17 15 50  82 10.0 11.8  2.01  7.69  5.20  73 1014.2  28.9  28.8  25.1 99.0 99.00
2016 07 17 16 50  89 10.7 15.3  2.07  7.69  5.06  75 1014.1  26.9  28.8  24.4 99.0 99.00
2016 07 17 17 50  82 11.1 12.9  2.05  7.69  5.19  85 1013.7  28.0  28.8  24.2 99.0 99.00
2016 07 17 18 50  85 10.5 12.8  2.18  7.14  5.23  85 1013.0  28.6  28.8  25.4 99.0 99.00
2016 07 17 19 50  81 11.2 14.2  2.09  7.69  5.30  87 1012.6  27.6  28.8  24.7 99.0 99.00
2016 07 17 20 50  83 10.9 13.2  1.99  7.69  5.12  77 1012.0  27.9  28.8  24.4 99.0 99.00
2016 07 17 21 50  89 11.3 13.3  2.06  7.69  5.16  71 1011.9  28.9  28.8  24.7 99.0 99.00
2016 07 17 22 50  81 10.1 11.8  1.97  7.14  5.10  98 1012.1  28.6  28.7  25.3 99.0 99.00
2016 07 17 23 50  78 11.2 13.5  2.12  7.69  5.20  86 1012.5  28.6  28.7  25.4 99.0 99.00
2016 07 18 00 50  81 11.0 13.5  2.08  7.69  5.18  93 1013.2  28.8  28.7  25.2 99.0 99.00
2016 07 18 01 50  72 11.2 12.9  2.28  7.69  5.40  67 1013.4  28.7  28.7  25.5 99.0 99.00
2016 07 18 02 50  68 11.5 13.5  2.23  7.69  5.32  84 1013.9  28.7  28.7  25.2 99.0 99.00
2016 07 18 03 50  69 11.6 13.7  2.20  7.69  5.45  93 1014.0  28.8  28.7  25.1 99.0 99.00
2016 07 18 04 50  71 12.1 14.4  2.45  7.69  5.57  84 1013.5  28.7  28.7  24.9 99.0 99.00
2016 07 18 05 50  72 11.7 13.6  2.26  7.69  5.40 101 1013.2  28.6  28.7  25.1 99.0 99.00
2016 07 18 06 50  76 11.2 13.5  2.31  7.69  5.49  83 1012.8  28.6  28.7  24.7 99.0 99.00
2016 07 18 07 50  80 11.2 13.0  2.41  7.69  5.61  85 1012.5  28.5  28.7  24.6 99.0 99.00
2016 07 18 08 50  82 10.3 12.2  2.44  8.33  5.58  85 1012.6  28.5  28.7  24.6 99.0 99.00
2016 07 18 09 50  82 10.7 13.0  2.37  8.33  5.60  74 1012.8  28.5  28.7  24.6 99.0 99.00
2016 07 18 10 50  83 11.3 13.0  2.30  8.33  5.48  86 1012.7  28.4  28.7  24.4 99.0 99.00
2016 07 18 11 50  80 11.3 14.0  2.27  7.69  5.38  83 1013.0  28.7  28.7  24.0 99.0 99.00
2016 07 18 12 50  89 10.9 12.3  2.11  7.69  5.30  94 1014.2  28.8  28.7  24.1 99.0 99.00
2016 07 18 13 50  86  9.8 11.7  2.05  8.33  5.32  93 1014.5  28.8  28.7  24.4 99.0 99.00
2016 07 18 14 50  89 10.1 12.2  2.14  7.69  5.44  84 1014.6  28.9  28.7  24.3 99.0 99.00
2016 07 18 15 50  86  9.9 11.4  2.16  7.69  5.47  93 1014.5  28.8  28.8  24.5 99.0 99.00
2016 07 18 16 50  87  9.8 11.6  2.19  7.14  5.43  92 1014.1  28.8  28.8  24.5 99.0 99.00
2016 07 18 17 50  87  9.5 11.4  2.12  7.69  5.40  90 1013.8  28.9  28.8  24.6 99.0 99.00
2016 07 18 18 50  83  9.5 11.3  1.90  7.69  5.05  80 1013.3  28.9  28.8  24.7 99.0 99.00
2016 07 18 19 50  82  8.7 10.1  1.93  7.69  5.41  82 1012.6  28.8  28.8  25.1 99.0 99.00
2016 07 18 20 50  83  9.4 11.5  1.95  7.69  5.32  85 1011.9  28.9  28.8  24.7 99.0 99.00
2016 07 18 21 50  77  9.7 11.3  1.90  7.14  5.30  87 1012.0  28.8  28.8  25.0 99.0 99.00
2016 07 18 22 50  74  9.3 11.0  1.90  7.14  5.28  82 1012.0  28.8  28.8  24.8 99.0 99.00
2016 07 18 23 50  73  8.9 10.6  1.79  7.69  5.30  78 1012.2  28.7  28.8  24.8 99.0 99.00
2016 07 19 00 50  68  9.3 10.7  1.83  7.69  5.15  90 1012.8  28.7  28.8  24.8 99.0 99.00
2016 07 19 01 50  71  9.3 11.2  1.73  7.14  5.03  88 1013.3  28.6  28.8  24.7 99.0 99.00
2016 07 19 02 50  67  9.0 10.2  1.83  7.69  5.23  77 1013.6  28.6  28.8  24.5 99.0 99.00
2016 07 19 03 50  68  8.6 10.1  1.74  7.69  5.08  95 1013.7  28.5  28.8  24.8 99.0 99.00
2016 07 19 04 50  64  8.8 10.2  1.65  6.67  4.95  76 1012.9  28.4  28.8  25.0 99.0 99.00
2016 07 19 05 50  68  9.0 10.3  1.65  7.14  4.86  80 1012.6  28.3  28.8  24.6 99.0 99.00
2016 07 19 06 50  76  8.9 10.8  1.74  7.14  5.12  95 1012.2  28.3  28.8  24.5 99.0 99.00
2016 07 19 07 50  77  9.1 10.9  1.68  7.14  4.84  79 1012.1  28.4  28.8  24.4 99.0 99.00
2016 07 19 08 50  78  9.0 10.4  1.54  7.69  4.60  69 1012.2  28.4  28.8  24.5 99.0 99.00
2016 07 19 09 50  78  8.5 10.2  1.54  6.67  4.74  97 1012.7  28.4  28.8  24.2 99.0 99.00
2016 07 19 10 50  82  8.6  9.7  1.52  6.67  4.64  88 1013.0  28.4  28.7  24.0 99.0 99.00
2016 07 19 11 50  74  9.7 11.5  1.51  6.25  4.75  84 1013.6  28.4  28.7  23.9 99.0 99.00
2016 07 19 12 50  82  8.3  9.8  1.49  6.25  4.69  87 1014.0  28.5  28.7  24.0 99.0 99.00
2016 07 19 13 50  83  8.3  9.8  1.50  7.14  4.76  90 1014.3  28.6  28.8  23.7 99.0 99.00
2016 07 19 14 50  89  8.1  9.1  1.42  6.25  4.61  85 1014.5  28.7  28.8  23.8 99.0 99.00
2016 07 19 15 50  89  8.3  9.6  1.36  7.14  4.53  70 1014.2  28.5  28.8  23.8 99.0 99.00
2016 07 19 16 50  83  8.6 10.1  1.39  6.67  4.51  81 1014.1  28.5  28.8  24.0 99.0 99.00
2016 07 19 17 50  73  7.9  9.3  1.31  6.25  4.43  78 1013.7  28.6  28.9  24.3 99.0 99.00
2016 07 19 18 50  80  8.5 10.3  1.25  7.14  4.41  77 1013.1  28.6  28.9  24.1 99.0 99.00
2016 07 19 19 50  85  9.2 10.6  1.30  6.25  4.40  82 1012.7  28.7  28.9  23.6 99.0 99.00
2016 07 19 20 50  87  9.0 10.3  1.27  5.26  4.40  91 1012.3  28.6  28.9  23.8 99.0 99.00
2016 07 19 21 50  87  8.1  9.3  1.21  7.14  4.41  72 1012.2  28.7  28.9  23.6 99.0 99.00
2016 07 19 22 50  85  8.5  9.5  1.25  6.25  4.37  86 1012.2  28.6  28.8  23.5 99.0 99.00
2016 07 19 23 50  86  7.7  9.5  1.34  6.67  4.46  73 1012.4  28.6  28.8  23.8 99.0 99.00
2016 07 20 00 50  83  7.6  9.0  1.30  6.25  4.47  78 1013.1  28.6  28.8  24.0 99.0 99.00
2016 07 20 01 50  80  8.5  9.8  1.34  5.88  4.54  86 1013.6  28.6  28.8  24.1 99.0 99.00
2016 07 20 02 50  81  8.6  9.7  1.26  5.88  4.40  87 1014.2  28.5  28.8  24.0 99.0 99.00
2016 07 20 03 50  78  9.0 10.6  1.27  5.88  4.40  84 1014.6  28.5  28.8  24.1 99.0 99.00
2016 07 20 04 50  77  8.8 10.0  1.20  5.56  4.34  87 1014.5  28.5  28.8  24.4 99.0 99.00
2016 07 20 05 50  83  9.1 10.3  1.25  5.88  4.14  90 1014.0  28.4  28.8  24.1 99.0 99.00
2016 07 20 06 50  79  8.3  9.6  1.23  6.67  4.41  82 1013.4  28.4  28.8  24.4 99.0 99.00
2016 07 20 07 50  84  8.5 10.2  1.31  5.56  4.38  95 1013.1  28.3  28.8  24.0 99.0 99.00
2016 07 20 08 50  85  8.7 10.7  1.31  5.56  4.48  98 1013.3  28.4  28.7  24.0 99.0 99.00
2016 07 20 09 50  81  9.0 10.5  1.29  5.56  4.35 102 1013.6  28.3  28.8  24.1 99.0 99.00
2016 07 20 10 50  87  9.1 10.6  1.26  5.88  4.34  95 1013.9  28.4  28.8  23.9 99.0 99.00
2016 07 20 11 50  86  9.6 11.3  1.20  4.55  4.18  82 1014.2  28.6  28.8  24.3 99.0 99.00
2016 07 20 12 50  91  8.4  9.8  1.39  5.88  4.39 111 1014.6  28.6  28.8  24.1 99.0 99.00
2016 07 20 13 50  89  9.2 10.5  1.33  5.00  4.39  81 1015.0  28.7  28.8  24.0 99.0 99.00
2016 07 20 14 50  96 10.1 11.9  1.32  6.67  4.33 109 1014.9  28.7  28.8  23.5 99.0 99.00
2016 07 20 15 50  96  9.2 10.7  1.37  5.88  4.38  94 1014.7  28.6  28.8  24.0 99.0 99.00
2016 07 20 16 50  85  7.8  8.8  1.37  6.25  4.48 101 1014.1  28.5  28.9  24.5 99.0 99.00
2016 07 20 17 50  87  8.5  9.6  1.29  5.88  4.58 112 1013.7  28.5  28.9  24.4 99.0 99.00
2016 07 20 18 50  88  8.2  9.8  1.30  6.25  4.38  95 1013.2  28.6  28.9  24.6 99.0 99.00
2016 07 20 20 50  70  8.9 10.1  1.28  6.25  4.44  97 1012.9  28.8  29.0  24.8 99.0 99.00
2016 07 20 21 50  75  8.1  9.5  1.31  6.25  4.47  97 1012.9  28.9  28.9  24.9 99.0 99.00
2016 07 20 22 50  73  8.0  9.8  1.31  6.67  4.47  96 1013.0  28.8  28.9  25.0 99.0 99.00
2016 07 20 23 50  75  7.8  9.1  1.27  6.25  4.48 104 1013.3  28.7  28.9  25.1 99.0 99.00
2016 07 21 00 50  71  8.4 10.1  1.30  6.25  4.42  83 1013.8  28.6  28.9  24.8 99.0 99.00
2016 07 21 01 50  69  9.2 11.5  1.26  6.25  4.31  89 1014.2  28.6  28.8  25.0 99.0 99.00
2016 07 21 02 50  71  9.2 11.2  1.37  6.67  4.47  92 1014.7  28.6  28.8  25.3 99.0 99.00
2016 07 21 03 50  73  9.2 10.5  1.35  6.67  4.49  88 1015.0  28.7  28.8  25.0 99.0 99.00
2016 07 21 04 50  79 10.4 11.9  1.38  4.76  4.47  95 1014.3  28.7  28.8  24.7 99.0 99.00
2016 07 21 05 50  79  9.6 11.2  1.50  6.25  4.43 110 1013.8  28.5  28.8  24.9 99.0 99.00
2016 07 21 06 50  81  9.5 11.0  1.53  6.67  4.54  97 1013.3  28.4  28.8  24.9 99.0 99.00
2016 07 21 07 50  87  8.7 10.3  1.54  6.25  4.56  88 1013.2  28.3  28.8  24.6 99.0 99.00
2016 07 21 08 50  89  9.3 11.2  1.58  6.67  4.65  89 1013.1  28.5  28.8  24.2 99.0 99.00
2016 07 21 09 50  85  9.8 11.5  1.72  6.25  4.80  97 1012.8  28.5  28.7  24.0 99.0 99.00
2016 07 21 10 50  88 10.1 11.7  1.62  6.67  4.83  90 1013.1  28.5  28.7  24.3 99.0 99.00
2016 07 21 11 50  93  9.6 11.2  1.67  7.14  4.97  71 1013.8  28.6  28.7  24.4 99.0 99.00
2016 07 21 12 50  91  8.1  9.1  1.56  7.14  4.75  83 1014.0  28.7  28.7  25.0 99.0 99.00
2016 07 21 13 50  83  8.8 10.1  1.75  6.67  5.06  93 1014.2  28.8  28.8  25.3 99.0 99.00
2016 07 21 14 50  79  9.1 10.6  1.61  7.14  4.89  80 1014.3  28.8  28.8  25.5 99.0 99.00
2016 07 21 15 50  84 10.2 12.3  1.75  7.14  4.99  86 1014.5  28.9  28.8  24.9 99.0 99.00
2016 07 21 16 50  82  9.9 11.2  1.69  7.14  4.86  88 1014.1  28.9  28.8  25.0 99.0 99.00
2016 07 21 17 50  80  8.4  9.8  1.75  6.67  4.90  92 1013.8  28.8  28.9  25.1 99.0 99.00
2016 07 21 18 50  82  8.4 10.0  1.73  7.69  4.92  82 1013.7  28.8  28.9  25.0 99.0 99.00
2016 07 21 19 50  76  9.2 10.6  1.64  7.69  4.91  78 1013.2  28.9  28.9  25.2 99.0 99.00
2016 07 21 20 50  77  8.6 10.7  1.74  7.14  5.01  81 1012.6  28.9  28.9  25.0 99.0 99.00
2016 07 21 21 50  72  8.8 10.3  1.65  7.69  5.03  86 1012.1  28.9  28.9  25.4 99.0 99.00
2016 07 21 22 50  72  8.4  9.8  1.59  7.69  4.75  75 1012.3  28.9  28.9  25.6 99.0 99.00
2016 07 21 23 50  86  9.7 11.7  1.60  7.14  4.83  78 1013.1  28.9  28.9  25.1 99.0 99.00
2016 07 22 00 50  76  9.1 11.3  1.65  7.14  4.86  87 1013.7  28.9  28.8  26.0 99.0 99.00
2016 07 22 01 50  79  9.1 10.6  1.58  7.69  4.78  68 1014.1  28.7  28.9  26.1 99.0 99.00
2016 07 22 02 50  75 10.3 12.0  1.62  7.69  4.81  81 1014.6  28.9  28.8  25.9 99.0 99.00
2016 07 22 03 50  72 10.8 12.5  1.51  7.14  4.71 101 1014.1  28.7  28.8  25.7 99.0 99.00
2016 07 22 04 50  72  9.9 11.6  1.63  6.25  4.67  93 1013.7  28.7  28.8  25.9 99.0 99.00
2016 07 22 05 50  74 10.0 11.6  1.82  5.00  4.83  74 1012.8  28.6  28.8  25.9 99.0 99.00
2016 07 22 06 50  74 10.9 12.8  1.69  7.14  4.70  95 1012.2  28.6  28.8  26.0 99.0 99.00
2016 07 22 07 50  82 10.4 13.1  1.89  5.26  4.81  74 1011.9  28.6  28.8  25.9 99.0 99.00
2016 07 22 08 50  86 10.9 12.9  1.91  6.25  4.93  78 1012.6  28.7  28.8  25.9 99.0 99.00
2016 07 22 09 50  88 10.8 13.0  2.01  7.14  4.93  72 1012.8  28.7  28.8  25.7 99.0 99.00
2016 07 22 10 50  90 10.6 12.3  1.93  6.67  4.89  90 1013.3  28.8  28.8  25.5 99.0 99.00
2016 07 22 11 50  89 10.9 13.0  2.04  7.14  5.18  78 1013.6  29.0  28.8  25.4 99.0 99.00
2016 07 22 12 50  86 10.8 12.9  1.78  5.88  4.78  79 1014.0  28.9  28.8  25.7 99.0 99.00
2016 07 22 13 50  89 11.4 13.7  2.02  6.25  4.99  82 1014.3  29.0  28.8  25.6 99.0 99.00
2016 07 22 14 50  88 11.0 12.6  2.00  7.14  5.05  72 1014.7  29.0  28.8  25.9 99.0 99.00
2016 07 22 15 50  85 10.5 12.9  1.89  6.67  5.05  84 1014.8  29.0  28.8  26.0 99.0 99.00
2016 07 22 16 50  88 10.1 12.9  2.07  7.14  5.10  70 1014.5  29.1  28.9  26.2 99.0 99.00
2016 07 22 17 50  88 10.6 12.6  1.99  6.67  5.11  84 1014.2  29.1  28.9  26.1 99.0 99.00
2016 07 22 18 50  86 10.7 12.6  2.15  7.14  5.32  82 1013.7  29.1  28.9  26.1 99.0 99.00
2016 07 22 19 50  86 11.5 13.5  1.97  6.25  4.90  76 1012.9  29.1  28.9  26.0 99.0 99.00
2016 07 22 20 50  87 10.9 13.3  2.23  6.67  5.21  79 1012.4  29.1  28.9  26.0 99.0 99.00
2016 07 22 21 50  82 10.9 12.7  2.03  6.67  5.10  84 1011.9  29.1  28.9  26.1 99.0 99.00
2016 07 22 22 50  83 11.3 13.4  2.17  7.14  5.26  83 1011.8  29.0  28.9  26.0 99.0 99.00
2016 07 22 23 50  85 11.1 13.2  2.11  6.67  5.14  81 1011.8  28.8  28.9  26.0 99.0 99.00
2016 07 23 00 50  86 11.7 14.0  2.10  7.14  5.10  78 1012.1  28.8  28.9  25.6 99.0 99.00
2016 07 23 01 50  83 11.3 13.3  2.17  7.14  5.23  77 1012.5  28.8  28.8  25.8 99.0 99.00
2016 07 23 02 50  83 11.3 13.4  2.27  6.67  5.29  82 1013.1  28.8  28.8  25.6 99.0 99.00
2016 07 23 03 50  84 11.3 13.5  2.13  7.14  5.34  89 1013.2  28.7  28.8  25.5 99.0 99.00
2016 07 23 04 50  76 10.0 11.6  2.11  7.14  5.09  80 1013.0  28.7  28.8  25.4 99.0 99.00
2016 07 23 05 50  74  9.7 10.9  2.15  6.67  5.34  80 1012.8  28.7  28.8  24.8 99.0 99.00
2016 07 23 06 50  75  9.7 11.3  1.97  7.69  5.23  84 1012.4  28.6  28.8  25.0 99.0 99.00
2016 07 23 07 50  78  9.8 11.1  1.96  7.69  5.38  83 1012.5  28.5  28.8  25.2 99.0 99.00
2016 07 23 08 50  78  9.7 11.2  2.02  7.14  5.23  88 1012.9  28.5  28.8  25.1 99.0 99.00
2016 07 23 09 50  84  9.8 11.5  1.92  7.14  5.37  86 1012.7  28.4  28.8  25.1 99.0 99.00
2016 07 23 10 50  76  9.8 11.4  1.83  7.14  5.05  82 1013.0  28.5  28.8  24.8 99.0 99.00
2016 07 23 11 50  82  9.4 11.2  1.84  7.69  5.35  79 1013.7  28.6  28.8  24.6 99.0 99.00
2016 07 23 12 50  74  9.2 10.5  1.87  7.14  5.24  82 1014.4  28.7  28.8  24.6 99.0 99.00
2016 07 23 13 50  72  9.7 10.8  1.85  7.69  5.03  75 1014.9  28.8  28.8  24.4 99.0 99.00
2016 07 23 14 50  75  9.6 11.7  1.82  7.69  5.12  82 1014.9  28.7  28.8  24.3 99.0 99.00
2016 07 23 15 50  79  9.5 11.4  1.77  7.69  5.09  81 1014.6  28.8  28.8  24.7 99.0 99.00
2016 07 23 16 50  84  9.9 11.6  1.78  7.69  5.24  84 1014.4  28.8  28.9  25.0 99.0 99.00
2016 07 23 17 50  81  9.3 11.0  1.72  6.67  4.97  96 1014.2  29.0  28.9  25.0 99.0 99.00
2016 07 23 18 50  78  8.8 10.3  1.65  7.14  5.00  92 1013.5  28.9  29.0  25.1 99.0 99.00
2016 07 23 19 50  82  7.2  8.3  1.68  7.14  5.11  79 1012.9  28.9  29.0  24.9 99.0 99.00
2016 07 23 20 50  72  8.0  9.5  1.51  7.14  5.06  84 1012.5  28.8  29.0  25.2 99.0 99.00
2016 07 23 21 50  66  8.2  9.4  1.53  7.69  5.24  79 1012.4  29.0  29.0  25.1 99.0 99.00
2016 07 23 23 50  67  9.1 10.5  1.52  7.14  4.93  80 1012.3  28.8  29.0  25.0 99.0 99.00
2016 07 24 00 50  65  9.9 11.5  1.49  6.67  5.00  83 1012.6  28.7  29.0  24.9 99.0 99.00
2016 07 24 01 50  67 10.7 12.9  1.55  7.14  4.97  66 1013.0  28.7  29.0  24.7 99.0 99.00
2016 07 24 02 50  72 10.7 12.1  1.48  7.69  4.69  69 1013.5  28.7  29.0  24.4 99.0 99.00
2016 07 24 03 50  78  9.9 12.1  1.53  7.14  4.76  78 1013.8  28.6  28.9  24.6 99.0 99.00
2016 07 24 04 50  78  9.0 10.8  1.49  5.56  4.58  82 1013.5  28.6  28.9  25.1 99.0 99.00
2016 07 24 05 50  79 10.5 12.3  1.45  7.14  4.75  70 1012.7  28.4  28.9  24.4 99.0 99.00
2016 07 24 06 50  83  9.6 11.5  1.47  7.14  4.57  75 1012.2  28.4  28.9  24.6 99.0 99.00
2016 07 24 07 50  76  9.7 11.0  1.49  7.14  4.66  72 1012.3  28.4  28.9  24.4 99.0 99.00
2016 07 24 08 50  80  9.7 11.9  1.49  7.14  4.58  62 1012.7  28.5  28.9  24.3 99.0 99.00
2016 07 24 09 50  79  9.5 10.7  1.44  5.88  4.50  88 1012.8  28.4  28.9  24.2 99.0 99.00
2016 07 24 10 50  79  9.7 11.2  1.49  7.14  4.71  79 1013.0  28.5  28.9  24.2 99.0 99.00
2016 07 24 11 50  78  9.9 11.4  1.49  5.26  4.69  86 1013.5  28.6  28.8  24.2 99.0 99.00
2016 07 24 12 50  85  9.9 11.6  1.56  6.67  4.70  82 1013.6  28.7  28.8  24.0 99.0 99.00
2016 07 24 13 50  81  9.0 10.3  1.59  5.56  4.72  82 1014.0  28.7  28.9  24.4 99.0 99.00
2016 07 24 14 50  81  9.2 10.5  1.61  5.88  4.82  76 1014.1  28.7  28.9  24.3 99.0 99.00
2016 07 24 15 50  84  9.3 11.2  1.70  6.25  4.80  69 1013.9  28.7  28.9  23.9 99.0 99.00
2016 07 24 16 50  78  8.8 10.1  1.60  6.67  4.79  78 1013.9  28.6  28.9  24.3 99.0 99.00
2016 07 24 17 50  81  8.2  9.6  1.72  7.14  5.01  69 1013.5  28.5  29.0  24.4 99.0 99.00
2016 07 24 18 50  79  7.9  9.0  1.60  5.88  4.92  80 1012.8  28.5  29.0  24.2 99.0 99.00
2016 07 24 19 50  82  8.2  9.6  1.62  6.67  5.04  87 1012.4  28.6  29.0  24.0 99.0 99.00
2016 07 24 20 50  80  8.1  9.2  1.61  6.25  5.05  65 1012.0  28.5  29.0  24.3 99.0 99.00
2016 07 24 21 50  76  8.1  9.7  1.57  7.14  4.90  66 1011.6  28.6  28.9  24.4 99.0 99.00
2016 07 24 22 50  69  8.5 10.2  1.56  7.69  4.80  56 1011.6  28.5  28.8  24.1 99.0 99.00
2016 07 24 23 50  73  8.8 10.1  1.57  6.67  4.90  65 1011.9  28.4  28.8  24.3 99.0 99.00
2016 07 25 00 50  71  8.3  9.9  1.68  6.67  4.96  64 1012.8  28.3  28.8  24.3 99.0 99.00
2016 07 25 01 50  74  9.1 10.6  1.51  6.67  4.80  66 1013.4  28.5  28.9  24.4 99.0 99.00
2016 07 25 02 50  75  9.2 10.5  1.52  6.67  4.72  60 1013.6  28.5  28.9  24.5 99.0 99.00
2016 07 25 03 50  79  9.2 10.8  1.53  7.14  4.77  52 1013.5  28.4  28.8  24.7 99.0 99.00
2016 07 25 04 50  80  8.8 10.1  1.55  7.14  4.79  65 1013.2  28.3  28.8  24.2 99.0 99.00
2016 07 25 05 50  77  9.1 11.1  1.54  7.14  4.80  67 1012.5  28.2  28.8  24.7 99.0 99.00
2016 07 25 06 50  79  8.8 10.0  1.53  7.69  4.79  59 1012.1  28.2  28.8  24.6 99.0 99.00
2016 07 25 07 50  82  9.2 10.8  1.60  7.14  4.81  60 1012.0  28.2  28.8  24.0 99.0 99.00
2016 07 25 08 50  85  8.4  9.7  1.49  7.14  4.83  60 1012.1  28.2  28.7  24.5 99.0 99.00
2016 07 25 09 50  87  8.4  9.9  1.59  7.14  4.78  65 1012.2  28.2  28.7  24.3 99.0 99.00
2016 07 25 10 50  89  8.4 10.6  1.42  7.14  4.67  58 1012.5  28.3  28.7  24.5 99.0 99.00
2016 07 25 11 50  88  9.2 11.5  1.49  6.67  4.73  69 1013.1  28.4  28.7  24.1 99.0 99.00
2016 07 25 12 50  86  8.2 10.0  1.53  7.14  4.78  72 1013.4  28.5  28.7  24.6 99.0 99.00
2016 07 25 13 50  92  8.6 10.2  1.53  7.14  4.67  62 1014.0  28.6  28.7  24.4 99.0 99.00
2016 07 25 14 50  86  7.7  9.1  1.46  6.25  4.75  73 1014.2  28.5  28.7  24.9 99.0 99.00
2016 07 25 15 50  86  8.5 10.3  1.42  6.67  4.78  65 1014.2  28.5  28.8  24.6 99.0 99.00
2016 07 25 16 50  86  8.3  9.9  1.46  5.26  4.54  78 1013.8  28.6  28.9  24.8 99.0 99.00
2016 07 25 17 50  87  9.2 10.8  1.32  5.88  4.63  84 1013.1  28.5  29.0  24.7 99.0 99.00
2016 07 25 18 50  80  9.4 10.9  1.50  6.67  4.72  65 1012.4  28.6  29.0  24.7 99.0 99.00
2016 07 25 19 50  81  8.6  9.9  1.40  7.14  4.59  81 1011.8  28.7  29.0  25.1 99.0 99.00
2016 07 25 20 50  82  9.2 11.1  1.39  7.69  4.62  57 1011.4  28.7  29.0  25.0 99.0 99.00
2016 07 25 21 50  81 10.1 11.9  1.50  6.67  4.65  74 1011.1  28.8  29.0  24.8 99.0 99.00
2016 07 25 22 50  80 10.0 11.8  1.68  6.67  4.87  77 1011.3  28.7  29.0  24.8 99.0 99.00
2016 07 25 23 50  81  9.6 11.2  1.57  5.56  4.66  74 1011.7  28.5  28.9  25.0 99.0 99.00
2016 07 26 00 50  84 10.3 12.9  1.66  7.14  4.83  79 1012.4  28.5  28.9  25.3 99.0 99.00
2016 07 26 01 50  76 10.3 11.9  1.73  7.69  4.86  63 1012.6  28.5  28.9  25.0 99.0 99.00
2016 07 26 02 50  74 10.7 12.4  1.82  6.67  4.93  65 1012.7  28.5  28.9  25.3 99.0 99.00
2016 07 26 03 50  77 11.5 13.4  2.04  7.14  5.01  76 1012.4  28.4  28.9  24.7 99.0 99.00
2016 07 26 04 50  76 10.0 11.6  1.88  7.14  4.90  76 1012.2  28.5  28.9  24.7 99.0 99.00
2016 07 26 05 50  78 10.7 12.4  1.97  7.14  5.00  79 1011.5  28.5  28.9  24.4 99.0 99.00
2016 07 26 06 50  82  9.1 10.5  1.84  7.14  5.06  77 1011.3  28.3  28.8  25.1 99.0 99.00
2016 07 26 07 50  82 10.1 12.0  1.82  6.67  4.90  93 1011.0  28.3  28.8  24.7 99.0 99.00
2016 07 26 08 50  85 10.3 11.7  1.76  6.67  4.81  77 1011.1  28.3  28.8  24.7 99.0 99.00
2016 07 26 09 50  79 10.0 12.3  1.92  7.14  4.98  75 1011.2  28.3  28.8  24.7 99.0 99.00
2016 07 26 10 50  86 11.1 13.6  1.81  7.14  4.88  87 1011.8  28.3  28.8  24.5 99.0 99.00
2016 07 26 11 50  90 10.5 12.2  1.91  6.67  4.96  79 1012.9  28.5  28.8  24.5 99.0 99.00
2016 07 26 12 50  87 10.5 12.4  1.79  6.67  4.89  85 1013.5  28.6  28.8  24.7 99.0 99.00
2016 07 26 13 50  83 10.1 12.1  2.12  6.67  5.18  91 1013.5  28.7  28.8  24.8 99.0 99.00
2016 07 26 14 50  85 10.1 12.1  1.80  6.67  5.06  86 1013.3  28.6  28.8  24.8 99.0 99.00
2016 07 26 15 50  86 10.4 12.2  2.04  7.14  5.09  86 1013.1  28.6  28.8  25.0 99.0 99.00
2016 07 26 16 50  79  9.7 11.7  2.01  7.14  5.24  90 1012.9  28.6  28.8  25.3 99.0 99.00
2016 07 26 17 50  85 11.3 13.6  1.96  6.67  5.18  80 1012.1  28.6  28.8  24.9 99.0 99.00
2016 07 26 18 50  84 10.2 12.4  1.96  7.14  5.17  77 1011.5  28.7  28.9  25.0 99.0 99.00
2016 07 26 19 50  82 10.3 11.8  2.01  7.14  5.01  85 1010.8  28.7  28.9  24.8 99.0 99.00
2016 07 26 20 50  78 10.0 11.7  1.97  6.25  5.10  91 1010.7  28.7  28.9  25.2 99.0 99.00
2016 07 26 21 50  79 10.3 12.2  1.93  7.14  5.09  78 1010.6  28.8  28.9  24.9 99.0 99.00
2016 07 26 22 50  77 10.0 12.2  2.05  6.67  5.11  80 1010.6  28.7  28.9  25.4 99.0 99.00
2016 07 26 23 50  68 10.0 11.8  2.03  7.14  5.19  89 1011.1  28.6  28.8  25.3 99.0 99.00
2016 07 27 00 50  74  9.5 11.7  1.92  7.14  5.04  84 1011.7  28.6  28.8  25.3 99.0 99.00
2016 07 27 01 50  75 10.3 11.7  1.96  7.69  5.23  87 1012.2  28.6  28.8  25.2 99.0 99.00
2016 07 27 02 50  72  9.7 11.1  1.71  7.69  5.03  78 1012.8  28.6  28.8  25.3 99.0 99.00
2016 07 27 03 50  69 10.2 12.2  1.78  7.69  5.04  85 1012.7  28.5  28.8  25.2 99.0 99.00
2016 07 27 04 50  66 10.6 12.2  1.84  7.14  4.92  84 1012.3  28.5  28.8  25.5 99.0 99.00
2016 07 27 05 50  73 10.1 11.5  1.91  7.14  4.97  83 1011.6  28.5  28.8  25.0 99.0 99.00
2016 07 27 06 50  71 10.6 12.7  1.72  6.67  4.85  75 1011.1  28.4  28.8  25.3 99.0 99.00
2016 07 27 07 50  74 10.3 12.2  1.81  7.14  4.84  74 1010.8  28.4  28.8  25.3 99.0 99.00
2016 07 27 08 50  76 10.7 12.5  1.88  7.14  5.03  89 1010.9  28.4  28.8  25.4 99.0 99.00
2016 07 27 09 50  73 10.7 12.3  1.80  5.26  4.92  79 1011.1  28.4  28.8  25.4 99.0 99.00
2016 07 27 10 50  83 10.5 12.6  1.83  7.14  4.86  82 1011.2  28.5  28.8  25.2 99.0 99.00
2016 07 27 11 50  76 11.1 13.0  1.81  6.67  4.94  80 1011.5  28.5  28.8  25.0 99.0 99.00
2016 07 27 12 50  77  9.8 12.6  1.82  6.67  4.96  74 1012.0  28.5  28.8  25.3 99.0 99.00
2016 07 27 13 50  78 10.7 12.3  1.78  6.67  4.99  99 1012.4  28.6  28.8  25.0 99.0 99.00
2016 07 27 14 50  80 10.5 12.8  1.79  5.88  4.93  90 1012.4  28.6  28.8  25.2 99.0 99.00
2016 07 27 15 50  83 10.0 11.7  1.82  7.14  4.83  93 1012.5  28.7  28.8  25.1 99.0 99.00
2016 07 27 16 50  78 10.1 11.9  1.90  6.67  4.93  90 1012.2  28.7  28.8  25.3 99.0 99.00
2016 07 27 17 50  83 10.2 12.3  1.74  6.67  4.86  79 1011.8  28.8  28.8  25.4 99.0 99.00
2016 07 27 18 50  76 10.9 12.6  1.78  6.67  4.82  96 1011.0  28.8  28.8  25.5 99.0 99.00
2016 07 27 19 50  82  9.7 11.9  1.90  6.67  4.96  86 1010.8  28.8  28.8  25.5 99.0 99.00
2016 07 27 20 50  79 10.3 12.8  1.68  7.14  4.79  91 1009.8  28.8  28.8  25.6 99.0 99.00
2016 07 27 21 50  76 11.2 13.1  1.69  6.67  4.79  83 1009.6  28.8  28.9  25.6 99.0 99.00
2016 07 27 22 50  74 10.7 13.0  1.96  6.67  5.13  84 1010.0  28.7  28.9  25.9 99.0 99.00
2016 07 27 23 50  69 10.6 12.6  1.80  7.14  4.91  92 1010.8  28.7  28.9  25.9 99.0 99.00
2016 07 28 00 50  70 11.4 13.2  1.97  7.14  5.13  81 1011.5  28.7  28.9  25.9 99.0 99.00
2016 07 28 01 50  74 10.9 13.3  1.86  7.14  5.19  81 1012.2  28.7  28.9  25.8 99.0 99.00
2016 07 28 02 50  75 11.4 13.4  2.07  7.14  5.24  95 1012.6  28.7  28.9  25.8 99.0 99.00
2016 07 28 03 50  75 11.0 13.2  2.05  7.69  5.31  89 1012.4  28.5  28.9  25.9 99.0 99.00
2016 07 28 04 50  75 10.5 12.3  2.07  7.14  5.30  65 1012.3  28.4  28.9  26.1 99.0 99.00
2016 07 28 05 50  78 11.7 13.6  1.98  7.14  5.23  76 1011.5  28.5  28.9  25.9 99.0 99.00
2016 07 28 06 50  79 10.3 12.2  1.97  7.14  5.15  69 1011.2  28.4  28.8  25.9 99.0 99.00
2016 07 28 07 50  80 10.5 12.5  1.95  7.14  5.16  74 1011.1  28.4  28.8  25.9 99.0 99.00
2016 07 28 08 50  78 11.3 13.2  1.92  7.69  5.05 102 1010.9  28.3  28.8  25.9 99.0 99.00
2016 07 28 09 50  82 11.7 14.1  1.95  7.14  5.05  80 1011.0  28.3  28.7  25.6 99.0 99.00
2016 07 28 10 50  84 11.8 13.9  2.00  7.69  5.05  79 1011.2  28.3  28.5  25.2 99.0 99.00
2016 07 28 11 50  89 11.2 13.0  2.16  7.69  5.32  72 1012.3  28.4  28.1  25.1 99.0 99.00
2016 07 28 12 50  84 10.5 13.1  2.44  7.14  5.44  83 1012.7  28.4  28.0  25.5 99.0 99.00
2016 07 28 13 50  83 10.4 12.1  2.38  6.67  5.39  64 1013.0  28.6  28.1  25.3 99.0 99.00
2016 07 28 14 50  88  9.7 11.5  2.18  7.69  5.42  76 1013.0  28.5  28.1  25.7 99.0 99.00
2016 07 28 15 50  88 10.2 11.7  2.31  7.69  5.45  85 1012.8  28.5  28.1  25.3 99.0 99.00
2016 07 28 16 50  87  9.2 11.0  2.36  8.33  5.73  87 1012.5  28.5  28.1  25.5 99.0 99.00
2016 07 28 17 50  83  8.6 10.2  2.35  7.69  5.72  81 1012.1  28.5  28.2  25.9 99.0 99.00
2016 07 28 18 50  82  8.6 10.8  2.19  8.33  5.65 103 1011.8  28.5  28.2  26.1 99.0 99.00
2016 07 28 19 50  81 10.2 11.9  2.28  8.33  5.72  77 1011.0  28.6  28.1  25.7 99.0 99.00
2016 07 28 20 50  84 10.0 12.3  2.23  8.33  5.62  73 1010.7  28.7  28.0  25.4 99.0 99.00
2016 07 28 21 50  82  9.9 12.1  2.11  8.33  5.60  83 1010.8  28.7  28.0  25.5 99.0 99.00
2016 07 28 22 50  75  9.1 10.6  1.80  8.33  5.66  86 1011.1  28.6  28.2  26.0 99.0 99.00
2016 07 28 23 50  71 10.0 12.9  1.83  8.33  5.54  86 1011.8  28.5  28.2  26.3 99.0 99.00
2016 07 29 00 50  76 11.8 14.5  1.99  8.33  5.49  97 1012.4  28.5  28.2  25.9 99.0 99.00
2016 07 29 01 50  76 11.3 13.3  2.30  7.69  5.62  97 1013.3  28.5  28.2  25.9 99.0 99.00
2016 07 29 02 50  76 12.0 13.8  2.12  8.33  5.30 100 1013.8  28.4  28.3  25.7 99.0 99.00
2016 07 29 03 50  71 12.7 15.1  2.17  8.33  5.42  92 1013.6  28.4  28.3  25.7 99.0 99.00
2016 07 29 04 50  71 11.8 14.5  2.22  8.33  5.42  93 1013.0  28.3  28.4  25.7 99.0 99.00
2016 07 29 05 50  74 11.4 13.2  2.12  7.69  5.27  85 1012.2  28.2  28.4  25.8 99.0 99.00
2016 07 29 06 50  82 10.6 13.1  2.13  8.33  5.25 104 1011.7  28.2  28.5  25.6 99.0 99.00
2016 07 29 07 50  80 11.2 12.9  2.27  8.33  5.68 103 1011.2  28.1  28.4  25.3 99.0 99.00
2016 07 29 08 50  79 11.0 13.0  2.20  7.69  5.56  91 1011.6  28.1  28.4  25.3 99.0 99.00
2016 07 29 09 50  88 10.5 12.6  2.02  7.69  5.26  95 1011.8  28.1  28.4  25.4 99.0 99.00
2016 07 29 10 50  91 11.5 13.7  2.13  8.33  5.49  97 1012.2  28.2  28.4  24.9 99.0 99.00
2016 07 29 11 50  84 11.0 12.9  2.22  7.69  5.60  96 1012.6  28.3  28.4  24.9 99.0 99.00
2016 07 29 12 50  86 10.1 12.0  2.11  7.69  5.39  93 1013.2  28.5  28.4  24.9 99.0 99.00
2016 07 29 13 50  87  9.2 11.4  2.09  8.33  5.55  96 1013.6  28.5  28.4  25.1 99.0 99.00
2016 07 29 14 50  84 10.0 11.5  2.17  7.69  5.58  84 1013.7  28.5  28.4  25.0 99.0 99.00
2016 07 29 15 50  86  9.7 11.3  2.06  7.69  5.48  94 1013.7  28.5  28.5  25.0 99.0 99.00
2016 07 29 16 50  81 10.0 11.7  2.05  7.69  5.45  93 1013.4  28.5  28.5  24.9 99.0 99.00
2016 07 29 17 50  74  9.1 10.7  2.01  7.69  5.39  99 1013.0  28.5  28.5  25.0 99.0 99.00
2016 07 29 18 50  69  9.4 11.0  1.91  7.69  5.40  94 1012.1  28.5  28.5  25.2 99.0 99.00
2016 07 29 19 50  68  8.9 10.4  1.85  7.14  5.19  96 1011.9  28.6  28.5  25.1 99.0 99.00
2016 07 29 20 50  65  9.5 10.9  1.86  7.69  5.31  98 1011.4  28.6  28.6  24.9 99.0 99.00
2016 07 29 21 50  62  8.7  9.7  1.63  7.14  5.09  95 1011.4  28.6  28.5  25.3 99.0 99.00
2016 07 29 22 50  60  9.2 10.6  1.64  7.14  5.06  84 1011.6  28.5  28.6  25.2 99.0 99.00
2016 07 29 23 50  56  9.7 11.4  1.59  7.69  4.86  87 1011.9  28.5  28.6  25.0 99.0 99.00
2016 07 30 00 50  62  9.8 11.9  1.56  7.14  4.85  86 1012.6  28.4  28.5  25.4 99.0 99.00
2016 07 30 01 50  65 10.0 11.7  1.64  7.14  4.85  90 1012.9  28.4  28.6  25.3 99.0 99.00
2016 07 30 02 50  64  9.4 10.9  1.61  6.67  4.85  84 1013.3  28.3  28.6  25.4 99.0 99.00
2016 07 30 03 50  64  9.9 11.4  1.64  7.14  4.90  94 1013.2  28.4  28.5  25.2 99.0 99.00
2016 07 30 04 50  59  9.9 11.5  1.53  7.14  4.82  88 1012.9  28.3  28.6  25.2 99.0 99.00
2016 07 30 05 50  64  9.6 11.0  1.63  6.25  4.87  90 1012.2  28.2  28.6  25.2 99.0 99.00
2016 07 30 06 50  69  9.5 10.8  1.58  6.25  4.86  88 1011.4  28.2  28.6  25.1 99.0 99.00
2016 07 30 07 50  70  9.5 11.0  1.58  6.25  4.77  82 1011.3  28.2  28.6  25.1 99.0 99.00
2016 07 30 08 50  75 10.2 12.3  1.60  7.14  4.78  89 1010.9  28.2  28.6  24.6 99.0 99.00
2016 07 30 09 50  78  9.7 10.9  1.47  6.67  4.68  89 1011.1  28.1  28.6  24.7 99.0 99.00
2016 07 30 10 50  80  9.9 11.6  1.53  6.67  4.76  95 1011.6  28.2  28.7  24.9 99.0 99.00
2016 07 30 11 50  79  9.3 11.1  1.57  6.25  4.83  92 1012.2  28.4  28.7  25.0 99.0 99.00
2016 07 30 12 50  74 10.0 11.6  1.63  6.67  4.83  90 1012.5  28.5  28.7  25.2 99.0 99.00
2016 07 30 13 50  82 11.2 12.8  1.59  6.67  4.84  81 1012.9  28.7  28.7  24.7 99.0 99.00
2016 07 30 14 50  81 10.8 12.8  1.62  7.14  4.71  76 1013.0  27.9  28.7  24.2 99.0 99.00
2016 07 30 15 50  73  9.2 10.9  1.75  6.67  5.04  85 1013.1  28.0  28.7  24.4 99.0 99.00
2016 07 30 16 50  75  9.4 10.9  1.70  6.67  4.94  63 1012.9  27.9  28.7  25.0 99.0 99.00
2016 07 30 17 50  75  9.1 10.7  1.76  6.67  5.18  82 1012.7  28.3  28.8  25.1 99.0 99.00
2016 07 30 18 50  75  9.6 11.4  1.76  6.67  5.18  79 1011.9  28.4  28.8  24.9 99.0 99.00
2016 07 30 19 50  70  9.5 11.7  1.71  6.67  5.12  75 1011.6  27.6  28.8  24.0 99.0 99.00
2016 07 30 20 50  69  8.1  9.3  2.02  7.14  5.51  82 1011.5  28.1  28.8  25.0 99.0 99.00
2016 07 30 21 50  81 12.2 17.0  1.81  7.14  5.38  72 1011.3  27.8  28.8  24.5 99.0 99.00
2016 07 30 22 50  62  9.3 11.2  2.12  7.14  5.72  82 1011.5  27.0  28.8  24.8 99.0 99.00
2016 07 30 23 50  59  8.6 10.3  1.75  7.14  5.30  93 1011.9  27.7  28.8  24.7 99.0 99.00
2016 07 31 00 50  69  9.2 10.6  1.69  6.67  5.30  87 1012.0  28.1  28.8  26.0 99.0 99.00
2016 07 31 01 50  74  8.8 10.9  1.60  7.14  5.14  81 1013.1  28.4  28.8  25.9 99.0 99.00
2016 07 31 02 50  75  8.6 10.4  1.75  7.14  5.41  86 1013.6  28.4  28.7  25.8 99.0 99.00
2016 07 31 03 50  71  8.4  9.9  1.79  7.69  5.48  85 1013.4  28.3  28.6  26.0 99.0 99.00
2016 07 31 04 50  71  9.2 11.0  1.85  7.69  5.38  82 1012.9  28.3  28.3  25.7 99.0 99.00
2016 07 31 05 50  74  9.7 12.0  1.85  7.14  5.18  83 1012.2  28.3  28.1  25.4 99.0 99.00
2016 07 31 06 50  74 10.6 12.8  1.82  7.14  5.18  66 1011.2  28.3  28.1  25.2 99.0 99.00
2016 07 31 07 50  69 10.7 13.2  1.92  7.14  5.34  75 1010.4  28.1  28.0  25.3 99.0 99.00
2016 07 31 08 50  77  9.7 11.3  1.97  7.69  5.25  68 1010.9  28.2  28.0  24.8 99.0 99.00
2016 07 31 09 50  71 10.7 12.3  2.07  7.14  5.32  71 1011.1  28.1  28.0  24.7 99.0 99.00
2016 07 31 10 50  75 10.9 12.8  2.14  7.69  5.33  75 1011.6  28.2  28.0  24.4 99.0 99.00
2016 07 31 11 50  72 10.2 12.4  2.22  7.69  5.49  76 1011.8  28.3  28.0  24.7 99.0 99.00
2016 07 31 12 50  73 10.4 12.4  2.15  7.69  5.40  66 1012.0  28.4  28.0  24.4 99.0 99.00
2016 07 31 13 50  71  9.2 10.8  2.52  7.69  5.92  68 1012.6  28.4  28.0  24.7 99.0 99.00
2016 07 31 14 50  73  9.2 10.9  1.84  7.69  5.39  84 1012.7  28.4  28.0  24.8 99.0 99.00
2016 07 31 15 50  79  7.7  9.3  2.00  8.33  5.80  65 1012.6  28.5  28.1  24.5 99.0 99.00
2016 07 31 16 50  76  7.0  8.3  2.09  8.33  5.78  73 1012.4  28.4  28.1  24.8 99.0 99.00
2016 07 31 17 50  73  6.6  8.0  2.27  8.33  6.08  62 1011.8  28.4  28.2  24.9 99.0 99.00
2016 07 31 18 50  64  7.6  9.3  2.16  8.33  6.15  72 1011.2  28.4  28.2  25.3 99.0 99.00
2016 07 31 19 50  56  8.6 10.1  2.31  8.33  6.22  72 1010.5  28.4  28.1  25.5 99.0 99.00
2016 07 31 20 50  58  7.7  8.9  1.98  8.33  5.72  68 1010.1  28.4  28.3  25.6 99.0 99.00
2016 07 31 21 50  59  7.8  8.8  1.92  8.33  5.85  73 1009.7  28.4  28.3  25.9 99.0 99.00
2016 07 31 22 50  66  7.7  9.1  1.79  8.33  5.80  55 1009.9  28.4  28.3  25.8 99.0 99.00