#YY  MM DD hh mm WDIR WSPD GST  WVHT   DPD   APD MWD   PRES  ATMP  WTMP  DEWP  VIS  TIDE
#yr  mo dy hr mn degT m/s  m/s     m   sec   sec deg    hPa  degC  degC  degC  nmi    ft
2016 01 31 23 50  83  9.3 11.5  1.68  7.14  4.91 100 1013.4  27.0  27.4  21.8 99.0 99.00
2016 02 01 00 50  87 10.1 11.7  1.78  6.25  5.01  95 1014.0  27.0  27.3  21.1 99.0 99.00
2016 02 01 01 50  90 10.2 11.6  1.76  6.67  4.98  99 1014.4  27.1  27.3  21.6 99.0 99.00
2016 02 01 02 50  82 10.0 11.7  1.68  6.25  4.89  96 1014.7  27.0  27.3  22.1 99.0 99.00
2016 02 01 03 50  83 10.5 12.8  1.88  6.67  5.04  99 1014.3  26.9  27.3  22.3 99.0 99.00
2016 02 01 04 50  81 10.1 12.6  1.86  6.67  5.00  91 1014.1  26.9  27.3  22.3 99.0 99.00
2016 02 01 05 50  82 10.1 12.2  1.94  7.14  5.18  98 1013.6  26.8  27.3  22.6 99.0 99.00
2016 02 01 06 50  84 10.3 12.1  2.03  7.14  5.21  92 1012.9  26.8  27.3  22.4 99.0 99.00
2016 02 01 07 50  92 10.1 11.6  2.01  6.67  5.20  97 1012.4  26.8  27.3  22.3 99.0 99.00
2016 02 01 08 50  95  9.7 11.5  2.05  7.14  5.28  98 1012.5  26.8  27.3  21.9 99.0 99.00
2016 02 01 09 50  87  9.9 11.9  2.04  7.14  5.29 106 1012.9  26.7  27.3  22.2 99.0 99.00
2016 02 01 10 50  83  9.8 12.1  1.89  7.14  5.25  93 1013.6  26.7  27.3  22.1 99.0 99.00
2016 02 01 11 50  87 10.1 11.7  2.01  7.14  5.23  96 1014.0  26.9  27.3  22.0 99.0 99.00
2016 02 01 12 50  84  8.8 10.8  1.94  6.67  5.25  95 1014.6  26.8  27.3  22.6 99.0 99.00
2016 02 01 13 50  86  9.9 12.1  1.99  6.67  5.37  97 1015.2  27.1  27.3  22.2 99.0 99.00
2016 02 01 14 50  87  9.5 10.7  1.92  7.14  5.17  93 1015.5  27.0  27.3  22.5 99.0 99.00
2016 02 01 15 50  87  9.6 10.8  1.90  6.67  5.21 100 1015.1  27.0  27.3  22.4 99.0 99.00
2016 02 01 16 50  83  9.8 11.8  1.92  6.67  5.12  94 1014.2  26.9  27.3  22.6 99.0 99.00
2016 02 01 17 50  82  9.4 11.3  2.02  7.14  5.35  91 1013.2  26.9  27.4  22.7 99.0 99.00
2016 02 01 18 50  82  9.1 10.6  2.01  6.67  5.25 100 1012.2  26.9  27.4  22.6 99.0 99.00
2016 02 01 19 50  79  8.9 10.5  1.88  7.14  5.22  88 1011.7  27.0  27.4  22.4 99.0 99.00
2016 02 01 20 50  79  8.8 10.6  1.70  7.14  5.10  89 1011.7  26.9  27.4  22.3 99.0 99.00
2016 02 01 21 50  89  8.9 11.0  1.80  7.14  5.18  92 1011.9  27.2  27.4  22.5 99.0 99.00
2016 02 01 22 50  81 10.0 11.5  1.65  7.69  4.95  90 1012.1  27.0  27.4  22.5 99.0 99.00
2016 02 01 23 50  84  9.2 11.0  1.85  7.14  5.18  93 1012.5  27.0  27.4  22.6 99.0 99.00
2016 02 02 00 50  85  8.7 10.3  1.81  7.14  5.22  92 1013.3  27.0  27.3  22.6 99.0 99.00
2016 02 02 01 50  79  9.9 12.2  1.78  7.69  5.01  93 1013.5  27.0  27.3  22.9 99.0 99.00
2016 02 02 02 50  79 10.1 11.6  1.80  7.14  5.11  96 1013.8  26.9  27.3  22.7 99.0 99.00
2016 02 02 03 50  82  9.7 12.4  1.93  6.25  5.06  93 1013.7  27.0  27.3  22.7 99.0 99.00
2016 02 02 04 50  82  9.4 11.2  1.84  7.69  5.10  87 1013.3  26.9  27.3  22.3 99.0 99.00
2016 02 02 05 50  76 10.4 12.5  1.93  7.14  5.09 102 1012.6  26.8  27.3  21.9 99.0 99.00
2016 02 02 06 50  76  8.6 10.4  1.90  7.14  5.02 100 1011.9  26.7  27.3  22.4 99.0 99.00
2016 02 02 07 50  82  9.7 11.9  1.84  7.14  5.25  94 1011.1  26.7  27.3  22.1 99.0 99.00
2016 02 02 08 50  79 10.0 11.3  1.85  6.67  5.04 103 1011.1  26.6  27.3  22.1 99.0 99.00
2016 02 02 09 50  84  9.4 11.1  1.82  6.67  5.03 101 1011.6  26.6  27.3  21.9 99.0 99.00
2016 02 02 10 50  79  9.6 11.1  1.80  6.67  5.15  98 1012.1  26.5  27.3  22.2 99.0 99.00
2016 02 02 11 50  84  9.4 11.1  1.91  7.14  5.17  96 1012.9  26.6  27.3  22.3 99.0 99.00
2016 02 02 12 50  82  9.7 11.5  1.95  7.14  5.22  98 1013.7  26.9  27.3  22.0 99.0 99.00
2016 02 02 13 50  81  9.4 12.1  1.77  7.14  5.02 109 1014.5  27.1  27.3  22.6 99.0 99.00
2016 02 02 14 50  83  9.3 11.0  1.61  6.67  4.84  84 1014.8  27.1  27.3  22.7 99.0 99.00
2016 02 02 15 50  83  9.4 11.1  1.82  7.14  5.14 109 1014.5  27.1  27.3  22.6 99.0 99.00
2016 02 02 16 50  86  9.4 11.1  1.77  6.67  5.00 111 1013.7  27.1  27.3  22.7 99.0 99.00
2016 02 02 17 50  81  9.4 11.1  1.77  7.14  5.06 107 1012.9  27.0  27.4  22.7 99.0 99.00
2016 02 02 18 50  80  9.0 10.4  1.75  7.14  5.11 104 1012.2  27.1  27.4  22.8 99.0 99.00
2016 02 02 19 50  83  9.0 10.5  1.84  7.14  5.11 106 1011.5  27.1  27.4  22.9 99.0 99.00
2016 02 02 20 50  84  8.9 10.6  1.74  7.14  5.12 110 1011.4  27.2  27.4  22.9 99.0 99.00
2016 02 02 21 50  79  9.3 11.3  1.83  7.14  5.21 115 1011.6  27.2  27.4  23.2 99.0 99.00
2016 02 02 22 50  79  9.3 11.1  1.74  7.14  5.00 117 1012.1  27.1  27.3  22.9 99.0 99.00
2016 02 02 23 50  78  9.7 12.2  1.79  7.14  5.05 107 1012.5  27.1  27.3  22.8 99.0 99.00
2016 02 03 00 50  79 10.3 12.1  1.78  6.67  5.10 111 1013.1  27.1  27.3  22.8 99.0 99.00
2016 02 03 01 50  72  8.9 10.3  1.79  6.67  4.96 103 1013.8  27.1  27.3  23.1 99.0 99.00
2016 02 03 02 50  74 10.4 12.4  1.84  6.25  5.03 109 1014.1  27.0  27.3  23.4 99.0 99.00
2016 02 03 03 50  84  9.1 10.5  1.82  7.14  5.08 111 1014.2  27.0  27.2  22.8 99.0 99.00
2016 02 03 04 50  85  9.1 10.8  1.86  6.67  5.13  96 1013.8  26.9  27.2  22.8 99.0 99.00
2016 02 03 05 50  78  8.7 10.8  1.83  7.14  5.20 119 1013.5  26.8  27.2  23.3 99.0 99.00
2016 02 03 06 50  78  9.9 11.9  1.83  6.25  5.05 110 1012.7  26.8  27.2  22.6 99.0 99.00
2016 02 03 07 50  77  9.6 11.2  1.83  6.67  5.04  96 1012.1  26.8  27.2  22.7 99.0 99.00
2016 02 03 08 50  75 10.4 12.5  1.83  6.67  5.12 103 1012.1  26.7  27.2  22.5 99.0 99.00
2016 02 03 09 50  77 11.0 12.8  1.78  6.67  5.08 117 1012.4  26.8  27.2  21.9 99.0 99.00
2016 02 03 10 50  81 10.4 12.2  1.91  7.14  5.17 114 1012.9  26.9  27.2  21.7 99.0 99.00
2016 02 03 11 50  80  9.7 11.5  2.00  7.14  5.39 109 1013.4  26.8  27.2  22.3 99.0 99.00
2016 02 03 12 50  77 10.0 11.2  1.99  6.67  5.28 107 1013.9  26.9  27.2  22.1 99.0 99.00
2016 02 03 13 50  79 10.5 12.4  1.89  7.14  5.31 113 1014.6  27.0  27.2  21.8 99.0 99.00
2016 02 03 14 50  79 10.0 12.3  1.90  6.67  5.17 101 1014.8  27.0  27.2  21.9 99.0 99.00
2016 02 03 15 50  85 10.0 12.1  1.89  6.67  5.16 110 1014.5  27.0  27.2  21.8 99.0 99.00
2016 02 03 16 50  88 10.0 11.6  1.95  6.67  5.14  98 1013.7  27.1  27.3  21.8 99.0 99.00
2016 02 03 17 50  80  9.3 10.9  1.82  6.67  5.11 100 1013.0  27.0  27.3  22.7 99.0 99.00
2016 02 03 18 50  80  9.1 11.0  1.93  7.14  5.30 110 1012.1  27.1  27.3  22.6 99.0 99.00
2016 02 03 19 50  77 10.0 11.7  1.90  6.67  5.24  94 1011.2  27.1  27.3  22.7 99.0 99.00
2016 02 03 20 50  71  9.6 11.4  1.92  6.67  5.20  90 1011.0  27.0  27.3  23.0 99.0 99.00
2016 02 03 21 50  73 10.4 12.8  1.90  7.14  5.01  96 1011.3  27.1  27.3  23.0 99.0 99.00
2016 02 03 22 50  71 10.7 12.9  2.02  6.67  5.11  87 1011.6  27.0  27.3  23.1 99.0 99.00
2016 02 03 23 50  68 11.2 13.1  1.98  6.67  5.07 107 1011.9  27.1  27.3  22.9 99.0 99.00
2016 02 04 00 50  69 11.2 14.0  1.93  6.67  5.09  80 1012.7  27.2  27.3  23.0 99.0 99.00
2016 02 04 01 50  66 10.2 13.0  2.02  6.67  5.20  78 1013.2  27.0  27.3  23.3 99.0 99.00
2016 02 04 02 50  69 11.4 13.4  2.10  6.67  5.30  92 1013.6  27.0  27.3  23.2 99.0 99.00
2016 02 04 03 50  71 11.0 13.4  2.22  7.14  5.32  92 1013.7  27.1  27.3  22.5 99.0 99.00
2016 02 04 04 50  77 10.9 13.3  2.00  7.14  5.23  75 1013.4  27.0  27.3  22.1 99.0 99.00
2016 02 04 05 50  76 11.2 13.2  2.32  7.14  5.44  78 1012.8  26.8  27.3  22.3 99.0 99.00
2016 02 04 06 50  84  9.5 11.5  2.18  7.14  5.38  90 1012.1  26.7  27.3  22.9 99.0 99.00
2016 02 04 07 50  87  9.9 12.3  2.36  6.67  5.56  92 1011.7  26.7  27.3  22.1 99.0 99.00
2016 02 04 08 50  80 10.3 12.3  2.08  6.67  5.39  82 1011.7  26.8  27.3  21.6 99.0 99.00
2016 02 04 09 50  76 10.2 11.9  2.05  7.14  5.37  82 1012.1  26.8  27.3  22.0 99.0 99.00
2016 02 04 10 50  76 10.7 13.2  2.24  7.14  5.44  83 1012.9  26.8  27.3  21.9 99.0 99.00
2016 02 04 11 50  79 10.2 12.2  2.40  6.67  5.49  78 1013.8  26.8  27.3  21.8 99.0 99.00
2016 02 04 12 50  81 10.8 12.6  2.04  7.14  5.36  91 1014.3  27.0  27.3  21.5 99.0 99.00
2016 02 04 13 50  82 10.7 13.0  2.15  7.14  5.28  85 1014.8  27.1  27.3  21.7 99.0 99.00
2016 02 04 15 50  88  9.7 11.6  2.07  7.69  5.44  81 1014.9  27.1  27.3  22.6 99.0 99.00
2016 02 04 16 50  86  9.5 11.1  2.09  7.14  5.28  85 1014.3  27.1  27.3  21.9 99.0 99.00
2016 02 04 17 50  88  8.8 10.1  1.93  6.67  5.38  91 1013.3  27.0  27.3  22.0 99.0 99.00
2016 02 04 18 50  77  9.4 10.9  1.92  7.69  5.28  71 1012.2  26.8  27.3  22.3 99.0 99.00
2016 02 04 19 50  72  7.9  9.0  1.97  7.14  5.36  74 1011.8  26.5  27.4  22.8 99.0 99.00
2016 02 04 20 50  70  9.2 10.8  1.74  7.14  5.23  81 1011.6  26.8  27.3  22.2 99.0 99.00
2016 02 04 21 50  72  8.9 10.6  2.02  7.14  5.51  74 1011.7  26.9  27.3  22.3 99.0 99.00
2016 02 04 22 50  76  9.1 10.5  1.81  7.14  5.34  86 1011.7  26.8  27.3  21.9 99.0 99.00
2016 02 04 23 50  68  8.4  9.8  1.92  7.69  5.45  83 1012.7  26.8  27.3  22.3 99.0 99.00
2016 02 05 00 50  71  7.8  9.3  1.83  8.33  5.56  56 1013.5  26.9  27.3  21.9 99.0 99.00
2016 02 05 01 50  49  6.7  9.0  1.80  7.69  5.59  66 1014.2  25.4  27.3  22.8 99.0 99.00
2016 02 05 02 50  64  9.3 10.8  1.83  8.33  5.44  53 1014.3  26.9  27.3  22.3 99.0 99.00
2016 02 05 03 50  71 10.6 12.6  1.91  8.33  5.42  60 1014.1  26.8  27.3  22.2 99.0 99.00
2016 02 05 04 50  73  8.5 10.4  1.87  7.14  5.47  82 1014.1  26.7  27.3  21.8 99.0 99.00
2016 02 05 05 50  73  7.1  8.3  1.84  8.33  5.49  61 1013.8  26.5  27.3  22.2 99.0 99.00
2016 02 05 06 50  64  6.9  8.0  1.76  8.33  5.54  67 1013.5  26.4  27.3  21.6 99.0 99.00
2016 02 05 07 50  57  7.4  9.1  1.66  8.33  5.59  67 1013.1  26.3  27.3  21.7 99.0 99.00
2016 02 05 08 50  59  6.8  8.4  1.69  8.33  5.67  64 1013.2  26.4  27.3  21.6 99.0 99.00
2016 02 05 09 50  62  7.1  8.6  1.60  7.69  5.56  63 1013.4  26.3  27.3  21.5 99.0 99.00
2016 02 05 10 50  72  6.7  8.2  1.61  7.69  5.51  70 1014.0  26.3  27.3  21.0 99.0 99.00
2016 02 05 11 50  92  7.5  8.9  1.60  7.69  5.53  63 1014.4  26.5  27.3  21.0 99.0 99.00
2016 02 05 12 50  61  6.5  7.8  1.59  7.69  5.40  66 1015.7  26.8  27.3  21.2 99.0 99.00
2016 02 05 13 50  76  6.0  7.2  1.67  7.14  5.72  61 1016.4  26.8  27.3  21.2 99.0 99.00
2016 02 05 14 50  83  6.7  8.0  1.49  7.69  5.55  61 1016.7  26.9  27.3  21.2 99.0 99.00
2016 02 05 15 50 102  5.7  7.1  1.51  7.14  5.61  66 1016.2  26.8  27.3  21.4 99.0 99.00
2016 02 05 16 50  88  5.4  6.2  1.28  7.69  5.19  55 1015.7  26.7  27.4  21.5 99.0 99.00
2016 02 05 17 50  90  5.5  7.2  1.29  7.14  5.29  71 1014.8  26.7  27.4  21.1 99.0 99.00
2016 02 05 18 50  96  5.1  5.7  1.23  7.14  5.23  62 1013.8  26.6  27.5  21.1 99.0 99.00
2016 02 05 19 50  97  4.8  6.0  1.18  7.14  5.09  69 1013.3  26.7  27.5  20.7 99.0 99.00
2016 02 05 20 50  92  4.6  6.1  1.23  7.69  5.19  66 1013.1  26.7  27.5  20.6 99.0 99.00
2016 02 05 21 50  77  5.1  6.7  1.22  6.67  5.23  73 1013.5  26.9  27.5  21.2 99.0 99.00
2016 02 05 22 50  85  5.4  6.6  1.26  6.67  5.18  78 1013.8  26.7  27.4  20.9 99.0 99.00
2016 02 05 23 50  54  6.6  8.0  1.24  7.14  5.06  57 1014.3  25.9  27.4  21.9 99.0 99.00
2016 02 06 00 50  63  5.4  6.9  1.21  6.67  4.94  72 1015.0  26.2  27.3  21.9 99.0 99.00
2016 02 06 01 50  62  6.4  7.6  1.23  7.14  5.10  62 1015.5  26.2  27.3  21.8 99.0 99.00
2016 02 06 02 50  55  6.4  7.6  1.28  6.67  5.11  61 1015.4  26.0  27.3  22.2 99.0 99.00
2016 02 06 03 50  58  5.7  6.7  1.21  6.67  5.06  54 1015.4  25.9  27.3  22.4 99.0 99.00
2016 02 06 04 50  69  5.2  6.2  1.21  7.14  5.17  58 1015.0  26.1  27.3  22.3 99.0 99.00
2016 02 06 05 50  69  5.2  6.6  1.24  6.25  5.17  47 1014.7  26.2  27.3  21.8 99.0 99.00
2016 02 06 06 50  86  6.0  7.1  1.21  7.14  5.26  57 1014.2  26.5  27.3  20.8 99.0 99.00
2016 02 06 07 50  91  5.9  7.1  1.17  6.67  5.11  68 1013.6  26.4  27.2  21.1 99.0 99.00
2016 02 06 08 50  80  6.4  7.6  1.23  7.14  5.18  55 1013.5  26.4  27.2  21.0 99.0 99.00
2016 02 06 09 50  81  7.2  8.5  1.15  7.14  4.86  59 1013.9  26.3  27.2  20.7 99.0 99.00
2016 02 06 10 50  77  7.4  8.7  1.09  7.69  4.85  63 1014.3  26.3  27.2  20.8 99.0 99.00
2016 02 06 11 50  81  8.1  9.5  1.15  7.14  4.53  66 1014.8  26.3  27.2  21.0 99.0 99.00
2016 02 06 12 50  81  9.3 10.9  1.21  7.14  4.46  60 1015.2  26.5  27.2  20.1 99.0 99.00
2016 02 06 13 50  87  9.0 10.4  1.25  5.00  4.51  90 1015.7  26.6  27.2  20.5 99.0 99.00
2016 02 06 14 50  82  9.1 10.8  1.24  5.56  4.48  89 1016.0  26.5  27.2  20.7 99.0 99.00
2016 02 06 15 50  89  9.4 11.6  1.40  5.26  4.45  88 1015.6  26.6  27.2  19.9 99.0 99.00
2016 02 06 16 50  89  8.4 10.1  1.53  5.26  4.70  98 1014.9  26.5  27.2  19.7 99.0 99.00
2016 02 06 17 50  98  8.1 10.0  1.42  5.26  4.71  95 1014.1  26.4  27.3  20.4 99.0 99.00
2016 02 06 18 50  92  7.6  8.9  1.43  5.00  4.83  88 1013.1  26.4  27.3  20.4 99.0 99.00
2016 02 06 19 50  88  7.8  9.4  1.49  5.26  4.85  95 1012.5  26.5  27.3  20.7 99.0 99.00
2016 02 06 20 50  79  7.7  8.9  1.38  5.00  4.79  90 1012.6  26.6  27.3  20.8 99.0 99.00
2016 02 06 21 50  75  7.6  9.3  1.36  5.00  4.87  96 1013.0  26.7  27.3  21.7 99.0 99.00
2016 02 06 22 50  67  8.0  9.7  1.36  5.26  4.80  94 1013.4  26.6  27.3  21.8 99.0 99.00
2016 02 06 23 50  67  8.1 10.2  1.33  5.26  4.70  93 1013.8  26.6  27.3  22.2 99.0 99.00
2016 02 07 00 50  63  8.9 10.6  1.39  5.88  4.72 103 1014.2  26.7  27.3  22.3 99.0 99.00
2016 02 07 01 50  61  9.3 11.2  1.31  5.56  4.55 103 1014.4  26.7  27.3  22.5 99.0 99.00
2016 02 07 02 50  58  9.4 10.9  1.31  5.88  4.56  96 1014.7  26.8  27.3  23.0 99.0 99.00
2016 02 07 03 50  58  9.2 10.7  1.37  5.88  4.66 105 1014.6  26.8  27.3  23.2 99.0 99.00
2016 02 07 04 50  57  9.3 11.1  1.39  5.88  4.62  88 1014.4  26.8  27.3  23.6 99.0 99.00
2016 02 07 05 50  63  8.8 10.4  1.45  5.88  4.68  86 1013.9  26.7  27.3  23.5 99.0 99.00
2016 02 07 06 50  72  8.9 11.0  1.49  5.56  4.76  82 1013.1  26.8  27.3  23.7 99.0 99.00
2016 02 07 07 50  75  9.5 11.0  1.48  5.88  4.68  87 1012.3  26.8  27.3  23.4 99.0 99.00
2016 02 07 08 50  78  9.1 11.2  1.54  5.88  4.84  83 1012.1  26.9  27.3  23.7 99.0 99.00
2016 02 07 09 50  85  9.5 11.2  1.55  5.56  4.89  79 1012.2  26.9  27.3  23.7 99.0 99.00
2016 02 07 10 50  70  8.2 10.1  1.46  5.88  4.91  98 1012.8  26.9  27.3  23.7 99.0 99.00
2016 02 07 11 50  84  8.6 10.4  1.47  5.88  4.86  90 1013.3  26.9  27.3  23.7 99.0 99.00
2016 02 07 12 50  80  8.0  9.5  1.52  6.25  4.96 101 1013.8  27.1  27.3  23.6 99.0 99.00
2016 02 07 13 50  78  7.9  9.7  1.43  5.56  4.80  88 1014.7  27.2  27.3  23.6 99.0 99.00
2016 02 07 14 50  80  7.4  8.9  1.61  6.67  5.05  96 1015.3  27.3  27.3  23.3 99.0 99.00
2016 02 07 15 50  73  7.9  9.1  1.48  5.26  4.90  82 1015.1  27.4  27.3  23.3 99.0 99.00
2016 02 07 16 50  60  8.0  9.9  1.73  6.25  5.31  99 1014.4  27.1  27.3  23.6 99.0 99.00
2016 02 07 17 50  67  8.0  9.5  1.67  7.14  5.28 107 1013.4  27.3  27.3  24.0 99.0 99.00
2016 02 07 18 50  74  8.8 10.6  1.63  6.67  5.18 104 1012.5  27.3  27.4  23.7 99.0 99.00
2016 02 07 19 50  75  8.8 10.2  1.76  7.14  5.37 100 1011.8  27.1  27.4  23.8 99.0 99.00
2016 02 07 20 50  68  8.6 10.2  1.73  7.69  5.25 100 1011.7  27.4  27.4  23.7 99.0 99.00
2016 02 07 21 50  74  8.5  9.9  1.57  7.69  5.12 101 1012.0  27.3  27.4  24.0 99.0 99.00
2016 02 07 22 50  67  8.4 10.1  1.70  7.69  5.40 103 1012.0  27.2  27.4  24.1 99.0 99.00
2016 02 07 23 50  72  8.6 10.4  1.60  6.67  5.09  93 1012.5  27.2  27.3  24.1 99.0 99.00
2016 02 08 00 50  73  9.1 10.4  1.70  7.69  5.33  96 1013.2  27.2  27.3  24.3 99.0 99.00
2016 02 08 01 50  80  9.0 10.6  1.74  8.33  5.47  99 1013.7  27.2  27.3  24.0 99.0 99.00
2016 02 08 02 50  75  8.3 10.0  1.66  7.69  5.14  99 1014.2  27.2  27.3  24.0 99.0 99.00
2016 02 08 03 50  72  8.2  9.9  1.81  7.69  5.49 107 1014.5  27.2  27.3  23.9 99.0 99.00
2016 02 08 04 50  71  8.3 10.3  1.82  7.69  5.52 110 1014.1  27.1  27.3  23.7 99.0 99.00
2016 02 08 05 50  70  9.0 10.3  1.96  8.33  5.58 106 1013.4  27.1  27.3  23.6 99.0 99.00
2016 02 08 06 50  71  9.1 10.6  1.96  8.33  5.69 106 1013.1  27.0  27.3  23.7 99.0 99.00
2016 02 08 07 50  73  8.6 10.4  2.06  7.69  5.80 102 1012.9  27.0  27.3  23.4 99.0 99.00
2016 02 08 08 50  79  8.5 10.1  1.96  8.33  5.58  93 1012.8  27.0  27.3  23.4 99.0 99.00
2016 02 08 09 50  82  9.9 11.6  2.03  8.33  5.61 107 1013.0  27.0  27.2  23.2 99.0 99.00
2016 02 08 10 50  86  9.6 11.3  2.03  8.33  5.74  98 1013.2  27.0  27.2  23.1 99.0 99.00
2016 02 08 11 50  76  9.2 11.1  2.00  8.33  5.52  96 1014.0  27.0  27.2  23.2 99.0 99.00
2016 02 08 12 50  79  9.9 11.9  2.07  8.33  5.78 106 1014.6  27.3  27.2  23.1 99.0 99.00
2016 02 08 13 50  75  9.5 11.0  2.21  8.33  5.91  98 1015.0  27.2  27.3  23.6 99.0 99.00
2016 02 08 14 50  83  9.7 11.7  2.05  9.09  5.81  86 1014.8  27.2  27.3  23.8 99.0 99.00
2016 02 08 15 50  94 10.3 12.3  2.34  9.09  5.96  93 1014.0  27.3  27.3  23.4 99.0 99.00
2016 02 08 16 50  86  9.1 11.2  2.19  9.09  5.78  89 1013.4  27.2  27.3  23.7 99.0 99.00
2016 02 08 17 50  85  8.9 10.2  2.10  8.33  5.67  97 1012.6  27.2  27.3  23.7 99.0 99.00
2016 02 08 18 50  78  8.9 10.4  2.22  8.33  5.84 102 1011.7  27.2  27.4  23.6 99.0 99.00
2016 02 08 19 50  82  8.8 10.6  2.22  8.33  6.06  96 1011.1  27.3  27.4  23.6 99.0 99.00
2016 02 08 20 50  84  8.1  9.5  2.06  8.33  5.59 101 1011.0  27.3  27.4  23.8 99.0 99.00
2016 02 08 21 50  78  8.5 10.0  2.09  9.09  5.95  89 1011.2  27.3  27.4  23.6 99.0 99.00
2016 02 08 22 50  70  7.7  9.3  2.07  9.09  5.89 100 1011.8  27.2  27.3  24.0 99.0 99.00
2016 02 08 23 50  70  8.4 10.0  2.01  8.33  5.84 104 1012.3  27.2  27.3  23.7 99.0 99.00
2016 02 09 00 50  68  8.5 10.3  1.94  8.33  5.71 100 1013.1  27.2  27.3  23.6 99.0 99.00
2016 02 09 01 50  61  8.4  9.9  2.12  8.33  6.01  96 1013.7  27.2  27.3  23.9 99.0 99.00
2016 02 09 02 50  75  9.7 11.1  2.14  9.09  5.86  96 1013.9  27.2  27.3  23.4 99.0 99.00
2016 02 09 03 50  77  9.5 11.2  2.14  9.09  5.69 102 1013.9  27.1  27.3  23.6 99.0 99.00
2016 02 09 04 50  66  9.2 10.8  2.18  8.33  5.95  95 1013.5  27.1  27.3  24.0 99.0 99.00
2016 02 09 05 50  69  9.7 11.9  2.16  8.33  5.89 101 1013.3  27.0  27.3  23.8 99.0 99.00
2016 02 09 06 50  69 10.0 12.1  2.16  8.33  5.87 103 1012.6  27.0  27.3  23.8 99.0 99.00
2016 02 09 07 50  67  9.3 12.2  2.15  9.09  5.82  89 1012.7  27.0  27.3  23.9 99.0 99.00
2016 02 09 08 50  68  9.1 11.3  2.33  8.33  5.91 101 1013.0  26.9  27.3  23.9 99.0 99.00
2016 02 09 09 50  73  9.1 11.8  2.19  8.33  5.88  97 1013.4  26.7  27.3  23.8 99.0 99.00
2016 02 09 10 50  78  9.9 11.6  2.20  8.33  5.71  98 1014.0  27.0  27.3  23.2 99.0 99.00
2016 02 09 11 50  77  9.4 12.4  2.15  8.33  5.69  96 1014.8  27.1  27.3  23.2 99.0 99.00
2016 02 09 12 50  76  9.8 11.7  2.37  9.09  6.02  97 1015.8  27.3  27.3  23.0 99.0 99.00
2016 02 09 13 50  72  9.2 10.9  2.24  9.09  5.83  93 1016.5  27.4  27.3  23.2 99.0 99.00
2016 02 09 14 50  74  8.7 10.2  2.13  8.33  5.58  88 1017.1  27.4  27.3  23.3 99.0 99.00
2016 02 09 15 50  78  8.3 10.6  2.07  8.33  5.73  98 1016.8  27.2  27.3  23.5 99.0 99.00
2016 02 09 16 50  83  8.3  9.9  1.90  7.69  5.53  98 1016.0  27.3  27.4  23.3 99.0 99.00
2016 02 09 17 50  72  8.7 10.3  2.01  8.33  5.66 104 1014.7  27.1  27.4  23.5 99.0 99.00
2016 02 09 18 50  67  8.0  9.8  2.12  8.33  5.88  87 1013.9  27.2  27.4  23.4 99.0 99.00
2016 02 09 19 50  65  8.9 10.7  1.92  8.33  5.83  91 1013.4  27.1  27.4  23.7 99.0 99.00
2016 02 09 20 50  70  8.8 10.4  1.89  9.09  5.69  86 1013.3  27.2  27.4  23.5 99.0 99.00
2016 02 09 21 50  74  9.1 10.9  1.99  7.69  5.75  93 1013.5  27.2  27.4  23.6 99.0 99.00
2016 02 09 22 50  66  9.2 10.6  1.96  7.69  5.61  81 1013.9  27.2  27.4  23.6 99.0 99.00
2016 02 09 23 50  67  9.8 11.7  1.99  7.69  5.55  90 1014.0  27.2  27.4  23.8 99.0 99.00
2016 02 10 00 50  72  9.9 11.7  2.22  7.69  5.74  95 1014.4  27.2  27.4  24.0 99.0 99.00
2016 02 10 01 50  79 10.1 11.8  2.02  7.69  5.46  90 1014.7  27.2  27.4  23.6 99.0 99.00
2016 02 10 02 50  78  9.0 10.9  1.99  8.33  5.38  95 1015.3  27.1  27.4  23.8 99.0 99.00
2016 02 10 03 50  79 10.2 11.8  2.12  8.33  5.56  87 1015.1  27.1  27.4  23.6 99.0 99.00
2016 02 10 04 50  73  9.2 11.3  2.04  8.33  5.60 106 1014.7  27.1  27.4  23.6 99.0 99.00
2016 02 10 05 50  75  9.0 10.3  2.20  8.33  5.68  95 1014.8  27.1  27.4  23.5 99.0 99.00
2016 02 10 06 50  78  8.8 10.6  2.25  7.14  5.76  98 1014.5  27.1  27.4  23.4 99.0 99.00
2016 02 10 07 50  79  8.2 10.1  2.15  8.33  5.74 105 1014.4  26.8  27.4  23.7 99.0 99.00
2016 02 10 08 50  63  7.3  9.5  2.27  8.33  5.99  99 1014.5  27.0  27.4  23.6 99.0 99.00
2016 02 10 09 50  61  9.3 10.8  2.21  8.33  5.79  96 1014.4  27.0  27.4  23.4 99.0 99.00
2016 02 10 10 50  58  9.4 11.0  2.19  7.69  5.65 100 1014.9  27.1  27.4  23.5 99.0 99.00
2016 02 10 11 50  60  9.6 11.4  2.02  7.69  5.52  93 1016.0  27.1  27.4  23.7 99.0 99.00
2016 02 10 12 50  65 10.3 12.6  2.03  8.33  5.53  91 1016.4  27.3  27.4  23.6 99.0 99.00
2016 02 10 13 50  62 10.3 12.1  2.18  7.69  5.50 107 1017.0  27.2  27.4  23.7 99.0 99.00
2016 02 10 14 50  68 10.8 13.2  2.19  7.69  5.69  93 1017.3  27.3  27.4  23.5 99.0 99.00
2016 02 10 15 50  67 10.4 12.9  2.28  8.33  5.70  98 1017.1  27.3  27.4  23.5 99.0 99.00
2016 02 10 16 50  64 10.7 12.3  2.30  8.33  5.58  93 1016.3  27.2  27.4  23.3 99.0 99.00
2016 02 10 17 50  66  9.9 12.2  2.33  8.33  5.53  93 1015.8  27.2  27.4  23.5 99.0 99.00
2016 02 10 18 50  63  9.2 10.9  2.18  7.69  5.49  88 1015.3  27.2  27.4  23.4 99.0 99.00
2016 02 10 19 50  61  8.6 10.0  2.13  7.69  5.51  83 1014.7  27.1  27.4  23.5 99.0 99.00
2016 02 10 20 50  66  9.4 11.2  2.05  8.33  5.64  90 1014.6  27.3  27.4  23.3 99.0 99.00
2016 02 10 21 50  68  9.7 11.5  2.25  8.33  5.75  88 1014.8  27.3  27.4  23.6 99.0 99.00
2016 02 10 22 50  72  9.7 11.6  2.16  8.33  5.64  88 1014.9  27.3  27.4  23.5 99.0 99.00
2016 02 10 23 50  66  9.3 11.0  1.98  7.69  5.37  87 1015.4  27.2  27.3  23.6 99.0 99.00
2016 02 11 00 50  64 10.0 11.7  2.08  8.33  5.47  92 1015.9  27.2  27.3  23.7 99.0 99.00
2016 02 11 01 50  66  9.8 12.0  2.30  8.33  5.64  90 1016.4  27.2  27.4  23.9 99.0 99.00
2016 02 11 02 50  65 10.3 11.7  2.28  7.69  5.74  98 1016.3  27.1  27.4  23.8 99.0 99.00
2016 02 11 03 50  62 10.4 12.3  2.36  7.69  5.73  90 1016.3  27.0  27.4  23.6 99.0 99.00
2016 02 11 04 50  60  9.6 11.5  2.13  7.69  5.50  95 1015.9  27.0  27.4  23.7 99.0 99.00
2016 02 11 05 50  64 10.6 12.6  2.23  8.33  5.72  89 1014.9  26.9  27.4  23.8 99.0 99.00
2016 02 11 06 50  62  9.7 11.8  2.14  7.69  5.45  97 1014.7  26.9  27.3  23.6 99.0 99.00
2016 02 11 07 50  61  9.5 11.8  2.10  8.33  5.62 105 1014.6  27.0  27.3  23.5 99.0 99.00
2016 02 11 08 50  67  9.3 11.2  2.32  8.33  5.85  96 1015.0  27.0  27.3  23.3 99.0 99.00
2016 02 11 09 50  66  9.7 11.1  2.39  8.33  6.01  96 1015.6  26.9  27.3  23.7 99.0 99.00
2016 02 11 10 50  62 10.4 12.0  2.25  7.69  5.65  98 1016.0  27.0  27.3  23.3 99.0 99.00
2016 02 11 11 50  71  9.9 11.8  2.11  8.33  5.48  98 1016.4  27.0  27.3  23.2 99.0 99.00
2016 02 11 12 50  69  9.8 11.4  2.12  7.69  5.42  91 1016.8  27.1  27.3  23.4 99.0 99.00
2016 02 11 13 50  70 10.5 12.3  2.17  8.33  5.43  93 1017.4  27.2  27.3  23.1 99.0 99.00
2016 02 11 14 50  73 10.4 12.2  1.98  8.33  5.45 106 1017.6  27.2  27.3  23.2 99.0 99.00
2016 02 11 15 50  74  9.9 11.8  1.98  7.69  5.45  98 1016.7  27.2  27.3  23.5 99.0 99.00
2016 02 11 16 50  69  9.9 11.2  2.01  7.69  5.43  95 1015.9  27.1  27.4  23.4 99.0 99.00
2016 02 11 17 50  70  9.5 11.6  1.96  7.14  5.33  99 1015.1  27.1  27.4  23.4 99.0 99.00
2016 02 11 18 50  67  9.2 11.0  1.95  7.69  5.26  91 1014.5  27.1  27.4  23.2 99.0 99.00
2016 02 11 19 50  66  8.7 10.3  1.95  7.69  5.44  91 1014.0  27.2  27.4  23.2 99.0 99.00
2016 02 11 20 50  60  9.8 11.4  1.80  8.33  5.26  92 1014.1  27.2  27.4  23.3 99.0 99.00
2016 02 11 21 50  61  9.7 11.6  1.92  6.25  5.32  89 1014.1  27.3  27.4  23.5 99.0 99.00
2016 02 11 22 50  59 10.1 12.0  1.97  7.69  5.35  99 1014.5  27.2  27.4  23.3 99.0 99.00
2016 02 11 23 50  60  9.9 11.6  2.00  7.14  5.31 104 1014.9  27.1  27.3  23.6 99.0 99.00
2016 02 12 00 50  60 10.1 11.9  2.00  6.67  5.38  94 1015.5  27.1  27.3  23.3 99.0 99.00
2016 02 12 01 50  59  9.4 11.1  1.88  5.56  5.28  78 1016.1  27.0  27.3  23.5 99.0 99.00
2016 02 12 02 50  61  9.0 11.0  1.92  6.67  5.33  61 1016.3  27.0  27.3  23.4 99.0 99.00
2016 02 12 03 50  58  9.6 11.4  1.86  7.14  5.27  90 1016.2  26.9  27.3  23.2 99.0 99.00
2016 02 12 04 50  59  9.0 10.2  1.74  7.69  5.17  91 1016.0  26.9  27.3  23.1 99.0 99.00
2016 02 12 05 50  60 10.0 11.7  1.91  6.67  5.31  90 1015.1  26.8  27.3  23.0 99.0 99.00
2016 02 12 06 50  64 10.1 12.5  1.85  7.69  5.25  99 1014.4  26.8  27.3  23.0 99.0 99.00
2016 02 12 07 50  62 10.5 12.2  1.78  8.33  5.16  92 1014.1  26.7  27.3  22.5 99.0 99.00
2016 02 12 08 50  73 10.4 12.3  1.95  7.14  5.30 101 1014.1  26.6  27.3  22.7 99.0 99.00
2016 02 12 09 50  68 10.4 12.2  1.99  7.69  5.31 100 1014.3  26.7  27.3  22.8 99.0 99.00
2016 02 12 10 50  71 11.1 12.8  1.94  7.14  5.23  78 1014.6  26.7  27.3  22.8 99.0 99.00
2016 02 12 11 50  68 10.3 11.9  1.92  7.14  5.14  58 1015.6  26.8  27.3  22.6 99.0 99.00
2016 02 12 12 50  77 10.2 12.0  2.18  6.67  5.36  78 1016.2  27.0  27.3  22.9 99.0 99.00
2016 02 12 13 50  72 10.1 12.3  2.11  7.14  5.30  84 1016.7  27.1  27.3  22.8 99.0 99.00
2016 02 12 14 50  73 10.8 12.9  2.12  6.67  5.38  88 1017.0  27.2  27.3  22.6 99.0 99.00
2016 02 12 15 50  78 10.4 12.4  2.23  7.14  5.46  85 1016.8  27.2  27.3  22.6 99.0 99.00
2016 02 12 16 50  81 10.4 13.1  2.17  6.67  5.30  91 1015.9  27.2  27.4  22.8 99.0 99.00
2016 02 12 17 50  79  8.9 11.5  2.15  6.67  5.38  79 1015.0  26.6  27.4  22.4 99.0 99.00
2016 02 12 18 50  76 10.7 12.6  2.34  6.67  5.45  80 1014.0  27.2  27.4  21.9 99.0 99.00
2016 02 12 19 50  98  9.2 11.8  2.33  7.14  5.51  67 1013.6  24.9  27.4  22.6 99.0 99.00
2016 02 12 20 50  72  9.9 12.1  2.42  7.69  5.85  86 1013.3  27.0  27.4  22.8 99.0 99.00
2016 02 12 21 50  74  9.0 10.6  2.31  7.14  5.75  78 1013.3  27.1  27.4  23.1 99.0 99.00
2016 02 12 22 50  74  9.5 11.2  2.33  7.14  5.75  70 1013.3  27.0  27.4  23.1 99.0 99.00
2016 02 12 23 50  71  9.7 11.8  2.47  7.69  5.93  82 1013.6  26.8  27.4  23.1 99.0 99.00
2016 02 13 00 50  71  9.9 11.6  2.37  7.69  5.86  80 1014.1  26.9  27.4  23.0 99.0 99.00
2016 02 13 01 50  69 10.4 11.9  2.28  7.14  5.58  70 1014.4  26.9  27.4  23.0 99.0 99.00
2016 02 13 02 50  64 10.5 12.5  2.22  7.69  5.57  77 1014.6  26.9  27.4  23.1 99.0 99.00
2016 02 13 03 50  65 10.3 11.8  2.38  7.69  5.61  85 1014.5  26.8  27.3  22.8 99.0 99.00
2016 02 13 04 50  69 10.0 12.0  2.33  7.69  5.63  80 1014.4  26.8  27.3  22.3 99.0 99.00
2016 02 13 05 50  65  9.4 11.3  2.37  7.69  5.67  69 1014.2  26.9  27.3  22.7 99.0 99.00
2016 02 13 06 50  64 10.3 12.0  2.30  7.69  5.75  97 1013.5  26.7  27.3  22.4 99.0 99.00
2016 02 13 07 50  65  9.9 12.2  2.50  7.69  5.98  82 1013.0  26.7  27.3  22.7 99.0 99.00
2016 02 13 08 50  60  9.9 12.1  2.45  8.33  5.93  83 1012.8  26.7  27.3  22.6 99.0 99.00
2016 02 13 09 50  59  9.9 11.7  2.23  7.69  5.73  82 1012.8  26.4  27.3  23.0 99.0 99.00
2016 02 13 10 50  60 10.4 12.0  2.20  8.33  5.74  91 1013.4  26.7  27.3  23.0 99.0 99.00
2016 02 13 11 50  61  9.6 11.2  2.13  7.14  5.61  76 1014.0  26.5  27.2  22.5 99.0 99.00
2016 02 13 12 50  61 10.2 12.3  2.14  8.33  5.79  94 1014.5  26.8  27.2  23.0 99.0 99.00
2016 02 13 14 50  71  9.1 11.3  2.12  8.33  5.67  99 1015.6  26.6  27.3  22.8 99.0 99.00
2016 02 13 15 50  68  8.7 10.4  1.97  8.33  5.58  85 1015.5  26.8  27.3  23.1 99.0 99.00
2016 02 13 16 50  76  9.3 11.1  1.95  7.69  5.48  86 1014.6  26.4  27.3  22.6 99.0 99.00
2016 02 13 17 50  80  8.8 10.4  2.13  8.33  5.67  91 1013.9  26.9  27.3  22.6 99.0 99.00
2016 02 13 18 50  67  7.6  9.0  1.95  8.33  5.70  79 1013.2  26.6  27.3  23.3 99.0 99.00
2016 02 13 19 50  66  8.7 10.3  2.05  7.69  5.84  96 1012.7  27.0  27.3  23.0 99.0 99.00
2016 02 13 20 50  54  8.4  9.8  1.87  8.33  5.46  82 1012.5  26.8  27.3  23.6 99.0 99.00
2016 02 13 21 50  52  8.5  9.8  1.95  7.69  5.79  88 1012.4  26.9  27.3  23.9 99.0 99.00
2016 02 13 22 50  54  8.9 10.5  1.81  8.33  5.52  91 1012.7  26.8  27.3  23.8 99.0 99.00
2016 02 13 23 50  63  8.8 10.5  1.98  7.69  5.55  97 1013.0  26.8  27.3  23.5 99.0 99.00
2016 02 14 00 50  54  8.6  9.8  1.85  8.33  5.61  88 1013.8  26.7  27.3  23.8 99.0 99.00
2016 02 14 01 50  64  9.9 12.1  1.89  7.69  5.43  81 1014.0  26.7  27.3  23.5 99.0 99.00
2016 02 14 02 50  68  9.0 10.3  1.94  8.33  5.54  84 1014.4  26.7  27.3  23.4 99.0 99.00
2016 02 14 03 50  67  8.9 10.6  1.94  8.33  5.67  90 1014.6  26.8  27.3  23.1 99.0 99.00
2016 02 14 04 50  68  8.9 10.6  1.95  7.69  5.64  87 1014.2  26.8  27.2  23.3 99.0 99.00
2016 02 14 05 50  62  8.9 10.6  1.82  7.69  5.46  78 1013.5  26.7  27.2  23.1 99.0 99.00
2016 02 14 06 50  65  9.0 10.6  2.05  7.69  5.86  88 1012.6  26.6  27.2  23.1 99.0 99.00
2016 02 14 07 50  61  9.3 10.8  2.09  8.33  5.64  82 1011.9  26.6  27.2  22.6 99.0 99.00
2016 02 14 08 50  65  8.9 10.6  2.00  7.69  5.71  83 1011.4  26.6  27.2  22.9 99.0 99.00
2016 02 14 09 50  66  9.1 11.3  2.05  8.33  5.47  85 1011.4  26.6  27.2  22.7 99.0 99.00
2016 02 14 10 50  63  9.7 11.6  1.85  8.33  5.53  85 1011.9  26.6  27.2  22.9 99.0 99.00
2016 02 14 11 50  65  9.7 11.4  1.92  8.33  5.32  87 1012.2  26.6  27.2  22.9 99.0 99.00
2016 02 14 12 50  68 10.0 11.9  1.92  7.69  5.34  92 1013.0  26.7  27.2  23.0 99.0 99.00
2016 02 14 13 50  62 10.7 12.5  2.04  8.33  5.38  88 1013.5  26.8  27.2  23.0 99.0 99.00
2016 02 14 14 50  69 10.4 12.1  2.12  8.33  5.52  89 1014.0  26.9  27.2  22.6 99.0 99.00
2016 02 14 15 50  76 10.1 12.0  2.03  7.69  5.26  91 1013.7  26.9  27.2  22.6 99.0 99.00
2016 02 14 16 50  77 10.2 12.5  1.95  7.69  5.28  93 1012.6  26.9  27.2  23.0 99.0 99.00
2016 02 14 17 50  80 10.2 12.0  2.01  7.69  5.50  98 1011.8  27.0  27.3  22.6 99.0 99.00
2016 02 14 18 50  76  9.0 10.6  2.18  7.69  5.59  91 1011.0  26.9  27.3  22.8 99.0 99.00
2016 02 14 19 50  68  9.7 11.9  1.99  7.14  5.32  97 1010.3  26.9  27.3  22.8 99.0 99.00
2016 02 14 20 50  69 10.2 12.5  2.07  7.69  5.57  94 1010.4  27.0  27.3  22.5 99.0 99.00
2016 02 14 21 50  66 10.5 12.5  2.13  7.69  5.62  96 1010.4  27.0  27.3  22.5 99.0 99.00
2016 02 14 22 50  70  9.8 11.5  2.08  8.33  5.50  80 1010.9  26.8  27.3  22.6 99.0 99.00
2016 02 14 23 50  72 10.4 12.1  1.97  7.69  5.34  81 1011.5  26.9  27.2  22.4 99.0 99.00
2016 02 15 00 50  64 10.9 13.2  2.08  7.69  5.56  91 1012.3  26.9  27.2  22.1 99.0 99.00
2016 02 15 01 50  67 10.7 12.8  2.15  7.69  5.41  75 1012.6  26.8  27.2  22.2 99.0 99.00
2016 02 15 02 50  70 10.7 12.3  2.13  7.69  5.53  78 1012.8  26.8  27.2  22.1 99.0 99.00
2016 02 15 03 50  69 10.6 12.7  2.13  7.69  5.48  85 1012.8  26.7  27.2  22.1 99.0 99.00
2016 02 15 04 50  73 10.6 12.3  2.10  7.69  5.37  86 1012.4  26.6  27.2  22.4 99.0 99.00
2016 02 15 05 50  64 10.7 12.9  2.21  7.69  5.42  68 1011.8  26.5  27.2  22.1 99.0 99.00
2016 02 15 06 50  64 10.9 12.7  2.26  7.14  5.50  78 1011.1  26.4  27.2  22.4 99.0 99.00
2016 02 15 07 50  71 10.3 12.1  2.22  7.14  5.54  59 1010.8  26.4  27.2  22.0 99.0 99.00
2016 02 15 08 50  69 11.5 13.5  2.21  7.14  5.73  90 1010.4  26.3  27.2  22.1 99.0 99.00
2016 02 15 09 50  71 10.7 13.0  2.37  6.67  5.67  81 1010.5  26.4  27.2  22.1 99.0 99.00
2016 02 15 10 50  76 11.5 13.4  2.36  7.69  5.71  91 1010.8  26.5  27.2  22.0 99.0 99.00
2016 02 15 11 50  76 10.5 12.5  2.35  7.69  5.71  80 1011.6  26.6  27.1  22.3 99.0 99.00
2016 02 15 12 50  81 10.8 13.0  2.34  7.69  5.79  89 1011.7  26.8  27.1  22.5 99.0 99.00
2016 02 15 13 50  80 11.7 14.5  2.24  7.69  5.57  89 1012.3  26.9  27.1  21.6 99.0 99.00
2016 02 15 14 50  88 11.0 13.9  2.38  7.69  5.58  69 1012.6  26.9  27.2  21.8 99.0 99.00
2016 02 15 15 50  87 10.5 12.2  2.41  7.69  5.74  80 1012.7  26.8  27.2  22.1 99.0 99.00
2016 02 15 16 50  81 10.9 13.3  2.36  7.69  5.53  73 1011.8  26.9  27.2  21.6 99.0 99.00
2016 02 15 17 50  86 10.6 12.5  2.45  7.69  5.79  87 1010.9  26.9  27.2  21.6 99.0 99.00
2016 02 15 18 50  86  9.9 11.8  2.14  7.69  5.45  92 1009.8  26.8  27.2  22.3 99.0 99.00
2016 02 15 19 50  86 10.1 12.4  2.32  7.14  5.70  89 1009.2  26.8  27.2  22.0 99.0 99.00
2016 02 15 20 50  79  9.9 11.7  2.32  7.69  5.81  83 1008.9  26.7  27.2  22.3 99.0 99.00
2016 02 15 21 50  80 10.2 12.7  2.27  7.69  5.82  96 1008.4  26.8  27.2  22.5 99.0 99.00
2016 02 15 22 50  76 10.0 12.2  2.39  7.69  5.80  93 1008.8  26.8  27.2  22.6 99.0 99.00
2016 02 15 23 50  76 10.2 12.5  2.41  7.69  5.64  91 1008.9  26.8  27.2  22.7 99.0 99.00
2016 02 16 00 50  73 11.2 13.4  2.36  7.69  5.80  83 1009.4  26.7  27.2  22.8 99.0 99.00
2016 02 16 01 50  72 11.0 12.9  2.11  7.14  5.49  75 1009.9  26.7  27.2  23.1 99.0 99.00
2016 02 16 02 50  74 11.6 14.1  2.39  7.69  5.86  87 1010.2  26.8  27.2  23.0 99.0 99.00
2016 02 16 03 50  79 11.0 13.1  2.37  7.69  5.69  68 1010.4  26.8  27.2  23.0 99.0 99.00
2016 02 16 04 50  81 10.7 12.7  2.33  7.69  5.81  74 1010.3  26.7  27.2  22.8 99.0 99.00
2016 02 16 05 50  80 11.4 13.5  2.39  7.69  5.60  80 1009.3  26.6  27.2  22.8 99.0 99.00
2016 02 16 06 50  81 11.4 13.6  2.33  7.69  5.61  80 1008.5  26.6  27.1  22.9 99.0 99.00
2016 02 16 07 50  83 12.3 14.3  2.45  7.14  5.68  74 1007.8  26.6  27.1  22.9 99.0 99.00
2016 02 16 08 50  84 10.5 12.6  2.32  7.69  5.72  85 1008.1  26.6  27.2  23.2 99.0 99.00
2016 02 16 09 50  84 11.1 13.4  2.43  7.69  5.75  69 1008.3  26.7  27.1  23.1 99.0 99.00
2016 02 16 10 50  87 10.5 12.9  2.72  7.69  6.05  76 1009.2  26.8  27.1  23.1 99.0 99.00
2016 02 16 11 50  82 10.4 12.4  2.40  7.14  5.74  82 1010.0  26.8  27.1  23.4 99.0 99.00
2016 02 16 12 50  85 10.6 12.7  2.44  7.69  5.75  73 1010.5  27.0  27.1  23.3 99.0 99.00
2016 02 16 13 50  85 11.5 13.5  2.21  7.14  5.59  78 1011.1  27.1  27.1  23.0 99.0 99.00
2016 02 16 14 50  81 10.4 12.5  2.29  7.69  5.73  87 1011.5  27.1  27.1  23.3 99.0 99.00
2016 02 16 15 50  80  9.5 12.0  2.33  7.69  5.71  88 1011.5  27.1  27.1  23.4 99.0 99.00
2016 02 16 16 50  76  9.2 11.0  2.36  7.69  5.72  86 1010.7  27.1  27.2  23.7 99.0 99.00
2016 02 16 17 50  73  9.1 11.1  2.27  8.33  5.73  87 1010.3  27.1  27.2  23.7 99.0 99.00
2016 02 16 18 50  81  9.2 11.5  2.27  7.14  5.81  79 1009.5  27.2  27.2  23.7 99.0 99.00
2016 02 16 19 50  78  9.4 11.2  2.41  8.33  5.92  81 1008.8  27.1  27.2  23.8 99.0 99.00
2016 02 16 20 50  75  9.6 11.4  2.43  8.33  6.19  89 1008.5  27.1  27.2  23.8 99.0 99.00
2016 02 16 21 50  76  8.8 11.1  2.44  8.33  6.09  87 1008.9  27.1  27.2  23.7 99.0 99.00
2016 02 16 22 50  75  8.9 11.1  2.64  8.33  6.39  90 1009.3  27.0  27.2  23.7 99.0 99.00
2016 02 16 23 50  75  9.5 11.0  2.45  8.33  6.19  99 1010.0  27.0  27.2  23.8 99.0 99.00
2016 02 17 00 50  71 10.0 12.2  2.35  8.33  6.11  93 1010.6  27.0  27.1  23.9 99.0 99.00
2016 02 17 01 50  70  9.8 11.6  2.43  9.09  6.12  95 1011.1  26.9  27.1  24.0 99.0 99.00
2016 02 17 02 50  66 10.2 12.3  2.43  8.33  6.22  90 1011.6  26.9  27.0  24.0 99.0 99.00
2016 02 17 03 50  70 11.0 14.0  2.51  8.33  6.02  96 1011.0  26.8  27.0  23.8 99.0 99.00
2016 02 17 04 50  72 11.3 13.8  2.56  8.33  6.02  89 1010.7  26.8  27.0  23.8 99.0 99.00
2016 02 17 05 50  67 11.3 13.9  2.62  8.33  5.94  86 1010.8  26.8  27.0  23.6 99.0 99.00
2016 02 17 06 50  70 10.3 12.4  2.47  9.09  5.97  90 1010.5  26.8  27.0  23.8 99.0 99.00
2016 02 17 07 50  73 10.4 12.3  2.41  9.09  6.00  86 1010.5  26.7  27.0  23.6 99.0 99.00
2016 02 17 08 50  76 10.7 12.7  2.56  8.33  6.17  89 1010.4  26.7  27.0  23.5 99.0 99.00
2016 02 17 09 50  72  9.8 11.9  2.58  9.09  6.09  81 1010.9  26.7  27.0  23.5 99.0 99.00
2016 02 17 10 50  74 10.2 12.3  2.68  8.33  6.08  86 1011.7  26.7  26.9  23.5 99.0 99.00
2016 02 17 11 50  69 10.4 12.1  2.70  9.09  6.36  90 1012.7  26.8  27.0  23.7 99.0 99.00
2016 02 17 12 50  74 10.1 11.9  2.57  9.09  6.10  94 1013.5  26.9  27.0  23.8 99.0 99.00
2016 02 17 13 50  72  9.6 11.6  2.48  9.09  6.07  84 1014.4  26.9  27.0  23.9 99.0 99.00
2016 02 17 14 50  70  9.5 11.4  2.47  8.33  6.12  80 1014.7  27.0  27.0  24.0 99.0 99.00
2016 02 17 15 50  65  9.2 10.9  2.68  9.09  6.17  82 1014.2  27.0  27.0  24.2 99.0 99.00
2016 02 17 16 50  68  9.0 12.2  2.47  9.09  6.03  75 1013.3  26.9  27.0  24.2 99.0 99.00
2016 02 17 17 50  65  9.1 10.7  2.57  8.33  6.25  78 1012.4  26.9  27.1  24.2 99.0 99.00
2016 02 17 18 50  63  9.0 10.9  2.41  9.09  6.17  81 1011.7  26.9  27.1  24.3 99.0 99.00
2016 02 17 19 50  64  9.1 11.0  2.32  9.09  6.11  78 1011.3  27.0  27.1  24.5 99.0 99.00
2016 02 17 20 50  66  8.5  9.8  2.24  9.09  5.93  73 1011.1  26.9  27.1  24.6 99.0 99.00
2016 02 17 21 50  65  8.5 10.1  2.37  8.33  6.13  69 1011.6  27.0  27.1  24.8 99.0 99.00
2016 02 17 22 50  60  8.2 10.0  2.32  8.33  6.19  79 1012.1  26.9  27.1  24.8 99.0 99.00
2016 02 17 23 50  52  8.6 10.5  2.28  8.33  6.09  81 1012.8  26.8  27.1  24.9 99.0 99.00
2016 02 18 00 50  54  9.1 11.2  2.09  9.09  5.96  84 1013.4  26.8  27.1  24.9 99.0 99.00
2016 02 18 01 50  59  9.3 11.4  2.25  9.09  6.08  80 1013.9  26.8  27.0  24.7 99.0 99.00
2016 02 18 02 50  59  9.1 11.4  1.99  7.14  5.64  79 1014.2  26.8  27.0  24.8 99.0 99.00
2016 02 18 03 50  59  8.8 10.5  2.14  9.09  5.98  72 1014.3  26.7  26.9  24.8 99.0 99.00
2016 02 18 04 50  58  9.5 11.6  2.06  8.33  5.60  79 1013.8  26.6  26.9  24.5 99.0 99.00
2016 02 18 05 50  58  8.5 10.4  2.05  9.09  5.72  73 1013.4  26.6  26.9  24.5 99.0 99.00
2016 02 18 06 50  61  8.7 10.5  1.78  8.33  5.48  67 1013.1  26.5  26.7  24.4 99.0 99.00
2016 02 18 07 50  61  8.6 10.6  1.95  8.33  5.56  76 1012.6  26.5  26.6  24.1 99.0 99.00
2016 02 18 08 50  66  8.3 10.1  1.94  9.09  5.71  85 1012.7  26.5  26.6  24.1 99.0 99.00
2016 02 18 09 50  66  8.5 10.2  1.80  8.33  5.54  73 1012.9  26.5  26.6  23.8 99.0 99.00
2016 02 18 10 50  62  8.3  9.7  2.10  8.33  5.85  77 1013.6  26.5  26.5  23.9 99.0 99.00
2016 02 18 11 50  69  8.4 10.2  2.00  8.33  5.74  80 1014.1  26.5  26.5  23.7 99.0 99.00
2016 02 18 12 50  63  7.7  9.0  2.03  8.33  5.85  83 1015.0  26.8  26.5  23.8 99.0 99.00
2016 02 18 13 50  59  8.0  9.5  2.15  9.09  6.06  79 1015.6  26.7  26.5  23.9 99.0 99.00
2016 02 18 14 50  60  7.7  9.1  2.01  8.33  5.91  81 1016.0  26.7  26.6  23.8 99.0 99.00
2016 02 18 15 50  56  7.9  9.1  1.89  8.33  5.84  81 1015.8  26.7  26.6  24.0 99.0 99.00
2016 02 18 16 50  53  8.0  9.3  1.79  9.09  5.64  78 1015.3  26.6  26.7  24.0 99.0 99.00
2016 02 18 17 50  53  8.0  9.2  1.63  8.33  5.39  79 1014.6  26.7  26.7  24.0 99.0 99.00
2016 02 18 18 50  57  7.6  9.0  1.65  8.33  5.45  86 1013.7  26.7  26.8  24.1 99.0 99.00
2016 02 18 19 50  55  7.4  9.0  1.67  8.33  5.57  83 1013.1  26.8  26.8  24.2 99.0 99.00
2016 02 18 20 50  57  7.7  9.2  1.61  8.33  5.58  87 1013.1  26.8  26.8  24.0 99.0 99.00
2016 02 18 21 50  48  8.0  9.9  1.87  8.33  5.91  91 1013.2  26.8  26.8  24.2 99.0 99.00
2016 02 18 22 50  44  7.5  8.9  1.82  7.69  5.68  87 1013.5  26.7  26.7  24.4 99.0 99.00
2016 02 18 23 50  45  8.1  9.6  1.83  7.69  5.75  89 1013.5  26.5  26.7  24.3 99.0 99.00
2016 02 19 00 50  44  8.1  9.7  1.68  8.33  5.35  87 1014.2  26.6  26.7  24.3 99.0 99.00
2016 02 19 01 50  41  8.5  9.9  1.75  7.69  5.46  86 1014.8  26.6  26.7  24.2 99.0 99.00
2016 02 19 02 50  47  8.5  9.8  1.56  7.69  5.07  90 1015.3  26.5  26.7  24.1 99.0 99.00
2016 02 19 03 50  51  8.6 10.6  1.66  8.33  5.34  75 1015.3  26.5  26.6  24.1 99.0 99.00
2016 02 19 04 50  53  8.3 10.1  1.59  7.14  5.05  95 1015.1  26.5  26.6  24.0 99.0 99.00
2016 02 19 05 50  49  8.5 10.0  1.63  8.33  5.15  81 1014.2  26.4  26.6  23.9 99.0 99.00
2016 02 19 06 50  52  8.3 10.0  1.53  8.33  4.97  87 1013.6  26.4  26.6  24.0 99.0 99.00
2016 02 19 07 50  51  9.0 10.3  1.52  8.33  5.07  73 1013.2  26.3  26.6  23.8 99.0 99.00
2016 02 19 08 50  49  8.4 10.3  1.62  7.69  5.18  96 1013.0  26.3  26.6  23.5 99.0 99.00
2016 02 19 09 50  52  8.9 10.3  1.66  5.56  4.91  75 1013.2  26.3  26.6  23.7 99.0 99.00
2016 02 19 10 50  58  8.8 10.5  1.65  7.69  4.98  83 1013.6  26.3  26.6  23.5 99.0 99.00
2016 02 19 11 50  53  8.7 10.4  1.64  8.33  5.04  90 1014.5  26.3  26.6  23.6 99.0 99.00
2016 02 19 12 50  55  8.2  9.6  1.59  7.69  5.13  82 1015.2  26.5  26.6  23.6 99.0 99.00
2016 02 19 13 50  58  8.2  9.8  1.56  7.69  5.13  85 1015.8  26.6  26.6  23.5 99.0 99.00
2016 02 19 14 50  59  8.2 10.0  1.59  7.69  4.88  83 1016.1  26.6  26.6  23.6 99.0 99.00
2016 02 19 15 50  62  8.7 10.5  1.60  7.69  5.00  83 1015.7  26.7  26.7  23.5 99.0 99.00
2016 02 19 16 50  58  8.9 10.5  1.54  7.69  4.94  84 1014.9  26.6  26.7  23.4 99.0 99.00
2016 02 19 17 50  55  8.6 10.0  1.57  7.69  5.08  80 1014.1  26.6  26.7  23.7 99.0 99.00
2016 02 19 18 50  57  8.8  9.9  1.56  7.69  4.98  82 1013.1  26.7  26.7  23.7 99.0 99.00
2016 02 19 19 50  58  8.5 10.1  1.53  7.69  4.95  74 1012.2  26.8  26.7  23.8 99.0 99.00
2016 02 19 20 50  59  9.2 10.5  1.63  7.69  5.07  69 1011.9  26.8  26.7  23.6 99.0 99.00
2016 02 19 21 50  56  8.4 10.2  1.69  8.33  5.18  13 1012.0  26.8  26.7  24.0 99.0 99.00
2016 02 19 22 50  59  8.8 10.4  1.83  7.69  5.37  77 1012.1  26.8  26.7  24.0 99.0 99.00
2016 02 19 23 50  58  8.6 10.5  1.86  7.14  5.48  87 1012.6  26.5  26.7  23.8 99.0 99.00
2016 02 20 00 50  58  9.0 10.3  1.80  7.69  5.31  70 1013.1  26.7  26.7  24.0 99.0 99.00
2016 02 20 01 50  60  9.6 11.3  1.85  7.14  5.21  75 1013.6  26.7  26.6  23.9 99.0 99.00
2016 02 20 02 50  57  9.9 11.9  1.90  6.67  4.98  91 1013.9  26.7  26.6  23.9 99.0 99.00
2016 02 20 03 50  53  9.8 11.7  1.94  6.25  5.15  79 1014.0  26.7  26.6  23.9 99.0 99.00
2016 02 20 04 50  55 11.1 13.2  2.05  6.67  5.27  59 1013.6  26.6  26.6  23.5 99.0 99.00
2016 02 20 05 50  59 10.5 12.3  2.06  6.25  5.18  84 1013.1  26.6  26.6  23.4 99.0 99.00
2016 02 20 06 50  62 10.3 12.7  2.02  6.25  5.26  71 1012.6  26.6  26.6  23.0 99.0 99.00
2016 02 20 07 50  64 10.7 12.8  1.97  6.67  5.15  82 1012.0  26.6  26.6  23.0 99.0 99.00
2016 02 20 08 50  65 10.4 12.6  2.01  6.67  5.28  78 1011.8  26.6  26.6  23.0 99.0 99.00
2016 02 20 09 50  69 10.6 13.2  2.18  6.67  5.35  75 1011.8  26.6  26.6  23.1 99.0 99.00
2016 02 20 10 50  75  8.7 12.2  2.00  6.67  5.38  66 1012.5  26.0  26.6  23.9 99.0 99.00
2016 02 20 11 50  71 11.6 13.9  2.20  7.14  5.38  95 1013.1  26.7  26.6  23.1 99.0 99.00
2016 02 20 12 50  69 10.1 12.1  2.42  7.14  5.61  88 1014.0  26.6  26.6  23.5 99.0 99.00
2016 02 20 13 50  70 10.7 12.6  2.26  7.69  5.44  75 1014.7  26.8  26.6  23.0 99.0 99.00
2016 02 20 14 50  73 11.3 14.4  2.51  7.69  5.71  82 1015.1  26.8  26.6  23.0 99.0 99.00
2016 02 20 15 50  69 10.7 12.6  2.62  7.14  5.83  79 1014.8  26.8  26.6  23.2 99.0 99.00
2016 02 20 16 50  68 12.0 14.0  2.81  7.69  5.98  80 1014.1  26.7  26.6  23.2 99.0 99.00
2016 02 20 17 50  69 11.7 13.6  2.72  7.69  6.01  66 1013.1  26.7  26.7  23.2 99.0 99.00
2016 02 20 18 50  65 10.9 13.8  2.66  8.33  6.09  79 1012.0  26.5  26.7  23.4 99.0 99.00
2016 02 20 19 50  72 11.0 12.9  2.93  9.09  6.20  63 1011.3  26.3  26.7  23.0 99.0 99.00
2016 02 20 20 50  64 12.3 15.3  3.26  9.09  6.53  64 1010.9  26.5  26.7  23.1 99.0 99.00
2016 02 20 21 50  69 11.8 15.3  3.11  7.69  6.26  65 1011.0  26.5  26.7  23.0 99.0 99.00
2016 02 20 22 50  65 12.5 15.5  3.31  9.09  6.57  64 1011.2  25.9  26.6  22.7 99.0 99.00
2016 02 20 23 50  66 13.1 15.6  3.30 10.00  6.39  60 1011.4  26.6  26.6  21.9 99.0 99.00
2016 02 21 00 50  65 12.9 15.5  3.54  9.09  6.60  66 1012.5  26.7  26.6  21.8 99.0 99.00
2016 02 21 01 50  67 11.9 13.8  3.30  8.33  6.61  77 1012.9  26.8  26.6  22.2 99.0 99.00
2016 02 21 02 50  66 12.1 14.4  3.29  9.09  6.45  75 1013.3  26.7  26.6  22.2 99.0 99.00
2016 02 21 03 50  66 10.3 12.8  3.20  9.09  6.52  74 1013.6  26.7  26.6  22.6 99.0 99.00
2016 02 21 04 50  68 10.1 12.8  3.45  9.09  6.72  75 1013.5  26.7  26.6  22.7 99.0 99.00
2016 02 21 05 50  66 10.6 12.6  2.97 10.00  6.41  70 1012.7  26.8  26.6  22.5 99.0 99.00
2016 02 21 06 50  64 10.8 13.1  2.66  9.09  6.08  70 1011.9  26.8  26.6  22.7 99.0 99.00
2016 02 21 07 50  68  9.7 12.7  2.92  9.09  6.40  77 1011.4  26.6  26.6  23.0 99.0 99.00
2016 02 21 08 50  68  9.8 12.4  2.91  9.09  6.51  77 1010.9  26.7  26.6  22.6 99.0 99.00
2016 02 21 09 50  70 10.1 11.5  2.84  9.09  6.45  74 1011.1  26.5  26.6  22.6 99.0 99.00
2016 02 21 10 50  73 10.0 11.9  2.75  9.09  6.41  73 1011.6  26.6  26.6  23.0 99.0 99.00
2016 02 21 11 50  65 10.2 12.3  2.47  9.09  6.08  90 1012.1  26.1  26.6  22.7 99.0 99.00
2016 02 21 12 50  68 10.0 12.1  2.53  8.33  6.08  81 1012.8  26.6  26.6  22.5 99.0 99.00
2016 02 21 13 50  69  9.6 12.4  2.62  8.33  6.11  75 1013.6  26.7  26.6  22.9 99.0 99.00
2016 02 21 14 50  69 10.1 12.7  2.64  8.33  6.21  69 1014.0  26.6  26.6  22.6 99.0 99.00
2016 02 21 15 50  68 10.9 13.2  2.81  9.09  6.08  78 1013.8  26.7  26.6  22.0 99.0 99.00
2016 02 21 16 50  65 10.3 12.2  3.02  9.09  6.43  80 1013.2  26.7  26.6  22.0 99.0 99.00
2016 02 21 17 50  66 10.0 12.1  2.72  9.09  6.11  83 1012.5  26.6  26.6  21.9 99.0 99.00
2016 02 21 18 50  67  9.9 12.3  2.73  9.09  6.31  69 1011.7  26.6  26.6  22.3 99.0 99.00
2016 02 21 19 50  65  9.8 12.2  2.78 10.00  6.61  73 1010.7  26.6  26.7  22.6 99.0 99.00
2016 02 21 20 50  63 10.1 12.0  2.83 10.00  6.35  64 1010.6  26.5  26.7  22.9 99.0 99.00
2016 02 21 21 50  61 10.1 12.9  2.80  8.33  6.59  69 1010.9  26.5  26.7  23.2 99.0 99.00
2016 02 21 22 50  64 10.1 12.5  2.85 10.00  6.50  69 1011.1  26.5  26.7  23.0 99.0 99.00
2016 02 21 23 50  66  9.9 12.0  2.45  9.09  5.96  73 1011.5  26.4  26.6  23.0 99.0 99.00
2016 02 22 00 50  69  9.8 11.4  2.80  9.09  6.46  72 1012.2  26.5  26.6  23.2 99.0 99.00
2016 02 22 01 50  71  9.8 11.6  2.65  8.33  6.43  67 1012.9  26.5  26.6  23.2 99.0 99.00
2016 02 22 02 50  69  9.7 11.3  2.64  9.09  6.28  81 1012.9  26.4  26.6  23.3 99.0 99.00
2016 02 22 03 50  69  9.6 11.8  2.79  9.09  6.40  71 1012.8  26.5  26.6  23.3 99.0 99.00
2016 02 22 04 50  69  9.0 10.8  2.81  8.33  6.38  67 1012.6  26.4  26.6  23.3 99.0 99.00
2016 02 22 05 50  71  8.7 10.2  2.61  9.09  6.28  67 1012.0  26.3  26.6  23.1 99.0 99.00
2016 02 22 06 50  64  8.5 10.5  2.29  9.09  5.93  70 1011.0  26.3  26.6  23.3 99.0 99.00
2016 02 22 07 50  68  8.7 10.1  2.49  9.09  6.30  63 1010.4  26.3  26.6  23.3 99.0 99.00
2016 02 22 08 50  61  8.1  9.5  2.61  9.09  6.60  75 1010.3  26.3  26.6  23.3 99.0 99.00
2016 02 22 09 50  64  8.2  9.6  2.27  8.33  6.07  76 1010.7  26.3  26.6  23.5 99.0 99.00
2016 02 22 10 50  63  7.1  9.5  2.34  7.69  6.36  70 1011.4  26.1  26.6  23.7 99.0 99.00
2016 02 22 11 50  67  8.4 10.1  2.06  7.69  5.79  86 1012.1  26.4  26.6  23.6 99.0 99.00
2016 02 22 12 50  69  8.6 10.6  2.27  8.33  6.13  71 1012.7  26.6  26.6  23.6 99.0 99.00
2016 02 22 13 50  73  7.9  9.3  2.07  7.69  5.77  84 1013.4  26.6  26.6  23.3 99.0 99.00
2016 02 22 14 50  72  9.5 11.0  2.25  8.33  6.00  85 1013.5  26.8  26.7  23.3 99.0 99.00
2016 02 22 15 50  73  8.5 10.4  2.29  8.33  6.00  84 1013.4  26.8  26.7  23.4 99.0 99.00
2016 02 22 16 50  72  8.9 10.4  2.14  8.33  5.78  73 1012.4  26.7  26.7  23.5 99.0 99.00
2016 02 22 17 50  74  8.7 10.0  2.25  8.33  6.02  80 1011.7  26.7  26.7  23.4 99.0 99.00
2016 02 22 18 50  74  8.7 10.1  2.16  7.69  5.69  74 1010.8  26.8  26.8  23.4 99.0 99.00
2016 02 22 19 50  74  9.0 11.2  2.03  7.69  5.67  86 1010.1  26.7  26.8  23.6 99.0 99.00
2016 02 22 20 50  67  9.1 11.2  1.98  8.33  5.51  76 1009.9  26.8  26.8  23.6 99.0 99.00
2016 02 22 21 50  66  9.1 10.4  2.09  8.33  5.62  74 1010.0  26.6  26.8  23.6 99.0 99.00
2016 02 22 22 50  70  8.8 10.6  2.18  7.69  5.71  69 1010.3  26.5  26.8  23.8 99.0 99.00
2016 02 22 23 50  71 10.5 12.1  2.04  7.69  5.58  84 1010.5  26.7  26.7  23.4 99.0 99.00
2016 02 23 00 50  71 10.2 12.0  2.17  8.33  5.64  72 1011.2  26.7  26.7  23.5 99.0 99.00
2016 02 23 01 50  72  9.8 11.7  2.18  7.69  5.62  76 1011.9  26.7  26.7  23.6 99.0 99.00
2016 02 23 02 50  75 10.0 12.0  2.13  7.69  5.73  76 1012.1  26.7  26.7  24.0 99.0 99.00
2016 02 23 03 50  70 10.0 12.0  2.20  7.14  5.52  78 1012.0  26.6  26.7  24.0 99.0 99.00
2016 02 23 04 50  76 10.3 12.6  2.12  7.69  5.49  74 1011.7  26.6  26.7  23.7 99.0 99.00
2016 02 23 05 50  78  9.0 11.1  2.18  7.69  5.45  75 1011.5  26.6  26.7  23.9 99.0 99.00
2016 02 23 06 50  82  9.0 10.6  2.03  7.14  5.44  76 1011.0  26.6  26.7  23.7 99.0 99.00
2016 02 23 07 50  80  9.3 10.9  1.94  7.14  5.43  75 1010.7  26.5  26.7  23.5 99.0 99.00
2016 02 23 08 50  79  9.4 10.9  1.99  7.69  5.42  66 1010.5  26.6  26.7  23.8 99.0 99.00
2016 02 23 09 50  80  8.9 10.7  2.17  7.14  5.73  76 1011.1  26.5  26.7  23.8 99.0 99.00
2016 02 23 10 50  84  9.0 10.9  1.84  7.14  5.36  73 1011.8  26.6  26.7  23.8 99.0 99.00
2016 02 23 11 50  86  8.4 10.0  1.80  7.14  5.34  72 1012.9  26.6  26.7  23.6 99.0 99.00
2016 02 23 12 50  86  8.8 10.1  1.84  7.14  5.26  81 1013.6  26.8  26.6  23.7 99.0 99.00
2016 02 23 13 50  88  8.6 10.6  1.70  6.67  5.25  73 1014.0  26.9  26.7  23.7 99.0 99.00
2016 02 23 14 50  87  9.0 10.5  1.79  7.14  5.32  77 1014.3  26.9  26.7  23.6 99.0 99.00
2016 02 23 15 50  83  8.7 10.3  1.68  7.14  5.12  83 1013.8  26.9  26.7  23.8 99.0 99.00
2016 02 23 16 50  84  8.5 10.1  1.82  7.14  5.14  79 1013.1  26.9  26.7  23.8 99.0 99.00
2016 02 23 17 50  83 10.4 12.3  1.68  6.25  5.17  88 1012.0  26.9  26.7  23.2 99.0 99.00
2016 02 23 18 50  82  9.9 11.7  1.79  6.67  5.07  93 1011.1  26.9  26.8  23.5 99.0 99.00
2016 02 23 19 50  87  9.8 11.3  1.83  6.67  5.13  87 1010.4  26.9  26.8  23.4 99.0 99.00
2016 02 23 20 50  83  9.7 11.9  1.74  6.67  5.01  93 1010.2  26.9  26.8  23.7 99.0 99.00
2016 02 23 21 50  83  9.4 11.2  1.71  6.67  4.97  88 1010.3  26.9  26.8  23.8 99.0 99.00
2016 02 23 22 50  90  9.2 11.1  1.63  6.67  4.99  97 1010.5  26.9  26.8  23.5 99.0 99.00
2016 02 23 23 50  83  8.9 10.7  1.76  6.67  5.18  95 1010.9  26.8  26.8  23.7 99.0 99.00
2016 02 24 00 50  82 10.0 11.7  1.73  6.67  5.17  98 1011.2  26.8  26.8  23.2 99.0 99.00
2016 02 24 01 50  82  9.4 10.9  1.76  6.25  5.12  88 1011.7  26.8  26.7  23.5 99.0 99.00
2016 02 24 02 50  83 10.5 13.2  1.88  6.67  5.22 100 1011.5  26.7  26.7  23.3 99.0 99.00
2016 02 24 03 50  78 11.7 13.9  1.97  7.14  5.28  92 1011.9  26.8  26.7  23.1 99.0 99.00
2016 02 24 04 50  79 10.9 12.6  2.04  7.14  5.23  97 1012.1  26.7  26.7  23.2 99.0 99.00
2016 02 24 05 50  82 10.1 12.1  1.92  7.14  5.14 100 1011.6  26.7  26.7  23.3 99.0 99.00
2016 02 24 06 50  84 10.2 12.0  1.95  7.14  5.14  88 1011.5  26.6  26.7  23.4 99.0 99.00
2016 02 24 07 50  82 11.0 12.8  2.04  6.25  5.11  84 1011.0  26.5  26.7  23.3 99.0 99.00
2016 02 24 08 50  83 11.3 13.6  2.15  7.14  5.32  96 1010.9  26.5  26.7  23.2 99.0 99.00
2016 02 24 09 50  82 10.6 12.5  2.18  7.14  5.37  95 1011.2  26.6  26.7  23.3 99.0 99.00
2016 02 24 10 50  84 10.8 12.7  2.26  6.67  5.46  94 1012.0  26.6  26.6  23.2 99.0 99.00
2016 02 24 11 50  91 10.5 12.7  2.31  7.14  5.49  99 1012.8  26.7  26.6  23.1 99.0 99.00
2016 02 24 12 50  91 10.3 12.3  2.15  7.14  5.40 104 1013.3  26.9  26.6  22.9 99.0 99.00
2016 02 24 13 50  90 10.2 12.3  2.41  7.14  5.63 102 1013.7  27.0  26.7  23.1 99.0 99.00
2016 02 24 14 50  87 10.4 12.7  2.40  7.14  5.58  98 1014.2  27.0  26.7  23.2 99.0 99.00
2016 02 24 15 50  94 10.7 13.0  2.30  7.14  5.63  92 1013.8  27.0  26.7  23.0 99.0 99.00
2016 02 24 16 50  91 10.7 13.0  2.42  7.69  5.55  99 1013.2  27.0  26.7  23.1 99.0 99.00
2016 02 24 17 50  88  9.8 11.6  2.30  7.14  5.57  96 1012.6  26.9  26.7  23.2 99.0 99.00
2016 02 24 18 50  90  9.8 11.6  2.33  7.69  5.74 101 1012.0  27.0  26.7  23.1 99.0 99.00
2016 02 24 19 50  91  9.6 11.7  2.60  7.69  6.24  99 1011.5  27.0  26.7  23.3 99.0 99.00
2016 02 24 20 50  91  8.4 10.0  2.29  7.69  5.69  97 1011.4  26.9  26.8  23.4 99.0 99.00
2016 02 24 21 50  86  9.6 11.6  2.33  8.33  5.93  99 1011.3  27.0  26.7  22.8 99.0 99.00
2016 02 24 22 50  88  9.9 11.6  2.32  7.69  5.95  99 1011.3  26.9  26.7  23.1 99.0 99.00
2016 02 24 23 50  82  9.0 10.8  2.27  8.33  5.87 106 1011.9  26.8  26.7  23.3 99.0 99.00
2016 02 25 00 50  76  8.6 10.3  2.35  8.33  5.99 107 1012.8  26.8  26.7  23.5 99.0 99.00
2016 02 25 01 50  73  8.5 10.2  2.29  7.69  5.99 104 1013.4  26.8  26.7  23.6 99.0 99.00
2016 02 25 02 50  73  9.8 11.5  2.30  8.33  5.95 102 1013.9  26.8  26.7  23.4 99.0 99.00
2016 02 25 03 50  76  9.1 11.2  2.35  7.69  5.89 106 1013.9  26.8  26.7  23.2 99.0 99.00
2016 02 25 04 50  74  8.9 11.2  2.11  7.69  5.81 104 1013.9  26.7  26.7  23.3 99.0 99.00
2016 02 25 05 50  79  8.7  9.8  2.18  8.33  5.97 105 1013.3  26.6  26.7  23.4 99.0 99.00
2016 02 25 06 50  72  8.8 10.8  2.25  8.33  6.03 102 1013.1  26.6  26.7  23.4 99.0 99.00
2016 02 25 07 50  74  9.1 10.8  2.35  8.33  6.04 101 1012.6  26.5  26.7  23.4 99.0 99.00
2016 02 25 08 50  71  7.9  9.4  2.24  8.33  6.05  98 1012.9  26.5  26.7  23.6 99.0 99.00
2016 02 25 09 50  68  8.1  9.5  2.08  8.33  6.03 101 1013.0  26.5  26.7  23.5 99.0 99.00
2016 02 25 10 50  62  8.0  9.4  2.19  8.33  6.00  98 1013.8  26.5  26.7  23.5 99.0 99.00
2016 02 25 12 50  75  8.1  9.5  2.20  8.33  6.10  95 1015.3  26.8  26.7  23.8 99.0 99.00
2016 02 25 13 50  72  7.9  9.7  2.12  8.33  6.06  89 1015.8  26.8  26.7  23.7 99.0 99.00
2016 02 25 14 50  71  8.0  9.6  2.02  7.69  5.82  98 1016.5  26.8  26.7  23.7 99.0 99.00
2016 02 25 15 50  76  7.6  8.8  1.85  7.69  5.66  98 1016.4  26.8  26.8  23.6 99.0 99.00
2016 02 25 16 50  80  7.2  8.5  1.98  8.33  6.02  91 1015.4  26.8  26.8  23.7 99.0 99.00
2016 02 25 17 50  81  7.6  9.5  1.89  8.33  5.72  97 1014.3  26.7  26.9  23.6 99.0 99.00
2016 02 25 18 50  82  7.8  8.9  2.00  8.33  6.09  97 1013.6  26.7  26.9  23.5 99.0 99.00
2016 02 25 19 50  83  7.2  8.6  1.94  8.33  5.86  90 1013.1  26.8  26.9  23.3 99.0 99.00
2016 02 25 20 50  79  7.5  9.0  1.87  8.33  5.71  91 1012.9  26.8  26.9  23.1 99.0 99.00
2016 02 25 21 50  73  7.8  8.9  1.89  7.69  5.68  82 1012.9  26.8  26.9  23.1 99.0 99.00
2016 02 25 22 50  70  7.0  8.2  1.82  7.69  5.67  95 1013.0  26.6  26.8  23.4 99.0 99.00
2016 02 25 23 50  64  6.9  8.1  1.85  8.33  5.82 100 1013.5  26.6  26.8  23.6 99.0 99.00
2016 02 26 00 50  64  7.0  8.2  1.84  8.33  5.80  90 1014.4  26.6  26.8  23.5 99.0 99.00
2016 02 26 01 50  66  6.2  7.6  1.81  7.69  5.85  81 1014.6  26.6  26.8  23.4 99.0 99.00
2016 02 26 02 50  62  6.7  8.3  1.72  7.69  5.81  87 1015.2  26.4  26.7  23.5 99.0 99.00
2016 02 26 03 50  56  7.2  8.5  1.71  8.33  5.76  96 1015.4  26.1  26.5  23.4 99.0 99.00
2016 02 26 04 50  65  5.9  6.7  1.57  7.69  5.39  88 1015.0  26.2  26.4  23.4 99.0 99.00
2016 02 26 05 50  77  5.8  6.7  1.59  8.33  5.65  89 1014.5  26.3  26.4  23.3 99.0 99.00
2016 02 26 06 50  70  6.4  7.4  1.62  7.69  5.67 103 1014.0  26.2  26.4  23.2 99.0 99.00
2016 02 26 07 50  62  6.9  7.8  1.64  7.69  5.68  96 1013.8  26.2  26.4  23.2 99.0 99.00
2016 02 26 08 50  65  6.4  7.6  1.56  8.33  5.54  90 1013.7  26.2  26.4  23.4 99.0 99.00
2016 02 26 09 50  52  7.1  8.3  1.45  7.69  5.33  99 1014.1  26.2  26.5  23.1 99.0 99.00
2016 02 26 10 50  74  7.0  8.3  1.56  7.69  5.23 101 1014.5  26.4  26.5  23.2 99.0 99.00
2016 02 26 11 50  76  8.0  9.6  1.55  7.14  5.23  92 1015.1  26.5  26.5  22.9 99.0 99.00
2016 02 26 12 50  76  9.0 10.5  1.58  7.69  5.35  90 1015.7  26.7  26.5  22.4 99.0 99.00
2016 02 26 13 50  68  7.7  9.1  1.58  7.69  5.12  96 1016.4  26.7  26.5  22.7 99.0 99.00
2016 02 26 14 50  63  8.1  9.7  1.79  7.69  5.55  98 1016.8  26.7  26.6  22.7 99.0 99.00
2016 02 26 15 50  58  7.0  8.2  1.65  7.69  5.42  92 1016.7  26.7  26.6  23.1 99.0 99.00
2016 02 26 16 50  57  7.4  8.8  1.87  7.69  5.78  96 1016.2  26.5  26.7  23.2 99.0 99.00
2016 02 26 17 50  52  6.9  8.1  1.76  7.69  5.48  96 1015.5  26.6  26.7  23.4 99.0 99.00
2016 02 26 18 50  45  5.4  6.5  1.67  7.69  5.61  87 1014.6  26.4  26.8  23.5 99.0 99.00
2016 02 26 19 50  47  6.7  8.1  1.62  7.69  5.43  88 1013.8  26.6  26.8  23.8 99.0 99.00
2016 02 26 20 50  55  7.6  8.9  1.72  7.69  5.60  93 1013.4  26.8  26.8  23.5 99.0 99.00
2016 02 26 21 50  46  8.0  9.5  1.57  7.69  5.35 101 1013.4  26.7  26.7  23.2 99.0 99.00
2016 02 26 22 50  54  7.7  8.9  1.59  7.69  5.39  87 1013.5  26.5  26.7  23.7 99.0 99.00
2016 02 26 23 50  58  7.3  8.6  1.66  7.69  5.49  87 1013.9  26.1  26.8  23.3 99.0 99.00
2016 02 27 00 50  49  6.5  7.8  1.56  7.69  5.51  91 1014.6  26.3  26.8  23.9 99.0 99.00
2016 02 27 01 50  70  7.2  8.4  1.59  7.69  5.47  91 1015.2  26.5  26.8  23.7 99.0 99.00
2016 02 27 02 50  78  7.3  8.6  1.40  7.69  5.06  91 1015.3  26.7  26.8  23.5 99.0 99.00
2016 02 27 03 50  76  7.6  9.0  1.42  7.69  5.00  89 1015.3  26.6  26.8  23.7 99.0 99.00
2016 02 27 04 50  70  8.0  9.3  1.49  7.14  5.19  99 1015.1  26.6  26.8  23.1 99.0 99.00
2016 02 27 05 50  76  8.2  9.3  1.41  7.69  5.15  94 1014.3  26.5  26.7  22.9 99.0 99.00
2016 02 27 06 50  65  7.0  8.3  1.37  6.25  5.09  89 1013.9  26.4  26.7  22.8 99.0 99.00
2016 02 27 07 50  61  6.7  7.6  1.35  7.69  4.98  94 1013.3  26.3  26.6  22.6 99.0 99.00
2016 02 27 08 50  50  7.2  8.3  1.36  7.14  5.21  92 1013.2  26.0  26.6  22.7 99.0 99.00
2016 02 27 09 50  67  7.8  9.8  1.33  7.14  5.27  77 1013.0  25.9  26.5  22.8 99.0 99.00
2016 02 27 10 50  65  8.0  9.5  1.33  6.67  5.06  78 1013.7  26.3  26.4  22.5 99.0 99.00
2016 02 27 11 50  67  7.7  9.2  1.52  7.69  5.22  85 1014.5  26.3  26.4  22.0 99.0 99.00
2016 02 27 12 50  61  7.3  8.7  1.37  7.69  4.99  64 1015.0  26.6  26.4  22.2 99.0 99.00
2016 02 27 13 50  61  6.8  8.3  1.38  6.67  5.07  86 1015.5  26.8  26.6  22.2 99.0 99.00
2016 02 27 14 50  62  7.5  8.7  1.39  7.69  5.18  86 1015.9  26.8  26.8  22.2 99.0 99.00
2016 02 27 15 50  53  7.3  8.2  1.33  7.69  5.16  96 1016.1  26.7  26.9  22.5 99.0 99.00
2016 02 27 16 50  59  7.6  8.8  1.35  7.69  5.14 102 1015.3  26.8  27.0  22.5 99.0 99.00
2016 02 27 17 50  61  7.3  8.6  1.36  7.69  5.16  94 1014.4  26.7  27.1  22.5 99.0 99.00
2016 02 27 18 50  64  7.1  8.3  1.41  7.69  5.12  82 1013.7  26.8  27.1  22.6 99.0 99.00
2016 02 27 19 50  63  7.5  9.0  1.39  7.69  5.03 101 1012.9  26.9  27.1  22.2 99.0 99.00
2016 02 27 20 50  61  7.2  8.5  1.38  7.14  5.04  97 1012.5  26.9  27.1  22.5 99.0 99.00
2016 02 27 21 50  63  7.3  8.5  1.35  7.69  5.01  93 1012.8  27.0  27.1  22.6 99.0 99.00
2016 02 27 22 50  57  7.2  8.4  1.34  7.69  5.09  97 1012.8  26.8  27.0  22.5 99.0 99.00
2016 02 27 23 50  64  7.1  8.4  1.36  6.67  5.07  92 1013.1  26.7  27.0  22.5 99.0 99.00
2016 02 28 00 50  58  7.7  9.2  1.46  7.14  5.09 100 1013.5  26.8  26.9  22.2 99.0 99.00
2016 02 28 01 50  57  8.1  9.6  1.54  7.69  5.12  97 1014.0  26.7  26.9  22.3 99.0 99.00
2016 02 28 02 50  61  7.8  9.0  1.37  7.14  4.85  89 1014.5  26.7  26.8  22.7 99.0 99.00
2016 02 28 03 50  61  7.7  9.1  1.53  7.14  5.15  98 1014.5  26.7  26.8  22.7 99.0 99.00
2016 02 28 04 50  58  7.4  8.9  1.48  7.14  5.12 101 1014.4  26.6  26.7  22.6 99.0 99.00
2016 02 28 05 50  70  6.9  8.2  1.59  7.69  5.27  90 1013.6  26.5  26.7  22.4 99.0 99.00
2016 02 28 06 50  68  8.2 10.2  1.57  7.14  5.18  90 1012.8  26.4  26.6  22.6 99.0 99.00
2016 02 28 07 50  61  7.2  8.4  1.41  6.67  5.10  84 1012.7  26.4  26.5  22.7 99.0 99.00
2016 02 28 08 50  65  7.9  9.0  1.52  7.14  4.99  88 1012.8  26.3  26.2  22.3 99.0 99.00
2016 02 28 09 50  72  7.7  9.1  1.53  7.14  5.18 106 1013.2  26.3  26.2  21.9 99.0 99.00
2016 02 28 10 50  74  6.9  8.3  1.60  5.56  5.11  82 1014.0  26.3  26.2  22.1 99.0 99.00
2016 02 28 11 50  80  7.5  8.8  1.53  6.25  5.10  69 1014.7  26.5  26.2  22.2 99.0 99.00
2016 02 28 12 50  71  6.8  9.0  1.37  7.14  5.10  86 1015.5  26.5  26.2  21.9 99.0 99.00
2016 02 28 13 50  76  7.0  8.3  1.40  7.14  5.25 100 1015.9  26.7  26.2  21.7 99.0 99.00
2016 02 28 14 50  70  7.5  8.2  1.39  7.14  5.07  86 1016.2  26.7  26.2  21.9 99.0 99.00
2016 02 28 15 50  75  7.7  8.9  1.32  7.14  5.03  87 1016.1  26.7  26.2  21.7 99.0 99.00
2016 02 28 16 50  71  7.7  8.7  1.24  7.14  4.98  76 1015.4  26.7  26.3  21.9 99.0 99.00
2016 02 28 17 50  61  7.6  9.0  1.23  7.14  4.88  85 1014.6  26.6  26.3  22.2 99.0 99.00
2016 02 28 18 50  62  8.0  9.1  1.30  6.67  4.97  77 1013.3  26.5  26.3  22.2 99.0 99.00
2016 02 28 19 50  62  7.6  8.8  1.30  6.67  4.94  89 1012.7  26.6  26.3  22.3 99.0 99.00
2016 02 28 20 50  67  7.6  8.8  1.49  7.14  5.16  91 1012.4  26.7  26.3  22.4 99.0 99.00
2016 02 28 21 50  62  8.2  9.7  1.51  7.14  5.05  85 1012.7  26.7  26.3  22.6 99.0 99.00
2016 02 28 22 50  62  7.5  9.2  1.63  7.14  5.19  91 1012.9  26.6  26.2  22.8 99.0 99.00
2016 02 28 23 50  66  8.3 10.1  1.61  7.14  5.14  95 1013.2  26.6  26.2  22.8 99.0 99.00
2016 02 29 00 50  67  8.2 10.1  1.59  7.14  5.08  94 1013.7  26.6  26.2  23.0 99.0 99.00
2016 02 29 01 50  67  8.7 10.1  1.65  7.14  5.14  95 1014.3  26.6  26.2  22.8 99.0 99.00
2016 02 29 02 50  65  8.4 10.4  1.68  6.67  5.13  90 1014.4  26.6  26.2  22.9 99.0 99.00
2016 02 29 03 50  67  7.7  9.3  1.75  6.67  5.10  89 1014.5  26.5  26.1  22.8 99.0 99.00
2016 02 29 04 50  71  7.6  9.4  1.53  7.14  5.05  94 1014.4  26.5  26.3  22.6 99.0 99.00
2016 02 29 05 50  65  7.3 10.1  1.78  6.67  5.14  94 1013.8  26.4  26.6  22.9 99.0 99.00
2016 02 29 06 50  68  8.1  9.4  1.76  7.14  5.20  99 1013.0  26.5  26.6  22.5 99.0 99.00
2016 02 29 07 50  62  8.3  9.9  1.68  7.14  5.18  91 1012.5  26.4  26.7  22.8 99.0 99.00
2016 02 29 08 50  68  8.8 10.5  1.58  6.67  5.14 104 1012.5  26.4  26.7  22.4 99.0 99.00
2016 02 29 09 50  75  8.7 10.5  1.70  7.14  5.13  74 1012.8  26.5  26.7  22.2 99.0 99.00
2016 02 29 10 50  79  8.4  9.8  1.65  7.14  5.14  68 1013.7  26.5  26.7  21.8 99.0 99.00
2016 02 29 11 50  81  8.6 10.3  1.69  6.67  5.18  88 1014.5  26.6  26.6  22.1 99.0 99.00
2016 02 29 12 50  74  8.3  9.6  1.68  6.67  5.09 101 1015.0  26.8  26.6  22.1 99.0 99.00
2016 02 29 13 50  80  8.2  9.5  1.63  7.14  5.15  98 1015.6  26.8  26.6  22.0 99.0 99.00
2016 02 29 14 50  76  9.1 10.9  1.63  6.67  5.12  89 1015.8  26.9  26.6  22.3 99.0 99.00
2016 02 29 15 50  79  9.3 11.3  1.60  5.88  5.01  80 1015.7  26.9  26.6  22.5 99.0 99.00
2016 02 29 16 50  76  8.4  9.7  1.69  6.25  5.22  79 1015.2  26.7  26.7  22.7 99.0 99.00
2016 02 29 17 50  84  8.6 10.1  1.72  6.67  5.19  80 1014.4  26.9  26.7  22.1 99.0 99.00
2016 02 29 18 50  74  8.2 10.1  1.75  7.14  5.11  41 1013.5  26.8  26.7  22.9 99.0 99.00
2016 02 29 19 50  76  8.5 10.0  1.60  6.67  5.07  75 1013.0  26.8  26.7  22.8 99.0 99.00
2016 02 29 20 50  80  7.9  9.6  1.71  6.67  5.16  92 1013.0  27.0  26.9  23.1 99.0 99.00
2016 02 29 21 50  80  8.7 10.1  1.70  6.25  5.20  72 1013.2  27.1  26.9  22.7 99.0 99.00
2016 02 29 22 50  79  8.4  9.9  1.88  6.67  5.37  61 1013.6  27.0  26.9  22.9 99.0 99.00