#YY  MM DD hh mm WDIR WSPD GST  WVHT   DPD   APD MWD   PRES  ATMP  WTMP  DEWP  VIS  TIDE
#yr  mo dy hr mn degT m/s  m/s     m   sec   sec deg    hPa  degC  degC  degC  nmi    ft
2016 03 31 23 50  88  8.0  9.8  2.31  6.67  6.27  68 1025.5  22.8  23.7  20.0 99.0 99.00
2016 04 01 00 50  95  9.0 10.7  2.28  7.14  6.12  58 1026.0  23.2  23.7  18.9 99.0 99.00
2016 04 01 01 50  98  8.9 10.9  2.29  9.09  6.15  15 1026.2  23.3  23.7  19.3 99.0 99.00
2016 04 01 02 50  99  8.9 10.5  2.18  7.14  6.05  65 1025.8  23.3  23.7  20.0 99.0 99.00
2016 04 01 03 50  97  9.4 11.0  2.34  7.14  6.08  58 1025.5  23.3  23.7  19.5 99.0 99.00
2016 04 01 04 50  96  9.2 10.9  2.46  7.14  6.01  49 1025.1  23.3  23.7  20.1 99.0 99.00
2016 04 01 05 50  95  9.2 10.6  2.12  7.14  5.80  48 1024.5  23.2  23.7  19.9 99.0 99.00
2016 04 01 06 50  98  9.0 10.6  2.15  7.14  5.93  63 1024.1  22.9  23.7  20.7 99.0 99.00
2016 04 01 07 50  96  9.5 11.3  2.23  6.67  5.76  70 1023.7  22.6  23.6  20.7 99.0 99.00
2016 04 01 08 50  91  8.3  9.7  2.32  7.14  5.95  58 1024.0  22.4  23.6  20.3 99.0 99.00
2016 04 01 09 50  89  7.2  8.8  2.11  6.67  5.77  69 1024.3  22.6  23.6  20.8 99.0 99.00
2016 04 01 10 50  94  6.5  7.7  2.19 10.00  6.15   5 1024.7  22.7  23.5  20.6 99.0 99.00
2016 04 01 11 50 100  6.4  7.7  1.99 10.00  5.95   8 1025.2  22.8  23.5  21.0 99.0 99.00
2016 04 01 12 50 117  7.6  9.2  1.87 10.00  5.96  23 1025.3  23.4  23.5  19.9 99.0 99.00
2016 04 01 13 50 113  7.5  8.9  1.87  6.67  5.72  74 1025.5  23.5  23.5  19.8 99.0 99.00
2016 04 01 14 50 114  7.1  8.1  1.90  7.14  5.78  91 1025.6  23.6  23.6  20.0 99.0 99.00
2016 04 01 15 50 110  6.5  7.7  1.86  7.14  5.90  67 1025.0  23.5  23.6  20.4 99.0 99.00
2016 04 01 16 50 112  6.8  8.0  1.79  8.33  5.82  61 1024.4  23.6  23.7  19.8 99.0 99.00
2016 04 01 17 50 112  7.0  8.1  1.94  8.33  6.18  56 1023.6  23.6  23.7  20.4 99.0 99.00
2016 04 01 18 50 113  7.0  8.0  1.93 10.81  6.11  19 1022.9  23.7  23.7  20.5 99.0 99.00
2016 04 01 19 50 116  6.8  7.9  1.93  7.69  6.19  84 1022.8  23.8  23.7  20.5 99.0 99.00
2016 04 01 20 50 120  6.8  7.8  1.91  8.33  6.38  75 1022.9  23.9  23.7  20.2 99.0 99.00
2016 04 01 21 50 113  6.2  7.3  1.84  9.09  6.01  22 1023.2  23.8  23.7  20.9 99.0 99.00
2016 04 01 22 50 113  6.9  8.0  1.88  7.69  6.20  90 1023.2  23.7  23.7  20.7 99.0 99.00
2016 04 01 23 50 112  7.2  8.2  1.90  7.69  6.04  91 1023.6  23.7  23.7  20.9 99.0 99.00
2016 04 02 00 50 113  8.0  9.4  2.00  8.33  6.22  86 1023.9  23.8  23.6  20.5 99.0 99.00
2016 04 02 01 50 115  7.1  8.7  1.90  7.14  5.96  98 1024.3  23.7  23.6  20.6 99.0 99.00
2016 04 02 02 50 106  7.0  8.3  1.93  8.33  6.25  68 1024.3  23.6  23.6  21.0 99.0 99.00
2016 04 02 03 50 114  4.5  6.5  2.05  8.33  6.07  61 1024.3  23.0  23.6  19.5 99.0 99.00
2016 04 02 04 50 114  6.7  7.8  1.86  9.09  5.98  43 1023.3  23.5  23.6  20.6 99.0 99.00
2016 04 02 05 50 116  6.4  7.6  1.86  7.69  5.91  72 1022.5  23.4  23.6  20.5 99.0 99.00
2016 04 02 06 50 123  6.7  7.8  1.98  8.33  6.20  80 1021.9  23.4  23.6  20.6 99.0 99.00
2016 04 02 07 50 155  4.5  5.7  1.85  8.33  6.16  98 1021.7  22.5  23.6  20.0 99.0 99.00
2016 04 02 08 50 115  6.9  8.5  1.79  9.09  6.22  76 1021.6  23.3  23.6  20.0 99.0 99.00
2016 04 02 09 50 111  7.1  8.2  1.90  8.33  6.14  91 1022.1  23.4  23.6  20.4 99.0 99.00
2016 04 02 10 50 114  6.8  8.0  1.78  7.69  5.89  84 1022.4  23.5  23.6  20.1 99.0 99.00
2016 04 02 11 50 118  7.9  9.4  1.83  7.14  5.80  87 1022.4  23.7  23.6  19.6 99.0 99.00
2016 04 02 12 50 123  7.5  8.8  1.79  7.69  5.89 110 1022.3  23.7  23.7  19.9 99.0 99.00
2016 04 02 13 50 127  7.8  9.6  1.78  7.69  5.72  97 1022.3  23.8  23.7  20.2 99.0 99.00
2016 04 02 14 50 132  8.4  9.6  1.65  8.33  5.55 104 1022.1  23.8  23.7  19.4 99.0 99.00
2016 04 02 15 50 142  6.8  8.4  1.83  7.69  5.62 114 1022.1  23.8  23.7  20.1 99.0 99.00
2016 04 02 16 50 132  8.0  9.3  1.77  7.14  5.45 112 1021.1  23.8  23.6  20.5 99.0 99.00
2016 04 02 17 50 135  8.2  9.6  1.80  7.69  5.52 100 1020.2  23.9  23.7  20.6 99.0 99.00
2016 04 02 18 50 141  7.1  8.6  1.89  7.69  5.79 131 1019.8  23.9  23.7  21.0 99.0 99.00
2016 04 02 19 50 143  7.3  8.4  1.79  7.14  5.70 120 1019.8  24.0  23.8  20.3 99.0 99.00
2016 04 02 20 50 151  6.5  7.5  1.86  7.69  5.74 129 1020.4  24.0  23.8  20.5 99.0 99.00
2016 04 02 21 50 147  6.6  7.6  1.89  7.69  5.97 128 1020.3  23.9  23.8  20.3 99.0 99.00
2016 04 02 22 50 139  6.9  8.1  1.78  7.69  5.96 108 1020.4  23.8  23.7  20.9 99.0 99.00
2016 04 02 23 50 137  7.0  8.6  1.77  7.14  5.85 118 1020.7  23.8  23.7  20.9 99.0 99.00
2016 04 03 00 50 139  6.9  8.5  1.81  7.69  5.91  95 1021.3  23.8  23.7  21.1 99.0 99.00
2016 04 03 01 50 143  6.9  8.2  1.95  8.33  6.26 106 1021.3  23.7  23.7  21.3 99.0 99.00
2016 04 03 02 50 142  6.8  8.2  1.89  8.33  6.07 101 1021.1  23.6  23.7  21.6 99.0 99.00
2016 04 03 03 50 147  7.8  9.4  1.85  8.33  5.90 102 1020.7  23.5  23.7  21.4 99.0 99.00
2016 04 03 04 50 149  8.5 10.2  1.88  7.69  5.97 107 1019.8  23.5  23.7  21.7 99.0 99.00
2016 04 03 05 50 152  9.0 10.9  1.81  9.09  5.64 122 1018.9  23.5  23.7  21.5 99.0 99.00
2016 04 03 06 50 156  8.5 10.2  1.85  8.33  5.77 109 1018.4  23.5  23.7  21.5 99.0 99.00
2016 04 03 07 50 161  8.9 10.6  1.88  8.33  5.81 107 1017.9  23.6  23.7  21.2 99.0 99.00
2016 04 03 08 50 163  8.9 10.4  1.86  8.33  5.83 105 1017.7  23.5  23.7  21.1 99.0 99.00
2016 04 03 09 50 160  9.0 10.6  1.84  7.69  5.52 100 1017.6  23.5  23.6  21.1 99.0 99.00
2016 04 03 10 50 162  9.7 11.6  1.87  8.33  5.56 121 1017.9  23.7  23.6  20.4 99.0 99.00
2016 04 03 11 50 166  8.9 10.3  1.99  8.33  5.67 120 1018.8  23.7  23.6  20.5 99.0 99.00
2016 04 03 12 50 168  8.8 10.2  2.04  8.33  5.74 112 1018.8  23.8  23.6  20.7 99.0 99.00
2016 04 03 13 50 166  8.6 10.1  1.88  8.33  5.57 123 1019.1  23.9  23.7  21.2 99.0 99.00
2016 04 03 14 50 171  7.4  8.8  1.84  8.33  5.64  94 1019.2  23.9  23.7  21.4 99.0 99.00
2016 04 03 15 50 176  7.9  9.5  1.87  8.33  5.78 117 1019.0  24.1  23.8  21.1 99.0 99.00
2016 04 03 16 50 185  7.0  9.0  1.79  8.33  5.78 119 1018.7  24.1  23.8  21.4 99.0 99.00
2016 04 03 17 50 184  6.7  7.6  1.96  8.33  6.13 124 1018.3  24.1  23.9  21.2 99.0 99.00
2016 04 03 18 50 188  6.1  7.0  1.84  9.09  6.02 130 1017.9  24.2  23.9  21.4 99.0 99.00
2016 04 03 19 50 192  5.9  7.0  1.71  9.09  5.96 119 1017.9  24.2  23.9  21.3 99.0 99.00
2016 04 03 20 50 190  5.1  6.1  1.81  8.33  6.19 113 1018.2  24.3  23.9  21.5 99.0 99.00
2016 04 03 21 50 186  5.0  6.0  1.75  9.09  6.29 129 1018.6  24.2  23.9  21.8 99.0 99.00
2016 04 03 22 50 182  5.0  6.2  1.58  8.33  6.04 116 1019.0  24.0  23.9  21.9 99.0 99.00
2016 04 03 23 50 180  4.5  5.8  1.75  9.09  6.39 125 1019.7  23.9  23.8  22.4 99.0 99.00
2016 04 04 00 50 174  4.7  5.5  1.67  8.33  6.33 113 1020.5  23.9  23.8  22.4 99.0 99.00
2016 04 04 01 50 172  5.0  5.9  1.81  9.09  6.61 133 1020.3  24.0  23.8  22.4 99.0 99.00
2016 04 04 02 50 170  5.8  6.8  1.71  8.33  6.44 103 1020.1  23.9  23.8  22.5 99.0 99.00
2016 04 04 03 50 181  5.5  6.8  1.79  9.09  6.47 126 1019.9  23.9  23.8  22.4 99.0 99.00
2016 04 04 04 50 183  5.7  6.9  1.77  9.09  6.38 119 1019.4  23.8  23.8  22.4 99.0 99.00
2016 04 04 05 50 181  6.3  7.5  1.67  8.33  6.26 120 1018.8  23.7  23.7  22.4 99.0 99.00
2016 04 04 06 50 193  5.7  6.7  1.63  9.09  6.01 136 1018.3  23.8  23.7  22.0 99.0 99.00
2016 04 04 07 50 194  5.9  7.0  1.67  9.09  6.14 110 1018.1  23.7  23.7  21.9 99.0 99.00
2016 04 04 08 50 199  5.6  6.9  1.69  9.09  6.08 115 1018.4  23.7  23.6  22.0 99.0 99.00
2016 04 04 09 50 197  5.6  6.8  1.71  9.09  6.27 122 1018.9  23.8  23.6  21.9 99.0 99.00
2016 04 04 10 50 183  5.2  6.3  1.82  8.33  6.47 114 1019.5  23.9  23.6  21.9 99.0 99.00
2016 04 04 11 50 176  6.6  7.8  1.70  8.33  6.36 116 1019.3  23.8  23.6  22.0 99.0 99.00
2016 04 04 12 50 174  6.8  7.9  1.64  9.09  6.14 116 1019.5  23.8  23.6  21.8 99.0 99.00
2016 04 04 13 50 175  6.6  8.0  1.77  9.09  6.23 124 1020.0  24.0  23.6  21.8 99.0 99.00
2016 04 04 14 50 185  6.3  7.3  1.75  8.33  6.16 117 1020.4  24.0  23.7  21.8 99.0 99.00
2016 04 04 15 50 192  6.7  7.7  1.74 10.00  6.30 117 1020.3  24.0  23.7  21.8 99.0 99.00
2016 04 04 16 50 203  5.0  6.1  1.71  9.09  6.25 108 1020.4  24.0  23.7  22.0 99.0 99.00
2016 04 04 17 50 178  6.0  7.2  1.76  9.09  6.56 121 1019.3  24.0  23.7  21.6 99.0 99.00
2016 04 04 18 50 186  5.0  6.0  1.79  9.09  6.44 117 1019.1  24.1  23.7  21.4 99.0 99.00
2016 04 04 19 50 186  4.8  5.7  1.82  9.09  6.71 125 1018.4  24.0  23.7  21.8 99.0 99.00
2016 04 04 20 50 181  5.0  5.8  1.79  9.09  6.62 110 1018.2  24.1  23.8  21.5 99.0 99.00
2016 04 04 21 50 186  5.0  6.0  1.71  9.09  6.56 124 1018.3  24.1  23.7  21.4 99.0 99.00
2016 04 04 22 50 176  4.8  5.9  1.91  9.09  7.07 116 1018.4  23.9  23.7  21.9 99.0 99.00
2016 04 04 23 50 173  5.2  6.6  2.13 13.79  7.95 326 1018.5  23.9  23.7  21.7 99.0 99.00
2016 04 05 00 50 170  6.0  7.4  2.52 13.79  8.48 329 1018.7  23.9  23.7  21.8 99.0 99.00
2016 04 05 01 50 172  6.9  8.6  2.62 13.79  8.73 323 1018.7  23.9  23.7  21.3 99.0 99.00
2016 04 05 02 50 180  6.6  8.2  2.79 12.90  8.84 335 1018.8  23.9  23.7  21.7 99.0 99.00
2016 04 05 03 50 179  5.7  7.4  3.18 12.90  9.28 327 1018.7  23.9  23.6  22.0 99.0 99.00
2016 04 05 04 50 185  6.1  7.7  3.19 12.90  9.11 340 1017.9  23.8  23.6  22.4 99.0 99.00
2016 04 05 05 50 198  6.6  8.2  3.17 12.90  9.11 336 1016.9  23.7  23.6  22.4 99.0 99.00
2016 04 05 06 50 193  5.5  6.8  3.17 12.90  9.04 330 1016.3  23.7  23.6  22.5 99.0 99.00
2016 04 05 07 50 194  5.6  6.9  2.97 12.12  8.60 325 1016.2  23.5  23.6  21.8 99.0 99.00
2016 04 05 08 50 204  6.0  7.6  2.86 12.12  8.53 329 1016.5  23.8  23.6  22.3 99.0 99.00
2016 04 05 09 50 201  6.4  7.8  2.53 12.12  7.70 338 1016.7  23.8  23.6  22.0 99.0 99.00
2016 04 05 10 50 200  6.6  8.3  2.50 12.12  7.72 325 1017.2  23.9  23.6  22.1 99.0 99.00
2016 04 05 11 50 196  6.4  8.8  2.40 12.12  7.54 340 1017.4  23.9  23.6  22.3 99.0 99.00
2016 04 05 12 50 191  7.2  8.9  2.62 12.12  7.45 337 1017.7  24.0  23.6  22.4 99.0 99.00
2016 04 05 13 50 184  7.6  9.4  2.50 11.43  7.32 339 1017.4  24.1  23.7  22.0 99.0 99.00
2016 04 05 14 50 180  7.7  9.6  2.56 10.81  7.41 328 1016.7  24.1  23.7  22.2 99.0 99.00
2016 04 05 15 50 181  7.1  8.5  2.48 11.43  7.24 330 1016.2  24.1  23.7  22.3 99.0 99.00
2016 04 05 16 50 185  7.8  9.5  2.62 10.00  7.14 353 1015.5  24.2  23.7  22.4 99.0 99.00
2016 04 05 17 50 190 10.1 12.5  2.50 11.43  6.78 330 1014.3  23.9  23.7  21.8 99.0 99.00
2016 04 05 18 50 192  7.9  9.6  2.40  9.09  6.36  57 1013.8  24.0  23.7  22.7 99.0 99.00
2016 04 05 19 50 193  7.5  8.9  2.54  9.09  6.73  79 1013.6  24.1  23.7  22.6 99.0 99.00
2016 04 05 20 50 205  6.4  8.0  2.44  9.09  6.53  74 1013.9  24.1  23.7  22.7 99.0 99.00
2016 04 05 21 50 197  7.6  9.2  2.37  9.09  6.50 109 1013.5  24.2  23.7  22.7 99.0 99.00
2016 04 05 22 50 210  8.3  9.6  2.21  9.09  6.33 177 1013.8  24.2  23.7  22.5 99.0 99.00
2016 04 05 23 50 218  7.2  8.9  2.27 10.00  6.60 115 1014.2  24.2  23.7  22.9 99.0 99.00
2016 04 06 00 50 294  8.0 13.3  2.19  9.09  6.53  74 1014.8  21.6  23.7  20.8 99.0 99.00
2016 04 06 01 50 307  3.0  4.0  2.02 11.43  6.37   9 1014.9  21.4  23.6  20.8 99.0 99.00
2016 04 06 02 50 191  2.8  4.1  1.98  8.33  6.63 344 1014.5  21.9  23.6  21.0 99.0 99.00
2016 04 06 03 50 209  7.2  8.3  2.06 10.00  6.75  46 1013.9  22.8  23.6  21.5 99.0 99.00
2016 04 06 04 50 214  7.3  9.0  2.16 10.00  6.52  35 1013.4  23.2  23.6  21.5 99.0 99.00
2016 04 06 05 50 214  6.9  9.0  2.14  9.09  6.43  13 1012.7  23.0  23.6  22.0 99.0 99.00
2016 04 06 06 50 276  6.7  7.9  2.06  9.09  6.20   6 1012.6  22.8  23.6  20.9 99.0 99.00
2016 04 06 07 50 312  9.5 11.3  2.13 10.00  6.23  35 1012.9  23.0  23.6  19.6 99.0 99.00
2016 04 06 08 50 313  9.6 11.4  2.02 10.00  5.80  34 1013.5  22.9  23.6  17.8 99.0 99.00
2016 04 06 09 50 321  9.9 11.8  2.20 10.00  5.82  50 1014.6  22.5  23.5  16.6 99.0 99.00
2016 04 06 10 50 328  9.7 11.9  2.16  8.33  5.72  30 1015.7  22.3  23.5  15.6 99.0 99.00
2016 04 06 11 50 332  9.2 11.5  2.25  9.09  5.91  55 1016.7  22.2  23.5  15.3 99.0 99.00
2016 04 06 12 50 334  9.1 10.7  2.19  9.09  5.86  35 1017.4  22.4  23.5  15.6 99.0 99.00
2016 04 06 13 50 337  8.3 10.1  2.15 10.00  5.85  64 1018.2  22.6  23.5  16.0 99.0 99.00
2016 04 06 14 50 352 10.7 13.2  2.09  5.88  5.71 307 1018.1  22.4  23.5  16.8 99.0 99.00
2016 04 06 15 50   2 11.0 13.0  2.16  9.09  5.55  52 1018.5  22.2  23.5  16.2 99.0 99.00
2016 04 06 16 50 359 10.2 12.2  2.14  6.25  5.62 314 1018.9  21.8  23.5  15.4 99.0 99.00
2016 04 06 17 50  10  9.3 11.1  2.52  6.25  5.86 319 1018.6  21.7  23.5  15.0 99.0 99.00
2016 04 06 18 50  10 10.4 12.5  2.33  7.14  6.06 327 1017.7  21.7  23.5  14.7 99.0 99.00
2016 04 06 19 50  15 10.7 12.5  2.63  7.69  6.15 325 1017.7  21.8  23.5  14.1 99.0 99.00
2016 04 06 20 50  21 10.6 12.4  2.47  6.67  5.94 314 1018.0  21.7  23.5  13.1 99.0 99.00
2016 04 06 21 50  30 10.5 12.5  2.43  8.33  6.12 332 1018.3  21.6  23.5  12.9 99.0 99.00
2016 04 06 22 50  29 10.7 13.1  2.56  8.33  6.14 327 1019.0  21.5  23.5  12.8 99.0 99.00
2016 04 06 23 50  38  9.2 11.4  2.64  7.69  6.22 332 1019.9  21.5  23.5  12.6 99.0 99.00
2016 04 07 00 50  31 11.1 12.9  2.62  8.33  6.31 332 1020.0  21.5  23.5  13.5 99.0 99.00
2016 04 07 01 50  39 11.1 14.0  2.67  8.33  6.06 339 1020.6  21.4  23.5  14.2 99.0 99.00
2016 04 07 02 50  41 11.0 13.1  2.79  9.09  6.31 326 1020.9  21.4  23.5  12.4 99.0 99.00
2016 04 07 03 50  42 12.5 15.3  2.75  9.09  6.09 350 1020.4  21.3  23.4  13.7 99.0 99.00
2016 04 07 04 50  43 10.9 12.6  3.02  9.09  6.29 353 1020.7  21.2  23.4  13.6 99.0 99.00
2016 04 07 05 50  47 11.2 13.2  3.35  9.09  6.89 339 1020.3  21.0  23.4  13.5 99.0 99.00
2016 04 07 06 50  46 10.3 12.8  3.69 10.00  7.43 320 1019.5  21.0  23.4  14.2 99.0 99.00
2016 04 07 07 50  51 10.3 12.7  4.06 12.12  7.86 316 1019.1  20.9  23.4  14.3 99.0 99.00
2016 04 07 08 50  51 10.3 12.5  4.89 13.79  8.74 314 1018.9  21.1  23.4  14.7 99.0 99.00
2016 04 07 09 50  54 10.1 12.0  4.42 12.90  8.24 311 1019.1  21.3  23.3  15.1 99.0 99.00
2016 04 07 10 50  62 11.4 13.1  4.86 12.12  8.73 320 1019.2  21.4  23.3  14.9 99.0 99.00
2016 04 07 11 50  66 10.3 13.0  4.10 12.90  7.88 329 1019.6  21.7  23.3  14.8 99.0 99.00
2016 04 07 12 50  69 10.1 13.1  3.53 12.90  7.38 322 1020.4  21.9  23.3  14.4 99.0 99.00
2016 04 07 13 50  68 10.1 12.5  3.84 12.90  7.96 333 1020.6  22.0  23.3  14.9 99.0 99.00
2016 04 07 14 50  71  9.9 12.2  3.50 12.90  7.37 335 1020.6  22.2  23.3  15.4 99.0 99.00
2016 04 07 15 50  81  8.9 10.8  3.47 12.90  7.31 345 1020.3  22.2  23.3  15.4 99.0 99.00
2016 04 07 16 50  73  8.5 10.2  3.83 13.79  8.10   2 1020.4  22.2  23.3  15.8 99.0 99.00
2016 04 07 17 50  79  8.0  9.7  3.39 12.90  7.57 355 1019.6  22.3  23.3  15.7 99.0 99.00
2016 04 07 18 50  87  8.0 10.2  3.50 12.90  8.23 355 1019.0  22.3  23.3  15.5 99.0 99.00
2016 04 07 19 50  85  7.7  9.3  3.60 12.90  8.08 352 1018.6  22.4  23.3  16.1 99.0 99.00
2016 04 07 20 50  78  8.2 10.0  3.61 12.90  8.12 359 1018.2  22.4  23.3  17.0 99.0 99.00
2016 04 07 21 50  75  8.3 10.0  3.50 12.12  8.01 354 1018.5  22.4  23.3  17.0 99.0 99.00
2016 04 07 22 50  73  7.8  9.1  3.37 12.90  7.96 358 1018.6  22.3  23.3  17.5 99.0 99.00
2016 04 07 23 50  83  8.1  9.6  3.22 12.12  7.72 359 1018.7  22.4  23.3  18.1 99.0 99.00
2016 04 08 00 50  87  8.1  9.6  3.26 12.12  7.58   6 1018.9  22.5  23.2  18.4 99.0 99.00
2016 04 08 01 50  94  8.4  9.9  3.21 10.81  7.65   1 1018.6  22.6  23.3  19.0 99.0 99.00
2016 04 08 02 50 105  6.4  7.6  3.45 12.12  8.17  10 1019.0  22.6  23.3  19.2 99.0 99.00
2016 04 08 03 50 113  6.0  7.9  3.18 12.12  7.38  10 1018.7  22.7  23.3  19.4 99.0 99.00
2016 04 08 04 50 112  6.8  8.0  3.21 12.12  7.78   8 1017.7  22.7  23.3  19.7 99.0 99.00
2016 04 08 05 50 115  7.0  8.6  3.01 11.43  7.55   9 1017.0  22.6  23.3  19.8 99.0 99.00
2016 04 08 06 50 132  5.7  7.0  3.28 11.43  8.03  10 1016.6  22.7  23.4  19.7 99.0 99.00
2016 04 08 07 50 133  5.1  6.6  2.84 11.43  7.51  11 1016.4  22.6  23.4  19.8 99.0 99.00
2016 04 08 08 50 133  4.8  6.0  2.46 11.43  7.29  11 1016.2  22.7  23.4  19.8 99.0 99.00
2016 04 08 09 50 144  3.5  4.3  2.60 10.00  7.49  24 1016.5  22.7  23.4  20.1 99.0 99.00
2016 04 08 10 50 124  2.8  3.7  2.76 10.81  7.60   6 1017.2  22.9  23.5  20.0 99.0 99.00
2016 04 08 11 50 118  2.4  3.0  2.59 10.81  7.71  15 1017.6  23.0  23.5  19.7 99.0 99.00
2016 04 08 12 50 102  1.6  2.4  2.37 10.81  7.24  13 1017.9  23.3  23.6  19.8 99.0 99.00
2016 04 08 13 50 100  1.7  2.3  2.46  9.09  7.47  49 1018.7  23.4  23.9  20.0 99.0 99.00
2016 04 08 14 50 132  2.3  3.0  2.41  9.09  7.53  53 1018.7  23.4  24.2  20.0 99.0 99.00
2016 04 08 15 50 129  3.0  4.3  2.26 10.00  7.45  43 1018.6  23.4  24.4  20.2 99.0 99.00
2016 04 08 16 50 127  3.1  3.8  2.33 10.00  7.52  41 1018.5  23.5  24.6  20.3 99.0 99.00
2016 04 08 17 50 125  2.8  3.5  2.25 10.00  7.62  29 1017.8  23.6  24.8  20.2 99.0 99.00
2016 04 08 18 50 138  2.6  3.6  2.00 10.00  7.44  25 1017.3  23.8  24.9  20.3 99.0 99.00
2016 04 08 20 50 151  2.5  3.2  1.94 10.81  7.46  27 1017.3  24.0  24.8  20.1 99.0 99.00
2016 04 08 21 50 133  2.6  3.3  1.83  9.09  7.26  65 1017.3  24.1  24.7  20.6 99.0 99.00
2016 04 08 22 50 139  2.6  3.3  1.92  8.33  7.30  49 1017.7  23.8  24.5  20.5 99.0 99.00
2016 04 08 23 50 139  2.9  3.6  1.89  9.09  7.34  56 1018.1  23.8  24.3  20.6 99.0 99.00
2016 04 09 00 50 144  3.2  4.1  1.83  9.09  7.30  46 1018.5  23.7  24.2  20.9 99.0 99.00
2016 04 09 01 50 135  3.2  4.0  1.79  8.33  7.36  44 1019.0  23.7  24.2  20.9 99.0 99.00
2016 04 09 02 50 162  3.2  3.9  1.83  9.09  7.34  55 1019.3  23.6  24.1  21.2 99.0 99.00
2016 04 09 03 50 148  3.1  3.9  1.82  9.09  7.40  55 1019.0  23.6  24.1  21.0 99.0 99.00
2016 04 09 04 50 155  3.3  4.2  1.76  9.09  7.37  52 1018.7  23.5  24.1  21.3 99.0 99.00
2016 04 09 05 50 158  3.6  4.4  1.63  9.09  7.33  53 1018.0  23.5  24.1  21.1 99.0 99.00
2016 04 09 06 50 156  4.3  5.3  1.33  8.33  6.81  55 1017.4  23.4  24.0  20.9 99.0 99.00
2016 04 09 07 50 152  4.0  4.6  1.54  8.33  6.94  62 1017.2  23.4  24.0  20.9 99.0 99.00
2016 04 09 08 50 165  4.0  5.0  1.47  9.09  6.91  56 1017.2  23.4  23.9  20.9 99.0 99.00
2016 04 09 09 50 156  3.9  4.6  1.55  8.33  7.14  66 1017.6  23.3  24.0  20.8 99.0 99.00
2016 04 09 10 50 159  4.4  5.2  1.52  8.33  6.88  64 1018.0  23.6  24.0  20.9 99.0 99.00
2016 04 09 11 50 159  3.8  4.5  1.35  9.09  6.55  82 1018.4  23.7  24.0  20.4 99.0 99.00
2016 04 09 12 50 166  4.3  5.1  1.31  9.09  6.67  46 1018.5  23.7  24.0  21.0 99.0 99.00
2016 04 09 13 50 174  5.1  5.8  1.58  8.33  7.01  66 1018.8  23.7  24.1  21.0 99.0 99.00
2016 04 09 14 50 176  4.5  5.4  1.39  9.09  6.76  64 1018.9  23.8  24.2  20.9 99.0 99.00
2016 04 09 15 50 177  4.6  5.4  1.23  9.09  6.45  66 1018.8  23.9  24.3  20.8 99.0 99.00
2016 04 09 16 50 172  4.3  5.1  1.50  9.09  7.11  64 1018.9  23.9  24.4  21.0 99.0 99.00
2016 04 09 17 50 178  4.2  5.0  1.39  9.09  6.91  56 1018.3  24.0  24.5  21.4 99.0 99.00
2016 04 09 18 50 161  4.2  5.0  1.30  9.09  6.75  52 1017.9  24.1  24.6  21.7 99.0 99.00
2016 04 09 19 50 162  4.5  5.5  1.18  9.09  6.75  50 1017.8  24.2  24.6  21.6 99.0 99.00
2016 04 09 20 50 166  4.3  5.4  1.26  8.33  6.64  67 1018.0  24.2  24.6  21.6 99.0 99.00
2016 04 09 21 50 152  4.4  5.3  1.19  9.09  6.57  57 1018.1  24.2  24.5  21.8 99.0 99.00
2016 04 09 22 50 157  4.0  4.8  1.37  9.09  6.94  62 1018.5  24.2  24.4  22.0 99.0 99.00
2016 04 09 23 50 156  4.7  5.4  1.34 10.00  6.73  34 1018.6  24.1  24.4  22.1 99.0 99.00
2016 04 10 00 50 159  4.4  5.1  1.33  9.09  6.83  52 1018.9  24.1  24.3  22.4 99.0 99.00
2016 04 10 01 50 149  4.4  5.4  1.26  9.09  6.69  52 1019.1  24.1  24.3  22.5 99.0 99.00
2016 04 10 02 50 155  4.5  5.4  1.26  9.09  6.89  53 1019.0  24.0  24.3  22.4 99.0 99.00
2016 04 10 03 50 160  4.0  4.6  1.27  9.09  6.97  42 1019.0  24.0  24.3  22.4 99.0 99.00
2016 04 10 04 50 153  4.8  5.8  1.35  9.09  6.93  58 1018.9  23.9  24.3  22.6 99.0 99.00
2016 04 10 05 50 156  4.7  5.6  1.28  9.09  6.74  45 1018.4  23.9  24.2  22.4 99.0 99.00
2016 04 10 06 50 144  5.4  6.2  1.25  9.09  6.71  51 1017.7  23.8  24.2  22.3 99.0 99.00
2016 04 10 07 50 160  4.7  5.4  1.19  9.09  6.66  34 1017.7  23.8  24.3  22.1 99.0 99.00
2016 04 10 08 50 154  5.6  6.7  1.20  9.09  6.48  46 1017.4  23.8  24.2  22.3 99.0 99.00
2016 04 10 09 50 144  6.2  7.5  1.21  8.33  6.44  62 1017.5  23.9  24.2  22.4 99.0 99.00
2016 04 10 10 50 160  4.6  5.6  1.25  9.09  6.33  52 1018.7  24.0  24.2  22.2 99.0 99.00
2016 04 10 11 50 165  4.8  5.6  1.34  8.33  6.54  62 1019.2  24.2  24.2  22.5 99.0 99.00
2016 04 10 12 50 164  4.0  5.0  1.24  9.09  6.39  46 1019.7  24.2  24.2  22.5 99.0 99.00
2016 04 10 13 50 173  3.8  7.3  1.29  8.33  6.43  44 1020.4  24.3  24.4  22.8 99.0 99.00
2016 04 10 14 50 183  3.1  3.5  1.19  8.33  6.47  60 1020.9  24.3  24.6  21.5 99.0 99.00
2016 04 10 15 50 194  2.8  3.5  1.20  8.33  6.62  73 1021.0  24.4  24.8  21.3 99.0 99.00
2016 04 10 16 50 216  1.3  2.0  1.26  9.09  6.65  73 1020.7  24.5  24.9  21.0 99.0 99.00
2016 04 10 17 50 272  2.4  5.0  1.30  9.09  6.81  64 1020.2  24.8  25.8  20.7 99.0 99.00
2016 04 10 18 50 351  2.8  3.8  1.22  8.33  6.74  47 1020.0  23.6  25.2  20.0 99.0 99.00
2016 04 10 19 50  43  3.1  3.8  1.14  8.33  6.21  58 1020.0  23.4  24.9  20.6 99.0 99.00
2016 04 10 20 50  14  5.8  6.9  1.15  7.69  6.09 338 1020.3  23.5  24.7  21.5 99.0 99.00
2016 04 10 21 50  79  7.6  8.8  1.27  9.09  5.67  55 1020.8  21.9  24.5  21.1 99.0 99.00
2016 04 10 22 50  68  5.0  5.9  1.25  7.69  5.13 312 1021.1  22.5  24.4  20.4 99.0 99.00
2016 04 10 23 50  68  5.4  6.2  1.17  8.33  5.30  29 1021.5  22.1  24.3  21.1 99.0 99.00
2016 04 11 00 50  38  5.4  6.2  1.30  8.33  5.67  41 1021.4  22.7  24.3  20.8 99.0 99.00
2016 04 11 01 50  43  6.0  6.8  1.31  8.33  5.78  51 1021.5  23.0  24.3  21.0 99.0 99.00
2016 04 11 02 50  36  5.3  6.3  1.34  7.69  5.61   1 1021.5  22.9  24.2  21.2 99.0 99.00
2016 04 11 03 50  47  5.7  7.1  1.21  7.69  5.41 330 1021.6  22.9  24.3  21.3 99.0 99.00
2016 04 11 04 50  61  6.6  8.0  1.36  8.33  5.62  52 1021.2  23.0  24.3  20.9 99.0 99.00
2016 04 11 05 50  67  6.1  7.4  1.30  9.09  5.60  65 1020.8  23.3  24.3  20.5 99.0 99.00
2016 04 11 06 50  96  4.3  6.6  1.45  8.33  5.90  63 1020.3  22.5  24.1  21.7 99.0 99.00
2016 04 11 08 50  65  7.2  8.9  1.83  8.33  6.11  35 1020.0  22.3  24.0  20.8 99.0 99.00
2016 04 11 09 50  98  8.0  9.6  1.93 13.79  6.42 317 1020.2  22.7  24.0  20.9 99.0 99.00
2016 04 11 10 50  92  8.5 10.0  2.10 12.12  6.47 338 1020.5  22.5  24.0  21.0 99.0 99.00
2016 04 11 11 50  78  7.2  9.2  2.33 13.79  6.87 314 1021.0  22.7  24.0  20.4 99.0 99.00
2016 04 11 12 50  75  6.5  8.0  2.47 12.90  7.06 317 1021.5  22.3  23.9  20.6 99.0 99.00
2016 04 11 13 50  81  8.7 11.1  2.67 13.79  6.86 329 1021.7  22.3  23.9  20.2 99.0 99.00
2016 04 11 14 50  63  8.6 10.4  2.68 12.12  6.98 320 1021.6  21.4  23.9  20.2 99.0 99.00
2016 04 11 15 50 116  6.6  8.5  2.84 12.90  7.49 326 1021.8  21.9  23.9  20.7 99.0 99.00
2016 04 11 16 50  76  4.1  5.2  2.60 12.12  7.34 337 1021.7  21.9  24.0  20.2 99.0 99.00
2016 04 11 17 50  77  6.1  7.1  2.68 12.12  7.43 327 1021.4  22.5  24.0  20.7 99.0 99.00
2016 04 11 18 50  80  5.5  6.9  2.55 11.43  7.42 322 1021.4  22.3  24.0  20.4 99.0 99.00
2016 04 11 19 50 103  3.9  5.1  2.71 11.43  7.70 322 1021.1  21.8  24.0  20.0 99.0 99.00
2016 04 11 20 50 100  7.8  9.8  2.41 11.43  7.43 326 1021.1  21.5  23.9  19.9 99.0 99.00
2016 04 11 21 50 122  6.1  7.5  2.31  8.33  7.20  18 1021.1  21.4  23.9  18.4 99.0 99.00
2016 04 11 22 50 114  5.1  7.0  2.45 10.81  7.31 341 1021.0  21.6  23.9  17.8 99.0 99.00
2016 04 11 23 50 122  5.6  7.4  2.38 10.00  7.08 326 1020.8  22.0  23.9  18.6 99.0 99.00
2016 04 12 00 50  88  5.5  6.6  2.34  7.69  7.01   4 1021.9  22.0  23.9  19.4 99.0 99.00
2016 04 12 01 50  95  7.4  8.9  2.45  9.09  7.04  16 1021.3  22.0  23.9  18.8 99.0 99.00
2016 04 12 02 50  92  5.5  6.7  2.02  7.69  6.66  22 1021.0  21.9  23.9  18.7 99.0 99.00
2016 04 12 03 50  95  7.2  8.6  2.02  7.69  6.62  35 1020.7  21.7  23.9  19.8 99.0 99.00
2016 04 12 04 50  72  5.1  6.3  2.02  9.09  6.78  68 1020.1  21.5  23.9  19.2 99.0 99.00
2016 04 12 05 50  89  5.3  6.4  2.12  9.09  6.55  40 1019.6  22.4  23.9  20.1 99.0 99.00
2016 04 12 06 50  97  8.5  9.8  1.97 10.81  6.39 333 1018.8  22.7  23.9  19.1 99.0 99.00
2016 04 12 07 50 100  9.0 11.0  2.03  8.33  5.96  46 1018.7  22.8  23.9  18.9 99.0 99.00
2016 04 12 08 50 101  8.6 10.5  2.16 10.00  6.09 334 1018.9  22.4  23.8  17.6 99.0 99.00
2016 04 12 09 50  97  9.5 11.4  2.17  7.69  5.82  25 1019.3  22.2  23.8  16.6 99.0 99.00
2016 04 12 10 50  88  8.7 10.3  2.35  8.33  6.10  50 1019.7  22.5  23.8  16.7 99.0 99.00
2016 04 12 11 50  85  8.0  9.6  2.19  8.33  5.87  32 1020.2  22.8  23.8  17.3 99.0 99.00
2016 04 12 12 50  79  8.3 10.0  2.06  8.33  5.78  35 1020.1  22.9  23.8  17.4 99.0 99.00
2016 04 12 13 50  97  9.8 11.2  2.24  9.09  6.18  28 1020.0  23.0  23.9  18.1 99.0 99.00
2016 04 12 14 50  98  8.9 10.9  2.13  7.69  5.87  23 1019.9  22.8  23.9  19.0 99.0 99.00
2016 04 12 15 50 104  8.7 10.3  2.01  8.33  5.72   7 1019.8  22.7  23.9  17.9 99.0 99.00
2016 04 12 16 50  93  9.3 11.1  2.18  8.33  5.92  32 1019.4  22.8  23.9  18.6 99.0 99.00
2016 04 12 17 50  91  9.8 11.4  2.29  8.33  5.79  46 1018.7  22.7  23.9  18.4 99.0 99.00
2016 04 12 18 50  81  9.3 11.4  2.04  9.09  5.54  10 1018.3  22.6  23.9  18.8 99.0 99.00
2016 04 12 19 50  78 10.0 11.8  2.12  9.09  5.86  17 1017.9  22.6  24.0  19.2 99.0 99.00
2016 04 12 20 50  77  9.9 11.8  2.34  8.33  6.01  25 1017.9  22.5  23.9  19.3 99.0 99.00
2016 04 12 21 50  78  9.9 11.5  2.02  9.09  5.74 359 1017.8  22.8  23.9  18.5 99.0 99.00
2016 04 12 22 50  78  8.9 10.2  2.32  9.09  6.00  14 1018.2  22.7  23.9  18.9 99.0 99.00
2016 04 12 23 50  79  8.9 10.7  2.17  9.09  5.73  33 1018.1  22.2  23.9  20.1 99.0 99.00
2016 04 13 00 50  95  8.4  9.8  2.19  8.33  5.92  60 1018.4  23.0  23.9  19.2 99.0 99.00
2016 04 13 01 50  94  8.2 10.8  2.08  8.33  5.57  54 1018.1  22.8  23.9  19.0 99.0 99.00
2016 04 13 02 50  98  8.9 10.3  2.20  8.33  5.82  50 1017.8  22.7  23.9  18.7 99.0 99.00
2016 04 13 03 50  84  7.4  8.6  2.13  7.69  5.87  73 1017.8  22.8  23.9  19.6 99.0 99.00
2016 04 13 04 50  87  7.4  9.8  2.09  8.33  5.97  48 1017.1  22.8  23.9  19.8 99.0 99.00
2016 04 13 05 50  83  7.8  9.2  2.15  7.69  5.87  42 1016.5  22.9  23.9  19.4 99.0 99.00
2016 04 13 06 50 123  7.1  9.2  2.15  7.14  6.00  72 1016.1  22.2  23.8  19.9 99.0 99.00
2016 04 13 07 50  70  8.3  9.8  1.99  9.09  6.05  75 1016.0  21.5  23.8  19.8 99.0 99.00
2016 04 13 08 50  72  7.2  8.5  2.09  8.33  6.11  76 1015.8  21.6  23.8  18.5 99.0 99.00
2016 04 13 09 50  84  7.5  9.4  1.93  9.09  5.98  44 1016.4  22.1  23.8  18.7 99.0 99.00
2016 04 13 10 50  95  6.4  7.3  1.93  7.14  5.97  88 1017.1  21.4  23.8  18.8 99.0 99.00
2016 04 13 11 50  84  6.8  8.4  2.02  9.09  6.02  67 1017.1  21.8  23.8  19.1 99.0 99.00
2016 04 13 12 50  84  6.4  7.9  1.94  9.09  6.14  50 1017.2  22.5  23.9  18.2 99.0 99.00
2016 04 13 13 50  83  7.4  8.7  1.92  7.69  5.72  61 1017.1  22.6  23.9  18.0 99.0 99.00
2016 04 13 14 50  62  7.2  8.9  2.01  8.33  5.99  35 1016.9  22.7  23.9  19.7 99.0 99.00
2016 04 13 15 50  89  5.9  7.2  2.02  8.33  6.10  41 1016.8  22.4  24.0  19.8 99.0 99.00
2016 04 13 16 50  79  7.8  9.1  2.06  7.69  6.15  34 1016.1  23.0  24.0  19.1 99.0 99.00
2016 04 13 17 50  68  7.2  9.0  2.07  7.69  5.85  67 1015.2  22.8  24.0  18.8 99.0 99.00
2016 04 13 18 50  73  6.7  8.0  2.06  8.33  5.91  57 1014.7  22.9  24.0  19.7 99.0 99.00
2016 04 13 19 50  71  7.2  8.3  1.95  7.69  5.74  62 1014.1  23.0  24.0  19.5 99.0 99.00
2016 04 13 20 50  82  7.6  9.3  1.83  7.69  5.72  58 1014.2  22.1  24.0  19.4 99.0 99.00
2016 04 13 21 50  71  6.6  8.1  1.83  7.69  5.77  70 1014.2  23.2  23.9  19.1 99.0 99.00
2016 04 13 22 50  66  7.0  7.9  1.75  8.33  5.78  59 1014.3  23.1  23.9  19.2 99.0 99.00
2016 04 13 23 50  67  6.8  8.0  1.98  8.33  6.08  66 1014.8  23.2  23.9  19.3 99.0 99.00
2016 04 14 00 50  65  7.5  8.7  2.06  8.33  6.07  55 1015.1  23.1  23.9  19.6 99.0 99.00
2016 04 14 01 50  62  7.2  8.4  2.01  8.33  6.12  70 1014.8  23.1  23.9  19.6 99.0 99.00
2016 04 14 02 50  62  8.0  9.3  2.03  9.09  6.08  61 1014.4  22.9  23.9  19.7 99.0 99.00
2016 04 14 03 50  72  7.2  8.2  1.95  9.09  5.99  43 1014.5  22.7  23.9  19.7 99.0 99.00
2016 04 14 04 50  68  7.4  8.8  1.86  9.09  5.76  50 1013.8  22.4  23.8  20.1 99.0 99.00
2016 04 14 05 50  59  6.0  7.2  1.91  9.09  6.11  46 1013.5  22.6  23.8  19.7 99.0 99.00
2016 04 14 06 50  57  5.4  6.4  1.86  8.33  6.05  64 1013.2  22.7  23.8  19.1 99.0 99.00
2016 04 14 07 50  36  6.1  7.2  1.71  7.14  5.89  87 1012.8  22.5  23.8  19.5 99.0 99.00
2016 04 14 08 50  52  6.7  7.9  1.81  9.09  6.08  54 1012.6  22.6  23.8  19.7 99.0 99.00
2016 04 14 09 50  50  5.5  6.7  1.64  9.09  5.82  67 1013.2  22.5  23.8  19.3 99.0 99.00
2016 04 14 10 50  43  5.8  6.7  1.72  8.33  6.26  52 1013.5  22.8  23.8  18.9 99.0 99.00
2016 04 14 11 50  43  5.5  6.8  1.57  7.69  6.01  65 1013.8  22.8  23.8  19.5 99.0 99.00
2016 04 14 12 50  40  4.0  5.1  1.75  8.33  6.30  51 1014.1  22.7  23.8  19.5 99.0 99.00
2016 04 14 13 50  45  4.1  5.1  1.75  8.33  6.18  60 1014.2  22.9  23.9  19.2 99.0 99.00
2016 04 14 14 50  42  4.0  4.8  1.82  8.33  6.40  50 1014.1  22.9  24.0  19.6 99.0 99.00
2016 04 14 15 50  25  4.4  5.7  1.65  9.09  6.32  47 1014.2  22.9  24.1  19.3 99.0 99.00
2016 04 14 16 50  18  3.9  4.6  1.65  7.69  6.44  61 1013.5  22.9  24.3  19.3 99.0 99.00
2016 04 14 17 50  21  5.0  5.9  1.56  9.09  6.60  60 1012.9  22.9  24.3  19.5 99.0 99.00
2016 04 14 18 50  37  4.7  5.9  1.69  8.33  6.56  56 1012.7  22.8  24.4  19.9 99.0 99.00
2016 04 14 19 50  34  4.5  5.6  1.65  8.33  6.51  60 1012.5  22.9  24.5  19.5 99.0 99.00
2016 04 14 20 50  20  3.6  4.6  1.46  8.33  6.35  52 1012.6  22.9  24.4  19.5 99.0 99.00
2016 04 14 21 50  14  4.5  5.6  1.43  8.33  6.60  59 1012.8  23.0  24.4  19.1 99.0 99.00
2016 04 14 22 50   4  5.3  6.2  1.42  8.33  6.42  55 1012.8  22.9  24.3  19.6 99.0 99.00
2016 04 14 23 50   9  4.9  5.6  1.59  7.69  6.50  66 1013.2  22.8  24.2  19.6 99.0 99.00
2016 04 15 00 50 360  5.3  6.2  1.46  7.69  6.32  72 1013.6  22.8  24.1  19.2 99.0 99.00
2016 04 15 01 50   4  4.5  5.5  1.41  8.33  6.30  77 1013.5  22.8  24.1  19.4 99.0 99.00
2016 04 15 02 50   1  3.9  4.6  1.39  8.33  6.30  57 1013.4  22.7  24.1  19.5 99.0 99.00
2016 04 15 03 50 352  4.7  5.6  1.46  7.69  6.40  68 1013.0  22.7  24.0  19.5 99.0 99.00
2016 04 15 04 50 338  4.8  5.7  1.50  8.33  6.54  56 1012.5  22.7  24.0  19.4 99.0 99.00
2016 04 15 05 50 328  5.9  7.1  1.56  8.33  6.54  62 1012.2  22.5  24.0  19.2 99.0 99.00
2016 04 15 06 50 339  5.8  7.0  1.41  8.33  6.27  50 1011.7  22.5  24.0  19.6 99.0 99.00
2016 04 15 07 50 345  6.2  7.3  1.50  8.33  6.41  55 1011.4  22.5  24.0  19.5 99.0 99.00
2016 04 15 08 50 339  6.6  7.5  1.51  7.69  6.08  57 1011.4  22.5  23.9  19.6 99.0 99.00
2016 04 15 09 50 342  7.5  8.8  1.55  7.69  6.08  60 1011.9  22.5  23.9  19.3 99.0 99.00
2016 04 15 10 50 352  6.6  7.5  1.51  7.69  5.91  63 1012.6  22.5  23.9  19.0 99.0 99.00
2016 04 15 11 50 358  6.2  7.5  1.49  7.69  5.93  66 1013.1  22.6  23.9  18.9 99.0 99.00
2016 04 15 12 50 352  6.0  6.9  1.58 14.81  6.26  44 1013.3  22.6  23.9  19.1 99.0 99.00
2016 04 15 13 50 349  6.4  8.2  1.45 14.81  6.25  45 1013.7  22.7  23.9  19.1 99.0 99.00
2016 04 15 14 50 354  6.3  7.5  1.59 14.81  6.44  59 1013.7  22.8  24.0  19.0 99.0 99.00
2016 04 15 15 50   2  6.0  7.0  1.64 14.81  6.48  38 1013.0  22.8  24.0  19.0 99.0 99.00
2016 04 15 16 50   3  5.1  6.4  1.47  8.33  6.12  61 1013.2  23.0  24.1  19.1 99.0 99.00
2016 04 15 17 50 355  6.3  7.4  1.55  7.69  6.15  61 1012.8  22.9  24.1  18.7 99.0 99.00
2016 04 15 18 50 349  6.2  7.4  1.51 12.90  6.32  25 1012.7  23.0  24.1  18.6 99.0 99.00
2016 04 15 19 50 355  6.4  7.6  1.69 13.79  6.71  54 1012.5  22.9  24.1  18.5 99.0 99.00
2016 04 15 20 50 357  6.5  7.5  1.45 14.81  6.12  75 1012.5  22.9  24.1  18.1 99.0 99.00
2016 04 15 21 50 354  6.1  7.2  1.68  7.14  6.57  61 1013.0  22.9  24.1  18.1 99.0 99.00
2016 04 15 22 50 353  5.7  6.7  1.75 13.79  6.71  52 1013.5  22.9  24.1  17.5 99.0 99.00
2016 04 15 23 50 352  5.5  7.1  1.70 13.79  6.95  62 1013.7  22.7  24.0  17.4 99.0 99.00
2016 04 16 00 50 352  5.5  6.4  1.58 13.79  6.50  49 1014.3  22.7  24.0  17.2 99.0 99.00
2016 04 16 01 50 356  5.1  6.5  1.63  8.33  6.78  33 1014.1  22.6  24.0  17.8 99.0 99.00
2016 04 16 02 50 349  5.2  6.0  1.55 12.90  6.83  47 1014.1  22.7  24.0  17.9 99.0 99.00
2016 04 16 03 50 342  4.4  5.2  1.47 11.43  6.59  38 1013.9  22.5  24.0  18.1 99.0 99.00
2016 04 16 04 50 358  6.2  7.3  1.46 12.90  6.36  41 1013.3  22.5  24.0  18.1 99.0 99.00
2016 04 16 05 50   3  6.4  7.7  1.56 12.90  6.56  51 1012.6  22.2  24.0  17.7 99.0 99.00
2016 04 16 06 50 355  6.1  7.1  1.54 12.90  6.36  46 1012.4  22.2  24.0  16.7 99.0 99.00
2016 04 16 07 50 357  6.5  7.7  1.45 11.43  6.16  29 1012.1  22.1  23.9  16.5 99.0 99.00
2016 04 16 08 50   8  5.8  6.8  1.52 10.81  6.29  23 1012.4  22.0  23.9  16.2 99.0 99.00
2016 04 16 09 50   6  5.2  6.3  1.53 12.90  6.38  18 1013.1  21.9  23.9  16.3 99.0 99.00
2016 04 16 10 50 356  4.7  6.1  1.49 12.90  6.46  47 1013.5  21.9  23.9  16.2 99.0 99.00
2016 04 16 11 50  13  4.3  5.3  1.51 12.90  6.48  45 1013.8  21.8  23.9  16.0 99.0 99.00
2016 04 16 12 50 346  3.3  4.7  1.53 12.12  6.64  31 1014.0  21.9  24.0  15.2 99.0 99.00
2016 04 16 13 50 346  4.7  5.9  1.55 12.90  6.74  12 1014.4  21.8  24.0  15.1 99.0 99.00
2016 04 16 14 50 360  4.1  5.0  1.70 12.12  7.02 355 1014.0  21.9  24.1  14.9 99.0 99.00
2016 04 16 15 50 349  2.9  4.0  1.68 12.12  6.89 358 1014.0  21.9  24.2  14.7 99.0 99.00
2016 04 16 16 50 341  2.1  3.5  1.71 10.00  6.72   6 1013.8  21.9  24.4  14.7 99.0 99.00
2016 04 16 17 50 309  2.8  4.4  1.66 10.81  6.81 359 1013.6  22.1  24.4  14.5 99.0 99.00
2016 04 16 18 50 317  2.7  4.1  1.68 12.90  6.66  11 1013.0  22.2  24.6  14.4 99.0 99.00
2016 04 16 19 50 316  3.7  5.4  1.86 10.00  7.21 352 1012.7  22.3  24.5  14.4 99.0 99.00
2016 04 16 20 50 287  3.7  5.0  1.79 10.00  6.95   3 1012.7  22.4  24.4  14.5 99.0 99.00
2016 04 16 21 50 293  3.9  5.0  1.89 12.90  7.32   9 1012.8  22.2  24.3  14.2 99.0 99.00
2016 04 16 22 50 295  4.5  5.8  2.00 12.12  7.35  10 1013.3  22.2  24.2  13.9 99.0 99.00
2016 04 16 23 50 297  3.3  4.5  1.85 12.12  7.22   1 1013.9  22.1  24.2  13.7 99.0 99.00
2016 04 17 00 50 305  3.1  4.7  1.87 12.12  7.45  24 1013.8  22.1  24.2  13.5 99.0 99.00
2016 04 17 01 50 293  2.6  3.1  1.87 12.12  7.53  13 1013.7  22.1  24.1  13.2 99.0 99.00
2016 04 17 02 50 281  2.8  3.9  1.88 11.43  7.57  21 1013.4  22.1  24.1  13.5 99.0 99.00
2016 04 17 03 50 280  2.3  3.5  1.88 11.43  7.50  13 1013.3  22.0  24.0  13.7 99.0 99.00
2016 04 17 04 50 293  2.1  3.2  1.90 12.12  7.76  14 1012.8  22.1  24.0  14.3 99.0 99.00
2016 04 17 05 50 296  2.1  3.8  2.06 10.81  7.73   4 1012.2  21.9  24.0  14.7 99.0 99.00
2016 04 17 06 50 284  2.1  3.0  1.98 11.43  7.95   7 1011.9  21.9  23.9  13.9 99.0 99.00
2016 04 17 07 50 305  2.1  3.3  2.04 11.43  7.89   4 1011.9  21.8  23.9  14.3 99.0 99.00
2016 04 17 08 50 334  2.3  3.5  2.21 12.12  8.14   5 1012.1  21.7  24.0  14.9 99.0 99.00
2016 04 17 09 50 336  2.8  4.2  2.13 12.90  8.12 340 1012.4  21.7  23.9  15.4 99.0 99.00
2016 04 17 10 50 356  1.9  2.9  2.41 12.90  8.67 334 1012.8  21.8  24.0  15.1 99.0 99.00
2016 04 17 11 50 339  1.9  3.5  2.33 11.43  8.60 360 1013.3  21.8  23.9  15.1 99.0 99.00
2016 04 17 12 50 325  2.3  3.8  2.22 11.43  8.17 355 1013.7  21.7  24.0  16.1 99.0 99.00
2016 04 17 13 50 341  4.9  7.0  2.24 10.81  8.32 349 1013.6  21.5  24.0  16.6 99.0 99.00
2016 04 17 14 50 353  2.7  4.1  2.26 10.81  8.40 355 1013.5  21.0  24.0  16.6 99.0 99.00
2016 04 17 15 50 350  5.6  6.7  2.28 12.90  8.52 332 1013.0  20.0  24.0  17.9 99.0 99.00
2016 04 17 16 50 348  3.2  4.4  2.21 11.43  8.34 347 1012.9  20.7  24.0  16.7 99.0 99.00
2016 04 17 17 50 325  4.4  5.9  2.33 11.43  8.38   3 1012.6  21.2  24.0  16.2 99.0 99.00
2016 04 17 18 50 322  4.2  5.7  2.20 12.12  8.09 353 1011.9  21.6  24.1  15.3 99.0 99.00
2016 04 17 19 50 316  5.1  7.2  2.49 12.90  8.39 360 1011.5  21.8  24.1  14.8 99.0 99.00
2016 04 17 20 50 304  4.5  6.5  2.23 10.81  8.02   1 1011.5  21.8  24.1  15.3 99.0 99.00
2016 04 17 21 50 286  5.9  7.2  2.09 10.00  8.02 344 1011.5  22.0  24.1  14.9 99.0 99.00
2016 04 17 22 50 277  6.5  8.3  2.23 10.81  8.01 359 1011.6  22.1  24.1  14.4 99.0 99.00
2016 04 17 23 50 271  7.0  8.6  2.22 10.81  7.71  15 1011.9  22.2  24.1  14.5 99.0 99.00
2016 04 18 00 50 269  7.4  9.0  2.33 12.12  7.53 333 1012.0  22.2  24.0  14.7 99.0 99.00
2016 04 18 01 50 267  7.2  9.1  2.36 14.81  7.50 341 1011.8  22.0  24.0  14.5 99.0 99.00
2016 04 18 02 50 271  7.0  8.3  2.28 12.12  7.42 331 1011.6  22.0  24.0  14.6 99.0 99.00
2016 04 18 03 50 267  7.3  9.3  2.55 14.81  7.77 323 1011.3  22.0  24.0  14.5 99.0 99.00
2016 04 18 04 50 262  7.6  9.2  2.28 12.90  7.19 319 1011.1  22.0  24.0  14.6 99.0 99.00
2016 04 18 05 50 250  7.5 11.1  2.39 12.90  7.30 328 1010.5  21.0  24.0  16.7 99.0 99.00
2016 04 18 06 50 266  9.1 11.2  2.43 11.43  7.12 331 1010.0  21.9  23.9  15.6 99.0 99.00
2016 04 18 07 50 266 11.5 13.2  2.51 12.90  7.10 321 1009.7  21.4  23.9  17.4 99.0 99.00
2016 04 18 08 50 267  8.4 10.8  2.66 11.43  6.83 337 1010.1  21.6  23.8  15.9 99.0 99.00
2016 04 18 09 50 261  7.2  8.5  2.64 11.43  7.06 324 1010.2  21.5  23.8  15.6 99.0 99.00
2016 04 18 10 50 256  6.1  7.4  2.50 12.12  7.15 324 1010.9  21.4  23.8  16.9 99.0 99.00
2016 04 18 11 50 274  7.3  9.0  2.48 11.43  7.48 341 1011.2  22.2  23.8  15.9 99.0 99.00
2016 04 18 12 50 272  8.0  9.3  2.40 11.43  7.32 352 1011.5  22.2  23.8  15.7 99.0 99.00
2016 04 18 13 50 267  7.9  9.6  2.28 11.43  6.92 345 1011.5  22.3  23.9  16.2 99.0 99.00
2016 04 18 14 50 275  9.0 10.9  2.46 12.12  6.87 339 1011.3  22.3  23.9  17.3 99.0 99.00
2016 04 18 15 50 269  8.3 10.2  2.39 12.12  6.83 327 1011.0  22.4  23.9  16.7 99.0 99.00
2016 04 18 16 50 277  9.0 10.6  2.34 12.12  6.52 344 1010.9  22.4  23.9  16.4 99.0 99.00
2016 04 18 17 50 277  9.0 10.5  2.24 13.79  6.55 334 1010.6  22.6  23.9  15.5 99.0 99.00
2016 04 18 18 50 281  9.9 11.7  2.26 10.81  6.28 351 1010.1  22.6  23.9  15.7 99.0 99.00
2016 04 18 19 50 279  9.5 11.6  2.30 11.43  6.36 353 1009.8  22.7  24.0  15.3 99.0 99.00
2016 04 18 20 50 283  9.3 11.4  2.33 12.12  6.51 340 1009.9  22.7  23.9  16.1 99.0 99.00
2016 04 18 21 50 279 10.1 11.9  2.48 12.90  6.62 336 1010.0  22.6  23.9  16.2 99.0 99.00
2016 04 18 22 50 284  9.8 11.8  2.61 12.12  6.55 332 1010.5  22.5  23.9  15.7 99.0 99.00
2016 04 18 23 50 284  9.9 11.9  2.59 12.12  6.56 348 1010.9  22.6  23.9  15.1 99.0 99.00
2016 04 19 00 50 282 10.7 12.8  2.86 12.90  6.91 344 1011.1  22.5  23.8  16.2 99.0 99.00
2016 04 19 01 50 274  9.3 11.5  2.72 12.90  6.63 340 1011.3  22.1  23.8  17.2 99.0 99.00
2016 04 19 02 50 288  9.9 12.5  2.76 11.43  6.63 341 1010.6  22.4  23.8  16.9 99.0 99.00
2016 04 19 03 50 298 10.5 12.7  2.63 10.00  6.50 339 1010.4  22.3  23.8  16.9 99.0 99.00
2016 04 19 04 50 297 11.6 13.4  2.96  8.33  6.64 326 1010.0  22.0  23.8  17.2 99.0 99.00
2016 04 19 05 50 302 11.3 14.0  3.05 10.81  6.82 339 1009.7  21.6  23.8  16.3 99.0 99.00
2016 04 19 06 50 299 10.9 13.6  2.94  7.69  6.44 331 1009.6  22.2  23.8  17.4 99.0 99.00
2016 04 19 07 50 311 10.7 12.9  3.17  8.33  6.63 340 1009.4  22.4  23.8  17.7 99.0 99.00
2016 04 19 08 50 307 11.3 14.0  3.26  9.09  6.65 331 1009.6  22.2  23.8  16.7 99.0 99.00
2016 04 19 09 50 311 10.6 13.1  3.17  9.09  6.61 334 1010.4  22.1  23.7  16.6 99.0 99.00
2016 04 19 10 50 311 10.0 12.7  3.17  9.09  6.68 336 1011.1  22.1  23.7  16.5 99.0 99.00
2016 04 19 11 50 317  9.7 12.2  3.10  8.33  6.77 337 1012.0  22.1  23.7  15.9 99.0 99.00
2016 04 19 12 50 321  7.4 10.1  2.79 10.00  6.80 341 1012.6  22.1  23.7  16.9 99.0 99.00
2016 04 19 13 50 323  8.5  9.8  2.75  8.33  6.66 342 1013.1  22.4  23.8  16.0 99.0 99.00
2016 04 19 14 50 319  8.2 10.4  2.79  8.33  6.98 326 1013.3  22.4  23.8  16.2 99.0 99.00
2016 04 19 15 50 322  7.6  8.9  2.79  9.09  6.81 338 1013.3  22.4  23.8  16.4 99.0 99.00
2016 04 19 16 50 329  7.9  9.5  2.74 10.00  7.00 340 1013.3  22.5  23.8  16.4 99.0 99.00
2016 04 19 17 50 323  9.1 10.7  2.57  8.33  6.74 327 1013.2  22.4  23.8  16.5 99.0 99.00
2016 04 19 18 50 328  7.2  9.3  2.66  9.09  6.83 338 1012.9  22.1  23.8  16.7 99.0 99.00
2016 04 19 19 50 327  6.7  8.8  2.43 10.00  6.94 341 1012.7  22.2  23.8  16.4 99.0 99.00
2016 04 19 20 50 329  7.3  9.4  2.46 10.00  6.85 345 1012.9  22.4  23.9  15.9 99.0 99.00
2016 04 19 21 50 337  6.4  8.0  2.60  9.09  7.15 335 1013.1  21.8  23.9  17.1 99.0 99.00
2016 04 19 22 50 337  7.1  8.7  2.52  9.09  7.10 333 1013.2  22.1  23.9  16.4 99.0 99.00
2016 04 19 23 50 338  5.4  6.5  2.41 10.00  6.93 340 1013.8  21.9  23.9  16.7 99.0 99.00
2016 04 20 00 50 324  5.6  6.7  2.47 10.00  7.18 349 1014.4  22.3  23.8  16.3 99.0 99.00
2016 04 20 01 50 332  5.0  6.2  2.42 10.81  7.03 351 1014.8  22.2  23.8  16.5 99.0 99.00
2016 04 20 02 50 331  5.2  8.5  2.45 10.00  7.06 344 1014.9  22.0  23.8  16.9 99.0 99.00
2016 04 20 03 50 350  5.0  6.5  2.24  9.09  6.82 339 1014.7  21.7  23.8  17.4 99.0 99.00
2016 04 20 04 50 333  7.1  8.6  2.23  9.09  6.77 346 1013.6  21.9  23.8  16.2 99.0 99.00
2016 04 20 05 50 329  7.1  8.6  2.16 10.81  6.47   4 1013.1  21.7  23.8  15.7 99.0 99.00
2016 04 20 06 50 326  6.4  8.0  2.31  9.09  6.50 339 1013.2  21.6  23.7  15.3 99.0 99.00
2016 04 20 07 50 326  7.2  9.0  2.11  8.33  6.29 334 1013.1  21.5  23.7  14.6 99.0 99.00
2016 04 20 08 50 325  7.2  9.0  2.05 10.00  6.34 350 1013.4  21.5  23.7  14.8 99.0 99.00
2016 04 20 09 50 306  6.6  8.5  2.05  8.33  6.51 345 1014.0  21.4  23.7  14.1 99.0 99.00
2016 04 20 10 50 309  7.0  9.0  1.89  8.33  6.27 349 1014.4  21.5  23.7  13.4 99.0 99.00
2016 04 20 11 50 315  6.9  8.0  2.01 10.00  6.41 351 1014.8  21.5  23.7  12.7 99.0 99.00
2016 04 20 12 50 324  6.7  8.6  1.93  9.09  6.23 354 1015.2  21.6  23.7  14.6 99.0 99.00
2016 04 20 13 50 317  6.9  8.8  1.97  9.09  6.37 345 1015.5  21.8  23.8  13.3 99.0 99.00
2016 04 20 14 50 313  6.2  7.7  1.88  9.09  6.36 345 1015.8  21.8  23.8  13.5 99.0 99.00
2016 04 20 15 50 305  6.9  8.4  1.90 10.00  6.49 358 1015.5  22.0  23.9  13.5 99.0 99.00
2016 04 20 16 50 309  6.6  8.8  1.79  8.33  6.40 351 1014.9  22.1  23.9  14.4 99.0 99.00
2016 04 20 17 50 299  8.1 10.0  1.99 10.00  6.50 356 1014.5  22.2  24.0  15.3 99.0 99.00
2016 04 20 18 50 297  8.1  9.9  1.93  9.09  6.22 356 1014.0  22.3  23.9  14.9 99.0 99.00
2016 04 20 19 50 297  8.0  9.7  1.94  9.09  6.14 354 1013.5  22.4  23.9  15.1 99.0 99.00
2016 04 20 20 50 304  8.1  9.6  2.02  9.09  6.21 355 1013.6  22.4  23.9  14.3 99.0 99.00
2016 04 20 21 50 301  7.9  9.5  1.86 10.00  5.91   7 1013.8  22.4  23.8  15.0 99.0 99.00
2016 04 20 22 50 300  7.6  9.4  2.00 10.00  6.15 360 1014.1  22.3  23.8  15.5 99.0 99.00
2016 04 20 23 50 301  7.9 10.1  2.09  9.09  6.04   6 1014.4  22.2  23.8  15.0 99.0 99.00
2016 04 21 00 50 289  6.9  8.5  1.92  9.09  5.90   2 1015.1  22.3  23.8  16.1 99.0 99.00
2016 04 21 01 50 325  8.8 10.9  1.93  9.09  6.08 355 1015.4  22.3  23.8  17.1 99.0 99.00
2016 04 21 02 50 342 10.7 12.5  1.94  7.14  5.73 342 1015.2  21.9  23.8  16.0 99.0 99.00
2016 04 21 03 50 350 11.0 13.5  2.21  7.69  5.55 345 1015.4  21.3  23.8  14.8 99.0 99.00
2016 04 21 04 50 342 10.7 13.1  2.33  9.09  5.75 355 1015.7  20.9  23.7  13.4 99.0 99.00
2016 04 21 05 50 344 10.4 12.5  2.30  7.69  5.78 349 1015.5  20.5  23.7  12.4 99.0 99.00
2016 04 21 06 50 339  9.7 13.5  2.48  8.33  6.10 348 1015.6  20.4  23.7  11.3 99.0 99.00
2016 04 21 07 50 350  8.2 11.4  2.42  9.09  6.17 356 1015.8  20.4  23.7  12.4 99.0 99.00
2016 04 21 08 50 342  9.8 12.5  2.67  8.33  6.24 355 1016.0  20.4  23.7  11.6 99.0 99.00
2016 04 21 09 50 346  8.7 13.0  2.45  8.33  6.10 350 1016.5  20.6  23.7  11.5 99.0 99.00
2016 04 21 10 50 336  7.7 10.3  2.73  8.33  6.48 355 1017.2  20.8  23.7  11.4 99.0 99.00
2016 04 21 11 50 345  7.6  9.5  2.62  9.09  6.55 353 1017.9  20.8  23.7  12.2 99.0 99.00
2016 04 21 12 50 353  9.1 11.2  2.64  9.09  6.60 352 1018.3  20.5  23.7  12.7 99.0 99.00
2016 04 21 13 50 351  8.1 10.1  2.73  9.09  6.64 351 1019.2  20.5  23.7  12.4 99.0 99.00
2016 04 21 14 50 342  9.1 10.9  2.76  9.09  6.70 350 1019.6  20.5  23.7  11.3 99.0 99.00
2016 04 21 15 50 349  8.3 10.1  2.92  9.09  6.98 355 1019.6  20.4  23.7  11.7 99.0 99.00
2016 04 21 16 50 351  8.2 10.0  3.06 10.81  7.17 345 1019.7  20.3  23.7  11.0 99.0 99.00
2016 04 21 17 50 358  8.1 10.0  2.96 10.81  7.15 346 1019.8  20.2  23.7  12.0 99.0 99.00
2016 04 21 18 50 358  7.5  9.3  2.95 10.00  7.34 346 1019.4  20.3  23.7  10.7 99.0 99.00
2016 04 21 19 50   4  7.9  9.5  3.27 10.81  7.63 342 1019.4  20.3  23.7  10.2 99.0 99.00
2016 04 21 20 50 357  7.0  9.1  2.86 11.43  7.18 345 1019.9  20.4  23.6  10.4 99.0 99.00
2016 04 21 21 50   8  7.1  9.2  2.73 10.81  7.02 342 1020.0  20.3  23.6  10.6 99.0 99.00
2016 04 21 22 50  10  6.0  8.0  2.76 10.00  7.42 340 1020.6  20.2  23.6  10.7 99.0 99.00
2016 04 21 23 50  15  6.3  8.6  2.49 10.81  7.33 338 1021.2  20.2  23.6  10.5 99.0 99.00
2016 04 22 00 50   6  5.1  7.2  2.57 10.81  7.30 345 1022.0  20.4  23.6  10.3 99.0 99.00
2016 04 22 01 50  30  4.6  6.7  2.54 10.81  7.41 348 1022.3  20.3  23.6  11.5 99.0 99.00
2016 04 22 02 50  29  4.8  6.4  2.53 10.00  7.40 340 1022.1  20.4  23.6  11.5 99.0 99.00
2016 04 22 03 50  17  5.3  7.3  2.44 11.43  7.28 352 1022.2  20.2  23.6  11.5 99.0 99.00
2016 04 22 04 50  28  4.6  6.0  2.57 10.00  7.75 343 1021.9  20.2  23.6  10.2 99.0 99.00
2016 04 22 05 50   1  2.7  4.8  2.94 10.81  8.16 354 1021.6  20.3  23.6   9.7 99.0 99.00
2016 04 22 06 50 339  3.3  5.7  2.90 11.43  8.15 351 1021.5  20.1  23.6  11.9 99.0 99.00
2016 04 22 07 50 349  2.6  4.5  2.63 10.81  7.71 354 1021.5  20.2  23.6  11.2 99.0 99.00
2016 04 22 08 50   5  3.5  5.6  2.83 11.43  8.12 357 1021.3  20.1  23.6  10.8 99.0 99.00
2016 04 22 09 50   5  4.1  6.4  2.59 11.43  7.61 358 1021.8  20.2  23.6  10.2 99.0 99.00
2016 04 22 10 50   5  4.0  5.8  2.97 11.43  7.95 355 1022.4  20.4  23.6   9.6 99.0 99.00
2016 04 22 11 50  13  3.2  5.1  2.47 11.43  7.54   2 1022.7  20.6  23.7   9.1 99.0 99.00
2016 04 22 12 50  19  4.5  6.0  2.83 10.81  7.87   1 1023.1  20.5  23.7  10.9 99.0 99.00
2016 04 22 13 50  25  3.9  5.1  2.54 11.43  7.73 358 1023.5  20.5  23.7  10.2 99.0 99.00
2016 04 22 14 50  16  2.9  4.2  2.65 11.43  7.88 357 1023.8  20.7  23.8   9.9 99.0 99.00
2016 04 22 15 50  16  2.6  4.7  2.49 10.81  7.89   3 1023.3  20.7  23.9   9.8 99.0 99.00
2016 04 22 16 50  24  1.8  3.3  2.43 11.43  7.75   4 1023.4  20.8  24.1   9.9 99.0 99.00
2016 04 22 17 50 355  2.9  4.1  2.51 11.43  8.01 360 1022.8  20.9  24.2   9.8 99.0 99.00
2016 04 22 18 50 355  2.4  5.5  2.59 11.43  8.47  11 1022.4  21.1  24.3  10.0 99.0 99.00
2016 04 22 19 50  21  1.7  3.2  2.55 11.43  8.27  11 1022.2  21.1  24.3  10.0 99.0 99.00
2016 04 22 20 50  32  3.3  4.2  2.04 11.43  7.95   8 1022.0  21.1  24.4  10.5 99.0 99.00
2016 04 22 21 50 340  1.8  3.4  2.53 11.43  8.42  20 1022.2  21.2  24.2   9.9 99.0 99.00
2016 04 22 22 50 327  0.7  1.5  2.18 11.43  8.09  24 1021.9  20.8  24.1   9.7 99.0 99.00
2016 04 22 23 50  38  0.8  2.7  2.38 11.43  8.46  14 1022.1  20.7  24.0   9.9 99.0 99.00
2016 04 23 00 50  34  1.7  3.3  2.24 10.81  8.32  11 1022.8  20.8  24.0  10.2 99.0 99.00
2016 04 23 01 50  50  1.2  2.6  2.39 10.81  8.47   1 1023.0  20.8  24.0  10.1 99.0 99.00
2016 04 23 02 50 170  0.9  1.9  2.22 11.43  8.41  26 1022.6  20.7  23.9   9.8 99.0 99.00
2016 04 23 03 50 272  1.5  2.2  2.36 10.81  8.52  16 1022.2  20.8  23.9  10.2 99.0 99.00
2016 04 23 04 50 200  1.5  2.5  2.30 11.43  8.54  28 1021.5  20.8  23.9  10.1 99.0 99.00
2016 04 23 05 50 177  3.0  4.2  2.24 10.81  8.48  16 1020.8  20.8  23.8  10.6 99.0 99.00
2016 04 23 06 50 100  0.7  1.8  2.26 10.81  8.52  17 1020.5  20.7  23.8  10.1 99.0 99.00
2016 04 23 07 50  71  1.8  2.9  2.21 10.00  8.53   9 1020.2  20.7  23.8  10.2 99.0 99.00
2016 04 23 08 50 120  1.0  1.7  2.06 11.43  8.22   8 1020.1  20.8  23.8  10.4 99.0 99.00
2016 04 23 09 50 164  1.0  2.0  2.06 10.81  8.27  11 1020.4  20.8  23.8  10.6 99.0 99.00
2016 04 23 10 50 269  0.5  1.0  1.80 10.81  7.74  34 1020.6  20.9  23.8  10.3 99.0 99.00
2016 04 23 11 50 119  1.1  2.1  1.82 10.00  7.93   8 1020.9  21.3  23.8  10.3 99.0 99.00
2016 04 23 12 50 112  2.0  2.9  1.81 10.00  7.85   9 1020.9  21.3  23.9  10.3 99.0 99.00
2016 04 23 13 50 153  0.9  1.9  1.62 10.00  7.71   4 1021.0  21.6  24.1  10.4 99.0 99.00
2016 04 23 14 50 112  0.8  2.0  2.00 10.81  8.19  13 1021.1  21.5  24.4  10.4 99.0 99.00
2016 04 23 15 50 140  1.4  2.5  1.94 10.00  8.29  28 1020.9  21.5  24.6  10.8 99.0 99.00
2016 04 23 16 50 131  1.2  2.3  1.94 10.81  8.36  26 1020.2  21.5  25.0  10.9 99.0 99.00
2016 04 23 17 50 137  2.2  3.6  1.86 11.43  8.58  21 1019.6  21.6  25.1  11.5 99.0 99.00
2016 04 23 18 50 128  2.6  3.7  2.08 11.43  8.69  20 1018.8  21.7  25.3  11.9 99.0 99.00
2016 04 23 19 50 133  3.3  5.3  2.22 12.12  9.29  25 1018.5  21.8  25.0  12.3 99.0 99.00
2016 04 23 20 50 114  2.2  3.6  1.97 12.90  8.90  25 1018.3  22.0  24.6  12.7 99.0 99.00
2016 04 23 21 50 183  3.8  5.3  1.82 12.12  8.90  29 1018.0  22.1  24.3  12.9 99.0 99.00
2016 04 23 22 50 204  3.8  5.6  1.72 11.43  8.56  22 1018.0  22.1  24.2  13.2 99.0 99.00
2016 04 23 23 50 203  2.5  3.7  1.93 10.81  8.81  14 1018.2  22.0  24.1  13.0 99.0 99.00
2016 04 24 00 50 166  3.3  4.4  2.08 10.00  9.08  17 1018.3  22.1  24.0  13.1 99.0 99.00
2016 04 24 01 50 160  3.4  4.7  1.91 11.43  9.08  26 1018.2  22.2  23.9  13.5 99.0 99.00
2016 04 24 02 50 154  4.9  6.4  1.78 10.00  8.78  11 1017.6  22.1  23.8  14.7 99.0 99.00
2016 04 24 03 50 149  5.6  7.3  1.75 10.81  8.20  18 1017.2  22.1  23.8  14.9 99.0 99.00
2016 04 24 04 50 154  5.8  7.5  1.67 10.81  7.78  18 1016.4  22.0  23.8  15.2 99.0 99.00
2016 04 24 05 50 175  5.6  7.5  1.74 10.00  7.68  13 1015.7  22.1  23.7  15.3 99.0 99.00
2016 04 24 06 50 180  6.4  8.1  1.61 10.00  7.07  11 1015.0  22.4  23.7  14.9 99.0 99.00
2016 04 24 07 50 153  6.1  8.0  1.60 10.00  7.01  14 1014.3  22.3  23.7  14.9 99.0 99.00
2016 04 24 08 50 175  6.6  7.9  1.52 10.00  6.62  14 1014.2  22.4  23.7  15.0 99.0 99.00
2016 04 24 09 50 153  5.5  7.3  1.46  9.09  6.06   9 1014.6  22.3  23.7  14.9 99.0 99.00
2016 04 24 10 50 161  6.3  7.9  1.39 10.00  6.16  19 1014.8  22.6  23.7  16.1 99.0 99.00
2016 04 24 11 50 153  6.2  7.3  1.28 10.00  5.76   9 1014.6  22.7  23.7  16.5 99.0 99.00
2016 04 24 12 50 157  7.4  8.8  1.27 10.00  5.61  26 1014.5  22.9  23.7  17.0 99.0 99.00
2016 04 24 13 50 167  7.3  9.0  1.20 10.00  5.20  16 1014.4  23.2  23.7  18.2 99.0 99.00
2016 04 24 14 50 155  7.5  8.9  1.24 10.00  5.13   8 1014.0  23.1  23.8  18.6 99.0 99.00
2016 04 24 15 50 159  7.9  9.3  1.20 10.00  4.80  12 1013.5  23.1  23.8  19.1 99.0 99.00
2016 04 24 16 50 152  7.3  8.6  1.23 10.81  4.72  24 1012.5  23.1  23.8  18.9 99.0 99.00
2016 04 24 17 50 151  7.6  9.0  1.20  9.09  4.69  24 1011.6  23.1  23.8  19.2 99.0 99.00
2016 04 24 18 50 145  8.0  9.4  1.19 10.81  4.82  19 1010.9  23.0  23.7  19.8 99.0 99.00
2016 04 24 19 50 143  7.2  8.6  1.22  4.55  4.48 151 1010.1  22.9  23.7  20.3 99.0 99.00
2016 04 24 20 50 197  2.8  6.1  1.23  4.76  4.67 147 1010.8  22.7  23.7  20.4 99.0 99.00
2016 04 24 21 50 103  8.8 10.5  1.32  5.26  4.76 152 1008.8  20.8  23.6  18.9 99.0 99.00
2016 04 24 22 50 132  8.6 10.3  1.35  5.00  4.66 150 1008.8  21.4  23.6  19.8 99.0 99.00
2016 04 24 23 50 135  8.5 10.4  1.34  5.00  4.74 145 1009.1  21.8  23.7  19.7 99.0 99.00
2016 04 25 00 50 160  7.7  8.9  1.31  5.56  4.68 152 1009.8  22.6  23.6  20.6 99.0 99.00
2016 04 25 01 50 186  5.3  7.1  1.41  5.26  4.82 152 1010.3  22.0  23.6  20.5 99.0 99.00
2016 04 25 02 50 223  5.8  7.1  1.23  5.56  4.92 148 1009.7  22.3  23.6  20.1 99.0 99.00
2016 04 25 03 50 267  7.5  8.8  1.22  5.26  4.93 146 1009.4  22.1  23.7  19.6 99.0 99.00
2016 04 25 04 50 271  6.4  7.6  1.21  5.56  4.94 144 1009.0  22.2  23.7  18.2 99.0 99.00
2016 04 25 05 50 274  6.2  7.3  1.08 11.43  4.92  32 1008.7  22.4  23.7  18.1 99.0 99.00
2016 04 25 06 50 274  6.8  7.7  1.10 10.81  5.08  18 1008.5  22.3  23.7  18.8 99.0 99.00
2016 04 25 07 50 312  9.8 12.2  1.05 10.00  4.75  24 1008.3  21.6  23.7  17.9 99.0 99.00
2016 04 25 08 50 312  6.6  9.4  1.05  6.67  4.58 162 1008.6  22.2  23.7  18.8 99.0 99.00
2016 04 25 09 50 302  9.0 10.7  1.11  4.35  4.49 276 1008.9  22.8  23.7  17.0 99.0 99.00
2016 04 25 10 50 301  7.9  9.4  1.24  4.55  4.56 284 1009.6  22.9  23.7  17.3 99.0 99.00
2016 04 25 11 50 299  9.4 10.9  1.33  4.55  4.62 304 1009.8  22.8  23.7  17.3 99.0 99.00
2016 04 25 12 50 305  9.1 10.6  1.45  5.00  4.81 293 1010.3  22.8  23.8  18.0 99.0 99.00
2016 04 25 13 50 322  9.3 11.1  1.46  5.26  4.87 288 1010.6  22.9  23.8  18.0 99.0 99.00
2016 04 25 14 50 331  8.8 11.0  1.39  5.56  4.74 285 1010.9  22.7  23.8  17.6 99.0 99.00
2016 04 25 15 50 333  9.0 10.8  1.44  5.88  4.88 286 1011.2  22.7  23.8  17.4 99.0 99.00
2016 04 25 16 50 335  8.1 10.1  1.43  5.88  4.95 282 1011.2  22.8  23.8  17.6 99.0 99.00
2016 04 25 17 50 342  9.8 11.4  1.60  6.25  4.99 288 1011.0  22.5  23.8  17.6 99.0 99.00
2016 04 25 18 50 341 10.1 11.9  1.70  5.88  5.03 301 1011.1  22.4  23.8  17.1 99.0 99.00
2016 04 25 19 50 331  9.3 11.7  1.87  6.67  5.16 296 1011.4  22.4  23.8  15.7 99.0 99.00
2016 04 25 20 50 342  9.8 11.8  1.92  5.88  5.28 330 1011.4  22.5  23.8  15.5 99.0 99.00
2016 04 25 21 50 352  9.2 11.3  1.98  6.25  5.51 325 1011.8  22.3  23.8  16.6 99.0 99.00
2016 04 25 22 50 350  8.3  9.9  2.07  6.25  5.62 327 1012.3  22.2  23.7  16.7 99.0 99.00
2016 04 25 23 50 348  8.8 10.8  2.23  6.67  5.83 328 1012.6  22.2  23.7  17.7 99.0 99.00
2016 04 26 00 50 351  9.0 10.6  2.29  7.14  5.99 315 1012.9  22.1  23.7  17.5 99.0 99.00
2016 04 26 01 50 359  7.8  9.5  2.61  7.14  6.52 318 1013.3  22.2  23.7  16.9 99.0 99.00
2016 04 26 02 50   6  6.9  8.5  2.55  8.33  6.73 334 1013.8  22.0  23.7  16.7 99.0 99.00
2016 04 26 03 50   1  7.3  9.3  3.25 11.43  7.09 337 1013.9  21.9  23.7  16.7 99.0 99.00
2016 04 26 04 50 355  6.3  8.5  3.53 10.81  7.70 344 1014.0  22.0  23.7  16.7 99.0 99.00
2016 04 26 05 50  13  6.3  8.2  3.38 11.43  7.62 335 1013.3  22.1  23.7  15.3 99.0 99.00
2016 04 26 06 50  30  7.3  9.0  3.46 10.00  7.82 331 1012.6  22.2  23.6  15.9 99.0 99.00
2016 04 26 07 50  34  6.9  8.0  3.22 10.00  7.49 334 1012.8  22.0  23.7  16.0 99.0 99.00
2016 04 26 08 50  13  6.1  7.5  2.75  9.09  7.24 347 1013.6  21.9  23.7  15.9 99.0 99.00
2016 04 26 09 50  12  6.0  7.5  2.88 10.00  7.51 326 1013.9  22.0  23.7  16.4 99.0 99.00
2016 04 26 10 50  23  4.3  5.6  2.68 10.00  7.38 324 1014.5  21.7  23.7  16.2 99.0 99.00
2016 04 26 11 50  29  6.1  7.4  2.68 11.43  7.21 345 1015.2  22.3  23.7  15.2 99.0 99.00
2016 04 26 12 50  26  4.4  5.5  2.67  9.09  7.00 331 1015.8  22.6  23.7  13.9 99.0 99.00
2016 04 26 13 50  26  5.4  6.9  2.69  9.09  7.14 337 1015.9  22.7  23.7  14.4 99.0 99.00
2016 04 26 14 50  26  5.7  7.6  2.53 10.81  6.93 353 1016.2  22.3  23.8  15.6 99.0 99.00
2016 04 26 15 50  30  6.6  8.0  2.48  9.09  6.87 344 1015.7  22.1  23.8  16.4 99.0 99.00
2016 04 26 16 50  29  6.4  7.7  2.58  9.09  7.01 326 1015.5  22.2  23.8  16.5 99.0 99.00
2016 04 26 17 50  34  6.4  8.3  2.30 10.00  6.66 346 1015.3  22.0  23.8  17.2 99.0 99.00
2016 04 26 18 50  34  6.5  7.7  2.76 10.81  7.14 359 1015.2  22.2  23.8  16.7 99.0 99.00
2016 04 26 19 50  31  5.4  6.8  2.28 10.00  6.90 351 1015.3  22.3  23.9  17.2 99.0 99.00
2016 04 26 20 50  50  5.3  6.6  2.21 10.00  6.90 346 1015.4  22.3  23.9  16.7 99.0 99.00
2016 04 26 21 50  48  5.9  7.2  2.17 10.00  6.94 353 1015.5  22.3  23.8  16.9 99.0 99.00
2016 04 26 22 50  51  6.5  8.1  2.27 10.00  6.90 349 1015.6  22.1  23.8  18.0 99.0 99.00
2016 04 26 23 50  60  7.6  8.8  2.08  9.09  6.58 350 1015.6  22.3  23.8  17.2 99.0 99.00
2016 04 27 00 50  57  7.5  8.9  2.13 10.00  6.48   1 1016.0  22.3  23.7  17.2 99.0 99.00
2016 04 27 01 50  60  6.6  8.1  1.95 10.81  6.24   6 1016.5  22.4  23.7  17.0 99.0 99.00
2016 04 27 02 50  69  6.0  7.1  2.02 10.00  6.56 349 1016.6  22.4  23.7  17.1 99.0 99.00
2016 04 27 03 50  68  5.5  7.1  2.18 10.00  6.78 354 1016.5  22.4  23.6  17.2 99.0 99.00
2016 04 27 04 50  84  4.9  5.8  2.25 10.00  7.07 359 1016.3  22.5  23.5  17.7 99.0 99.00
2016 04 27 05 50  99  6.8  8.3  2.10 10.00  6.96 360 1015.7  22.1  23.5  17.9 99.0 99.00
2016 04 27 06 50  83  5.2  6.7  2.32 10.00  7.36   3 1015.1  22.3  23.5  18.0 99.0 99.00
2016 04 27 07 50 118  4.4  5.6  2.16 10.00  7.10  15 1015.0  21.5  23.4  19.0 99.0 99.00
2016 04 27 08 50 127  7.1  8.1  2.08 10.81  6.95  20 1015.3  20.8  23.4  19.0 99.0 99.00
2016 04 27 09 50 151  3.5  4.4  2.18 10.00  7.21  21 1015.7  21.4  23.4  16.9 99.0 99.00
2016 04 27 10 50  65  6.2  7.1  1.97 10.00  7.25   2 1016.3  21.2  23.4  17.6 99.0 99.00
2016 04 27 11 50  61  5.4  6.3  1.93 10.81  7.11  12 1017.0  21.5  23.4  17.8 99.0 99.00
2016 04 27 12 50  52  4.7  5.5  2.03 10.00  7.26   4 1017.3  21.3  23.4  18.1 99.0 99.00
2016 04 27 13 50  62  3.7  4.8  1.93 10.00  7.15 358 1017.8  22.2  23.5  17.2 99.0 99.00
2016 04 27 14 50  59  4.2  5.0  1.90  9.09  6.85   3 1017.9  21.9  23.7  18.9 99.0 99.00
2016 04 27 15 50  68  3.6  4.4  1.91  8.33  7.16  19 1018.0  22.5  23.8  18.0 99.0 99.00
2016 04 27 16 50  75  3.2  4.0  1.88 10.81  7.26  19 1018.0  22.7  24.0  18.1 99.0 99.00
2016 04 27 17 50  63  3.7  4.8  1.72 10.00  6.74  10 1017.7  22.7  24.1  18.9 99.0 99.00
2016 04 27 18 50  56  4.1  5.1  1.85 10.00  7.08   7 1017.3  22.8  24.1  19.2 99.0 99.00
2016 04 27 19 50  74  5.5  6.9  1.91  9.09  7.17  18 1016.9  22.8  24.1  18.7 99.0 99.00
2016 04 27 20 50  81  5.3  6.5  1.70 10.00  6.94  25 1016.8  22.8  24.0  19.0 99.0 99.00
2016 04 27 21 50  89  6.5  7.4  1.76 10.00  6.97  19 1016.8  22.9  23.9  19.3 99.0 99.00
2016 04 27 22 50  87  6.5  7.8  1.65 10.81  6.47  26 1017.0  22.8  23.8  19.8 99.0 99.00
2016 04 27 23 50  88  6.0  7.1  1.90  9.09  6.47  32 1017.7  22.8  23.7  19.8 99.0 99.00
2016 04 28 00 50  80  6.4  7.7  1.66 10.81  6.36  34 1017.9  22.9  23.7  19.9 99.0 99.00
2016 04 28 01 50  95  6.1  7.1  1.63  9.09  6.27  39 1018.1  23.2  23.7  19.0 99.0 99.00
2016 04 28 02 50 107  6.9  8.5  1.63  9.09  6.12  46 1018.1  22.3  23.7  19.5 99.0 99.00
2016 04 28 03 50  97  5.3  9.3  1.58 10.00  6.23  27 1018.1  21.8  23.6  18.6 99.0 99.00
2016 04 28 04 50  98  4.8  6.0  1.46  9.09  6.29  49 1017.8  22.6  23.6  18.7 99.0 99.00
2016 04 28 05 50 119  4.4  5.3  1.56  8.33  6.53  38 1017.2  23.1  23.6  18.5 99.0 99.00
2016 04 28 06 50 104  4.6  5.2  1.51 10.81  6.61  36 1016.9  23.0  23.7  18.5 99.0 99.00
2016 04 28 07 50  94  4.0  4.8  1.61 10.00  7.08  33 1016.9  23.0  23.7  18.3 99.0 99.00
2016 04 28 08 50  95  4.0  4.8  1.41 10.81  6.81  34 1017.2  23.0  23.7  18.1 99.0 99.00
2016 04 28 09 50  98  4.3  5.0  1.36  9.09  6.60  40 1017.7  23.0  23.6  18.1 99.0 99.00
2016 04 28 10 50  96  4.0  5.1  1.46 10.81  6.86  32 1018.3  23.2  23.7  18.2 99.0 99.00
2016 04 28 11 50  88  4.1  5.3  1.24 10.81  6.58  36 1018.5  23.3  23.7  18.1 99.0 99.00
2016 04 28 12 50  81  3.7  4.5  1.36 10.00  6.78  44 1018.6  23.2  23.7  17.9 99.0 99.00
2016 04 28 13 50  70  4.6  5.5  1.45 10.00  6.89  51 1019.0  23.2  23.8  18.6 99.0 99.00
2016 04 28 14 50  80  5.1  5.8  1.27  8.33  6.49  64 1019.2  23.1  23.9  18.3 99.0 99.00
2016 04 28 15 50  73  5.3  6.4  1.27 10.00  6.40  42 1018.9  23.1  24.0  19.0 99.0 99.00
2016 04 28 16 50  74  5.3  6.1  1.23 10.00  5.98  52 1018.9  23.1  24.0  19.3 99.0 99.00
2016 04 28 17 50  79  6.0  7.0  1.22 10.00  6.17  49 1018.5  23.2  24.0  19.0 99.0 99.00
2016 04 28 18 50  82  6.4  7.5  1.21 10.81  5.71  39 1018.1  23.2  24.0  18.4 99.0 99.00
2016 04 28 19 50  82  5.7  6.6  1.25  9.09  5.97  52 1017.5  23.3  24.0  18.4 99.0 99.00
2016 04 28 20 50  80  5.3  6.2  1.18 10.00  5.64  32 1017.8  23.3  24.0  18.4 99.0 99.00
2016 04 28 21 50  81  4.9  6.1  1.24 10.00  6.24  15 1018.2  23.4  24.0  18.9 99.0 99.00
2016 04 28 22 50  73  4.3  5.1  1.32  9.09  6.50  72 1018.1  23.3  23.9  19.0 99.0 99.00
2016 04 28 23 50  82  4.9  5.6  1.34 10.00  6.58  41 1018.0  23.0  23.9  18.9 99.0 99.00
2016 04 29 00 50  85  5.3  6.4  1.39  9.09  6.62  45 1018.5  22.9  23.9  18.9 99.0 99.00
2016 04 29 01 50  69  5.6  7.0  1.27 10.00  6.20  43 1018.4  22.9  23.8  19.1 99.0 99.00
2016 04 29 02 50  77  5.1  6.0  1.19  9.09  5.76  43 1018.5  22.8  23.8  18.8 99.0 99.00
2016 04 29 03 50  66  5.5  6.7  1.23 10.00  5.93  19 1017.8  22.8  23.8  19.3 99.0 99.00
2016 04 29 04 50  71  5.4  6.3  1.29  9.09  6.14  43 1017.3  22.7  23.8  19.3 99.0 99.00
2016 04 29 05 50  66  5.4  6.2  1.24  8.33  6.25  63 1016.4  22.7  23.7  19.5 99.0 99.00
2016 04 29 06 50  71  4.8  5.6  1.26 10.00  6.21  18 1016.1  22.6  23.7  19.0 99.0 99.00
2016 04 29 07 50  82  5.2  6.0  1.33  9.09  6.44  41 1015.8  22.5  23.7  18.9 99.0 99.00
2016 04 29 08 50  77  4.0  4.9  1.32 10.00  6.46  26 1015.7  22.5  23.8  18.5 99.0 99.00
2016 04 29 09 50  80  5.1  5.9  1.17  8.33  6.19  36 1015.8  22.6  23.8  18.7 99.0 99.00
2016 04 29 10 50  82  4.8  5.8  1.15  9.09  6.13  49 1016.2  22.9  23.8  18.5 99.0 99.00
2016 04 29 11 50  80  4.3  5.2  1.17 10.00  6.24  51 1016.9  23.0  23.8  18.7 99.0 99.00
2016 04 29 12 50  81  3.9  4.5  1.19  9.09  6.33  38 1017.3  23.1  23.8  18.8 99.0 99.00
2016 04 29 13 50  69  4.2  5.1  1.24 10.00  6.47  65 1017.3  23.1  23.9  19.1 99.0 99.00
2016 04 29 14 50  67  4.5  5.8  1.21 10.00  6.23  31 1017.2  23.1  24.0  19.4 99.0 99.00
2016 04 29 15 50  66  4.3  5.2  1.21 10.00  6.49  70 1016.9  23.1  24.2  19.3 99.0 99.00
2016 04 29 16 50  60  3.6  4.3  1.15  8.33  6.25  71 1016.7  23.2  24.3  19.3 99.0 99.00
2016 04 29 17 50  54  3.6  4.5  1.18 10.00  6.65  77 1016.4  23.3  24.4  18.8 99.0 99.00
2016 04 29 18 50  50  3.8  5.0  1.06  8.33  6.24  86 1016.0  23.4  24.4  18.7 99.0 99.00
2016 04 29 19 50  42  4.4  5.6  1.15  9.09  6.57  81 1015.7  23.5  24.4  19.4 99.0 99.00
2016 04 29 20 50  50  5.3  6.3  0.99 10.00  6.18  68 1015.8  23.4  24.5  19.3 99.0 99.00
2016 04 29 21 50  53  5.3  6.0  1.15  9.09  6.40  55 1016.1  23.4  24.4  19.1 99.0 99.00
2016 04 29 22 50  54  5.8  7.1  1.08  8.33  5.95  30 1016.3  23.3  24.3  19.5 99.0 99.00
2016 04 29 23 50  51  5.5  6.7  1.15  9.09  5.94  88 1016.7  23.1  24.2  19.1 99.0 99.00
2016 04 30 00 50  53  5.4  6.4  1.15  9.09  5.98  52 1016.8  23.0  24.2  19.1 99.0 99.00
2016 04 30 01 50  53  5.4  6.4  1.04  9.09  5.56  79 1016.8  22.9  24.1  19.3 99.0 99.00
2016 04 30 02 50  62  5.2  6.2  1.10  9.09  5.77  88 1016.4  22.8  24.1  19.4 99.0 99.00
2016 04 30 03 50  70  5.1  5.8  1.02  8.33  5.57  67 1015.8  22.8  24.0  19.2 99.0 99.00
2016 04 30 04 50  72  4.8  5.7  1.11 10.00  5.69  47 1015.6  22.8  24.0  19.0 99.0 99.00
2016 04 30 05 50  72  4.2  5.1  1.01  9.09  5.39  79 1015.0  22.7  24.0  19.2 99.0 99.00
2016 04 30 06 50  75  3.9  4.5  1.07 10.00  5.80  87 1015.2  22.8  24.0  19.1 99.0 99.00
2016 04 30 07 50  59  3.9  4.7  1.14  9.09  6.25  68 1015.3  22.8  24.0  19.6 99.0 99.00
2016 04 30 08 50  46  3.7  4.6  1.14  9.09  6.35  76 1015.7  22.8  23.9  19.7 99.0 99.00
2016 04 30 09 50  26  3.7  4.5  1.10 10.00  6.30  65 1016.3  22.8  23.9  19.6 99.0 99.00
2016 04 30 10 50  35  3.6  4.3  1.06  9.09  6.36  65 1016.8  23.2  23.9  19.0 99.0 99.00
2016 04 30 11 50  36  4.3  5.3  1.05  9.09  6.22  66 1016.7  23.1  23.9  19.5 99.0 99.00
2016 04 30 12 50  41  4.0  4.9  1.05  9.09  6.18  72 1016.8  23.1  23.9  19.4 99.0 99.00
2016 04 30 14 50  47  4.2  4.9  1.08  9.09  6.24  93 1016.6  23.1  24.2  19.7 99.0 99.00
2016 04 30 15 50  38  4.2  5.1  1.02  9.09  5.86  87 1016.8  23.1  24.3  19.7 99.0 99.00
2016 04 30 16 50  59  4.1  5.0  1.00  7.69  5.84  64 1016.6  23.2  24.5  19.4 99.0 99.00
2016 04 30 17 50  73  3.7  4.5  1.04  8.33  5.79  71 1016.5  23.2  24.5  19.4 99.0 99.00
2016 04 30 18 50  61  3.2  4.0  0.98  9.09  5.95 102 1015.8  23.3  24.7  19.2 99.0 99.00
2016 04 30 19 50  55  3.8  5.1  0.92  9.09  5.90  82 1015.7  23.4  24.7  19.6 99.0 99.00
2016 04 30 20 50  52  3.3  4.1  0.91 10.00  5.87  90 1016.0  23.4  24.6  19.4 99.0 99.00
2016 04 30 21 50  61  3.7  4.3  0.92  9.09  6.13  90 1016.5  23.4  24.5  19.3 99.0 99.00
2016 04 30 22 50  54  3.1  3.9  0.95  8.33  6.24  90 1016.8  23.4  24.4  19.4 99.0 99.00
