#YY  MM DD hh mm WDIR WSPD GST  WVHT   DPD   APD MWD   PRES  ATMP  WTMP  DEWP  VIS  TIDE
#yr  mo dy hr mn degT m/s  m/s     m   sec   sec deg    hPa  degC  degC  degC  nmi    ft
2016 06 30 23 50 131  3.5  4.6  0.96  9.09  5.36  69 1024.5  27.3  27.9  23.4 99.0 99.00
2016 07 01 01 50 115  4.1  4.5  0.88  8.33  5.39  71 1025.2  27.2  27.7  23.6 99.0 99.00
2016 07 01 02 50 110  4.2  5.2  0.91  9.09  5.63  85 1025.3  27.3  27.7  23.6 99.0 99.00
2016 07 01 04 50 112  4.5  5.8  0.98  8.33  5.50  74 1024.4  27.1  27.6  23.4 99.0 99.00
2016 07 01 05 50 115  4.9  5.6  0.97  9.09  5.27  86 1023.8  27.0  27.6  22.9 99.0 99.00
2016 07 01 06 50 110  4.9  5.8  1.01  8.33  5.34  62 1023.6  27.1  27.6  23.2 99.0 99.00
2016 07 01 07 50 105  5.7  6.4  1.04  9.09  5.43  78 1023.2  27.0  27.6  22.6 99.0 99.00
2016 07 01 08 50 100  5.8  6.6  0.95  8.33  5.13  70 1023.2  26.9  27.6  23.1 99.0 99.00
2016 07 01 09 50 104  5.2  6.2  0.97  6.25  4.99 121 1023.7  27.1  27.6  23.1 99.0 99.00
2016 07 01 10 50  99  5.4  7.3  0.99  8.33  5.06  68 1024.1  27.1  27.7  23.0 99.0 99.00
2016 07 01 11 50 106  6.0  7.0  1.07  7.69  5.18  81 1024.5  27.4  27.7  23.0 99.0 99.00
2016 07 01 12 50 101  5.7  6.7  0.99  9.09  4.90  81 1024.8  27.4  27.7  23.1 99.0 99.00
2016 07 01 13 50 108  5.5  6.7  1.08  9.09  5.15  95 1024.7  27.2  27.8  23.5 99.0 99.00
2016 07 01 14 50 103  5.7  6.6  1.07  8.33  5.20  90 1025.0  27.4  27.8  23.3 99.0 99.00
2016 07 01 15 50 108  5.1  6.1  1.07  7.69  5.04  95 1025.0  27.4  27.9  23.5 99.0 99.00
2016 07 01 16 50 105  5.7  6.5  1.15  7.14  5.05 105 1024.5  27.4  28.0  23.4 99.0 99.00
2016 07 01 17 50 111  5.7  6.5  1.18  7.69  5.16  91 1024.3  27.5  28.0  23.6 99.0 99.00
2016 07 01 18 50 124  5.9  7.0  1.18  7.69  5.13  80 1023.9  27.5  28.1  23.6 99.0 99.00
2016 07 01 19 50 122  5.4  6.4  1.15  9.09  5.28  95 1023.6  27.5  28.1  23.3 99.0 99.00
2016 07 01 20 50 121  4.8  5.6  1.19  8.33  5.51  90 1023.7  27.6  28.1  23.0 99.0 99.00
2016 07 01 21 50 111  4.1  4.9  1.11  9.09  5.25  97 1024.0  27.7  28.1  23.1 99.0 99.00
2016 07 01 22 50 111  3.3  3.9  1.15  6.25  5.40 106 1024.5  27.6  28.1  23.0 99.0 99.00
2016 07 01 23 50 108  3.5  4.3  1.19  6.67  5.69 113 1024.9  27.5  28.0  23.0 99.0 99.00
2016 07 02 00 50 103  3.6  4.4  1.09  9.09  5.53  77 1025.5  27.5  27.9  23.1 99.0 99.00
2016 07 02 01 50 114  3.3  3.9  1.03  7.14  5.53 120 1026.0  27.4  27.9  23.0 99.0 99.00
2016 07 02 02 50 108  3.6  4.3  1.08  9.09  5.78  92 1025.8  27.2  27.9  23.8 99.0 99.00
2016 07 02 03 50 110  3.7  4.7  1.09  7.14  5.84 101 1025.4  27.2  27.9  23.3 99.0 99.00
2016 07 02 04 50 121  3.5  4.2  1.12  7.14  5.83 112 1024.9  27.2  27.9  23.2 99.0 99.00
2016 07 02 06 50 108  3.6  4.8  1.11  8.33  5.79  94 1024.0  27.0  27.8  23.4 99.0 99.00
2016 07 02 07 50 114  3.4  4.3  1.11  6.25  5.85 128 1024.0  27.0  27.8  22.8 99.0 99.00
2016 07 02 09 50 102  4.8  5.4  1.06  7.14  5.69 112 1024.2  27.0  27.8  22.6 99.0 99.00
2016 07 02 10 50 111  5.0  5.9  1.07  7.69  5.73 115 1024.5  27.3  27.7  22.9 99.0 99.00
2016 07 02 11 50 110  4.8  5.6  0.99  7.14  5.42 108 1024.9  27.4  27.8  23.0 99.0 99.00
2016 07 02 13 50 113  5.1  6.2  1.07  7.69  5.48  98 1025.1  27.4  27.9  23.3 99.0 99.00
2016 07 02 14 50 118  5.9  6.7  1.07  7.69  5.43 108 1024.9  27.4  28.0  23.2 99.0 99.00
2016 07 02 15 50 119  5.6  6.2  1.12  8.33  5.41 108 1025.0  27.5  28.1  23.2 99.0 99.00
2016 07 02 16 50 118  5.6  6.5  1.12  7.14  5.25 105 1024.6  27.4  28.1  23.3 99.0 99.00
2016 07 02 17 50 116  4.6  5.5  1.20  7.69  5.48 104 1024.3  27.5  28.2  23.6 99.0 99.00
2016 07 02 18 50 125  4.3  5.2  1.20  7.14  5.44 114 1024.0  27.6  28.2  23.5 99.0 99.00
2016 07 02 19 50 122  4.1  4.7  1.29  6.67  5.54 108 1024.1  27.7  28.3  23.2 99.0 99.00
2016 07 02 20 50 123  3.6  4.3  1.08  8.33  5.39 106 1024.1  27.6  28.3  23.5 99.0 99.00
2016 07 02 21 50 109  3.7  4.5  1.13  7.69  5.82 103 1024.1  27.8  28.3  22.8 99.0 99.00
2016 07 02 22 50 104  3.3  3.9  1.15  7.69  5.81  99 1024.6  27.7  28.2  23.6 99.0 99.00
2016 07 02 23 50 108  3.9  4.7  1.07  8.33  5.51 101 1025.3  27.6  28.2  22.6 99.0 99.00
2016 07 03 00 50 114  3.7  4.9  1.10  8.33  5.70  96 1026.0  27.5  28.1  23.2 99.0 99.00
2016 07 03 01 50 107  3.9  5.1  1.04  7.14  5.76 109 1026.4  27.5  28.1  23.3 99.0 99.00
2016 07 03 02 50 104  4.1  5.0  1.12  7.69  5.90  97 1026.4  27.5  28.0  23.9 99.0 99.00
2016 07 03 03 50 101  4.0  4.6  1.03  8.33  5.77  85 1026.3  27.4  28.0  22.9 99.0 99.00
2016 07 03 04 50 110  4.1  5.0  1.04  8.33  5.74  89 1025.4  27.2  28.0  23.3 99.0 99.00
2016 07 03 05 50 112  4.7  6.5  1.10  7.14  5.86 119 1024.7  27.0  28.0  23.3 99.0 99.00
2016 07 03 06 50 121  5.7  7.4  1.10  8.33  5.58 100 1024.3  27.0  27.9  23.5 99.0 99.00
2016 07 03 07 50 103  4.9  5.8  1.14  7.69  5.53 104 1024.2  27.0  27.9  22.7 99.0 99.00
2016 07 03 08 50 105  4.9  6.0  1.08  7.69  5.65  94 1024.0  27.0  27.9  22.8 99.0 99.00
2016 07 03 09 50 103  4.7  5.9  1.07  8.33  5.52 115 1024.3  27.0  27.8  22.7 99.0 99.00
2016 07 03 10 50  96  4.1  4.9  1.04  8.33  5.60 107 1025.0  27.3  27.8  22.2 99.0 99.00
2016 07 03 11 50 102  5.3  6.4  1.04  8.33  5.58 113 1025.2  27.3  27.9  22.6 99.0 99.00
2016 07 03 12 50  99  5.6  6.7  1.06  8.33  5.63 115 1025.3  27.2  27.9  22.5 99.0 99.00
2016 07 03 13 50 108  4.6  5.5  1.06  7.69  5.55 108 1025.7  27.2  28.0  22.0 99.0 99.00
2016 07 03 14 50 119  4.6  5.6  1.03  7.69  5.64 106 1026.1  27.2  28.1  21.8 99.0 99.00
2016 07 03 15 50 106  4.3  5.5  1.03  7.69  5.66 106 1026.1  27.2  28.2  21.8 99.0 99.00
2016 07 03 16 50 118  4.3  5.1  0.96  7.69  5.72 114 1025.8  27.3  28.3  20.6 99.0 99.00
2016 07 03 17 50 124  4.2  5.2  1.14  9.09  5.81 110 1025.7  27.3  28.4  21.6 99.0 99.00
2016 07 03 18 50 108  3.6  4.8  1.03  9.09  5.64  98 1025.2  27.4  28.4  21.4 99.0 99.00
2016 07 03 19 50 114  3.9  5.0  1.12  8.33  5.82 108 1024.8  27.4  28.5  21.7 99.0 99.00
2016 07 03 20 50 107  3.9  5.2  1.07  8.33  5.84 124 1024.6  27.5  28.5  22.5 99.0 99.00
2016 07 03 21 50 108  3.2  4.1  1.16  8.33  6.05 122 1024.8  27.6  28.5  21.6 99.0 99.00
2016 07 03 22 50  91  3.0  4.4  1.12  7.69  5.82 115 1025.2  27.5  28.4  22.5 99.0 99.00
2016 07 03 23 50 105  3.7  4.6  1.04  7.69  5.87 104 1025.3  27.4  28.3  21.8 99.0 99.00
2016 07 04 00 50 115  3.6  4.6  1.14  7.69  6.20 111 1025.9  27.3  28.3  21.8 99.0 99.00
2016 07 04 01 50 111  2.9  4.0  1.01  9.09  5.93 106 1026.4  27.3  28.2  21.9 99.0 99.00
2016 07 04 02 50 120  3.8  4.6  1.00  8.33  6.07 115 1026.2  27.2  28.2  22.2 99.0 99.00
2016 07 04 03 50 120  3.6  4.8  1.10  9.09  6.42 108 1025.8  27.1  28.1  22.1 99.0 99.00
2016 07 04 04 50 108  3.2  4.5  1.14  9.09  6.45 103 1025.2  27.1  28.1  22.1 99.0 99.00
2016 07 04 05 50 117  4.4  5.5  0.98  8.33  6.21 114 1024.7  27.0  28.1  22.1 99.0 99.00
2016 07 04 06 50 106  4.4  5.5  1.01  7.69  5.79 109 1024.3  26.9  28.1  21.9 99.0 99.00
2016 07 04 07 50 104  4.0  5.3  0.97  8.33  5.94 119 1024.3  26.8  28.1  21.9 99.0 99.00
2016 07 04 08 50 104  4.1  5.2  1.10  8.33  6.11 108 1024.4  26.8  28.1  21.6 99.0 99.00
2016 07 04 09 50 102  4.1  4.9  1.08  8.33  6.16 104 1024.5  27.0  28.0  21.1 99.0 99.00
2016 07 04 10 50 110  4.0  5.0  1.05 10.00  6.03  93 1024.7  27.3  28.0  21.4 99.0 99.00
2016 07 04 11 50 101  4.7  6.0  1.10  8.33  6.14 109 1025.0  27.2  28.0  22.5 99.0 99.00
2016 07 04 12 50 118  3.4  4.3  1.09  7.14  5.91  95 1025.3  27.3  28.1  22.6 99.0 99.00
2016 07 04 13 50 128  4.7  5.9  0.93  8.33  5.57 101 1025.3  27.3  28.2  22.4 99.0 99.00
2016 07 04 14 50 139  4.3  5.5  1.07  9.09  5.79 104 1025.4  27.4  28.3  21.9 99.0 99.00
2016 07 04 15 50 140  3.9  5.1  1.09  8.33  6.07 107 1025.4  27.4  28.4  22.2 99.0 99.00
2016 07 04 16 50 131  3.4  4.3  1.02  7.69  5.84 108 1025.3  27.5  28.5  22.7 99.0 99.00
2016 07 04 17 50 151  3.9  4.6  1.09  9.09  6.22 109 1025.0  27.7  28.6  21.7 99.0 99.00
2016 07 04 18 50 152  3.5  4.6  1.11  8.33  6.19  92 1024.7  27.6  28.7  22.5 99.0 99.00
2016 07 04 19 50 158  2.2  2.8  1.11  9.09  6.17 108 1024.6  27.7  28.7  22.2 99.0 99.00
2016 07 04 20 50 147  1.5  2.1  1.19  8.33  6.47 109 1024.5  27.8  28.8  22.0 99.0 99.00
2016 07 04 21 50 131  0.9  1.8  1.13  9.09  6.41 121 1024.6  27.9  28.8  22.4 99.0 99.00
2016 07 04 22 50 106  1.2  2.0  1.17  8.33  6.52  98 1024.8  27.8  28.8  22.5 99.0 99.00
2016 07 04 23 50 118  1.3  1.9  1.18  8.33  6.42  97 1024.9  27.5  28.7  22.8 99.0 99.00
2016 07 05 00 50 100  1.7  2.6  1.07  9.09  6.42 120 1025.1  27.5  28.6  22.5 99.0 99.00
2016 07 05 01 50 114  2.2  2.8  1.28  9.09  6.76  99 1025.1  27.5  28.5  23.0 99.0 99.00
2016 07 05 02 50 140  2.9  3.9  1.05  9.09  6.53 102 1025.0  27.5  28.4  22.7 99.0 99.00
2016 07 05 03 50 131  3.0  4.1  0.98  8.33  6.46  96 1024.4  27.3  28.3  22.6 99.0 99.00
2016 07 05 04 50 150  2.7  3.4  1.06  9.09  6.59 100 1023.9  27.3  28.3  22.5 99.0 99.00
2016 07 05 05 50 136  2.6  3.4  1.02  9.09  6.79 120 1023.5  27.2  28.3  22.5 99.0 99.00
2016 07 05 06 50 142  2.5  3.3  1.09  9.09  6.85 108 1023.4  27.3  28.3  22.3 99.0 99.00
2016 07 05 07 50 138  1.6  2.2  1.09  9.09  6.95 120 1023.2  27.1  28.3  22.6 99.0 99.00
2016 07 05 08 50 145  2.5  3.5  1.09  9.09  6.79 120 1023.6  27.2  28.2  22.3 99.0 99.00
2016 07 05 09 50 144  3.0  3.9  1.06  9.09  6.70 113 1023.7  27.3  28.2  22.9 99.0 99.00
2016 07 05 10 50 138  2.2  2.9  1.20  8.33  6.88 106 1024.2  27.5  28.2  23.0 99.0 99.00
2016 07 05 11 50 156  1.5  2.4  1.17  9.09  6.82 119 1024.6  27.3  28.2  23.0 99.0 99.00
2016 07 05 12 50 109  2.4  2.9  1.19  9.09  6.92 118 1024.6  27.1  28.3  23.0 99.0 99.00
2016 07 05 13 50 194  4.5  5.4  1.14  8.33  6.58 111 1024.9  26.6  28.2  22.8 99.0 99.00
2016 07 05 14 50 169  3.0  3.8  1.10  8.33  6.54 115 1024.7  27.5  28.3  22.5 99.0 99.00
2016 07 05 15 50 160  3.2  4.0  1.11  9.09  6.73 122 1024.5  27.6  28.6  22.4 99.0 99.00
2016 07 05 16 50 191  2.1  2.8  1.11  8.33  6.76 106 1024.4  27.7  28.9  22.6 99.0 99.00
2016 07 05 17 50 180  2.0  2.6  1.06  8.33  6.62 106 1023.9  27.7  29.3  22.7 99.0 99.00
2016 07 05 18 50 173  3.4  4.4  1.06  8.33  6.64 113 1023.7  27.9  29.3  22.5 99.0 99.00
2016 07 05 19 50 171  2.7  3.5  1.05  8.33  6.77 114 1023.5  27.9  29.1  22.4 99.0 99.00
2016 07 05 20 50 178  2.4  3.1  1.11  8.33  6.80 112 1023.3  28.0  29.1  22.3 99.0 99.00
2016 07 05 21 50 180  2.1  2.9  1.10  8.33  6.92 109 1023.7  28.0  29.0  22.1 99.0 99.00
2016 07 05 22 50 189  2.8  3.7  1.07  9.09  6.68 115 1023.8  27.9  28.9  22.2 99.0 99.00
2016 07 05 23 50 211  1.8  2.6  1.09  9.09  6.91 116 1023.9  27.7  28.7  22.2 99.0 99.00
2016 07 06 00 50 208  1.7  2.2  1.14  9.09  6.85 114 1023.9  27.7  28.7  22.2 99.0 99.00
2016 07 06 01 50 199  1.5  2.1  1.08  9.09  6.65 109 1024.0  27.6  28.6  22.3 99.0 99.00
2016 07 06 02 50 231  1.1  1.6  0.98  9.09  6.69 116 1023.7  27.5  28.6  22.3 99.0 99.00
2016 07 06 03 50 277  0.7  1.3  1.04  7.69  6.61 110 1023.1  27.3  28.5  22.3 99.0 99.00
2016 07 06 04 50 273  1.1  1.7  1.08  8.33  6.94 105 1022.3  27.2  28.4  22.3 99.0 99.00
2016 07 06 05 50 239  1.2  1.7  1.05  8.33  6.83 110 1022.2  27.1  28.4  22.4 99.0 99.00
2016 07 06 06 50 195  2.3  2.9  1.11  9.09  7.11 122 1022.0  27.1  28.4  22.6 99.0 99.00
2016 07 06 07 50 191  3.0  3.9  0.97  8.33  6.67 107 1022.0  27.1  28.3  22.6 99.0 99.00
2016 07 06 08 50 182  3.0  3.7  1.06  7.69  6.86 111 1022.4  27.1  28.3  22.7 99.0 99.00
2016 07 06 09 50 214  3.4  4.4  1.09  9.09  6.84 109 1022.5  27.2  28.3  22.8 99.0 99.00
2016 07 06 10 50 193  2.9  3.7  1.02  8.33  6.77 120 1023.1  27.4  28.2  22.6 99.0 99.00
2016 07 06 11 50 202  2.7  4.0  1.12  8.33  6.74 111 1023.3  27.5  28.3  22.6 99.0 99.00
2016 07 06 12 50 207  3.4  4.0  1.06  8.33  6.63 120 1023.3  27.5  28.4  22.7 99.0 99.00
2016 07 06 13 50 203  3.9  5.7  0.99  8.33  6.58 108 1023.6  27.2  28.4  23.0 99.0 99.00
2016 07 06 14 50 226  3.1  4.2  1.03  8.33  6.61 110 1023.6  27.7  28.5  22.0 99.0 99.00
2016 07 06 15 50 218  3.2  4.3  1.09  8.33  6.81  92 1023.2  27.7  28.6  22.6 99.0 99.00
2016 07 06 16 50 211  3.9  4.7  1.09  8.33  6.93 106 1023.0  27.8  28.8  23.0 99.0 99.00
2016 07 06 17 50 216  2.8  3.8  1.05  7.69  6.80 102 1022.7  27.9  28.9  22.3 99.0 99.00
2016 07 06 18 50 242  3.1  4.1  1.04  8.33  6.85 112 1022.4  28.1  29.1  22.1 99.0 99.00
2016 07 06 19 50 226  3.3  4.5  1.05  7.69  6.72 105 1021.8  28.1  29.2  22.7 99.0 99.00
2016 07 06 20 50 255  3.2  4.3  1.01  9.09  6.87 110 1021.7  28.3  29.1  22.3 99.0 99.00
2016 07 06 21 50 247  3.2  3.8  1.11  7.69  6.79  95 1021.6  28.4  29.1  22.9 99.0 99.00
2016 07 06 22 50 270  3.5  4.2  1.02  7.69  6.62 113 1022.2  28.1  28.9  23.3 99.0 99.00
2016 07 06 23 50 276  3.8  5.2  1.11  8.33  6.41 111 1022.3  28.0  28.8  22.9 99.0 99.00
2016 07 07 00 50 274  3.5  4.4  1.05  7.69  6.08 108 1022.4  28.0  28.8  23.3 99.0 99.00
2016 07 07 01 50 295  3.6  4.8  1.02  8.33  5.88 107 1022.6  28.1  28.7  22.8 99.0 99.00
2016 07 07 02 50 293  2.9  3.6  0.98  7.69  5.85 116 1022.3  27.8  28.7  23.4 99.0 99.00
2016 07 07 03 50 276  2.4  3.3  1.02  8.33  6.18 111 1021.5  27.7  28.7  23.6 99.0 99.00
2016 07 07 04 50 275  3.1  3.9  0.97  8.33  6.12 118 1020.8  27.7  28.7  22.6 99.0 99.00
2016 07 07 05 50 285  1.8  2.6  0.95  7.69  6.05 114 1020.6  27.5  28.7  23.0 99.0 99.00
2016 07 07 06 50 265  2.3  3.0  0.98  8.33  6.29 117 1020.4  27.5  28.7  23.4 99.0 99.00
2016 07 07 07 50 284  3.0  3.7  0.99  8.33  6.36 111 1020.3  27.6  28.7  22.7 99.0 99.00
2016 07 07 08 50 282  3.5  4.6  0.94  8.33  6.21 122 1020.6  27.5  28.6  22.7 99.0 99.00
2016 07 07 09 50 308  3.1  4.0  0.92  8.33  6.19 111 1020.8  27.5  28.6  22.6 99.0 99.00
2016 07 07 10 50 299  2.5  3.3  1.05  9.09  6.31 118 1021.3  27.6  28.6  22.4 99.0 99.00
2016 07 07 11 50 292  2.0  2.8  1.00 10.81  6.17 129 1021.6  27.6  28.6  22.5 99.0 99.00
2016 07 07 12 50 287  1.5  2.2  1.09  7.69  6.33 117 1021.5  27.7  28.8  22.8 99.0 99.00
2016 07 07 13 50 272  1.2  2.1  1.09  6.67  6.40 106 1021.6  27.8  29.0  22.7 99.0 99.00
2016 07 07 14 50 246  1.6  2.2  1.06  9.09  6.32 128 1021.8  27.8  29.5  22.8 99.0 99.00
2016 07 07 15 50 258  1.1  2.0  1.17  9.09  6.53 132 1021.9  28.0  29.8  22.4 99.0 99.00
2016 07 07 16 50 248  1.6  2.4  1.05 10.00  6.43 138 1021.3  28.0  30.1  22.0 99.0 99.00
2016 07 07 17 50 238  1.8  2.6  1.07  7.14  6.30 100 1021.1  28.1  30.2  22.8 99.0 99.00
2016 07 07 18 50 264  2.2  3.3  1.09  9.09  6.24 129 1020.9  28.3  30.1  22.8 99.0 99.00
2016 07 07 19 50 266  1.9  2.9  1.11  8.33  6.41 103 1020.8  28.6  30.1  22.7 99.0 99.00
2016 07 07 20 50 276  2.3  3.1  1.13  8.33  6.55 107 1020.5  28.8  29.8  21.4 99.0 99.00
2016 07 07 21 50 267  1.5  2.7  1.17  8.33  6.66 121 1020.7  29.1  29.9  22.5 99.0 99.00
2016 07 07 22 50 236  2.1  3.0  1.08  8.33  6.36 104 1020.8  28.6  29.5  21.6 99.0 99.00
2016 07 07 23 50 267  2.0  2.7  1.05  7.69  6.25  92 1021.3  28.3  29.5  22.1 99.0 99.00
2016 07 08 00 50 283  1.8  2.8  1.08  7.69  6.60 110 1021.5  28.3  29.1  21.9 99.0 99.00
2016 07 08 01 50 282  1.8  2.5  1.13  9.09  6.68 113 1021.9  28.1  29.0  22.4 99.0 99.00
2016 07 08 02 50 308  1.3  1.9  1.10  8.33  6.58 114 1021.8  28.1  28.8  22.6 99.0 99.00
2016 07 08 03 50 276  1.3  1.7  1.05  7.69  6.50 123 1021.4  28.0  28.7  22.8 99.0 99.00
2016 07 08 04 50 246  2.1  2.6  1.03  7.69  6.57  97 1021.1  27.9  28.6  23.6 99.0 99.00
2016 07 08 05 50 220  1.5  2.1  1.08  8.33  6.68  70 1020.6  27.7  28.7  23.5 99.0 99.00
2016 07 08 06 50 238  1.4  2.3  1.08  8.33  6.63  98 1020.2  27.6  28.8  23.4 99.0 99.00
2016 07 08 07 50 210  2.2  3.2  1.20  8.33  6.79 122 1019.9  27.6  28.7  23.4 99.0 99.00
2016 07 08 08 50 210  2.1  2.8  1.10  8.33  6.59  62 1020.4  27.5  28.8  23.5 99.0 99.00
2016 07 08 09 50 205  2.2  2.8  1.16  8.33  6.60 101 1020.9  27.5  28.8  23.3 99.0 99.00
2016 07 08 10 50 214  2.2  2.7  1.20  8.33  6.49  91 1021.3  27.9  28.7  23.2 99.0 99.00
2016 07 08 11 50 213  2.3  3.2  1.16  8.33  6.60  71 1021.4  27.9  28.7  23.0 99.0 99.00
2016 07 08 12 50 209  2.8  3.4  1.20  8.33  6.78  98 1021.6  27.9  28.8  22.4 99.0 99.00
2016 07 08 14 50 214  2.5  3.5  1.23  7.69  6.80  63 1022.0  28.0  29.3  22.6 99.0 99.00
2016 07 08 15 50 221  2.3  3.4  1.21  8.33  6.78  76 1022.0  28.1  29.5  21.9 99.0 99.00
2016 07 08 16 50 210  3.5  4.4  1.08  7.69  6.54  81 1021.8  28.3  29.5  22.3 99.0 99.00
2016 07 08 17 50 232  2.6  3.5  1.03  7.69  6.43  94 1021.7  28.3  29.7  23.6 99.0 99.00
2016 07 08 18 50 234  3.2  4.3  1.07  8.33  6.56  51 1021.5  28.4  29.7  22.6 99.0 99.00
2016 07 08 19 50 231  2.7  3.6  1.14  7.69  6.80 116 1021.4  28.7  29.7  22.6 99.0 99.00
2016 07 08 20 50 237  2.5  3.3  1.05  8.33  6.68 119 1021.3  28.8  29.7  22.9 99.0 99.00
2016 07 08 21 50 195  3.3  4.1  1.15  8.33  6.81 102 1021.3  28.4  29.6  23.5 99.0 99.00
2016 07 08 22 50 227  2.4  3.3  1.02  7.69  6.63 104 1021.6  28.5  29.4  23.2 99.0 99.00
2016 07 08 23 50 226  2.8  3.7  1.07  6.67  6.45 299 1022.0  28.3  29.3  23.2 99.0 99.00
2016 07 09 00 50 190  2.2  3.0  1.10  7.14  6.74 310 1022.6  28.2  29.2  23.3 99.0 99.00
2016 07 09 01 50 196  3.6  4.7  1.09  8.33  6.82 114 1022.6  28.2  29.1  23.2 99.0 99.00
2016 07 09 02 50 181  3.2  4.1  1.02  9.09  6.43 122 1022.7  28.1  29.0  23.0 99.0 99.00
2016 07 09 03 50 191  3.6  4.4  1.02  9.09  6.37 123 1022.5  28.0  29.0  22.9 99.0 99.00
2016 07 09 04 50 182  3.2  4.1  0.95  8.33  6.47 117 1022.0  28.0  29.0  22.7 99.0 99.00
2016 07 09 05 50 187  3.0  3.6  1.01  8.33  6.57  95 1021.6  28.0  28.9  21.9 99.0 99.00
2016 07 09 06 50 193  3.9  4.5  0.94  6.25  6.51 278 1021.2  27.8  28.9  23.1 99.0 99.00
2016 07 09 07 50 162  4.7  5.4  0.98  7.69  6.59 115 1021.0  27.7  28.7  22.8 99.0 99.00
2016 07 09 08 50 173  3.7  4.7  1.04  8.33  6.53 102 1021.4  27.7  28.7  22.7 99.0 99.00
2016 07 09 09 50 175  3.6  4.3  1.04  8.33  6.62  97 1022.0  27.7  28.6  22.3 99.0 99.00
2016 07 09 10 50 169  4.0  4.9  1.05  8.33  6.47 123 1022.3  28.0  28.6  22.2 99.0 99.00
2016 07 09 11 50 173  4.2  5.2  1.07  8.33  6.61  92 1022.7  27.9  28.7  22.3 99.0 99.00
2016 07 09 12 50 173  4.5  5.4  1.08  7.69  6.35 103 1022.9  28.0  28.7  21.8 99.0 99.00
2016 07 09 13 50 174  3.8  5.2  1.06  8.33  6.35 107 1023.2  27.9  28.8  22.2 99.0 99.00
2016 07 09 14 50 169  4.4  5.6  1.13  8.33  6.32 101 1023.5  28.0  28.9  22.2 99.0 99.00
2016 07 09 15 50 168  4.4  5.6  1.02  8.33  6.04 102 1023.4  28.1  29.0  22.5 99.0 99.00
2016 07 09 16 50 162  4.7  5.7  1.03  7.14  5.98  85 1023.1  28.1  29.0  21.9 99.0 99.00
2016 07 09 17 50 166  3.8  4.7  0.99  8.33  6.02 108 1023.0  28.2  29.1  21.7 99.0 99.00
2016 07 09 18 50 169  3.8  4.6  1.02  7.69  6.18 101 1022.8  28.2  29.1  22.5 99.0 99.00
2016 07 09 19 50 188  2.3  3.2  0.93  7.14  6.05  22 1022.7  28.5  29.2  20.9 99.0 99.00
2016 07 09 20 50 185  2.3  3.1  1.07  7.69  6.09  85 1022.7  28.5  29.2  21.2 99.0 99.00
2016 07 09 21 50 151  3.1  3.9  0.94  7.14  5.96  88 1022.8  28.4  29.2  22.4 99.0 99.00
2016 07 09 22 50 140  2.4  3.4  0.93  8.33  6.08  98 1023.3  28.2  29.1  22.5 99.0 99.00
2016 07 09 23 50 132  2.9  3.8  0.93  7.69  6.30 106 1023.4  28.1  29.0  22.7 99.0 99.00
2016 07 10 00 50 138  3.4  4.5  0.93  8.33  6.22 111 1023.8  28.1  29.1  22.0 99.0 99.00
2016 07 10 01 50 131  3.5  4.6  0.91  7.69  6.22  93 1024.0  28.0  29.0  21.8 99.0 99.00
2016 07 10 02 50 144  4.0  5.1  0.93  8.33  6.19  97 1024.0  27.9  28.9  21.7 99.0 99.00
2016 07 10 03 50 145  4.7  5.8  0.90  8.33  6.25 104 1023.5  27.9  29.0  21.5 99.0 99.00
2016 07 10 04 50 153  4.3  5.4  0.93  8.33  6.18 112 1023.0  27.8  29.0  21.7 99.0 99.00
2016 07 10 05 50 144  4.7  5.6  0.97  7.69  6.31  95 1022.5  27.7  29.0  21.6 99.0 99.00
2016 07 10 06 50 149  4.6  5.6  0.94  7.69  6.06  89 1022.4  27.7  29.0  21.7 99.0 99.00
2016 07 10 07 50 145  4.5  5.8  0.95  6.67  6.09 246 1022.5  27.7  29.0  21.5 99.0 99.00
2016 07 10 08 50 155  3.9  5.7  0.92  7.69  5.83  42 1023.0  27.7  29.1  22.1 99.0 99.00
2016 07 10 09 50 156  4.5  5.7  0.97  8.33  5.91 124 1023.2  27.8  29.0  22.3 99.0 99.00
2016 07 10 10 50 148  4.0  5.1  1.02  7.69  6.18  60 1023.4  28.0  29.0  23.1 99.0 99.00
2016 07 10 11 50 152  5.5  6.4  0.96  7.69  5.93 250 1023.6  28.1  29.0  22.9 99.0 99.00
2016 07 10 12 50 167  4.2  5.4  1.06  8.33  5.92 108 1024.0  28.1  29.0  23.1 99.0 99.00
2016 07 10 13 50 174  3.6  4.5  1.08  8.33  5.87 100 1024.1  28.2  29.1  22.4 99.0 99.00
2016 07 10 14 50 162  3.6  4.7  1.03  8.33  6.00 102 1024.0  28.1  29.2  23.0 99.0 99.00
2016 07 10 15 50 163  3.1  4.1  1.02  7.14  5.75 276 1023.9  28.2  29.3  22.9 99.0 99.00
2016 07 10 16 50 176  3.1  3.8  1.04  7.69  5.89 110 1023.9  28.3  29.5  23.4 99.0 99.00
2016 07 10 17 50 171  3.4  4.4  1.01  9.09  5.95  97 1023.5  28.5  29.6  22.9 99.0 99.00
2016 07 10 18 50 192  2.6  3.4  1.05  8.33  5.97 108 1023.6  28.6  29.7  22.8 99.0 99.00
2016 07 10 19 50 187  1.4  2.1  1.04  8.33  5.95 275 1023.6  28.6  29.8  22.9 99.0 99.00
2016 07 10 20 50 188  1.8  2.9  1.02  8.33  6.08 255 1023.5  28.7  29.9  23.1 99.0 99.00
2016 07 10 21 50 169  2.2  2.8  0.97  8.33  5.86  39 1023.5  28.5  29.7  23.0 99.0 99.00
2016 07 10 22 50 163  2.5  4.0  1.08  7.69  6.41 286 1023.5  28.4  29.4  22.9 99.0 99.00
2016 07 10 23 50 164  3.4  4.2  1.05  7.69  6.14 311 1023.5  28.2  29.3  22.8 99.0 99.00
2016 07 11 00 50 160  1.8  2.5  1.03  7.69  6.20 282 1023.9  28.2  29.2  23.0 99.0 99.00
2016 07 11 01 50 183  1.6  2.2  0.95  7.69  6.17 265 1024.4  28.1  29.2  23.2 99.0 99.00
2016 07 11 02 50 172  2.1  2.8  1.03  8.33  6.22 324 1024.1  28.1  29.1  22.9 99.0 99.00
2016 07 11 03 50 178  2.1  2.7  1.02  7.69  6.28 254 1023.6  28.0  29.1  22.5 99.0 99.00
2016 07 11 04 50 145  1.7  2.5  1.01  8.33  6.33 282 1023.0  27.9  29.1  23.1 99.0 99.00
2016 07 11 05 50 158  1.8  2.7  1.04  7.69  6.20  52 1022.7  27.7  29.0  22.8 99.0 99.00
2016 07 11 06 50 179  1.5  2.2  1.01  7.69  6.42 292 1022.5  27.7  29.0  22.4 99.0 99.00
2016 07 11 07 50 170  0.8  1.5  0.98  7.69  6.35 302 1022.4  27.7  28.9  21.9 99.0 99.00
2016 07 11 08 50 158  1.4  2.0  1.06  7.69  6.41 278 1022.5  27.5  28.8  23.0 99.0 99.00
2016 07 11 09 50 198  2.3  3.1  1.06  7.69  6.31 347 1022.6  27.7  28.7  22.7 99.0 99.00
2016 07 11 10 50 197  2.2  2.8  0.97  7.14  6.10 305 1022.8  28.0  28.7  22.9 99.0 99.00
2016 07 11 11 50 222  1.4  2.0  1.10  6.67  6.29 295 1023.2  28.0  28.7  22.8 99.0 99.00
2016 07 11 12 50 201  1.4  2.1  1.01  7.69  6.30 331 1023.1  28.0  28.9  22.6 99.0 99.00
2016 07 11 13 50 203  0.7  1.6  1.01  7.14  6.33 149 1023.4  28.1  29.5  22.2 99.0 99.00
2016 07 11 14 50 169  1.0  2.0  1.01  7.14  6.22 109 1023.5  28.1  30.1  22.2 99.0 99.00
2016 07 11 15 50 230  0.7  1.4  0.94  7.14  6.11 288 1023.7  28.2  30.5  22.3 99.0 99.00
2016 07 11 16 50 242  0.2  0.9  0.98  7.14  5.84 242 1023.4  28.5  31.1  22.2 99.0 99.00
2016 07 11 17 50 190  0.9  1.7  0.99  7.69  6.28 118 1022.8  28.7  31.9  22.0 99.0 99.00
2016 07 11 18 50 200  0.9  1.6  0.93  6.67  6.03 123 1022.5  28.8  31.9  22.1 99.0 99.00
2016 07 11 19 50 297  0.7  2.2  0.99  7.69  6.18 127 1022.1  29.3  32.1  21.8 99.0 99.00
2016 07 11 20 50 330  0.6  1.6  1.02  7.14  6.41  94 1021.6  29.2  32.3  22.1 99.0 99.00
2016 07 11 21 50 358  0.5  1.5  0.93  7.14  6.35 259 1021.7  29.2  31.6  22.5 99.0 99.00
2016 07 11 22 50 354  2.1  2.8  0.95  7.69  6.44 183 1021.8  28.8  31.1  22.5 99.0 99.00
2016 07 11 23 50   1  2.2  3.2  0.93  7.69  6.18 118 1021.9  28.5  30.2  22.6 99.0 99.00
2016 07 12 00 50 360  1.8  2.5  0.98  6.67  6.66 200 1022.2  28.5  30.0  21.8 99.0 99.00
2016 07 12 01 50   3  1.4  2.2  0.97  6.67  6.45 219 1022.3  28.4  29.7  22.0 99.0 99.00
2016 07 12 02 50   6  1.3  1.8  0.96  7.69  6.50 140 1022.1  28.3  29.5  22.3 99.0 99.00
2016 07 12 03 50  12  1.0  1.7  1.02  6.67  6.40 217 1021.4  28.1  29.4  22.4 99.0 99.00
2016 07 12 04 50  10  0.8  1.2  0.92  7.14  6.23 163 1020.7  28.0  29.2  22.6 99.0 99.00
2016 07 12 05 50  21  0.9  1.5  1.01  7.69  6.51 318 1020.1  27.9  29.3  22.3 99.0 99.00
2016 07 12 06 50 109  1.0  1.7  0.97  7.14  6.42 331 1019.8  27.8  29.2  22.8 99.0 99.00
2016 07 12 07 50 141  0.9  1.2  0.91  7.69  6.26 328 1020.0  27.7  29.1  22.8 99.0 99.00
2016 07 12 08 50 119  1.3  2.0  1.04  7.14  6.30 191 1020.2  27.7  29.1  22.7 99.0 99.00
2016 07 12 09 50  90  0.9  1.6  0.87  7.14  6.21 222 1020.4  27.8  29.0  22.5 99.0 99.00
2016 07 12 10 50 123  0.9  1.6  0.99  7.14  6.39 221 1020.9  28.7  28.9  22.6 99.0 99.00
2016 07 12 11 50 122  0.9  1.9  0.95  7.69  6.24 328 1021.3  28.5  29.0  21.9 99.0 99.00
2016 07 12 12 50 116  0.6  1.1  1.08  6.67  6.25 335 1021.4  28.4  29.0  21.9 99.0 99.00
2016 07 12 13 50  52  1.0  1.7  0.99  6.25  6.29 285 1021.6  28.2  29.7  22.8 99.0 99.00
2016 07 12 14 50  95  0.8  1.3  0.97  7.69  6.19 314 1021.6  28.2  30.1  22.2 99.0 99.00
2016 07 12 15 50 199  0.6  1.4  0.95  6.67  6.15 325 1021.5  28.4  31.0  22.5 99.0 99.00
2016 07 12 16 50 144  0.5  1.4  0.87  7.14  6.24 239 1021.1  28.5  32.1  22.1 99.0 99.00
2016 07 12 17 50 181  0.9  1.8  0.92  7.14  6.22 143 1021.0  28.9  32.4  21.7 99.0 99.00
2016 07 12 18 50 190  0.9  1.8  0.95  6.25  6.22  91 1020.7  29.1  32.2  21.0 99.0 99.00
2016 07 12 19 50 282  0.6  1.4  0.92  7.69  6.27  55 1020.5  29.4  31.6  21.5 99.0 99.00
2016 07 12 20 50 327  1.5  2.8  0.89  7.14  6.29 164 1020.3  29.0  31.3  22.1 99.0 99.00
2016 07 12 21 50 292  0.8  1.2  0.91  7.69  6.42 325 1020.3  29.1  30.7  22.4 99.0 99.00
2016 07 12 22 50   2  0.6  1.3  0.89  7.69  6.33 127 1020.4  29.2  30.8  22.6 99.0 99.00
2016 07 12 23 50  11  1.4  1.8  0.97  7.14  6.61 317 1020.7  28.6  30.3  21.8 99.0 99.00
2016 07 13 00 50  45  1.7  2.4  0.92  6.67  6.40 232 1020.8  28.5  30.4  22.5 99.0 99.00
2016 07 13 01 50  26  1.0  1.7  0.97  7.69  6.51  46 1021.0  28.5  30.1  21.8 99.0 99.00
2016 07 13 02 50  31  1.1  1.6  0.87  7.69  6.27 108 1021.0  28.4  29.8  21.6 99.0 99.00
2016 07 13 03 50 105  1.1  1.8  0.97  7.14  6.47 158 1020.7  28.3  29.7  22.0 99.0 99.00
2016 07 13 04 50   4  0.7  1.3  0.97  6.67  6.45 315 1020.4  28.1  29.7  22.2 99.0 99.00
2016 07 13 05 50 325  1.4  2.1  0.89  7.69  6.39 132 1020.0  28.1  29.6  22.4 99.0 99.00
2016 07 13 06 50 347  2.0  2.8  1.11  7.69  6.56 114 1019.7  28.1  29.5  22.6 99.0 99.00
2016 07 13 07 50 348  1.2  1.8  1.00  6.25  6.28 318 1019.8  27.9  29.4  21.9 99.0 99.00
2016 07 13 08 50  17  1.5  2.2  0.96  7.69  6.33 124 1020.2  28.0  29.4  22.1 99.0 99.00
2016 07 13 09 50  27  1.4  2.1  1.02  7.69  6.52 130 1020.5  28.2  29.4  22.1 99.0 99.00
2016 07 13 10 50  44  1.5  2.4  0.90  6.25  6.25   1 1021.1  28.7  29.2  22.2 99.0 99.00
2016 07 13 11 50  66  0.8  1.5  0.98  7.69  6.25 137 1021.5  28.8  29.5  22.5 99.0 99.00
2016 07 13 12 50  50  1.2  1.8  0.90  8.33  6.21 135 1021.6  28.5  29.6  22.6 99.0 99.00
2016 07 13 13 50  73  1.2  2.0  0.97  8.33  6.40 128 1021.7  28.5  29.9  22.3 99.0 99.00
2016 07 13 14 50  42  1.3  2.1  0.93  7.69  6.46 148 1022.0  28.5  30.5  22.2 99.0 99.00
2016 07 13 15 50  52  1.1  2.0  0.90  7.69  6.30 128 1021.6  28.5  30.8  22.2 99.0 99.00
2016 07 13 16 50  51  0.6  1.4  0.87  9.09  6.33 137 1021.4  28.7  31.4  22.1 99.0 99.00
2016 07 13 17 50  37  0.4  1.9  0.92  7.14  6.38 162 1021.3  29.2  31.8  22.3 99.0 99.00
2016 07 13 18 50  68  0.4  1.2  0.89  8.33  6.29 116 1021.0  29.4  32.6  22.3 99.0 99.00
2016 07 13 19 50 131  0.5  1.3  0.89  7.69  6.26 130 1020.4  29.3  32.3  22.5 99.0 99.00
2016 07 13 20 50 192  1.2  2.0  0.88  8.33  6.22 125 1020.4  29.0  32.0  22.5 99.0 99.00
2016 07 13 21 50 163  0.4  0.9  0.90  7.69  6.68 104 1020.4  29.0  31.1  22.8 99.0 99.00
2016 07 13 22 50  20  1.5  2.3  0.93  7.69  6.47 126 1020.6  29.1  31.0  22.3 99.0 99.00
2016 07 13 23 50  28  1.9  2.8  0.90  9.09  6.54 134 1020.9  28.8  30.7  21.8 99.0 99.00
2016 07 14 00 50  25  1.2  1.7  0.96  7.69  6.51 115 1021.2  29.0  30.6  21.2 99.0 99.00
2016 07 14 01 50  97  2.1  3.0  0.90  7.69  6.16 124 1021.3  28.6  30.4  23.0 99.0 99.00
2016 07 14 02 50 111  3.2  4.3  0.92  8.33  6.43 118 1021.3  28.6  30.2  23.0 99.0 99.00
2016 07 14 03 50  94  2.9  3.8  0.97  7.69  6.80 123 1021.2  28.6  30.1  22.3 99.0 99.00
2016 07 14 04 50  87  2.6  3.4  0.92  7.69  6.35 124 1020.7  28.5  30.1  21.6 99.0 99.00
2016 07 14 05 50  90  2.9  4.0  0.94  7.69  6.58 105 1020.1  28.4  30.1  22.5 99.0 99.00
2016 07 14 06 50 111  2.4  3.5  0.94  7.69  6.45 108 1020.3  28.2  29.9  22.7 99.0 99.00
2016 07 14 07 50 108  2.7  4.1  1.01  8.33  6.59 113 1020.3  28.1  29.8  22.6 99.0 99.00
2016 07 14 08 50 101  2.9  4.0  0.99  9.09  6.62 115 1020.6  28.1  29.8  22.7 99.0 99.00
2016 07 14 09 50 102  3.0  3.9  0.90  9.09  6.33 108 1021.0  28.1  29.7  22.4 99.0 99.00
2016 07 14 10 50 100  2.6  3.4  0.90  7.69  6.28 107 1021.6  28.5  29.7  22.4 99.0 99.00
2016 07 14 11 50  83  2.8  3.7  0.94  7.69  6.41  91 1021.8  28.5  29.7  21.5 99.0 99.00
2016 07 14 12 50  96  3.5  4.8  0.93  7.69  6.23 108 1021.8  28.5  29.8  21.3 99.0 99.00
2016 07 14 13 50 102  3.7  4.6  0.97  7.69  6.39  89 1022.0  28.6  29.8  21.4 99.0 99.00
2016 07 14 14 50 106  4.0  5.1  0.92  8.33  6.33  93 1022.1  28.5  30.0  22.8 99.0 99.00
2016 07 14 15 50 108  3.6  4.6  0.95  9.09  6.43 118 1022.0  28.5  30.1  23.1 99.0 99.00
2016 07 14 16 50 119  3.3  4.3  1.00  9.09  6.13 112 1021.8  28.7  30.1  22.5 99.0 99.00
2016 07 14 17 50 114  2.5  3.6  0.95  9.09  6.13 117 1021.4  28.7  30.1  23.0 99.0 99.00
2016 07 14 18 50  66  2.8  4.5  1.02  6.67  6.17 105 1021.1  27.9  30.1  23.4 99.0 99.00
2016 07 14 19 50  94  2.3  3.0  0.97  8.33  5.99  97 1020.9  28.6  30.1  23.9 99.0 99.00
2016 07 14 20 50 134  3.3  4.1  1.03  8.33  6.20 107 1020.8  28.7  30.0  23.2 99.0 99.00
2016 07 14 21 50 131  3.3  4.6  0.92  9.09  6.09  84 1020.6  28.7  30.0  23.0 99.0 99.00
2016 07 14 22 50 135  3.5  4.4  0.97  8.33  6.43 107 1020.6  28.6  29.9  23.6 99.0 99.00
2016 07 14 23 50 138  3.2  4.1  0.95  8.33  6.24  91 1021.2  28.6  29.9  23.1 99.0 99.00
2016 07 15 00 50 124  2.9  4.0  0.84  8.33  6.22 115 1021.6  28.6  29.7  22.6 99.0 99.00
2016 07 15 01 50 132  3.5  4.9  0.88  9.09  6.36  67 1021.9  28.5  29.6  23.2 99.0 99.00
2016 07 15 02 50 124  3.6  4.3  0.86  8.33  6.18 117 1021.9  28.5  29.6  22.4 99.0 99.00
2016 07 15 03 50 133  3.7  4.6  0.97  9.09  6.33  65 1021.5  28.4  29.6  22.5 99.0 99.00
2016 07 15 04 50 127  3.5  4.6  0.90  9.09  6.15  97 1020.9  28.3  29.5  23.0 99.0 99.00
2016 07 15 05 50  82  4.5  6.5  0.99  7.14  6.33  63 1020.5  27.4  29.6  23.2 99.0 99.00
2016 07 15 06 50 147  3.9  5.0  0.94  7.69  6.07  95 1020.5  28.1  29.6  22.1 99.0 99.00
2016 07 15 07 50 164  3.3  5.3  0.96  7.69  6.15  95 1020.5  27.4  29.5  22.6 99.0 99.00
2016 07 15 08 50 143  4.6  5.5  0.97  8.33  5.72  71 1020.4  28.0  29.5  22.2 99.0 99.00
2016 07 15 09 50 126  3.5  4.4  0.94  7.14  5.78  81 1021.2  28.0  29.4  21.8 99.0 99.00
2016 07 15 10 50 140  2.8  3.6  1.03  9.09  5.95 118 1021.8  28.2  29.4  22.0 99.0 99.00
2016 07 15 11 50 139  2.3  3.1  1.02  7.69  5.92  85 1022.3  28.1  29.4  22.2 99.0 99.00
2016 07 15 12 50 124  3.4  4.4  0.94  8.33  5.75 103 1022.4  28.4  29.4  21.4 99.0 99.00
2016 07 15 13 50 130  3.2  4.3  0.85  8.33  5.73  87 1022.5  28.1  29.5  22.0 99.0 99.00
2016 07 15 14 50 114  3.2  4.0  0.89  8.33  5.81 100 1022.6  28.3  29.7  19.9 99.0 99.00
2016 07 15 15 50 129  2.4  3.0  0.91  8.33  5.96  95 1022.3  28.3  29.9  20.4 99.0 99.00
2016 07 15 16 50 103  1.7  2.5  0.92  7.69  5.82  94 1022.0  28.2  30.1  21.8 99.0 99.00
2016 07 15 17 50  96  2.3  3.1  0.90  8.33  5.75  82 1021.5  28.3  30.5  21.9 99.0 99.00
2016 07 15 18 50  88  2.1  2.8  0.89  7.14  5.80  89 1020.9  28.4  30.6  22.1 99.0 99.00
2016 07 15 19 50  86  2.3  3.1  0.97  7.14  5.96  99 1020.6  28.5  30.5  22.2 99.0 99.00
2016 07 15 20 50  74  2.0  3.0  0.87  7.69  5.62 120 1020.6  28.7  30.4  22.0 99.0 99.00
2016 07 15 21 50  89  2.6  4.1  0.88  8.33  5.98 110 1020.5  28.8  30.2  22.1 99.0 99.00
2016 07 15 22 50  79  2.3  3.2  0.88  7.14  5.94 110 1020.9  28.5  30.0  21.2 99.0 99.00
2016 07 15 23 50  81  2.9  4.2  0.85  8.33  5.90 120 1021.2  28.4  29.8  21.4 99.0 99.00
2016 07 16 00 50  67  3.9  4.8  0.86  8.33  6.19 111 1021.3  28.5  29.6  21.3 99.0 99.00
2016 07 16 01 50  84  3.7  4.9  0.87  8.33  5.89 101 1021.8  28.4  29.7  21.3 99.0 99.00
2016 07 16 02 50  91  3.9  5.1  0.92  7.69  5.70  71 1021.9  28.3  29.6  21.5 99.0 99.00
2016 07 16 03 50  94  4.6  5.8  0.86  8.33  5.64 108 1021.7  28.3  29.5  21.4 99.0 99.00
2016 07 16 04 50  87  3.5  4.3  0.88  8.33  5.49  83 1021.5  28.2  29.4  21.3 99.0 99.00
2016 07 16 05 50  88  3.9  4.9  1.00  8.33  5.70  90 1021.1  28.1  29.4  21.8 99.0 99.00
2016 07 16 06 50  91  3.5  4.9  0.95  7.14  5.57 120 1021.0  28.0  29.4  22.1 99.0 99.00
2016 07 16 07 50  88  3.5  4.4  0.89  7.69  5.52 114 1020.9  28.0  29.3  22.6 99.0 99.00
2016 07 16 08 50  72  4.6  5.8  0.95  8.33  5.70 112 1021.0  28.0  29.3  23.4 99.0 99.00
2016 07 16 09 50  77  3.5  4.3  0.95  7.69  5.39  94 1021.8  28.1  29.3  23.1 99.0 99.00
2016 07 16 10 50  78  4.4  5.4  1.00  7.69  5.68 104 1022.1  28.5  29.3  22.7 99.0 99.00
2016 07 16 11 50  89  5.1  5.9  0.88  6.67  5.49 112 1022.4  28.5  29.3  22.9 99.0 99.00
2016 07 16 12 50  99  4.8  5.7  0.97  6.67  5.53 119 1022.8  28.5  29.3  23.4 99.0 99.00
2016 07 16 13 50 103  4.7  5.8  0.95  7.14  5.42 114 1023.1  28.7  29.4  23.0 99.0 99.00
2016 07 16 14 50 105  4.5  5.6  0.93  6.67  5.40 105 1023.2  28.7  29.5  22.9 99.0 99.00
2016 07 16 15 50 116  4.7  5.9  0.94  7.14  5.50 103 1023.4  28.8  29.6  22.0 99.0 99.00
2016 07 16 16 50 110  4.2  5.4  1.00  7.69  5.40 105 1023.2  28.7  29.6  23.0 99.0 99.00
2016 07 16 17 50 104  3.3  4.3  1.01  7.69  5.44 102 1022.7  28.7  29.7  22.7 99.0 99.00
2016 07 16 19 50 115  2.9  4.0  0.98  7.69  5.53 115 1022.0  28.8  29.8  22.5 99.0 99.00
2016 07 16 20 50 107  4.2  5.0  1.01  7.69  5.59 107 1021.5  28.9  29.7  22.2 99.0 99.00
2016 07 16 21 50  94  3.9  4.7  1.00  6.25  5.50 126 1021.9  28.9  29.6  21.7 99.0 99.00
2016 07 16 22 50  91  4.9  5.9  1.04  7.69  5.73  96 1022.1  28.7  29.6  22.9 99.0 99.00
2016 07 16 23 50  93  5.4  6.7  0.96 10.00  5.31  30 1022.7  28.6  29.4  22.7 99.0 99.00
2016 07 17 01 50  65  5.0  5.9  0.88 10.00  5.19  56 1024.0  28.6  29.4  22.4 99.0 99.00
2016 07 17 02 50  82  5.1  6.2  0.97  7.69  5.34 110 1024.0  28.5  29.5  22.9 99.0 99.00
2016 07 17 03 50  86  4.8  5.9  1.00  7.14  5.40 111 1023.7  28.6  29.5  23.3 99.0 99.00
2016 07 17 04 50  77  4.9  5.7  0.99  6.25  5.36 131 1023.2  28.6  29.4  23.0 99.0 99.00
2016 07 17 05 50 114  5.3  6.5  1.01  7.14  5.35 110 1022.9  27.9  29.4  23.3 99.0 99.00
2016 07 17 06 50  69  6.5  7.6  1.02  9.09  5.34  73 1022.5  27.7  29.4  23.8 99.0 99.00
2016 07 17 07 50  84  3.9  5.7  1.15  6.67  5.20 111 1022.4  27.9  29.4  23.9 99.0 99.00
2016 07 17 08 50 108  5.9  7.0  1.10  6.67  4.98 111 1022.4  28.2  29.4  23.9 99.0 99.00
2016 07 17 09 50  97  4.4  5.8  1.18  7.14  5.27 118 1022.9  28.2  29.4  23.8 99.0 99.00
2016 07 17 10 50  72  4.6  5.2  1.21  7.14  5.38 112 1023.3  28.6  29.4  22.8 99.0 99.00
2016 07 17 11 50  78  6.5  8.1  1.17  7.14  5.25 101 1023.6  28.7  29.4  24.1 99.0 99.00
2016 07 17 12 50  77  7.2  8.4  1.20  7.14  5.31 123 1023.8  28.6  29.4  24.7 99.0 99.00
2016 07 17 13 50  81  5.9  7.7  1.20  7.14  5.11 119 1024.1  28.6  29.4  23.5 99.0 99.00
2016 07 17 14 50  72  5.9  6.8  1.16  7.69  5.25 120 1024.2  28.6  29.5  24.0 99.0 99.00
2016 07 17 15 50  73  6.1  6.9  1.14  6.67  5.31  93 1024.1  28.7  29.6  23.7 99.0 99.00
2016 07 17 16 50  74  6.0  7.7  1.10  7.14  5.08 110 1024.1  28.9  29.6  23.9 99.0 99.00
2016 07 17 17 50  75  5.7  6.6  1.15  6.67  5.17 119 1023.7  29.1  29.7  23.6 99.0 99.00
2016 07 17 18 50  73  5.5  6.3  1.19  7.14  5.30 121 1023.4  29.0  29.7  23.6 99.0 99.00
2016 07 17 19 50  66  6.2  7.3  1.16  7.69  5.31 126 1023.2  29.0  29.7  24.0 99.0 99.00
2016 07 17 20 50  48  6.7  7.8  1.16  9.09  5.21  96 1022.6  28.7  29.7  24.7 99.0 99.00
2016 07 17 21 50  62  6.0  7.5  1.30  6.67  4.95 109 1022.9  27.4  29.7  22.3 99.0 99.00
2016 07 17 22 50  66  7.3  9.0  1.29  7.69  5.12 133 1022.9  29.0  29.7  24.2 99.0 99.00
2016 07 17 23 50  73  7.4  8.5  1.30  7.14  5.01 115 1023.3  28.7  29.6  24.5 99.0 99.00
2016 07 18 00 50  74  7.0  8.8  1.33  5.26  4.90 106 1023.7  28.4  29.6  24.8 99.0 99.00
2016 07 18 01 50  85  8.2  9.5  1.34  5.88  5.08 116 1023.8  28.8  29.6  24.6 99.0 99.00
2016 07 18 02 50  86  7.4  8.9  1.34  5.88  4.94 113 1023.9  28.7  29.6  24.8 99.0 99.00
2016 07 18 03 50  88  7.3  8.7  1.33  6.67  4.92 116 1023.6  28.7  29.5  24.3 99.0 99.00
2016 07 18 04 50  89  7.1  8.2  1.35  6.25  5.13 118 1023.1  28.6  29.5  24.5 99.0 99.00
2016 07 18 05 50  86  6.5  8.3  1.35  7.69  5.21 118 1022.7  28.5  29.4  24.5 99.0 99.00
2016 07 18 06 50  92  6.6  7.9  1.38  7.14  5.27 116 1022.4  28.5  29.4  24.6 99.0 99.00
2016 07 18 07 50  85  7.0  8.3  1.41  7.69  5.24 123 1022.2  28.5  29.4  24.6 99.0 99.00
2016 07 18 08 50  86  7.4  8.7  1.40  6.67  5.36 103 1022.2  28.6  29.4  24.4 99.0 99.00
2016 07 18 09 50  92  7.1  8.1  1.41  6.67  5.15 117 1022.6  28.6  29.4  24.8 99.0 99.00
2016 07 18 10 50  88  7.4  8.6  1.38  6.67  5.22  95 1023.2  28.8  29.4  24.8 99.0 99.00
2016 07 18 11 50  90  7.9  9.3  1.40  8.33  5.19 127 1023.3  29.0  29.3  24.3 99.0 99.00
2016 07 18 12 50  94  7.4  8.7  1.53  8.33  5.14 117 1023.4  28.9  29.3  24.7 99.0 99.00
2016 07 18 13 50  95  8.1  9.8  1.58  5.88  5.25 107 1023.6  28.9  29.4  24.5 99.0 99.00
2016 07 18 14 50  93  7.2  8.4  1.44  6.67  5.14  97 1023.9  29.0  29.5  24.4 99.0 99.00
2016 07 18 15 50  92  7.5  8.8  1.38  7.14  5.09 104 1023.7  29.0  29.5  24.6 99.0 99.00
2016 07 18 16 50  83  6.1  7.8  1.36  7.14  4.99 119 1023.7  28.8  29.6  25.2 99.0 99.00
2016 07 18 17 50  84  7.1  8.1  1.44  7.14  5.26 119 1023.5  29.0  29.6  24.9 99.0 99.00
2016 07 18 18 50  81  7.2  8.3  1.51  6.67  5.34 108 1023.2  29.1  29.6  24.9 99.0 99.00
2016 07 18 19 50  84  8.4  9.8  1.59  8.33  5.42 134 1022.8  29.0  29.6  24.6 99.0 99.00
2016 07 18 20 50  84  8.2 10.4  1.65  8.33  5.35 127 1022.6  29.1  29.6  24.8 99.0 99.00
2016 07 18 21 50  86  8.2  9.6  1.81  7.69  5.58 117 1022.6  29.1  29.6  24.5 99.0 99.00
2016 07 18 22 50  85  7.5  8.9  1.76  7.14  5.32 124 1023.0  28.8  29.5  24.7 99.0 99.00
2016 07 18 23 50  90  7.1  8.0  1.84  7.14  5.59 113 1023.1  28.7  29.5  24.2 99.0 99.00
2016 07 19 00 50  72  7.8  9.5  1.99  8.33  5.95 117 1023.2  28.7  29.4  25.0 99.0 99.00
2016 07 19 01 50  72  8.7 10.4  1.93  7.69  5.78 114 1023.6  28.8  29.4  25.2 99.0 99.00
2016 07 19 02 50  92  8.9 11.2  1.99  8.33  5.57 111 1023.6  28.8  29.4  23.8 99.0 99.00
2016 07 19 03 50  90  8.5 10.0  1.99  7.69  5.57 112 1023.2  28.7  29.4  23.8 99.0 99.00
2016 07 19 04 50  98  8.0  9.4  1.90  8.33  5.63 105 1023.1  28.7  29.3  24.4 99.0 99.00
2016 07 19 05 50  94  6.8  8.0  1.75  7.69  5.49 110 1022.7  28.6  29.3  24.5 99.0 99.00
2016 07 19 06 50  88  7.4  8.6  1.75  8.33  5.76 114 1022.4  28.5  29.3  24.9 99.0 99.00
2016 07 19 07 50 111  7.9 10.1  1.82  8.33  5.84 103 1022.5  26.8  29.3  25.0 99.0 99.00
2016 07 19 08 50  89  7.3  8.9  1.73  9.09  5.73 109 1022.7  28.2  29.3  25.1 99.0 99.00
2016 07 19 09 50  98  8.3  9.6  1.89  9.09  5.98 108 1022.7  28.5  29.3  24.8 99.0 99.00
2016 07 19 10 50 100  7.4 10.2  1.89  8.33  5.90 104 1023.2  28.5  29.3  25.3 99.0 99.00
2016 07 19 11 50  94  7.4  9.3  1.98  9.09  6.04 112 1023.6  28.7  29.2  25.3 99.0 99.00
2016 07 19 12 50 106  7.5  8.7  1.88  9.09  5.75 124 1023.8  28.9  29.2  25.0 99.0 99.00
2016 07 19 13 50 110  7.3  8.7  2.02  8.33  5.92 107 1024.1  28.9  29.3  24.6 99.0 99.00
2016 07 19 14 50 122  6.7  7.8  1.81  9.09  5.71 108 1024.4  28.9  29.3  24.5 99.0 99.00
2016 07 19 15 50 115  6.7  7.9  1.96  8.33  5.94 104 1024.5  29.1  29.4  24.0 99.0 99.00
2016 07 19 16 50 113  6.3  7.5  2.17  8.33  6.32 105 1024.4  29.0  29.4  24.2 99.0 99.00
2016 07 19 17 50 106  6.0  7.5  2.03  9.09  6.22 106 1024.2  29.1  29.4  23.8 99.0 99.00
2016 07 19 18 50 103  6.0  7.2  2.16  8.33  6.43 117 1023.9  29.0  29.4  24.3 99.0 99.00
2016 07 19 19 50 106  6.5  8.0  1.91  8.33  6.21 120 1023.6  29.1  29.5  24.2 99.0 99.00
2016 07 19 20 50 107  7.3  8.8  1.98  8.33  6.28 104 1023.3  29.2  29.4  23.7 99.0 99.00
2016 07 19 21 50 105  7.0  8.5  1.95  8.33  6.02 102 1023.5  29.1  29.4  23.9 99.0 99.00
2016 07 19 22 50  95  7.4  9.0  1.90  9.09  5.95 104 1023.5  28.9  29.4  24.1 99.0 99.00
2016 07 19 23 50  99  7.5  8.9  2.01  8.33  6.06 107 1023.8  28.9  29.4  24.6 99.0 99.00
2016 07 20 00 50  97  7.4  8.9  1.93  8.33  5.99 106 1024.5  28.8  29.3  24.0 99.0 99.00
2016 07 20 01 50 102  7.2  8.7  1.89  8.33  5.94 103 1024.6  28.8  29.3  24.2 99.0 99.00
2016 07 20 02 50 112  8.3 10.0  1.97  8.33  5.95 109 1024.5  28.7  29.2  23.3 99.0 99.00
2016 07 20 03 50 115  8.0  9.5  1.85  9.09  5.75 114 1024.1  28.6  29.2  23.6 99.0 99.00
2016 07 20 04 50 116  8.2  9.9  1.75  8.33  5.65 105 1023.8  28.6  29.2  23.6 99.0 99.00
2016 07 20 05 50 112  7.5  9.5  1.83  9.09  5.79 109 1023.4  28.5  29.2  24.2 99.0 99.00
2016 07 20 06 50 119  7.8  9.1  1.69  9.09  5.54  91 1023.1  28.4  29.1  24.0 99.0 99.00
2016 07 20 07 50 120  6.9  8.2  1.81  9.09  5.74 104 1023.2  28.4  29.1  23.9 99.0 99.00
2016 07 20 08 50 111  6.9  9.0  1.78  8.33  5.90 105 1022.8  28.4  29.1  23.8 99.0 99.00
2016 07 20 09 50 120  7.0  8.3  1.61  9.09  5.82  90 1023.3  28.4  29.1  23.4 99.0 99.00
2016 07 20 10 50 116  7.2  8.2  1.79  8.33  6.17 101 1023.3  28.5  29.1  23.5 99.0 99.00
2016 07 20 11 50 123  6.8  8.0  1.72  8.33  5.81  97 1023.8  28.6  29.1  23.8 99.0 99.00
2016 07 20 12 50 120  7.0  8.6  1.80  9.09  5.91 103 1023.8  28.4  29.1  24.2 99.0 99.00
2016 07 20 13 50 123  7.9  9.3  1.99  8.33  6.05 102 1024.0  28.6  29.2  23.6 99.0 99.00
2016 07 20 14 50 129  7.6  9.1  1.94  9.09  6.02 107 1024.0  28.7  29.2  24.0 99.0 99.00
2016 07 20 15 50 128  7.3  8.8  1.75  9.09  5.69  96 1023.8  28.6  29.3  24.1 99.0 99.00
2016 07 20 16 50 131  7.0  8.3  1.68  8.33  5.65 105 1023.3  28.6  29.3  24.2 99.0 99.00
2016 07 20 17 50 137  6.6  7.6  1.68  7.14  5.68  98 1023.0  28.6  29.3  24.2 99.0 99.00
2016 07 20 18 50 142  5.5  6.8  1.89  8.33  6.17  99 1022.9  28.7  29.3  24.1 99.0 99.00
2016 07 20 19 50 140  5.8  7.2  1.80  8.33  5.97  99 1022.4  28.6  29.3  24.1 99.0 99.00
2016 07 20 21 50 140  5.8  6.7  1.67  9.09  6.01  92 1022.2  28.7  29.4  24.0 99.0 99.00
2016 07 20 22 50 134  4.8  6.1  1.59  9.09  5.87 107 1022.5  28.6  29.3  24.1 99.0 99.00
2016 07 20 23 50 137  4.7  6.0  1.66  8.33  6.17 102 1022.8  28.5  29.3  24.2 99.0 99.00
2016 07 21 00 50 130  4.8  5.8  1.54  8.33  6.12 102 1023.2  28.5  29.3  24.2 99.0 99.00
2016 07 21 01 50 139  5.4  7.1  1.57  9.09  5.98  99 1023.3  28.5  29.2  24.0 99.0 99.00
2016 07 21 02 50 147  4.6  5.6  1.55  8.33  6.06  96 1023.3  28.4  29.2  24.3 99.0 99.00
2016 07 21 03 50 151  4.7  5.9  1.48  8.33  6.11  99 1023.0  28.3  29.2  24.1 99.0 99.00
2016 07 21 04 50 149  4.6  5.6  1.50  8.33  6.05  85 1022.3  28.3  29.2  23.8 99.0 99.00
2016 07 21 05 50 159  4.5  5.4  1.45  8.33  6.05 103 1021.9  28.2  29.2  23.8 99.0 99.00
2016 07 21 06 50 174  3.2  4.2  1.48  7.69  6.22  99 1021.7  28.1  29.1  23.9 99.0 99.00
2016 07 21 07 50 167  2.7  3.6  1.41  7.69  6.03 106 1021.5  28.1  29.1  23.6 99.0 99.00
2016 07 21 08 50 168  3.2  3.8  1.39  8.33  6.19  97 1021.3  28.0  29.1  23.2 99.0 99.00
2016 07 21 09 50 162  2.6  3.5  1.39  8.33  6.26 102 1022.0  28.0  29.1  23.4 99.0 99.00
2016 07 21 10 50 156  1.5  2.0  1.30  9.09  6.25  98 1022.2  28.1  29.1  23.5 99.0 99.00
2016 07 21 11 50 148  1.8  2.3  1.40  8.33  6.24  99 1022.3  28.4  29.1  23.7 99.0 99.00
2016 07 21 12 50 131  2.6  3.6  1.39  8.33  6.28 102 1022.1  28.4  29.2  23.5 99.0 99.00
2016 07 21 13 50 135  4.0  4.9  1.34  8.33  6.29  91 1022.1  28.3  29.3  24.1 99.0 99.00
2016 07 21 14 50 137  6.1  7.3  1.36  9.09  6.40 102 1021.6  28.3  29.3  24.1 99.0 99.00
2016 07 21 15 50 158  6.2  7.6  1.27  9.09  5.88  99 1021.7  28.4  29.4  23.4 99.0 99.00
2016 07 21 16 50 167  5.4  6.6  1.24  8.33  6.00  99 1021.5  28.5  29.4  24.2 99.0 99.00
2016 07 21 17 50 173  5.9  6.9  1.23  8.33  5.91  98 1021.0  28.6  29.5  24.2 99.0 99.00
2016 07 21 18 50 184  5.3  6.4  1.27  9.09  6.16 100 1020.5  28.7  29.5  24.3 99.0 99.00
2016 07 21 19 50 183  5.5  6.3  1.24  8.33  5.76  97 1020.1  28.7  29.5  24.1 99.0 99.00
2016 07 21 20 50 187  4.4  5.5  1.26  8.33  5.93 104 1019.9  28.7  29.4  24.3 99.0 99.00
2016 07 21 21 50 189  3.5  4.3  1.35  9.09  6.35  99 1020.3  28.6  29.4  23.9 99.0 99.00
2016 07 21 22 50 219  2.1  2.9  1.15  7.69  5.86  96 1020.9  28.7  29.3  23.9 99.0 99.00
2016 07 21 23 50 227  2.5  3.1  1.20  7.69  6.12  97 1021.4  28.5  29.3  23.9 99.0 99.00
2016 07 22 00 50  66  4.6  6.7  1.24  9.09  6.23 112 1021.6  28.0  29.2  24.2 99.0 99.00
2016 07 22 01 50 105  2.0  2.6  1.20  7.69  6.28  95 1022.1  27.8  29.2  24.5 99.0 99.00
2016 07 22 02 50 152  2.9  3.4  1.23  8.33  6.35  93 1022.1  27.8  29.2  24.1 99.0 99.00
2016 07 22 03 50 195  1.9  2.9  1.18  7.69  6.28  92 1021.5  27.6  29.2  24.2 99.0 99.00
2016 07 22 04 50 192  1.7  2.3  1.25  7.69  6.52  97 1021.1  28.0  29.1  23.8 99.0 99.00
2016 07 22 05 50 180  3.6  4.3  1.10  9.09  6.37  93 1020.2  28.1  29.1  24.1 99.0 99.00
2016 07 22 06 50 192  2.4  3.0  1.14  8.33  6.41 108 1020.0  28.0  29.1  23.8 99.0 99.00
2016 07 22 07 50 214  2.6  3.4  1.12  7.69  6.26  89 1020.0  28.0  29.1  23.7 99.0 99.00
2016 07 22 08 50 213  2.1  2.9  1.29  8.33  6.78 100 1020.0  28.0  29.1  23.8 99.0 99.00
2016 07 22 09 50 198  2.3  3.0  1.18  8.33  6.65 108 1020.2  28.0  29.1  23.7 99.0 99.00
2016 07 22 10 50 213  2.0  2.6  1.16  8.33  6.50 102 1020.4  28.1  29.1  23.6 99.0 99.00
2016 07 22 11 50 182  2.5  3.3  1.12  8.33  6.40  94 1020.6  28.3  29.1  23.8 99.0 99.00
2016 07 22 12 50 176  1.8  2.8  1.19  8.33  6.60 104 1020.7  28.2  29.2  23.6 99.0 99.00
2016 07 22 13 50 202  1.8  2.4  1.20  8.33  6.50  91 1021.4  28.3  29.4  23.2 99.0 99.00
2016 07 22 14 50 193  2.7  3.3  1.13  9.09  6.61 106 1021.2  28.2  29.4  23.6 99.0 99.00
2016 07 22 15 50 199  2.1  2.6  1.25  8.33  6.51  98 1021.2  28.4  29.7  23.2 99.0 99.00
2016 07 22 16 50 210  2.2  2.7  1.09  9.09  6.50 117 1021.2  28.5  30.2  23.4 99.0 99.00
2016 07 22 17 50 209  2.0  2.8  1.03  7.69  6.21 106 1021.0  28.7  30.5  22.5 99.0 99.00
2016 07 22 18 50 223  1.6  3.0  1.03  9.09  6.39 106 1020.6  28.9  30.6  22.9 99.0 99.00
2016 07 22 19 50 249  1.5  2.7  1.06  9.09  6.41 111 1020.3  29.0  30.8  23.2 99.0 99.00
2016 07 22 20 50 201  1.0  1.7  0.94  8.33  6.23 108 1019.9  29.3  30.8  23.2 99.0 99.00
2016 07 22 21 50 302  0.6  1.2  0.95  8.33  6.27 122 1020.0  29.6  30.9  22.6 99.0 99.00
2016 07 22 22 50 183  0.5  1.1  1.09  7.69  6.55 105 1019.9  28.8  30.8  22.7 99.0 99.00
2016 07 22 23 50 138  2.3  3.3  1.02  8.33  6.35 108 1019.4  28.6  30.5  23.4 99.0 99.00
2016 07 23 00 50 158  2.4  3.1  1.00  8.33  6.51 105 1019.8  28.5  30.2  23.4 99.0 99.00
2016 07 23 01 50 150  2.3  3.0  1.07  8.33  6.65  92 1019.9  28.5  30.1  22.9 99.0 99.00
2016 07 23 02 50 177  3.1  4.0  1.09  7.69  6.38 109 1019.9  28.4  30.0  23.2 99.0 99.00
2016 07 23 03 50 161  3.0  4.0  1.05  9.09  6.59 111 1019.6  28.4  29.9  23.1 99.0 99.00
2016 07 23 04 50 164  3.4  4.4  1.02  8.33  6.36  99 1019.1  28.3  29.7  22.4 99.0 99.00
2016 07 23 05 50 151  3.3  4.3  1.05  7.69  6.49  96 1018.6  28.2  29.7  22.8 99.0 99.00
2016 07 23 06 50 152  2.9  4.1  1.04  7.69  6.21  97 1018.7  28.2  29.4  23.2 99.0 99.00
2016 07 23 07 50 163  3.9  4.7  0.99  8.33  6.26 100 1018.6  28.1  29.6  22.8 99.0 99.00
2016 07 23 08 50 181  3.5  4.1  1.01  8.33  6.17  96 1019.0  28.0  29.6  22.8 99.0 99.00
2016 07 23 09 50 173  3.0  3.6  1.03  7.69  6.20  97 1019.4  28.1  29.5  22.1 99.0 99.00
2016 07 23 10 50 177  2.7  3.7  0.99  7.14  6.09 101 1019.7  28.4  29.4  22.6 99.0 99.00
2016 07 23 11 50 172  2.6  3.4  0.85  7.69  5.74 107 1020.2  28.4  29.5  23.0 99.0 99.00
2016 07 23 12 50 170  3.1  3.9  0.86  7.69  5.98  98 1020.3  28.4  29.5  23.0 99.0 99.00
2016 07 23 13 50 158  3.1  3.9  0.98  7.14  6.19  96 1020.5  28.5  29.6  22.2 99.0 99.00
2016 07 23 14 50 167  3.3  4.0  0.92  8.33  6.28 118 1020.6  28.5  29.8  22.5 99.0 99.00
2016 07 23 15 50 143  4.0  5.0  0.90  7.69  6.17 103 1020.8  28.6  29.9  22.8 99.0 99.00
2016 07 23 16 50 151  4.3  5.3  0.91  8.33  6.36 103 1020.8  28.4  29.9  23.2 99.0 99.00
2016 07 23 17 50 170  4.6  5.9  0.92  7.69  5.41 108 1020.5  28.1  29.8  23.1 99.0 99.00
2016 07 23 18 50 164  3.4  4.3  0.88  7.69  5.37 101 1020.4  28.5  29.9  22.7 99.0 99.00
2016 07 23 19 50 185  2.9  3.7  0.81  8.33  5.24 126 1020.4  28.5  29.9  22.3 99.0 99.00
2016 07 23 20 50 187  1.8  2.2  0.83  7.69  5.38  98 1020.3  28.7  30.0  22.3 99.0 99.00
2016 07 23 21 50 198  1.3  1.7  0.79  8.33  5.76 113 1020.4  28.9  30.0  22.6 99.0 99.00
2016 07 23 22 50 180  1.5  2.1  0.77  7.69  5.74 104 1020.5  28.6  29.9  22.9 99.0 99.00
2016 07 23 23 50 125  4.5  5.7  0.82  8.33  5.96 117 1020.1  28.5  29.8  23.9 99.0 99.00
2016 07 24 00 50 133  4.5  5.8  0.82  7.69  6.01  91 1020.4  28.5  29.7  23.5 99.0 99.00
2016 07 24 01 50 136  4.8  5.7  0.79  8.33  5.46 103 1020.5  28.3  29.6  23.5 99.0 99.00
2016 07 24 02 50 137  4.6  5.4  0.80  7.69  5.57 108 1020.7  28.4  29.6  22.8 99.0 99.00
2016 07 24 03 50 147  5.3  6.6  0.85  7.69  5.40  87 1020.4  28.3  29.5  23.4 99.0 99.00
2016 07 24 04 50 142  5.5  7.0  0.84  7.69  4.99  87 1020.0  28.3  29.4  22.8 99.0 99.00
2016 07 24 05 50 140  5.7  6.8  0.94  7.69  5.16  95 1019.6  28.2  29.4  23.5 99.0 99.00
2016 07 24 06 50 144  5.9  7.0  0.94  8.33  4.93 119 1019.8  28.2  29.4  23.1 99.0 99.00
2016 07 24 07 50 142  6.5  7.6  0.90  7.69  4.66 105 1019.9  28.2  29.4  22.5 99.0 99.00
2016 07 24 08 50 145  5.7  7.1  0.94  8.33  4.78 113 1020.2  28.2  29.4  22.6 99.0 99.00
2016 07 24 09 50 149  6.2  7.3  0.92  7.14  4.78 110 1020.7  28.3  29.4  21.9 99.0 99.00
2016 07 24 10 50 159  4.9  6.0  0.99  7.14  4.77  85 1021.4  28.4  29.4  22.9 99.0 99.00
2016 07 24 11 50 152  4.8  6.7  0.98  7.69  4.82  99 1021.6  28.4  29.4  23.3 99.0 99.00
2016 07 24 12 50 163  6.8  8.2  0.96  7.69  4.86  92 1021.4  28.2  29.4  23.4 99.0 99.00
2016 07 24 13 50 167  5.1  6.1  0.98  7.69  4.67  97 1021.8  28.5  29.4  22.0 99.0 99.00
2016 07 24 14 50 166  5.2  6.1  1.01  6.67  4.87 108 1022.2  28.5  29.5  23.1 99.0 99.00
2016 07 24 15 50 165  4.5  5.7  0.98  7.14  4.78  95 1022.1  28.5  29.6  22.7 99.0 99.00
2016 07 24 16 50 159  4.2  5.0  0.96  7.69  5.03 106 1022.0  28.6  29.7  22.9 99.0 99.00
2016 07 24 17 50 170  4.4  5.3  1.00  7.69  5.05 116 1021.7  28.8  29.7  21.9 99.0 99.00
2016 07 24 18 50 174  3.3  4.3  0.89  8.33  5.00 111 1021.7  28.7  29.8  22.8 99.0 99.00
2016 07 24 19 50 176  3.1  4.0  0.96  7.69  5.14 115 1021.5  28.7  29.9  22.2 99.0 99.00
2016 07 24 20 50 150  3.3  4.2  0.90  6.67  5.34 123 1021.1  28.6  29.9  22.2 99.0 99.00
2016 07 24 21 50 140  3.2  4.0  0.91  6.67  5.25 123 1021.3  28.6  29.8  23.0 99.0 99.00
2016 07 24 22 50 149  3.3  4.3  0.85  7.14  5.39 117 1021.7  28.5  29.7  22.8 99.0 99.00
2016 07 24 23 50 143  3.2  4.4  0.88  7.69  5.38 102 1021.9  28.5  29.6  22.0 99.0 99.00
2016 07 25 00 50 139  3.9  4.7  0.98  7.69  5.64 121 1021.9  28.4  29.6  22.9 99.0 99.00
2016 07 25 01 50 136  3.3  4.3  0.88  5.88  5.46 121 1022.4  28.4  29.5  22.3 99.0 99.00
2016 07 25 02 50 139  3.3  4.5  0.94  7.14  5.43 115 1022.4  28.2  29.4  23.0 99.0 99.00
2016 07 25 03 50 142  3.8  4.9  0.97  8.33  5.66 114 1021.9  28.1  29.4  22.4 99.0 99.00
2016 07 25 04 50 136  2.8  4.0  0.91  7.69  5.36  94 1021.4  28.0  29.4  22.5 99.0 99.00
2016 07 25 05 50 138  3.3  4.7  0.98  6.67  5.55 102 1021.0  27.9  29.3  22.3 99.0 99.00
2016 07 25 06 50 135  1.5  2.2  1.00  7.14  5.61  98 1021.0  27.9  29.3  22.8 99.0 99.00
2016 07 25 07 50 130  2.1  2.9  1.03  7.14  5.71 104 1021.1  27.9  29.3  21.7 99.0 99.00
2016 07 25 08 50 151  1.7  2.3  0.95  7.69  5.79 108 1021.2  27.9  29.3  21.9 99.0 99.00
2016 07 25 09 50 129  2.2  3.0  0.97  7.14  5.76  98 1021.3  28.0  29.3  21.8 99.0 99.00
2016 07 25 10 50 139  1.7  2.6  0.95  7.14  5.78 106 1021.7  28.3  29.3  22.3 99.0 99.00
2016 07 25 11 50 134  3.1  4.2  0.92  6.25  5.76 116 1021.6  28.3  29.3  22.7 99.0 99.00
2016 07 25 12 50 150  2.9  3.8  0.92  7.14  5.76 111 1021.6  28.2  29.4  22.2 99.0 99.00
2016 07 25 13 50 150  1.7  2.4  1.02  7.69  6.08 105 1021.9  28.3  29.5  21.5 99.0 99.00
2016 07 25 14 50 156  0.9  1.6  0.96  6.25  5.75 123 1022.1  28.4  29.9  21.5 99.0 99.00
2016 07 25 15 50 170  0.5  1.1  0.97  6.67  5.84 116 1022.1  28.5  30.9  21.7 99.0 99.00
2016 07 25 16 50 150  0.6  1.5  0.93  6.67  5.66 117 1022.0  28.6  31.6  21.5 99.0 99.00
2016 07 25 17 50 208  0.5  1.7  0.90  6.67  5.58 111 1021.8  29.2  32.3  21.6 99.0 99.00
2016 07 25 18 50 298  1.1  1.9  0.91  6.67  5.62 106 1021.3  29.2  32.5  21.5 99.0 99.00
2016 07 25 19 50 169  0.4  1.3  0.96  7.14  5.67 117 1020.9  29.7  33.1  21.1 99.0 99.00
2016 07 25 20 50 318  0.7  1.4  0.87  6.25  5.75 124 1020.7  29.6  32.1  19.9 99.0 99.00
2016 07 25 21 50 358  1.3  2.1  0.84  7.69  5.85 109 1020.7  29.9  31.3  20.3 99.0 99.00
2016 07 25 22 50 331  1.3  2.0  0.85  8.33  5.75 121 1021.0  29.0  31.3  21.2 99.0 99.00
2016 07 25 23 50 350  1.4  2.3  0.81  6.67  5.78 112 1021.2  28.7  30.6  21.5 99.0 99.00
2016 07 26 00 50 307  0.6  1.4  0.82  7.69  5.79 116 1021.4  28.6  30.4  21.7 99.0 99.00
2016 07 26 01 50  95  0.3  0.9  0.87  7.69  5.84 105 1021.5  28.5  30.4  21.8 99.0 99.00
2016 07 26 02 50 359  0.5  1.1  0.87  7.69  5.82 112 1021.1  28.4  29.9  21.8 99.0 99.00
2016 07 26 03 50  10  0.7  1.2  0.94  7.69  5.94 105 1020.7  28.3  29.7  21.6 99.0 99.00
2016 07 26 04 50 128  0.6  1.1  0.96  6.67  5.86 112 1020.1  28.2  29.8  21.6 99.0 99.00
2016 07 26 05 50 113  0.4  0.7  0.94  6.67  5.76 100 1019.7  28.1  29.7  21.7 99.0 99.00
2016 07 26 06 50 328  0.7  1.2  0.95  7.14  5.79  94 1019.6  28.0  29.6  21.7 99.0 99.00
2016 07 26 07 50 299  0.9  1.8  0.86  7.14  5.63  83 1019.4  28.0  29.6  21.3 99.0 99.00
2016 07 26 08 50 230  0.4  1.6  0.88  7.14  5.74  94 1019.9  28.0  29.7  21.2 99.0 99.00
2016 07 26 09 50 323  0.5  1.5  0.88  7.69  5.87  89 1020.4  28.0  29.5  21.0 99.0 99.00
2016 07 26 10 50 229  1.6  2.2  0.86  6.25  5.76 102 1020.4  28.3  29.5  21.8 99.0 99.00
2016 07 26 11 50 268  1.2  1.8  0.85  7.14  5.80 102 1020.8  28.2  29.5  22.2 99.0 99.00
2016 07 26 12 50 289  1.7  2.4  0.84  6.67  5.85  97 1020.8  28.1  29.6  22.4 99.0 99.00
2016 07 26 13 50 290  1.9  2.5  0.91  7.14  6.11  93 1020.7  28.2  29.8  22.7 99.0 99.00
2016 07 26 14 50 306  1.7  2.8  0.91  6.67  6.01 109 1021.0  28.3  29.9  22.4 99.0 99.00
2016 07 26 15 50 278  1.9  2.9  0.88  6.67  5.98 114 1020.5  28.4  30.2  22.1 99.0 99.00
2016 07 26 16 50 276  1.5  2.6  0.84  6.67  5.81 105 1020.4  28.7  30.4  20.8 99.0 99.00
2016 07 26 17 50 270  2.4  3.5  0.90  8.33  6.13  80 1019.9  28.6  30.4  21.9 99.0 99.00
2016 07 26 18 50  14  5.9  7.5  0.87  7.14  5.87 104 1019.5  27.3  30.2  23.7 99.0 99.00
2016 07 26 19 50 241  2.5  3.5  0.80  7.69  5.82 119 1019.3  27.3  29.8  23.0 99.0 99.00
2016 07 26 20 50 338  2.3  4.1  0.80  7.69  5.87  76 1019.3  27.4  29.7  23.1 99.0 99.00
2016 07 26 21 50 301  3.2  4.1  0.76  7.69  5.51 117 1019.0  27.0  29.7  23.2 99.0 99.00
2016 07 26 22 50 266  3.0  3.8  0.77  7.69  5.79  94 1018.6  27.3  29.7  23.4 99.0 99.00
2016 07 26 23 50 300  4.0  4.9  0.77  7.14  5.99 104 1018.7  27.9  29.8  23.1 99.0 99.00
2016 07 27 00 50 310  2.9  4.2  0.83  7.69  5.95  86 1019.2  27.7  29.6  23.5 99.0 99.00
2016 07 27 01 50 295  2.5  3.4  0.81  7.14  5.85 115 1019.2  27.9  29.6  23.6 99.0 99.00
2016 07 27 02 50 306  3.2  3.9  0.82  7.69  6.18 111 1019.4  28.0  29.5  23.3 99.0 99.00
2016 07 27 03 50 311  3.4  4.4  0.93  7.14  6.15 120 1018.8  28.0  29.5  23.4 99.0 99.00
2016 07 27 04 50 333  3.7  4.6  0.86  7.69  6.03 119 1018.1  28.0  29.6  23.7 99.0 99.00
2016 07 27 05 50 320  2.7  3.6  0.91  6.67  6.03 114 1017.9  27.8  29.5  23.7 99.0 99.00
2016 07 27 06 50 326  2.8  3.5  0.87  7.14  5.94  79 1017.7  27.8  29.5  23.0 99.0 99.00
2016 07 27 07 50 334  2.6  3.4  0.92  7.14  6.07  65 1017.6  27.8  29.5  23.0 99.0 99.00
2016 07 27 08 50 318  2.8  3.9  0.96  7.14  6.13  80 1017.7  27.8  29.5  23.3 99.0 99.00
2016 07 27 09 50 323  3.1  4.2  0.87  6.67  6.04  48 1017.9  27.8  29.4  23.3 99.0 99.00
2016 07 27 10 50 324  2.7  3.8  0.92  7.69  6.26 108 1018.6  28.0  29.4  22.8 99.0 99.00
2016 07 27 11 50 325  3.0  3.7  0.85  7.14  6.23  92 1019.0  28.1  29.5  23.0 99.0 99.00
2016 07 27 12 50 322  4.2  5.1  0.87  7.14  6.23  94 1019.0  27.8  29.5  23.7 99.0 99.00
2016 07 27 13 50 337  2.5  3.1  0.89  8.33  5.76 100 1019.1  27.3  29.5  22.2 99.0 99.00
2016 07 27 14 50 332  2.8  3.5  0.85  6.67  5.92  93 1019.1  27.6  29.7  22.9 99.0 99.00
2016 07 27 15 50 320  2.0  2.6  0.92  7.14  5.62 110 1018.6  27.9  30.0  22.7 99.0 99.00
2016 07 27 16 50 302  2.9  3.8  0.84  7.69  5.75  99 1018.5  27.9  30.1  22.5 99.0 99.00
2016 07 27 17 50 311  3.2  4.3  0.94  6.67  6.03  94 1018.0  28.2  30.2  22.8 99.0 99.00
2016 07 27 18 50 291  4.3  5.4  0.86  9.09  6.03 102 1017.6  28.3  30.1  23.0 99.0 99.00
2016 07 27 19 50 307  4.4  5.5  0.81  6.67  5.94 104 1017.3  28.4  30.1  23.2 99.0 99.00
2016 07 27 20 50 322  3.9  5.0  0.80  9.09  5.88  92 1017.3  28.4  30.0  23.2 99.0 99.00
2016 07 27 21 50 316  4.0  4.9  0.74  9.09  5.97  90 1017.4  28.5  29.9  23.1 99.0 99.00
2016 07 27 22 50 335  2.3  3.4  0.79  8.33  6.15  80 1017.7  28.2  29.8  22.9 99.0 99.00
2016 07 27 23 50 310  3.0  4.0  0.79  8.33  6.29  91 1018.0  28.3  29.8  22.8 99.0 99.00
2016 07 28 00 50 314  3.1  3.9  0.77  8.33  6.41  84 1018.1  28.3  29.7  22.6 99.0 99.00
2016 07 28 01 50 311  2.8  3.6  0.78  8.33  6.49  88 1018.2  28.2  29.6  22.5 99.0 99.00
2016 07 28 02 50 312  2.4  3.3  0.74  7.69  6.30 105 1018.0  28.2  29.6  22.2 99.0 99.00
2016 07 28 03 50 320  1.0  1.9  0.82  8.33  6.45  97 1017.6  28.1  29.6  22.2 99.0 99.00
2016 07 28 04 50 329  1.6  1.9  0.84  8.33  6.45  93 1017.0  28.0  29.5  22.1 99.0 99.00
2016 07 28 05 50  13  1.0  1.6  0.81  8.33  6.35  87 1016.6  27.9  29.4  22.1 99.0 99.00
2016 07 28 06 50  46  0.5  1.1  0.86  8.33  6.54  84 1016.6  27.7  29.4  22.2 99.0 99.00
2016 07 28 07 50 246  0.6  1.3  0.81  8.33  6.25  86 1016.4  27.6  29.4  22.2 99.0 99.00
2016 07 28 08 50 249  0.6  1.6  0.87  8.33  6.43  82 1016.8  27.6  29.3  21.8 99.0 99.00
2016 07 28 09 50 215  1.1  1.8  0.83  7.69  6.19  80 1017.3  27.7  29.3  22.0 99.0 99.00
2016 07 28 10 50 234  1.0  1.5  0.85  7.69  6.23 106 1017.9  28.3  29.3  22.6 99.0 99.00
2016 07 28 11 50 128  2.3  3.4  0.83  8.33  6.33  88 1018.2  28.2  29.3  22.8 99.0 99.00
2016 07 28 12 50 169  2.6  3.4  0.90  8.33  6.56  89 1018.4  28.4  29.5  22.0 99.0 99.00
2016 07 28 13 50 154  3.5  4.2  0.90  8.33  6.52  84 1018.6  28.3  29.5  22.7 99.0 99.00
2016 07 28 15 50 169  5.3  6.5  0.90  7.14  5.72  95 1018.5  27.9  29.5  22.5 99.0 99.00
2016 07 28 16 50 193  5.9  7.0  0.91  7.69  5.66  90 1018.0  28.3  29.5  24.1 99.0 99.00
2016 07 28 17 50 173  5.9  7.0  0.93  8.33  5.27  93 1017.5  28.7  29.6  22.9 99.0 99.00
2016 07 28 18 50 210  6.2  7.1  0.94  8.33  5.12  62 1017.6  28.5  29.5  23.7 99.0 99.00
2016 07 28 19 50 191  5.2  6.4  0.98  7.69  5.06  96 1017.4  28.8  29.5  23.6 99.0 99.00
2016 07 28 20 50 191  5.7  7.2  0.96  8.33  4.97  81 1017.6  28.7  29.5  22.9 99.0 99.00
2016 07 28 21 50 176  5.5  7.2  0.93  8.33  4.77  62 1017.8  28.7  29.5  24.0 99.0 99.00
2016 07 28 22 50 197  5.7  6.9  0.92  7.69  4.63  47 1018.3  28.6  29.5  23.9 99.0 99.00
2016 07 28 23 50 235  3.6  5.3  1.04  8.33  4.79  86 1018.8  28.0  29.4  23.7 99.0 99.00
2016 07 29 00 50 188  4.7  5.8  1.05  7.69  5.12 344 1019.2  28.4  29.4  23.4 99.0 99.00
2016 07 29 01 50 183  5.0  6.0  1.04  7.69  4.87  61 1019.3  28.5  29.4  23.3 99.0 99.00
2016 07 29 02 50 167  4.8  5.9  1.08  7.69  5.00  12 1019.4  28.3  29.4  23.5 99.0 99.00
2016 07 29 03 50 168  5.1  6.6  1.11  7.14  5.22  14 1019.2  28.3  29.4  23.6 99.0 99.00
2016 07 29 04 50 160  5.7  7.2  1.14  8.33  5.27  81 1018.7  28.3  29.3  23.0 99.0 99.00
2016 07 29 05 50 146  5.4  6.4  1.15  9.09  5.14  85 1018.6  28.3  29.2  22.3 99.0 99.00
2016 07 29 06 50 147  4.7  5.9  1.20  8.33  5.31  75 1018.6  28.2  29.2  23.4 99.0 99.00
2016 07 29 07 50 139  6.3  7.7  1.14  8.33  5.21  89 1018.4  28.2  29.2  23.4 99.0 99.00
2016 07 29 08 50 150  6.6  7.8  1.14  8.33  5.09  82 1018.8  28.2  29.2  22.9 99.0 99.00
2016 07 29 09 50 144  6.7  7.8  1.15  8.33  5.15  92 1019.4  28.2  29.2  22.6 99.0 99.00
2016 07 29 10 50 141  6.1  7.1  1.24  8.33  5.34  89 1019.9  28.3  29.2  23.1 99.0 99.00
2016 07 29 11 50 140  6.9  8.2  1.12  8.33  4.79  84 1020.1  28.4  29.1  23.2 99.0 99.00
2016 07 29 12 50 146  6.8  8.0  1.13  8.33  5.03  95 1020.6  28.5  29.1  22.7 99.0 99.00
2016 07 29 13 50 148  6.4  7.6  1.08  8.33  4.82  86 1020.8  28.6  29.2  23.1 99.0 99.00
2016 07 29 14 50 149  6.0  7.2  1.08  7.69  4.87  83 1020.9  28.6  29.2  23.9 99.0 99.00
2016 07 29 15 50 153  6.0  7.0  1.05  8.33  4.88  91 1020.8  28.6  29.3  23.4 99.0 99.00
2016 07 29 16 50 151  6.6  8.2  1.13  7.69  4.93  78 1020.3  28.7  29.3  24.1 99.0 99.00
2016 07 29 17 50 152  7.2  8.2  1.08  7.69  4.72 104 1020.1  28.9  29.3  23.6 99.0 99.00
2016 07 29 18 50 152  6.1  7.5  1.09  9.09  4.64  96 1020.1  28.9  29.4  23.7 99.0 99.00
2016 07 29 19 50 148  5.6  6.7  1.17  8.33  4.73  96 1020.3  29.0  29.4  24.1 99.0 99.00
2016 07 29 20 50 153  5.6  6.9  1.12  4.76  4.80 139 1020.4  29.0  29.4  23.9 99.0 99.00
2016 07 29 21 50 152  5.7  6.7  1.18  9.09  4.92  85 1020.5  28.9  29.4  23.8 99.0 99.00
2016 07 29 22 50 154  5.0  6.2  1.07  5.26  4.88 121 1021.0  28.9  29.4  23.9 99.0 99.00
2016 07 29 23 50 149  5.3  6.3  1.07  9.09  4.92  87 1021.5  28.8  29.5  24.2 99.0 99.00
2016 07 30 00 50 150  5.0  5.7  1.12  9.09  5.15  94 1022.1  28.8  29.4  23.6 99.0 99.00
2016 07 30 01 50 131  4.6  5.6  1.04  5.00  5.14 133 1022.3  28.7  29.4  24.0 99.0 99.00
2016 07 30 02 50 142  4.5  5.5  1.13  5.26  5.24 135 1022.5  28.7  29.4  23.9 99.0 99.00
2016 07 30 03 50 135  5.0  5.9  1.09  9.09  5.32  84 1022.3  28.7  29.3  24.0 99.0 99.00
2016 07 30 04 50 142  4.5  5.3  1.06  9.09  5.24  75 1022.1  28.6  29.3  24.1 99.0 99.00
2016 07 30 05 50 135  5.3  6.7  1.07  9.09  5.20  90 1021.5  28.5  29.3  23.8 99.0 99.00
2016 07 30 06 50 131  6.0  7.0  1.10  8.33  5.33  78 1021.2  28.4  29.2  23.7 99.0 99.00
2016 07 30 07 50 133  5.0  6.2  1.07  9.09  5.30  76 1021.1  28.4  29.1  23.6 99.0 99.00
2016 07 30 08 50 125  5.6  6.8  1.15  9.09  5.27  73 1021.2  28.3  29.1  23.4 99.0 99.00
2016 07 30 09 50 126  6.4  7.7  1.12  9.09  5.20  82 1021.7  28.3  29.1  22.9 99.0 99.00
2016 07 30 10 50 128  6.3  7.4  1.06  8.33  5.03  93 1022.1  28.5  29.1  22.8 99.0 99.00
2016 07 30 11 50 134  5.9  7.3  1.07  7.69  4.91  81 1022.5  28.6  29.1  22.7 99.0 99.00
2016 07 30 12 50 133  5.9  7.2  1.18  8.33  5.20  72 1022.9  28.5  29.1  22.7 99.0 99.00
2016 07 30 13 50 130  5.4  6.2  1.04  7.69  5.01  89 1023.1  28.6  29.1  22.7 99.0 99.00
2016 07 30 14 50 132  5.0  5.9  1.09  8.33  5.01  86 1023.3  28.6  29.2  22.9 99.0 99.00
2016 07 30 15 50 144  4.5  6.4  1.15  7.69  5.20  91 1023.1  28.6  29.3  23.5 99.0 99.00
2016 07 30 16 50 129  4.5  5.7  1.27  8.33  5.32  94 1023.0  28.7  29.3  23.3 99.0 99.00
2016 07 30 17 50 140  4.4  5.1  1.25  9.09  5.55  74 1022.9  28.8  29.4  23.8 99.0 99.00
2016 07 30 18 50 129  5.0  6.1  1.29  6.67  5.39 116 1022.7  28.8  29.4  23.3 99.0 99.00
2016 07 30 19 50 114  3.8  4.6  1.30  6.25  5.41 118 1022.4  28.9  29.5  23.2 99.0 99.00
2016 07 30 20 50 102  3.7  4.6  1.23  8.33  5.56  93 1022.4  29.0  29.6  23.0 99.0 99.00
2016 07 30 21 50 106  4.1  5.4  1.36  8.33  5.69  84 1022.6  29.0  29.7  23.3 99.0 99.00
2016 07 30 22 50  94  4.3  5.4  1.23  7.14  5.52 114 1023.2  28.8  29.7  22.9 99.0 99.00
2016 07 30 23 50  99  4.7  5.8  1.18  9.09  5.55 106 1023.4  28.7  29.6  22.5 99.0 99.00
2016 07 31 00 50  88  4.7  5.8  1.19  8.33  5.65  95 1024.0  28.7  29.6  22.4 99.0 99.00
2016 07 31 01 50  96  4.6  5.7  1.31  8.33  5.72  92 1024.5  28.8  29.5  21.6 99.0 99.00
2016 07 31 02 50 101  4.6  6.1  1.15  6.67  5.53 121 1024.5  28.5  29.5  22.5 99.0 99.00
2016 07 31 03 50  90  5.4  6.2  1.19  7.69  5.67 107 1024.1  28.5  29.4  22.1 99.0 99.00
2016 07 31 04 50  97  4.9  5.8  1.31  7.69  5.73 108 1023.6  28.4  29.4  22.7 99.0 99.00
2016 07 31 05 50  77  4.2  5.5  1.37  7.69  5.90 107 1023.3  28.3  29.3  22.8 99.0 99.00
2016 07 31 06 50  97  6.2  7.2  1.33  6.25  5.67 126 1022.8  28.4  29.3  23.1 99.0 99.00
2016 07 31 07 50  95  6.4  7.4  1.24  7.69  5.48 120 1022.5  28.3  29.2  22.4 99.0 99.00
2016 07 31 08 50 101  6.3  7.8  1.42  7.69  5.55 114 1022.6  28.4  29.2  22.0 99.0 99.00
2016 07 31 09 50 103  5.8  7.4  1.34  7.69  5.55 105 1023.1  28.3  29.1  22.8 99.0 99.00
2016 07 31 10 50 107  5.6  6.6  1.34  8.33  5.50  93 1023.6  28.5  29.1  22.4 99.0 99.00
2016 07 31 11 50 109  5.2  6.6  1.43  8.33  5.81  98 1023.8  28.4  29.1  22.8 99.0 99.00
2016 07 31 12 50 116  5.5  6.4  1.40  7.69  5.77 100 1023.8  28.5  29.2  22.4 99.0 99.00
2016 07 31 13 50 112  5.3  6.6  1.47  9.09  5.88 116 1023.9  28.6  29.2  22.9 99.0 99.00
2016 07 31 14 50 105  4.7  5.6  1.44  8.33  6.01 115 1023.8  28.6  29.3  22.8 99.0 99.00
2016 07 31 15 50 101  4.5  5.7  1.43  7.69  5.81 117 1023.5  28.6  29.3  23.0 99.0 99.00
2016 07 31 16 50  96  5.1  6.2  1.57  8.33  6.17 119 1023.2  28.7  29.5  23.5 99.0 99.00
2016 07 31 17 50  94  5.4  6.4  1.56  8.33  6.10 122 1022.9  28.7  29.5  22.9 99.0 99.00
2016 07 31 18 50  84  4.9  6.3  1.64  7.69  6.12 125 1022.7  28.9  29.5  22.7 99.0 99.00
2016 07 31 19 50  78  4.8  5.9  1.60  7.69  5.89 122 1022.7  29.0  29.6  22.8 99.0 99.00
2016 07 31 20 50  71  5.0  6.1  1.64  7.69  6.05 126 1022.6  28.9  29.7  22.9 99.0 99.00
2016 07 31 21 50  67  5.2  6.7  1.51  8.33  5.73 130 1022.6  28.9  29.7  23.1 99.0 99.00
2016 07 31 22 50  74  5.6  6.8  1.46  8.33  5.80 120 1023.2  28.8  29.6  22.3 99.0 99.00
