#YY  MM DD hh mm WDIR WSPD GST  WVHT   DPD   APD MWD   PRES  ATMP  WTMP  DEWP  VIS  TIDE
#yr  mo dy hr mn degT m/s  m/s     m   sec   sec deg    hPa  degC  degC  degC  nmi    ft
2016 07 31 23 50  80  5.4  6.6  1.53  8.33  6.06 127 1023.4  28.7  29.6  22.8 99.0 99.00
2016 08 01 00 50  82  5.1  6.1  1.59  8.33  6.32 123 1024.0  28.7  29.5  22.8 99.0 99.00
2016 08 01 01 50  76  5.4  6.2  1.49  9.09  6.19 131 1024.3  28.7  29.5  22.9 99.0 99.00
2016 08 01 02 50  82  5.2  6.6  1.46  9.09  6.39 125 1024.0  28.6  29.5  22.9 99.0 99.00
2016 08 01 03 50  79  4.4  5.5  1.56  9.09  6.39 128 1023.6  28.5  29.4  23.4 99.0 99.00
2016 08 01 04 50  96  4.7  6.0  1.44  8.33  6.31 118 1023.0  28.4  29.3  23.0 99.0 99.00
2016 08 01 05 50  94  4.1  5.2  1.52  9.09  6.35 129 1022.5  28.4  29.3  22.6 99.0 99.00
2016 08 01 06 50  86  3.8  5.1  1.58  8.33  6.42 126 1022.2  28.3  29.2  22.8 99.0 99.00
2016 08 01 07 50  74  3.7  4.6  1.62  8.33  6.35 111 1022.0  28.3  29.2  22.7 99.0 99.00
2016 08 01 08 50  39  2.9  3.9  1.63  9.09  6.41 126 1022.1  28.1  29.2  23.1 99.0 99.00
2016 08 01 09 50  61  1.3  2.1  1.51  9.09  6.45 113 1022.4  28.0  29.1  23.4 99.0 99.00
2016 08 01 10 50  91  4.6  6.2  1.58  9.09  6.38 130 1022.6  28.3  29.1  23.3 99.0 99.00
2016 08 01 11 50  90  5.1  6.1  1.52  8.33  6.23 109 1023.0  28.6  29.1  22.7 99.0 99.00
2016 08 01 12 50  86  4.2  5.3  1.43  9.09  6.14 122 1023.3  28.7  29.2  22.5 99.0 99.00
2016 08 01 13 50  84  3.3  3.9  1.47 10.00  6.45 123 1023.6  28.6  29.2  23.0 99.0 99.00
2016 08 01 14 50  83  4.2  5.1  1.37  8.33  6.49 103 1023.4  28.6  29.3  22.0 99.0 99.00
2016 08 01 15 50  77  3.7  4.9  1.52  8.33  6.45 119 1023.2  28.5  29.4  22.3 99.0 99.00
2016 08 01 17 50  71  4.4  5.9  1.53  9.09  6.59 126 1022.4  28.6  29.6  22.2 99.0 99.00
2016 08 01 18 50  66  4.0  5.2  1.58  9.09  6.59 133 1022.1  28.6  29.6  22.6 99.0 99.00
2016 08 01 19 50  64  4.2  5.1  1.44  8.33  6.04 119 1021.6  28.7  29.7  22.7 99.0 99.00
2016 08 01 20 50  70  3.6  4.6  1.61  7.69  6.43 115 1021.4  28.8  29.7  22.7 99.0 99.00
2016 08 01 21 50  69  3.7  4.7  1.48  8.33  6.21 121 1021.4  28.6  29.7  22.6 99.0 99.00
2016 08 01 22 50  56  3.9  4.8  1.42  8.33  6.24 127 1021.5  28.5  29.6  22.8 99.0 99.00
2016 08 01 23 50  77  5.1  6.1  1.46  9.09  6.38 124 1021.7  28.5  29.5  22.6 99.0 99.00
2016 08 02 00 50  76  5.1  6.2  1.35  9.09  6.14 126 1022.0  28.5  29.5  22.3 99.0 99.00
2016 08 02 01 50  74  4.5  5.8  1.34  9.09  6.14 128 1022.4  28.4  29.5  22.2 99.0 99.00
2016 08 02 02 50  67  3.8  4.7  1.27  8.33  6.26 120 1022.6  28.3  29.5  21.6 99.0 99.00
2016 08 02 03 50  74  4.1  5.1  1.32  8.33  6.41 126 1022.1  28.1  29.4  21.4 99.0 99.00
2016 08 02 04 50  70  3.7  4.9  1.31  7.69  6.28 117 1021.6  28.1  29.5  21.2 99.0 99.00
2016 08 02 05 50  77  4.0  5.0  1.32  9.09  6.34 127 1021.0  27.9  29.4  21.8 99.0 99.00
2016 08 02 06 50  70  4.3  6.1  1.37  9.09  6.37 127 1020.6  27.8  29.3  21.9 99.0 99.00
2016 08 02 07 50  74  4.3  5.6  1.37  8.33  6.16 113 1020.4  27.7  29.2  21.5 99.0 99.00
2016 08 02 08 50  73  3.6  5.1  1.23  6.67  5.97 114 1020.6  27.7  29.2  21.0 99.0 99.00
2016 08 02 09 50  78  3.9  4.9  1.23  7.69  6.06 117 1020.6  27.8  29.2  20.6 99.0 99.00
2016 08 02 10 50  68  2.9  4.1  1.19  9.09  6.15 119 1020.9  28.3  29.2  20.7 99.0 99.00
2016 08 02 11 50  79  3.0  3.9  1.26  9.09  6.19 119 1021.2  28.2  29.2  21.4 99.0 99.00
2016 08 02 12 50  71  3.2  4.2  1.24  8.33  6.36 106 1021.5  28.2  29.3  21.8 99.0 99.00
2016 08 02 13 50  82  3.9  5.1  1.11  8.33  6.13 107 1021.8  28.3  29.4  22.5 99.0 99.00
2016 08 02 14 50  78  3.7  4.6  1.07  8.33  6.17  94 1022.0  28.3  29.4  22.7 99.0 99.00
2016 08 02 15 50  91  4.0  5.0  1.08  8.33  5.98  98 1022.0  28.2  29.6  23.2 99.0 99.00
2016 08 02 16 50  78  2.4  3.1  1.14  8.33  6.02 112 1021.8  27.2  29.4  23.4 99.0 99.00
2016 08 02 17 50  81  4.0  4.7  1.09  8.33  5.84 114 1021.3  28.1  29.4  23.3 99.0 99.00
2016 08 02 18 50  75  5.0  6.1  1.16  8.33  5.96 125 1020.8  27.9  29.5  23.2 99.0 99.00
2016 08 02 19 50 153  1.6  3.1  1.17  7.14  5.94 129 1020.8  26.6  29.6  22.9 99.0 99.00
2016 08 02 20 50  81  3.3  4.1  1.21  6.67  6.00 114 1020.5  27.7  29.5  22.8 99.0 99.00
2016 08 02 21 50 106  2.9  3.7  1.23  8.33  5.80 130 1020.5  27.5  29.6  23.9 99.0 99.00
2016 08 02 22 50  99  1.7  2.9  1.17  8.33  5.88 118 1020.6  27.6  29.5  22.6 99.0 99.00
2016 08 02 23 50 104  1.1  1.7  1.17  7.14  5.88 119 1021.1  27.8  29.5  21.8 99.0 99.00
2016 08 03 00 50 124  1.2  1.9  0.99  7.69  5.82 109 1021.2  27.8  29.4  22.5 99.0 99.00
2016 08 03 01 50  67  2.2  3.0  1.02  7.69  5.94 107 1020.8  27.6  29.4  22.8 99.0 99.00
2016 08 03 02 50  72  3.5  4.4  1.05  7.14  5.97 118 1020.4  27.7  29.4  23.2 99.0 99.00
2016 08 03 03 50  67  4.6  5.4  1.14  8.33  6.17 120 1019.8  27.6  29.4  23.3 99.0 99.00
2016 08 03 04 50  82  4.0  5.0  0.96  7.69  6.10 104 1019.3  27.7  29.4  23.2 99.0 99.00
2016 08 03 05 50  90  4.8  6.4  1.10  7.69  6.11 108 1018.8  27.7  29.4  23.4 99.0 99.00
2016 08 03 06 50 104  5.3  6.4  1.01  8.33  5.68 103 1018.5  27.9  29.4  22.9 99.0 99.00
2016 08 03 07 50 109  4.1  5.4  1.13  7.69  5.74 107 1018.5  27.9  29.4  23.1 99.0 99.00
2016 08 03 08 50 125  3.9  6.0  1.04  8.33  5.56  94 1018.5  27.7  29.3  22.5 99.0 99.00
2016 08 03 09 50 145  4.8  6.1  1.06  8.33  5.38 108 1019.0  27.8  29.3  23.3 99.0 99.00
2016 08 03 10 50 164  6.1  7.1  1.13  8.33  5.36 102 1019.2  27.9  29.3  23.7 99.0 99.00
2016 08 03 11 50 162  4.6  5.8  1.06  7.69  5.45  94 1019.6  28.0  29.3  23.1 99.0 99.00
2016 08 03 12 50 190  3.8  4.7  1.09  8.33  5.35 105 1020.0  27.9  29.4  23.3 99.0 99.00
2016 08 03 13 50 231  3.3  4.3  1.03  9.09  5.37 104 1020.5  27.6  29.4  23.1 99.0 99.00
2016 08 03 14 50 238  4.4  5.3  1.01  7.69  5.31  94 1020.8  27.6  29.4  22.9 99.0 99.00
2016 08 03 15 50 257  6.0  7.2  1.13  7.69  5.85 104 1021.0  26.8  29.5  24.1 99.0 99.00
2016 08 03 16 50 256  3.6  4.6  1.00  8.33  5.59 112 1020.7  26.6  29.6  23.6 99.0 99.00
2016 08 03 17 50 224  3.3  4.3  0.98  6.67  5.80 104 1020.3  27.6  29.8  23.3 99.0 99.00
2016 08 03 18 50 214  2.9  3.7  0.99  7.69  6.21  89 1019.8  27.8  29.9  23.4 99.0 99.00
2016 08 03 19 50 225  2.7  3.5  0.98  7.14  6.04 108 1019.5  28.0  30.0  22.6 99.0 99.00
2016 08 03 20 50 236  2.7  3.6  0.94  7.69  6.10 112 1019.4  28.2  30.0  23.4 99.0 99.00
2016 08 03 21 50 217  1.2  1.9  0.99  7.14  6.08 123 1019.7  28.5  30.0  23.2 99.0 99.00
2016 08 03 22 50 199  1.5  2.1  0.95  7.14  5.95 107 1019.9  27.9  29.9  23.2 99.0 99.00
2016 08 03 23 50 255  0.8  1.3  0.99  7.69  6.13  97 1020.3  27.8  29.8  22.9 99.0 99.00
2016 08 04 00 50 248  3.7  4.6  0.97  7.69  6.23  83 1020.8  27.5  29.7  23.1 99.0 99.00
2016 08 04 01 50 298  1.6  2.0  0.95  7.69  6.21 106 1021.0  27.6  29.7  22.5 99.0 99.00
2016 08 04 02 50 183  1.0  1.7  1.02  7.14  6.28 109 1021.0  27.8  29.6  22.6 99.0 99.00
2016 08 04 03 50 179  1.7  2.5  0.93  7.14  6.28  79 1020.8  27.8  29.5  22.8 99.0 99.00
2016 08 04 04 50 178  2.0  3.2  0.93  7.14  6.38  75 1020.3  27.8  29.5  22.8 99.0 99.00
2016 08 04 05 50 180  3.0  4.0  0.97  9.09  6.43 102 1019.7  27.9  29.5  22.4 99.0 99.00
2016 08 04 06 50 175  2.9  4.0  0.97  7.14  6.36  94 1019.5  27.8  29.4  22.7 99.0 99.00
2016 08 04 07 50 170  3.3  4.2  1.04  8.33  6.51  66 1019.4  27.8  29.4  22.9 99.0 99.00
2016 08 04 08 50 195  3.3  4.2  1.04  8.33  6.37 109 1019.5  27.9  29.4  22.4 99.0 99.00
2016 08 04 09 50 177  2.6  3.5  1.12  8.33  6.59  79 1020.0  27.9  29.4  22.4 99.0 99.00
2016 08 04 10 50 195  3.3  4.4  1.01  7.14  6.19  73 1020.4  28.2  29.4  22.9 99.0 99.00
2016 08 04 11 50 198  2.7  3.5  1.10  7.14  6.73  50 1020.6  28.2  29.4  22.7 99.0 99.00
2016 08 04 12 50 213  2.3  3.3  1.03  7.14  6.58  59 1021.0  28.3  29.5  22.9 99.0 99.00
2016 08 04 13 50 182  3.1  4.4  0.99  7.14  6.55  47 1021.2  28.3  29.7  22.8 99.0 99.00
2016 08 04 14 50 192  2.9  3.9  1.02  7.14  6.66  65 1021.3  28.3  29.8  22.7 99.0 99.00
2016 08 04 15 50 207  2.9  3.7  0.95  8.33  6.54  97 1021.5  28.4  29.9  22.7 99.0 99.00
2016 08 04 16 50 206  2.9  4.1  0.91  9.09  6.76 111 1021.6  28.5  30.1  22.6 99.0 99.00
2016 08 04 17 50 204  3.3  4.0  0.96  7.69  6.81  92 1021.1  28.7  30.1  22.7 99.0 99.00
2016 08 04 18 50 202  3.1  4.1  0.94  9.09  6.83 119 1021.1  28.8  30.1  22.6 99.0 99.00
2016 08 04 19 50 203  2.4  3.8  1.01  8.33  6.85 100 1020.9  28.8  30.1  23.1 99.0 99.00
2016 08 04 20 50 227  2.8  3.8  0.89  9.09  6.68 110 1020.8  29.2  30.2  22.5 99.0 99.00
2016 08 04 21 50 203  2.0  3.0  0.94  8.33  6.61 113 1021.0  28.9  30.1  22.8 99.0 99.00
2016 08 04 22 50 255  2.5  3.4  0.99  7.69  6.89  22 1021.4  28.4  29.9  23.5 99.0 99.00
2016 08 04 23 50 261  2.0  2.7  0.87  9.09  6.69 112 1021.9  28.4  29.8  23.4 99.0 99.00
2016 08 05 00 50 214  1.5  1.9  0.96  7.14  6.82   1 1022.2  28.4  29.7  23.1 99.0 99.00
2016 08 05 01 50 213  1.1  1.6  0.92  7.14  6.44  38 1022.1  28.4  29.6  23.2 99.0 99.00
2016 08 05 02 50 169  1.8  2.5  0.91  8.33  6.71 104 1021.9  28.4  29.5  23.3 99.0 99.00
2016 08 05 03 50 204  1.5  2.1  0.96  7.14  6.79  28 1021.4  28.1  29.4  23.0 99.0 99.00
2016 08 05 04 50 191  2.0  2.5  0.98  8.33  6.85  86 1020.8  28.1  29.4  22.8 99.0 99.00
2016 08 05 05 50 247  1.1  1.6  0.92  7.14  6.75  67 1020.2  28.0  29.4  22.7 99.0 99.00
2016 08 05 06 50 190  0.9  1.8  0.97  7.69  6.98 101 1020.0  27.9  29.4  22.8 99.0 99.00
2016 08 05 07 50 187  1.7  2.6  0.96  7.69  6.77  94 1020.0  27.9  29.4  22.6 99.0 99.00
2016 08 05 08 50 148  2.8  3.8  1.00  7.14  6.73  61 1020.3  27.9  29.4  22.9 99.0 99.00
2016 08 05 09 50 161  1.9  2.5  1.08 10.81  6.92  90 1020.6  27.9  29.4  22.7 99.0 99.00
2016 08 05 10 50 158  2.4  3.1  0.96 10.00  6.91 110 1021.1  28.3  29.4  22.6 99.0 99.00
2016 08 05 11 50 153  2.6  3.5  1.00 10.00  6.59 120 1021.2  28.3  29.4  22.2 99.0 99.00
2016 08 05 12 50 153  2.5  3.5  1.01  8.33  6.87 106 1021.1  28.2  29.5  21.9 99.0 99.00
2016 08 05 13 50 169  2.9  3.8  0.96 10.81  6.66  82 1021.2  28.2  29.7  21.8 99.0 99.00
2016 08 05 14 50 181  3.7  4.9  0.97 10.00  6.99  96 1021.1  28.2  29.8  21.8 99.0 99.00
2016 08 05 15 50 199  3.1  4.1  1.03  9.09  7.07  87 1021.1  28.1  29.9  22.7 99.0 99.00
2016 08 05 16 50 213  2.6  4.1  0.93  8.33  6.90 106 1021.1  28.3  30.1  23.1 99.0 99.00
2016 08 05 17 50 212  3.0  3.8  0.93  9.09  7.30  69 1020.8  28.4  30.3  22.9 99.0 99.00
2016 08 05 18 50 233  3.0  4.1  0.94 10.00  7.06  50 1020.6  28.7  30.3  22.2 99.0 99.00
2016 08 05 19 50 258  3.4  4.2  0.94 10.81  7.44 104 1020.7  28.8  30.3  21.8 99.0 99.00
2016 08 05 20 50 275  3.0  4.1  1.01  8.33  7.30  93 1020.5  29.0  30.2  21.7 99.0 99.00
2016 08 05 21 50 280  2.7  3.4  0.96  9.09  7.22  36 1020.5  29.0  30.1  22.2 99.0 99.00
2016 08 05 22 50 263  2.4  3.4  1.08  8.33  7.58  75 1020.7  28.6  29.9  22.6 99.0 99.00
2016 08 05 23 50 270  2.5  3.5  1.09  9.09  7.55  87 1020.8  28.6  29.8  22.0 99.0 99.00
2016 08 06 00 50 243  2.0  3.2  1.08  8.33  7.44  60 1021.0  28.5  29.8  22.7 99.0 99.00
2016 08 06 01 50 268  2.3  3.1  1.09  9.09  7.34  71 1021.1  28.5  29.7  23.0 99.0 99.00
2016 08 06 02 50 254  1.9  2.5  1.11  9.09  7.29  90 1021.0  28.5  29.7  22.7 99.0 99.00
2016 08 06 03 50 245  2.8  3.7  1.12  9.09  7.36 103 1020.3  28.4  29.7  22.8 99.0 99.00
2016 08 06 04 50 287  3.0  4.2  1.16  8.33  7.41  85 1019.9  28.3  29.6  22.9 99.0 99.00
2016 08 06 05 50 266  2.7  3.7  1.16  8.33  7.48  95 1019.5  28.2  29.6  23.3 99.0 99.00
2016 08 06 06 50 255  2.5  3.3  1.15  7.69  7.48  71 1019.3  28.2  29.5  23.6 99.0 99.00
2016 08 06 07 50 252  2.5  3.5  1.18  8.33  7.29  83 1019.5  28.2  29.5  23.4 99.0 99.00
2016 08 06 08 50 281  2.7  3.5  1.15  8.33  7.35  84 1019.7  28.2  29.4  23.4 99.0 99.00
2016 08 06 09 50 253  3.0  3.7  1.21  8.33  7.11  75 1020.0  28.2  29.4  23.9 99.0 99.00
2016 08 06 10 50 309  2.8  3.9  1.26  9.09  7.41  67 1020.4  28.5  29.5  23.3 99.0 99.00
2016 08 06 11 50 276  2.2  2.9  1.19 10.00  7.28  90 1020.7  28.6  29.5  23.6 99.0 99.00
2016 08 06 12 50 299  2.9  3.7  1.26 10.81  7.46  90 1020.7  28.5  29.6  23.7 99.0 99.00
2016 08 06 13 50 285  3.0  3.7  1.21 10.00  7.27 149 1020.6  28.5  29.7  23.9 99.0 99.00
2016 08 06 14 50 305  1.5  2.4  1.16 10.81  7.29  51 1020.7  28.8  30.0  23.1 99.0 99.00
2016 08 06 15 50 245  2.2  3.3  1.19 10.81  7.19  72 1020.6  28.9  30.6  23.6 99.0 99.00
2016 08 06 16 50 270  2.3  3.2  1.32 10.00  7.60  62 1020.2  29.0  30.7  23.7 99.0 99.00
2016 08 06 17 50 239  2.4  3.3  1.34 10.81  7.70  88 1019.9  29.1  30.6  23.4 99.0 99.00
2016 08 06 18 50 275  2.0  3.0  1.25 10.81  7.64  70 1019.5  29.2  30.9  23.3 99.0 99.00
2016 08 06 19 50 244  2.3  3.4  1.33 11.43  7.84  51 1019.2  29.2  30.9  23.6 99.0 99.00
2016 08 06 20 50 250  2.1  3.3  1.46 12.12  8.31  46 1019.2  29.5  30.9  23.0 99.0 99.00
2016 08 06 21 50 295  3.1  3.9  1.34 10.81  7.62  52 1019.3  29.5  30.7  23.4 99.0 99.00
2016 08 06 22 50 295  2.6  3.8  1.43 12.12  8.13  31 1019.6  29.2  30.5  22.9 99.0 99.00
2016 08 06 23 50 299  2.2  2.9  1.43 11.43  8.19  36 1019.7  29.0  30.4  23.3 99.0 99.00
2016 08 07 00 50 300  2.2  3.1  1.56 11.43  7.90  35 1020.2  29.0  30.3  23.3 99.0 99.00
2016 08 07 01 50 297  2.0  3.0  1.52 11.43  7.84  27 1020.6  28.9  30.0  23.2 99.0 99.00
2016 08 07 02 50 294  1.9  2.9  1.58 11.43  8.03  38 1020.5  28.9  29.9  23.2 99.0 99.00
2016 08 07 03 50 280  1.8  2.7  1.51 11.43  7.65  31 1020.4  28.8  29.9  23.3 99.0 99.00
2016 08 07 04 50 292  2.5  3.5  1.57 10.81  7.73  51 1020.0  28.7  29.9  23.3 99.0 99.00
2016 08 07 05 50 287  2.8  3.5  1.41 10.81  7.63  48 1019.7  28.7  29.8  23.7 99.0 99.00
2016 08 07 06 50 289  3.6  4.7  1.50 10.81  7.55  63 1019.5  28.6  29.7  23.5 99.0 99.00
2016 08 07 07 50 316  4.0  5.2  1.35 10.00  7.35  81 1019.5  28.5  29.7  23.6 99.0 99.00
2016 08 07 08 50 358  3.0  4.2  1.47 10.00  7.35  40 1019.5  28.2  29.6  23.9 99.0 99.00
2016 08 07 09 50 342  3.0  3.8  1.34 10.81  7.09  31 1019.7  28.5  29.7  23.4 99.0 99.00
2016 08 07 10 50 340  3.0  4.2  1.35 11.43  7.27  37 1019.8  28.6  29.7  23.2 99.0 99.00
2016 08 07 11 50 335  1.9  3.0  1.58 11.43  7.89  24 1020.0  28.7  29.7  22.8 99.0 99.00
2016 08 07 12 50 352  2.0  2.6  1.46 10.00  7.61 106 1020.0  28.6  29.7  23.1 99.0 99.00
2016 08 07 13 50 356  1.7  2.2  1.46 10.00  7.69  72 1020.2  28.7  29.8  22.6 99.0 99.00
2016 08 07 14 50 338  0.8  1.9  1.54 10.81  7.96  54 1020.5  28.8  30.2  22.8 99.0 99.00
2016 08 07 15 50 275  0.8  1.5  1.41 10.00  7.43  56 1020.3  29.0  31.2  23.2 99.0 99.00
2016 08 07 16 50 244  0.9  1.6  1.37 10.81  7.31  74 1020.1  29.1  31.5  22.6 99.0 99.00
2016 08 07 17 50 296  1.2  2.2  1.40 10.00  7.84 103 1019.9  29.3  31.9  22.5 99.0 99.00
2016 08 07 18 50 289  1.4  4.4  1.42 10.00  7.84 105 1019.7  29.6  32.1  22.5 99.0 99.00
2016 08 07 19 50 312  1.3  2.2  1.35 10.00  7.66  60 1019.5  29.6  31.7  22.2 99.0 99.00
2016 08 07 20 50 271  1.6  2.5  1.45 10.81  8.05  57 1019.4  29.9  31.8  22.2 99.0 99.00
2016 08 07 21 50 281  0.7  1.4  1.35 10.81  7.85  47 1019.5  30.2  31.3  22.1 99.0 99.00
2016 08 07 22 50 300  1.7  2.5  1.52 10.00  8.19  69 1019.6  29.5  31.2  21.9 99.0 99.00
2016 08 07 23 50 321  1.7  3.1  1.30  9.09  7.65  93 1020.3  29.3  30.8  22.0 99.0 99.00
2016 08 08 00 50 277  1.3  1.7  1.58  9.09  8.00 101 1020.7  29.2  30.4  22.4 99.0 99.00
2016 08 08 01 50 272  1.8  2.9  1.40  9.09  7.58 103 1020.7  29.2  30.1  22.3 99.0 99.00
2016 08 08 02 50 265  1.7  2.3  1.33 10.00  7.58  54 1020.4  29.1  30.1  22.0 99.0 99.00
2016 08 08 03 50 278  1.6  2.4  1.43 12.90  7.94  25 1019.8  29.0  30.0  22.2 99.0 99.00
2016 08 08 04 50 275  1.4  2.1  1.37 10.00  7.55  80 1019.2  28.9  29.9  21.9 99.0 99.00
2016 08 08 05 50 267  1.9  2.6  1.34 10.00  7.53  88 1019.0  28.8  30.0  22.3 99.0 99.00
2016 08 08 06 50 281  2.1  3.4  1.39 10.00  7.88  96 1018.9  28.7  29.9  22.4 99.0 99.00
2016 08 08 07 50 280  1.5  2.3  1.43  9.09  8.16  88 1018.9  28.6  29.9  22.7 99.0 99.00
2016 08 08 08 50 278  1.3  2.3  1.38 10.00  8.00  80 1019.4  28.5  29.8  22.5 99.0 99.00
2016 08 08 09 50 280  2.1  2.8  1.40 12.12  8.15  31 1019.7  28.6  29.8  22.5 99.0 99.00
2016 08 08 10 50 276  2.3  3.3  1.46 12.90  8.49  42 1020.1  28.9  29.8  23.0 99.0 99.00
2016 08 08 11 50 282  2.2  3.4  1.38 12.12  8.00  34 1020.2  28.8  29.8  23.2 99.0 99.00
2016 08 08 12 50 315  1.9  3.2  1.35 12.12  7.94  23 1020.3  28.7  29.9  23.7 99.0 99.00
2016 08 08 13 50 349  2.5  3.5  1.32 12.12  7.97  28 1020.7  28.7  29.9  23.8 99.0 99.00
2016 08 08 14 50 358  2.2  3.2  1.36 12.12  7.90  37 1020.9  28.7  30.0  23.5 99.0 99.00
2016 08 08 15 50   5  1.0  1.5  1.33  9.09  7.87 112 1020.6  28.9  30.6  23.3 99.0 99.00
2016 08 08 16 50 359  1.2  2.4  1.37 12.12  8.07  42 1020.4  28.9  30.9  23.3 99.0 99.00
2016 08 08 17 50 348  1.4  2.6  1.36 12.90  7.97  31 1019.7  29.1  31.2  23.4 99.0 99.00
2016 08 08 18 50 317  2.1  3.1  1.29 10.00  7.76  71 1019.5  29.3  31.2  23.1 99.0 99.00
2016 08 08 19 50 303  1.3  2.1  1.16 10.81  7.54  39 1019.5  29.5  31.2  22.9 99.0 99.00
2016 08 08 20 50 324  2.3  3.2  1.18 10.00  7.72  55 1019.5  29.5  30.9  23.5 99.0 99.00
2016 08 08 21 50 332  1.3  2.0  1.16 10.00  7.39  93 1019.8  29.5  30.5  23.7 99.0 99.00
2016 08 08 22 50 349  2.4  3.5  1.18 12.12  7.89  45 1019.9  29.0  30.4  24.1 99.0 99.00
2016 08 08 23 50   6  3.2  4.1  1.24 12.12  7.52  44 1020.1  29.2  30.3  23.6 99.0 99.00
2016 08 09 00 50 348  2.4  2.9  1.30  9.09  7.84  52 1020.7  29.1  30.1  23.5 99.0 99.00
2016 08 09 01 50   2  2.3  3.3  1.26 12.12  7.80  34 1020.9  29.1  30.1  23.3 99.0 99.00
2016 08 09 02 50 346  2.8  3.7  1.26 12.12  7.71  33 1020.7  29.0  30.1  23.1 99.0 99.00
2016 08 09 03 50 339  2.4  3.3  1.25 11.43  7.34  26 1020.5  28.9  30.0  23.3 99.0 99.00
2016 08 09 04 50 338  2.4  3.1  1.35 12.12  7.54  61 1020.1  28.8  29.9  23.4 99.0 99.00
2016 08 09 05 50 360  2.5  3.1  1.19  9.09  7.14  51 1019.7  28.7  29.9  23.4 99.0 99.00
2016 08 09 06 50  12  2.8  3.7  1.27  9.09  7.20  55 1019.6  28.7  29.8  23.5 99.0 99.00
2016 08 09 07 50  25  3.3  4.1  1.26 10.81  7.24  36 1019.7  28.7  29.8  23.1 99.0 99.00
2016 08 09 08 50  30  3.0  4.3  1.28 11.43  7.27  31 1019.9  28.7  29.8  23.7 99.0 99.00
2016 08 09 09 50  40  3.1  4.0  1.19  9.09  7.02  44 1020.2  28.6  29.8  24.0 99.0 99.00
2016 08 09 10 50  37  3.7  4.6  1.15  9.09  6.97  70 1020.9  29.1  29.8  23.9 99.0 99.00
2016 08 09 11 50  34  3.1  4.0  1.10  9.09  6.75  90 1021.4  29.1  29.8  23.1 99.0 99.00
2016 08 09 12 50  40  2.3  2.8  1.07  7.14  6.58 332 1021.6  29.1  29.9  23.3 99.0 99.00
2016 08 09 13 50  28  1.6  2.4  1.05  8.33  6.72   4 1021.9  29.1  30.0  24.1 99.0 99.00
2016 08 09 14 50  42  1.8  2.5  1.06  9.09  6.93  81 1021.9  28.9  30.2  24.2 99.0 99.00
2016 08 09 15 50  23  1.0  2.0  1.00  8.33  6.57  60 1021.7  28.9  30.7  24.1 99.0 99.00
2016 08 09 16 50  60  1.2  2.1  0.90  8.33  6.42 122 1021.6  29.1  31.1  23.5 99.0 99.00
2016 08 09 17 50  22  1.5  2.4  0.96 10.00  6.77  58 1021.2  29.5  31.4  22.5 99.0 99.00
2016 08 09 18 50 334  2.6  5.5  0.99  9.09  6.75  84 1021.1  29.4  31.4  23.9 99.0 99.00
2016 08 09 19 50 343  3.7  6.1  0.95 10.00  6.96  37 1020.9  29.3  31.2  24.4 99.0 99.00
2016 08 09 20 50  31  2.6  3.4  0.85  9.09  6.54  95 1020.8  29.4  30.8  24.3 99.0 99.00
2016 08 09 21 50  28  3.0  3.7  0.93  9.09  6.85 108 1020.8  29.7  30.7  23.6 99.0 99.00
2016 08 09 22 50  27  3.0  3.7  0.88 10.00  6.88  61 1021.1  29.3  30.4  23.4 99.0 99.00
2016 08 09 23 50  29  2.4  3.3  0.87  8.33  6.85  65 1021.3  29.2  30.4  24.0 99.0 99.00
2016 08 10 00 50  20  2.6  3.5  0.92  7.69  6.92 323 1021.7  29.2  30.3  23.6 99.0 99.00
2016 08 10 01 50  49  2.7  3.3  0.88  9.09  6.83 104 1021.9  29.1  30.2  24.0 99.0 99.00
2016 08 10 02 50  39  2.8  3.5  0.86  8.33  6.64  67 1021.6  29.1  30.2  23.5 99.0 99.00
2016 08 10 03 50  69  2.6  3.4  0.91  8.33  6.70  55 1021.4  29.0  30.1  23.7 99.0 99.00
2016 08 10 04 50  54  2.6  3.4  0.90  8.33  6.55  77 1021.0  28.9  30.1  23.6 99.0 99.00
2016 08 10 05 50  35  3.2  4.2  0.88  8.33  6.35  38 1020.7  28.8  30.1  23.4 99.0 99.00
2016 08 10 06 50  37  2.7  3.4  0.98  8.33  6.67  97 1020.5  28.8  30.0  22.9 99.0 99.00
2016 08 10 07 50  32  3.3  4.3  0.88  8.33  6.46  90 1020.5  28.8  30.1  23.7 99.0 99.00
2016 08 10 08 50  38  3.8  5.0  0.85  7.69  6.41  49 1020.6  28.7  30.0  23.5 99.0 99.00
2016 08 10 09 50  40  3.4  4.6  0.85  6.25  6.23 333 1021.3  28.7  30.0  23.4 99.0 99.00
2016 08 10 10 50  35  3.4  4.3  0.82  7.14  6.19   8 1021.7  29.1  30.0  23.3 99.0 99.00
2016 08 10 11 50  48  3.3  4.8  0.82  8.33  6.33  75 1022.1  29.1  29.9  23.0 99.0 99.00
2016 08 10 12 50  51  3.0  3.9  0.87  7.69  6.40  77 1022.2  29.1  29.9  23.4 99.0 99.00
2016 08 10 13 50  52  2.5  3.5  0.86 10.00  6.62  70 1022.5  29.1  30.0  23.7 99.0 99.00
2016 08 10 14 50  55  1.7  2.7  0.79  7.69  6.45  98 1022.5  29.0  30.3  24.0 99.0 99.00
2016 08 10 15 50  47  2.0  2.6  0.81  8.33  6.51  96 1022.0  28.9  30.5  24.1 99.0 99.00
2016 08 10 16 50  70  1.8  2.8  0.82  9.09  6.55 126 1021.8  29.2  30.7  23.8 99.0 99.00
2016 08 10 17 50  42  1.1  1.9  0.72  8.33  6.45 113 1021.4  29.3  31.1  23.8 99.0 99.00
2016 08 10 18 50 354  0.6  1.2  0.74  9.09  6.52  95 1020.9  29.6  31.7  23.6 99.0 99.00
2016 08 10 19 50  36  1.5  2.2  0.76  9.09  6.69 104 1020.6  29.8  31.8  22.6 99.0 99.00
2016 08 10 20 50 341  0.6  1.9  0.76  9.09  6.70  99 1020.6  30.3  31.5  23.2 99.0 99.00
2016 08 10 21 50 321  1.4  2.2  0.74  9.09  6.63 108 1020.5  29.7  31.3  24.1 99.0 99.00
2016 08 10 22 50 334  1.7  2.5  0.73 10.00  6.92  97 1020.9  29.2  30.9  24.0 99.0 99.00
2016 08 10 23 50 315  3.0  4.1  0.76  9.09  6.86 107 1021.2  29.1  31.0  24.6 99.0 99.00
2016 08 11 00 50   1  3.0  5.0  0.73  8.33  6.24  99 1021.4  27.1  30.5  22.8 99.0 99.00
2016 08 11 01 50 321  1.3  1.8  0.83  8.33  6.99  91 1021.5  28.6  30.3  24.7 99.0 99.00
2016 08 11 02 50 355  3.2  4.2  0.76  9.09  6.57  98 1021.3  28.8  30.2  24.2 99.0 99.00
2016 08 11 03 50 356  1.4  2.0  0.77 10.00  6.14  85 1021.0  29.0  30.2  24.1 99.0 99.00
2016 08 11 04 50 327  2.2  3.0  0.76 10.00  6.63 122 1020.3  28.9  30.2  24.2 99.0 99.00
2016 08 11 05 50   5  3.4  4.4  0.81 10.00  6.81 120 1019.7  29.1  29.9  23.7 99.0 99.00
2016 08 11 06 50   1  5.0  5.9  0.79  8.33  6.53  82 1019.1  28.5  29.9  24.5 99.0 99.00
2016 08 11 07 50 348  3.3  4.1  0.71  8.33  5.99  81 1018.9  28.9  30.0  23.7 99.0 99.00
2016 08 11 08 50 337  4.5  5.7  0.83 10.00  6.12  86 1019.0  28.7  30.0  24.6 99.0 99.00
2016 08 11 09 50 344  3.3  4.0  0.85  8.33  5.90  60 1019.3  28.8  29.9  23.6 99.0 99.00
2016 08 11 10 50 352  3.4  4.4  0.86  8.33  6.25 110 1019.6  28.9  29.9  24.5 99.0 99.00
2016 08 11 11 50   9  3.0  4.4  0.85 10.00  6.07  74 1020.0  28.9  29.9  24.5 99.0 99.00
2016 08 11 12 50  32  2.3  3.2  0.92  7.69  6.14  53 1020.3  28.8  29.8  24.6 99.0 99.00
2016 08 11 13 50  55  1.3  2.1  0.94  6.67  6.39  18 1020.6  28.9  29.8  24.6 99.0 99.00
2016 08 11 14 50   5  2.6  3.2  0.91  7.69  6.55  53 1019.8  28.4  29.9  25.2 99.0 99.00
2016 08 11 15 50 292  0.5  1.4  0.95  7.69  6.64  26 1019.5  28.9  30.0  24.7 99.0 99.00
2016 08 11 16 50 291  0.8  1.6  1.00  7.14  6.66   5 1019.1  29.2  30.2  24.5 99.0 99.00
2016 08 11 17 50 276  0.7  2.1  1.04  7.14  6.77  15 1019.1  29.5  31.6  23.9 99.0 99.00
2016 08 11 18 50 260  1.6  2.8  1.05  7.69  6.75  22 1018.5  29.4  31.7  24.3 99.0 99.00
2016 08 11 19 50 280  2.8  3.9  0.99  9.09  6.72  71 1018.0  29.6  31.0  24.7 99.0 99.00
2016 08 11 20 50 328  4.7  5.9  1.01  7.14  6.66   6 1017.8  29.1  30.7  23.4 99.0 99.00
2016 08 11 21 50  19  2.2  3.2  1.02  7.69  6.67  14 1017.9  29.1  30.5  24.5 99.0 99.00
2016 08 11 22 50  23  1.7  2.2  0.91  7.69  6.71  34 1017.8  29.0  30.4  24.8 99.0 99.00
2016 08 11 23 50  18  0.8  1.3  1.02  7.69  6.78  23 1017.7  28.9  30.3  24.4 99.0 99.00
2016 08 12 00 50 353  1.1  1.5  1.07  7.69  6.69  21 1018.1  29.0  30.2  24.3 99.0 99.00
2016 08 12 01 50  64  2.1  2.9  1.18  7.69  6.78  25 1018.4  29.0  30.1  24.7 99.0 99.00
2016 08 12 02 50  28  4.0  5.1  1.37  7.14  6.66   8 1018.5  28.2  30.0  24.7 99.0 99.00
2016 08 12 03 50  23  1.9  2.6  1.28  7.69  6.19  20 1018.1  28.2  29.9  24.8 99.0 99.00
2016 08 12 04 50  71  3.7  4.6  1.22  7.14  6.27  10 1017.4  28.8  29.9  24.7 99.0 99.00
2016 08 12 05 50  83  2.8  3.5  1.16  6.25  6.17  15 1017.3  28.8  29.8  24.3 99.0 99.00
2016 08 12 06 50 143  1.2  1.9  1.24  6.67  6.13  11 1017.0  28.3  29.9  24.6 99.0 99.00
2016 08 12 07 50 125  1.0  1.5  1.21  7.14  5.98  31 1016.9  28.6  29.9  24.5 99.0 99.00
2016 08 12 08 50 122  3.0  4.1  1.13  7.69  5.96  39 1017.0  28.1  29.9  22.8 99.0 99.00
2016 08 12 09 50  82  1.6  2.4  1.22  6.67  6.02  20 1017.4  28.4  29.8  24.5 99.0 99.00
2016 08 12 10 50 164  4.2  5.4  1.18  7.14  6.06  44 1018.0  27.1  29.8  23.6 99.0 99.00
2016 08 12 11 50  58  1.4  4.1  1.18  7.14  6.15  30 1018.5  28.2  29.8  23.7 99.0 99.00
2016 08 12 12 50  73  4.9  6.3  1.24  6.67  5.94  24 1018.6  27.3  29.9  24.5 99.0 99.00
2016 08 12 13 50  83  3.6  4.2  1.21  7.14  5.81  38 1018.8  28.1  29.9  23.4 99.0 99.00
2016 08 12 14 50 121  1.8  2.6  1.09  7.14  5.65  26 1018.9  28.7  30.0  23.1 99.0 99.00
2016 08 12 15 50 116  1.4  2.0  1.13  7.14  5.67  42 1018.6  28.5  30.5  24.5 99.0 99.00
2016 08 12 16 50 150  1.1  1.7  1.24  7.14  6.02  28 1018.4  28.9  31.2  24.4 99.0 99.00
2016 08 12 17 50 175  1.5  2.5  1.12  7.14  5.81  36 1017.8  29.2  31.4  24.3 99.0 99.00
2016 08 12 18 50 163  1.2  2.6  1.12  7.14  5.89  41 1017.5  29.3  31.6  24.6 99.0 99.00
2016 08 12 19 50 138  1.7  2.5  1.08  7.14  6.04  47 1017.5  29.5  31.3  24.0 99.0 99.00
2016 08 12 20 50 253  3.1  3.9  0.98  7.69  6.12  54 1017.4  29.1  30.6  24.7 99.0 99.00
2016 08 12 21 50 263  3.5  4.6  1.00  7.14  6.17  41 1017.5  27.8  30.3  25.0 99.0 99.00
2016 08 12 22 50 189  2.7  3.8  1.08  7.14  6.29  39 1017.8  29.3  30.3  24.2 99.0 99.00
2016 08 12 23 50 185  1.5  2.3  1.08  6.67  6.24  43 1018.4  29.3  30.2  24.1 99.0 99.00
2016 08 13 00 50 186  1.8  2.7  0.97  6.67  6.27  63 1019.0  29.4  30.4  24.2 99.0 99.00
2016 08 13 01 50 157  1.6  2.2  0.92  6.67  6.11  41 1019.2  29.4  30.3  23.3 99.0 99.00
2016 08 13 02 50 171  1.4  1.8  1.03  6.67  6.28  63 1019.3  29.4  30.3  23.8 99.0 99.00
2016 08 13 03 50 145  3.6  4.4  0.95  6.67  6.12  44 1018.9  29.2  30.3  24.5 99.0 99.00
2016 08 13 04 50 164  3.4  4.4  0.94  6.67  6.07  63 1018.3  29.1  30.2  24.6 99.0 99.00
2016 08 13 05 50 174  2.6  3.4  0.96  6.67  6.18  45 1017.9  29.0  30.1  24.2 99.0 99.00
2016 08 13 06 50   1  2.9  4.8  0.93  6.67  5.85  32 1018.1  28.0  30.1  24.2 99.0 99.00
2016 08 13 07 50  45  0.4  0.8  1.01  6.67  6.05  26 1018.0  28.3  30.1  24.4 99.0 99.00
2016 08 13 08 50 168  3.0  4.2  0.99  6.67  6.16  61 1018.4  28.6  30.1  24.0 99.0 99.00
2016 08 13 09 50 153  2.2  2.8  0.96  6.25  6.14  34 1019.1  28.9  30.1  23.8 99.0 99.00
2016 08 13 10 50 137  2.6  3.6  0.95  5.88  6.15  47 1019.6  28.8  30.1  24.1 99.0 99.00
2016 08 13 11 50 155  2.4  3.1  0.92  8.33  6.30  78 1019.8  29.4  30.2  23.9 99.0 99.00
2016 08 13 12 50 131  2.2  3.1  0.96  7.14  6.40  44 1020.2  29.2  30.2  24.5 99.0 99.00
2016 08 13 13 50 128  3.3  4.5  0.95  7.14  6.47  44 1020.5  29.2  30.3  24.4 99.0 99.00
2016 08 13 14 50 139  2.4  3.2  0.94  6.67  6.49  62 1020.4  28.9  30.4  24.6 99.0 99.00
2016 08 13 15 50 130  2.5  3.4  0.89  7.14  6.41  47 1020.2  29.1  30.7  24.0 99.0 99.00
2016 08 13 16 50 157  2.0  2.8  0.87  7.14  6.04  77 1020.1  29.3  30.8  23.9 99.0 99.00
2016 08 13 17 50 139  1.5  3.0  0.95  6.67  6.31  65 1019.6  29.5  31.1  23.4 99.0 99.00
2016 08 13 18 50 114  1.3  2.0  0.83  6.67  6.32  41 1019.3  29.6  31.5  23.7 99.0 99.00
2016 08 13 19 50 110  3.0  4.1  0.89  7.14  6.43  74 1019.2  29.7  31.3  23.9 99.0 99.00
2016 08 13 20 50  94  3.0  4.1  0.87  6.67  6.39  57 1019.2  29.8  31.0  23.6 99.0 99.00
2016 08 13 21 50 110  2.6  3.5  0.89  8.33  6.32 106 1019.1  29.9  30.9  23.7 99.0 99.00
2016 08 13 22 50 101  2.7  3.7  0.87  7.14  6.32  56 1019.2  29.7  30.6  23.6 99.0 99.00
2016 08 13 23 50  97  4.6  6.2  0.86  7.14  6.30  58 1019.5  29.6  30.5  24.1 99.0 99.00
2016 08 14 00 50 113  4.1  5.1  0.89  7.14  6.40  62 1019.9  29.7  30.5  23.7 99.0 99.00
2016 08 14 01 50 113  4.4  5.3  0.80  6.67  5.91  73 1020.3  29.6  30.4  23.9 99.0 99.00
2016 08 14 02 50 125  5.1  6.6  0.83  6.25  5.47  50 1020.4  29.6  30.3  23.6 99.0 99.00
2016 08 14 03 50 119  4.3  5.2  0.86  7.14  5.27  81 1020.5  29.5  30.2  22.9 99.0 99.00
2016 08 14 04 50 117  4.6  5.6  0.84  6.67  5.35  54 1020.2  29.4  30.2  23.3 99.0 99.00
2016 08 14 05 50 111  4.5  5.4  0.82  8.33  5.22 114 1019.6  29.2  30.1  22.8 99.0 99.00
2016 08 14 06 50 104  4.6  5.3  0.87  8.33  5.26 141 1019.4  29.1  30.0  23.1 99.0 99.00
2016 08 14 07 50  89  4.1  5.0  0.90  8.33  5.57 103 1019.5  29.1  30.0  23.2 99.0 99.00
2016 08 14 08 50  81  3.9  4.6  0.88  6.67  5.37  79 1019.7  29.1  30.0  22.5 99.0 99.00
2016 08 14 09 50  88  4.0  4.9  0.86  6.25  5.28  60 1020.3  29.1  29.9  23.5 99.0 99.00
2016 08 14 10 50  86  4.5  5.4  0.86  8.33  5.23 102 1020.6  29.4  29.9  23.6 99.0 99.00
2016 08 14 11 50  89  5.1  6.1  0.86  9.09  5.02 133 1021.2  29.6  30.0  23.3 99.0 99.00
2016 08 14 12 50  84  5.7  6.7  0.89  8.33  5.22  99 1021.3  29.6  30.0  23.1 99.0 99.00
2016 08 14 13 50  86  5.3  6.4  0.92  8.33  5.04  86 1021.7  29.6  30.1  23.5 99.0 99.00
2016 08 14 14 50  96  5.4  6.7  0.97  8.33  5.06 104 1021.8  29.3  30.2  24.5 99.0 99.00
2016 08 14 15 50  98  5.1  6.3  0.97  6.25  4.96  68 1021.7  29.5  30.3  24.2 99.0 99.00
2016 08 14 16 50 103  5.0  6.0  0.99  6.25  5.05  88 1021.6  29.5  30.4  24.0 99.0 99.00
2016 08 14 17 50 109  4.9  5.9  0.99  8.33  5.13  93 1021.1  29.4  30.4  23.8 99.0 99.00
2016 08 14 18 50 104  4.6  5.4  1.00  6.25  5.27  80 1020.9  29.4  30.4  23.5 99.0 99.00
2016 08 14 19 50 107  4.7  5.8  0.94  8.33  5.19  94 1020.6  29.5  30.4  23.5 99.0 99.00
2016 08 14 20 50 102  4.8  5.6  0.96  8.33  5.33  91 1020.6  29.6  30.3  24.2 99.0 99.00
2016 08 14 22 50 102  4.6  5.7  0.95  7.14  5.35  97 1021.0  29.4  30.2  24.4 99.0 99.00
2016 08 14 23 50 106  5.1  6.2  0.98  8.33  5.33  82 1021.2  29.4  30.1  23.7 99.0 99.00
2016 08 15 00 50 107  5.0  6.5  0.97  7.14  5.05  78 1021.8  29.4  30.0  23.9 99.0 99.00
2016 08 15 01 50  95  5.9  7.1  0.97  8.33  5.36  99 1022.0  29.3  30.1  24.6 99.0 99.00
2016 08 15 02 50 107  6.1  7.3  0.97 10.00  5.11  77 1022.0  29.4  30.0  22.3 99.0 99.00
2016 08 15 03 50 109  5.9  7.8  1.08  9.09  5.18  76 1021.7  29.3  29.9  22.8 99.0 99.00
2016 08 15 04 50 108  5.4  6.8  1.10  7.69  5.27 110 1021.2  29.2  29.9  22.9 99.0 99.00
2016 08 15 05 50 105  5.4  7.1  1.12 10.00  5.39  59 1020.8  29.2  30.1  23.5 99.0 99.00
2016 08 15 06 50 113  5.1  6.3  1.12  8.33  5.38  82 1020.5  29.2  30.1  23.1 99.0 99.00
2016 08 15 07 50 104  5.0  6.9  1.07 10.00  5.23  74 1020.5  29.1  30.1  23.3 99.0 99.00
2016 08 15 08 50  81  4.4  5.7  1.13  7.69  5.41 111 1020.9  29.1  30.0  23.7 99.0 99.00
2016 08 15 09 50  90  4.8  6.2  1.09  9.09  5.35  76 1021.6  29.0  30.0  23.8 99.0 99.00
2016 08 15 10 50  87  4.6  5.6  1.05  8.33  5.28  78 1022.1  29.3  30.0  24.1 99.0 99.00
2016 08 15 11 50  86  4.0  6.0  1.14  9.09  5.53  77 1022.4  29.4  30.0  24.0 99.0 99.00
2016 08 15 12 50  77  6.0  7.0  1.04  7.69  5.30  85 1022.5  29.5  30.0  23.9 99.0 99.00
2016 08 15 13 50  99  8.1  9.8  1.10  9.09  5.23  58 1022.7  29.1  30.0  24.1 99.0 99.00
2016 08 15 14 50  86  6.4  7.8  1.12  8.33  5.10  79 1022.8  29.5  30.0  23.7 99.0 99.00
2016 08 15 15 50  82  6.1  7.3  1.21  9.09  5.27  78 1022.7  29.6  30.0  24.3 99.0 99.00
2016 08 15 16 50  84  5.0  6.5  1.17 10.00  5.10  63 1022.5  29.5  30.1  24.5 99.0 99.00
2016 08 15 17 50  91  6.1  7.3  1.23  5.56  5.14  86 1021.9  29.8  30.1  23.7 99.0 99.00
2016 08 15 18 50  84  5.6  6.7  1.23  5.26  4.97  92 1021.4  29.8  30.1  23.6 99.0 99.00
2016 08 15 19 50  90  6.0  7.6  1.30  5.26  5.12  97 1021.4  29.9  30.0  23.1 99.0 99.00
2016 08 15 20 50  80  6.0  6.9  1.24  5.26  5.02 108 1021.2  29.9  30.0  23.6 99.0 99.00
2016 08 15 21 50  84  6.2  7.0  1.24 10.00  5.12  78 1021.2  29.7  30.0  24.1 99.0 99.00
2016 08 15 22 50  80  6.6  8.4  1.30  6.25  5.21 100 1021.1  29.5  29.9  24.5 99.0 99.00
2016 08 15 23 50  74  7.9  9.2  1.30  6.25  5.29  97 1021.3  29.7  29.9  23.0 99.0 99.00
2016 08 16 00 50  86  7.5  9.0  1.35  6.25  5.12  91 1021.9  29.4  29.9  24.5 99.0 99.00
2016 08 16 01 50  88  7.7  9.2  1.34  5.56  5.27 107 1022.0  29.4  30.0  23.8 99.0 99.00
2016 08 16 02 50  80  8.0  9.5  1.45 10.00  5.28  70 1022.3  29.6  30.0  23.7 99.0 99.00
2016 08 16 04 50  95  7.5  8.8  1.40  6.67  5.31  93 1021.7  29.2  30.0  24.2 99.0 99.00
2016 08 16 05 50  92  8.5 10.0  1.50  6.67  5.35  84 1021.2  29.3  30.0  23.2 99.0 99.00
2016 08 16 06 50 112  7.5  8.8  1.51  6.67  5.25 111 1020.9  28.7  30.0  22.9 99.0 99.00
2016 08 16 07 50  40  2.3 10.5  1.52  6.25  5.29 104 1021.8  24.2  30.0  21.2 99.0 99.00
2016 08 16 08 50  97  7.1  8.2  1.64  6.25  5.41 105 1021.3  27.5  30.0  23.5 99.0 99.00
2016 08 16 09 50  83  5.8  6.8  1.69  6.67  5.52  98 1022.0  28.6  30.0  21.6 99.0 99.00
2016 08 16 10 50  94  6.0  7.3  1.48  6.67  5.34  86 1022.5  28.7  30.0  23.3 99.0 99.00
2016 08 16 11 50 103  5.3  6.7  1.54  6.67  5.46  99 1023.0  28.6  30.0  23.5 99.0 99.00
2016 08 16 12 50  83  5.2  6.6  1.54  6.67  5.56 103 1023.2  28.8  30.0  23.3 99.0 99.00
2016 08 16 13 50  94  5.2  6.3  1.37  6.67  5.43  83 1023.3  29.0  30.0  23.2 99.0 99.00
2016 08 16 14 50 114  6.4  7.5  1.45  6.67  5.74  98 1023.6  29.3  30.1  22.3 99.0 99.00
2016 08 16 15 50  91  6.0  7.2  1.44  6.25  5.57  84 1023.4  29.4  30.1  22.4 99.0 99.00
2016 08 16 16 50 103  5.4  6.4  1.45  6.25  5.61  86 1023.1  29.4  30.2  22.6 99.0 99.00
2016 08 16 17 50  87  5.3  6.4  1.37  6.25  5.52  96 1022.6  29.5  30.3  22.5 99.0 99.00
2016 08 16 18 50  70  5.1  6.1  1.38  6.67  5.45 100 1022.2  29.5  30.3  23.0 99.0 99.00
2016 08 16 19 50  89  6.2  7.5  1.33  6.25  5.44 108 1022.0  29.6  30.3  23.0 99.0 99.00
2016 08 16 20 50  82  5.8  7.2  1.32  6.25  5.33  93 1021.8  29.8  30.3  23.4 99.0 99.00
2016 08 16 21 50  72  5.8  7.1  1.28  6.67  5.45  97 1021.7  29.7  30.3  23.3 99.0 99.00
2016 08 16 22 50  76  7.0  8.3  1.37  6.67  5.35  87 1022.1  29.6  30.2  23.3 99.0 99.00
2016 08 16 23 50  83  7.1  8.4  1.33  6.67  5.34  76 1022.4  29.6  30.2  23.4 99.0 99.00
2016 08 17 00 50  77  6.9  8.6  1.31  5.88  5.15  84 1022.7  29.5  30.1  23.9 99.0 99.00
2016 08 17 01 50  80  8.0  9.2  1.26  6.25  5.07 100 1022.7  29.5  30.1  23.9 99.0 99.00
2016 08 17 02 50  81  6.2 10.4  1.34  6.67  5.16  80 1022.7  29.2  30.0  24.8 99.0 99.00
2016 08 17 03 50  89  7.6  9.8  1.39  6.25  4.95 100 1022.5  29.3  30.0  24.4 99.0 99.00
2016 08 17 04 50  88  7.4  9.0  1.49  5.56  5.13  97 1021.9  29.4  30.0  23.9 99.0 99.00
2016 08 17 05 50  97  7.9  9.1  1.48  6.25  5.17  94 1021.2  29.5  30.0  23.7 99.0 99.00
2016 08 17 06 50  93  7.3  8.7  1.58  6.67  5.25 111 1020.8  29.2  30.0  24.3 99.0 99.00
2016 08 17 07 50  91  7.4  8.5  1.55  6.67  5.21 109 1020.8  28.9  30.0  24.6 99.0 99.00
2016 08 17 08 50  88  7.1  8.5  1.52  6.67  5.38 109 1020.9  29.0  30.0  24.7 99.0 99.00
2016 08 17 09 50  78  7.0  8.3  1.57  6.67  5.35  96 1021.2  29.1  30.0  24.7 99.0 99.00
2016 08 17 10 50  84  6.5  7.7  1.54  6.67  5.30  91 1021.7  28.6  29.9  25.2 99.0 99.00
2016 08 17 11 50  80  7.9 12.0  1.53  6.25  5.43 113 1022.2  28.9  29.9  25.0 99.0 99.00
2016 08 17 12 50  75  5.0  6.2  1.54  6.67  5.44 104 1022.5  29.1  29.9  24.6 99.0 99.00
2016 08 17 13 50   4  5.4  6.6  1.53  6.25  5.27  99 1023.6  24.8  29.8  22.1 99.0 99.00
2016 08 17 14 50  67  5.2  7.3  1.50  6.67  5.62 108 1023.3  27.5  29.8  25.0 99.0 99.00
2016 08 17 15 50  94  5.4  6.4  1.44  7.14  5.58 117 1022.9  28.4  29.8  24.7 99.0 99.00
2016 08 17 16 50  78  7.3  8.8  1.34  6.67  5.44 109 1021.9  28.5  29.8  24.6 99.0 99.00
2016 08 17 17 50  93  6.0  7.0  1.42  6.67  5.23  94 1021.4  28.6  29.8  25.2 99.0 99.00
2016 08 17 18 50 101  7.0  8.5  1.49  6.67  5.33 103 1021.4  28.2  29.9  24.8 99.0 99.00
2016 08 17 19 50  85  7.4  8.7  1.47  6.67  5.28 111 1021.1  28.6  29.9  24.8 99.0 99.00
2016 08 17 20 50  83  8.0 10.0  1.53  6.67  5.35 116 1021.0  28.8  29.9  25.4 99.0 99.00
2016 08 17 21 50  84  8.3  9.8  1.56  6.67  5.12 117 1021.1  28.0  29.9  24.1 99.0 99.00
2016 08 17 22 50 110  8.6 10.3  1.53  6.67  5.23  93 1020.3  28.4  29.9  25.8 99.0 99.00
2016 08 17 23 50  93  8.2  9.3  1.55  6.67  5.16 100 1020.3  28.8  29.9  25.3 99.0 99.00
2016 08 18 00 50  84  7.4  8.8  1.43  7.69  5.17  91 1020.6  28.8  29.9  25.5 99.0 99.00
2016 08 18 01 50  98  5.3  7.0  1.44  7.14  5.11  91 1021.5  29.1  29.8  25.8 99.0 99.00
2016 08 18 02 50  97  5.4  6.8  1.49  6.67  5.14 104 1021.5  28.4  29.8  24.8 99.0 99.00
2016 08 18 03 50  86  7.8 10.4  1.46  6.67  5.37 101 1021.4  27.4  29.8  25.4 99.0 99.00
2016 08 18 04 50  82  3.8  5.1  1.39  7.14  5.27 124 1020.5  27.1  29.7  24.9 99.0 99.00
2016 08 18 05 50 110  6.7  7.9  1.35  6.67  5.22 103 1019.4  28.4  29.8  25.8 99.0 99.00
2016 08 18 06 50 118  5.1  6.0  1.34  7.14  5.35 105 1019.3  29.1  29.8  25.6 99.0 99.00
2016 08 18 07 50 139  5.4  6.3  1.35  7.14  5.35 116 1019.0  28.9  29.8  25.3 99.0 99.00
2016 08 18 08 50 128  4.5  5.3  1.34  6.67  5.43  95 1019.1  29.0  29.7  25.4 99.0 99.00
2016 08 18 09 50 138  4.3  5.7  1.24  6.67  5.14 107 1019.3  28.9  29.7  25.5 99.0 99.00
2016 08 18 10 50 122  3.7  4.6  1.32  7.14  5.52 113 1019.6  29.1  29.7  25.0 99.0 99.00
2016 08 18 11 50  91  5.8  7.3  1.27  6.67  5.53 120 1019.8  26.2  29.5  24.3 99.0 99.00
2016 08 18 12 50  20 10.7 12.7  1.26  6.67  5.29  97 1020.6  25.0  29.5  24.3 99.0 99.00
2016 08 18 13 50  52  8.6 10.0  1.35  7.14  5.00 106 1021.1  24.3  29.4  23.8 99.0 99.00
2016 08 18 14 50  65 10.4 12.7  1.30  6.67  5.03  98 1021.6  25.6  29.4  23.3 99.0 99.00
2016 08 18 15 50  73  9.5 11.3  1.35  7.14  4.99 102 1021.4  25.9  29.4  22.4 99.0 99.00
2016 08 18 16 50  85  7.8  9.4  1.53  6.67  5.19 112 1021.2  26.1  29.4  22.9 99.0 99.00
2016 08 18 17 50  90  7.5  8.9  1.44  5.26  5.19  84 1021.5  26.3  29.4  23.4 99.0 99.00
2016 08 18 18 50 105  5.4  6.7  1.26  6.67  5.19 104 1020.3  26.7  29.4  24.3 99.0 99.00
2016 08 18 19 50 109  7.3  8.5  1.27  6.67  5.51 104 1018.8  26.9  29.5  23.0 99.0 99.00
2016 08 18 20 50 134  4.7  6.0  1.22  6.67  5.45 114 1018.7  26.9  29.5  22.0 99.0 99.00
2016 08 18 21 50 119  3.9  5.4  1.17  6.25  5.64 106 1018.5  27.0  29.5  22.2 99.0 99.00
2016 08 18 22 50 114  3.8  4.7  1.25 13.79  5.94  26 1019.7  27.3  29.4  22.2 99.0 99.00
2016 08 18 23 50 152  6.2  7.3  1.08 12.12  5.82  31 1019.9  27.3  29.4  23.1 99.0 99.00
2016 08 19 00 50 154  4.4  5.4  1.02 14.81  5.82  42 1019.9  27.1  29.4  22.6 99.0 99.00
2016 08 19 01 50 135  5.1  6.4  1.09 13.79  6.01  32 1019.5  27.3  29.4  22.9 99.0 99.00
2016 08 19 02 50 135  8.0  9.3  1.13 12.12  6.04  32 1018.3  27.8  29.4  23.2 99.0 99.00
2016 08 19 04 50 135  6.6  7.5  1.12 12.90  5.25  73 1017.6  28.2  29.4  23.7 99.0 99.00
2016 08 19 05 50 144  6.2  7.6  1.12 13.79  5.25  33 1017.2  28.3  29.4  23.8 99.0 99.00
2016 08 19 06 50 133  5.2  6.1  1.11 13.79  5.51  40 1016.8  28.2  29.4  23.9 99.0 99.00
2016 08 19 07 50 149  4.1  4.9  1.14 12.90  5.63  40 1016.9  28.2  29.4  24.2 99.0 99.00
2016 08 19 08 50  66  1.1  2.0  1.18 11.43  5.63  21 1016.8  28.1  29.4  24.0 99.0 99.00
2016 08 19 09 50 113  1.2  2.0  1.14 12.90  5.65  57 1016.9  28.1  29.3  23.9 99.0 99.00
2016 08 19 10 50 294  0.2  0.9  1.18 11.43  5.52  42 1017.5  29.0  29.3  24.4 99.0 99.00
2016 08 19 11 50 308  0.5  1.0  1.17  7.14  5.59 111 1017.7  29.3  29.3  24.6 99.0 99.00
2016 08 19 12 50  33  0.6  1.1  1.18 13.79  5.94  66 1017.6  29.1  29.6  24.0 99.0 99.00
2016 08 19 13 50  63  1.6  2.3  1.12 13.79  5.77  28 1017.7  28.8  29.8  24.1 99.0 99.00
2016 08 19 14 50  93  3.3  3.9  1.07 13.79  5.76 334 1017.7  28.1  29.6  23.4 99.0 99.00
2016 08 19 15 50  98  3.1  3.7  1.07 10.81  5.79  13 1017.4  28.3  29.8  23.5 99.0 99.00
2016 08 19 16 50  98  3.7  4.6  1.08 12.12  6.03  21 1017.0  28.6  29.9  23.9 99.0 99.00
2016 08 19 17 50 124  6.0  7.0  1.12 12.90  6.07  11 1016.4  27.6  30.0  24.6 99.0 99.00
2016 08 19 18 50 174  4.6  5.5  1.00 12.12  5.58   7 1016.4  27.8  30.0  23.9 99.0 99.00
2016 08 19 19 50 186  3.2  3.9  1.05 12.90  5.76  39 1015.9  27.7  30.0  24.9 99.0 99.00
2016 08 19 20 50 182  1.6  2.4  1.07 12.90  5.86  48 1016.3  28.5  30.0  23.8 99.0 99.00
2016 08 19 21 50 256  2.7  3.7  1.07 12.12  6.20  42 1016.4  28.8  30.0  23.9 99.0 99.00
2016 08 19 22 50 268  2.0  2.7  1.01 12.90  6.17  56 1016.1  28.5  29.9  23.6 99.0 99.00
2016 08 19 23 50 309  0.8  1.4  0.99 12.90  6.26  48 1016.2  28.5  29.8  23.5 99.0 99.00
2016 08 20 00 50 297  0.6  1.1  0.89 10.81  6.01  55 1016.3  28.4  29.8  23.1 99.0 99.00
2016 08 20 01 50 281  2.7  3.3  0.92 12.90  6.39  91 1016.4  28.4  29.7  23.7 99.0 99.00
2016 08 20 02 50 304  1.7  2.4  0.92 12.12  6.40  54 1016.1  28.3  29.7  23.8 99.0 99.00
2016 08 20 03 50 267  0.7  1.1  0.91 13.79  6.54  81 1015.5  28.2  29.6  23.7 99.0 99.00
2016 08 20 04 50 301  0.8  1.4  0.92  8.33  6.45  89 1015.1  28.1  29.6  23.8 99.0 99.00
2016 08 20 05 50 329  0.6  1.1  0.96  7.14  6.27 119 1014.8  28.0  29.6  23.9 99.0 99.00
2016 08 20 06 50 271  1.0  1.7  0.92  8.33  6.19 107 1014.6  28.0  29.6  23.9 99.0 99.00
2016 08 20 07 50 244  1.3  1.8  0.91  7.69  6.11 101 1014.6  28.0  29.6  23.9 99.0 99.00
2016 08 20 08 50 250  1.7  2.7  1.11  7.69  6.60 104 1014.7  28.1  29.6  24.1 99.0 99.00
2016 08 20 09 50  28  1.9  2.4  0.98  7.69  6.21  96 1015.1  28.0  29.7  23.2 99.0 99.00
2016 08 20 10 50   2  2.3  3.8  1.02  7.69  6.21 111 1015.5  28.3  29.6  24.0 99.0 99.00
2016 08 20 11 50 253  2.2  3.2  0.99 12.12  6.22  64 1015.8  26.8  29.6  23.9 99.0 99.00
2016 08 20 12 50 211  1.0  1.6  1.08  7.14  6.36  97 1016.1  28.2  29.7  22.7 99.0 99.00
2016 08 20 13 50   3  0.4  1.0  1.09 10.81  6.51  25 1016.6  28.9  30.2  24.0 99.0 99.00
2016 08 20 14 50  73  3.1  5.0  0.95 12.12  6.23  17 1016.3  27.9  29.8  23.9 99.0 99.00
2016 08 20 15 50  81  2.1  2.8  1.08  7.69  6.34  60 1016.1  28.0  30.1  24.1 99.0 99.00
2016 08 20 16 50 132  1.1  2.0  0.93  7.14  6.19 103 1015.9  28.6  30.6  23.6 99.0 99.00
2016 08 20 17 50 215  1.7  2.7  0.94  7.14  6.53  50 1015.3  28.7  31.1  23.5 99.0 99.00
2016 08 20 18 50 208  2.4  3.8  0.96  6.67  6.14  37 1015.0  28.8  31.1  24.4 99.0 99.00
2016 08 20 19 50 216  1.9  2.8  0.97  8.33  6.67  92 1014.9  29.0  30.8  23.3 99.0 99.00
2016 08 20 20 50 247  2.2  3.1  1.00  8.33  6.48  86 1014.7  29.2  30.8  23.6 99.0 99.00
2016 08 20 21 50 279  2.0  2.8  0.97  8.33  6.60  78 1015.0  29.4  30.7  23.8 99.0 99.00
2016 08 20 22 50 278  1.4  1.9  0.93  7.69  6.76 101 1015.4  28.8  30.1  23.7 99.0 99.00
2016 08 20 23 50 312  1.1  2.0  0.92  7.14  6.68 114 1016.0  28.6  29.9  24.2 99.0 99.00
2016 08 21 00 50 337  1.5  2.5  0.85  8.33  6.74 108 1016.4  28.7  29.8  24.3 99.0 99.00
2016 08 21 01 50 317  0.6  1.0  0.88  7.14  6.63 112 1016.5  28.6  29.8  24.2 99.0 99.00
2016 08 21 02 50 330  0.3  0.7  0.91  8.33  6.89 113 1016.4  28.5  29.7  24.1 99.0 99.00
2016 08 21 03 50 140  0.3  0.9  0.85  7.69  6.85  94 1016.2  28.4  29.7  24.3 99.0 99.00
2016 08 21 04 50  57  0.8  1.4  0.81  8.33  6.77  99 1015.7  28.4  29.7  24.3 99.0 99.00
2016 08 21 05 50  74  1.1  1.8  0.80  7.14  6.74 116 1015.3  28.4  29.9  23.9 99.0 99.00
2016 08 21 06 50  97  1.6  2.5  0.82  8.33  6.72  89 1015.2  28.3  29.9  23.9 99.0 99.00
2016 08 21 07 50 116  2.1  2.5  0.86  7.69  6.66  97 1015.3  28.3  29.8  24.0 99.0 99.00
2016 08 21 08 50 117  2.1  2.7  0.84  7.69  6.56 106 1015.6  28.4  29.7  23.9 99.0 99.00
2016 08 21 09 50 180  0.9  1.7  0.91  7.69  6.65  94 1016.2  28.1  29.1  24.0 99.0 99.00
2016 08 21 10 50 144  2.6  3.2  0.88  7.69  6.65 102 1016.8  28.9  29.4  23.9 99.0 99.00
2016 08 21 11 50 151  2.4  3.2  0.84  7.14  6.53  75 1017.3  28.9  29.6  23.8 99.0 99.00
2016 08 21 12 50 171  2.7  3.8  0.82  8.33  6.59 116 1017.6  29.0  29.8  24.1 99.0 99.00
2016 08 21 13 50 163  3.2  4.3  0.91  7.69  6.69  89 1018.1  28.8  29.8  24.5 99.0 99.00
2016 08 21 14 50 170  2.6  3.4  0.93  9.09  6.72  78 1018.1  28.9  30.0  24.5 99.0 99.00
2016 08 21 15 50 171  3.3  4.3  0.82  8.33  6.38  96 1017.9  29.1  30.1  24.3 99.0 99.00
2016 08 21 16 50 163  3.0  4.0  0.81  7.14  6.45  98 1017.9  29.2  30.4  23.8 99.0 99.00
2016 08 21 17 50 171  2.9  3.8  0.83  8.33  6.57  97 1017.7  29.3  30.5  24.2 99.0 99.00
2016 08 21 18 50 176  2.6  3.5  0.80  8.33  6.56  90 1017.4  29.4  30.6  24.0 99.0 99.00
2016 08 21 19 50 167  1.9  2.5  0.93  9.09  6.89  66 1017.5  29.5  30.7  23.9 99.0 99.00
2016 08 21 20 50 229  1.4  2.0  0.82  7.69  6.68 119 1017.4  29.3  30.5  24.3 99.0 99.00
2016 08 21 21 50 179  1.7  2.4  0.79  8.33  6.48  76 1017.6  29.3  30.6  24.2 99.0 99.00
2016 08 21 22 50 276  1.0  1.6  0.80  7.14  6.26  94 1018.1  28.8  30.4  23.3 99.0 99.00
2016 08 21 23 50 127  0.3  0.7  0.87  8.33  6.62  87 1018.6  28.8  30.6  23.8 99.0 99.00
2016 08 22 00 50 144  0.3  0.8  0.83  8.33  6.47  66 1019.0  28.8  30.5  24.0 99.0 99.00
2016 08 22 01 50 124  4.3  5.1  0.80  8.33  6.39  92 1019.1  28.2  30.5  24.7 99.0 99.00
2016 08 22 02 50 156  2.5  3.5  0.76  8.33  6.12  73 1019.3  28.5  30.4  24.0 99.0 99.00
2016 08 22 04 50  85  3.7  5.4  0.77  8.33  5.98  96 1018.5  26.5  29.9  22.2 99.0 99.00
2016 08 22 05 50 119  4.0  5.9  0.76  8.33  5.85  93 1018.2  26.6  29.7  23.4 99.0 99.00
2016 08 22 06 50 172  1.6  2.5  0.77  7.69  5.41  67 1018.0  27.8  29.8  23.3 99.0 99.00
2016 08 22 08 50 135  2.8  3.5  0.82  7.69  5.76  97 1018.3  27.1  29.9  24.5 99.0 99.00
2016 08 22 09 50 119  4.6  6.4  0.78  7.69  5.22  61 1019.2  25.5  29.9  23.6 99.0 99.00
2016 08 22 10 50 185  2.7  3.6  0.76  9.09  5.30  86 1019.0  26.6  29.8  22.9 99.0 99.00
2016 08 22 11 50 117  2.4  3.3  0.75  8.33  5.50  91 1019.3  27.7  29.7  23.6 99.0 99.00
2016 08 22 12 50 108  1.8  2.4  0.81  8.33  5.50  87 1019.7  27.5  29.8  23.4 99.0 99.00
2016 08 22 13 50 122  3.3  4.1  0.80  7.69  5.54  95 1019.5  28.3  29.9  24.2 99.0 99.00
2016 08 22 14 50 129  2.4  3.3  0.84  7.69  5.46  96 1019.6  28.6  30.0  24.5 99.0 99.00
2016 08 22 15 50 115  1.5  2.2  0.86  6.67  5.49  86 1019.3  29.0  30.2  24.2 99.0 99.00
2016 08 22 16 50  99  2.1  3.3  0.87  5.00  5.42  84 1018.9  29.0  30.5  23.9 99.0 99.00
2016 08 22 17 50  70  3.1  4.1  0.85  8.33  5.38 103 1018.9  29.2  30.4  23.0 99.0 99.00
2016 08 22 18 50  83  3.0  4.3  0.90  7.69  5.70 121 1018.7  29.3  30.5  22.6 99.0 99.00
2016 08 22 19 50  78  3.3  4.8  0.89 11.43  5.55 121 1018.7  29.3  30.4  23.6 99.0 99.00
2016 08 22 20 50  76  3.4  4.6  0.91 11.43  5.62  89 1018.7  29.5  30.4  23.5 99.0 99.00
2016 08 22 21 50  79  5.7  6.8  0.98 11.43  5.80 117 1019.1  29.5  30.4  24.0 99.0 99.00
2016 08 22 22 50  68  5.2  6.4  0.89 11.43  5.60 115 1019.0  29.4  30.3  25.0 99.0 99.00
2016 08 22 23 50  87  5.1  6.2  1.09 10.81  5.50 123 1018.9  28.7  30.3  25.3 99.0 99.00
2016 08 23 00 50  57  4.2  5.0  1.09 10.81  5.72 100 1019.1  28.9  30.2  24.7 99.0 99.00
2016 08 23 01 50  63  5.4  6.7  1.07 10.81  5.75 107 1019.6  29.0  30.1  25.4 99.0 99.00
2016 08 23 02 50  68  5.9  7.0  1.19 10.81  5.67 129 1019.4  29.0  30.0  25.7 99.0 99.00
2016 08 23 03 50  78  6.2  7.5  1.44 10.00  6.25 122 1019.3  28.9  29.9  25.2 99.0 99.00
2016 08 23 04 50  77  5.2  6.4  1.56 10.81  6.64 123 1019.1  28.9  29.9  25.5 99.0 99.00
2016 08 23 05 50 106  7.5  9.0  1.71 10.81  6.84 115 1018.3  29.4  29.8  25.0 99.0 99.00
2016 08 23 06 50 105  8.1  9.7  2.07 10.81  6.89 115 1018.0  29.2  29.8  25.0 99.0 99.00
2016 08 23 07 50 105  8.7 10.2  2.18 10.00  6.40 120 1018.1  29.2  29.7  25.1 99.0 99.00
2016 08 23 08 50 107  8.9 10.6  2.23  9.09  6.42 119 1017.9  29.2  29.8  24.7 99.0 99.00
2016 08 23 09 50 107  9.0 11.1  2.19  7.69  6.10 122 1018.0  29.2  29.7  25.0 99.0 99.00
2016 08 23 10 50 107  8.4  9.9  2.28 10.00  6.18 109 1018.3  29.4  29.7  24.8 99.0 99.00
2016 08 23 11 50 117  9.2 10.7  2.20  9.09  6.04 125 1018.3  29.4  29.7  24.8 99.0 99.00
2016 08 23 12 50 118  8.2  9.9  2.21  8.33  5.92 125 1018.7  29.4  29.7  25.0 99.0 99.00
2016 08 23 13 50 122  7.2  8.6  2.12  7.14  5.74 118 1019.0  29.4  29.7  24.9 99.0 99.00
2016 08 23 14 50 116  6.6  8.1  2.06  8.33  5.92 118 1019.2  29.4  29.8  25.4 99.0 99.00
2016 08 23 15 50 118  5.7  6.7  1.88  7.69  5.87 123 1019.4  29.5  29.8  25.1 99.0 99.00
2016 08 23 16 50 114  6.7  7.8  1.80  8.33  5.81 108 1019.0  29.3  29.9  25.6 99.0 99.00
2016 08 23 17 50 118  7.5  8.8  1.78  7.69  5.85 116 1018.8  29.4  29.9  25.4 99.0 99.00
2016 08 23 18 50 127  6.8  8.6  1.82  7.69  5.95 107 1018.6  28.3  29.9  24.2 99.0 99.00
2016 08 23 19 50 107  9.2 10.8  1.63  7.14  5.57 115 1018.3  27.2  29.9  23.7 99.0 99.00
2016 08 23 20 50 128  7.4  9.1  1.53  5.56  5.51 117 1018.0  29.2  29.9  25.6 99.0 99.00
2016 08 23 21 50 125  7.8  9.3  1.47  7.14  5.58 109 1018.5  29.4  29.8  25.4 99.0 99.00
2016 08 23 22 50 126  7.0  8.5  1.46  7.14  5.44 107 1018.8  29.3  29.7  25.1 99.0 99.00
2016 08 23 23 50  94  6.6  9.9  1.55  7.69  5.57  96 1019.3  27.1  29.7  23.3 99.0 99.00
2016 08 24 00 50 120  6.8  7.9  1.54  7.69  5.42 104 1019.5  28.8  29.6  25.3 99.0 99.00
2016 08 24 01 50 104  8.8 10.3  1.53  7.69  5.55  98 1019.9  28.4  29.6  24.3 99.0 99.00
2016 08 24 02 50 131  7.7  8.9  1.53  8.33  5.24 102 1019.5  27.6  29.6  23.5 99.0 99.00
2016 08 24 03 50 137  7.8  9.4  1.50  7.69  5.38  96 1019.2  28.3  29.5  24.9 99.0 99.00
2016 08 24 04 50 138  6.0  7.3  1.56  6.67  5.45 104 1019.3  28.6  29.5  25.0 99.0 99.00
2016 08 24 05 50 138  5.7  6.5  1.51  7.69  5.37 100 1018.9  28.7  29.5  25.3 99.0 99.00
2016 08 24 06 50 125  4.4  5.5  1.49  7.69  5.53 107 1018.5  28.5  29.5  25.5 99.0 99.00
2016 08 24 07 50 106  4.3  5.6  1.41  7.69  5.56 104 1018.4  28.6  29.5  25.2 99.0 99.00
2016 08 24 08 50 114  5.6  6.5  1.30  7.69  5.52 103 1018.2  28.8  29.5  25.3 99.0 99.00
2016 08 24 09 50 118  6.7  7.7  1.46  7.69  5.60 107 1018.5  29.0  29.5  25.0 99.0 99.00
2016 08 24 10 50 123  7.1  8.4  1.41  7.69  5.37 106 1018.7  29.1  29.5  25.0 99.0 99.00
2016 08 24 11 50 124  7.4  8.8  1.39  7.69  5.28 114 1019.1  29.3  29.6  24.6 99.0 99.00
2016 08 24 12 50 129  7.3  8.7  1.46  7.69  5.16 121 1019.3  29.1  29.6  24.8 99.0 99.00
2016 08 24 13 50 130  7.5  8.6  1.56  7.14  5.33 118 1019.5  29.2  29.6  24.7 99.0 99.00
2016 08 24 14 50 128  6.6  8.1  1.44  7.14  5.21 118 1019.6  29.2  29.7  24.9 99.0 99.00
2016 08 24 15 50 142  6.5  7.5  1.55  8.33  5.43 118 1019.2  29.2  29.7  25.2 99.0 99.00
2016 08 24 16 50 132  5.6  7.0  1.54  7.69  5.54 118 1019.2  29.3  29.8  24.9 99.0 99.00
2016 08 24 17 50 140  5.4  6.2  1.47  8.33  5.43 107 1018.8  29.3  29.8  24.1 99.0 99.00
2016 08 24 18 50 141  5.4  6.5  1.47  8.33  5.56 113 1018.5  29.3  29.8  24.5 99.0 99.00
2016 08 24 19 50 151  4.7  6.0  1.31  7.69  5.51 121 1018.3  29.3  29.8  24.5 99.0 99.00
2016 08 24 20 50 157  3.4  4.3  1.34  9.09  5.58 120 1018.5  29.3  29.8  24.4 99.0 99.00
2016 08 24 21 50 137  3.1  3.9  1.33  7.14  5.60 109 1018.7  29.3  29.8  24.3 99.0 99.00
2016 08 24 22 50 118  2.7  3.5  1.50  8.33  6.12 104 1019.0  29.2  29.7  24.8 99.0 99.00
2016 08 24 23 50  94  2.9  3.7  1.32  7.69  5.90  96 1019.3  29.1  29.6  24.8 99.0 99.00
2016 08 25 00 50  89  4.0  5.1  1.40  7.69  5.93  92 1019.5  29.0  29.5  25.1 99.0 99.00
2016 08 25 01 50  93  4.1  4.8  1.35  8.33  6.09 112 1019.5  29.0  29.5  25.1 99.0 99.00
2016 08 25 02 50 105  6.7  8.5  1.46  8.33  6.25 121 1019.2  28.0  29.5  24.8 99.0 99.00
2016 08 25 04 50  82  6.5  7.3  1.58  9.09  6.21 122 1017.9  27.4  29.4  24.9 99.0 99.00
2016 08 25 05 50 108  7.9  9.4  1.52  8.33  6.13 120 1017.3  28.2  29.4  25.3 99.0 99.00
2016 08 25 06 50 120  6.8  8.3  1.62  8.33  5.71 122 1016.5  27.1  29.4  24.4 99.0 99.00
2016 08 25 07 50 115  6.6  7.7  1.42  8.33  5.54 122 1016.8  27.8  29.4  25.1 99.0 99.00
2016 08 25 08 50 122  6.9  8.3  1.70  8.33  5.85 125 1016.8  28.2  29.3  25.3 99.0 99.00
2016 08 25 09 50 120  7.0  8.0  1.86  8.33  6.15 134 1017.2  28.4  29.3  25.6 99.0 99.00
2016 08 25 10 50 118  6.7  8.1  1.69  8.33  5.86 117 1017.3  28.6  29.4  24.4 99.0 99.00
2016 08 25 11 50 137  6.9  8.1  1.72  8.33  5.80 126 1017.4  29.1  29.4  24.2 99.0 99.00
2016 08 25 12 50 147  5.6  6.7  1.78  9.09  5.93 128 1017.9  29.2  29.5  24.4 99.0 99.00
2016 08 25 13 50 146  6.3  7.3  1.73  8.33  5.96 128 1018.1  29.2  29.6  24.3 99.0 99.00
2016 08 25 14 50 137  6.3  7.4  1.67  9.09  5.81 134 1017.9  29.0  29.7  24.8 99.0 99.00
2016 08 25 15 50 135  6.1  7.3  1.72  8.33  5.94 129 1017.7  29.1  29.7  25.1 99.0 99.00
2016 08 25 16 50 143  5.8  6.8  1.61  8.33  5.66 128 1017.4  29.2  29.7  24.5 99.0 99.00
2016 08 25 17 50 149  5.2  6.4  1.62  9.09  6.08 140 1017.4  29.3  29.7  24.0 99.0 99.00
2016 08 25 18 50 154  4.6  5.5  1.42  7.69  5.70 129 1017.1  29.1  29.7  24.7 99.0 99.00
2016 08 25 19 50 154  4.0  4.6  1.50  9.09  6.15 134 1017.6  29.2  29.7  24.0 99.0 99.00
2016 08 25 20 50 153  3.1  4.2  1.47  9.09  6.13 128 1017.2  29.0  29.6  25.0 99.0 99.00
2016 08 25 21 50 160  3.8  4.7  1.35  9.09  6.03 124 1017.0  29.0  29.5  24.2 99.0 99.00
2016 08 25 22 50 144  3.8  5.1  1.22  9.09  5.89 135 1017.2  28.9  29.4  24.4 99.0 99.00
2016 08 25 23 50 133  3.1  3.7  1.33  8.33  6.15 124 1017.5  28.9  29.5  24.4 99.0 99.00
2016 08 26 00 50 133  3.4  4.2  1.36  7.69  6.30 115 1017.8  28.9  29.5  24.6 99.0 99.00
2016 08 26 01 50 118  4.6  5.5  1.25  8.33  6.18  98 1017.5  28.8  29.4  24.4 99.0 99.00
2016 08 26 02 50 102  6.3  7.5  1.29  7.69  6.16 117 1017.1  28.4  29.4  24.5 99.0 99.00
2016 08 26 03 50 109  5.8  6.8  1.39  9.09  6.10 105 1016.7  28.5  29.4  23.7 99.0 99.00
2016 08 26 04 50 103  4.6  6.7  1.26  8.33  5.54 111 1016.1  28.4  29.4  24.4 99.0 99.00
2016 08 26 05 50 117  3.9  5.0  1.19  8.33  5.51 121 1015.5  28.4  29.4  24.5 99.0 99.00
2016 08 26 06 50 133  5.1  5.9  1.16  8.33  5.59 113 1015.3  28.6  29.4  24.1 99.0 99.00
2016 08 26 07 50 139  6.0  7.0  1.19  7.69  5.48  89 1015.3  28.5  29.4  23.9 99.0 99.00
2016 08 26 08 50 144  5.8  6.9  1.27  8.33  5.66 128 1015.5  28.5  29.4  24.1 99.0 99.00
2016 08 26 09 50 147  5.2  6.4  1.19  8.33  5.25 121 1015.6  28.5  29.4  23.8 99.0 99.00
2016 08 26 10 50 165  3.8  5.0  1.09  7.69  5.31 144 1016.7  28.7  29.4  23.3 99.0 99.00
2016 08 26 11 50 133  3.0  4.1  1.18  7.14  5.42 125 1017.2  28.9  29.4  22.8 99.0 99.00
2016 08 26 12 50 144  3.7  5.5  1.19  8.33  5.58 160 1017.0  28.9  29.4  22.2 99.0 99.00
2016 08 26 13 50 126  4.2  5.1  1.14  7.14  5.44 147 1017.4  28.6  29.5  23.2 99.0 99.00
2016 08 26 14 50 151  2.7  3.3  1.11  7.69  5.64 133 1017.6  28.6  29.5  23.2 99.0 99.00
2016 08 26 15 50 266  4.5  5.1  1.15  8.33  5.67 130 1017.1  26.8  29.5  24.5 99.0 99.00
2016 08 26 16 50 260  2.0  2.5  1.19  7.69  5.71 143 1017.0  27.4  29.4  24.2 99.0 99.00
2016 08 26 17 50 261  5.7  6.8  1.07  7.69  5.58 145 1016.8  27.5  29.4  23.3 99.0 99.00
2016 08 26 18 50 278  4.5  5.5  1.09  6.67  5.70 133 1016.4  27.0  29.5  23.5 99.0 99.00
2016 08 26 19 50 287  4.7  5.4  1.00  7.14  5.34 149 1016.0  26.9  29.5  23.4 99.0 99.00
2016 08 26 20 50 319  3.4  4.3  1.05  6.67  5.51 138 1015.5  27.3  29.4  21.5 99.0 99.00
2016 08 26 21 50 298  3.0  3.9  0.98  7.14  5.78 128 1016.0  27.6  29.4  21.5 99.0 99.00
2016 08 26 22 50 306  1.9  2.3  1.01  7.14  5.94 127 1016.2  27.7  29.4  21.6 99.0 99.00
2016 08 26 23 50 105  0.2  0.7  0.99  7.69  5.99 105 1016.4  27.9  29.3  21.2 99.0 99.00
2016 08 27 00 50  89  1.5  2.1  0.98  7.69  5.89 121 1016.8  28.1  29.3  21.9 99.0 99.00
2016 08 27 01 50 109  3.6  4.6  0.92  7.14  5.80 143 1016.6  28.0  29.4  23.1 99.0 99.00
2016 08 27 02 50 123  2.1  2.8  0.94  7.14  5.87 118 1016.7  28.0  29.3  23.4 99.0 99.00
2016 08 27 03 50 129  2.1  3.6  0.97  6.67  5.81  70 1015.8  27.9  29.3  23.7 99.0 99.00
2016 08 27 04 50 128  1.6  2.2  0.91  7.69  5.88 111 1015.3  27.9  29.2  23.9 99.0 99.00
2016 08 27 05 50 100  2.7  3.4  0.86  7.69  5.73  92 1014.8  28.0  29.2  23.8 99.0 99.00
2016 08 27 06 50 119  3.6  4.3  0.81  7.69  5.77  97 1014.6  28.2  29.2  23.8 99.0 99.00
2016 08 27 07 50 120  4.1  5.3  0.85  7.14  5.96 107 1014.5  28.3  29.2  23.4 99.0 99.00
2016 08 27 08 50 127  3.0  3.7  0.89  7.69  5.97 102 1015.1  28.3  29.2  23.0 99.0 99.00
2016 08 27 09 50 111  3.0  3.8  0.92  6.25  6.08 112 1015.6  28.2  29.2  23.4 99.0 99.00
2016 08 27 10 50 121  4.0  4.9  0.96  6.67  6.04 117 1015.8  28.5  29.2  23.2 99.0 99.00
2016 08 27 11 50 132  3.8  4.5  1.00 14.81  6.58 116 1016.1  28.7  29.3  22.4 99.0 99.00
2016 08 27 12 50 136  3.4  4.3  1.07 13.79  6.42 105 1016.6  28.6  29.4  23.5 99.0 99.00
2016 08 27 13 50 142  2.8  3.7  1.15 13.79  6.87 117 1016.6  28.7  29.5  23.2 99.0 99.00
2016 08 27 14 50 170  3.1  3.8  1.22 13.79  7.02 125 1016.7  28.7  29.7  23.2 99.0 99.00
2016 08 27 15 50 193  2.3  2.9  1.28 13.79  7.37 109 1016.5  28.8  29.9  23.1 99.0 99.00
2016 08 27 16 50 249  3.3  4.2  1.20 13.79  7.48 112 1016.4  28.9  30.0  22.9 99.0 99.00
2016 08 27 17 50 278  6.3  7.5  1.19 12.90  7.12 107 1015.6  27.8  30.1  25.0 99.0 99.00
2016 08 27 18 50 297  4.7  6.0  1.27 13.79  6.82 119 1015.2  27.9  29.9  24.5 99.0 99.00
2016 08 27 19 50 313  4.0  5.1  1.16 13.79  6.45 105 1015.1  28.1  29.8  24.0 99.0 99.00
2016 08 27 20 50 330  3.5  4.6  1.37 13.79  6.78 113 1015.0  28.3  29.8  23.8 99.0 99.00
2016 08 27 21 50 343  3.6  5.0  1.24 12.90  6.50 115 1015.3  28.4  29.7  23.8 99.0 99.00
2016 08 27 22 50 354  3.2  4.0  1.44 13.79  7.32 106 1015.4  28.1  29.6  24.0 99.0 99.00
2016 08 27 23 50  10  3.0  4.0  1.49 13.79  7.51 102 1015.7  28.1  29.6  24.1 99.0 99.00
2016 08 28 00 50  25  3.7  4.9  1.55 13.79  8.35  88 1016.4  28.3  29.5  24.7 99.0 99.00
2016 08 28 01 50  37  3.7  5.0  1.47 13.79  8.21  80 1016.2  28.4  29.4  24.5 99.0 99.00
2016 08 28 02 50  79  3.6  4.5  1.48 12.90  8.19 103 1016.4  28.8  29.4  23.8 99.0 99.00
2016 08 28 03 50  78  3.0  3.8  1.62 12.90  8.91  96 1016.2  28.6  29.3  23.6 99.0 99.00
2016 08 28 04 50  80  2.5  3.5  1.71 13.79  9.23  91 1015.8  28.6  29.3  23.7 99.0 99.00
2016 08 28 05 50  89  2.9  4.2  1.74 12.90  9.24  91 1015.4  28.7  29.3  23.2 99.0 99.00
2016 08 28 06 50  69  2.8  3.7  1.88 12.90  9.37  81 1015.2  28.5  29.3  23.8 99.0 99.00
2016 08 28 07 50  73  2.7  3.7  1.90 12.90  9.23  86 1015.4  28.5  29.3  23.7 99.0 99.00
2016 08 28 08 50  58  2.5  3.5  2.12 12.90  9.77  90 1015.8  28.4  29.3  23.8 99.0 99.00
2016 08 28 09 50  52  2.9  3.9  1.86 12.12  9.09  90 1016.1  28.4  29.3  24.0 99.0 99.00
2016 08 28 10 50  33  2.8  3.5  1.93 12.12  9.08  90 1016.8  28.7  29.3  24.3 99.0 99.00
2016 08 28 11 50  43  3.4  4.7  2.07 11.43  9.41  96 1017.1  28.9  29.4  24.0 99.0 99.00
2016 08 28 12 50  49  4.1  5.2  2.01 10.81  9.18 102 1017.6  28.7  29.4  24.3 99.0 99.00
2016 08 28 13 50  51  4.6  6.4  1.99 11.43  8.89  99 1018.0  28.9  29.5  24.4 99.0 99.00
2016 08 28 14 50  68  4.6  5.9  2.03 12.12  8.72  88 1018.0  28.6  29.6  24.1 99.0 99.00
2016 08 28 15 50  70  3.9  5.3  2.07 12.12  8.82  82 1017.8  28.6  29.6  24.3 99.0 99.00
2016 08 28 16 50  70  4.0  5.0  2.24 11.43  8.87  93 1017.6  28.6  29.8  24.4 99.0 99.00
2016 08 28 17 50  74  4.0  5.2  1.92 10.81  8.23  98 1017.2  28.9  29.9  24.7 99.0 99.00
2016 08 28 18 50  67  4.9  6.1  1.99 10.81  8.64  96 1016.5  29.2  29.9  23.7 99.0 99.00
2016 08 28 19 50  67  4.1  5.2  2.00 11.43  8.37  86 1016.5  29.3  29.8  23.7 99.0 99.00
2016 08 28 20 50  79  5.2  6.4  2.15 10.81  8.28  89 1016.5  29.0  29.8  24.4 99.0 99.00
2016 08 28 21 50  82  4.8  5.8  1.90 10.81  8.13  88 1016.6  29.2  29.7  23.9 99.0 99.00
2016 08 28 22 50  80  4.2  5.5  1.99 10.81  8.06  80 1016.8  29.0  29.6  23.8 99.0 99.00
2016 08 28 23 50  96  3.6  4.6  1.99 10.00  8.06  82 1017.0  29.0  29.6  24.2 99.0 99.00
2016 08 29 00 50  69  3.9  4.8  1.84 10.00  8.10  78 1017.4  28.9  29.5  23.5 99.0 99.00
2016 08 29 01 50  74  3.5  4.6  1.97  9.09  8.09  76 1017.4  29.0  29.5  23.4 99.0 99.00
2016 08 29 02 50  90  3.2  4.4  2.05 12.12  8.31  54 1017.3  28.8  29.4  23.3 99.0 99.00
2016 08 29 03 50  93  3.3  4.6  2.07 12.12  8.27  59 1017.0  28.8  29.4  23.5 99.0 99.00
2016 08 29 04 50 103  3.7  4.8  1.89 12.12  7.96  56 1016.8  28.7  29.4  23.6 99.0 99.00
2016 08 29 05 50 101  2.9  3.8  1.83 11.43  7.76  60 1016.8  28.6  29.4  23.1 99.0 99.00
2016 08 29 06 50 109  2.5  3.3  1.86 10.81  7.80  56 1016.6  28.5  29.4  23.2 99.0 99.00
2016 08 29 07 50 105  2.3  3.1  1.72 10.00  7.67  60 1016.4  28.5  29.4  23.1 99.0 99.00
2016 08 29 08 50 103  2.0  3.1  1.86 10.00  7.81  72 1016.6  28.5  29.4  23.4 99.0 99.00
2016 08 29 09 50  85  1.8  2.8  1.42  9.09  7.13  66 1017.1  28.4  29.4  23.1 99.0 99.00
2016 08 29 10 50 110  2.3  3.2  1.34 10.00  7.11  63 1017.6  28.6  29.4  23.4 99.0 99.00
2016 08 29 11 50 109  2.2  2.9  1.27 10.00  7.10  67 1018.0  29.0  29.4  23.1 99.0 99.00
2016 08 29 12 50 141  1.6  2.1  1.21 10.00  6.94  70 1018.6  28.9  29.5  23.5 99.0 99.00
2016 08 29 13 50 193  8.1 10.4  1.14 10.00  6.79  93 1019.2  26.4  29.5  23.2 99.0 99.00
2016 08 29 14 50 104  3.4  4.6  1.17  9.09  6.12  83 1019.4  25.8  29.5  22.6 99.0 99.00
2016 08 29 15 50   6  1.3  4.0  1.22 10.00  7.40  74 1019.1  27.4  29.7  22.3 99.0 99.00
2016 08 29 16 50  17  1.1  1.8  1.27 10.00  7.16  71 1018.7  27.3  30.0  22.3 99.0 99.00
2016 08 29 17 50  53  0.8  1.4  1.20  8.33  7.06  73 1018.0  28.1  30.6  21.9 99.0 99.00
2016 08 29 18 50  60  1.3  2.2  1.18  9.09  7.28  73 1017.7  28.5  30.7  21.8 99.0 99.00
2016 08 29 19 50 106  0.6  1.3  1.37  9.09  7.61  74 1017.4  28.8  30.9  21.8 99.0 99.00
2016 08 29 20 50 181  0.7  1.9  1.44  9.09  7.69  73 1017.4  29.2  30.9  22.5 99.0 99.00
2016 08 29 21 50 159  0.9  1.9  1.47 10.81  7.91  58 1017.4  29.1  30.6  22.8 99.0 99.00
2016 08 29 22 50 203  1.7  2.6  1.33 11.43  7.65  53 1017.5  28.5  30.2  22.9 99.0 99.00
2016 08 29 23 50 184  1.9  2.7  1.55 10.00  7.76  55 1018.0  28.6  30.1  22.7 99.0 99.00
2016 08 30 00 50 192  2.3  3.3  1.54 10.81  7.67  46 1018.6  28.6  29.8  22.7 99.0 99.00
2016 08 30 01 50 189  1.9  3.0  1.40 10.00  7.29  55 1019.0  28.7  30.0  22.8 99.0 99.00
2016 08 30 02 50 208  1.9  3.0  1.50  8.33  7.43  62 1019.0  28.6  29.9  22.8 99.0 99.00
2016 08 30 03 50 218  4.0  5.3  1.53 10.81  7.43  49 1018.5  28.1  29.7  23.8 99.0 99.00
2016 08 30 04 50 241  2.7  3.6  1.49 10.00  7.41  53 1018.1  28.2  29.5  23.0 99.0 99.00
2016 08 30 05 50 229  2.6  3.5  1.24 10.00  6.78  49 1017.8  28.3  29.5  23.0 99.0 99.00
2016 08 30 06 50 239  2.5  3.2  1.17 10.00  6.78  58 1017.7  28.2  29.4  22.8 99.0 99.00
2016 08 30 07 50 222  1.5  2.2  0.98  9.09  6.46  67 1017.5  28.2  29.4  22.6 99.0 99.00
2016 08 30 08 50 228  1.1  1.7  0.92 10.00  6.29  62 1017.6  28.2  29.4  22.4 99.0 99.00
2016 08 30 09 50 218  1.6  2.3  1.03  8.33  6.69  71 1017.9  28.4  29.4  22.1 99.0 99.00
2016 08 30 10 50 180  1.7  2.1  1.11 10.00  7.21  51 1018.3  28.5  29.4  23.0 99.0 99.00
2016 08 30 11 50 192  1.2  2.0  1.21  9.09  7.39  59 1018.8  28.7  29.4  23.0 99.0 99.00
2016 08 30 12 50 173  0.8  1.3  1.28  9.09  7.35  56 1019.2  29.1  29.6  23.0 99.0 99.00
2016 08 30 13 50 169  1.5  2.6  1.09  9.09  7.21  51 1019.8  28.9  30.1  23.0 99.0 99.00
2016 08 30 14 50 205  4.6  6.0  0.94  9.09  6.80  66 1019.4  27.4  29.9  24.7 99.0 99.00
2016 08 30 15 50 199  3.8  4.8  1.08  7.69  6.86  74 1019.4  28.3  29.8  23.4 99.0 99.00
2016 08 30 16 50 200  2.9  3.8  1.07  7.69  6.62  70 1018.8  28.2  30.0  23.5 99.0 99.00
2016 08 30 17 50 199  1.8  2.7  1.14 10.00  6.90  57 1018.5  28.7  30.3  22.2 99.0 99.00
2016 08 30 18 50 209  3.0  4.1  1.21 10.00  7.18  55 1018.4  28.6  30.3  22.7 99.0 99.00
2016 08 30 19 50 207  2.8  3.9  1.18 10.00  7.06  50 1018.2  28.5  30.0  22.9 99.0 99.00
2016 08 30 20 50 219  2.6  3.4  1.07  9.09  6.51  60 1018.4  28.8  30.0  23.1 99.0 99.00
2016 08 30 21 50 215  2.4  3.5  1.10  9.09  6.79  66 1018.1  28.9  29.9  23.1 99.0 99.00
2016 08 30 22 50 221  2.5  3.6  1.08 10.00  6.68  57 1018.5  28.4  29.8  22.8 99.0 99.00
2016 08 30 23 50 191  4.0  4.9  0.97 10.00  6.41  50 1018.8  28.4  29.8  23.0 99.0 99.00
2016 08 31 00 50 214  3.1  4.0  0.96  9.09  6.02  68 1019.4  28.3  29.7  24.5 99.0 99.00
2016 08 31 01 50 203  2.7  3.4  0.89  8.33  5.99  48 1019.5  28.2  29.6  23.8 99.0 99.00
2016 08 31 02 50 208  3.6  4.5  0.85  9.09  5.84  60 1019.1  28.3  29.6  23.9 99.0 99.00
2016 08 31 03 50 201  3.7  4.8  0.79  9.09  5.60  78 1018.9  28.1  29.6  24.6 99.0 99.00
2016 08 31 04 50 200  3.6  4.6  0.77  8.33  5.41  69 1018.4  28.2  29.6  24.1 99.0 99.00
2016 08 31 05 50 220  3.7  4.5  0.76  7.69  5.44  57 1018.1  28.3  29.7  23.6 99.0 99.00
2016 08 31 06 50 227  3.7  4.8  0.76  7.69  5.16  81 1017.9  28.3  29.6  24.0 99.0 99.00
2016 08 31 07 50 226  4.4  5.2  0.81  7.14  5.25  42 1017.9  28.4  29.6  23.4 99.0 99.00
2016 08 31 09 50 224  5.0  5.9  0.78  7.14  5.36  41 1018.3  28.6  29.6  23.1 99.0 99.00
2016 08 31 10 50 222  4.2  5.1  0.83  8.33  5.15  59 1018.7  28.7  29.5  23.7 99.0 99.00
2016 08 31 11 50 230  4.0  4.9  0.81  9.09  5.10  76 1019.0  28.6  29.5  23.9 99.0 99.00
2016 08 31 12 50 238  4.0  4.9  0.80  7.69  5.51  68 1019.5  28.9  29.6  23.2 99.0 99.00
2016 08 31 13 50 240  3.6  4.2  0.86  9.09  5.75  68 1019.7  28.9  29.7  22.7 99.0 99.00
2016 08 31 14 50 226  3.3  4.2  0.76  9.09  5.53  76 1019.7  28.9  29.8  23.5 99.0 99.00
2016 08 31 15 50 242  3.6  4.6  0.81  8.33  5.70  63 1019.3  28.7  29.9  23.8 99.0 99.00
2016 08 31 16 50 277  4.4  6.4  0.85  9.09  5.69  62 1018.8  27.8  29.9  23.0 99.0 99.00
2016 08 31 17 50 240  3.8  4.5  0.87  9.09  6.05  74 1018.8  28.8  30.0  23.2 99.0 99.00
2016 08 31 18 50 229  2.5  4.6  0.89 10.00  6.36  62 1018.3  28.9  30.1  23.9 99.0 99.00
2016 08 31 19 50 204  2.2  2.9  1.02 10.00  6.48  68 1018.2  28.4  30.0  23.3 99.0 99.00
2016 08 31 20 50 245  3.2  3.9  0.95  9.09  5.76  54 1018.1  29.1  30.0  22.9 99.0 99.00
2016 08 31 21 50 238  2.7  3.6  1.04 10.00  5.85  51 1018.2  29.0  30.0  23.8 99.0 99.00
2016 08 31 22 50 236  1.9  2.8  1.01  9.09  6.44  49 1018.6  28.6  29.9  23.7 99.0 99.00
