#YY  MM DD hh mm WDIR WSPD GST  WVHT   DPD   APD MWD   PRES  ATMP  WTMP  DEWP  VIS  TIDE
#yr  mo dy hr mn degT m/s  m/s     m   sec   sec deg    hPa  degC  degC  degC  nmi    ft
2016 03 01 00 50  80  7.4  9.0  1.83  7.69  5.68  53 1020.7  23.6  26.1  15.6 99.0 99.00
2016 03 01 01 50  79  8.0  9.8  1.75  8.33  5.71  52 1020.8  23.7  26.1  15.5 99.0 99.00
2016 03 01 02 50  71  8.0  9.5  1.78  8.33  5.68  59 1020.9  23.6  26.0  15.2 99.0 99.00
2016 03 01 03 50  81  7.7  9.3  1.68  5.88  5.54  69 1020.7  23.6  26.0  14.9 99.0 99.00
2016 03 01 04 50  92  7.7  9.7  1.73  7.14  5.55  72 1020.2  23.6  26.0  15.4 99.0 99.00
2016 03 01 05 50  82  8.2  9.7  1.76  9.09  5.53  67 1019.8  23.5  26.0  15.1 99.0 99.00
2016 03 01 06 50  86  8.1  9.6  1.66  8.33  5.44  75 1019.3  23.4  26.0  14.7 99.0 99.00
2016 03 01 07 50  93  7.5  9.1  1.63  6.67  5.56  96 1018.8  23.4  26.0  14.6 99.0 99.00
2016 03 01 08 50  90  7.4  9.6  1.69  9.09  5.69  52 1019.1  23.4  26.0  15.9 99.0 99.00
2016 03 01 09 50  86  7.7  9.0  1.67  7.14  5.56  31 1019.5  23.2  26.0  15.0 99.0 99.00
2016 03 01 10 50  79  7.2  9.0  1.68  9.09  5.57  66 1019.9  23.3  26.0  15.0 99.0 99.00
2016 03 01 11 50  83  8.4 10.2  1.66  8.33  5.61  59 1020.4  23.6  26.0  14.9 99.0 99.00
2016 03 01 12 50  90  7.8 10.6  1.59 10.00  5.45  82 1021.4  23.8  26.0  15.2 99.0 99.00
2016 03 01 13 50  84  7.7 10.3  1.62  6.67  5.30  80 1021.7  23.9  26.1  14.9 99.0 99.00
2016 03 01 14 50  82  7.9 10.0  1.61  9.09  5.55  75 1021.7  23.9  26.1  15.1 99.0 99.00
2016 03 01 15 50  81  8.1  9.7  1.62 10.00  5.66  81 1021.4  23.8  26.1  15.0 99.0 99.00
2016 03 01 16 50  90  7.0  8.5  1.69  9.09  5.57  66 1020.7  23.9  26.2  15.1 99.0 99.00
2016 03 01 17 50  96  7.1  8.8  1.67 10.00  5.73  69 1019.8  24.0  26.2  15.9 99.0 99.00
2016 03 01 18 50  94  7.0  8.8  1.59  9.09  5.67  74 1019.3  24.0  26.2  16.0 99.0 99.00
2016 03 01 19 50  87  7.6  9.3  1.59  9.09  5.48  74 1019.0  24.1  26.2  15.8 99.0 99.00
2016 03 01 20 50  89  8.0  9.4  1.60  9.09  5.71  74 1019.0  24.1  26.2  15.5 99.0 99.00
2016 03 01 21 50  87  8.5 10.4  1.71 10.00  5.70  80 1019.3  23.9  26.2  15.4 99.0 99.00
2016 03 01 22 50  86  8.2 10.4  1.76  8.33  5.57  87 1019.9  23.9  26.2  15.2 99.0 99.00
2016 03 01 23 50  88  7.6  9.4  1.64  9.09  5.30  93 1020.3  23.9  26.1  14.6 99.0 99.00
2016 03 02 00 50  91  7.1  9.4  1.65  9.09  5.60 104 1020.6  23.9  26.1  15.0 99.0 99.00
2016 03 02 01 50  97  8.2 10.2  1.54  9.09  5.42  86 1021.0  23.8  26.1  15.0 99.0 99.00
2016 03 02 02 50 103  5.8  7.8  1.57  6.25  5.38 107 1021.4  23.9  26.1  14.3 99.0 99.00
2016 03 02 03 50 100  5.9  7.5  1.58  5.88  5.56  98 1021.1  24.0  26.1  14.3 99.0 99.00
2016 03 02 04 50 104  6.2  7.7  1.54 10.00  5.56  71 1020.5  23.9  26.1  15.5 99.0 99.00
2016 03 02 05 50 107  5.8  7.8  1.76  9.09  5.60 106 1020.0  23.9  26.1  16.5 99.0 99.00
2016 03 02 06 50 110  7.4  8.8  1.60  9.09  5.58  92 1019.0  23.9  26.1  17.1 99.0 99.00
2016 03 02 07 50 109  6.7  8.0  1.52 10.00  5.57  74 1018.9  23.8  26.1  17.4 99.0 99.00
2016 03 02 08 50  95  6.8  8.8  1.59  9.09  5.52  86 1018.8  24.0  26.1  17.5 99.0 99.00
2016 03 02 09 50 107  7.2  8.7  1.47  5.56  5.47  81 1018.7  24.2  26.0  17.5 99.0 99.00
2016 03 02 10 50 112  6.5  7.9  1.54 10.00  5.62  79 1019.1  24.1  26.0  17.3 99.0 99.00
2016 03 02 11 50 119  5.9  7.5  1.57 10.00  5.56  84 1019.8  24.7  26.0  16.2 99.0 99.00
2016 03 02 12 50 117  6.9  8.3  1.54  9.09  5.67  81 1020.3  24.8  26.0  15.8 99.0 99.00
2016 03 02 13 50 125  6.2  7.1  1.63  6.25  5.75  94 1020.7  24.8  26.0  16.4 99.0 99.00
2016 03 02 14 50 119  5.1  6.5  1.64  9.09  5.69  91 1021.0  24.7  26.1  16.8 99.0 99.00
2016 03 02 15 50 113  4.7  6.5  1.60  6.25  5.70 101 1020.5  24.3  26.1  18.3 99.0 99.00
2016 03 02 16 50 110  6.2  7.4  1.61  6.25  5.65  87 1020.1  24.0  26.1  18.1 99.0 99.00
2016 03 02 17 50  97  4.8  6.1  1.46 10.00  5.46  72 1019.5  23.9  26.2  17.6 99.0 99.00
2016 03 02 18 50  99  5.8  8.3  1.60 10.00  5.89  80 1018.7  24.0  26.2  18.0 99.0 99.00
2016 03 02 20 50 132  5.0  5.8  1.54  9.09  6.05 110 1018.0  24.6  26.2  16.9 99.0 99.00
2016 03 02 21 50 114  4.0  5.2  1.50 10.00  5.88  90 1018.4  24.3  26.2  18.0 99.0 99.00
2016 03 02 22 50 122  4.0  5.5  1.39  9.09  5.78  97 1018.8  24.7  26.2  17.7 99.0 99.00
2016 03 02 23 50 121  4.6  5.7  1.52  9.09  6.03  72 1019.1  24.3  26.2  18.7 99.0 99.00
2016 03 03 00 50 120  5.0  6.4  1.62  8.33  6.08  47 1019.4  24.4  26.2  18.9 99.0 99.00
2016 03 03 01 50 115  4.9  6.1  1.49  9.09  6.03  49 1019.3  24.4  26.2  18.7 99.0 99.00
2016 03 03 02 50 121  6.7  7.8  1.49  9.09  5.88  72 1018.7  24.5  26.2  18.8 99.0 99.00
2016 03 03 03 50 127  6.5  7.6  1.53  5.88  5.64  95 1018.6  24.4  26.2  19.0 99.0 99.00
2016 03 03 04 50 129  6.5  7.6  1.56  9.09  5.73  77 1018.0  24.3  26.1  19.0 99.0 99.00
2016 03 03 05 50 133  6.1  7.8  1.44  8.33  5.60  79 1017.4  24.4  26.1  19.2 99.0 99.00
2016 03 03 06 50 145  5.0  6.1  1.38  9.09  5.36  77 1017.3  24.5  26.1  18.7 99.0 99.00
2016 03 03 07 50 125  4.8  5.7  1.38  9.09  5.46  87 1017.0  24.5  26.1  18.7 99.0 99.00
2016 03 03 08 50 127  4.9  6.2  1.39  9.09  5.79  82 1016.9  24.5  26.1  18.9 99.0 99.00
2016 03 03 09 50 131  4.7  6.0  1.38  7.69  5.98 106 1017.1  24.5  26.1  18.8 99.0 99.00
2016 03 03 10 50 114  4.5  5.3  1.34 10.00  6.06  83 1017.6  24.4  26.1  19.0 99.0 99.00
2016 03 03 11 50 113  4.9  5.9  1.34  8.33  6.03  81 1018.0  24.6  26.1  18.9 99.0 99.00
2016 03 03 12 50 113  4.3  5.3  1.21  9.09  5.70  87 1018.7  24.9  26.1  18.5 99.0 99.00
2016 03 03 13 50 107  4.8  6.2  1.26  8.33  5.84  63 1019.3  24.8  26.2  18.6 99.0 99.00
2016 03 03 14 50 110  5.0  6.2  1.15  9.09  5.72  73 1019.5  24.8  26.2  17.8 99.0 99.00
2016 03 03 15 50 109  5.5  6.7  1.26 10.00  5.86  82 1019.3  24.8  26.3  18.0 99.0 99.00
2016 03 03 16 50 115  5.6  6.6  1.24 10.00  5.84  91 1018.9  24.6  26.3  17.7 99.0 99.00
2016 03 03 17 50 117  5.1  6.4  1.29  9.09  5.80  81 1018.2  24.7  26.4  17.3 99.0 99.00
2016 03 03 18 50 117  4.8  6.0  1.17  9.09  5.74  90 1017.3  24.7  26.4  17.2 99.0 99.00
2016 03 03 19 50 109  4.3  5.4  1.20 10.00  5.58  76 1017.1  24.7  26.4  16.9 99.0 99.00
2016 03 03 20 50 118  4.6  5.9  1.19 10.00  5.75  87 1017.1  24.7  26.4  17.6 99.0 99.00
2016 03 03 21 50 111  4.4  5.7  1.17 10.00  5.82  79 1017.6  24.7  26.4  17.2 99.0 99.00
2016 03 03 22 50 102  4.5  5.9  1.16 10.00  5.93  80 1017.9  24.5  26.3  17.1 99.0 99.00
2016 03 03 23 50  89  4.3  5.8  1.09 10.00  5.78  84 1018.3  24.4  26.3  16.7 99.0 99.00
2016 03 04 00 50 104  4.5  5.4  1.06 10.00  5.80  87 1018.5  24.4  26.2  16.6 99.0 99.00
2016 03 04 01 50 111  4.9  5.9  1.06  9.09  5.81  90 1018.7  24.4  26.2  16.2 99.0 99.00
2016 03 04 02 50 106  5.6  6.7  1.12 10.00  6.03  95 1019.2  24.4  26.2  16.8 99.0 99.00
2016 03 04 03 50 125  5.3  6.9  1.12  9.09  5.83  83 1018.7  24.3  26.2  16.5 99.0 99.00
2016 03 04 04 50 125  5.2  6.9  1.18 10.00  6.17  94 1018.2  24.3  26.2  17.3 99.0 99.00
2016 03 04 05 50 119  5.6  6.6  1.18 10.00  5.86 108 1017.8  24.4  26.2  17.4 99.0 99.00
2016 03 04 06 50 137  5.7  7.5  1.21 10.00  5.73  81 1016.8  24.4  26.2  17.3 99.0 99.00
2016 03 04 07 50 136  4.8  5.7  1.25  9.09  5.93  87 1016.4  24.4  26.2  16.8 99.0 99.00
2016 03 04 08 50 126  4.8  6.1  1.22  9.09  6.01  83 1016.2  24.4  26.2  17.5 99.0 99.00
2016 03 04 09 50 125  5.7  6.6  1.27  9.09  5.93  83 1015.7  24.5  26.2  18.0 99.0 99.00
2016 03 04 10 50 129  5.7  6.6  1.17 10.00  5.80  94 1016.1  24.5  26.2  18.5 99.0 99.00
2016 03 04 11 50 142  5.2  6.4  1.20  9.09  5.87  76 1016.7  24.6  26.2  18.5 99.0 99.00
2016 03 04 12 50 149  6.6  7.7  1.19 10.81  5.81 356 1017.3  25.1  26.2  18.4 99.0 99.00
2016 03 04 13 50 151  5.9  7.1  1.16  9.09  5.60  79 1017.9  25.0  26.2  18.2 99.0 99.00
2016 03 04 14 50 150  5.7  7.4  1.23 10.00  5.50  55 1017.8  25.2  26.2  18.5 99.0 99.00
2016 03 04 15 50 155  4.4  5.4  1.21 10.00  5.68  52 1017.9  25.1  26.3  18.6 99.0 99.00
2016 03 04 16 50 174  4.4  5.4  1.18 10.00  5.38  21 1017.4  25.2  26.3  18.7 99.0 99.00
2016 03 04 17 50 180  3.7  5.1  1.22 10.00  5.86  50 1016.6  25.4  26.4  18.8 99.0 99.00
2016 03 04 18 50 197  3.6  4.8  1.24 10.00  6.04  13 1016.3  25.5  26.5  18.3 99.0 99.00
2016 03 04 19 50 187  3.7  4.4  1.18  9.09  5.65 360 1016.0  25.5  26.5  18.4 99.0 99.00
2016 03 04 20 50 182  4.3  5.4  1.26  9.09  5.99  43 1015.8  25.5  26.5  18.7 99.0 99.00
2016 03 04 21 50 185  4.1  5.1  1.20  8.33  5.89  32 1016.1  25.5  26.4  18.8 99.0 99.00
2016 03 04 22 50 207  3.8  4.6  1.36  9.09  5.81  49 1016.6  25.5  26.3  18.6 99.0 99.00
2016 03 04 23 50 200  2.5  3.9  1.34  9.09  5.95  83 1016.6  25.5  26.3  18.5 99.0 99.00
2016 03 05 00 50 192  2.9  3.6  1.34  9.09  5.90  32 1016.7  25.5  26.3  18.8 99.0 99.00
2016 03 05 01 50 156  3.4  4.2  1.48  9.09  6.14  64 1016.2  25.4  26.2  18.9 99.0 99.00
2016 03 05 02 50 204  2.9  3.8  1.43  9.09  5.75  62 1017.1  25.4  26.2  19.0 99.0 99.00
2016 03 05 03 50 207  2.9  3.9  1.30  9.09  5.81  81 1016.7  25.4  26.2  18.6 99.0 99.00
2016 03 05 04 50 232  2.8  3.8  1.29  9.09  5.82  54 1016.5  25.3  26.2  19.3 99.0 99.00
2016 03 05 05 50 239  2.7  3.6  1.49 10.00  6.22  86 1016.0  25.2  26.2  19.4 99.0 99.00
2016 03 05 06 50 260  2.6  3.6  1.43  8.33  6.27  79 1015.4  25.2  26.2  19.2 99.0 99.00
2016 03 05 07 50 282  3.1  3.9  1.45  7.69  6.20 120 1015.1  25.0  26.2  19.2 99.0 99.00
2016 03 05 08 50 279  2.8  3.9  1.55  9.09  6.43  72 1014.9  25.0  26.2  19.2 99.0 99.00
2016 03 05 09 50 303  2.6  3.5  1.49  7.69  6.40 121 1015.1  25.0  26.2  19.2 99.0 99.00
2016 03 05 10 50 305  2.1  3.0  1.46  7.69  6.40  98 1015.9  25.0  26.2  19.0 99.0 99.00
2016 03 05 11 50 316  2.4  3.1  1.40 10.00  6.51  50 1016.5  25.2  26.2  18.9 99.0 99.00
2016 03 05 12 50 323  2.1  3.1  1.43  7.14  6.62 112 1017.0  25.3  26.2  18.9 99.0 99.00
2016 03 05 13 50 358  2.5  3.3  1.38  7.14  6.48 107 1017.3  25.1  26.3  19.1 99.0 99.00
2016 03 05 14 50 313  2.0  3.0  1.40  7.14  6.69 108 1017.6  25.2  26.4  19.4 99.0 99.00
2016 03 05 15 50 331  2.7  3.5  1.28  9.09  6.52  62 1017.5  25.3  26.6  19.2 99.0 99.00
2016 03 05 16 50 337  2.6  3.3  1.35  9.09  6.82  72 1016.8  25.3  26.8  19.3 99.0 99.00
2016 03 05 17 50 330  2.9  3.9  1.27  7.14  6.57 115 1016.1  25.4  27.0  19.6 99.0 99.00
2016 03 05 18 50 324  2.3  3.3  1.29  7.14  6.65 102 1015.8  25.4  26.9  19.3 99.0 99.00
2016 03 05 19 50 326  3.4  4.5  1.33  9.09  6.78  58 1015.1  25.3  26.8  19.5 99.0 99.00
2016 03 05 20 50   4  3.3  4.1  1.27  7.69  6.64 113 1015.3  25.2  26.8  19.5 99.0 99.00
2016 03 05 21 50   7  4.7  5.8  1.28  7.14  6.56 123 1015.6  25.2  26.7  19.4 99.0 99.00
2016 03 05 22 50  17  4.8  5.8  1.32  9.09  6.56  67 1015.7  25.2  26.6  19.2 99.0 99.00
2016 03 05 23 50  14  5.2  6.2  1.17  7.14  6.06 123 1016.1  25.0  26.5  19.5 99.0 99.00
2016 03 06 00 50  50  3.9  5.4  1.17  6.67  5.98 119 1017.0  24.8  26.5  19.3 99.0 99.00
2016 03 06 01 50  27  4.0  5.5  1.19  6.67  6.15 123 1017.4  25.1  26.4  18.9 99.0 99.00
2016 03 06 02 50  42  3.7  4.5  1.14  8.33  6.09 108 1017.2  25.1  26.4  18.9 99.0 99.00
2016 03 06 03 50  35  3.1  3.7  1.15  9.09  6.27  90 1017.3  25.0  26.3  19.2 99.0 99.00
2016 03 06 04 50  80  2.4  3.3  1.11  9.09  6.35  81 1016.8  25.0  26.3  18.9 99.0 99.00
2016 03 06 05 50  51  2.2  3.1  1.13  9.09  6.23  66 1016.5  25.0  26.3  18.7 99.0 99.00
2016 03 06 06 50  56  1.9  2.6  1.13  9.09  6.22  98 1015.9  24.9  26.3  18.8 99.0 99.00
2016 03 06 07 50   3  1.4  2.5  1.18  8.33  6.59  84 1015.8  24.8  26.2  18.5 99.0 99.00
2016 03 06 08 50 164  0.2  0.6  1.17 13.79  6.82 355 1016.2  24.8  26.2  18.4 99.0 99.00
2016 03 06 09 50  33  1.6  2.4  1.25 13.79  7.10 345 1016.1  24.6  26.2  18.8 99.0 99.00
2016 03 06 10 50 119  0.5  1.3  1.68 12.90  8.30 347 1016.6  24.6  26.2  18.9 99.0 99.00
2016 03 06 11 50   4  1.2  2.2  1.79 12.12  8.44 343 1016.6  24.7  26.2  18.9 99.0 99.00
2016 03 06 12 50  33  1.3  2.3  1.98 12.12  8.70 346 1016.6  24.8  26.2  19.1 99.0 99.00
2016 03 06 13 50 324  2.1  3.6  2.48 13.79  9.50 348 1017.2  24.8  26.2  19.3 99.0 99.00
2016 03 06 14 50 306  1.1  1.9  2.42 12.90  9.19 340 1017.4  24.9  26.2  19.4 99.0 99.00
2016 03 06 15 50 281  2.3  3.3  2.73 12.90  9.17 351 1017.6  24.6  26.2  19.9 99.0 99.00
2016 03 06 16 50 256  3.0  3.9  2.57 12.12  8.92 346 1017.1  24.1  26.2  18.8 99.0 99.00
2016 03 06 17 50 151  0.8  2.4  2.46 12.90  8.62 351 1016.0  23.9  26.2  17.4 99.0 99.00
2016 03 06 18 50  20  0.5  1.1  2.55 13.79  9.11 349 1015.4  24.6  26.2  17.1 99.0 99.00
2016 03 06 19 50  48  0.5  1.5  2.51 12.90  8.68 352 1014.7  25.1  26.4  16.9 99.0 99.00
2016 03 06 20 50 288  0.8  1.5  2.82 12.90  9.35 353 1014.6  25.6  26.5  16.0 99.0 99.00
2016 03 06 21 50 257  1.3  2.4  2.38 13.79  8.63 351 1014.8  25.3  26.4  17.1 99.0 99.00
2016 03 06 22 50 282  2.3  3.7  2.51 12.90  8.79 346 1014.9  24.7  26.4  16.9 99.0 99.00
2016 03 06 23 50 276  2.6  3.6  2.53 12.90  8.77 357 1015.3  24.7  26.3  17.5 99.0 99.00
2016 03 07 00 50 261  3.1  4.3  2.50 12.90  9.01  13 1015.9  24.7  26.2  17.6 99.0 99.00
2016 03 07 01 50 274  3.8  4.9  2.87 14.81  9.50  17 1016.2  24.5  26.2  18.3 99.0 99.00
2016 03 07 02 50 272  4.1  5.1  2.96 14.81  9.96  13 1016.0  24.7  26.2  18.2 99.0 99.00
2016 03 07 03 50 273  4.1  5.2  2.86 14.81  9.74  13 1016.0  24.7  26.2  18.6 99.0 99.00
2016 03 07 04 50 267  4.0  5.5  2.40 14.81  9.24   7 1015.8  24.7  26.2  18.6 99.0 99.00
2016 03 07 05 50 278  4.8  5.9  2.66 13.79  9.25  21 1015.2  24.8  26.2  18.4 99.0 99.00
2016 03 07 06 50 280  7.4 13.9  3.16 13.79 10.12  25 1014.5  24.9  26.2  18.9 99.0 99.00
2016 03 07 07 50 324  5.8  7.4  2.81 13.79  8.96  17 1014.7  23.2  26.2  19.7 99.0 99.00
2016 03 07 08 50 330  9.5 12.1  2.95 13.79  8.58  22 1014.5  24.2  26.1  17.9 99.0 99.00
2016 03 07 09 50 339 11.7 14.2  2.93 13.79  7.59   4 1015.2  23.6  26.1  17.2 99.0 99.00
2016 03 07 10 50 345 11.1 13.2  3.16 14.81  7.40   8 1016.2  23.4  26.1  16.9 99.0 99.00
2016 03 07 11 50 353 12.4 15.2  3.58 14.81  7.44  13 1016.9  23.1  26.1  16.5 99.0 99.00
2016 03 07 12 50 352 11.7 14.3  3.52 13.79  7.46  14 1018.1  22.8  26.0  15.2 99.0 99.00
2016 03 07 13 50 356 11.7 14.8  3.58 13.79  7.38  13 1018.9  22.8  26.0  14.4 99.0 99.00
2016 03 07 14 50   5 10.9 13.0  3.74 13.79  7.14   6 1019.5  22.6  26.0  13.3 99.0 99.00
2016 03 07 15 50   5 11.5 14.4  3.47 12.12  7.21   2 1019.6  22.3  26.0  13.7 99.0 99.00
2016 03 07 16 50  15 10.3 12.9  3.42 12.90  7.13  10 1019.6  22.3  26.0  11.2 99.0 99.00
2016 03 07 17 50  16  9.6 12.5  3.42  7.69  7.15 340 1019.2  22.4  26.0  12.3 99.0 99.00
2016 03 07 18 50  14 10.0 12.6  3.43 13.79  7.35   6 1018.7  22.6  25.9  12.6 99.0 99.00
2016 03 07 19 50  21 10.2 13.2  3.42  9.09  7.17 347 1018.2  22.7  26.0  14.5 99.0 99.00
2016 03 07 20 50  25 10.6 13.0  3.52  9.09  7.33 347 1018.2  22.7  26.0  13.8 99.0 99.00
2016 03 07 21 50  25  9.2 13.6  3.63  8.33  7.55 356 1018.9  22.8  26.0  12.4 99.0 99.00
2016 03 07 22 50  27 11.2 13.8  3.69  9.09  7.48 349 1019.0  22.9  26.0  14.6 99.0 99.00
2016 03 07 23 50  28  9.4 11.8  3.49 13.79  7.23   3 1020.0  22.8  26.0  12.4 99.0 99.00
2016 03 08 00 50  37  9.4 11.8  3.87 12.12  7.84  20 1020.1  22.8  25.9  14.2 99.0 99.00
2016 03 08 01 50  41 10.0 13.8  3.32 13.79  7.23   8 1020.4  23.0  25.9  12.0 99.0 99.00
2016 03 08 02 50  33 10.5 13.5  3.73  8.33  7.66 352 1020.8  23.1  25.9  13.1 99.0 99.00
2016 03 08 03 50  47  7.8 10.8  3.83  9.09  7.70   6 1020.8  22.8  25.9  12.4 99.0 99.00
2016 03 08 04 50  30  8.6 12.3  3.73 10.00  7.70 360 1020.8  22.9  25.9  12.4 99.0 99.00
2016 03 08 05 50  36  9.7 11.7  3.63  9.09  7.56   2 1020.6  22.7  25.8  11.5 99.0 99.00
2016 03 08 06 50  59  8.2 10.4  3.24  9.09  7.30 354 1020.3  22.6  25.8  11.9 99.0 99.00
2016 03 08 07 50  48  8.7 11.7  3.22 10.00  7.48 349 1019.9  22.4  25.7  13.1 99.0 99.00
2016 03 08 08 50  44  8.6 11.2  3.23 12.90  7.88   4 1020.0  22.5  25.8  12.9 99.0 99.00
2016 03 08 09 50  38  9.1 11.6  3.47 12.90  7.68   4 1020.7  22.3  25.7  11.7 99.0 99.00
2016 03 08 10 50  43  9.1 11.2  3.48 12.12  7.86   4 1021.2  22.2  25.7  13.1 99.0 99.00
2016 03 08 11 50  30  7.8 10.2  3.05 12.90  7.29  11 1022.2  22.3  25.8  10.5 99.0 99.00
2016 03 08 12 50  53  7.2  9.4  2.89  9.09  7.11 350 1022.8  22.1  25.8  10.4 99.0 99.00
2016 03 08 13 50  48  8.9 11.5  2.77  9.09  7.15   4 1023.5  22.2  25.9  10.9 99.0 99.00
2016 03 08 14 50  45  9.1 11.3  2.67  9.09  7.08  12 1023.9  22.2  25.9  11.5 99.0 99.00
2016 03 08 15 50  47  8.1 10.2  3.33 12.12  7.74  14 1023.8  22.3  26.0  11.9 99.0 99.00
2016 03 08 16 50  59  9.9 12.5  2.90 12.12  7.32  10 1023.2  22.4  25.9  12.1 99.0 99.00
2016 03 08 17 50  48  6.7  8.3  2.99 10.81  7.44   9 1022.7  22.3  25.9  10.2 99.0 99.00
2016 03 08 18 50  47  7.5  9.1  3.19 12.12  7.80   5 1022.1  22.5  26.0  11.9 99.0 99.00
2016 03 08 19 50  48  7.8 10.6  3.53 11.43  8.30   1 1021.8  22.4  26.0  12.5 99.0 99.00
2016 03 08 20 50  46  9.3 11.5  3.24 11.43  7.88  13 1021.8  22.7  26.0  12.3 99.0 99.00
2016 03 08 21 50  55  8.5 10.6  3.24 10.81  7.65   8 1021.9  22.8  25.9  12.3 99.0 99.00
2016 03 08 22 50  46  9.5 11.6  3.56 11.43  8.11   6 1022.2  22.7  25.9  14.7 99.0 99.00
2016 03 08 23 50  57  9.3 11.4  3.25 11.43  7.53   2 1022.6  22.7  26.0  13.5 99.0 99.00
2016 03 09 00 50  65  8.1 10.6  3.23 11.43  7.75  11 1023.2  22.7  26.0  12.1 99.0 99.00
2016 03 09 01 50  60  8.4 11.0  3.35 12.12  7.73  20 1023.9  22.5  25.9  11.8 99.0 99.00
2016 03 09 02 50  62  8.1 10.5  3.10 11.43  7.45  16 1023.5  22.9  25.9  13.1 99.0 99.00
2016 03 09 03 50  71  8.6 11.0  3.05 12.12  7.46  16 1023.4  22.8  25.9  12.5 99.0 99.00
2016 03 09 04 50  63  8.5 10.4  2.80 11.43  7.53  18 1023.3  22.7  25.9  12.8 99.0 99.00
2016 03 09 05 50  70  8.7 11.9  2.83 12.12  7.27  23 1022.7  22.4  25.9  11.9 99.0 99.00
2016 03 09 06 50  80  8.8 11.6  2.93 12.12  7.53  27 1022.0  22.5  25.9  12.3 99.0 99.00
2016 03 09 07 50  54  8.7 10.9  3.16 10.81  7.90  18 1021.7  22.5  25.9  14.1 99.0 99.00
2016 03 09 08 50  68  9.8 12.0  2.95 11.43  7.75  22 1021.4  22.8  25.9  14.2 99.0 99.00
2016 03 09 09 50  63  9.8 12.4  2.89 11.43  7.38  15 1022.3  22.6  25.9  13.3 99.0 99.00
2016 03 09 10 50  65  9.2 11.7  2.82 12.90  7.32  24 1023.3  22.5  25.9  13.1 99.0 99.00
2016 03 09 11 50  71  8.6 11.0  2.88 12.90  7.19  35 1024.2  22.7  25.9  13.2 99.0 99.00
2016 03 09 12 50  70  8.6 10.9  2.84 11.43  7.37  25 1024.8  22.9  25.9  12.9 99.0 99.00
2016 03 09 13 50  65  9.2 11.7  2.51 10.81  6.90  32 1025.3  22.8  25.9  13.1 99.0 99.00
2016 03 09 14 50  58  8.2 10.9  2.94 12.12  7.47  34 1025.7  22.8  26.0  13.5 99.0 99.00
2016 03 09 15 50  63  8.2 10.5  2.68 12.90  7.22  16 1025.3  23.0  26.0  13.6 99.0 99.00
2016 03 09 16 50  63  8.2 10.1  2.68 12.12  7.51  25 1025.0  23.0  26.0  14.7 99.0 99.00
2016 03 09 17 50  56  8.1  9.8  2.48 12.90  7.09  37 1024.4  22.9  26.0  14.2 99.0 99.00
2016 03 09 18 50  55  8.0  9.9  2.43 12.12  7.18  44 1023.9  23.1  26.0  13.9 99.0 99.00
2016 03 09 19 50  57  7.5  9.6  2.59 12.90  7.36  24 1023.3  23.2  26.0  13.9 99.0 99.00
2016 03 09 20 50  60  7.5 10.1  2.46 12.90  7.11  37 1023.2  23.1  26.0  14.1 99.0 99.00
2016 03 09 21 50  53  8.3  9.8  2.59 10.81  7.39  20 1023.4  23.1  26.0  14.3 99.0 99.00
2016 03 09 22 50  43  8.9 10.8  2.45 12.90  7.07  37 1023.7  23.0  26.0  14.2 99.0 99.00
2016 03 09 23 50  52  8.2  9.9  2.61 12.12  7.22  38 1024.1  23.0  25.9  13.6 99.0 99.00
2016 03 10 00 50  43  8.5 10.4  2.50 11.43  6.94  29 1024.3  23.0  25.9  13.5 99.0 99.00
2016 03 10 01 50  58  8.1 10.3  2.53 12.90  7.17  25 1024.5  23.0  25.9  12.9 99.0 99.00
2016 03 10 02 50  50  7.5 10.5  2.58 12.90  7.25  31 1024.5  23.1  25.9  14.3 99.0 99.00
2016 03 10 03 50  58  7.7 10.1  2.81 11.43  7.56  26 1024.7  23.0  25.9  13.8 99.0 99.00
2016 03 10 04 50  52  7.0  9.6  2.43 13.79  6.92  30 1024.6  23.0  25.9  14.0 99.0 99.00
2016 03 10 05 50  54  7.6 10.2  2.59 12.12  7.16  24 1023.7  23.1  25.9  14.5 99.0 99.00
2016 03 10 06 50  56  8.5 10.1  2.35 11.43  6.98  33 1023.3  23.1  25.9  14.5 99.0 99.00
2016 03 10 07 50  58  7.7  9.5  2.44 12.12  7.09  38 1023.0  23.1  25.9  13.3 99.0 99.00
2016 03 10 08 50  49  9.7 11.9  2.32 12.90  6.86  33 1023.0  23.0  25.9  14.7 99.0 99.00
2016 03 10 09 50  52  9.1 10.9  2.49 11.43  6.93  32 1023.4  23.1  25.9  13.5 99.0 99.00
2016 03 10 10 50  57  8.1 11.0  2.56 12.90  7.35  28 1023.6  23.1  25.9  14.1 99.0 99.00
2016 03 10 11 50  57  9.1 11.8  2.34 11.43  6.56  26 1024.1  23.4  25.9  14.3 99.0 99.00
2016 03 10 12 50  63  8.7 12.3  2.33 10.81  6.71  32 1024.8  23.5  25.9  14.0 99.0 99.00
2016 03 10 13 50  63  8.4 10.1  2.38 12.12  6.82  42 1025.4  23.6  25.9  14.8 99.0 99.00
2016 03 10 14 50  65  8.6 11.1  2.44 12.12  6.98  28 1025.6  23.5  25.9  16.0 99.0 99.00
2016 03 10 15 50  57  9.4 11.0  2.46 12.12  6.83  32 1025.7  23.8  25.9  16.2 99.0 99.00
2016 03 10 16 50  61  8.5 10.7  2.24 12.90  6.46  39 1025.2  23.6  25.9  15.6 99.0 99.00
2016 03 10 17 50  54 10.6 12.9  2.27 12.12  6.71  24 1024.7  22.4  26.0  16.6 99.0 99.00
2016 03 10 18 50  66  7.5  9.4  2.35 12.12  6.68  36 1024.0  23.6  25.9  16.5 99.0 99.00
2016 03 10 19 50  88  8.9 10.8  2.40 12.90  6.79  44 1023.1  24.0  25.9  16.3 99.0 99.00
2016 03 10 20 50  81  8.9 10.8  2.43 12.90  6.82  51 1023.2  24.1  25.9  16.1 99.0 99.00
2016 03 10 21 50  82  9.2 11.1  2.57 12.90  6.99  42 1023.4  24.0  25.9  16.0 99.0 99.00
2016 03 10 22 50  81  8.5 10.4  2.39 12.90  6.66  47 1023.6  23.8  25.9  15.6 99.0 99.00
2016 03 10 23 50  82  8.6 10.9  2.46 11.43  6.93  26 1023.9  23.9  25.9  16.0 99.0 99.00
2016 03 11 00 50  85  9.0 11.4  2.63 12.90  6.91  52 1024.0  23.9  25.9  15.3 99.0 99.00
2016 03 11 01 50  86  8.8 10.8  2.59 12.12  6.74  32 1024.3  24.0  25.9  16.2 99.0 99.00
2016 03 11 02 50  77  9.4 11.1  2.55 12.90  6.65  51 1024.5  23.9  25.9  14.6 99.0 99.00
2016 03 11 03 50  85  8.7 10.6  2.40 12.90  6.69  37 1025.0  23.8  25.9  14.0 99.0 99.00
2016 03 11 04 50  76  8.8 11.2  2.43 13.79  6.64  40 1024.7  23.7  25.8  15.0 99.0 99.00
2016 03 11 05 50  78  8.9 11.1  2.47 12.90  6.43  43 1024.3  23.7  25.8  14.0 99.0 99.00
2016 03 11 06 50  86  9.0 11.2  2.44 12.12  6.58  44 1023.5  23.6  25.8  14.6 99.0 99.00
2016 03 11 07 50  88  7.5  9.4  2.31 12.90  6.49  49 1023.3  23.6  25.8  13.3 99.0 99.00
2016 03 11 08 50  89  6.5  8.4  2.34 11.43  6.93  45 1023.3  23.5  25.8  15.1 99.0 99.00
2016 03 11 09 50  87  7.9  9.9  2.15 12.90  6.81  49 1023.3  23.5  25.8  15.3 99.0 99.00
2016 03 11 10 50  80  6.8  8.6  2.30 12.90  6.93  48 1023.7  23.5  25.8  13.7 99.0 99.00
2016 03 11 11 50  85  6.9  8.6  2.22 10.81  6.62  47 1024.3  23.8  25.8  13.9 99.0 99.00
2016 03 11 12 50  80  6.7  8.5  2.24 12.90  6.87  41 1024.9  23.8  25.9  14.3 99.0 99.00
2016 03 11 13 50  84  6.6  7.8  2.14 12.90  6.70  30 1025.4  23.6  25.9  13.7 99.0 99.00
2016 03 11 14 50  72  5.2  7.8  2.18 12.90  6.87  36 1025.5  23.8  25.9  13.6 99.0 99.00
2016 03 11 15 50  81  5.6  7.2  2.07 12.12  6.91  42 1025.3  23.7  25.9  12.8 99.0 99.00
2016 03 11 16 50  75  5.6  7.2  2.18 11.43  7.12  45 1024.9  23.7  26.0  14.0 99.0 99.00
2016 03 11 17 50  71  5.5  7.0  1.90 12.90  6.75  49 1024.3  23.8  26.0  14.1 99.0 99.00
2016 03 11 18 50  73  5.9  7.1  2.06 11.43  6.92  56 1023.4  23.7  26.1  14.2 99.0 99.00
2016 03 11 19 50  85  5.5  7.0  1.98 12.12  7.03  44 1022.8  23.8  26.1  14.7 99.0 99.00
2016 03 11 20 50  74  5.4  7.3  1.92 11.43  7.03  48 1022.8  23.9  26.1  15.1 99.0 99.00
2016 03 11 21 50  63  6.7  8.5  2.03 11.43  7.07  55 1023.0  23.8  26.0  15.6 99.0 99.00
2016 03 11 22 50  76  6.7  8.0  1.85 11.43  6.80  41 1023.2  23.9  26.0  15.2 99.0 99.00
2016 03 11 23 50  70  6.5  8.6  1.89 12.12  6.74  47 1023.3  23.9  25.9  14.6 99.0 99.00
2016 03 12 00 50  72  7.3  8.8  1.90 12.90  6.73  52 1023.4  23.9  25.9  15.4 99.0 99.00
2016 03 12 01 50  81  6.6  8.1  1.87 12.12  6.66  54 1023.8  23.9  25.9  14.9 99.0 99.00
2016 03 12 02 50  88  6.5  8.3  1.99 12.12  6.92  56 1024.2  24.0  25.9  15.0 99.0 99.00
2016 03 12 03 50  87  5.9  7.2  1.71 11.43  6.48  49 1024.3  23.9  25.9  14.6 99.0 99.00
2016 03 12 04 50 109  4.8  5.7  1.75 12.12  6.74  56 1024.2  23.8  25.9  14.9 99.0 99.00
2016 03 12 05 50  72  3.5  4.8  1.71 11.43  6.97  50 1024.1  23.8  25.9  16.2 99.0 99.00
2016 03 12 06 50  51  7.0  8.6  1.77 12.12  6.89  47 1023.3  23.3  25.9  17.2 99.0 99.00
2016 03 12 07 50  70  5.2  7.3  1.82 11.43  7.16  55 1022.5  23.5  25.9  17.4 99.0 99.00
2016 03 12 08 50  82  6.6  8.1  1.60 10.81  6.42  60 1022.1  23.9  25.9  17.2 99.0 99.00
2016 03 12 09 50  81  6.1  7.5  1.69 10.81  6.23  45 1022.2  23.7  25.9  16.5 99.0 99.00
2016 03 12 10 50  74  6.6  8.1  1.74 12.12  6.54  53 1022.4  23.7  25.9  16.8 99.0 99.00
2016 03 12 11 50  81  7.6  9.5  1.70 11.43  5.95  53 1022.7  24.0  25.8  16.9 99.0 99.00
2016 03 12 12 50  73  6.7  8.6  1.80 10.00  6.21  69 1023.7  24.1  25.9  16.3 99.0 99.00
2016 03 12 13 50  82  6.6  7.8  1.66 11.43  5.92  58 1023.7  24.2  25.9  16.4 99.0 99.00
2016 03 12 14 50  84  6.8  8.1  1.73 11.43  6.19  51 1023.8  24.2  25.9  16.2 99.0 99.00
2016 03 12 15 50  84  8.0 10.2  1.65 11.43  5.78  52 1023.6  24.1  25.9  16.7 99.0 99.00
2016 03 12 16 50  95  7.6  9.3  1.85 10.81  5.97  42 1023.0  24.0  25.9  15.9 99.0 99.00
2016 03 12 17 50  96  7.1  9.3  1.55  9.09  5.82  58 1022.3  24.0  26.0  16.0 99.0 99.00
2016 03 12 18 50  95  7.2  9.0  1.60 10.00  5.58  62 1021.7  24.0  26.0  16.1 99.0 99.00
2016 03 12 19 50  83  5.6  6.9  1.60 10.00  5.78  52 1021.6  24.0  26.0  16.5 99.0 99.00
2016 03 12 20 50  72  5.4  6.3  1.47 10.00  5.65  60 1021.4  24.1  26.0  16.4 99.0 99.00
2016 03 12 21 50  82  5.4  6.8  1.54  8.33  5.83  89 1021.6  24.1  26.0  16.1 99.0 99.00
2016 03 12 22 50  76  5.7  7.2  1.57  7.14  5.82 113 1021.9  23.9  25.9  16.5 99.0 99.00
2016 03 12 23 50  87  6.0  7.3  1.38  6.67  5.64 118 1022.0  23.8  25.9  16.6 99.0 99.00
2016 03 13 00 50  76  6.2  7.5  1.35 10.81  5.66  70 1022.2  23.8  25.9  16.8 99.0 99.00
2016 03 13 01 50  85  6.6  7.8  1.36  9.09  5.61  89 1022.3  23.8  25.9  16.9 99.0 99.00
2016 03 13 02 50  78  6.5  7.7  1.37  8.33  5.68  90 1022.1  23.7  25.9  16.9 99.0 99.00
2016 03 13 03 50  83  6.8  8.1  1.37  7.69  5.54  87 1021.4  23.7  25.8  16.9 99.0 99.00
2016 03 13 04 50  93  6.0  8.1  1.38  8.33  5.76  78 1021.5  23.7  25.8  16.5 99.0 99.00
2016 03 13 05 50 102  5.7  7.0  1.31  7.69  5.63 100 1021.1  23.6  25.8  16.5 99.0 99.00
2016 03 13 06 50  96  5.7  6.7  1.35  8.33  5.67  92 1020.7  23.5  25.8  16.1 99.0 99.00
2016 03 13 07 50  98  5.8  7.1  1.28  7.69  5.52 103 1020.3  23.5  25.8  16.6 99.0 99.00
2016 03 13 08 50  97  5.5  6.9  1.34  7.69  5.72 105 1020.3  23.6  25.8  15.8 99.0 99.00
2016 03 13 09 50  81  5.6  6.4  1.25  9.09  5.56  66 1020.8  23.6  25.8  15.7 99.0 99.00
2016 03 13 10 50  93  6.3  7.8  1.39  8.33  5.75 119 1021.0  23.7  25.8  16.1 99.0 99.00
2016 03 13 11 50  93  7.1  8.5  1.31  9.09  5.62 103 1021.3  23.9  25.8  16.2 99.0 99.00
2016 03 13 12 50  80  7.0  8.3  1.33  8.33  5.39 107 1021.7  24.2  25.7  16.2 99.0 99.00
2016 03 13 13 50  85  7.1  8.3  1.30  9.09  5.28  74 1022.1  24.1  25.8  16.3 99.0 99.00
2016 03 13 14 50  71  6.2  7.6  1.35  8.33  5.49 104 1022.0  24.2  25.8  16.1 99.0 99.00
2016 03 13 15 50  77  5.7  6.8  1.39  8.33  5.67  89 1021.6  24.4  25.8  15.6 99.0 99.00
2016 03 13 16 50  98  5.9  7.1  1.42  8.33  5.75  96 1020.9  24.4  25.9  15.9 99.0 99.00
2016 03 13 18 50 113  6.5  8.2  1.28  9.09  5.28  74 1019.3  24.0  25.9  16.7 99.0 99.00
2016 03 13 19 50 113  7.0  8.9  1.29  8.33  5.39  78 1018.6  24.0  25.9  17.1 99.0 99.00
2016 03 13 20 50 108  6.0  7.3  1.32  8.33  5.67  82 1018.8  24.0  26.0  17.1 99.0 99.00
2016 03 13 21 50  98  5.1  6.2  1.40  8.33  5.54  91 1019.0  24.1  25.9  17.0 99.0 99.00
2016 03 13 22 50 103  5.4  6.4  1.51  9.09  5.93  79 1019.3  23.8  25.9  16.9 99.0 99.00
2016 03 13 23 50 104  5.5  7.0  1.48  9.09  5.77  80 1019.8  23.9  25.9  17.4 99.0 99.00
2016 03 14 00 50  96  4.8  6.2  1.40  8.33  5.86  94 1020.3  23.8  25.8  17.3 99.0 99.00
2016 03 14 01 50 111  5.7  6.5  1.36  8.33  5.94  76 1020.3  23.9  25.8  17.5 99.0 99.00
2016 03 14 02 50 104  5.0  6.3  1.26  9.09  5.60  80 1020.5  23.9  25.8  17.2 99.0 99.00
2016 03 14 03 50  99  5.7  7.1  1.39  8.33  5.87 101 1020.3  23.8  25.8  17.5 99.0 99.00
2016 03 14 04 50  93  5.0  6.8  1.25  9.09  5.70  88 1020.1  23.8  25.7  17.6 99.0 99.00
2016 03 14 05 50  92  4.5  5.9  1.27  9.09  5.72  69 1019.8  23.8  25.7  17.8 99.0 99.00
2016 03 14 06 50  90  5.1  6.2  1.35  8.33  5.81  62 1019.4  23.8  25.7  17.7 99.0 99.00
2016 03 14 07 50  69  4.6  5.8  1.28  9.09  5.80 111 1019.2  23.9  25.7  17.5 99.0 99.00
2016 03 14 08 50  86  5.0  6.1  1.21  8.33  5.67  94 1019.0  23.9  25.7  17.6 99.0 99.00
2016 03 14 09 50  83  5.1  6.2  1.23  8.33  5.76  78 1019.5  24.0  25.7  17.7 99.0 99.00
2016 03 14 10 50  98  5.8  6.9  1.12  8.33  5.65 102 1019.6  24.0  25.7  17.8 99.0 99.00
2016 03 14 11 50  87  5.5  6.7  1.26  9.09  5.73  94 1020.3  24.3  25.7  17.7 99.0 99.00
2016 03 14 12 50  97  4.9  6.1  1.22  8.33  5.59  81 1020.9  24.2  25.8  17.5 99.0 99.00
2016 03 14 13 50 107  6.0  6.8  1.26  9.09  5.61  94 1021.4  24.4  25.8  17.7 99.0 99.00
2016 03 14 14 50 113  6.3  7.8  1.25  7.69  5.38  65 1021.2  24.4  25.8  18.1 99.0 99.00
2016 03 14 15 50 104  5.3  6.9  1.22  8.33  5.33  88 1021.2  24.5  25.9  17.7 99.0 99.00
2016 03 14 16 50 115  5.6  6.8  1.22  9.09  5.53  84 1020.2  24.4  25.9  17.2 99.0 99.00
2016 03 14 17 50 125  5.0  5.9  1.20 10.00  5.71  57 1019.5  24.5  26.0  17.2 99.0 99.00
2016 03 14 18 50 119  4.5  5.4  1.17  9.09  5.52  63 1018.9  24.6  26.0  16.6 99.0 99.00
2016 03 14 19 50 112  4.9  5.9  1.22  9.09  5.92  54 1018.4  24.7  26.1  16.5 99.0 99.00
2016 03 14 20 50 107  4.8  5.7  1.13  8.33  5.94  48 1018.1  24.7  26.1  16.8 99.0 99.00
2016 03 14 21 50 104  3.8  5.2  1.30  9.09  6.41  58 1018.5  24.8  26.0  17.2 99.0 99.00
2016 03 14 22 50 100  4.3  5.6  1.22 10.00  6.34  48 1018.6  24.4  26.0  17.5 99.0 99.00
2016 03 14 23 50 101  3.8  4.8  1.28  8.33  6.51  93 1019.1  24.3  26.0  17.4 99.0 99.00
2016 03 15 00 50 125  4.3  5.4  1.33 10.81  6.75  25 1019.2  24.3  25.9  17.1 99.0 99.00
2016 03 15 01 50 122  4.4  5.5  1.22  7.69  6.56  86 1019.2  24.3  25.9  17.5 99.0 99.00
2016 03 15 02 50 120  4.2  5.3  1.29  9.09  6.69  57 1019.2  24.3  25.8  17.4 99.0 99.00
2016 03 15 03 50 129  4.2  5.5  1.32 10.81  6.78  37 1019.0  24.3  25.8  17.7 99.0 99.00
2016 03 15 04 50 123  4.0  5.0  1.27 10.00  6.73  31 1018.6  24.2  25.8  17.7 99.0 99.00
2016 03 15 05 50 131  4.3  5.2  1.43 13.79  7.00  50 1018.0  24.2  25.8  17.5 99.0 99.00
2016 03 15 06 50 140  5.0  5.7  1.34 12.90  6.80  53 1017.1  24.2  25.8  17.8 99.0 99.00
2016 03 15 07 50 140  4.5  5.9  1.46 10.00  7.14  44 1016.6  24.2  25.8  17.8 99.0 99.00
2016 03 15 08 50 131  4.5  5.5  1.38 11.43  7.16  37 1016.7  24.2  25.7  17.6 99.0 99.00
2016 03 15 09 50 134  4.8  6.0  1.40 10.81  7.17  41 1017.0  24.2  25.7  17.6 99.0 99.00
2016 03 15 10 50 134  4.6  5.6  1.38 11.43  7.38  48 1017.5  24.2  25.7  17.7 99.0 99.00
2016 03 15 11 50 143  4.0  5.0  1.48 12.90  7.61  37 1018.1  24.7  25.7  17.3 99.0 99.00
2016 03 15 12 50 149  3.7  4.7  1.44 13.79  7.57  55 1018.9  24.6  25.7  17.1 99.0 99.00
2016 03 15 13 50 146  4.9  5.7  1.37 13.79  7.34  55 1018.9  24.7  25.7  17.3 99.0 99.00
2016 03 15 14 50 142  5.3  6.2  1.43 12.90  7.30  50 1018.9  24.7  25.8  17.3 99.0 99.00
2016 03 15 15 50 155  5.9  7.3  1.33 12.12  6.96  55 1018.7  24.8  25.9  17.1 99.0 99.00
2016 03 15 16 50 158  5.1  6.6  1.35 12.90  6.87  58 1018.3  24.8  25.9  17.9 99.0 99.00
2016 03 15 17 50 169  4.6  6.2  1.21 12.12  6.22  44 1017.8  24.8  26.0  18.0 99.0 99.00
2016 03 15 18 50 173  4.6  5.5  1.14 12.12  6.23  42 1017.1  24.9  26.0  17.7 99.0 99.00
2016 03 15 19 50 172  3.6  4.9  1.10 10.81  6.17  45 1017.0  25.0  26.1  18.0 99.0 99.00
2016 03 15 20 50 173  4.4  5.3  1.08 13.79  6.54  32 1016.4  24.9  26.0  17.7 99.0 99.00
2016 03 15 21 50 180  4.5  5.6  1.02 11.43  6.44  53 1016.5  24.9  26.0  17.9 99.0 99.00
2016 03 15 22 50 176  4.2  5.1  1.09 10.81  6.54  62 1016.8  24.8  25.9  17.9 99.0 99.00
2016 03 15 23 50 186  3.5  4.4  0.97 12.12  6.09  42 1017.0  24.8  25.9  18.1 99.0 99.00
2016 03 16 00 50 186  3.2  4.3  0.98 10.81  6.07  61 1017.7  24.8  25.9  18.1 99.0 99.00
2016 03 16 01 50 167  3.3  4.5  1.01 13.79  6.41  51 1017.9  24.8  25.8  18.3 99.0 99.00
2016 03 16 02 50 169  3.5  4.3  0.98 14.81  6.54  49 1017.9  24.8  25.8  18.4 99.0 99.00
2016 03 16 03 50 189  3.3  4.1  0.99 12.90  6.52  39 1017.5  24.8  25.8  18.2 99.0 99.00
2016 03 16 04 50 184  3.7  4.5  0.88 12.90  6.12  61 1017.0  24.7  25.8  18.3 99.0 99.00
2016 03 16 05 50 182  3.5  4.2  0.89 13.79  6.06  53 1016.4  24.7  25.7  18.5 99.0 99.00
2016 03 16 06 50 186  3.4  4.1  0.96 13.79  6.39  22 1015.8  24.6  25.7  18.6 99.0 99.00
2016 03 16 07 50 190  3.3  4.6  0.84 12.12  5.88  60 1015.4  24.6  25.7  19.0 99.0 99.00
2016 03 16 08 50 210  3.4  4.4  0.86 12.90  6.28  53 1015.5  24.7  25.6  18.9 99.0 99.00
2016 03 16 09 50 203  3.4  4.6  0.85 12.90  6.27  36 1015.6  24.6  25.5  18.9 99.0 99.00
2016 03 16 10 50 276  6.5  8.5  0.87 12.90  6.38  81 1016.0  22.8  25.4  19.2 99.0 99.00
2016 03 16 11 50 326  1.3  1.8  0.82 13.79  6.09 359 1016.9  22.5  25.3  19.5 99.0 99.00
2016 03 16 12 50 208  1.1  1.6  0.94 12.90  6.47  58 1017.4  22.7  25.2  19.6 99.0 99.00
2016 03 16 13 50 203  0.6  1.1  0.97 12.90  6.42  54 1017.7  23.6  25.4  20.2 99.0 99.00
2016 03 16 14 50 214  1.5  2.2  0.94 13.79  6.44  49 1017.8  23.9  25.8  20.1 99.0 99.00
2016 03 16 15 50 212  2.6  3.2  0.90 12.12  6.60  49 1017.4  24.1  25.9  20.0 99.0 99.00
2016 03 16 16 50 224  2.6  3.4  1.01 12.90  7.11  38 1017.0  24.6  25.8  19.9 99.0 99.00
2016 03 16 17 50 229  3.6  4.6  0.92 12.90  6.78  57 1016.3  24.7  25.8  20.1 99.0 99.00
2016 03 16 18 50 217  4.4  5.6  1.08 13.79  7.48  38 1015.8  24.7  25.7  20.6 99.0 99.00
2016 03 16 19 50 268  5.7  7.3  0.96 12.12  6.34  50 1015.5  24.8  25.6  20.5 99.0 99.00
2016 03 16 20 50 325  5.6  6.9  1.20 12.12  7.04  46 1015.6  24.9  25.7  20.2 99.0 99.00
2016 03 16 21 50 351  5.4  6.4  1.24 12.12  7.59  22 1016.0  24.9  25.6  20.3 99.0 99.00
2016 03 16 22 50 340  5.9  6.7  1.16 13.79  6.98  44 1016.3  24.6  25.6  20.0 99.0 99.00
2016 03 16 23 50 351  5.6  6.7  1.21 11.43  6.77  35 1016.6  24.6  25.5  19.3 99.0 99.00
2016 03 17 00 50   1  4.6  5.6  1.33 12.90  7.51  32 1017.1  24.7  25.5  18.5 99.0 99.00
2016 03 17 01 50 356  4.6  5.9  1.25 13.79  7.20  56 1017.6  24.5  25.5  19.0 99.0 99.00
2016 03 17 02 50   4  4.2  5.1  1.13 12.12  6.75  28 1017.5  24.5  25.4  19.3 99.0 99.00
2016 03 17 03 50  11  3.9  5.0  1.19 12.12  6.93  34 1017.3  24.5  25.4  19.2 99.0 99.00
2016 03 17 04 50   4  3.8  4.4  1.11 12.90  6.99  49 1017.2  24.5  25.4  18.9 99.0 99.00
2016 03 17 05 50   5  4.9  5.7  1.23 10.81  7.58  24 1016.5  24.3  25.4  18.7 99.0 99.00
2016 03 17 06 50 360  3.9  5.0  1.14 12.12  7.09  41 1015.9  24.1  25.3  18.4 99.0 99.00
2016 03 17 07 50  10  3.9  5.2  1.26 12.90  7.61  31 1015.8  24.1  25.3  18.1 99.0 99.00
2016 03 17 08 50 360  4.4  5.5  1.26 12.90  7.90  46 1016.0  23.9  25.2  17.4 99.0 99.00
2016 03 17 09 50   8  3.0  4.1  1.27 12.90  7.90  35 1016.5  23.8  25.2  16.9 99.0 99.00
2016 03 17 10 50  12  2.5  3.2  1.22 16.00  7.93  53 1017.2  23.8  25.2  16.7 99.0 99.00
2016 03 17 11 50  16  2.1  3.2  1.54 14.81  8.69  53 1017.7  24.3  25.2  16.1 99.0 99.00
2016 03 17 12 50  57  1.9  2.9  1.74 14.81  9.56  53 1018.2  24.4  25.2  16.2 99.0 99.00
2016 03 17 13 50  48  1.1  2.4  1.81 14.81  9.85  46 1018.7  24.4  25.3  16.5 99.0 99.00
2016 03 17 14 50  40  1.3  2.4  2.09 14.81 10.22  50 1018.9  24.3  25.5  16.5 99.0 99.00
2016 03 17 15 50  75  0.6  1.4  1.92 13.79  9.72  54 1018.8  24.6  26.1  16.7 99.0 99.00
2016 03 17 16 50 280  0.3  1.7  1.83 14.81  9.66  46 1018.4  24.9  26.9  16.8 99.0 99.00
2016 03 17 17 50 321  0.8  1.6  2.01 14.81 10.22  47 1017.8  24.8  27.6  17.0 99.0 99.00
2016 03 17 18 50 336  0.3  1.3  1.83 14.81  9.65  49 1017.1  24.7  27.7  17.3 99.0 99.00
2016 03 17 19 50  25  1.8  3.3  1.69 14.81  9.02  57 1016.7  24.6  27.3  17.3 99.0 99.00
2016 03 17 20 50  10  2.0  3.1  1.53 16.00  8.75  64 1016.7  24.9  27.1  17.5 99.0 99.00
2016 03 17 21 50  10  2.8  4.0  1.87 13.79  9.82  42 1017.0  25.0  26.6  17.5 99.0 99.00
2016 03 17 22 50  15  2.8  4.1  2.09 14.81 10.52  59 1017.1  24.5  26.3  17.4 99.0 99.00
2016 03 17 23 50  47  2.9  4.0  1.99 14.81  9.93  56 1017.3  24.5  26.1  17.3 99.0 99.00
2016 03 18 00 50  77  2.7  3.9  2.00 14.81 10.19  44 1017.9  24.4  26.1  17.1 99.0 99.00
2016 03 18 01 50  63  3.0  4.7  2.19 14.81 10.43  46 1018.5  24.4  25.8  17.0 99.0 99.00
2016 03 18 02 50  80  3.1  4.2  2.02 14.81 10.21  34 1018.5  24.4  25.5  16.8 99.0 99.00
2016 03 18 03 50  85  3.5  4.6  1.92 16.00 10.02  41 1018.2  24.2  25.3  16.3 99.0 99.00
2016 03 18 04 50  95  2.6  3.5  1.90 16.00  9.92  28 1017.5  24.1  25.4  16.2 99.0 99.00
2016 03 18 05 50 100  2.0  3.2  2.07 14.81 10.55  39 1016.7  23.9  25.3  16.3 99.0 99.00
2016 03 18 06 50  95  1.4  2.6  1.86 14.81 10.40  40 1016.3  23.8  25.4  16.4 99.0 99.00
2016 03 18 07 50 135  3.3  4.6  1.80 13.79 10.13  35 1016.0  23.8  25.3  16.0 99.0 99.00
2016 03 18 08 50 100  3.0  4.6  2.10 14.81 10.73  31 1016.1  23.6  25.3  16.1 99.0 99.00
2016 03 18 09 50 127  2.6  3.6  1.88 13.79 10.25  36 1016.6  23.7  25.2  15.7 99.0 99.00
2016 03 18 10 50 123  2.4  4.2  2.58 16.00 12.10  43 1017.2  23.7  25.2  15.9 99.0 99.00
2016 03 18 11 50 142  3.2  4.3  2.27 14.81 11.10  52 1017.8  24.0  25.2  15.0 99.0 99.00
2016 03 18 12 50 150  2.7  3.9  2.24 14.81 10.95  30 1018.5  24.1  25.2  15.8 99.0 99.00
2016 03 18 13 50 157  3.2  4.6  2.52 16.00 11.56  49 1018.6  23.9  25.3  16.2 99.0 99.00
2016 03 18 14 50 162  3.4  4.6  2.24 14.81 11.03  53 1018.6  24.0  25.5  16.7 99.0 99.00
2016 03 18 15 50 168  3.8  5.3  2.17 14.81 11.02  50 1018.4  24.1  25.7  17.2 99.0 99.00
2016 03 18 16 50 149  3.6  4.5  2.69 16.00 11.89  55 1017.9  24.2  25.7  17.6 99.0 99.00
2016 03 18 17 50 171  3.7  5.6  2.16 14.81 11.28  58 1017.5  24.5  25.9  17.5 99.0 99.00
2016 03 18 18 50 171  2.8  4.3  2.13 16.00 11.13  53 1016.8  24.5  25.9  17.8 99.0 99.00
2016 03 18 19 50 147  3.2  4.1  2.19 16.00 11.31  55 1016.2  24.5  26.0  17.9 99.0 99.00
2016 03 18 20 50 154  3.0  4.4  1.94 16.00 10.58  38 1016.4  24.5  26.0  17.9 99.0 99.00
2016 03 18 21 50 138  2.1  2.8  2.01 16.00 11.17  56 1016.8  24.4  26.0  18.1 99.0 99.00
2016 03 18 22 50 110  0.7  1.3  2.01 16.00 11.14  39 1017.2  24.3  25.9  18.2 99.0 99.00
2016 03 18 23 50  99  1.9  2.8  1.97 16.00 10.92  34 1017.6  24.3  25.8  18.5 99.0 99.00
2016 03 19 00 50 103  2.8  3.4  2.09 16.00 11.40  56 1018.0  24.3  25.8  18.5 99.0 99.00
2016 03 19 01 50  91  3.6  4.5  1.79 16.00 10.50  66 1018.1  24.4  25.7  18.9 99.0 99.00
2016 03 19 02 50 104  4.1  4.9  1.87 16.00 10.97  49 1018.3  24.4  25.7  19.3 99.0 99.00
2016 03 19 03 50 101  4.3  5.4  1.58 13.79  9.78  50 1018.2  24.4  25.7  19.6 99.0 99.00
2016 03 19 04 50  95  3.8  4.9  1.73 16.00 10.49  49 1018.0  24.4  25.6  19.6 99.0 99.00
2016 03 19 05 50  96  4.1  5.1  1.80 16.00 10.39  50 1017.3  24.3  25.6  19.7 99.0 99.00
2016 03 19 06 50  97  5.2  6.5  1.94 14.81 11.16  47 1016.3  24.3  25.5  19.7 99.0 99.00
2016 03 19 07 50 110  4.7  5.6  1.62 14.81  9.54  63 1015.9  24.2  25.5  19.7 99.0 99.00
2016 03 19 08 50 104  4.1  5.0  1.69 14.81 10.02  46 1016.1  24.2  25.5  19.5 99.0 99.00
2016 03 19 09 50 111  3.5  5.1  1.67 14.81 10.20  35 1016.5  23.4  25.5  19.8 99.0 99.00
2016 03 19 10 50 148  5.7  6.5  1.59 13.79  9.20  56 1016.9  24.7  25.4  20.0 99.0 99.00
2016 03 19 11 50 163  5.3  6.3  1.54 14.81  8.29  64 1017.9  24.8  25.4  19.4 99.0 99.00
2016 03 19 12 50 156  6.6  8.0  1.75 14.81  8.97  56 1018.1  25.0  25.4  19.7 99.0 99.00
2016 03 19 13 50 156  7.1  8.3  1.53 14.81  7.86  47 1018.7  25.1  25.5  19.4 99.0 99.00
2016 03 19 14 50 165  7.4  8.3  1.49 12.90  7.33  44 1018.7  25.1  25.5  19.3 99.0 99.00
2016 03 19 15 50 162  6.9  8.0  1.36 12.90  6.25  55 1018.5  25.1  25.6  19.2 99.0 99.00
2016 03 19 16 50 159  6.7  7.7  1.39 14.81  6.13  65 1018.0  25.2  25.6  19.0 99.0 99.00
2016 03 19 17 50 154  7.3  8.6  1.62 14.81  6.99  61 1017.0  25.3  25.7  19.8 99.0 99.00
2016 03 19 18 50 152  7.0  8.5  1.43 14.81  6.42  21 1016.7  25.3  25.7  19.4 99.0 99.00
2016 03 19 19 50 154  6.9  8.1  1.42 14.81  5.87  46 1016.4  25.4  25.7  19.5 99.0 99.00
2016 03 19 20 50 157  7.0  8.2  1.33 14.81  5.84  89 1016.2  25.4  25.7  19.3 99.0 99.00
2016 03 19 21 50 152  6.3  7.4  1.49 12.90  6.07  48 1016.1  25.2  25.7  20.0 99.0 99.00
2016 03 19 22 50 158  6.2  7.5  1.58 13.79  6.60  42 1016.0  25.2  25.6  20.2 99.0 99.00
2016 03 19 23 50 157  6.8  8.0  1.49 14.81  6.06  36 1016.4  25.2  25.6  19.4 99.0 99.00
2016 03 20 00 50 147  6.5  7.5  1.48 14.81  6.30  57 1017.0  25.1  25.5  19.4 99.0 99.00
2016 03 20 01 50 150  5.6  6.7  1.38 13.79  6.00  51 1018.1  25.3  25.5  19.2 99.0 99.00
2016 03 20 02 50 145  7.2  8.3  1.41 12.90  5.98  35 1017.9  25.1  25.5  19.7 99.0 99.00
2016 03 20 03 50 143  5.8  7.0  1.41 14.81  6.11  58 1017.9  25.0  25.5  19.2 99.0 99.00
2016 03 20 04 50 144  6.0  6.9  1.46 13.79  5.96  43 1017.4  25.0  25.5  19.0 99.0 99.00
2016 03 20 05 50 136  5.7  6.5  1.32 13.79  5.88  72 1017.0  25.0  25.5  18.8 99.0 99.00
2016 03 20 06 50 134  4.8  5.9  1.33 13.79  6.26  45 1016.5  24.9  25.5  19.0 99.0 99.00
2016 03 20 07 50 132  5.3  6.3  1.35 13.79  6.07  31 1016.1  24.8  25.4  19.2 99.0 99.00
2016 03 20 08 50 131  6.5  7.5  1.29 12.90  6.20  54 1016.1  24.7  25.4  19.3 99.0 99.00
2016 03 20 09 50 123  5.3  6.4  1.23 12.90  5.64  52 1016.8  24.7  25.4  19.3 99.0 99.00
2016 03 20 10 50 134  6.8  8.5  1.21 13.79  5.67  59 1017.3  24.9  25.4  19.8 99.0 99.00
2016 03 20 11 50 136  7.0  8.4  1.19 12.90  5.37  33 1018.0  24.9  25.4  19.7 99.0 99.00
2016 03 20 12 50 136  6.2  7.1  1.22 12.90  5.64  32 1018.8  25.2  25.4  19.5 99.0 99.00
2016 03 20 13 50 151  7.5  8.8  1.27 12.12  5.69  57 1019.0  25.3  25.4  19.2 99.0 99.00
2016 03 20 14 50 151  7.8  9.6  1.28 12.90  5.46  41 1019.0  25.3  25.5  19.3 99.0 99.00
2016 03 20 15 50 152  7.2  8.5  1.28 12.90  5.16  25 1018.9  25.3  25.5  18.9 99.0 99.00
2016 03 20 16 50 163  7.1  8.6  1.24 12.90  5.06  58 1018.0  25.4  25.6  18.9 99.0 99.00
2016 03 20 17 50 163  6.7  7.6  1.30 12.90  5.18  62 1017.3  25.4  25.6  19.3 99.0 99.00
2016 03 20 18 50 152  5.7  6.4  1.20 12.90  5.01  25 1016.7  25.4  25.7  19.6 99.0 99.00
2016 03 20 19 50 151  6.0  7.1  1.25 12.90  5.32  41 1015.6  25.4  25.7  20.0 99.0 99.00
2016 03 20 20 50 152  5.2  6.2  1.23 12.12  5.30  43 1015.7  25.5  25.7  19.9 99.0 99.00
2016 03 20 21 50 156  6.4  7.1  1.18 12.12  5.29  34 1015.9  25.6  25.7  19.6 99.0 99.00
2016 03 20 22 50 132  5.7  6.5  1.20 12.90  5.42  46 1015.9  25.1  25.7  20.6 99.0 99.00
2016 03 20 23 50 147  5.0  6.0  1.17 12.12  5.38  42 1016.4  25.3  25.7  20.0 99.0 99.00
2016 03 21 00 50 158  4.9  5.7  1.03 12.90  5.20  13 1017.2  25.4  25.7  19.7 99.0 99.00
2016 03 21 01 50 152  4.6  5.1  1.02 12.90  5.25 106 1018.0  25.3  25.6  19.9 99.0 99.00
2016 03 21 02 50 150  5.0  6.0  1.03  5.88  5.33 162 1017.9  25.2  25.6  19.8 99.0 99.00
2016 03 21 03 50 144  4.9  5.5  1.01 12.12  5.54  40 1017.6  25.1  25.6  19.8 99.0 99.00
2016 03 21 04 50 143  4.5  5.2  0.98 12.12  5.25  57 1017.3  25.1  25.6  20.2 99.0 99.00
2016 03 21 05 50 132  5.9  7.1  1.07 12.90  5.41  56 1016.5  25.0  25.6  20.5 99.0 99.00
2016 03 21 06 50 139  5.5  6.2  1.01  5.56  4.90 161 1016.0  25.0  25.6  20.2 99.0 99.00
2016 03 21 07 50 151  4.4  5.2  1.01 12.12  5.10  55 1015.5  24.9  25.6  20.3 99.0 99.00
2016 03 21 08 50 151  6.9  8.2  1.12  5.88  5.15 147 1015.5  25.0  25.6  20.3 99.0 99.00
2016 03 21 09 50 165  6.5  7.8  1.03  6.25  4.75 152 1016.4  25.1  25.6  20.1 99.0 99.00
2016 03 21 10 50 162  6.7  7.7  1.06  5.88  4.90 137 1017.4  25.2  25.6  20.1 99.0 99.00
2016 03 21 11 50 168  6.7  8.2  1.11 11.43  4.78  53 1017.5  25.4  25.6  20.1 99.0 99.00
2016 03 21 12 50 175  6.4  7.6  1.16  6.67  4.97 140 1017.9  25.4  25.6  20.0 99.0 99.00
2016 03 21 13 50 179  6.5  7.3  1.10  6.67  4.98 134 1018.3  25.3  25.6  20.4 99.0 99.00
2016 03 21 14 50 185  6.7  7.8  1.16  6.25  5.09 135 1018.7  25.5  25.7  20.4 99.0 99.00
2016 03 21 15 50 187  6.9  7.9  1.16  7.14  4.83 138 1018.5  25.5  25.8  20.6 99.0 99.00
2016 03 21 16 50 187  7.1  8.2  1.12  6.67  4.77 136 1017.7  25.5  25.8  21.1 99.0 99.00
2016 03 21 17 50 185  7.3  8.5  1.10  6.67  4.74 134 1016.8  25.6  25.9  21.4 99.0 99.00
2016 03 21 18 50 180  7.3  8.4  1.09  6.67  4.85 130 1016.6  25.7  25.9  21.7 99.0 99.00
2016 03 21 19 50 175  7.4  9.0  1.11  6.67  4.54 144 1015.7  25.8  25.9  21.9 99.0 99.00
2016 03 21 20 50 182  5.9  7.4  1.09  6.25  4.53 137 1016.0  25.9  25.9  22.0 99.0 99.00
2016 03 21 21 50 193  6.7  7.8  1.10  6.67  4.49 132 1016.5  25.9  25.8  22.0 99.0 99.00
2016 03 21 22 50 183  6.1  7.0  1.12  6.67  4.59 130 1016.9  25.7  25.8  22.2 99.0 99.00
2016 03 21 23 50 188  5.4  6.5  1.09  6.67  4.54 136 1017.5  25.6  25.7  22.2 99.0 99.00
2016 03 22 00 50 188  5.6  6.5  1.07  6.67  4.76 148 1018.0  25.6  25.7  22.3 99.0 99.00
2016 03 22 01 50 189  4.6  5.4  1.04  6.25  4.75 141 1018.6  25.5  25.7  22.5 99.0 99.00
2016 03 22 02 50 191  5.0  6.1  1.05  6.67  4.86 143 1018.9  25.5  25.7  22.7 99.0 99.00
2016 03 22 03 50 191  5.6  6.4  1.08  6.67  4.95 128 1018.6  25.4  25.6  22.3 99.0 99.00
2016 03 22 04 50 174  6.3  7.5  1.08  6.25  4.92 132 1018.1  25.3  25.6  22.2 99.0 99.00
2016 03 22 05 50 195  6.6  7.8  1.08  6.67  4.79 126 1018.1  25.4  25.6  21.5 99.0 99.00
2016 03 22 06 50 203  6.4  7.3  1.08  6.25  4.89 128 1017.4  25.2  25.5  21.6 99.0 99.00
2016 03 22 07 50 200  6.4  7.5  1.03  5.88  4.73 134 1017.2  25.2  25.5  21.5 99.0 99.00
2016 03 22 08 50 193  6.7  7.9  1.04  6.25  4.74 141 1017.0  25.2  25.5  21.6 99.0 99.00
2016 03 22 09 50 215  5.8  7.0  1.05  5.88  4.63 147 1018.1  25.2  25.5  21.3 99.0 99.00
2016 03 22 10 50 207  5.3  6.2  1.04  5.88  4.72 146 1018.5  25.3  25.5  21.3 99.0 99.00
2016 03 22 11 50 195  5.0  5.8  1.00  5.88  4.77 149 1019.0  25.5  25.5  21.5 99.0 99.00
2016 03 22 12 50 209  4.8  5.4  1.03  7.14  5.01 144 1019.8  25.4  25.5  21.4 99.0 99.00
2016 03 22 13 50 189  6.2  6.8  0.94  7.14  4.92 142 1019.9  25.4  25.6  21.3 99.0 99.00
2016 03 22 14 50 209  5.9  6.6  0.98  6.67  5.01 149 1020.4  25.5  25.6  21.6 99.0 99.00
2016 03 22 15 50 238  6.2  7.5  1.10  6.67  5.21 140 1020.5  24.3  25.6  21.2 99.0 99.00
2016 03 22 16 50 356  6.5  7.7  1.12  7.14  5.36 146 1020.5  23.9  25.7  21.0 99.0 99.00
2016 03 22 17 50  28 10.3 12.5  1.11  7.14  5.08 142 1019.9  23.1  25.6  20.9 99.0 99.00
2016 03 22 18 50  40 10.9 12.5  1.59  5.00  4.88 345 1019.4  23.3  25.6  20.8 99.0 99.00
2016 03 22 19 50  53 10.7 12.7  1.75  6.67  5.10  40 1019.3  23.5  25.6  20.6 99.0 99.00
2016 03 22 20 50  49  9.0 10.1  2.12  6.67  5.53 354 1019.7  23.7  25.6  20.8 99.0 99.00
2016 03 22 21 50  51  7.0  8.4  2.24  7.14  5.84   6 1020.1  23.8  25.6  20.9 99.0 99.00
2016 03 22 22 50  69  5.8  7.0  2.30  7.69  5.95  26 1020.6  24.1  25.5  20.6 99.0 99.00
2016 03 22 23 50  44  7.5  9.0  2.08  7.69  5.97 356 1021.2  24.0  25.5  20.9 99.0 99.00
2016 03 23 00 50  52 10.3 12.3  2.52  8.33  6.24 355 1021.5  24.0  25.5  20.7 99.0 99.00
2016 03 23 01 50  52 10.5 12.5  2.39  8.33  6.02   8 1021.8  23.4  25.5  20.6 99.0 99.00
2016 03 23 02 50  53  9.9 11.7  2.73  8.33  6.32 357 1022.3  23.5  25.5  20.8 99.0 99.00
2016 03 23 03 50  54 10.0 12.0  2.94  8.33  6.42   3 1022.3  24.1  25.5  20.5 99.0 99.00
2016 03 23 04 50  51 10.9 13.2  2.73  8.33  6.37   4 1021.8  23.9  25.5  20.6 99.0 99.00
2016 03 23 05 50  57 10.5 12.9  2.81  7.69  6.39  21 1021.2  23.9  25.4  20.5 99.0 99.00
2016 03 23 06 50  59 10.7 12.8  2.96  8.33  6.45  18 1020.5  23.8  25.4  20.5 99.0 99.00
2016 03 23 07 50  57  9.8 11.7  3.44  8.33  6.90   9 1020.2  23.7  25.4  20.6 99.0 99.00
2016 03 23 08 50  64 11.0 12.7  3.18  9.09  6.71 331 1020.2  23.7  25.4  20.4 99.0 99.00
2016 03 23 09 50  65 10.8 12.4  3.13  9.09  6.68 345 1020.7  23.9  25.4  20.3 99.0 99.00
2016 03 23 10 50  67 11.0 13.2  3.08 10.00  6.80 325 1021.1  23.8  25.4  20.4 99.0 99.00
2016 03 23 11 50  64 11.1 13.0  3.27  9.09  6.94 337 1021.7  23.8  25.4  20.6 99.0 99.00
2016 03 23 12 50  61 10.2 12.4  3.33 10.00  7.00 335 1022.6  23.6  25.4  20.9 99.0 99.00
2016 03 23 13 50  65 10.4 12.6  3.21 10.00  6.81 344 1022.9  23.2  25.4  20.8 99.0 99.00
2016 03 23 14 50 118  5.3  7.7  2.95  9.09  6.89 331 1023.7  22.1  25.4  19.9 99.0 99.00
2016 03 23 15 50 178  2.8  4.1  2.95  8.33  6.92 357 1023.7  21.3  25.2  19.5 99.0 99.00
2016 03 23 16 50 165  1.6  4.3  2.91 10.00  7.05 342 1023.2  22.1  25.2  20.3 99.0 99.00
2016 03 23 17 50  95  5.5  6.8  2.91 10.00  7.10 334 1022.2  24.5  25.3  20.9 99.0 99.00
2016 03 23 18 50  92  7.6  9.5  2.76  9.09  6.87 337 1021.5  24.6  25.5  20.6 99.0 99.00
2016 03 23 19 50  95  6.9  8.1  2.76  8.33  6.93 352 1021.2  24.1  25.5  21.1 99.0 99.00
2016 03 23 21 50 104  8.5 10.7  2.70  8.33  6.64  19 1021.2  25.1  25.5  21.3 99.0 99.00
2016 03 23 22 50  96  8.6 10.2  2.69 10.00  6.73 351 1021.6  25.1  25.5  21.0 99.0 99.00
2016 03 23 23 50  94  8.1  9.8  2.64  9.09  6.59 357 1021.5  25.1  25.5  21.1 99.0 99.00
2016 03 24 00 50 104  7.4  8.9  2.70  7.69  6.72  44 1022.2  25.0  25.5  21.1 99.0 99.00
2016 03 24 01 50 105  7.4  8.6  2.64  8.33  6.71  54 1022.5  25.0  25.5  20.7 99.0 99.00
2016 03 24 02 50  98  7.1  8.3  2.67  9.09  6.76  25 1022.7  25.2  25.5  21.3 99.0 99.00
2016 03 24 03 50  97  7.4  8.8  2.42  9.09  6.57  13 1022.4  25.1  25.5  21.4 99.0 99.00
2016 03 24 04 50  86  7.1  8.4  2.42 10.00  6.74  15 1022.0  24.9  25.5  21.0 99.0 99.00
2016 03 24 05 50  87  7.5  8.6  2.19  9.09  6.43  26 1021.3  24.5  25.5  20.8 99.0 99.00
2016 03 24 06 50  98  7.8  9.3  2.18  7.14  6.18  32 1020.6  24.7  25.5  20.5 99.0 99.00
2016 03 24 07 50  98  7.5  8.8  2.10  9.09  6.21  38 1020.3  24.6  25.5  21.1 99.0 99.00
2016 03 24 08 50 105  6.8  7.8  2.12 10.00  6.37   3 1020.2  24.9  25.5  20.6 99.0 99.00
2016 03 24 09 50 101  7.1  8.8  2.16 10.00  6.48   7 1020.5  24.8  25.5  20.4 99.0 99.00
2016 03 24 10 50 100  7.1  8.5  2.06  9.09  6.46  26 1020.9  24.9  25.4  20.5 99.0 99.00
2016 03 24 11 50  93  6.2  7.4  1.92 10.81  6.53   9 1021.5  25.0  25.4  20.4 99.0 99.00
2016 03 24 12 50 108  7.1  8.4  1.89 10.00  6.43  24 1021.9  25.3  25.4  20.8 99.0 99.00
2016 03 24 13 50 102  7.8  9.1  1.91 10.00  6.23  27 1021.9  25.2  25.4  20.9 99.0 99.00
2016 03 24 14 50 100  7.8  8.8  1.83  7.14  5.93  62 1022.0  25.3  25.3  20.9 99.0 99.00
2016 03 24 15 50 104  7.5  8.7  1.76 10.00  5.93 356 1022.1  25.2  25.3  21.0 99.0 99.00
2016 03 24 16 50 111  7.6  9.1  1.86  9.09  6.05  44 1021.5  25.3  25.3  20.9 99.0 99.00
2016 03 24 17 50 117  7.6  9.5  1.82  9.09  5.89  17 1020.8  25.3  25.3  20.7 99.0 99.00
2016 03 24 18 50 112  7.5  8.7  1.99  9.09  6.02  49 1020.1  25.3  25.3  20.7 99.0 99.00
2016 03 24 19 50 108  7.6  8.7  2.01  9.09  5.89  16 1019.7  25.3  25.4  21.0 99.0 99.00
2016 03 24 20 50 111  7.1  8.5  2.04  8.33  5.94  62 1019.8  25.3  25.5  21.2 99.0 99.00
2016 03 24 21 50 109  7.2  9.0  2.04  9.09  5.98  18 1020.1  25.4  25.5  21.2 99.0 99.00
2016 03 24 22 50 106  6.8  8.0  2.17  8.33  6.02  74 1020.3  25.3  25.5  21.0 99.0 99.00
2016 03 24 23 50 106  6.8  8.0  2.05  9.09  6.06  49 1020.7  25.4  25.5  20.9 99.0 99.00
2016 03 25 00 50 111  6.7  7.9  1.91  7.14  5.98  70 1021.1  25.3  25.5  21.2 99.0 99.00
2016 03 25 01 50 109  7.3  8.9  2.07  9.09  6.18  55 1021.3  25.4  25.4  21.4 99.0 99.00
2016 03 25 02 50 114  7.7  9.3  1.94  9.09  5.89  45 1021.1  25.2  25.4  21.1 99.0 99.00
2016 03 25 03 50 113  7.1  8.9  2.03  9.09  5.95  38 1020.9  25.1  25.4  21.2 99.0 99.00
2016 03 25 04 50 120  8.1  9.8  1.95  9.09  5.97  79 1020.5  25.2  25.4  20.8 99.0 99.00
2016 03 25 05 50 124  7.9  9.4  2.12  8.33  6.04  79 1020.0  25.2  25.4  19.7 99.0 99.00
2016 03 25 06 50 127  7.9  9.5  1.94  8.33  5.94  76 1019.4  25.1  25.4  19.5 99.0 99.00
2016 03 25 07 50 125  8.1  9.7  1.98  8.33  5.93  85 1019.0  25.1  25.4  19.8 99.0 99.00
2016 03 25 08 50 125  7.8  9.2  2.04  9.09  5.87  71 1018.9  25.1  25.4  20.1 99.0 99.00
2016 03 25 09 50 121  7.5  8.6  1.70  9.09  5.69  84 1019.4  25.2  25.5  20.4 99.0 99.00
2016 03 25 10 50 110  7.4  8.7  1.86  9.09  5.80  84 1019.8  25.1  25.5  20.9 99.0 99.00
2016 03 25 11 50 123  8.1  9.6  1.75  9.09  5.71  88 1020.4  25.5  25.5  20.6 99.0 99.00
2016 03 25 12 50 122  8.0  9.8  1.79  9.09  5.81  81 1020.7  25.6  25.5  20.7 99.0 99.00
2016 03 25 13 50 114  8.7 10.8  1.83 10.00  5.73  92 1021.4  25.4  25.5  21.1 99.0 99.00
2016 03 25 14 50 115  9.4 11.1  1.96  9.09  5.62 100 1021.4  25.4  25.6  20.8 99.0 99.00
2016 03 25 15 50 120  9.1 10.7  1.78  9.09  5.47  82 1021.4  25.5  25.6  20.4 99.0 99.00
2016 03 25 16 50 118  8.6 10.0  1.97  9.09  5.77 104 1021.4  25.6  25.6  20.4 99.0 99.00
2016 03 25 17 50 120  9.3 10.5  1.76  8.33  5.41  90 1020.4  25.7  25.7  19.8 99.0 99.00
2016 03 25 18 50 121  7.7  9.4  1.76  6.67  5.44 109 1020.3  25.7  25.7  20.4 99.0 99.00
2016 03 25 19 50 120  8.0  9.6  1.86  8.33  5.55 102 1020.3  25.8  25.7  20.7 99.0 99.00
2016 03 25 20 50 123  7.8  9.1  1.82  6.67  5.75 107 1020.1  25.8  25.8  21.0 99.0 99.00
2016 03 25 21 50 121  6.8  8.2  1.87  7.14  5.69  98 1020.9  25.9  25.8  20.7 99.0 99.00
2016 03 25 22 50 121  6.4  7.6  1.91  8.33  5.78  94 1021.5  25.7  25.7  20.6 99.0 99.00
2016 03 25 23 50 117  7.5  9.1  1.81  6.67  5.59 122 1022.1  25.7  25.7  20.4 99.0 99.00
2016 03 26 00 50 107  6.3  7.4  1.95  8.33  5.83  99 1022.7  25.3  25.7  21.0 99.0 99.00
2016 03 26 01 50 117  8.4 10.2  1.88  9.09  5.90  96 1022.8  25.6  25.7  20.2 99.0 99.00
2016 03 26 02 50 114  8.3  9.7  1.90  7.69  5.72  84 1022.9  25.4  25.6  21.3 99.0 99.00
2016 03 26 03 50 109  7.7  9.1  1.89  7.69  5.62  95 1022.7  25.2  25.6  21.2 99.0 99.00
2016 03 26 04 50 110  9.3 10.9  2.03  9.09  5.77 107 1022.1  25.3  25.6  21.0 99.0 99.00
2016 03 26 05 50 111  9.6 11.5  2.00  7.14  5.64 107 1021.7  25.3  25.6  21.0 99.0 99.00
2016 03 26 06 50 111  9.5 11.3  2.05  7.69  5.55  99 1021.2  25.2  25.5  20.8 99.0 99.00
2016 03 26 07 50 110  8.9 10.6  2.16  7.14  5.68 105 1020.9  25.2  25.5  20.9 99.0 99.00
2016 03 26 08 50 111  8.9 10.5  2.10  7.14  5.54 102 1020.9  25.2  25.5  20.7 99.0 99.00
2016 03 26 09 50 108  9.1 10.7  1.98  9.09  5.74 127 1021.2  25.2  25.5  20.8 99.0 99.00
2016 03 26 10 50 111  9.5 11.0  1.94  9.09  5.67 135 1021.9  25.3  25.5  20.7 99.0 99.00
2016 03 26 11 50 106  9.5 11.1  1.99  9.09  5.51 110 1022.5  25.5  25.5  20.5 99.0 99.00
2016 03 26 12 50 111  8.7 10.5  2.06  7.14  5.72 112 1023.3  25.5  25.5  20.6 99.0 99.00
2016 03 26 13 50 107  8.3 10.2  2.24  7.69  5.89 121 1024.1  25.6  25.5  20.6 99.0 99.00
2016 03 26 14 50 108  9.2 11.0  1.99  7.14  5.74 108 1024.1  25.5  25.6  20.4 99.0 99.00
2016 03 26 15 50 112  8.9 10.9  2.08  9.09  5.70 109 1023.7  25.6  25.6  20.5 99.0 99.00
2016 03 26 16 50 109  9.0 10.6  2.13  6.67  5.96 110 1023.3  25.5  25.7  20.7 99.0 99.00
2016 03 26 17 50 113  9.1 10.9  1.98  6.67  5.55 101 1022.7  25.5  25.7  20.7 99.0 99.00
2016 03 26 18 50 114  8.8 10.2  2.13  9.09  5.85 114 1022.4  25.6  25.8  19.9 99.0 99.00
2016 03 26 19 50 111  8.3 10.1  2.01  9.09  5.84 126 1022.3  25.5  25.8  20.6 99.0 99.00
2016 03 26 20 50 114  8.2  9.6  2.05  9.09  5.94 120 1022.2  25.6  25.8  20.5 99.0 99.00
2016 03 26 21 50 106  7.7  9.1  2.10  9.09  6.16 119 1022.6  25.6  25.8  20.7 99.0 99.00
2016 03 26 22 50  96  7.3  8.7  1.98  8.33  5.92 115 1023.2  25.4  25.8  20.7 99.0 99.00
2016 03 26 23 50  96  8.1  9.7  1.99  8.33  5.98 116 1023.5  25.4  25.8  20.8 99.0 99.00
2016 03 27 00 50 100  8.6 10.3  2.06  8.33  5.89 126 1023.7  25.3  25.7  20.5 99.0 99.00
2016 03 27 01 50  96  8.3  9.7  1.93  9.09  5.69 107 1024.5  25.3  25.7  20.2 99.0 99.00
2016 03 27 02 50  96  7.7  8.9  2.05  6.67  5.87 107 1024.5  25.3  25.7  20.1 99.0 99.00
2016 03 27 03 50 107  9.0 10.6  1.86  9.09  5.73 120 1023.9  25.2  25.6  20.2 99.0 99.00
2016 03 27 04 50 105  8.9 10.6  2.18  9.09  6.01 119 1023.8  25.2  25.6  20.3 99.0 99.00
2016 03 27 05 50 105  8.9 10.6  2.11  8.33  6.00 121 1023.8  25.2  25.6  20.1 99.0 99.00
2016 03 27 06 50 105  9.0 10.6  1.97  8.33  5.95 106 1022.9  25.0  25.6  20.2 99.0 99.00
2016 03 27 07 50 101  8.1  9.7  1.95  9.09  5.85 126 1022.7  25.0  25.6  20.3 99.0 99.00
2016 03 27 08 50  98  8.0  9.3  2.00  9.09  5.80 127 1022.6  24.9  25.6  20.1 99.0 99.00
2016 03 27 09 50 100  7.5  9.0  2.08  9.09  6.07 120 1023.2  25.0  25.6  20.0 99.0 99.00
2016 03 27 10 50  99  7.8  9.3  2.11  8.33  6.23 111 1023.2  25.0  25.6  20.4 99.0 99.00
2016 03 27 11 50 102  9.2 11.0  2.06  9.09  6.04 121 1023.7  25.3  25.6  20.0 99.0 99.00
2016 03 27 12 50 102  8.7 10.4  2.05  9.09  6.10 128 1024.3  25.3  25.6  20.0 99.0 99.00
2016 03 27 13 50 103  8.9 10.7  2.12  9.09  5.97 133 1024.4  25.3  25.7  20.2 99.0 99.00
2016 03 27 14 50 105  8.4 10.4  2.22  9.09  6.01 120 1024.4  25.3  25.7  20.5 99.0 99.00
2016 03 27 15 50  98  7.4  8.7  2.10  9.09  6.04 125 1024.6  25.3  25.7  20.5 99.0 99.00
2016 03 27 16 50 102  7.9  9.2  1.91  9.09  5.87 122 1023.9  25.3  25.8  20.4 99.0 99.00
2016 03 27 17 50 102  7.8  9.2  2.02  9.09  6.07 123 1023.2  25.3  25.8  20.3 99.0 99.00
2016 03 27 18 50 104  7.9  9.2  2.10 10.00  6.28 124 1022.5  25.3  25.9  20.6 99.0 99.00
2016 03 27 19 50 101  8.0  9.5  1.99  9.09  6.20 117 1022.0  25.4  25.9  20.6 99.0 99.00
2016 03 27 21 50 126  9.1 11.0  2.00  8.33  5.95 114 1021.4  24.7  25.8  19.9 99.0 99.00
2016 03 27 22 50 103  7.7  9.3  1.93  8.33  6.05 119 1021.7  25.2  25.7  20.9 99.0 99.00
2016 03 27 23 50 112  8.4  9.7  2.19  8.33  6.26 108 1022.0  25.3  25.7  20.5 99.0 99.00
2016 03 28 00 50 123  7.7 10.7  1.98 10.00  5.94 116 1022.4  24.5  25.7  20.6 99.0 99.00
2016 03 28 01 50 101  6.8  8.1  2.15  9.09  6.20 119 1022.6  24.1  25.6  20.8 99.0 99.00
2016 03 28 02 50 108  8.5  9.9  2.01  9.09  6.09 111 1022.6  25.2  25.7  20.5 99.0 99.00
2016 03 28 03 50 102  7.9  9.5  2.06 10.00  6.18 119 1022.5  25.1  25.6  20.5 99.0 99.00
2016 03 28 04 50 110  7.9  9.4  2.03 10.00  6.25 121 1022.3  25.1  25.6  20.2 99.0 99.00
2016 03 28 05 50 117  8.1  9.8  1.99  9.09  6.09 105 1021.4  25.0  25.6  20.3 99.0 99.00
2016 03 28 06 50 122  8.2  9.8  1.98 10.00  6.17 121 1020.7  25.0  25.6  20.1 99.0 99.00
2016 03 28 07 50 121  7.1  8.5  2.17 10.00  6.32 110 1020.5  25.0  25.6  19.5 99.0 99.00
2016 03 28 08 50 112  7.1  8.4  2.02 10.00  6.23 117 1020.4  24.8  25.6  19.5 99.0 99.00
2016 03 28 09 50 118  7.5  8.6  2.13 10.00  6.56 113 1020.6  24.8  25.6  19.4 99.0 99.00
2016 03 28 10 50 119  7.7  9.0  2.09  9.09  6.29 114 1020.9  24.9  25.6  18.8 99.0 99.00
2016 03 28 11 50 119  7.6  9.3  2.25 10.00  6.42 118 1021.3  25.0  25.6  19.0 99.0 99.00
2016 03 28 12 50 119  7.1  8.6  2.00 10.00  6.27 111 1021.8  25.1  25.6  18.9 99.0 99.00
2016 03 28 13 50 122  6.4  7.9  2.00 10.00  6.24 103 1022.3  25.0  25.6  19.0 99.0 99.00
2016 03 28 14 50 121  6.7  7.8  1.86 10.00  6.05 110 1022.2  25.1  25.7  18.4 99.0 99.00
2016 03 28 15 50 119  5.7  7.0  1.78 10.00  6.12 111 1022.1  25.1  25.7  17.9 99.0 99.00
2016 03 28 16 50 131  6.2  7.4  1.97 10.00  6.49 104 1021.5  25.1  25.8  18.0 99.0 99.00
2016 03 28 17 50 130  5.6  6.8  1.83 10.00  6.13 105 1021.0  25.2  25.8  18.4 99.0 99.00
2016 03 28 18 50 134  4.5  5.6  1.86 10.00  6.47 116 1020.3  25.2  25.9  18.9 99.0 99.00
2016 03 28 19 50 127  5.2  6.2  1.76 10.00  6.39 111 1020.0  25.4  26.0  18.7 99.0 99.00
2016 03 28 20 50 127  6.4  7.9  1.94 10.00  6.90 117 1019.6  25.4  26.0  19.2 99.0 99.00
2016 03 28 21 50 129  6.7  7.9  1.97 10.00  6.86 116 1019.4  25.4  25.9  19.4 99.0 99.00
2016 03 28 22 50 132  6.3  7.8  1.76  9.09  6.42 109 1019.6  25.3  25.9  19.5 99.0 99.00
2016 03 28 23 50 129  5.4  7.2  1.79  9.09  6.47 103 1020.3  25.2  25.8  19.6 99.0 99.00
2016 03 29 00 50 128  5.4  6.3  1.89 10.00  6.58 103 1020.8  25.3  25.8  19.3 99.0 99.00
2016 03 29 01 50 137  4.3  5.3  1.83 10.00  6.69 106 1021.2  25.3  25.8  18.9 99.0 99.00
2016 03 29 02 50 135  5.4  6.4  1.73  9.09  6.56 105 1021.0  25.2  25.8  19.2 99.0 99.00
2016 03 29 03 50 145  4.7  5.7  1.77  9.09  6.73 101 1020.9  25.1  25.7  19.4 99.0 99.00
2016 03 29 04 50 136  4.7  8.4  1.66 10.00  6.66 113 1020.5  24.8  25.7  19.5 99.0 99.00
2016 03 29 05 50 132  3.2  4.1  1.68  9.09  6.84 107 1020.0  25.0  25.7  19.4 99.0 99.00
2016 03 29 06 50 131  4.0  5.1  1.57  9.09  6.38 115 1019.4  24.9  25.7  19.7 99.0 99.00
2016 03 29 07 50 129  4.3  5.3  1.77  9.09  7.01 108 1019.0  24.9  25.7  19.6 99.0 99.00
2016 03 29 08 50 137  4.5  5.6  1.73  9.09  6.85 103 1019.0  25.0  25.7  19.3 99.0 99.00
2016 03 29 09 50 133  4.2  5.2  1.78 10.00  7.01  98 1019.3  25.0  25.7  18.8 99.0 99.00
2016 03 29 10 50 136  4.2  5.4  1.75  9.09  6.92 106 1019.9  25.0  25.7  18.9 99.0 99.00
2016 03 29 11 50 132  4.7  5.9  1.73 10.00  6.65 103 1020.3  25.2  25.7  18.9 99.0 99.00
2016 03 29 12 50 141  6.2  7.3  1.63 10.00  6.56 118 1020.2  25.3  25.7  19.2 99.0 99.00
2016 03 29 13 50 139  6.1  7.2  1.65 10.00  6.66 103 1020.2  25.3  25.8  18.7 99.0 99.00
2016 03 29 14 50 144  6.7  8.0  1.82 10.00  6.58 116 1020.0  25.3  25.8  18.7 99.0 99.00
2016 03 29 15 50 140  5.5  6.6  1.68 10.00  6.40 107 1020.1  25.3  25.9  19.0 99.0 99.00
2016 03 29 16 50 139  6.9  8.1  1.62 10.00  6.16 115 1019.0  25.3  25.9  19.0 99.0 99.00
2016 03 29 17 50 144  6.2  7.5  1.60  9.09  6.18 100 1018.7  25.3  26.0  19.3 99.0 99.00
2016 03 29 18 50 144  4.7  5.7  1.58 10.00  6.32 107 1018.7  25.3  26.0  19.1 99.0 99.00
2016 03 29 19 50 152  4.0  4.9  1.63  9.09  6.73 104 1018.5  25.5  26.1  18.8 99.0 99.00
2016 03 29 20 50 136  3.1  3.9  1.72 10.00  6.99 105 1018.6  25.5  26.1  19.2 99.0 99.00
2016 03 29 21 50 118  2.4  3.2  1.50 10.00  6.49 108 1018.4  25.5  26.1  19.1 99.0 99.00
2016 03 29 22 50 114  3.8  4.6  1.65 10.00  6.91  96 1018.3  25.2  26.1  19.8 99.0 99.00
2016 03 29 23 50 106  3.4  5.8  1.59 10.00  6.86  98 1019.0  25.3  26.0  20.3 99.0 99.00
2016 03 30 00 50 116  4.7  5.8  1.68 10.00  6.97 106 1019.4  25.2  26.0  20.6 99.0 99.00
2016 03 30 01 50 132  4.7  5.6  1.50 10.00  6.46  85 1019.5  25.2  25.9  20.5 99.0 99.00
2016 03 30 02 50 121  5.3  6.4  1.50  9.09  6.26  95 1019.6  25.1  25.9  20.5 99.0 99.00
2016 03 30 03 50 119  5.4  6.5  1.46  9.09  6.09 111 1019.3  25.1  25.9  20.0 99.0 99.00
2016 03 30 04 50 122  6.0  7.3  1.54  9.09  6.29 100 1018.9  25.1  25.9  19.8 99.0 99.00
2016 03 30 05 50 128  6.0  7.6  1.50  9.09  6.28  98 1018.3  24.9  25.8  19.4 99.0 99.00
2016 03 30 06 50 128  6.2  7.2  1.58  9.09  6.40 111 1017.8  24.9  25.8  19.2 99.0 99.00
2016 03 30 07 50 128  6.6  7.7  1.48  9.09  6.20 103 1017.7  25.0  25.8  18.9 99.0 99.00
2016 03 30 08 50 128  5.8  6.5  1.44 10.00  5.90 101 1017.8  25.1  25.8  17.9 99.0 99.00
2016 03 30 09 50 125  5.8  6.6  1.52 10.00  6.24 107 1018.3  25.0  25.7  17.9 99.0 99.00
2016 03 30 10 50 121  5.8  6.9  1.47 10.00  6.11 106 1019.1  25.0  25.7  18.1 99.0 99.00
2016 03 30 11 50 114  5.9  7.3  1.55  9.09  6.09 101 1019.4  25.0  25.7  18.6 99.0 99.00
2016 03 30 12 50 119  5.7  7.1  1.44  9.09  6.01 109 1020.0  25.1  25.7  18.9 99.0 99.00
2016 03 30 13 50 111  6.2  7.5  1.45  9.09  6.14  98 1020.2  25.3  25.7  19.0 99.0 99.00
2016 03 30 14 50 111  4.6  6.0  1.38  9.09  5.99 100 1020.6  25.3  25.8  19.0 99.0 99.00
2016 03 30 15 50 115  6.3  7.5  1.40  9.09  5.99  91 1020.4  25.4  25.8  18.4 99.0 99.00
2016 03 30 16 50 108  6.3  7.5  1.31 10.00  5.88 106 1020.1  25.4  25.8  17.9 99.0 99.00
2016 03 30 17 50 108  6.6  7.7  1.52  8.33  6.24  98 1019.4  25.4  25.8  18.2 99.0 99.00
2016 03 30 18 50 104  6.8  7.9  1.43 10.00  6.08  85 1018.6  25.2  25.9  19.0 99.0 99.00
2016 03 30 19 50 100  7.6  8.9  1.45 10.00  5.95  93 1018.4  25.3  25.9  20.0 99.0 99.00
2016 03 30 20 50 108  8.0  9.4  1.50  9.09  5.92  94 1018.8  25.1  25.9  20.0 99.0 99.00
2016 03 30 21 50 102  7.6  9.1  1.57  9.09  5.85  94 1019.1  25.0  25.8  19.5 99.0 99.00
2016 03 30 22 50  94  7.6  8.8  1.56  9.09  5.60 107 1019.6  25.1  25.8  19.2 99.0 99.00
2016 03 30 23 50 115 10.2 11.8  1.55  9.09  5.49 108 1019.6  24.6  25.8  20.0 99.0 99.00
2016 03 31 00 50 110  9.3 10.7  1.69  8.33  5.45  91 1019.8  25.1  25.7  19.0 99.0 99.00
2016 03 31 01 50 109  7.7  9.3  1.59  9.09  5.32  98 1020.2  25.3  25.7  18.2 99.0 99.00
2016 03 31 02 50 105  8.3  9.7  1.54  9.09  5.19 101 1020.1  24.8  25.7  20.1 99.0 99.00
2016 03 31 03 50 104  8.8 10.4  1.59  9.09  5.32  89 1019.8  23.8  25.7  19.7 99.0 99.00
2016 03 31 04 50 106  7.2  8.4  1.47  9.09  5.19  98 1019.7  24.5  25.7  19.4 99.0 99.00
2016 03 31 05 50 100  7.9  9.2  1.67 10.00  5.65 105 1018.7  24.5  25.7  20.0 99.0 99.00
2016 03 31 06 50 118  7.8  9.4  1.57 10.00  5.20 115 1018.9  25.3  25.7  20.5 99.0 99.00
2016 03 31 07 50 111  8.6 10.6  1.68  9.09  5.12  83 1018.5  25.1  25.7  20.3 99.0 99.00
2016 03 31 08 50 121  9.3 11.0  1.79  9.09  5.44 100 1018.8  25.5  25.7  18.8 99.0 99.00
2016 03 31 09 50 110  7.2  8.2  1.79  5.26  5.34 110 1020.2  25.5  25.6  18.9 99.0 99.00
2016 03 31 10 50 110  8.0  9.1  1.81  5.88  5.38 103 1020.3  25.5  25.6  18.9 99.0 99.00
2016 03 31 11 50  79  6.2  8.0  1.93  9.09  5.64 103 1021.6  24.5  25.6  19.4 99.0 99.00
2016 03 31 12 50  73  8.0  9.9  1.81  7.69  5.56 104 1021.8  24.3  25.6  18.3 99.0 99.00
2016 03 31 13 50 102  9.0 10.6  1.78  9.09  5.55  97 1021.4  25.1  25.6  19.0 99.0 99.00
2016 03 31 14 50 112 10.3 13.0  2.00  9.09  5.71 101 1020.7  25.2  25.6  19.7 99.0 99.00
2016 03 31 15 50 118 10.3 12.3  2.21  5.88  5.74 102 1020.6  25.4  25.6  19.7 99.0 99.00
2016 03 31 16 50 126 10.1 12.6  2.13  5.56  5.60 102 1020.3  25.6  25.7  19.4 99.0 99.00
2016 03 31 17 50 128  9.7 11.1  2.07  6.67  5.54 117 1019.8  25.5  25.7  19.3 99.0 99.00
2016 03 31 18 50 128  9.0 10.2  2.18  9.09  5.75 101 1019.5  25.6  25.7  19.6 99.0 99.00
2016 03 31 19 50 133  8.8 10.6  2.13  7.69  5.84 123 1019.2  25.7  25.7  19.2 99.0 99.00
2016 03 31 20 50 125  8.4 10.0  2.07  9.09  5.90 122 1019.2  25.6  25.7  19.1 99.0 99.00
2016 03 31 21 50 128  7.7  9.4  2.16  7.14  5.91 121 1019.8  25.7  25.7  18.8 99.0 99.00
2016 03 31 22 50 128  7.6  8.9  2.00  6.25  5.90 110 1020.2  25.5  25.7  19.4 99.0 99.00
