#YY  MM DD hh mm WDIR WSPD GST  WVHT   DPD   APD MWD   PRES  ATMP  WTMP  DEWP  VIS  TIDE
#yr  mo dy hr mn degT m/s  m/s     m   sec   sec deg    hPa  degC  degC  degC  nmi    ft
2016 01 31 23 50 125  3.3  4.6  2.20 10.81  7.73 343 1019.1  25.5  26.1  20.9 99.0 99.00
2016 02 01 00 50 131  2.6  3.6  2.16 10.00  7.62   1 1019.3  25.4  26.1  20.7 99.0 99.00
2016 02 01 01 50 128  2.7  3.4  2.10  9.09  7.37  38 1019.6  25.4  26.1  20.9 99.0 99.00
2016 02 01 02 50 134  3.3  4.5  2.04  9.09  7.47 321 1019.5  25.4  26.1  20.9 99.0 99.00
2016 02 01 03 50 156  3.2  4.2  2.08 10.00  7.36 349 1019.2  25.5  26.1  20.9 99.0 99.00
2016 02 01 04 50 258  2.8  4.1  1.93  9.09  7.25  55 1018.6  24.2  26.2  20.9 99.0 99.00
2016 02 01 05 50 288  2.4  3.0  2.14 10.00  7.63   5 1018.2  24.1  26.2  21.2 99.0 99.00
2016 02 01 06 50 254  4.0  8.7  2.02  9.09  7.28  70 1017.7  24.5  26.2  21.0 99.0 99.00
2016 02 01 07 50 344  3.6  4.6  2.03 10.00  7.48 354 1017.2  24.0  26.0  20.3 99.0 99.00
2016 02 01 08 50  22  2.8  3.6  1.92 10.81  7.47 350 1017.2  23.7  26.1  20.7 99.0 99.00
2016 02 01 09 50  43  2.0  2.9  1.99  9.09  7.16  50 1017.7  23.7  26.2  20.6 99.0 99.00
2016 02 01 10 50  55  1.9  2.9  1.90  9.09  7.06  21 1018.1  24.3  26.2  20.8 99.0 99.00
2016 02 01 11 50 357  0.4  0.9  1.86  9.09  6.97  39 1018.5  24.5  26.2  20.7 99.0 99.00
2016 02 01 12 50 310  1.0  1.7  1.86  9.09  7.00  33 1019.0  24.7  26.2  20.7 99.0 99.00
2016 02 01 13 50 248  1.0  1.7  1.81  9.09  6.91  58 1019.6  25.0  26.2  20.8 99.0 99.00
2016 02 01 14 50 204  1.4  2.0  1.71  9.09  7.07  32 1019.5  25.3  26.4  20.6 99.0 99.00
2016 02 01 15 50 168  1.9  2.9  1.78  9.09  7.06  41 1019.0  25.2  26.6  20.8 99.0 99.00
2016 02 01 16 50 183  3.7  5.1  1.71 10.00  7.07  10 1017.8  24.9  26.5  21.3 99.0 99.00
2016 02 01 17 50 214  3.4  4.3  1.75  9.09  7.14  45 1017.0  25.2  26.6  21.3 99.0 99.00
2016 02 01 18 50 220  3.6  4.5  1.67  9.09  7.37  49 1016.5  25.5  26.6  20.7 99.0 99.00
2016 02 01 19 50 229  4.3  5.2  1.67  9.09  7.23  39 1016.4  25.6  26.6  21.0 99.0 99.00
2016 02 01 20 50 211  2.9  4.0  1.49  9.09  7.03  43 1016.6  24.9  26.5  20.7 99.0 99.00
2016 02 01 21 50 250  5.3  6.5  1.53  9.09  7.06  74 1017.0  25.5  26.5  21.0 99.0 99.00
2016 02 01 22 50 268  4.2  5.3  1.56  9.09  7.00  65 1017.4  25.5  26.4  21.2 99.0 99.00
2016 02 01 23 50 261  3.2  5.1  1.46  8.33  6.89  60 1017.5  24.9  26.4  20.8 99.0 99.00
2016 02 02 00 50 303  3.9  4.9  1.56 10.00  7.14  37 1017.5  25.3  26.4  21.2 99.0 99.00
2016 02 02 01 50 310  4.4  5.8  1.63  9.09  7.24  67 1017.7  25.3  26.3  21.0 99.0 99.00
2016 02 02 02 50 324  4.3  5.2  1.61  9.09  7.14  62 1017.8  25.2  26.3  21.2 99.0 99.00
2016 02 02 03 50 322  4.0  5.1  1.53 10.00  6.99  41 1017.5  25.1  26.3  20.7 99.0 99.00
2016 02 02 04 50 340  4.9  6.1  1.43  8.33  6.95  79 1017.1  24.9  26.3  21.1 99.0 99.00
2016 02 02 05 50 341  6.2  7.3  1.43  9.09  6.75  43 1016.8  24.8  26.3  20.5 99.0 99.00
2016 02 02 06 50 344  6.2  7.5  1.48  9.09  6.69  93 1016.3  24.7  26.2  20.2 99.0 99.00
2016 02 02 07 50 345  7.1  8.5  1.40  8.33  6.29  74 1015.9  24.7  26.2  20.0 99.0 99.00
2016 02 02 08 50   2  4.4  5.3  1.56  9.09  6.34  60 1015.6  24.6  26.2  19.1 99.0 99.00
2016 02 02 09 50 351  5.1  6.0  1.59 10.00  6.71  28 1016.0  24.5  26.2  19.1 99.0 99.00
2016 02 02 10 50 360  5.4  6.8  1.43  9.09  6.57  76 1016.6  24.5  26.2  18.5 99.0 99.00
2016 02 02 11 50   2  5.2  6.6  1.63 10.00  6.66  59 1017.1  24.5  26.2  18.7 99.0 99.00
2016 02 02 12 50  14  6.2  8.0  1.47  9.09  6.37  93 1017.8  24.6  26.2  18.6 99.0 99.00
2016 02 02 13 50  15  5.9  7.1  1.51 10.00  6.27  67 1018.7  24.8  26.2  18.1 99.0 99.00
2016 02 02 14 50  16  5.2  6.3  1.36 10.00  6.14  23 1019.1  24.7  26.2  18.3 99.0 99.00
2016 02 02 15 50  18  3.6  4.9  1.36  9.09  6.10  80 1018.8  24.7  26.3  18.7 99.0 99.00
2016 02 02 16 50  15  3.8  4.9  1.32  9.09  6.27  71 1018.0  24.8  26.4  19.1 99.0 99.00
2016 02 02 17 50  11  4.0  5.0  1.38  9.09  6.33  83 1017.4  24.9  26.4  19.6 99.0 99.00
2016 02 02 18 50  21  5.2  6.6  1.29  9.09  6.08  96 1017.0  25.0  26.5  19.5 99.0 99.00
2016 02 02 19 50  33  6.7  8.4  1.33  9.09  6.23  92 1017.0  25.0  26.4  19.7 99.0 99.00
2016 02 02 20 50  39  7.4  9.0  1.42  9.09  6.33 100 1017.3  25.2  26.4  19.5 99.0 99.00
2016 02 02 21 50  44  8.2  9.8  1.41  9.09  5.65  81 1017.6  25.1  26.3  19.5 99.0 99.00
2016 02 02 22 50  45  8.1  9.5  1.43 10.00  5.65  74 1018.0  25.0  26.3  19.6 99.0 99.00
2016 02 02 23 50  50  8.2  9.8  1.47  9.09  5.67  77 1018.5  24.9  26.2  19.1 99.0 99.00
2016 02 03 00 50  54  8.2 10.1  1.56  9.09  5.53 105 1018.9  24.9  26.0  19.2 99.0 99.00
2016 02 03 01 50  37  8.4 10.1  1.59 10.00  5.66  66 1019.5  24.8  26.0  19.6 99.0 99.00
2016 02 03 02 50  36  9.4 11.0  1.66  9.09  5.73  73 1019.7  24.7  26.0  19.7 99.0 99.00
2016 02 03 03 50  36 10.1 12.4  1.66  9.09  5.53  73 1019.5  24.7  26.0  19.3 99.0 99.00
2016 02 03 04 50  47  9.1 11.3  1.82  5.88  5.40  55 1019.2  24.5  26.0  18.5 99.0 99.00
2016 02 03 05 50  49  8.4 10.1  1.96  5.88  5.68  47 1018.9  24.3  26.0  17.8 99.0 99.00
2016 02 03 06 50  44  9.4 11.1  1.81  6.25  5.70  53 1018.2  24.2  25.9  17.6 99.0 99.00
2016 02 03 07 50  45  8.6 10.7  1.87  5.88  5.53  52 1017.9  24.1  25.9  17.1 99.0 99.00
2016 02 03 08 50  51  8.3  9.9  1.98  6.25  5.67  47 1018.0  24.1  25.9  16.8 99.0 99.00
2016 02 03 09 50  43  8.3  9.8  1.81  6.67  5.60  59 1018.4  24.1  25.9  16.3 99.0 99.00
2016 02 03 10 50  43  8.2 10.1  1.96  9.09  5.76  98 1019.2  24.0  25.9  16.7 99.0 99.00
2016 02 03 11 50  43  8.5 10.5  1.84  6.25  5.71  57 1019.5  24.1  25.9  16.3 99.0 99.00
2016 02 03 12 50  45  8.0 10.3  1.97  6.67  5.83  45 1020.1  24.3  26.0  16.6 99.0 99.00
2016 02 03 13 50  47  8.2 10.0  1.96  6.67  5.80  64 1020.7  24.4  26.0  15.9 99.0 99.00
2016 02 03 14 50  42  9.0 10.8  2.03  7.14  5.81  54 1020.7  24.2  26.0  17.0 99.0 99.00
2016 02 03 15 50  44  9.0 10.6  1.93  9.09  5.74 100 1020.3  24.3  26.0  15.9 99.0 99.00
2016 02 03 16 50  58  9.1 11.7  2.02  6.67  5.96  55 1019.4  24.3  26.0  15.9 99.0 99.00
2016 02 03 17 50  51  8.2 10.0  1.79  9.09  5.68  79 1018.7  24.1  25.9  15.1 99.0 99.00
2016 02 03 18 50  52  8.5 10.1  2.14  7.14  5.99  53 1018.4  24.3  25.8  16.8 99.0 99.00
2016 02 03 19 50  66  8.7 10.4  2.18  7.14  5.92  58 1018.1  24.7  26.0  16.5 99.0 99.00
2016 02 03 20 50  63  7.7  9.2  2.11  7.14  5.88  56 1018.4  24.8  26.1  17.2 99.0 99.00
2016 02 03 21 50  56  7.9 10.8  1.88  7.14  5.81  49 1018.8  24.6  26.1  17.1 99.0 99.00
2016 02 03 22 50  59  9.6 11.3  1.91  7.14  5.85  58 1019.0  24.7  26.0  17.3 99.0 99.00
2016 02 03 23 50  60  8.8 10.3  2.11  7.14  5.90  59 1019.5  24.7  26.0  17.2 99.0 99.00
2016 02 04 00 50  60  8.6 10.5  1.93  7.14  5.67  47 1019.9  24.8  26.0  16.9 99.0 99.00
2016 02 04 01 50  54  8.1 10.0  1.89  7.14  5.67  56 1020.2  24.8  25.9  16.4 99.0 99.00
2016 02 04 02 50  60  9.4 11.4  1.90  6.67  5.76  52 1020.1  24.9  25.9  17.2 99.0 99.00
2016 02 04 03 50  67  7.6  9.0  2.02  6.67  5.91  48 1019.8  24.8  25.8  17.2 99.0 99.00
2016 02 04 04 50  82  7.6 10.8  2.04  7.69  5.87  50 1019.5  23.9  25.7  17.8 99.0 99.00
2016 02 04 05 50  76 10.4 12.5  2.01  7.14  5.67  48 1018.5  24.6  25.7  17.5 99.0 99.00
2016 02 04 06 50  71  9.9 12.1  2.07  7.14  5.68  57 1018.1  24.7  25.7  14.6 99.0 99.00
2016 02 04 07 50  58  8.2 10.5  2.27  7.14  5.97  55 1018.0  24.4  25.7  16.6 99.0 99.00
2016 02 04 08 50  52  9.7 12.2  2.23  7.69  6.08  51 1017.9  24.5  25.7  16.1 99.0 99.00
2016 02 04 09 50  69  9.7 12.2  2.12  7.69  5.97  44 1018.1  24.1  25.7  16.8 99.0 99.00
2016 02 04 10 50  67  9.4 11.8  2.23  7.69  5.96  64 1018.6  24.5  25.7  15.3 99.0 99.00
2016 02 04 11 50  59 12.1 14.6  2.26  7.69  5.95  68 1018.8  23.5  25.7  17.0 99.0 99.00
2016 02 04 12 50  45  8.7 11.0  2.37  7.69  6.27  68 1019.3  24.0  25.7  18.0 99.0 99.00
2016 02 04 13 50  60  9.5 11.6  2.20  8.33  5.85  57 1019.7  24.7  25.8  17.7 99.0 99.00
2016 02 04 14 50  68  9.1 11.3  2.47  7.69  6.08  60 1020.0  24.9  25.8  15.9 99.0 99.00
2016 02 04 15 50  61  8.6 10.1  2.69  7.69  6.30  63 1019.4  24.5  25.9  17.9 99.0 99.00
2016 02 04 16 50  58  9.2 11.6  2.72  9.09  6.41  75 1018.5  24.8  25.9  17.2 99.0 99.00
2016 02 04 17 50  54  8.7 11.2  2.64  8.33  6.39  75 1017.7  24.8  25.9  17.6 99.0 99.00
2016 02 04 18 50  46  9.4 11.6  2.60  8.33  6.43  58 1016.8  24.8  25.9  17.6 99.0 99.00
2016 02 04 19 50  48 12.6 15.6  2.97  9.09  6.68  57 1016.1  23.9  25.9  18.4 99.0 99.00
2016 02 04 20 50  32  8.7 10.8  2.79  9.09  6.41  67 1016.3  24.0  25.9  18.9 99.0 99.00
2016 02 04 21 50  42  8.8 11.8  2.59  9.09  6.39  49 1016.5  22.9  25.9  19.0 99.0 99.00
2016 02 04 22 50  50  8.3 10.1  2.69  9.09  6.76  62 1016.3  24.4  25.8  18.7 99.0 99.00
2016 02 04 23 50  49 10.4 11.9  2.76  9.09  6.80  65 1016.6  23.7  25.8  19.2 99.0 99.00
2016 02 05 00 50  48  7.2  9.0  2.87  9.09  6.91  58 1017.1  24.2  25.8  19.2 99.0 99.00
2016 02 05 01 50  51  9.7 12.8  2.97  9.09  7.22  61 1017.0  24.4  25.8  18.6 99.0 99.00
2016 02 05 02 50  38  7.2  8.6  2.72  8.33  6.96  64 1017.0  23.0  25.9  19.9 99.0 99.00
2016 02 05 03 50  37  7.0  8.8  2.78 10.00  7.26  71 1016.3  24.0  25.9  20.7 99.0 99.00
2016 02 05 04 50  53  7.1  9.2  2.71 10.00  7.05  68 1015.9  23.9  25.9  19.9 99.0 99.00
2016 02 05 05 50  64  5.4  6.9  3.04 10.00  7.24  55 1015.5  24.2  25.8  20.2 99.0 99.00
2016 02 05 06 50  66  7.2 10.6  2.84 10.00  7.14  63 1014.8  24.6  25.9  20.1 99.0 99.00
2016 02 05 07 50  84  4.3  5.7  3.20 10.00  7.66  59 1014.6  24.0  25.9  20.1 99.0 99.00
2016 02 05 08 50  58  5.8  8.1  3.15 10.00  7.48  73 1014.4  24.7  25.9  20.1 99.0 99.00
2016 02 05 09 50  53  6.0  7.3  2.86 10.00  7.39  69 1014.7  24.6  25.9  19.7 99.0 99.00
2016 02 05 10 50  59  6.0  7.6  3.18 10.81  7.65  63 1015.1  24.7  25.9  20.1 99.0 99.00
2016 02 05 11 50  70  5.8  7.3  3.07 10.81  7.40  40 1015.4  24.9  25.9  19.5 99.0 99.00
2016 02 05 12 50  88  6.7  8.6  2.90  9.09  7.37  54 1015.9  25.1  25.9  19.4 99.0 99.00
2016 02 05 13 50  78  5.1  6.8  3.06 10.81  7.47  53 1016.7  25.0  25.9  20.0 99.0 99.00
2016 02 05 14 50  78  4.4  5.9  3.39 10.81  8.04  58 1017.2  25.2  26.0  19.6 99.0 99.00
2016 02 05 15 50  66  2.1  3.4  3.16 10.00  7.76  54 1016.9  25.2  26.1  18.5 99.0 99.00
2016 02 05 16 50 129  4.6  6.2  3.05 10.81  7.90  55 1016.3  24.2  26.2  19.8 99.0 99.00
2016 02 05 17 50   2  2.5  4.0  2.88 10.81  7.84  72 1015.7  24.3  26.3  20.0 99.0 99.00
2016 02 05 18 50 108  4.0  6.2  2.86 10.81  7.85  60 1015.2  22.8  26.4  19.5 99.0 99.00
2016 02 05 19 50  41  0.5  1.2  2.95 10.81  7.91  63 1014.7  24.8  26.4  19.3 99.0 99.00
2016 02 05 20 50  67  0.8  1.8  2.80 10.81  7.91  47 1014.9  25.3  26.4  18.8 99.0 99.00
2016 02 05 21 50  86  2.9  4.1  2.67 10.81  7.94  58 1015.4  25.1  26.3  20.0 99.0 99.00
2016 02 05 22 50 104  2.8  4.1  2.41 10.81  7.36  59 1015.9  24.9  26.3  20.0 99.0 99.00
2016 02 05 23 50 112  3.7  5.2  2.50 11.43  7.82  57 1016.3  25.0  26.2  20.0 99.0 99.00
2016 02 06 00 50 111  4.3  5.7  2.55 11.43  7.95  59 1017.0  25.2  26.2  19.8 99.0 99.00
2016 02 06 01 50 121  4.0  5.2  2.73 10.81  8.00  62 1017.4  25.2  26.2  20.2 99.0 99.00
2016 02 06 02 50 138  3.6  4.6  2.38 10.81  7.64  59 1017.5  25.3  26.2  19.4 99.0 99.00
2016 02 06 03 50 129  4.5  5.9  2.75 10.00  8.21  66 1017.2  25.3  26.2  19.6 99.0 99.00
2016 02 06 04 50 135  4.4  5.7  2.27 10.81  7.67  62 1016.7  25.2  26.2  19.5 99.0 99.00
2016 02 06 05 50 142  4.0  4.8  2.41 10.00  7.78  63 1016.5  25.2  26.2  19.2 99.0 99.00
2016 02 06 06 50 148  3.8  4.9  2.42 10.81  7.73  57 1016.3  25.2  26.2  19.5 99.0 99.00
2016 02 06 07 50 135  3.9  5.6  2.39 10.00  7.58  66 1016.3  25.1  26.2  19.4 99.0 99.00
2016 02 06 08 50 135  4.0  5.0  2.79 10.00  8.15  55 1016.2  25.2  26.2  19.5 99.0 99.00
2016 02 06 09 50 134  3.5  4.4  2.39 10.00  7.69  66 1016.6  25.2  26.1  19.2 99.0 99.00
2016 02 06 10 50 126  3.7  4.7  2.40 10.00  7.68  69 1017.2  25.2  26.1  19.7 99.0 99.00
2016 02 06 11 50 127  4.4  5.4  2.32 10.00  7.64  61 1017.7  25.4  26.1  19.4 99.0 99.00
2016 02 06 12 50 119  4.9  5.8  1.98 10.00  7.25  67 1018.2  25.7  26.1  19.3 99.0 99.00
2016 02 06 13 50 116  4.8  6.0  2.28 10.00  7.67  57 1019.0  25.6  26.1  19.8 99.0 99.00
2016 02 06 14 50 134  4.2  5.2  2.24 10.81  7.58  60 1019.4  25.8  26.1  19.0 99.0 99.00
2016 02 06 15 50 132  4.8  6.0  2.31 10.00  7.46  59 1019.0  25.6  26.2  19.6 99.0 99.00
2016 02 06 16 50 118  6.1  7.3  2.12 10.81  7.61  62 1018.1  25.5  26.3  19.4 99.0 99.00
2016 02 06 17 50 123  5.9  7.5  2.15 10.81  7.48  63 1017.7  25.4  26.3  19.5 99.0 99.00
2016 02 06 18 50 126  4.5  5.8  1.97  9.09  7.10  49 1017.3  25.7  26.4  19.4 99.0 99.00
2016 02 06 19 50 119  4.9  6.3  2.06 10.00  7.49  60 1017.0  25.6  26.4  19.6 99.0 99.00
2016 02 06 20 50 127  4.7  5.8  2.11 10.00  7.64  60 1017.4  25.7  26.4  19.0 99.0 99.00
2016 02 06 21 50 122  4.8  6.3  1.95 10.00  7.39  57 1017.7  25.7  26.4  19.3 99.0 99.00
2016 02 06 22 50 121  4.7  6.1  1.97 10.00  7.41  69 1017.9  25.5  26.4  19.4 99.0 99.00
2016 02 06 23 50 120  5.2  6.2  1.86 10.00  7.17  77 1018.3  25.5  26.4  19.4 99.0 99.00
2016 02 07 00 50 125  5.2  6.0  1.97 10.00  7.43  59 1018.6  25.5  26.3  19.5 99.0 99.00
2016 02 07 01 50 125  5.9  7.2  1.91 10.00  7.33  61 1018.8  25.4  26.3  19.5 99.0 99.00
2016 02 07 02 50 128  6.2  7.3  1.85 10.00  7.22  60 1018.7  25.5  26.3  20.0 99.0 99.00
2016 02 07 03 50 133  7.4  8.8  2.08 10.00  7.25  73 1018.1  25.5  26.3  20.3 99.0 99.00
2016 02 07 04 50 130  6.4  7.9  2.03 10.00  7.05  64 1017.5  25.5  26.3  20.4 99.0 99.00
2016 02 07 05 50 129  7.4  9.3  1.96 10.00  6.89  67 1016.4  25.3  26.2  20.5 99.0 99.00
2016 02 07 06 50 138  7.1  8.5  1.98 10.00  6.79  57 1015.8  25.4  26.2  20.9 99.0 99.00
2016 02 07 07 50 138  6.9  8.4  2.00 10.81  6.85  60 1015.4  25.3  26.2  20.9 99.0 99.00
2016 02 07 08 50 160  6.3  8.3  2.19 10.81  7.07  88 1015.0  25.3  26.1  20.8 99.0 99.00
2016 02 07 09 50 166  8.6 10.2  2.19 10.00  6.78  90 1014.8  25.6  26.1  20.7 99.0 99.00
2016 02 07 10 50 172  8.2  9.7  2.36 10.00  7.00  75 1015.4  25.7  26.1  20.7 99.0 99.00
2016 02 07 11 50 166  7.1 10.0  2.61 10.00  7.29  93 1015.7  25.5  26.0  20.6 99.0 99.00
2016 02 07 12 50 164  8.6 11.0  2.62  9.09  7.20  49 1016.0  26.1  26.0  20.5 99.0 99.00
2016 02 07 13 50 167  8.8 11.5  2.67 10.00  7.13  61 1016.6  26.1  25.9  20.2 99.0 99.00
2016 02 07 14 50 177  7.2  9.1  2.58 10.00  6.99  51 1017.0  25.4  25.9  20.8 99.0 99.00
2016 02 07 15 50 172 10.0 12.1  2.72 10.00  7.01  67 1015.9  26.2  25.9  20.2 99.0 99.00
2016 02 07 16 50 175  9.6 12.3  2.49 10.00  6.48  66 1015.3  26.3  25.8  20.4 99.0 99.00
2016 02 07 17 50 188  9.7 11.3  2.48  9.09  6.58  60 1014.6  26.3  25.9  20.5 99.0 99.00
2016 02 07 18 50 195  8.9 11.0  2.72  9.09  6.68  80 1014.0  26.3  25.9  20.9 99.0 99.00
2016 02 07 19 50 199  9.4 11.3  2.75 10.00  7.07  88 1013.4  26.4  25.9  20.7 99.0 99.00
2016 02 07 20 50 198  9.3 11.3  2.25  9.09  6.07  64 1013.9  26.4  25.9  21.1 99.0 99.00
2016 02 07 21 50 205  8.2  9.8  2.37  9.09  6.42  82 1014.5  26.1  25.9  21.4 99.0 99.00
2016 02 07 22 50 200  9.0 10.8  2.30 10.00  6.41  85 1015.0  26.1  25.9  21.4 99.0 99.00
2016 02 07 23 50 197  8.8 10.6  2.49  9.09  6.45  76 1015.1  26.1  25.9  21.6 99.0 99.00
2016 02 08 00 50 198  9.1 11.0  2.45 10.00  6.51  63 1015.3  26.1  25.9  21.7 99.0 99.00
2016 02 08 01 50 198  9.4 11.7  2.33  9.09  6.24 104 1015.4  26.0  25.9  21.8 99.0 99.00
2016 02 08 02 50 197  9.4 11.0  2.30  9.09  5.96 106 1015.7  26.0  25.9  21.9 99.0 99.00
2016 02 08 03 50 193 10.0 11.7  2.32  9.09  6.03  88 1015.3  26.0  25.9  22.0 99.0 99.00
2016 02 08 04 50 201 10.1 11.7  2.26  9.09  5.95  99 1015.0  26.0  25.9  22.2 99.0 99.00
2016 02 08 05 50 203  9.6 11.3  2.38  9.09  5.96  91 1014.6  25.9  25.9  22.2 99.0 99.00
2016 02 08 06 50 213  8.7 10.4  2.39  9.09  5.97  74 1014.4  25.9  25.9  22.2 99.0 99.00
2016 02 08 07 50 217  7.7  9.0  2.21  9.09  5.77  90 1013.9  25.8  25.9  22.2 99.0 99.00
2016 02 08 08 50 219  7.9  9.5  2.22  9.09  5.92 112 1013.9  25.8  25.9  21.4 99.0 99.00
2016 02 08 09 50 219  8.0  9.5  2.14  8.33  5.97 110 1014.3  25.9  25.9  21.4 99.0 99.00
2016 02 08 10 50 296  6.7  8.4  2.00  9.09  5.85 108 1015.1  24.6  25.8  21.0 99.0 99.00
2016 02 08 11 50 290  6.8  8.8  1.93  9.09  5.73  98 1016.0  24.9  25.8  20.7 99.0 99.00
2016 02 08 12 50 300  6.6  7.9  1.90  8.33  5.67 106 1016.5  24.8  25.8  20.4 99.0 99.00
2016 02 08 13 50 301  6.3  7.7  1.98  8.33  5.92 105 1017.4  25.0  25.8  20.2 99.0 99.00
2016 02 08 15 50 296  5.7  7.1  1.73  9.09  5.68  81 1017.4  24.9  25.9  19.2 99.0 99.00
2016 02 08 16 50 306  4.9  6.1  2.00  8.33  6.29  73 1016.8  24.8  25.9  18.9 99.0 99.00
2016 02 08 17 50 304  5.1  6.6  2.26 10.81  6.74 324 1016.0  24.7  26.0  18.7 99.0 99.00
2016 02 08 18 50 308  5.4  7.2  2.67  8.33  7.31 315 1015.7  24.8  26.2  18.8 99.0 99.00
2016 02 08 19 50 321  5.3  6.7  2.82  9.09  7.44 293 1015.8  24.7  26.2  17.9 99.0 99.00
2016 02 08 20 50 304  4.5  6.3  2.71 10.00  7.47 306 1015.9  24.6  26.3  18.1 99.0 99.00
2016 02 08 21 50 334  4.5  5.8  3.05 10.00  7.98 304 1016.5  24.3  26.3  18.8 99.0 99.00
2016 02 08 22 50 338  3.3  4.8  3.40 12.12  8.70 308 1016.8  24.1  26.3  18.8 99.0 99.00
2016 02 08 23 50 339  2.2  3.8  3.27 12.12  8.30 306 1017.5  24.1  26.2  18.4 99.0 99.00
2016 02 09 00 50 342  2.6  4.1  3.16 10.81  8.42 296 1017.9  24.2  26.2  18.5 99.0 99.00
2016 02 09 01 50 315  1.0  2.8  3.67 12.12  9.15 311 1018.4  24.2  26.2  18.3 99.0 99.00
2016 02 09 02 50  91  1.4  3.1  3.55 11.43  9.15 306 1018.3  24.1  26.2  18.2 99.0 99.00
2016 02 09 03 50  81  3.2  4.7  4.22 12.12 10.13 310 1017.6  24.2  26.2  18.4 99.0 99.00
2016 02 09 04 50 101  2.6  4.5  4.33 13.79 10.41 307 1017.6  24.3  26.2  18.7 99.0 99.00
2016 02 09 05 50 128  2.1  4.5  4.23 14.81 10.06 318 1017.4  24.4  26.2  18.9 99.0 99.00
2016 02 09 06 50 145  3.3  6.7  3.95 13.79 10.22 309 1016.7  24.5  26.2  19.1 99.0 99.00
2016 02 09 07 50 162  3.7  6.1  4.07 12.12 10.12 305 1016.5  24.8  26.2  19.2 99.0 99.00
2016 02 09 08 50 168  4.1  6.7  3.97 13.79 10.00 318 1016.6  24.9  26.2  19.2 99.0 99.00
2016 02 09 09 50 175  3.9  5.7  4.01 13.79 10.21 302 1016.8  25.0  26.2  19.5 99.0 99.00
2016 02 09 10 50 154  5.5  8.0  4.80 13.79 10.63 316 1017.1  24.9  26.2  20.4 99.0 99.00
2016 02 09 11 50 163  4.9  6.9  4.20 13.79 10.11 314 1017.9  25.1  26.1  20.0 99.0 99.00
2016 02 09 12 50 159  6.4  9.0  4.28 13.79 10.20 316 1018.3  25.4  26.2  20.0 99.0 99.00
2016 02 09 13 50 167  6.3  9.0  3.31 12.90  9.37 321 1019.2  25.6  26.2  20.3 99.0 99.00
2016 02 09 14 50 172  5.8  7.6  3.56 12.90  9.27 316 1019.9  25.6  26.2  20.7 99.0 99.00
2016 02 09 15 50 178  5.4  7.2  3.49 12.90  9.05 309 1019.6  25.7  26.2  21.1 99.0 99.00
2016 02 09 16 50 169  6.2  7.6  3.27 12.90  9.08 327 1018.4  25.8  26.2  21.5 99.0 99.00
2016 02 09 17 50 227  4.4  6.8  3.07 12.90  8.82 323 1018.3  24.3  26.2  20.0 99.0 99.00
2016 02 09 18 50 221  3.3  4.8  3.10 13.79  8.34 330 1018.3  22.5  26.2  20.2 99.0 99.00
2016 02 09 19 50  50  0.4  1.4  3.05 11.43  8.46 318 1018.1  23.3  26.3  20.7 99.0 99.00
2016 02 09 20 50 211  1.5  2.4  2.80 12.90  8.46 328 1018.3  24.2  26.3  21.1 99.0 99.00
2016 02 09 21 50 203  4.2  5.4  2.78 12.90  8.11 325 1018.4  25.3  26.3  20.1 99.0 99.00
2016 02 09 22 50 185  3.1  4.8  2.65 12.12  7.68 335 1018.5  25.6  26.3  19.9 99.0 99.00
2016 02 09 23 50 174  2.2  3.6  2.41 10.81  7.33 330 1019.0  25.7  26.3  20.1 99.0 99.00
2016 02 10 00 50 161  2.4  3.4  2.60 12.12  7.73 325 1019.5  25.5  26.3  20.4 99.0 99.00
2016 02 10 01 50 142  1.9  3.6  2.50 12.12  7.87 340 1019.8  25.5  26.3  21.0 99.0 99.00
2016 02 10 02 50 154  3.2  4.3  2.37 12.12  7.69 333 1019.8  25.4  26.3  21.2 99.0 99.00
2016 02 10 03 50 147  4.7  5.8  2.53 12.12  8.15 346 1019.2  25.4  26.3  21.5 99.0 99.00
2016 02 10 04 50 152  4.0  5.3  2.44  9.09  7.83 298 1018.9  25.6  26.3  21.4 99.0 99.00
2016 02 10 05 50 169  3.8  5.0  2.38 10.81  7.75 325 1018.8  25.6  26.2  21.5 99.0 99.00
2016 02 10 06 50 171  4.0  5.3  2.35  8.33  7.89 329 1018.4  25.4  26.2  22.1 99.0 99.00
2016 02 10 07 50 175  4.5  5.6  2.42  9.09  7.89 341 1017.9  25.4  26.2  22.1 99.0 99.00
2016 02 10 08 50 187  4.1  5.5  2.57 10.00  7.81 320 1018.0  25.6  26.2  21.9 99.0 99.00
2016 02 10 09 50 190  4.3  5.7  2.44  9.09  7.52 334 1018.3  25.6  26.2  22.1 99.0 99.00
2016 02 10 10 50 324  5.1  6.5  2.41  8.33  7.49 341 1018.7  24.3  26.2  21.3 99.0 99.00
2016 02 10 11 50 340  4.4  5.5  2.50  8.33  7.33 333 1019.3  24.8  26.2  20.9 99.0 99.00
2016 02 10 12 50  52  3.1  4.4  2.49  9.09  7.35 324 1020.1  24.8  26.2  21.0 99.0 99.00
2016 02 10 13 50 160  3.5  5.3  2.52  8.33  7.58 305 1021.0  24.5  26.3  21.2 99.0 99.00
2016 02 10 14 50 141  4.0  5.4  2.53  8.33  7.64 314 1021.1  23.2  26.3  20.2 99.0 99.00
2016 02 10 15 50 147  1.7  3.1  2.77 12.90  8.93 318 1020.6  24.4  26.3  20.0 99.0 99.00
2016 02 10 16 50 171  3.4  5.1  3.09 12.12  9.20 316 1019.9  24.5  26.4  20.9 99.0 99.00
2016 02 10 17 50 232  2.1  3.3  3.05 11.43  8.79 310 1019.1  24.8  26.4  21.2 99.0 99.00
2016 02 10 18 50 233  1.5  2.3  3.13 10.81  8.93 308 1018.7  25.0  26.5  21.0 99.0 99.00
2016 02 10 19 50 185  2.4  3.8  3.21 10.81  9.35 310 1018.8  24.2  26.5  20.9 99.0 99.00
2016 02 10 20 50 251  5.6  7.0  2.92 12.12  8.73 319 1019.8  22.9  26.4  20.2 99.0 99.00
2016 02 10 21 50 212  6.4  8.1  3.06 11.43  8.89 310 1020.2  23.1  26.3  20.7 99.0 99.00
2016 02 10 22 50 191  4.8  6.4  3.11 11.43  8.75 313 1020.3  22.7  26.3  19.9 99.0 99.00
2016 02 10 23 50 303  1.7  2.9  2.97 10.81  8.64 310 1020.5  23.2  26.2  20.3 99.0 99.00
2016 02 11 00 50 336  4.1  5.7  2.70 10.00  8.43 316 1020.7  23.8  26.2  20.2 99.0 99.00
2016 02 11 01 50 326  6.1  8.1  2.75 11.43  8.81 312 1020.8  24.4  26.2  19.9 99.0 99.00
2016 02 11 02 50 333  8.9 10.7  2.52 11.43  8.11 310 1020.6  24.1  26.2  20.4 99.0 99.00
2016 02 11 03 50 335  7.3  8.7  2.69 10.81  8.29 301 1020.8  24.4  26.2  19.2 99.0 99.00
2016 02 11 04 50 341  7.5  9.4  2.43 10.81  7.80 290 1020.1  24.4  26.2  19.6 99.0 99.00
2016 02 11 05 50 342  6.3  7.5  2.37 11.43  7.66 303 1019.7  24.4  26.2  19.1 99.0 99.00
2016 02 11 06 50 341  6.3  8.0  2.41 10.81  7.90 315 1019.2  24.4  26.2  19.1 99.0 99.00
2016 02 11 07 50   2  6.3  7.5  2.60 10.81  7.91 311 1019.0  24.2  26.2  19.2 99.0 99.00
2016 02 11 08 50 347  6.2  7.7  2.42 10.81  7.73 312 1019.4  24.1  26.2  18.9 99.0 99.00
2016 02 11 09 50 345  6.1  7.5  2.51 10.81  7.79 309 1019.8  24.2  26.2  18.1 99.0 99.00
2016 02 11 10 50 354  6.3  8.2  2.72 10.81  8.13 301 1020.6  24.2  26.2  17.5 99.0 99.00
2016 02 11 11 50 349  6.6  8.7  2.78 10.81  8.09 305 1021.2  24.3  26.2  18.4 99.0 99.00
2016 02 11 12 50 354  6.5  8.3  2.71 11.43  7.80 316 1021.8  24.2  26.2  17.5 99.0 99.00
2016 02 11 13 50 359  6.4  8.0  2.61 11.43  7.83 319 1022.5  24.2  26.2  17.5 99.0 99.00
2016 02 11 14 50   5  6.4  7.8  2.54 10.81  7.66 292 1022.5  24.4  26.2  17.5 99.0 99.00
2016 02 11 15 50 352  6.2  7.7  2.52 10.81  7.65 301 1022.1  24.3  26.3  17.4 99.0 99.00
2016 02 11 16 50 351  6.9  8.9  2.54 10.00  7.77 307 1021.2  24.2  26.3  17.1 99.0 99.00
2016 02 11 17 50 358  6.4  8.1  2.77 10.81  8.06 306 1020.3  24.1  26.3  17.2 99.0 99.00
2016 02 11 18 50   2  5.9  7.5  2.88 10.81  7.93 313 1020.0  24.1  26.4  17.1 99.0 99.00
2016 02 11 19 50  11  6.8  8.9  2.75 10.81  7.99 305 1019.8  24.2  26.4  17.7 99.0 99.00
2016 02 11 20 50   5  7.2  8.8  2.63 10.81  7.65 301 1020.1  24.2  26.4  17.3 99.0 99.00
2016 02 11 21 50  11  7.6  9.3  2.61 10.00  7.56 295 1021.0  23.9  26.3  17.7 99.0 99.00
2016 02 11 22 50   5  8.2 10.1  2.83 12.12  7.55 320 1021.6  23.8  26.3  17.4 99.0 99.00
2016 02 11 23 50   6  8.0  9.8  2.92 12.12  7.45 322 1022.1  23.8  26.2  16.9 99.0 99.00
2016 02 12 00 50  18  7.1  8.9  2.59 11.43  7.20 329 1022.7  23.8  26.2  16.9 99.0 99.00
2016 02 12 01 50  25  6.7  8.1  2.91 12.12  7.68 318 1022.9  23.8  26.2  16.7 99.0 99.00
2016 02 12 02 50  21  7.1  8.7  2.61 10.81  7.51 311 1022.8  23.6  26.2  16.4 99.0 99.00
2016 02 12 03 50  34  7.8  9.6  2.39 10.81  6.92 304 1022.8  23.6  26.2  16.6 99.0 99.00
2016 02 12 04 50  32  7.9  9.7  2.75 11.43  7.57 315 1022.2  23.4  26.2  16.4 99.0 99.00
2016 02 12 05 50  34  7.9  9.7  2.70 11.43  7.63 325 1022.0  23.3  26.2  16.1 99.0 99.00
2016 02 12 06 50  32  8.1 10.1  2.66 10.81  7.41 326 1021.5  23.2  26.2  15.7 99.0 99.00
2016 02 12 07 50  40  7.8  9.6  2.89 11.43  7.69 317 1021.3  23.2  26.2  15.2 99.0 99.00
2016 02 12 08 50  37  8.1 10.5  2.92 11.43  7.62 319 1021.6  23.3  26.2  15.9 99.0 99.00
2016 02 12 09 50  34  8.4 10.5  2.68 10.81  7.48 320 1021.9  23.3  26.2  16.0 99.0 99.00
2016 02 12 10 50  42  8.9 10.9  2.78 10.81  7.26 322 1022.3  23.4  26.1  16.1 99.0 99.00
2016 02 12 11 50  48  9.2 11.0  2.68 10.81  7.19 319 1022.6  23.5  26.1  16.2 99.0 99.00
2016 02 12 12 50  45  9.4 11.9  2.63 10.81  6.84 314 1023.1  23.6  26.1  16.0 99.0 99.00
2016 02 12 13 50  53  9.6 11.9  2.34 11.43  6.48 318 1023.6  23.7  26.1  16.3 99.0 99.00
2016 02 12 14 50  56  9.3 11.3  2.51 10.00  6.67 319 1023.7  23.6  26.1  16.1 99.0 99.00
2016 02 12 15 50  58  8.4 11.0  2.24 10.00  6.26 310 1023.4  23.6  26.2  16.3 99.0 99.00
2016 02 12 16 50  59  9.0 11.0  2.39 10.00  6.34 321 1022.2  23.8  26.1  16.9 99.0 99.00
2016 02 12 17 50  58  9.1 10.9  2.22 10.00  6.18 330 1021.3  23.8  26.2  16.9 99.0 99.00
2016 02 12 18 50  60  8.4 10.1  2.34 10.00  6.37 296 1020.9  23.9  26.1  17.0 99.0 99.00
2016 02 12 19 50  61  9.7 11.4  2.28 10.00  6.42 310 1020.3  23.9  26.1  17.6 99.0 99.00
2016 02 12 20 50  61  9.2 11.2  2.44 10.00  6.37 316 1020.7  23.9  26.1  17.6 99.0 99.00
2016 02 12 21 50  76  9.8 11.5  2.43  9.09  6.21 321 1020.4  24.0  26.1  18.0 99.0 99.00
2016 02 12 22 50  80 10.8 13.0  2.39  9.09  5.96 348 1019.9  23.8  26.1  18.4 99.0 99.00
2016 02 12 23 50  90  9.5 11.7  2.39  9.09  5.95 360 1020.1  23.9  26.1  19.1 99.0 99.00
2016 02 13 00 50  96  9.2 11.5  2.41 10.00  6.22 341 1020.3  23.6  26.1  19.6 99.0 99.00
2016 02 13 01 50  99 10.1 11.9  2.17  9.09  6.06 326 1019.4  24.1  26.1  19.7 99.0 99.00
2016 02 13 02 50  96  7.1  8.5  2.29  9.09  6.26 102 1020.1  24.3  26.1  20.1 99.0 99.00
2016 02 13 03 50 117  5.6  6.9  2.27  9.09  6.17  32 1019.8  24.1  26.1  20.3 99.0 99.00
2016 02 13 04 50 138  5.3  6.7  2.03  9.09  6.20  43 1019.5  24.6  26.1  19.8 99.0 99.00
2016 02 13 05 50 135  5.7  7.0  2.10 10.00  6.39 328 1018.8  24.5  26.1  20.0 99.0 99.00
2016 02 13 06 50 143  5.6  7.4  2.07 10.00  6.42 336 1018.0  24.6  26.1  19.9 99.0 99.00
2016 02 13 07 50 139  4.2  5.5  2.15 10.00  6.80 328 1017.6  24.2  26.0  20.3 99.0 99.00
2016 02 13 08 50 144  4.6  5.9  2.02 10.00  6.52 353 1017.6  24.8  26.0  19.7 99.0 99.00
2016 02 13 09 50 130  5.2  6.5  2.01 10.00  6.59 328 1017.6  24.8  26.0  20.2 99.0 99.00
2016 02 13 10 50 153  4.0  5.3  2.09  9.09  6.77 340 1018.4  25.1  26.1  19.6 99.0 99.00
2016 02 13 11 50 135  3.7  4.7  1.79  8.33  6.43 330 1019.0  25.2  26.1  20.0 99.0 99.00
2016 02 13 12 50 142  4.6  6.1  1.94 10.00  6.74 338 1018.9  25.7  26.1  19.5 99.0 99.00
2016 02 13 13 50 140  4.8  6.1  1.91  9.09  6.54 359 1019.3  25.6  26.1  19.7 99.0 99.00
2016 02 13 14 50 119  4.1  5.5  1.87  9.09  6.59 352 1019.4  25.6  26.1  19.9 99.0 99.00
2016 02 13 15 50 336  7.0 10.4  1.93  9.09  6.66   5 1019.7  21.6  26.0  18.7 99.0 99.00
2016 02 13 16 50  51  6.0  7.2  1.80  9.09  6.62 334 1018.8  21.6  25.8  19.0 99.0 99.00
2016 02 13 17 50 110  4.8  7.1  1.61  9.09  6.69   5 1018.3  21.8  25.9  19.4 99.0 99.00
2016 02 13 18 50 144  3.4  5.9  1.77  9.09  7.15   6 1018.2  21.0  25.8  18.0 99.0 99.00
2016 02 13 19 50 342  3.2  4.1  1.62  8.33  7.14  11 1018.4  21.4  25.5  18.3 99.0 99.00
2016 02 13 20 50 126  2.2  4.3  1.67  9.09  7.22 357 1018.1  20.7  25.5  16.9 99.0 99.00
2016 02 13 21 50 111  6.0  7.5  1.65  9.09  7.10  13 1017.8  22.5  25.7  17.9 99.0 99.00
2016 02 13 22 50  66  4.9  6.3  1.60  9.09  7.03 352 1018.2  22.8  25.8  18.5 99.0 99.00
2016 02 13 23 50  49  5.9  7.0  1.52 10.81  6.83   6 1018.4  22.6  25.7  18.4 99.0 99.00
2016 02 14 00 50  83  5.0  6.3  1.50  8.33  6.64 340 1018.6  23.1  25.6  19.3 99.0 99.00
2016 02 14 01 50  93  3.1  4.2  1.64  8.33  6.92  18 1019.1  23.3  25.6  18.9 99.0 99.00
2016 02 14 02 50 128  0.8  1.6  1.61  8.33  6.42  42 1019.5  23.3  25.7  16.9 99.0 99.00
2016 02 14 03 50 135  1.0  1.9  1.63  9.09  6.46  62 1019.2  23.3  25.7  18.0 99.0 99.00
2016 02 14 04 50  76  2.3  3.1  1.54 10.00  6.54  21 1018.6  23.4  25.6  18.1 99.0 99.00
2016 02 14 05 50  95  1.9  3.1  1.43  9.09  6.47  68 1018.2  23.5  25.6  17.5 99.0 99.00
2016 02 14 06 50  41  0.7  1.5  1.37 10.00  6.63  36 1017.8  23.5  25.6  16.9 99.0 99.00
2016 02 14 07 50  12  2.5  3.5  1.41 10.00  6.59  33 1017.2  23.8  25.7  16.6 99.0 99.00
2016 02 14 08 50   7  2.4  3.6  1.52  9.09  6.65 113 1017.1  23.8  25.8  17.4 99.0 99.00
2016 02 14 09 50  10  3.3  4.2  1.49  9.09  6.66 100 1017.4  23.8  25.8  18.1 99.0 99.00
2016 02 14 10 50   5  2.7  3.7  1.43  9.09  6.78  89 1018.0  23.8  25.7  17.7 99.0 99.00
2016 02 14 11 50  26  2.9  6.3  1.27  9.09  6.46  62 1018.5  23.7  25.7  17.9 99.0 99.00
2016 02 14 12 50  20  3.8  4.9  1.38  9.09  6.60  82 1018.7  23.9  25.8  18.1 99.0 99.00
2016 02 14 13 50  33  5.5  7.6  1.37  9.09  6.32  94 1019.4  23.7  25.8  18.3 99.0 99.00
2016 02 14 14 50  82  4.1  4.9  1.41 10.00  6.50  12 1019.6  23.3  25.8  18.8 99.0 99.00
2016 02 14 15 50  55  4.6  5.7  1.36 10.81  6.21 340 1019.2  24.1  25.9  18.3 99.0 99.00
2016 02 14 16 50  17  5.9  7.2  1.56 10.00  6.47   1 1018.4  24.2  25.9  18.8 99.0 99.00
2016 02 14 17 50  19  7.2  8.4  1.64 10.00  6.31 349 1018.2  24.5  25.9  18.4 99.0 99.00
2016 02 14 18 50  30  9.3 11.0  1.72  9.09  6.02  22 1017.8  23.7  26.0  19.4 99.0 99.00
2016 02 14 19 50  24 10.8 13.0  1.92 10.00  5.85 351 1017.7  23.8  26.0  18.5 99.0 99.00
2016 02 14 20 50  33 10.2 12.2  1.99  9.09  5.58 360 1017.6  24.3  26.0  17.8 99.0 99.00
2016 02 14 21 50  32 10.8 13.2  2.06  9.09  5.70   8 1018.0  24.3  25.9  17.9 99.0 99.00
2016 02 14 22 50  41 10.5 12.5  2.00  9.09  5.58  20 1018.8  24.3  25.9  18.0 99.0 99.00
2016 02 14 23 50  52 11.0 13.2  2.11  5.88  5.44  28 1019.3  24.3  26.0  17.7 99.0 99.00
2016 02 15 00 50  56 10.5 12.5  2.21  5.88  5.51  21 1019.8  24.4  26.0  17.6 99.0 99.00
2016 02 15 01 50  51 10.7 13.0  2.24  5.88  5.60  28 1020.1  24.2  26.0  18.5 99.0 99.00
2016 02 15 02 50  49 11.6 13.7  2.13  6.25  5.56  26 1020.3  24.3  26.0  18.4 99.0 99.00
2016 02 15 03 50  49 12.3 13.9  2.45  6.67  5.64  31 1019.8  24.1  26.0  18.6 99.0 99.00
2016 02 15 04 50  51 11.4 14.0  2.53  6.25  5.73  37 1019.5  24.0  25.9  19.0 99.0 99.00
2016 02 15 05 50  57 11.7 13.3  2.79  7.14  6.03  26 1019.0  24.0  25.9  19.0 99.0 99.00
2016 02 15 06 50  48 11.2 13.3  2.68  7.69  5.99  17 1018.6  24.0  25.9  19.1 99.0 99.00
2016 02 15 07 50  31 11.7 14.8  2.85  7.69  6.17  26 1018.0  23.2  25.9  19.3 99.0 99.00
2016 02 15 08 50  39 12.2 14.7  3.36  7.69  6.53  28 1017.6  23.6  25.9  19.4 99.0 99.00
2016 02 15 09 50  53 12.6 15.1  3.17  8.33  6.49  16 1018.0  24.2  25.9  19.2 99.0 99.00
2016 02 15 10 50  54 13.7 15.8  3.32  9.09  6.76 358 1018.4  24.1  25.9  19.1 99.0 99.00
2016 02 15 11 50  61 13.7 16.9  3.70  8.33  6.86   5 1018.9  24.0  25.9  19.2 99.0 99.00
2016 02 15 12 50  64 13.0 16.1  3.89  9.09  7.04  13 1019.6  23.8  25.9  19.4 99.0 99.00
2016 02 15 13 50  65 13.3 15.9  4.54  8.33  7.51  25 1020.0  24.4  25.9  19.2 99.0 99.00
2016 02 15 14 50  62 12.9 17.0  4.15  9.09  7.34  25 1020.0  24.2  25.9  19.7 99.0 99.00
2016 02 15 15 50  62 13.4 16.7  4.04 10.00  7.18  13 1019.8  24.6  25.9  19.4 99.0 99.00
2016 02 15 16 50  60 11.6 15.2  4.08  8.33  7.18  39 1019.4  22.8  26.0  19.6 99.0 99.00
2016 02 15 17 50  68 13.4 16.5  4.00 10.00  7.29  22 1018.1  24.3  26.0  19.4 99.0 99.00
2016 02 15 18 50  64 14.0 16.6  4.20  9.09  7.36  40 1017.3  24.8  25.9  19.6 99.0 99.00
2016 02 15 19 50  64 13.5 17.7  4.36  9.09  7.47  33 1017.3  24.7  26.0  20.0 99.0 99.00
2016 02 15 20 50  70 12.6 17.2  3.81  8.33  7.16  50 1017.4  23.8  26.0  20.5 99.0 99.00
2016 02 15 21 50  71 11.9 14.7  3.80  9.09  7.11  42 1017.4  24.3  26.0  20.4 99.0 99.00
2016 02 15 22 50  75 11.6 14.6  4.00  9.09  7.46  61 1017.5  24.2  26.0  20.8 99.0 99.00
2016 02 15 23 50  90 11.5 15.0  3.80  9.09  7.47  48 1017.9  24.6  26.0  21.0 99.0 99.00
2016 02 16 00 50  95 10.1 13.0  4.05  9.09  7.30  50 1018.2  24.9  26.1  21.4 99.0 99.00
2016 02 16 01 50 114 10.9 13.0  3.68 10.00  7.32  61 1018.3  25.4  26.1  19.9 99.0 99.00
2016 02 16 02 50 107  9.1 11.2  3.52 10.00  7.17  51 1018.4  25.2  26.1  20.4 99.0 99.00
2016 02 16 03 50 105 10.2 12.8  3.33 10.00  7.21  40 1018.0  25.4  26.1  20.8 99.0 99.00
2016 02 16 04 50 110  9.2 11.3  3.39  9.09  7.17  31 1018.1  24.9  26.1  21.0 99.0 99.00
2016 02 16 05 50 106 11.4 13.5  3.50  9.09  7.22  49 1017.0  25.3  26.1  20.8 99.0 99.00
2016 02 16 06 50 111  8.9 11.2  3.36 11.43  7.14   7 1016.9  24.8  26.1  20.7 99.0 99.00
2016 02 16 07 50 107 10.5 12.2  3.28 10.81  7.18   5 1016.4  25.4  26.1  20.3 99.0 99.00
2016 02 16 08 50 110 11.2 12.9  3.23 10.81  6.85  20 1016.2  25.5  26.1  20.6 99.0 99.00
2016 02 16 09 50 118 11.2 15.8  3.17 10.81  6.84   6 1016.1  25.6  26.1  20.6 99.0 99.00
2016 02 16 10 50 113 11.7 17.5  3.28  8.33  6.78  56 1016.5  25.3  26.1  20.9 99.0 99.00
2016 02 16 11 50 117  9.5 11.1  3.42  9.09  6.99  63 1017.3  25.0  26.1  20.9 99.0 99.00
2016 02 16 12 50 116 11.2 13.5  3.26  9.09  7.02  57 1017.5  25.4  26.1  20.7 99.0 99.00
2016 02 16 13 50 118 10.3 12.3  3.24  8.33  6.95  57 1018.1  25.8  26.1  21.0 99.0 99.00
2016 02 16 14 50 126 11.5 13.5  3.03  7.69  6.68  76 1017.8  26.1  26.2  20.5 99.0 99.00
2016 02 16 15 50 128 11.9 14.0  3.38  8.33  6.89  72 1017.2  26.1  26.2  20.3 99.0 99.00
2016 02 16 16 50 130 11.2 13.8  3.26  9.09  6.72  58 1016.8  26.1  26.2  20.5 99.0 99.00
2016 02 16 17 50 115 10.4 12.3  3.27 10.00  6.78  81 1016.0  25.9  26.2  20.8 99.0 99.00
2016 02 16 18 50 123 10.9 13.8  3.20 10.00  6.77  91 1015.4  26.1  26.2  20.3 99.0 99.00
2016 02 16 19 50 127 10.1 12.0  3.32  9.09  6.91  68 1015.3  26.0  26.3  21.0 99.0 99.00
2016 02 16 20 50 130 10.1 12.4  2.94  9.09  6.59  90 1015.6  26.1  26.3  20.8 99.0 99.00
2016 02 16 21 50 132  9.4 12.1  3.30  9.09  7.05  79 1015.9  25.9  26.3  21.7 99.0 99.00
2016 02 16 22 50 127 10.6 12.5  3.18  9.09  6.76  73 1016.3  25.6  26.3  21.1 99.0 99.00
2016 02 16 23 50 128 10.4 12.2  3.28 10.00  7.00  79 1016.9  25.8  26.2  21.4 99.0 99.00
2016 02 17 00 50 134  9.6 11.5  2.95  9.09  6.68  84 1017.6  25.9  26.2  21.3 99.0 99.00
2016 02 17 01 50 136  9.0 11.0  3.23  8.33  7.03  85 1018.0  25.9  26.2  21.5 99.0 99.00
2016 02 17 02 50 135 10.1 12.2  3.02  9.09  6.91  84 1017.8  26.1  26.3  21.0 99.0 99.00
2016 02 17 03 50 141  9.9 11.6  3.11 10.00  6.94  74 1017.7  26.0  26.3  21.0 99.0 99.00
2016 02 17 04 50 132  9.7 11.2  2.99 10.00  6.79  79 1017.3  25.8  26.3  21.3 99.0 99.00
2016 02 17 05 50 133  8.0  9.6  2.93 10.00  6.87  76 1016.9  25.2  26.3  21.1 99.0 99.00
2016 02 17 06 50 140  9.5 11.2  2.88  9.09  6.97  98 1016.1  25.7  26.3  21.1 99.0 99.00
2016 02 17 07 50 133  8.4  9.7  2.88  8.33  6.79 104 1016.0  25.7  26.2  21.6 99.0 99.00
2016 02 17 08 50 134  8.6 10.4  2.68  9.09  6.92  78 1016.0  25.7  26.2  21.6 99.0 99.00
2016 02 17 09 50 136  8.9 10.6  3.20  9.09  7.27  92 1016.4  25.6  26.2  21.5 99.0 99.00
2016 02 17 10 50 140  8.0 10.0  2.91  9.09  6.85  82 1016.9  25.6  26.2  21.7 99.0 99.00
2016 02 17 11 50 138  8.5 10.4  2.89  9.09  6.92  83 1017.6  25.6  26.2  21.6 99.0 99.00
2016 02 17 12 50 137  8.4  9.6  2.72  9.09  6.75 107 1018.0  25.8  26.2  21.6 99.0 99.00
2016 02 17 13 50 143  8.1  9.9  2.81 10.81  6.92  80 1018.5  25.9  26.3  21.8 99.0 99.00
2016 02 17 14 50 139  7.3  8.8  2.78  9.09  6.91  92 1019.0  26.0  26.3  21.6 99.0 99.00
2016 02 17 15 50 148  7.0  8.1  2.80  9.09  6.90  82 1018.6  26.1  26.3  21.5 99.0 99.00
2016 02 17 16 50 145  6.5  8.1  2.83 10.00  7.11  86 1018.0  26.0  26.4  21.6 99.0 99.00
2016 02 17 17 50 142  6.2  7.7  2.84 10.00  7.16  96 1017.4  26.0  26.4  21.4 99.0 99.00
2016 02 17 18 50 140  5.8  6.9  2.92 10.00  7.46  87 1017.0  26.0  26.4  21.1 99.0 99.00
2016 02 17 19 50 144  5.4  6.5  2.73 10.00  7.33  81 1016.8  26.0  26.4  21.2 99.0 99.00
2016 02 17 20 50 136  6.2  7.5  2.77 10.00  7.53  92 1016.9  26.0  26.4  21.4 99.0 99.00
2016 02 17 21 50 130  5.8  7.3  2.58 10.00  7.13  73 1017.2  26.0  26.4  21.3 99.0 99.00
2016 02 17 22 50 141  5.1  6.6  2.89 10.00  7.73  90 1017.5  25.5  26.4  21.9 99.0 99.00
2016 02 17 23 50 139  5.6  6.5  2.86 10.00  7.82  97 1018.1  25.7  26.4  21.4 99.0 99.00
2016 02 18 00 50 143  4.5  5.8  2.81 10.00  7.49  96 1018.5  25.8  26.4  21.0 99.0 99.00
2016 02 18 01 50 142  5.6  6.6  2.97 10.00  7.85  94 1018.6  25.7  26.3  21.6 99.0 99.00
2016 02 18 02 50 147  5.3  6.4  2.67 10.00  7.52  88 1018.6  25.7  26.3  21.7 99.0 99.00
2016 02 18 03 50 148  5.4  6.7  2.73 10.00  7.61  86 1018.3  25.6  26.3  21.6 99.0 99.00
2016 02 18 04 50 144  6.8  8.1  2.47 10.00  7.41  73 1017.7  25.6  26.3  21.5 99.0 99.00
2016 02 18 05 50 149  6.9  8.5  2.47 10.00  7.06  88 1016.9  25.5  26.3  21.6 99.0 99.00
2016 02 18 06 50 158  5.7  6.9  2.38  9.09  6.91  91 1016.5  25.5  26.3  21.7 99.0 99.00
2016 02 18 07 50 158  5.7  6.6  2.27 10.00  6.95  74 1016.1  25.5  26.3  21.7 99.0 99.00
2016 02 18 08 50 155  6.1  7.0  2.41 10.00  7.24  81 1015.6  25.5  26.3  21.4 99.0 99.00
2016 02 18 09 50 158  6.4  7.4  2.28 10.00  7.04  84 1015.7  25.5  26.3  21.2 99.0 99.00
2016 02 18 10 50 175  4.7  5.6  2.43 10.00  7.30  91 1016.3  25.6  26.3  21.2 99.0 99.00
2016 02 18 11 50 175  4.8  5.7  1.97 10.00  7.03  77 1016.7  25.6  26.3  21.1 99.0 99.00
2016 02 18 12 50 182  5.1  6.1  2.19 10.00  7.26  71 1017.1  26.0  26.3  21.4 99.0 99.00
2016 02 18 13 50 194  7.4  8.7  2.13  9.09  7.08  78 1017.7  25.1  26.4  20.3 99.0 99.00
2016 02 18 14 50 247  5.6  6.9  1.92 10.00  6.73  85 1017.9  25.7  26.4  21.2 99.0 99.00
2016 02 18 15 50 236  5.5  7.1  2.24  9.09  7.55  87 1017.3  25.2  26.5  21.3 99.0 99.00
2016 02 18 16 50 281  6.1  7.5  2.02 10.81  7.35 102 1016.7  25.6  26.5  21.6 99.0 99.00
2016 02 18 17 50 296  7.0  8.9  2.03 10.00  7.09  79 1015.9  25.5  26.5  21.4 99.0 99.00
2016 02 18 18 50 339 10.0 11.9  1.88 10.00  6.59  84 1015.2  24.8  26.4  21.3 99.0 99.00
2016 02 18 19 50 348  9.2 11.6  1.98  9.09  6.37  84 1015.1  25.0  26.4  21.2 99.0 99.00
2016 02 18 20 50  17 10.7 12.8  2.00 10.00  6.06  84 1015.5  24.0  26.4  20.5 99.0 99.00
2016 02 18 21 50  22 10.6 13.4  2.38 10.00  6.33  79 1016.0  24.2  26.3  20.1 99.0 99.00
2016 02 18 22 50  12 11.0 13.5  2.12  9.09  5.99  79 1016.6  23.1  26.3  19.8 99.0 99.00
2016 02 18 23 50  27  9.1 10.8  2.26  9.09  5.84  82 1017.0  24.2  26.3  20.2 99.0 99.00
2016 02 19 00 50  17 10.0 11.9  2.26 10.00  5.88  69 1017.6  24.7  26.3  19.2 99.0 99.00
2016 02 19 01 50  13  9.4 11.4  2.24  9.09  6.13  59 1017.8  24.5  26.2  19.0 99.0 99.00
2016 02 19 02 50  12  9.7 11.2  2.57  9.09  6.26  74 1018.0  24.3  26.2  18.5 99.0 99.00
2016 02 19 03 50  12 10.5 12.7  2.41 10.00  6.08  75 1018.2  24.2  26.2  18.3 99.0 99.00
2016 02 19 04 50   7 10.9 12.9  2.44  9.09  5.98  70 1018.0  23.9  26.2  17.7 99.0 99.00
2016 02 19 05 50  17  9.7 11.6  2.42  9.09  6.11  75 1018.0  23.5  26.2  16.7 99.0 99.00
2016 02 19 06 50  15 10.3 11.9  2.63  6.67  6.12  13 1017.6  23.3  26.2  15.7 99.0 99.00
2016 02 19 07 50  18 10.7 12.8  2.48  6.67  5.91   2 1017.4  23.3  26.1  14.8 99.0 99.00
2016 02 19 08 50  17 11.1 13.0  2.40 10.00  6.00  73 1017.5  23.3  26.1  14.7 99.0 99.00
2016 02 19 09 50  21 11.0 13.0  2.51  7.14  5.95  20 1018.0  23.3  26.1  13.7 99.0 99.00
2016 02 19 10 50  14 10.4 12.4  2.48  7.14  5.86 346 1018.4  23.4  26.1  14.1 99.0 99.00
2016 02 19 11 50  26  9.6 11.3  2.46  6.67  6.08 355 1019.4  23.6  26.1  13.3 99.0 99.00
2016 02 19 12 50  14 11.0 13.9  2.49  7.14  6.19 350 1020.2  23.3  26.1  15.5 99.0 99.00
2016 02 19 13 50  14 11.5 13.7  2.64  7.14  6.16 347 1020.9  23.4  26.1  14.3 99.0 99.00
2016 02 19 14 50  20  8.6 10.0  2.55  7.14  6.25   7 1021.4  23.7  26.2  13.2 99.0 99.00
2016 02 19 15 50  36 10.4 12.7  2.40  7.14  6.21 359 1021.1  23.4  26.2  14.9 99.0 99.00
2016 02 19 16 50  31 10.4 12.2  2.53 10.81  6.25  63 1020.5  23.3  26.2  14.4 99.0 99.00
2016 02 19 17 50  33 10.2 12.4  2.58  7.14  6.37   6 1019.8  23.4  26.2  14.3 99.0 99.00
2016 02 19 18 50  29 11.0 13.4  2.87  7.69  6.46 348 1019.2  23.1  26.2  15.6 99.0 99.00
2016 02 19 19 50  22 11.4 13.1  2.76  7.14  6.45  10 1019.0  23.1  26.2  15.7 99.0 99.00
2016 02 19 20 50  29 11.4 13.3  2.63  7.14  6.38 356 1018.9  23.0  26.2  15.6 99.0 99.00
2016 02 19 21 50  28 11.3 13.2  3.02  7.69  6.67   5 1019.3  22.8  26.1  14.9 99.0 99.00
2016 02 19 22 50  30 10.8 12.9  3.20  7.69  6.77   3 1019.8  22.8  26.1  15.2 99.0 99.00
2016 02 19 23 50  32 11.9 14.2  3.28  8.33  6.90   1 1020.0  22.5  26.1  14.9 99.0 99.00
2016 02 20 00 50  28 11.2 13.3  3.44  7.69  6.81   5 1020.8  22.6  26.1  14.5 99.0 99.00
2016 02 20 01 50  27 11.2 13.8  3.32  8.33  6.78 349 1021.2  22.5  26.1  13.8 99.0 99.00
2016 02 20 02 50  24 10.1 12.5  3.15  8.33  6.73  20 1021.6  22.4  26.1  12.6 99.0 99.00
2016 02 20 03 50  40 10.4 13.3  3.45  9.09  7.27   7 1021.4  22.4  26.1  13.3 99.0 99.00
2016 02 20 04 50  39  9.9 12.4  3.92 10.00  7.53  28 1021.0  22.2  26.0  13.0 99.0 99.00
2016 02 20 05 50  44 10.3 13.4  3.23 10.00  6.91 359 1020.5  22.1  26.0  13.9 99.0 99.00
2016 02 20 06 50  44 10.0 12.3  3.65 10.81  7.45   7 1019.9  22.2  26.0  11.8 99.0 99.00
2016 02 20 07 50  43  8.5 11.9  3.63 10.81  7.42  15 1019.6  22.0  26.0  12.1 99.0 99.00
2016 02 20 08 50  56  8.0 11.1  3.16 10.00  7.12  10 1019.7  21.2  26.0  14.7 99.0 99.00
2016 02 20 09 50  38  9.5 12.0  3.11  9.09  6.89  30 1019.7  22.0  26.0  12.8 99.0 99.00
2016 02 20 10 50  43  8.3 11.1  3.28 10.00  7.10  14 1020.6  22.2  26.0  11.5 99.0 99.00
2016 02 20 11 50  60 10.6 13.6  2.89 10.00  6.93   9 1021.2  21.3  26.0  13.6 99.0 99.00
2016 02 20 12 50  55  9.4 12.8  2.93 10.00  7.04  13 1022.2  21.5  26.0  14.0 99.0 99.00
2016 02 20 13 50  49 12.1 14.0  2.89 10.00  6.81  11 1022.7  21.3  26.0  14.8 99.0 99.00
2016 02 20 14 50  35  9.4 11.4  3.17 10.00  7.15   6 1023.2  21.5  26.0  14.8 99.0 99.00
2016 02 20 15 50  60 10.3 12.6  3.14 10.00  6.84  21 1022.5  22.0  26.1  13.9 99.0 99.00
2016 02 20 16 50  52  9.9 12.7  2.99 10.81  7.08  41 1022.0  22.4  26.1  13.8 99.0 99.00
2016 02 20 17 50  55  8.7 10.3  2.93 10.81  6.80  27 1021.5  22.9  26.1  13.4 99.0 99.00
2016 02 20 18 50  63  9.0 10.9  2.84 10.00  7.12   8 1020.7  22.6  26.1  14.4 99.0 99.00
2016 02 20 19 50  44  9.3 11.3  2.92 10.00  6.81  19 1020.3  22.4  26.1  15.2 99.0 99.00
2016 02 20 20 50  52  9.3 12.0  2.99 10.00  6.85 360 1020.3  22.7  26.1  15.1 99.0 99.00
2016 02 20 21 50  47  9.5 11.9  3.39  9.09  7.37  13 1020.2  22.5  26.1  15.1 99.0 99.00
2016 02 20 22 50  56  9.2 11.3  2.91  9.09  6.83  39 1020.3  22.4  26.1  14.6 99.0 99.00
2016 02 20 23 50  58 10.0 12.0  3.15 10.00  7.31   7 1020.4  22.9  26.1  13.5 99.0 99.00
2016 02 21 00 50  68  7.9 10.0  3.09 10.81  7.27  36 1021.1  22.8  26.1  13.1 99.0 99.00
2016 02 21 01 50  71  8.8 11.9  3.13 10.81  7.34  34 1021.2  23.1  26.1  13.4 99.0 99.00
2016 02 21 02 50  72  9.1 11.4  3.12 10.81  7.31  23 1021.3  23.2  26.1  13.8 99.0 99.00
2016 02 21 03 50  62  8.4 11.0  3.31 10.81  7.65  23 1021.2  23.1  26.1  13.8 99.0 99.00
2016 02 21 04 50  72  8.7 10.6  3.27 10.81  7.45  16 1020.6  23.4  26.1  13.2 99.0 99.00
2016 02 21 05 50  63  9.4 11.9  3.36 10.81  7.35  34 1020.1  23.4  26.1  14.5 99.0 99.00
2016 02 21 06 50  71  9.6 11.8  3.16 10.81  7.20  21 1019.2  23.2  26.0  14.1 99.0 99.00
2016 02 21 07 50  75  8.3 10.4  3.25 10.81  7.18  21 1018.6  23.2  26.0  12.5 99.0 99.00
2016 02 21 08 50  80  6.2  8.2  2.87 10.81  7.15  16 1018.7  23.2  26.0  11.4 99.0 99.00
2016 02 21 09 50  66  7.5  9.8  3.26 11.43  7.66  42 1018.4  23.0  26.0  13.7 99.0 99.00
2016 02 21 10 50  65  8.6 11.1  3.29 11.43  7.78  38 1018.7  23.3  26.0  12.7 99.0 99.00
2016 02 21 11 50  61  7.9 10.0  3.30 11.43  7.80  57 1019.2  23.4  26.0  12.3 99.0 99.00
2016 02 21 12 50  73  8.7 11.1  3.23 10.81  7.54  42 1019.7  22.8  26.0  14.9 99.0 99.00
2016 02 21 13 50  79 10.4 12.7  3.50 12.12  7.96  29 1019.9  23.2  26.0  15.6 99.0 99.00
2016 02 21 14 50  69  8.7 10.6  3.17 10.81  7.66  48 1020.4  23.6  26.0  13.7 99.0 99.00
2016 02 21 15 50  69  7.9 10.0  3.37 12.12  8.01  26 1020.1  23.8  26.0  13.4 99.0 99.00
2016 02 21 16 50  68  7.8  9.7  3.05 11.43  7.42  25 1019.7  23.4  26.0  14.3 99.0 99.00
2016 02 21 17 50  60  7.8  9.9  3.11 11.43  7.82  53 1018.8  23.5  26.1  14.4 99.0 99.00
2016 02 21 18 50  59  8.0 10.4  3.22 11.43  7.69  67 1017.9  23.6  26.1  13.4 99.0 99.00
2016 02 21 19 50  63  7.3  9.5  3.25 12.12  7.77  37 1017.7  23.7  26.1  12.8 99.0 99.00
2016 02 21 20 50  73  8.3 10.2  3.40 12.12  8.08  54 1017.6  23.6  26.1  14.9 99.0 99.00
2016 02 21 21 50  66  8.8 10.5  3.07 12.90  7.59  37 1017.5  23.8  26.1  14.3 99.0 99.00
2016 02 21 22 50  61  7.5  9.3  3.35 12.12  7.98  32 1017.7  23.4  26.0  14.7 99.0 99.00
2016 02 21 23 50  50  8.7 10.6  3.16 11.43  7.89  30 1018.2  23.4  26.0  15.3 99.0 99.00
2016 02 22 00 50  50  8.0 10.1  2.86 11.43  7.43  50 1018.4  23.3  26.0  16.4 99.0 99.00
2016 02 22 01 50  62  9.3 11.8  3.01 12.12  7.88  39 1018.4  23.5  26.0  15.5 99.0 99.00
2016 02 22 02 50  62  8.8 10.8  3.69 12.90  8.37  46 1018.5  23.6  26.0  15.2 99.0 99.00
2016 02 22 03 50  64  8.7 10.6  3.18 12.12  7.85  52 1018.3  23.5  26.0  15.5 99.0 99.00
2016 02 22 04 50  64  8.3 11.1  3.14 12.12  7.77  46 1018.0  23.3  26.0  16.4 99.0 99.00
2016 02 22 05 50  69  8.1 10.0  3.10 12.90  7.72  27 1017.0  23.6  26.0  15.8 99.0 99.00
2016 02 22 06 50  67  8.1  9.9  3.16 12.90  7.96  44 1016.3  23.2  26.0  16.7 99.0 99.00
2016 02 22 07 50  81  6.2  8.4  2.96 12.12  7.74  40 1015.8  23.2  26.0  16.1 99.0 99.00
2016 02 22 08 50  85  7.8  9.7  3.16 11.43  8.02  71 1015.4  23.4  26.0  16.7 99.0 99.00
2016 02 22 09 50  70  6.8  9.0  2.91 11.43  7.82  61 1015.7  23.6  26.0  16.7 99.0 99.00
2016 02 22 10 50  83  5.1  6.7  2.95 12.12  7.85  73 1016.4  23.8  26.0  15.9 99.0 99.00
2016 02 22 11 50  73  4.9  6.5  2.94 11.43  7.89  61 1017.2  23.5  26.0  17.0 99.0 99.00
2016 02 22 12 50  72  6.5  8.1  3.11 12.12  8.31  69 1017.8  23.9  26.0  16.7 99.0 99.00
2016 02 22 13 50  80  6.4  7.7  2.93 12.12  8.06  67 1018.2  24.1  26.0  16.2 99.0 99.00
2016 02 22 14 50  61  5.7  7.8  2.61 12.12  7.57  85 1018.5  23.9  26.1  16.7 99.0 99.00
2016 02 22 15 50  72  5.0  7.1  2.67 12.12  7.78  62 1018.6  24.1  26.1  16.0 99.0 99.00
2016 02 22 16 50  69  6.0  7.7  3.02 12.90  8.59  68 1017.8  24.1  26.2  16.4 99.0 99.00
2016 02 22 17 50  61  5.7  7.4  2.58 11.43  7.75  77 1016.9  24.3  26.2  16.2 99.0 99.00
2016 02 22 18 50  64  5.9  7.5  2.72 12.12  8.06  61 1016.3  24.1  26.2  16.9 99.0 99.00
2016 02 22 19 50  79  5.8  7.2  2.71 12.12  7.71  63 1015.8  24.4  26.2  16.6 99.0 99.00
2016 02 22 20 50  82  6.0  7.9  2.48 12.12  7.82  68 1015.8  24.4  26.2  16.9 99.0 99.00
2016 02 22 21 50  72  6.5  7.9  2.50 12.12  7.75  67 1015.8  24.6  26.2  16.9 99.0 99.00
2016 02 22 22 50  80  6.5  8.5  2.67 11.43  8.01  72 1016.1  24.3  26.1  17.0 99.0 99.00
2016 02 22 23 50  82  7.5  9.4  2.49 12.90  7.46  80 1016.4  24.3  26.1  17.2 99.0 99.00
2016 02 23 00 50  82  7.7  9.1  2.80 12.12  7.86  71 1016.7  24.4  26.1  17.3 99.0 99.00
2016 02 23 01 50  86  8.2 10.1  2.51 10.81  7.17  79 1016.5  24.4  26.0  17.6 99.0 99.00
2016 02 23 02 50  79  7.2  8.8  2.65 11.43  7.46  80 1017.2  24.4  26.0  17.4 99.0 99.00
2016 02 23 03 50  85  6.7  8.0  2.56 12.12  7.27  54 1017.5  24.4  26.0  17.2 99.0 99.00
2016 02 23 04 50  88  5.8  7.8  2.61 12.12  7.49  74 1017.8  24.4  26.0  16.7 99.0 99.00
2016 02 23 05 50  71  6.2  7.9  2.50 12.90  7.34  69 1017.6  24.4  26.1  17.3 99.0 99.00
2016 02 23 06 50  70  6.6  8.7  2.56 12.90  7.62  60 1017.1  24.3  26.1  17.8 99.0 99.00
2016 02 23 07 50  70  6.4  7.9  2.42 12.12  7.46  54 1016.5  24.3  26.1  17.5 99.0 99.00
2016 02 23 08 50  71  6.5  7.9  2.13 12.12  6.99  83 1016.4  24.2  26.1  17.9 99.0 99.00
2016 02 23 09 50  67  7.0  8.9  2.18 11.43  6.97  64 1016.2  24.3  26.1  18.4 99.0 99.00
2016 02 23 10 50  53  7.5  8.7  2.17 12.12  6.99  63 1017.0  24.2  26.1  18.8 99.0 99.00
2016 02 23 11 50  63  7.3  8.9  2.16 12.12  6.77  64 1017.3  24.6  26.1  19.1 99.0 99.00
2016 02 23 12 50  66  8.7 10.1  2.26 12.12  6.93  49 1018.0  24.7  26.1  18.8 99.0 99.00
2016 02 23 13 50  71  8.3  9.8  2.28 12.12  6.92  69 1018.6  25.0  26.1  19.4 99.0 99.00
2016 02 23 14 50  75  8.5 10.1  2.16 11.43  6.55  48 1018.8  24.9  26.1  19.7 99.0 99.00
2016 02 23 15 50  82  9.2 11.2  2.02 11.43  6.38  69 1018.4  24.8  26.1  20.3 99.0 99.00
2016 02 23 16 50  77  7.5  8.8  2.15 10.81  6.44  63 1018.1  24.3  26.1  20.2 99.0 99.00
2016 02 23 17 50  77  8.3 10.1  2.18 12.12  6.57  71 1016.9  24.1  26.1  20.3 99.0 99.00
2016 02 23 18 50  80  8.5 10.3  2.33 12.12  6.57  78 1016.2  24.6  26.1  20.7 99.0 99.00
2016 02 23 19 50  87  7.9  9.5  2.31 11.43  6.63  70 1015.8  24.5  26.1  21.0 99.0 99.00
2016 02 23 20 50  93  5.5  6.8  2.14 11.43  6.54  63 1016.0  24.7  26.1  21.2 99.0 99.00
2016 02 23 21 50 128  6.0  7.2  2.19 11.43  6.96  72 1016.2  25.1  26.1  21.3 99.0 99.00
2016 02 23 22 50 142  6.6  8.0  2.06 11.43  6.86  58 1016.4  25.1  26.1  21.3 99.0 99.00
2016 02 23 23 50 144  6.4  7.4  1.92 10.00  6.42  76 1016.9  24.9  26.1  21.2 99.0 99.00
2016 02 24 00 50 131  7.0  8.2  2.21 11.43  6.69  63 1017.4  24.7  26.1  21.3 99.0 99.00
2016 02 24 01 50 134  6.4  7.3  2.15 12.12  7.19  76 1017.8  25.0  26.1  21.6 99.0 99.00
2016 02 24 02 50 124  7.1  8.4  1.82 12.12  6.58  84 1017.8  25.3  26.1  22.0 99.0 99.00
2016 02 24 03 50 138  7.5  9.2  1.86 11.43  6.52  74 1017.9  25.6  26.1  21.8 99.0 99.00
2016 02 24 04 50 138  7.6  8.9  2.06 11.43  6.81  80 1017.7  25.6  26.1  21.5 99.0 99.00
2016 02 24 05 50 132  7.6  9.2  1.84 11.43  6.33  75 1017.4  25.5  26.1  21.6 99.0 99.00
2016 02 24 06 50 131  8.0  9.4  1.88 12.12  6.30  78 1016.9  25.5  26.1  21.5 99.0 99.00
2016 02 24 07 50 133  7.9  9.4  1.85 11.43  6.35  84 1016.6  25.5  26.1  21.5 99.0 99.00
2016 02 24 08 50 134  7.7  9.0  1.87 10.81  6.15  84 1016.6  25.5  26.1  21.4 99.0 99.00
2016 02 24 09 50 134  7.9  8.9  1.80 12.12  6.16  77 1016.9  25.5  26.1  21.3 99.0 99.00
2016 02 24 10 50 133  7.8  9.4  1.87 12.12  6.27  81 1017.8  25.5  26.0  21.2 99.0 99.00
2016 02 24 11 50 140  8.6 10.1  1.94 11.43  6.25  67 1018.5  25.8  26.0  21.0 99.0 99.00
2016 02 24 12 50 138  8.1  9.5  1.81 11.43  6.00  81 1019.2  25.9  26.1  21.2 99.0 99.00
2016 02 24 13 50 139  8.6 10.1  1.84 10.81  5.87  78 1019.8  25.5  26.1  20.9 99.0 99.00
2016 02 24 14 50 144  7.8  9.4  1.76 10.81  5.87  78 1020.1  25.9  26.1  21.3 99.0 99.00
2016 02 24 15 50 148  8.0  9.2  1.77 10.81  5.84  72 1019.9  25.9  26.2  21.5 99.0 99.00
2016 02 24 16 50 146  7.6  9.1  1.79 10.81  5.68  73 1019.5  25.8  26.2  21.5 99.0 99.00
2016 02 24 17 50 149  7.4  8.9  1.69 10.00  5.84  84 1018.9  25.9  26.2  21.5 99.0 99.00
2016 02 24 18 50 153  7.0  8.0  1.73 10.81  5.96  70 1018.4  26.0  26.3  21.3 99.0 99.00
2016 02 24 19 50 145  6.4  7.5  1.59 11.43  5.90  77 1018.0  26.0  26.3  21.5 99.0 99.00
2016 02 24 20 50 148  6.4  7.3  1.58 11.43  6.01  88 1018.3  26.0  26.3  21.4 99.0 99.00
2016 02 24 21 50 143  5.8  7.0  1.72 10.81  6.24  82 1018.6  25.9  26.2  21.2 99.0 99.00
2016 02 24 22 50 137  6.4  7.9  1.58 10.81  6.20  85 1018.6  25.8  26.2  21.4 99.0 99.00
2016 02 24 23 50 131  6.3  7.5  1.59 10.81  6.33  95 1019.0  25.7  26.2  21.3 99.0 99.00
2016 02 25 00 50 128  7.1  8.3  1.55 10.81  6.18  59 1019.8  25.7  26.2  21.6 99.0 99.00
2016 02 25 01 50 132  6.4  7.7  1.76 10.00  6.55  79 1020.1  25.7  26.2  21.4 99.0 99.00
2016 02 25 02 50 129  6.6  7.8  1.57 10.00  6.01  93 1020.3  25.6  26.2  21.4 99.0 99.00
2016 02 25 03 50 125  7.0  8.2  1.48 10.81  5.87  90 1020.0  25.6  26.2  21.5 99.0 99.00
2016 02 25 04 50 128  7.8  9.2  1.46 10.00  5.75  78 1019.6  25.5  26.1  21.4 99.0 99.00
2016 02 25 05 50 121  8.6 10.2  1.53 10.81  5.85  82 1018.9  25.5  26.1  21.5 99.0 99.00
2016 02 25 06 50 125  8.8 10.7  1.45 10.00  5.41  82 1018.3  25.4  26.1  21.5 99.0 99.00
2016 02 25 07 50 136  8.4  9.8  1.53  9.09  5.33  86 1017.8  25.3  26.1  21.4 99.0 99.00
2016 02 25 08 50 134  8.4  9.9  1.53  6.25  5.30 129 1017.5  25.3  26.0  21.2 99.0 99.00
2016 02 25 09 50 145 10.0 11.4  1.52 10.00  5.41  80 1017.1  25.3  26.0  21.1 99.0 99.00
2016 02 25 10 50 139  9.4 10.6  1.66  5.88  5.26 126 1017.8  25.3  26.0  21.0 99.0 99.00
2016 02 25 11 50 144  8.5 10.0  1.57 10.00  5.21  66 1018.3  25.3  26.0  20.8 99.0 99.00
2016 02 25 12 50 143  8.9 10.9  1.61  9.09  5.24  85 1018.7  25.6  26.0  20.9 99.0 99.00
2016 02 25 13 50 140  9.1 11.1  1.58  6.25  5.15 114 1019.5  25.7  26.0  20.9 99.0 99.00
2016 02 25 14 50 140  9.0 10.8  1.73  6.25  5.33 128 1019.7  25.7  26.0  20.9 99.0 99.00
2016 02 25 15 50 143  8.6 10.4  1.67 10.00  5.31  72 1019.4  25.7  26.1  21.0 99.0 99.00
2016 02 25 16 50 147  8.5 10.2  1.58 10.00  5.36  84 1018.7  25.7  26.1  21.2 99.0 99.00
2016 02 25 17 50 153  8.6  9.8  1.62 10.00  5.51  73 1018.0  25.8  26.1  21.2 99.0 99.00
2016 02 25 18 50 172  7.0  8.3  1.48 10.81  5.40  85 1018.1  25.9  26.2  21.0 99.0 99.00
2016 02 25 19 50 166  6.1  7.5  1.57  6.25  5.42 122 1017.5  26.0  26.2  21.4 99.0 99.00
2016 02 25 20 50 174  5.3  6.2  1.58  6.25  5.48 146 1017.9  26.1  26.2  21.2 99.0 99.00
2016 02 25 21 50 170  5.3  6.2  1.50  6.25  5.59 111 1018.0  26.2  26.2  20.9 99.0 99.00
2016 02 25 22 50 160  5.6  6.5  1.46 10.00  5.58  75 1018.0  25.9  26.2  21.0 99.0 99.00
2016 02 25 23 50 155  4.8  5.7  1.51  6.25  5.72 123 1018.6  25.8  26.2  21.3 99.0 99.00
2016 02 26 00 50 158  4.5  5.4  1.65  5.88  5.75 141 1018.9  25.8  26.2  21.3 99.0 99.00
2016 02 26 01 50 139  5.1  6.0  1.61  5.56  5.77 148 1019.1  25.7  26.2  21.3 99.0 99.00
2016 02 26 02 50 135  5.4  6.3  1.51  9.09  5.78  87 1019.1  25.4  26.2  21.5 99.0 99.00
2016 02 26 03 50 142  5.4  6.4  1.51  6.25  5.71 113 1018.9  25.5  26.2  21.4 99.0 99.00
2016 02 26 04 50 147  5.9  7.1  1.48  6.67  5.78 111 1018.6  25.5  26.2  21.1 99.0 99.00
2016 02 26 05 50 152  6.0  7.2  1.34  9.09  5.77  87 1018.0  25.5  26.2  21.1 99.0 99.00
2016 02 26 06 50 153  5.9  7.2  1.35 10.00  5.79  74 1017.5  25.3  26.2  21.3 99.0 99.00
2016 02 26 07 50 154  5.6  6.5  1.38  6.67  5.77 114 1017.1  25.4  26.2  20.7 99.0 99.00
2016 02 26 08 50 156  5.8  6.7  1.42  6.67  5.64 111 1016.7  25.3  26.2  20.8 99.0 99.00
2016 02 26 09 50 159  5.6  6.6  1.33  6.25  5.57 129 1017.1  25.3  26.2  20.7 99.0 99.00
2016 02 26 10 50 157  6.0  6.9  1.35  6.67  5.42 111 1017.6  25.3  26.2  20.7 99.0 99.00
2016 02 26 11 50 161  6.3  8.6  1.36  7.69  5.59  85 1017.9  25.6  26.2  20.8 99.0 99.00
2016 02 26 12 50 165  6.4  8.0  1.37  8.33  5.69  78 1018.2  25.7  26.2  20.7 99.0 99.00
2016 02 26 13 50 165  5.9  6.9  1.30  7.14  5.49 106 1018.9  25.8  26.2  20.8 99.0 99.00
2016 02 26 14 50 167  5.9  7.2  1.40  7.14  5.55 104 1019.2  25.8  26.3  20.9 99.0 99.00
2016 02 26 15 50 176  6.2  7.7  1.37  9.09  5.53  85 1018.6  25.8  26.3  20.8 99.0 99.00
2016 02 26 16 50 181  6.4  7.5  1.30  6.67  5.35 106 1017.9  25.9  26.4  21.0 99.0 99.00
2016 02 26 17 50 191  7.0  8.0  1.34  9.09  5.47  98 1017.4  26.0  26.4  20.9 99.0 99.00
2016 02 26 18 50 190  6.2  7.5  1.37  7.14  5.47 112 1016.7  26.0  26.5  21.1 99.0 99.00
2016 02 26 19 50 191  6.4  7.7  1.31  6.67  5.22 114 1016.2  26.1  26.5  21.1 99.0 99.00
2016 02 26 20 50 205  8.4 10.4  1.32  7.14  5.29 133 1016.2  24.3  26.5  20.3 99.0 99.00
2016 02 26 21 50 220  6.2  7.2  1.31  8.33  5.64 101 1016.6  25.5  26.4  20.7 99.0 99.00
2016 02 26 22 50 249  5.6  6.6  1.40  7.69  5.57 129 1016.8  25.4  26.4  21.2 99.0 99.00
2016 02 26 23 50 313  7.3  8.6  1.37 10.81  5.72 286 1017.4  24.0  26.3  20.4 99.0 99.00
2016 02 27 00 50 305  6.7  8.0  1.48 10.81  5.60 307 1017.8  23.9  26.3  20.4 99.0 99.00
2016 02 27 01 50 337  5.8  7.0  1.65 10.81  6.20 309 1017.8  24.5  26.3  20.6 99.0 99.00
2016 02 27 02 50 351  5.9  7.2  1.76 10.00  6.34 314 1017.9  24.6  26.3  20.2 99.0 99.00
2016 02 27 03 50  17  3.8  5.2  1.80 10.00  6.40 307 1017.6  24.5  26.2  20.2 99.0 99.00
2016 02 27 04 50  10  4.3  5.9  2.04 10.00  7.00 316 1017.4  24.4  26.2  20.0 99.0 99.00
2016 02 27 05 50   8  4.3  5.3  1.90 10.00  6.72 318 1017.1  24.4  26.2  20.1 99.0 99.00
2016 02 27 06 50  19  6.7  7.7  1.71 10.00  6.65 304 1016.3  24.0  26.2  20.3 99.0 99.00
2016 02 27 07 50  11  8.3  9.6  1.75 10.00  6.30 329 1015.8  24.1  26.2  20.0 99.0 99.00
2016 02 27 08 50   9  7.9  9.2  1.75 10.00  5.92 316 1015.8  23.5  26.2  20.1 99.0 99.00
2016 02 27 09 50   4  8.1  9.0  1.85 10.00  5.89 320 1016.2  23.8  26.2  19.6 99.0 99.00
2016 02 27 10 50  10  8.1  9.5  1.83  8.33  5.76 113 1016.8  23.8  26.2  19.3 99.0 99.00
2016 02 27 11 50  19  8.2  9.6  1.99  9.09  6.06 329 1017.3  24.0  26.2  19.1 99.0 99.00
2016 02 27 12 50  20  8.0  9.4  1.84 10.00  5.86 336 1017.9  23.9  26.1  18.8 99.0 99.00
2016 02 27 13 50  33  7.9  8.9  1.93  9.09  5.84 302 1018.2  23.8  26.2  18.9 99.0 99.00
2016 02 27 14 50  26  7.9  9.0  2.00  9.09  6.13 343 1018.7  23.9  26.2  18.3 99.0 99.00
2016 02 27 15 50  29  7.9  9.1  1.96 10.00  6.03 331 1018.6  23.9  26.2  18.3 99.0 99.00
2016 02 27 16 50  38  7.8  9.5  1.97 10.00  5.91 328 1018.0  23.7  26.2  17.8 99.0 99.00
2016 02 27 17 50  39  7.7  9.2  1.97 10.00  5.97 333 1017.4  23.8  26.2  17.6 99.0 99.00
2016 02 27 18 50  33  6.9  8.2  1.94  9.09  5.97 332 1016.9  23.7  26.2  17.1 99.0 99.00
2016 02 27 19 50  47  5.9  7.3  1.93  9.09  6.22 329 1016.8  23.9  26.2  17.2 99.0 99.00
2016 02 27 20 50  51  5.6  6.9  1.77  9.09  6.22 341 1016.9  23.9  26.2  17.2 99.0 99.00
2016 02 27 21 50  49  5.9  7.0  1.72  9.09  6.14 329 1017.1  24.0  26.3  17.2 99.0 99.00
2016 02 27 22 50  54  4.8  6.4  1.81 10.00  6.21 332 1017.3  24.0  26.2  17.3 99.0 99.00
2016 02 27 23 50  41  5.0  6.4  1.73  9.09  6.31 315 1017.9  24.0  26.2  17.4 99.0 99.00
2016 02 28 00 50  56  5.1  6.2  1.74  9.09  6.26 329 1017.7  24.1  26.2  17.5 99.0 99.00
2016 02 28 01 50  48  4.4  5.8  1.70  8.33  6.34 303 1017.9  24.1  26.2  17.5 99.0 99.00
2016 02 28 02 50  43  4.9  5.9  1.71  8.33  6.51 357 1017.9  24.1  26.2  17.5 99.0 99.00
2016 02 28 03 50  59  4.1  5.1  1.79  7.69  6.55 345 1018.1  24.1  26.2  17.7 99.0 99.00
2016 02 28 04 50  60  4.5  5.6  1.66  9.09  6.59 323 1017.7  24.1  26.2  18.0 99.0 99.00
2016 02 28 05 50   1  6.0  8.6  1.76 10.00  7.02 340 1016.9  23.7  26.2  18.5 99.0 99.00
2016 02 28 06 50  13  6.5  8.2  1.90  9.09  6.64  16 1016.6  23.5  26.2  18.6 99.0 99.00
2016 02 28 07 50  30  6.7  7.9  1.98  9.09  6.80 345 1016.4  23.2  26.2  18.8 99.0 99.00
2016 02 28 08 50  10  8.2  9.5  1.88  9.09  6.52 336 1016.3  23.7  26.2  17.5 99.0 99.00
2016 02 28 09 50  15  7.7  9.3  1.79 10.00  6.18 340 1016.9  23.6  26.2  17.3 99.0 99.00
2016 02 28 10 50  16  8.0  9.8  1.80  9.09  6.12 330 1017.7  23.5  26.2  16.5 99.0 99.00
2016 02 28 11 50   6  7.7  9.5  2.01  9.09  6.31 326 1018.4  23.7  26.1  15.9 99.0 99.00
2016 02 28 12 50  15  8.6 11.6  1.65 10.00  5.55 327 1019.0  23.8  26.1  16.0 99.0 99.00
2016 02 28 13 50  18  9.1 11.2  1.81  9.09  5.62 333 1019.5  23.0  26.2  17.1 99.0 99.00
2016 02 28 14 50  19 10.5 13.0  1.87  9.09  5.52 344 1019.7  23.3  26.2  17.3 99.0 99.00
2016 02 28 15 50  32 11.0 14.0  2.09  9.09  5.65 336 1019.8  22.8  26.1  17.0 99.0 99.00
2016 02 28 16 50  16 11.8 13.8  2.14  9.09  5.60 344 1019.4  22.4  26.1  16.8 99.0 99.00
2016 02 28 17 50  28  9.5 11.2  2.31  8.33  5.62 356 1018.9  23.1  26.1  16.2 99.0 99.00
2016 02 28 18 50  34  9.7 11.7  2.25  6.67  5.61 349 1018.3  23.2  26.1  16.4 99.0 99.00
2016 02 28 19 50  39  9.7 11.2  2.25  8.33  5.65   7 1018.4  23.1  26.1  16.1 99.0 99.00
2016 02 28 20 50  43  9.7 11.7  2.00  6.67  5.44 350 1018.4  23.1  26.1  16.2 99.0 99.00
2016 02 28 21 50  50  9.2 11.1  2.06  6.25  5.60   3 1018.9  23.0  26.1  15.8 99.0 99.00
2016 02 28 22 50  65  8.7 10.8  2.15  8.33  5.72 347 1019.4  22.7  26.1  16.3 99.0 99.00
2016 02 28 23 50  64  9.7 11.8  1.98  6.25  5.49  25 1019.8  22.8  26.1  15.9 99.0 99.00
2016 02 29 00 50  51 11.0 12.9  1.91  8.33  5.49 351 1020.1  22.3  26.1  16.7 99.0 99.00
2016 02 29 01 50  63  9.7 11.7  2.13  6.25  5.58  32 1020.4  22.5  26.1  16.2 99.0 99.00
2016 02 29 02 50  64  9.5 11.2  2.11  6.67  5.65  16 1020.6  22.8  26.1  15.7 99.0 99.00
2016 02 29 03 50  62  9.0 11.2  1.96 10.00  5.74   6 1020.1  23.3  26.0  15.0 99.0 99.00
2016 02 29 04 50  60  8.8 10.6  2.05  6.67  5.69  12 1019.8  23.2  26.0  14.4 99.0 99.00
2016 02 29 05 50  63 10.4 12.4  2.28  6.67  5.91 351 1019.2  23.0  26.0  16.1 99.0 99.00
2016 02 29 06 50  67 10.0 11.8  2.13  7.14  5.75  29 1018.7  23.0  26.0  15.2 99.0 99.00
2016 02 29 07 50  65  9.6 11.5  2.12  7.14  5.77  30 1018.5  23.0  26.0  15.1 99.0 99.00
2016 02 29 08 50  67  9.3 11.2  2.13  6.67  5.72   3 1018.6  22.9  26.0  14.6 99.0 99.00
2016 02 29 09 50  71 10.0 12.1  1.98  8.33  5.82  46 1018.9  23.0  26.0  15.2 99.0 99.00
2016 02 29 10 50  74  9.2 10.9  2.09  7.14  5.70  56 1019.7  23.1  26.0  15.0 99.0 99.00
2016 02 29 11 50  79  8.7 11.0  2.15  7.14  5.83  16 1020.6  23.1  26.0  15.1 99.0 99.00
2016 02 29 12 50  67  9.3 11.6  2.11  6.25  5.71  45 1020.8  23.3  26.0  15.4 99.0 99.00
2016 02 29 13 50  75  9.4 11.3  2.02  6.25  5.61  52 1021.0  23.5  26.0  15.5 99.0 99.00
2016 02 29 14 50  78  8.4 10.2  2.06  7.14  5.73  20 1021.3  23.7  26.0  15.5 99.0 99.00
2016 02 29 15 50  84  7.9  9.8  1.97  7.14  5.73  65 1020.9  23.7  26.1  15.1 99.0 99.00
2016 02 29 16 50  77  8.3  9.9  1.83  6.67  5.64  52 1020.6  23.8  26.1  15.7 99.0 99.00
2016 02 29 17 50  81  8.2 10.4  1.90  6.67  5.67  52 1019.8  23.7  26.1  15.8 99.0 99.00
2016 02 29 18 50  90  8.8 10.4  1.92  7.14  5.71  53 1019.3  23.7  26.1  15.8 99.0 99.00
2016 02 29 19 50  86  8.0  9.5  1.99  6.25  5.85  47 1019.3  23.8  26.1  15.3 99.0 99.00
2016 02 29 20 50  82  7.2  8.8  1.72  8.33  5.46  60 1019.5  24.0  26.1  15.3 99.0 99.00
2016 02 29 21 50  82  7.2  8.6  1.78  9.09  5.76  46 1019.8  23.8  26.1  15.4 99.0 99.00
2016 02 29 22 50  82  8.0  9.4  1.74  8.33  5.66  68 1020.0  23.6  26.1  16.6 99.0 99.00
