#YY  MM DD hh mm WDIR WSPD GST  WVHT   DPD   APD MWD   PRES  ATMP  WTMP  DEWP  VIS  TIDE
#yr  mo dy hr mn degT m/s  m/s     m   sec   sec deg    hPa  degC  degC  degC  nmi    ft
2016 03 31 23 50 120  7.9  9.5  2.04  9.09  6.00  88 1020.5  25.6  25.6  19.6 99.0 99.00
2016 04 01 00 50 116  7.9  9.6  1.98  7.69  5.90 109 1020.9  25.4  25.6  20.1 99.0 99.00
2016 04 01 01 50 113  8.6 10.0  2.13  9.09  5.96  84 1021.0  25.5  25.6  19.9 99.0 99.00
2016 04 01 02 50 115  9.9 11.5  2.02 10.00  5.97  33 1020.8  25.4  25.6  20.0 99.0 99.00
2016 04 01 03 50 112  9.2 11.2  1.93  8.33  5.59  82 1020.9  25.4  25.6  19.9 99.0 99.00
2016 04 01 04 50 112  9.2 10.6  2.07  8.33  5.84  94 1020.7  25.4  25.6  19.4 99.0 99.00
2016 04 01 05 50 115  8.8 10.6  2.25  9.09  6.11  65 1020.0  25.3  25.5  19.8 99.0 99.00
2016 04 01 06 50 117  8.4 11.1  1.99  9.09  5.86  56 1019.2  25.3  25.5  19.6 99.0 99.00
2016 04 01 07 50 114  7.6  8.7  2.04  8.33  5.71  74 1019.1  25.2  25.5  19.3 99.0 99.00
2016 04 01 08 50 116  7.8  9.6  2.18  7.69  6.12  90 1019.3  25.2  25.5  19.6 99.0 99.00
2016 04 01 09 50 113  7.5 10.1  2.19  8.33  6.18  97 1019.9  25.2  25.5  19.9 99.0 99.00
2016 04 01 10 50 118  9.2 10.9  2.02  7.69  5.84 102 1020.3  25.2  25.5  19.7 99.0 99.00
2016 04 01 11 50 117  8.0  9.7  2.09  8.33  5.97  76 1020.8  25.4  25.5  19.8 99.0 99.00
2016 04 01 12 50 117  7.9  9.2  2.14  7.14  6.03  91 1021.2  25.3  25.5  20.0 99.0 99.00
2016 04 01 13 50 123  7.8  9.4  2.19  7.69  5.92  80 1021.3  25.5  25.6  20.1 99.0 99.00
2016 04 01 14 50 123  7.1  8.5  1.92  8.33  5.76  80 1021.3  25.4  25.6  19.9 99.0 99.00
2016 04 01 15 50 123  7.2  8.9  1.97  8.33  5.70  97 1020.9  25.4  25.7  19.9 99.0 99.00
2016 04 01 16 50 118  7.7  9.1  1.97  7.69  5.90  85 1020.4  25.3  25.7  19.9 99.0 99.00
2016 04 01 17 50 121  7.8  9.0  2.09  8.33  6.14 104 1019.8  25.5  25.7  19.6 99.0 99.00
2016 04 01 18 50 121  8.5 10.2  1.89  8.33  5.79  69 1019.2  25.5  25.7  19.6 99.0 99.00
2016 04 01 19 50 117  7.3  8.4  1.94  8.33  5.75  86 1018.8  25.3  25.7  19.6 99.0 99.00
2016 04 01 20 50 115  7.8  9.4  1.92  7.69  5.87 111 1018.5  25.5  25.7  19.5 99.0 99.00
2016 04 01 21 50 115  6.8  8.4  1.92  7.14  5.83  99 1018.6  25.6  25.7  19.9 99.0 99.00
2016 04 01 22 50 142  4.3  6.4  1.77  7.69  5.66  80 1018.9  23.9  25.7  19.7 99.0 99.00
2016 04 01 23 50 108  8.8 10.8  1.88  7.14  5.86 106 1018.9  25.4  25.6  20.2 99.0 99.00
2016 04 02 00 50 109  8.9 10.5  1.98  8.33  5.88  94 1019.3  25.3  25.6  20.0 99.0 99.00
2016 04 02 01 50 109  9.3 11.1  1.87  8.33  5.61  85 1019.9  25.3  25.5  19.9 99.0 99.00
2016 04 02 02 50 104  8.8 10.9  2.05  9.09  5.94  92 1020.2  25.0  25.5  20.5 99.0 99.00
2016 04 02 03 50 108  7.1  8.3  1.99  8.33  5.82 100 1020.4  25.1  25.5  20.4 99.0 99.00
2016 04 02 04 50 104  7.6  8.7  2.03  8.33  5.94  92 1019.5  25.0  25.5  20.4 99.0 99.00
2016 04 02 05 50 107  8.4  9.9  1.70  7.14  5.60 105 1018.4  25.2  25.5  20.0 99.0 99.00
2016 04 02 06 50 103  7.9  9.2  1.90  7.69  5.67 105 1017.8  25.0  25.5  19.9 99.0 99.00
2016 04 02 07 50 111  7.8  9.2  2.00  7.69  5.91 105 1017.1  25.0  25.5  20.2 99.0 99.00
2016 04 02 08 50 108  7.3  8.3  1.85  7.69  5.62  99 1017.1  25.0  25.5  20.5 99.0 99.00
2016 04 02 09 50 111  8.0  9.6  1.94  8.33  5.89 116 1017.0  25.0  25.5  20.3 99.0 99.00
2016 04 02 10 50 109  8.1  9.6  1.93  7.69  6.01 104 1017.9  25.1  25.5  20.6 99.0 99.00
2016 04 02 11 50 111  6.9  8.0  1.88  8.33  6.00 101 1018.5  25.4  25.5  20.6 99.0 99.00
2016 04 02 12 50 127  6.9  8.6  1.82  9.09  5.73  83 1018.9  25.5  25.5  20.5 99.0 99.00
2016 04 02 13 50 126  7.1  8.4  1.75  8.33  5.72  89 1019.0  25.6  25.5  20.5 99.0 99.00
2016 04 02 14 50 123  7.4  8.7  1.74  7.69  5.71  84 1018.9  25.4  25.6  20.9 99.0 99.00
2016 04 02 15 50 131  6.7  7.8  1.70  8.33  5.65  94 1018.6  25.3  25.6  20.9 99.0 99.00
2016 04 02 16 50 147  6.4  7.3  1.71  9.09  5.59 103 1018.2  25.6  25.7  21.0 99.0 99.00
2016 04 02 17 50 140  7.0  8.3  1.64  8.33  5.56 105 1017.2  25.4  25.7  20.9 99.0 99.00
2016 04 02 18 50 139  6.4  7.3  1.68  7.14  5.52  84 1016.7  25.3  25.8  21.5 99.0 99.00
2016 04 02 19 50 139  5.6  6.6  1.68  8.33  5.81  98 1016.2  25.4  25.8  21.2 99.0 99.00
2016 04 02 20 50 148  5.4  6.5  1.69  8.33  5.92  99 1016.2  25.6  25.9  21.1 99.0 99.00
2016 04 02 21 50 148  4.8  5.5  1.76  8.33  6.14 105 1016.6  25.6  25.9  21.3 99.0 99.00
2016 04 02 22 50 144  4.3  5.3  1.62  7.69  6.18 102 1017.2  25.5  25.8  21.6 99.0 99.00
2016 04 02 23 50 140  5.1  6.2  1.61  8.33  6.12 113 1017.6  25.6  25.8  21.6 99.0 99.00
2016 04 03 00 50 145  4.7  5.5  1.48  7.69  5.91 102 1018.2  25.6  25.7  21.7 99.0 99.00
2016 04 03 01 50 148  5.3  6.4  1.63  7.69  5.96 102 1018.7  25.6  25.7  21.5 99.0 99.00
2016 04 03 02 50 140  5.8  6.8  1.60  9.09  6.06  86 1018.7  25.5  25.7  21.6 99.0 99.00
2016 04 03 03 50 142  5.2  6.2  1.69  8.33  6.08  91 1018.2  25.4  25.7  21.7 99.0 99.00
2016 04 03 04 50 145  6.4  7.5  1.70  8.33  6.10  94 1017.6  25.4  25.7  21.5 99.0 99.00
2016 04 03 05 50 146  5.8  7.0  1.64  8.33  6.04 106 1017.0  25.3  25.6  21.4 99.0 99.00
2016 04 03 06 50 149  6.6  7.9  1.44  9.09  5.64  88 1016.2  25.3  25.6  21.4 99.0 99.00
2016 04 03 07 50 150  6.7  7.8  1.50  8.33  5.93  90 1015.7  25.3  25.6  21.3 99.0 99.00
2016 04 03 08 50 153  6.9  8.0  1.60  8.33  5.77 102 1015.6  25.3  25.6  21.4 99.0 99.00
2016 04 03 09 50 155  6.7  8.5  1.55  8.33  5.97 109 1015.8  25.3  25.6  21.5 99.0 99.00
2016 04 03 10 50 154  6.6  8.1  1.51  8.33  5.79  98 1016.5  25.4  25.6  21.4 99.0 99.00
2016 04 03 11 50 161  5.7  7.1  1.59  8.33  5.78  95 1017.2  25.6  25.6  21.5 99.0 99.00
2016 04 03 12 50 159  6.6  7.7  1.48  8.33  5.68  95 1017.6  25.7  25.6  21.5 99.0 99.00
2016 04 03 13 50 167  6.2  7.2  1.63  8.33  6.01 105 1017.9  25.7  25.7  21.6 99.0 99.00
2016 04 03 14 50 170  6.4  7.4  1.64  8.33  5.88  97 1017.8  25.7  25.7  21.5 99.0 99.00
2016 04 03 15 50 174  6.0  7.2  1.60  9.09  6.01 107 1017.6  25.7  25.8  21.6 99.0 99.00
2016 04 03 16 50 174  6.3  7.1  1.62  9.09  5.81 105 1017.1  25.8  25.9  21.7 99.0 99.00
2016 04 03 17 50 180  5.3  5.9  1.64  8.33  6.13  94 1016.8  25.9  26.0  21.7 99.0 99.00
2016 04 03 18 50 182  4.9  6.0  1.53  9.09  5.87 108 1016.4  25.9  26.0  21.7 99.0 99.00
2016 04 03 19 50 192  4.2  5.6  1.68  8.33  6.15 116 1016.5  25.8  26.1  22.1 99.0 99.00
2016 04 03 20 50 207  4.2  4.9  1.79  9.09  6.48 105 1016.7  26.2  26.1  21.8 99.0 99.00
2016 04 03 21 50 208  3.5  4.3  1.58  9.09  6.19 106 1017.1  26.2  26.1  21.7 99.0 99.00
2016 04 03 22 50 174  4.2  5.2  1.63  9.09  6.35 111 1017.6  25.4  26.0  21.7 99.0 99.00
2016 04 03 23 50 161  3.5  4.1  1.70  9.09  6.57 112 1018.1  25.4  26.0  22.0 99.0 99.00
2016 04 04 00 50 159  2.7  3.5  1.47  9.09  6.28  98 1018.8  25.5  25.9  22.1 99.0 99.00
2016 04 04 01 50 165  2.8  3.2  1.63  9.09  6.73  99 1019.3  25.5  25.9  22.0 99.0 99.00
2016 04 04 02 50 144  3.8  4.6  1.60  9.09  6.53 104 1019.2  25.3  25.9  21.8 99.0 99.00
2016 04 04 03 50 160  3.5  4.3  1.59  9.09  6.69 107 1019.2  25.2  25.8  22.0 99.0 99.00
2016 04 04 04 50 162  2.0  2.5  1.45  9.09  6.30 103 1018.9  25.3  25.8  21.5 99.0 99.00
2016 04 04 05 50 169  2.6  3.2  1.53  9.09  6.59 112 1018.2  25.2  25.8  21.7 99.0 99.00
2016 04 04 06 50 132  2.2  2.8  1.50  9.09  6.61  95 1017.6  25.2  25.8  21.8 99.0 99.00
2016 04 04 07 50 140  2.4  3.0  1.50  9.09  6.85 100 1017.2  24.4  25.8  20.9 99.0 99.00
2016 04 04 08 50 159  2.1  3.0  1.51  9.09  6.84 102 1017.2  24.6  25.8  21.1 99.0 99.00
2016 04 04 09 50 134  3.8  5.0  1.44  9.09  6.77 101 1017.6  25.2  25.8  21.6 99.0 99.00
2016 04 04 10 50 155  4.0  4.7  1.50  9.09  7.06 103 1018.1  25.2  25.8  21.6 99.0 99.00
2016 04 04 11 50 141  4.8  5.6  1.54  9.09  7.15 105 1018.7  25.4  25.8  21.4 99.0 99.00
2016 04 04 12 50 155  4.8  5.6  1.45  9.09  6.84 104 1019.3  25.5  25.8  21.1 99.0 99.00
2016 04 04 13 50 154  5.3  6.2  1.55  9.09  6.65 107 1019.6  25.7  25.8  20.9 99.0 99.00
2016 04 04 14 50 161  4.7  5.6  1.43  9.09  6.58 107 1019.7  25.7  25.9  20.8 99.0 99.00
2016 04 04 15 50 164  4.4  5.3  1.40  9.09  6.26 101 1019.5  25.8  26.1  20.8 99.0 99.00
2016 04 04 16 50 171  4.8  5.7  1.40  9.09  6.52 108 1018.8  25.8  26.2  20.7 99.0 99.00
2016 04 04 17 50 179  4.7  5.6  1.44  9.09  6.33 108 1018.2  25.6  26.3  20.8 99.0 99.00
2016 04 04 18 50 170  5.6  6.4  1.37  9.09  6.47 106 1017.5  25.9  26.3  20.4 99.0 99.00
2016 04 04 19 50 165  5.9  6.7  1.46  9.09  6.55  96 1016.7  25.8  26.3  20.5 99.0 99.00
2016 04 04 20 50 170  5.4  6.3  1.49  9.09  6.60 100 1016.3  25.9  26.3  20.4 99.0 99.00
2016 04 04 21 50 166  5.4  6.5  1.27 10.00  6.27  93 1015.9  25.9  26.2  20.3 99.0 99.00
2016 04 04 22 50 163  5.2  6.3  1.44  9.09  6.62 103 1016.4  25.6  26.2  20.7 99.0 99.00
2016 04 04 23 50 169  5.2  6.1  1.40 10.00  6.43 106 1016.8  25.7  26.1  20.9 99.0 99.00
2016 04 05 00 50 167  5.7  6.7  1.33  9.09  6.40  94 1017.5  25.5  26.1  21.2 99.0 99.00
2016 04 05 01 50 168  5.4  6.5  1.53 10.00  6.91  92 1018.1  25.6  26.0  20.9 99.0 99.00
2016 04 05 02 50 160  5.7  7.1  1.51  9.09  6.79  87 1018.1  25.6  26.0  20.9 99.0 99.00
2016 04 05 03 50 169  4.8  6.1  1.54 10.00  6.78  71 1018.1  25.5  25.9  20.5 99.0 99.00
2016 04 05 04 50 166  5.0  5.9  1.54  8.33  6.87  83 1017.4  25.4  25.9  20.6 99.0 99.00
2016 04 05 05 50 175  3.9  5.0  1.50 10.00  6.83  46 1016.7  25.3  25.9  20.5 99.0 99.00
2016 04 05 06 50 183  4.0  5.0  1.69 12.90  7.50   9 1016.1  25.2  25.9  20.3 99.0 99.00
2016 04 05 07 50 194  3.8  4.9  1.71  9.09  7.47  82 1015.7  25.2  25.8  20.5 99.0 99.00
2016 04 05 08 50 190  3.5  4.7  1.58 12.12  7.39 359 1015.7  25.2  25.8  20.4 99.0 99.00
2016 04 05 09 50 188  4.0  5.0  2.10 12.90  8.41 350 1016.0  25.2  25.8  20.6 99.0 99.00
2016 04 05 10 50 178  4.8  6.0  2.01 12.90  8.56   3 1016.1  25.2  25.8  20.7 99.0 99.00
2016 04 05 11 50 180  5.3  6.5  2.06 12.12  8.53 359 1016.6  25.5  25.8  20.9 99.0 99.00
2016 04 05 12 50 178  6.5  7.7  2.12 12.12  8.28   5 1016.7  25.4  25.8  20.9 99.0 99.00
2016 04 05 13 50 186  6.8  8.0  1.93 10.81  7.36 357 1016.9  25.6  25.9  20.6 99.0 99.00
2016 04 05 14 50 188  6.5  7.7  1.98 11.43  7.47 356 1016.8  25.5  25.9  20.8 99.0 99.00
2016 04 05 15 50 187  7.6  9.2  2.01 10.00  7.33  43 1016.2  25.6  26.0  20.5 99.0 99.00
2016 04 05 16 50 198  7.7  9.0  1.79 10.00  6.67   8 1015.4  25.6  26.0  20.7 99.0 99.00
2016 04 05 17 50 192  7.7  9.2  1.62 10.00  6.05  32 1014.6  25.8  26.0  21.0 99.0 99.00
2016 04 05 18 50 202  7.6  9.2  1.73 12.12  6.19  30 1014.3  25.8  26.1  21.0 99.0 99.00
2016 04 05 19 50 217  6.6  7.7  1.86  9.09  6.42  59 1014.4  26.0  26.1  21.0 99.0 99.00
2016 04 05 20 50 217  6.1  7.2  1.68 10.00  6.10  64 1014.2  26.1  26.1  21.3 99.0 99.00
2016 04 05 21 50 228  5.0  6.1  1.58  9.09  6.15  46 1014.6  26.0  26.1  21.3 99.0 99.00
2016 04 05 22 50 212  5.7  7.0  1.61  9.09  6.40  90 1014.3  25.8  26.1  21.5 99.0 99.00
2016 04 05 23 50 228  5.2  6.5  1.68  9.09  6.63  84 1014.7  25.8  26.0  21.7 99.0 99.00
2016 04 06 00 50 232  5.3  6.4  1.61 10.81  6.59  18 1014.9  25.9  26.0  21.5 99.0 99.00
2016 04 06 01 50 260  3.9  4.9  1.51 10.00  6.35  81 1015.7  25.8  26.0  21.7 99.0 99.00
2016 04 06 02 50 305  6.9  8.3  1.45 10.00  6.38  39 1015.7  25.4  25.9  21.3 99.0 99.00
2016 04 06 03 50 322  6.5  8.0  1.65  9.09  6.54  60 1015.5  24.9  25.9  20.5 99.0 99.00
2016 04 06 04 50 336  5.8  7.2  1.69 10.00  6.34  72 1015.4  24.9  25.9  20.1 99.0 99.00
2016 04 06 05 50  17  5.8  7.1  1.63 10.00  6.51  73 1014.4  25.0  25.9  20.6 99.0 99.00
2016 04 06 06 50  12  8.3 10.5  1.46  9.09  6.11  56 1014.2  24.6  25.8  20.6 99.0 99.00
2016 04 06 07 50  22  8.9 10.4  1.67 10.00  6.14  38 1014.2  24.6  25.8  20.0 99.0 99.00
2016 04 06 08 50  22  9.7 11.7  1.68 10.00  5.37  42 1014.7  24.6  25.8  19.6 99.0 99.00
2016 04 06 09 50  19 11.2 13.0  1.72 10.00  5.26  64 1015.4  24.3  25.8  18.5 99.0 99.00
2016 04 06 10 50  24 11.5 13.7  2.13 10.00  5.56  78 1015.9  24.0  25.7  17.3 99.0 99.00
2016 04 06 11 50  28 10.7 12.7  2.10  9.09  5.55  79 1016.9  24.0  25.7  17.0 99.0 99.00
2016 04 06 12 50  21 10.7 12.5  2.07  5.88  5.59 357 1017.2  24.0  25.7  16.8 99.0 99.00
2016 04 06 13 50  31 10.4 12.2  2.02  5.88  5.45   6 1018.0  23.9  25.7  16.2 99.0 99.00
2016 04 06 14 50  36 10.6 12.4  2.09  9.09  5.59  86 1018.4  24.0  25.7  16.1 99.0 99.00
2016 04 06 15 50  39 10.6 12.3  2.19  6.25  5.55 358 1018.3  23.9  25.7  16.0 99.0 99.00
2016 04 06 16 50  46 10.8 13.3  2.14  6.25  5.59  19 1017.8  24.1  25.7  16.2 99.0 99.00
2016 04 06 17 50  50 10.4 13.1  2.33  6.25  5.55  19 1017.4  24.2  25.7  16.6 99.0 99.00
2016 04 06 18 50  52 10.5 12.6  2.15  5.88  5.46  20 1016.9  24.4  25.7  16.4 99.0 99.00
2016 04 06 19 50  59  9.5 11.0  2.24  6.25  5.53  17 1016.8  24.6  25.6  16.6 99.0 99.00
2016 04 06 20 50  59  9.5 10.9  2.04 10.00  5.41  83 1016.8  24.7  25.6  16.3 99.0 99.00
2016 04 06 21 50  69  8.7 10.4  2.17  6.67  5.80   9 1017.2  24.8  25.7  16.5 99.0 99.00
2016 04 06 22 50  79  9.5 11.5  2.04 10.00  5.61  83 1016.9  24.5  25.7  16.5 99.0 99.00
2016 04 06 23 50  81 10.2 11.9  1.99  6.67  5.53  33 1017.0  24.5  25.7  17.2 99.0 99.00
2016 04 07 00 50  79 10.7 12.5  2.27  7.69  5.74  20 1017.3  24.5  25.7  17.4 99.0 99.00
2016 04 07 01 50  80 10.4 12.1  2.46  8.33  5.89  20 1017.8  24.5  25.6  17.3 99.0 99.00
2016 04 07 02 50  79  9.4 11.7  2.55  7.14  6.05  19 1018.2  24.5  25.6  16.9 99.0 99.00
2016 04 07 03 50  75  9.4 11.4  2.55  8.33  6.10 360 1017.9  24.4  25.6  17.7 99.0 99.00
2016 04 07 04 50  76  9.5 11.5  2.95  7.69  6.56   7 1017.5  24.3  25.6  18.0 99.0 99.00
2016 04 07 05 50  74  9.9 11.7  2.72  8.33  6.58   3 1017.0  24.0  25.6  17.9 99.0 99.00
2016 04 07 06 50  82  9.1 10.6  3.05  8.33  6.64 354 1016.1  24.0  25.6  17.9 99.0 99.00
2016 04 07 07 50  92  8.8 10.3  2.99  9.09  6.91 357 1015.6  24.3  25.5  17.4 99.0 99.00
2016 04 07 08 50  88  8.8 10.8  3.09  9.09  7.02 346 1015.6  24.3  25.5  17.2 99.0 99.00
2016 04 07 09 50  85  8.6 10.4  3.20 10.00  7.21   9 1016.1  24.2  25.5  17.1 99.0 99.00
2016 04 07 10 50  78  8.4  9.9  3.40  9.09  7.52   1 1016.9  24.1  25.5  17.6 99.0 99.00
2016 04 07 11 50  77  8.9 10.6  3.42  9.09  7.65 359 1017.4  24.4  25.6  17.8 99.0 99.00
2016 04 07 12 50  78  8.7 10.1  3.26 11.43  7.66 357 1018.1  24.3  25.6  18.2 99.0 99.00
2016 04 07 13 50  79  9.0 10.8  3.32 10.00  7.59 353 1018.3  24.5  25.6  18.5 99.0 99.00
2016 04 07 14 50  79  9.3 10.8  3.32 12.90  7.66   6 1018.2  24.5  25.6  18.6 99.0 99.00
2016 04 07 15 50  85  8.9 10.4  3.27 12.12  7.74 352 1017.8  24.6  25.7  18.9 99.0 99.00
2016 04 07 16 50  91  9.0 11.4  3.35 12.90  7.92   6 1016.7  24.6  25.7  19.7 99.0 99.00
2016 04 07 17 50  92  8.2  9.9  3.35 12.90  7.66   3 1016.4  24.4  25.7  20.0 99.0 99.00
2016 04 07 18 50  89  7.7  9.1  3.11 11.43  7.41   9 1016.1  24.6  25.7  19.9 99.0 99.00
2016 04 07 19 50  91  7.8  9.1  3.13 10.00  7.68  25 1015.3  24.7  25.7  20.1 99.0 99.00
2016 04 07 21 50  93  6.7  7.7  2.90 11.43  7.67  13 1015.5  24.9  25.8  20.3 99.0 99.00
2016 04 07 22 50  98  6.6  7.9  2.71 11.43  7.30  18 1015.7  24.8  25.7  20.6 99.0 99.00
2016 04 07 23 50 100  6.1  7.5  2.63 12.90  7.39  16 1016.0  24.8  25.7  20.4 99.0 99.00
2016 04 08 00 50 110  5.4  7.0  2.53 12.12  7.51  18 1016.5  24.9  25.7  20.4 99.0 99.00
2016 04 08 01 50 113  6.0  7.0  2.31 12.12  7.21  15 1016.6  24.9  25.7  20.3 99.0 99.00
2016 04 08 02 50 111  5.9  7.3  2.36 11.43  7.55   1 1016.6  25.0  25.6  20.4 99.0 99.00
2016 04 08 03 50 117  5.5  6.5  2.15  9.09  7.13  61 1016.4  25.0  25.6  20.2 99.0 99.00
2016 04 08 04 50 123  5.2  6.2  2.17 12.12  7.35  13 1015.9  24.9  25.6  20.1 99.0 99.00
2016 04 08 05 50 126  5.4  6.6  2.20 12.12  7.33  18 1015.3  25.0  25.6  20.1 99.0 99.00
2016 04 08 06 50 130  4.7  5.8  2.21 12.12  7.58  20 1014.7  25.0  25.6  20.1 99.0 99.00
2016 04 08 07 50 139  5.1  6.1  2.11 12.12  7.29  16 1014.5  25.0  25.6  20.3 99.0 99.00
2016 04 08 08 50 126  4.9  5.8  2.00 10.00  7.40  42 1014.6  25.1  25.6  20.2 99.0 99.00
2016 04 08 09 50 140  5.2  6.4  2.16 12.12  7.80  17 1015.0  25.2  25.6  20.3 99.0 99.00
2016 04 08 10 50 145  4.3  5.7  2.00 12.90  7.45  25 1015.5  25.4  25.6  20.2 99.0 99.00
2016 04 08 11 50 143  4.4  5.3  1.89 12.90  7.34  23 1016.1  25.7  25.6  20.1 99.0 99.00
2016 04 08 12 50 143  5.0  6.0  2.11 10.00  7.66  59 1016.5  25.7  25.7  20.6 99.0 99.00
2016 04 08 13 50 156  5.2  6.4  1.90 10.81  7.52  30 1016.9  25.7  25.7  20.6 99.0 99.00
2016 04 08 14 50 158  5.0  6.3  1.80 12.90  7.52  25 1017.2  25.7  25.8  20.6 99.0 99.00
2016 04 08 15 50 156  4.6  5.4  1.90 11.43  7.81  27 1017.1  25.8  26.0  20.6 99.0 99.00
2016 04 08 16 50 156  4.7  5.6  1.83 10.81  7.42  34 1016.7  25.8  26.1  20.7 99.0 99.00
2016 04 08 17 50 164  4.4  5.5  1.81 12.12  7.52  34 1016.2  25.9  26.2  20.7 99.0 99.00
2016 04 08 18 50 162  4.0  4.9  1.65 10.81  7.25  25 1015.8  25.9  26.2  20.9 99.0 99.00
2016 04 08 19 50 164  3.4  4.5  1.65 12.12  7.42  25 1015.3  26.0  26.3  20.9 99.0 99.00
2016 04 08 20 50 181  3.0  4.2  1.63 12.12  7.46  34 1015.5  26.1  26.3  20.8 99.0 99.00
2016 04 08 21 50 169  2.4  3.5  1.76 12.12  7.51  41 1015.7  26.1  26.3  20.9 99.0 99.00
2016 04 08 22 50 153  1.8  2.4  1.59 12.12  7.47  38 1016.1  25.8  26.2  21.0 99.0 99.00
2016 04 08 23 50 132  1.5  2.3  2.00 10.81  8.18  29 1016.4  25.7  26.2  21.1 99.0 99.00
2016 04 09 00 50 114  1.7  2.5  1.76 12.12  7.75  29 1016.8  25.7  26.1  21.2 99.0 99.00
2016 04 09 01 50 110  1.7  2.5  1.77 12.12  7.87  43 1017.4  25.6  26.0  21.3 99.0 99.00
2016 04 09 02 50 118  2.5  3.3  1.82 12.12  8.06  40 1017.5  25.6  25.9  21.5 99.0 99.00
2016 04 09 03 50 115  2.6  3.2  1.70 12.12  7.74  37 1017.2  25.6  25.9  21.6 99.0 99.00
2016 04 09 04 50 100  2.9  3.6  1.79 10.00  7.99  48 1016.8  25.4  25.9  21.7 99.0 99.00
2016 04 09 05 50 125  3.5  4.3  1.87 10.81  7.85  46 1016.2  25.5  25.8  21.5 99.0 99.00
2016 04 09 06 50 131  3.6  4.3  1.76 12.12  7.62  35 1015.5  25.5  25.8  21.7 99.0 99.00
2016 04 09 07 50 126  4.3  5.3  1.72 11.43  7.81  52 1015.2  25.2  25.9  21.5 99.0 99.00
2016 04 09 08 50 146  4.1  4.8  1.61 10.00  7.39  60 1015.3  25.4  25.8  21.6 99.0 99.00
2016 04 09 09 50 145  5.3  6.1  1.71 10.81  7.41  47 1015.5  25.4  25.8  21.3 99.0 99.00
2016 04 09 10 50 141  5.7  6.6  1.65 11.43  7.20  42 1015.9  25.6  25.8  21.5 99.0 99.00
2016 04 09 11 50 145  5.3  6.3  1.80  9.09  6.97  69 1016.2  25.7  25.8  21.2 99.0 99.00
2016 04 09 12 50 154  6.2  7.3  1.54 10.81  6.42  41 1016.5  25.9  25.8  21.3 99.0 99.00
2016 04 09 13 50 156  5.8  6.7  1.61  9.09  6.53  48 1016.9  26.0  25.9  21.4 99.0 99.00
2016 04 09 14 50 166  6.6  7.9  1.41 10.00  6.13  63 1017.0  26.0  25.9  21.7 99.0 99.00
2016 04 09 15 50 168  6.3  7.5  1.53  8.33  6.21  65 1017.0  26.1  26.0  21.4 99.0 99.00
2016 04 09 16 50 201  3.9  5.1  1.65  9.09  6.15  73 1016.8  24.9  26.0  20.8 99.0 99.00
2016 04 09 17 50 175  6.5  8.0  1.43  9.09  5.99  71 1016.1  26.2  26.0  21.7 99.0 99.00
2016 04 09 18 50 178  6.7  7.8  1.34  9.09  5.42  70 1015.6  26.1  26.1  21.4 99.0 99.00
2016 04 09 19 50 170  5.5  6.4  1.45  9.09  5.94  75 1015.2  26.1  26.1  21.9 99.0 99.00
2016 04 09 20 50 207  4.1  5.3  1.49  9.09  6.05  68 1015.2  26.1  26.1  21.7 99.0 99.00
2016 04 09 21 50 177  3.2  4.0  1.48 10.00  6.09  69 1015.5  24.8  26.1  20.3 99.0 99.00
2016 04 09 22 50 216  5.4 10.9  1.41  9.09  6.17  50 1015.8  25.8  26.1  21.3 99.0 99.00
2016 04 09 23 50 227  7.2  9.9  1.45  9.09  5.63  59 1016.3  23.4  26.0  20.7 99.0 99.00
2016 04 10 00 50 207  5.6  7.0  1.39  9.09  5.71  57 1016.7  24.1  25.9  20.8 99.0 99.00
2016 04 10 01 50 209  3.7  4.7  1.15 10.00  5.74  61 1016.8  25.0  25.8  21.2 99.0 99.00
2016 04 10 02 50 163  2.7  3.3  1.29  9.09  6.14  74 1017.0  25.5  25.8  20.7 99.0 99.00
2016 04 10 03 50 116  0.3  0.7  1.23  9.09  6.22  72 1017.1  25.1  25.8  21.1 99.0 99.00
2016 04 10 04 50  58  0.8  1.2  1.36  9.09  6.84  62 1016.7  25.1  25.8  21.0 99.0 99.00
2016 04 10 05 50  39  2.2  2.8  1.25  9.09  6.59  65 1016.4  25.1  25.8  21.3 99.0 99.00
2016 04 10 06 50 106  4.1  5.1  1.24  9.09  6.55  78 1015.8  23.5  25.8  20.8 99.0 99.00
2016 04 10 07 50  91  5.6  7.0  1.23  9.09  6.43  57 1016.0  23.5  25.8  21.1 99.0 99.00
2016 04 10 08 50  87  9.1 10.2  1.38  9.09  5.44  65 1015.9  23.3  25.7  20.9 99.0 99.00
2016 04 10 09 50 108  8.4  9.7  1.32  9.09  4.89  53 1016.1  23.0  25.7  20.6 99.0 99.00
2016 04 10 10 50 130  7.2  8.5  1.37  9.09  5.17  66 1016.8  23.7  25.7  20.7 99.0 99.00
2016 04 10 11 50 138  7.3  8.4  1.31  8.33  5.31  59 1017.3  24.4  25.7  19.6 99.0 99.00
2016 04 10 12 50 163  7.2  8.6  1.18  9.09  5.13  77 1017.7  24.1  25.7  19.9 99.0 99.00
2016 04 10 13 50 159  7.6  9.0  1.12  9.09  4.95  51 1018.1  24.2  25.7  19.8 99.0 99.00
2016 04 10 14 50 180  6.8  8.0  1.17  9.09  5.19  79 1018.6  24.1  25.7  19.7 99.0 99.00
2016 04 10 15 50 165  6.5  7.5  1.18  8.33  5.16  63 1018.7  24.5  25.7  19.0 99.0 99.00
2016 04 10 16 50 172  7.1  8.5  1.06  9.09  5.04  87 1018.5  24.5  25.8  19.1 99.0 99.00
2016 04 10 17 50 154  3.8  5.0  1.08  8.33  5.52  60 1018.5  24.1  25.8  18.7 99.0 99.00
2016 04 10 18 50 190  4.6  5.5  1.03 10.00  5.80  53 1017.8  24.5  25.9  18.7 99.0 99.00
2016 04 10 19 50 174  2.8  3.5  1.05  9.09  6.04  72 1017.7  24.2  25.9  19.3 99.0 99.00
2016 04 10 20 50  39  1.5  2.1  1.15  9.09  6.46  67 1018.2  24.7  25.9  19.1 99.0 99.00
2016 04 10 21 50  56  2.8  3.6  1.12  9.09  6.44  80 1018.8  24.5  25.9  19.7 99.0 99.00
2016 04 10 22 50  67  5.9  6.8  1.10  9.09  6.30  68 1018.7  24.4  25.9  20.2 99.0 99.00
2016 04 10 23 50  52  6.4  7.4  1.16  9.09  6.16  80 1019.1  24.0  25.9  20.2 99.0 99.00
2016 04 11 00 50  52  3.1  4.3  1.10  8.33  6.06  72 1019.0  24.0  25.8  20.0 99.0 99.00
2016 04 11 01 50  61  5.3  6.4  1.18  9.09  6.35  81 1018.7  23.9  25.8  19.8 99.0 99.00
2016 04 11 02 50  54  4.3  5.3  1.33  7.14  5.92 359 1019.2  24.0  25.8  19.9 99.0 99.00
2016 04 11 03 50  44  6.7  8.2  1.48  6.67  5.96 337 1019.1  23.8  25.7  20.3 99.0 99.00
2016 04 11 04 50  57  6.8  8.1  1.65  6.67  5.87 348 1018.9  24.1  25.7  20.4 99.0 99.00
2016 04 11 05 50  41  6.4  7.6  1.75  6.67  5.86 354 1018.7  24.1  25.7  20.2 99.0 99.00
2016 04 11 06 50  44  6.5  7.5  1.65  7.14  5.79 358 1018.0  24.1  25.7  20.6 99.0 99.00
2016 04 11 07 50  54  6.8  7.8  2.01  7.14  6.16 350 1017.4  24.4  25.7  20.3 99.0 99.00
2016 04 11 08 50  55  7.7  8.9  1.82  7.69  5.94 351 1016.9  24.5  25.7  20.3 99.0 99.00
2016 04 11 09 50  58  6.9  8.2  1.77  7.69  5.87 345 1017.7  24.6  25.7  20.7 99.0 99.00
2016 04 11 10 50  28  6.6  7.5  1.74  7.69  5.68   5 1018.1  24.4  25.7  20.8 99.0 99.00
2016 04 11 11 50  33  6.0  7.6  1.80  7.14  6.12   5 1018.4  24.6  25.7  20.9 99.0 99.00
2016 04 11 12 50  67  6.0  7.0  2.03  9.09  6.38   6 1018.3  24.8  25.7  20.7 99.0 99.00
2016 04 11 13 50  92  6.0  7.0  2.02  9.09  6.45 332 1018.7  25.0  25.7  20.8 99.0 99.00
2016 04 11 14 50 100  4.8  5.8  1.93  7.14  6.37 351 1019.4  24.8  25.7  20.5 99.0 99.00
2016 04 11 15 50 100  3.9  4.9  2.19  9.09  6.69 337 1019.0  24.7  25.7  19.6 99.0 99.00
2016 04 11 16 50  99  4.4  5.3  2.12  9.09  6.78 336 1018.0  24.6  25.8  19.9 99.0 99.00
2016 04 11 17 50  80  3.2  4.8  2.03  8.33  6.94 343 1018.2  24.6  25.9  19.8 99.0 99.00
2016 04 11 18 50  90  4.5  5.7  2.18  8.33  7.03 344 1017.5  24.7  26.1  19.8 99.0 99.00
2016 04 11 19 50  69  4.3  5.3  2.16  8.33  7.16  14 1017.1  25.0  26.2  20.2 99.0 99.00
2016 04 11 20 50  65  4.0  5.0  2.08  9.09  6.96 349 1016.9  24.9  26.3  20.3 99.0 99.00
2016 04 11 21 50  52  4.8  5.9  2.07  8.33  6.86   4 1017.0  24.8  26.3  21.0 99.0 99.00
2016 04 11 22 50  64  5.3  6.4  2.12  8.33  6.98   3 1017.1  24.9  26.3  20.2 99.0 99.00
2016 04 11 23 50  53  5.1  6.3  2.05  8.33  6.88   5 1017.4  24.8  26.3  20.0 99.0 99.00
2016 04 12 00 50  47  4.3  5.0  2.27  8.33  7.05 342 1017.7  24.8  26.3  20.2 99.0 99.00
2016 04 12 01 50  63  4.7  5.8  2.14  8.33  6.94   4 1017.6  24.8  26.3  20.3 99.0 99.00
2016 04 12 02 50  58  6.2  7.4  2.06  8.33  7.03  13 1017.6  24.7  26.3  20.8 99.0 99.00
2016 04 12 03 50  80  6.5  7.8  2.11  7.69  6.85 349 1017.4  24.9  26.4  20.0 99.0 99.00
2016 04 12 04 50  87  7.4  8.6  2.04 10.00  6.64 342 1016.5  24.7  26.4  19.9 99.0 99.00
2016 04 12 05 50  92  6.2  7.6  2.13  8.33  6.62 342 1016.2  24.7  26.3  19.8 99.0 99.00
2016 04 12 06 50  85  7.1  8.9  2.21  7.69  6.70 358 1015.8  24.8  26.3  19.9 99.0 99.00
2016 04 12 07 50  85  7.7  9.1  2.12  9.09  6.43   6 1015.9  24.8  26.3  19.8 99.0 99.00
2016 04 12 08 50  89  7.7 10.2  2.14 10.81  6.51 350 1016.1  24.9  26.3  20.0 99.0 99.00
2016 04 12 09 50  97  5.9  7.2  2.02  8.33  6.07  24 1016.5  24.8  26.3  20.1 99.0 99.00
2016 04 12 10 50 115  4.2  5.3  2.06  9.09  6.53  15 1016.6  24.8  26.3  19.9 99.0 99.00
2016 04 12 11 50 102  4.6  5.8  2.05  9.09  6.39  39 1017.2  25.2  26.4  19.7 99.0 99.00
2016 04 12 12 50  87  5.2  6.4  2.21  8.33  6.60  23 1017.5  25.0  26.4  19.8 99.0 99.00
2016 04 12 13 50  77  4.9  6.0  2.10  9.09  6.56  20 1017.7  25.1  26.4  19.9 99.0 99.00
2016 04 12 14 50  79  5.0  6.1  2.27  9.09  6.85   2 1017.3  25.0  26.5  19.5 99.0 99.00
2016 04 12 15 50  64  5.0  6.2  2.20  9.09  6.78  21 1017.4  25.1  26.6  19.6 99.0 99.00
2016 04 12 16 50  57  5.9  7.5  2.07  7.69  6.64  20 1017.1  25.1  26.6  19.5 99.0 99.00
2016 04 12 17 50  56  5.4  6.8  2.03  9.09  6.56  46 1016.6  25.1  26.7  19.4 99.0 99.00
2016 04 12 18 50  45  5.8  6.7  2.07  8.33  6.67  34 1015.7  25.1  26.7  19.4 99.0 99.00
2016 04 12 19 50  48  6.7  8.5  1.92  8.33  6.49  52 1015.3  25.2  26.8  19.8 99.0 99.00
2016 04 12 20 50  45  6.8  8.3  1.95 10.00  6.38   5 1015.4  25.3  26.7  19.7 99.0 99.00
2016 04 12 21 50  50  6.8  8.7  2.06  8.33  6.59  65 1015.6  25.2  26.7  19.5 99.0 99.00
2016 04 12 22 50  40  6.5  8.0  2.07  8.33  6.45  29 1016.2  25.0  26.6  19.5 99.0 99.00
2016 04 12 23 50  32  6.7  7.9  1.91  8.33  6.25  61 1016.3  24.9  26.5  18.9 99.0 99.00
2016 04 13 00 50  34  6.9  8.6  1.90  8.33  6.12  60 1016.6  24.8  26.5  19.3 99.0 99.00
2016 04 13 01 50  37  7.8  9.2  1.86  9.09  6.16  64 1016.6  24.8  26.5  19.6 99.0 99.00
2016 04 13 02 50  36  7.5  8.5  1.86  9.09  6.22  65 1016.6  24.7  26.4  19.2 99.0 99.00
2016 04 13 03 50  36  7.2  9.3  1.82  7.69  5.97  60 1016.5  24.8  26.4  19.6 99.0 99.00
2016 04 13 04 50  44  7.9  9.4  1.86  9.09  6.14  54 1015.6  24.6  26.4  19.1 99.0 99.00
2016 04 13 05 50  47  7.5  8.8  1.63  9.09  5.88  33 1014.7  24.6  26.4  19.2 99.0 99.00
2016 04 13 06 50  39  6.7  8.3  2.01  9.09  6.23  51 1014.6  24.5  26.4  19.4 99.0 99.00
2016 04 13 07 50  40  6.9  8.6  1.97  8.33  6.26  58 1014.3  24.4  26.4  19.3 99.0 99.00
2016 04 13 08 50  34  7.2  9.3  1.79  9.09  6.19  49 1014.4  24.4  26.4  18.9 99.0 99.00
2016 04 13 09 50  36  7.3  8.7  2.00  9.09  6.33  50 1014.8  24.4  26.3  18.9 99.0 99.00
2016 04 13 10 50  41  7.5  9.1  1.95  8.33  6.05  44 1015.4  24.6  26.3  18.6 99.0 99.00
2016 04 13 11 50  40  7.2  8.6  1.74  9.09  5.79  76 1015.9  24.7  26.4  18.6 99.0 99.00
2016 04 13 12 50  43  7.2 10.2  1.94  7.69  6.15  57 1016.2  24.8  26.4  18.7 99.0 99.00
2016 04 13 13 50  36  6.5  8.2  1.88  9.09  6.21  51 1016.6  24.8  26.4  18.8 99.0 99.00
2016 04 13 14 50  39  6.9  8.3  1.70  8.33  6.11  69 1016.4  24.8  26.5  18.7 99.0 99.00
2016 04 13 15 50  34  6.2  8.0  1.90  8.33  6.34  59 1016.3  24.9  26.5  19.0 99.0 99.00
2016 04 13 16 50  36  6.1  7.2  1.86  8.33  6.14  74 1015.9  24.9  26.5  18.6 99.0 99.00
2016 04 13 17 50  35  5.5  7.2  1.53  9.09  5.81  62 1015.2  24.9  26.6  18.8 99.0 99.00
2016 04 13 18 50  30  5.7  7.1  1.69  9.09  6.30  52 1014.4  24.9  26.7  19.3 99.0 99.00
2016 04 13 19 50  34  5.8  6.9  1.61  8.33  6.10  56 1014.0  25.0  26.7  18.9 99.0 99.00
2016 04 13 20 50  27  6.0  7.4  1.54  7.69  5.98  69 1013.8  25.0  26.7  19.2 99.0 99.00
2016 04 13 21 50  29  7.0  8.2  1.62  9.09  6.05  59 1013.4  25.0  26.7  19.3 99.0 99.00
2016 04 13 22 50  31  6.6  8.0  1.64  9.09  6.06  65 1013.8  24.9  26.6  19.5 99.0 99.00
2016 04 13 23 50  40  6.7  8.0  1.57  8.33  5.91  56 1014.2  24.8  26.5  19.5 99.0 99.00
2016 04 14 00 50  48  5.8  7.0  1.57  8.33  5.90  46 1014.5  24.7  26.5  18.8 99.0 99.00
2016 04 14 01 50  42  5.9  7.8  1.61  9.09  5.86  68 1014.6  24.7  26.5  19.4 99.0 99.00
2016 04 14 02 50  43  6.5  8.3  1.47  8.33  5.77  61 1014.4  24.7  26.4  19.3 99.0 99.00
2016 04 14 03 50  40  6.1  7.5  1.52  8.33  5.89  62 1014.5  24.7  26.4  18.9 99.0 99.00
2016 04 14 04 50  54  7.1  9.3  1.61  8.33  6.02  62 1014.4  24.2  26.4  18.8 99.0 99.00
2016 04 14 05 50  36  5.8  7.1  1.55  8.33  6.14  61 1014.0  24.6  26.4  18.9 99.0 99.00
2016 04 14 06 50  34  5.2  7.0  1.64  8.33  6.15  54 1013.6  24.5  26.4  19.1 99.0 99.00
2016 04 14 07 50  26  5.8  7.1  1.46  9.09  5.86  55 1013.3  24.5  26.4  18.8 99.0 99.00
2016 04 14 08 50  34  5.0  6.5  1.50  9.09  6.18  72 1013.5  24.4  26.4  18.6 99.0 99.00
2016 04 14 09 50  28  5.9  7.6  1.52  9.09  6.15  53 1013.7  24.4  26.4  18.6 99.0 99.00
2016 04 14 10 50  38  5.6  6.7  1.49  8.33  6.04  74 1014.2  24.5  26.4  18.4 99.0 99.00
2016 04 14 11 50  33  4.3  5.2  1.47  8.33  6.12  68 1014.9  24.7  26.4  18.5 99.0 99.00
2016 04 14 12 50  23  5.3  8.9  1.39  7.69  6.09  67 1015.2  24.4  26.4  18.7 99.0 99.00
2016 04 14 13 50  42  3.9  4.6  1.28  7.69  6.07  85 1015.6  24.9  26.4  18.4 99.0 99.00
2016 04 14 14 50  39  3.9  5.1  1.32  9.09  6.25  90 1015.6  24.8  26.5  18.7 99.0 99.00
2016 04 14 15 50  38  2.6  3.2  1.31  8.33  6.20  46 1015.2  24.8  26.7  18.4 99.0 99.00
2016 04 14 16 50  23  3.0  4.0  1.23  7.69  6.05  65 1014.9  24.8  26.9  18.4 99.0 99.00
2016 04 14 17 50  34  3.0  3.9  1.27  9.09  6.47  76 1014.3  24.9  27.2  18.2 99.0 99.00
2016 04 14 18 50  15  3.5  4.6  1.25  8.33  6.62  63 1013.7  24.9  27.3  18.0 99.0 99.00
2016 04 14 19 50  18  3.6  5.0  1.21  9.09  6.75  81 1013.6  25.1  27.2  17.6 99.0 99.00
2016 04 14 20 50  11  4.0  5.0  1.21  7.69  6.48  70 1013.5  25.1  27.0  18.1 99.0 99.00
2016 04 14 21 50  19  3.9  5.0  1.30  9.09  6.83  70 1013.7  25.1  26.7  18.2 99.0 99.00
2016 04 14 22 50  23  4.1  5.2  1.18  8.33  6.47  71 1013.9  24.9  26.4  18.5 99.0 99.00
2016 04 14 23 50  36  3.7  4.6  1.16  7.69  6.41  56 1014.2  24.8  26.2  18.0 99.0 99.00
2016 04 15 00 50  40  4.1  5.1  1.20  8.33  6.59  71 1014.6  24.9  26.1  18.2 99.0 99.00
2016 04 15 01 50  39  4.3  5.3  1.16  8.33  6.31  71 1014.9  24.8  26.0  18.2 99.0 99.00
2016 04 15 02 50  27  3.6  4.6  1.27  8.33  6.50  66 1015.0  24.7  26.0  18.2 99.0 99.00
2016 04 15 03 50  35  4.3  5.5  1.17  9.09  6.49  69 1014.7  24.7  25.9  18.4 99.0 99.00
2016 04 15 04 50  28  4.1  5.2  1.24  9.09  6.58  66 1014.3  24.5  25.9  18.7 99.0 99.00
2016 04 15 05 50  32  4.1  5.1  1.17  9.09  6.47  65 1013.6  24.3  25.9  18.5 99.0 99.00
2016 04 15 06 50  36  3.7  4.7  1.28  9.09  6.71  66 1012.9  24.2  25.8  18.3 99.0 99.00
2016 04 15 07 50  37  4.0  5.6  1.26  8.33  6.64  65 1012.7  24.3  25.8  18.4 99.0 99.00
2016 04 15 08 50  35  3.9  5.0  1.13  9.09  6.49  70 1013.0  24.2  25.8  18.4 99.0 99.00
2016 04 15 09 50  47  4.4  5.3  1.07  8.33  6.25  69 1013.5  24.2  25.8  18.4 99.0 99.00
2016 04 15 10 50  58  3.9  5.1  1.20  8.33  6.45  89 1014.1  24.4  25.8  18.3 99.0 99.00
2016 04 15 11 50  70  4.4  5.6  1.16  8.33  6.18  71 1014.4  24.6  25.8  18.6 99.0 99.00
2016 04 15 12 50  88  3.3  4.3  1.18  8.33  6.30  69 1014.8  24.5  25.8  18.4 99.0 99.00
2016 04 15 13 50  97  2.4  3.0  1.14  9.09  6.33  66 1015.1  24.6  25.9  18.4 99.0 99.00
2016 04 15 14 50  81  2.7  3.6  1.08  8.33  6.49  69 1015.2  24.6  26.1  18.2 99.0 99.00
2016 04 15 15 50  64  2.7  3.9  1.09  9.09  6.48  66 1015.0  24.6  26.3  18.1 99.0 99.00
2016 04 15 16 50  67  1.7  2.8  1.06  9.09  6.52  57 1014.6  24.6  26.7  17.8 99.0 99.00
2016 04 15 17 50  60  2.5  3.1  1.10  9.09  7.01  68 1014.2  24.8  27.0  18.0 99.0 99.00
2016 04 15 18 50  84  1.9  3.1  1.17  8.33  7.11  67 1013.9  24.9  27.0  17.6 99.0 99.00
2016 04 15 19 50 101  2.1  3.1  1.13  8.33  7.20  55 1013.7  25.1  27.1  17.6 99.0 99.00
2016 04 15 20 50  72  1.4  2.4  1.26  8.33  7.38  60 1013.4  25.5  27.2  17.8 99.0 99.00
2016 04 15 21 50  43  6.4  7.4  1.16  9.09  7.51  50 1013.7  24.0  27.0  17.9 99.0 99.00
2016 04 15 22 50  37  3.9  5.8  1.22  8.33  7.65  45 1014.2  24.6  26.7  16.5 99.0 99.00
2016 04 15 23 50  62  3.6  5.8  1.19  8.33  7.72  49 1014.8  24.6  26.5  17.1 99.0 99.00
2016 04 16 00 50  68  4.0  4.8  1.20  8.33  7.68  45 1015.0  24.4  26.2  17.5 99.0 99.00
2016 04 16 01 50  58  3.8  4.5  1.27  8.33  7.73  32 1015.0  24.4  26.0  18.5 99.0 99.00
2016 04 16 02 50  75  3.9  4.7  1.20  8.33  7.62  37 1014.9  24.4  25.9  18.7 99.0 99.00
2016 04 16 03 50  59  2.7  3.6  1.36  8.33  7.91  51 1015.2  24.7  26.7  18.3 99.0 99.00
2016 04 16 04 50  51  1.6  2.3  1.29  9.09  7.84 345 1014.8  24.7  26.7  17.7 99.0 99.00
2016 04 16 05 50  48  1.7  2.9  1.35  8.33  8.33  33 1013.7  24.5  26.6  17.8 99.0 99.00
2016 04 16 06 50  62  2.0  3.4  1.36  8.33  8.04  44 1012.9  24.5  26.5  17.7 99.0 99.00
2016 04 16 07 50  70  1.0  2.5  1.41  8.33  8.35  30 1012.9  24.4  26.5  17.8 99.0 99.00
2016 04 16 08 50  89  1.8  2.6  1.20  8.33  7.77  19 1012.9  24.4  26.4  17.7 99.0 99.00
2016 04 16 09 50  91  1.6  2.5  1.43  8.33  8.36  19 1013.3  24.5  26.5  17.4 99.0 99.00
2016 04 16 10 50  98  2.6  3.7  1.33  9.09  8.22   9 1014.0  24.5  26.4  18.1 99.0 99.00
2016 04 16 11 50  95  1.3  2.5  1.39  9.09  8.23  10 1014.3  25.2  26.5  17.8 99.0 99.00
2016 04 16 12 50 119  1.2  2.2  1.45 13.79  8.37  44 1014.4  25.2  26.5  17.7 99.0 99.00
2016 04 16 13 50 106  2.1  3.2  1.40  8.33  8.12  17 1014.4  24.9  26.7  18.4 99.0 99.00
2016 04 16 14 50 179  1.6  2.5  1.39 14.81  8.19  54 1014.6  25.1  26.9  18.3 99.0 99.00
2016 04 16 16 50 177  4.1  5.5  1.47 13.79  8.16  43 1013.8  25.0  26.8  18.6 99.0 99.00
2016 04 16 17 50 193  3.3  4.9  1.52 13.79  8.26  49 1013.4  25.1  27.0  18.5 99.0 99.00
2016 04 16 18 50 216  4.9  8.0  1.45 13.79  8.29  38 1012.8  24.6  27.1  19.0 99.0 99.00
2016 04 16 19 50 226  4.7  6.4  1.53 12.90  8.65  31 1012.1  25.2  27.1  19.3 99.0 99.00
2016 04 16 20 50 232  4.9  6.2  1.54 12.90  8.29  36 1012.0  25.6  27.1  19.4 99.0 99.00
2016 04 16 21 50 260  6.2  7.5  1.55  9.09  7.81  22 1012.1  25.9  27.1  19.1 99.0 99.00
2016 04 16 22 50 279  6.5  7.8  1.75 12.90  7.77  50 1012.4  25.4  27.1  19.1 99.0 99.00
2016 04 16 23 50 295  5.8  7.4  1.77 10.81  7.95  20 1013.3  25.6  27.0  19.0 99.0 99.00
2016 04 17 00 50   4  4.9  6.2  1.82 12.12  7.99  21 1013.5  24.2  27.0  19.6 99.0 99.00
2016 04 17 01 50 340  2.4  3.3  1.78 12.90  7.60  31 1013.5  24.0  26.9  19.7 99.0 99.00
2016 04 17 02 50  22  3.4  4.5  1.82 12.12  7.51  43 1013.6  24.2  26.9  19.5 99.0 99.00
2016 04 17 03 50  28  1.6  2.7  1.89 10.00  7.45  13 1013.5  23.8  26.8  19.5 99.0 99.00
2016 04 17 04 50 342  4.7  6.2  1.84 12.12  7.68  24 1013.2  23.9  26.8  18.9 99.0 99.00
2016 04 17 05 50   5  4.4  5.5  1.87 11.43  7.65  23 1012.8  23.2  26.8  19.5 99.0 99.00
2016 04 17 06 50  12  4.1  5.4  1.82 10.00  7.28  10 1012.5  23.5  26.8  18.9 99.0 99.00
2016 04 17 07 50   7  4.1  5.6  2.07 10.81  7.83  12 1012.6  23.8  26.8  18.8 99.0 99.00
2016 04 17 08 50  22  4.1  6.0  1.82  9.09  7.28   4 1012.8  23.7  26.8  18.5 99.0 99.00
2016 04 17 09 50  13  7.0  8.7  1.82 12.12  7.35  23 1012.9  23.7  26.7  18.8 99.0 99.00
2016 04 17 10 50  15  7.0  9.1  1.78 10.00  7.05  13 1013.8  23.7  26.7  18.6 99.0 99.00
2016 04 17 11 50  16  6.2  7.7  1.95 11.43  7.14  20 1014.7  23.9  26.7  18.3 99.0 99.00
2016 04 17 12 50  12  7.7  9.4  1.99 12.12  6.66  24 1015.0  23.8  26.7  17.7 99.0 99.00
2016 04 17 13 50  11  7.3  9.0  2.12 11.43  6.70  20 1015.3  24.0  26.7  16.7 99.0 99.00
2016 04 17 14 50  19  6.4  8.0  2.02 12.12  6.60  27 1015.4  23.9  26.7  17.0 99.0 99.00
2016 04 17 15 50  22  7.6  9.6  2.16 11.43  6.97  14 1015.3  23.8  26.7  17.5 99.0 99.00
2016 04 17 16 50  14  7.2  8.8  2.21 10.00  7.01   8 1015.1  24.0  26.8  16.7 99.0 99.00
2016 04 17 17 50  11  6.2  7.6  2.23 11.43  7.01  16 1015.0  24.0  26.8  16.6 99.0 99.00
2016 04 17 18 50  18  6.3  8.5  2.22 12.90  7.02  37 1014.3  23.9  26.7  16.6 99.0 99.00
2016 04 17 19 50   7  7.5  9.4  2.17 11.43  7.20  22 1013.8  23.8  26.7  16.6 99.0 99.00
2016 04 17 20 50  12  6.0  8.6  2.26 12.12  7.09  29 1014.3  23.7  26.7  16.1 99.0 99.00
2016 04 17 21 50  16  6.9  9.3  2.51 12.90  7.73  29 1014.3  23.5  26.8  16.0 99.0 99.00
2016 04 17 22 50   9  6.5  8.2  2.38 16.00  7.81  26 1014.7  23.5  26.8  16.0 99.0 99.00
2016 04 17 23 50   8  6.0  8.5  2.38 11.43  7.77  18 1015.1  23.3  26.7  15.6 99.0 99.00
2016 04 18 00 50   5  6.4  7.8  2.51 13.79  7.96  11 1015.4  23.3  26.7  15.5 99.0 99.00
2016 04 18 01 50  10  5.1  7.4  2.44 14.81  7.95   8 1015.6  23.3  26.7  15.2 99.0 99.00
2016 04 18 02 50   1  4.7  6.1  2.49 12.12  8.19  23 1015.8  23.2  26.6  14.8 99.0 99.00
2016 04 18 03 50   2  4.8  6.9  2.55 13.79  8.45  18 1015.7  23.1  26.6  15.1 99.0 99.00
2016 04 18 04 50   9  4.1  5.8  2.56 12.90  8.81  10 1015.2  23.0  26.6  15.0 99.0 99.00
2016 04 18 05 50  10  4.1  5.9  2.60 12.90  8.66  18 1014.8  23.0  26.5  15.0 99.0 99.00
2016 04 18 06 50   4  4.3  6.3  2.61 13.79  8.67   6 1014.4  23.0  26.5  14.9 99.0 99.00
2016 04 18 07 50 344  3.6  6.8  2.80 14.81  9.07  14 1014.2  22.9  26.5  15.1 99.0 99.00
2016 04 18 08 50 352  5.4  7.5  2.73 14.81  8.97  20 1014.0  23.4  26.5  14.8 99.0 99.00
2016 04 18 09 50 329  5.9  7.5  2.80 14.81  9.09  10 1014.6  23.5  26.5  14.9 99.0 99.00
2016 04 18 10 50 324  6.3  8.6  2.81 14.81  8.90  10 1015.1  23.6  26.6  14.6 99.0 99.00
2016 04 18 11 50 329  5.6  7.5  2.88 13.79  9.11  21 1015.8  23.8  26.6  13.0 99.0 99.00
2016 04 18 12 50 337  4.6  6.9  3.14 13.79  9.33  25 1016.4  23.8  26.7  12.8 99.0 99.00
2016 04 18 13 50 325  5.1  6.9  2.89 12.90  9.14   7 1016.8  23.6  26.7  13.5 99.0 99.00
2016 04 18 14 50 319  4.6  6.9  2.97 14.81  9.37  17 1016.5  23.7  26.7  13.5 99.0 99.00
2016 04 18 15 50 329  4.6  6.9  2.56 12.12  8.69  12 1016.2  23.6  26.8  14.4 99.0 99.00
2016 04 18 17 50 341  6.3  8.7  2.58 12.90  8.66   7 1015.4  23.8  26.9  15.4 99.0 99.00
2016 04 18 18 50 330  6.0  7.7  2.88 12.90  8.99  18 1015.0  23.8  26.9  15.7 99.0 99.00
2016 04 18 19 50 329  6.3  8.3  2.62 13.79  8.40  10 1014.6  23.9  27.0  15.2 99.0 99.00
2016 04 18 20 50 332  6.5  8.1  2.72 13.79  8.38  15 1014.9  24.1  26.9  14.9 99.0 99.00
2016 04 18 21 50 341  6.1  7.4  2.56 13.79  8.18   4 1015.4  24.2  26.9  15.1 99.0 99.00
2016 04 18 22 50 341  6.0  7.9  2.75 12.90  8.34   3 1015.4  24.0  26.9  15.4 99.0 99.00
2016 04 18 23 50 340  6.5  8.4  2.62 12.12  8.32  12 1015.3  24.1  26.8  15.9 99.0 99.00
2016 04 19 00 50 335  8.2  9.9  2.55 13.79  8.45  15 1015.7  23.6  26.8  17.3 99.0 99.00
2016 04 19 01 50 350  6.6  8.4  2.57 12.90  8.12   8 1016.1  23.9  26.7  16.1 99.0 99.00
2016 04 19 02 50 358  6.5  8.2  2.72 12.90  8.08  14 1016.2  24.0  26.7  15.2 99.0 99.00
2016 04 19 03 50   2  6.1  7.9  2.83 12.90  8.47   7 1016.0  23.8  26.7  15.5 99.0 99.00
2016 04 19 04 50  19  4.5  6.2  2.42 12.12  8.05  14 1016.1  23.7  26.6  15.4 99.0 99.00
2016 04 19 05 50  18  4.2  5.6  2.43 13.79  7.89   4 1015.6  23.5  26.5  15.6 99.0 99.00
2016 04 19 06 50  13  4.8  6.5  2.49 12.90  8.12   1 1014.9  23.6  26.5  15.6 99.0 99.00
2016 04 19 07 50 241  3.0  6.1  2.51 12.90  8.05   8 1015.0  21.0  26.4  17.3 99.0 99.00
2016 04 19 08 50 289  0.7  1.6  2.47 11.43  7.93   5 1015.1  21.4  26.1  17.3 99.0 99.00
2016 04 19 09 50  28  5.8  7.1  2.36 12.12  7.85  13 1015.2  23.6  26.3  16.2 99.0 99.00
2016 04 19 10 50  32  5.3  6.8  2.63 12.12  8.00  11 1015.8  23.7  26.4  15.7 99.0 99.00
2016 04 19 11 50  29  5.6  6.9  2.38 12.12  7.82  11 1016.5  24.1  26.4  14.9 99.0 99.00
2016 04 19 12 50  38  5.7  7.3  2.40 12.90  7.77  14 1016.9  23.8  26.5  16.1 99.0 99.00
2016 04 19 13 50  29  5.8  7.9  2.19 11.43  7.44  11 1017.1  23.8  26.5  15.7 99.0 99.00
2016 04 19 14 50  32  5.2  6.6  2.30 12.12  7.79  19 1017.7  23.9  26.6  15.2 99.0 99.00
2016 04 19 15 50  19  6.4  8.3  2.39 12.12  7.90  15 1017.4  23.8  26.6  15.6 99.0 99.00
2016 04 19 16 50  23  6.1  7.6  2.47 11.43  7.78   2 1017.1  23.9  26.7  15.0 99.0 99.00
2016 04 19 17 50  18  5.3  7.4  2.24 11.43  7.52 356 1016.7  23.8  26.8  15.0 99.0 99.00
2016 04 19 18 50  14  5.6  8.5  2.53 12.12  7.94  12 1016.5  23.9  26.8  14.9 99.0 99.00
2016 04 19 19 50   9  6.1  8.1  2.34 10.81  7.41  12 1015.8  24.0  26.9  14.9 99.0 99.00
2016 04 19 20 50  18  6.2  8.5  2.28 12.12  7.48   6 1015.8  24.0  26.9  15.5 99.0 99.00
2016 04 19 21 50  36  5.8  7.6  2.32 10.81  7.30   9 1015.9  24.1  26.9  15.0 99.0 99.00
2016 04 19 22 50  29  5.5  7.4  2.22 11.43  7.31  12 1016.0  23.8  26.8  15.2 99.0 99.00
2016 04 19 23 50  19  5.6  7.1  2.47 12.12  8.04  17 1016.2  23.9  26.7  15.0 99.0 99.00
2016 04 20 00 50  17  4.3  6.1  2.20 12.12  7.36  19 1017.1  23.9  26.7  14.1 99.0 99.00
2016 04 20 01 50  15  4.7  6.4  2.22 12.12  7.55  18 1017.3  23.9  26.7  14.6 99.0 99.00
2016 04 20 02 50  14  3.7  5.1  2.23 11.43  7.68  14 1017.3  23.9  26.7  14.9 99.0 99.00
2016 04 20 03 50  32  4.2  5.9  2.19 10.81  7.60  16 1017.1  23.7  26.7  15.1 99.0 99.00
2016 04 20 04 50  13  3.4  4.6  2.01 12.12  7.64  16 1016.7  23.7  26.7  14.9 99.0 99.00
2016 04 20 05 50  19  2.8  3.9  2.06 10.81  7.51  17 1016.3  23.7  26.7  14.1 99.0 99.00
2016 04 20 06 50  16  2.4  3.9  2.00 10.81  7.71  20 1016.0  23.7  26.7  14.5 99.0 99.00
2016 04 20 07 50 336  2.4  3.5  1.93 11.43  7.51  13 1015.7  23.7  26.7  13.5 99.0 99.00
2016 04 20 08 50   6  2.9  4.3  2.02 11.43  7.57  16 1015.5  23.6  26.6  14.1 99.0 99.00
2016 04 20 09 50  34  4.8  6.4  1.85 11.43  7.41  24 1016.0  22.9  26.7  16.7 99.0 99.00
2016 04 20 10 50  34  5.0  6.3  1.93 10.00  7.35  21 1016.6  23.2  26.7  15.9 99.0 99.00
2016 04 20 11 50  24  4.0  5.3  1.91 10.00  7.45  13 1017.0  23.8  26.7  15.2 99.0 99.00
2016 04 20 12 50  45  6.7  9.2  1.84 10.81  7.30  21 1016.5  23.5  26.6  15.4 99.0 99.00
2016 04 20 13 50  31  5.3  7.5  1.83 10.00  7.02  16 1017.5  23.7  26.6  15.3 99.0 99.00
2016 04 20 14 50  31  6.0  8.3  2.02 10.81  7.35  22 1017.7  23.7  26.7  15.7 99.0 99.00
2016 04 20 15 50  17  5.0  6.8  2.07 10.00  7.44  19 1017.9  23.7  26.8  15.0 99.0 99.00
2016 04 20 16 50  32  5.0  6.8  1.86 10.81  6.98  17 1017.2  23.7  26.8  15.1 99.0 99.00
2016 04 20 17 50  33  5.2  7.5  1.98 10.00  7.20  15 1017.0  23.6  26.9  15.1 99.0 99.00
2016 04 20 18 50  13  5.9  7.7  1.87 10.81  6.99  22 1016.7  23.7  26.8  15.4 99.0 99.00
2016 04 20 19 50   6  7.0  8.9  1.87 10.81  6.65  21 1016.5  23.6  26.8  15.3 99.0 99.00
2016 04 20 20 50  10  6.8  8.1  1.70 10.00  6.33  19 1016.3  23.7  26.8  14.5 99.0 99.00
2016 04 20 21 50   9  7.2  9.5  1.81 10.00  6.36   7 1016.3  23.6  26.8  14.1 99.0 99.00
2016 04 20 22 50  19  6.8  8.7  1.79 10.81  6.59  16 1016.5  23.4  26.7  13.8 99.0 99.00
2016 04 20 23 50  19  5.9  7.8  1.63  9.09  6.20  29 1017.2  23.3  26.7  13.1 99.0 99.00
2016 04 21 00 50  10  5.1  7.9  1.70 10.00  6.38  31 1018.1  23.2  26.7  13.2 99.0 99.00
2016 04 21 01 50  47  6.9  9.6  1.50 10.00  6.06  20 1018.3  23.1  26.7  13.3 99.0 99.00
2016 04 21 02 50  42  6.1  8.0  1.74 10.81  6.40  21 1018.3  23.1  26.7  13.5 99.0 99.00
2016 04 21 03 50  50  4.6  6.2  1.61 10.00  6.37  14 1018.5  23.1  26.6  12.9 99.0 99.00
2016 04 21 04 50  47  4.3  5.6  1.49 10.00  6.31  24 1018.3  23.1  26.6  12.7 99.0 99.00
2016 04 21 05 50  47  6.0  7.7  1.65 10.00  6.67  18 1018.0  23.0  26.6  13.3 99.0 99.00
2016 04 21 06 50  49  6.6  9.3  1.40 10.00  6.30  35 1016.9  22.8  26.6  13.2 99.0 99.00
2016 04 21 07 50  56  6.3  8.6  1.39 10.81  6.03   8 1016.7  22.9  26.6  13.3 99.0 99.00
2016 04 21 08 50  48  6.5  8.5  1.36  9.09  5.86  16 1016.9  23.0  26.5  14.1 99.0 99.00
2016 04 21 09 50  50  6.3  8.1  1.37 10.00  6.04  21 1017.3  23.1  26.5  13.6 99.0 99.00
2016 04 21 10 50  49  7.0  8.9  1.55 10.00  6.10  20 1017.9  23.3  26.5  13.7 99.0 99.00
2016 04 21 11 50  52  6.6  8.8  1.33  9.09  5.79  23 1018.5  23.6  26.5  13.9 99.0 99.00
2016 04 21 12 50  57  6.6  8.3  1.39 10.00  5.93  22 1019.0  23.7  26.5  14.4 99.0 99.00
2016 04 21 13 50  69  5.2  6.8  1.36 10.81  5.91  27 1019.8  23.8  26.5  14.9 99.0 99.00
2016 04 21 14 50  82  4.4  5.8  1.34  9.09  6.06   7 1020.0  24.0  26.6  15.0 99.0 99.00
2016 04 21 15 50  69  7.1  8.7  1.25  9.09  5.90  18 1019.7  24.0  26.7  16.3 99.0 99.00
2016 04 21 16 50  58  7.1  8.7  1.38 10.00  5.84  38 1019.4  23.8  26.7  16.0 99.0 99.00
2016 04 21 17 50  54  8.1  9.7  1.43 10.00  5.44  19 1018.8  24.0  26.7  16.9 99.0 99.00
2016 04 21 18 50  58  8.0  9.3  1.51 10.00  5.39  24 1018.5  24.0  26.6  16.4 99.0 99.00
2016 04 21 19 50  62  8.6 10.4  1.56 10.00  5.25  11 1018.2  24.0  26.6  16.8 99.0 99.00
2016 04 21 20 50  61  7.9  9.7  1.60 10.00  5.45  17 1018.5  24.1  26.6  16.6 99.0 99.00
2016 04 21 21 50  65  8.7 11.0  1.57  9.09  5.34  38 1018.8  23.9  26.5  16.9 99.0 99.00
2016 04 21 22 50  63  8.8 10.6  1.66  9.09  5.26  14 1019.2  23.7  26.5  16.3 99.0 99.00
2016 04 21 23 50  70  8.1  9.6  1.60  9.09  5.21  24 1019.6  23.8  26.6  16.1 99.0 99.00
2016 04 22 00 50  69  8.4 10.1  1.66  7.14  5.44  20 1020.0  23.8  26.5  15.7 99.0 99.00
2016 04 22 01 50  74  9.4 11.0  1.63  9.09  5.26   6 1020.1  23.8  26.5  16.8 99.0 99.00
2016 04 22 02 50  70  8.3  9.8  1.92 10.81  5.78  16 1020.4  23.8  26.5  16.5 99.0 99.00
2016 04 22 03 50  78  8.6 11.7  2.03 10.81  5.98   7 1020.4  23.7  26.5  16.3 99.0 99.00
2016 04 22 04 50  68  8.5 10.1  2.05 10.81  5.96  13 1020.0  23.6  26.5  16.2 99.0 99.00
2016 04 22 05 50  82  7.6  9.0  2.19 10.00  6.33  17 1019.2  23.6  26.5  16.0 99.0 99.00
2016 04 22 06 50  70  7.3  8.9  2.34 10.00  6.75  22 1018.8  23.6  26.5  16.3 99.0 99.00
2016 04 22 07 50  75  7.6  8.8  2.10 10.00  6.39  15 1018.7  23.7  26.4  16.5 99.0 99.00
2016 04 22 08 50  83  8.1 10.0  2.27 11.43  6.89  12 1018.6  23.6  26.4  16.0 99.0 99.00
2016 04 22 09 50  80  8.5 10.4  2.07 10.81  6.46   4 1019.0  23.8  26.4  16.4 99.0 99.00
2016 04 22 10 50  85  7.9  9.4  2.36 10.81  6.96  10 1019.7  24.1  26.4  16.5 99.0 99.00
2016 04 22 11 50  83  8.8 10.3  2.14 10.81  6.59  12 1019.9  24.1  26.4  16.6 99.0 99.00
2016 04 22 12 50  79  9.4 11.9  2.14 10.81  6.64   9 1020.4  24.1  26.3  16.5 99.0 99.00
2016 04 22 13 50  91  8.7 10.7  2.26 10.00  6.66   2 1020.7  24.3  26.3  16.5 99.0 99.00
2016 04 22 14 50  90  8.4  9.8  2.44 10.81  7.05  11 1021.0  24.4  26.3  16.6 99.0 99.00
2016 04 22 15 50  88  8.5  9.8  2.20 10.00  6.56  16 1020.5  24.4  26.3  16.6 99.0 99.00
2016 04 22 16 50  90  8.2  9.9  2.50 10.81  7.01   9 1020.0  24.6  26.4  17.1 99.0 99.00
2016 04 22 17 50  93  8.3  9.6  2.56 10.00  7.14   7 1019.9  24.7  26.4  17.5 99.0 99.00
2016 04 22 18 50  92  8.9 10.6  2.40 10.81  6.78   9 1019.1  24.7  26.4  17.6 99.0 99.00
2016 04 22 19 50 100  8.8 11.0  2.41 10.81  7.02   8 1019.0  24.8  26.4  17.6 99.0 99.00
2016 04 22 20 50  92  8.3 10.6  2.31 11.43  6.71  11 1019.1  24.8  26.4  17.9 99.0 99.00
2016 04 22 21 50  98  8.8 10.1  2.49 10.81  7.33  16 1018.8  24.8  26.4  18.1 99.0 99.00
2016 04 22 22 50  94  9.2 11.1  2.17 10.81  6.64  23 1018.8  24.6  26.4  18.0 99.0 99.00
2016 04 22 23 50  97  9.4 11.1  2.24 12.12  6.29  33 1019.1  24.7  26.4  18.3 99.0 99.00
2016 04 23 00 50  90  9.1 10.5  2.16 11.43  6.50  24 1019.7  24.7  26.4  18.5 99.0 99.00
2016 04 23 01 50 102  9.3 10.7  1.95 10.81  5.92   4 1019.6  24.8  26.4  18.9 99.0 99.00
2016 04 23 02 50 111  9.6 11.5  2.11 11.43  6.19  15 1019.3  24.8  26.4  18.6 99.0 99.00
2016 04 23 03 50 113  9.4 10.9  2.09 10.81  6.04  16 1019.2  24.7  26.4  18.6 99.0 99.00
2016 04 23 05 50 104  8.8 10.4  2.04 11.43  6.16  22 1017.9  24.6  26.3  18.6 99.0 99.00
2016 04 23 06 50 113  7.8  9.3  1.98 11.43  5.97  31 1017.6  24.6  26.3  18.5 99.0 99.00
2016 04 23 07 50 110  8.1  9.7  2.00 10.81  6.43  22 1016.7  24.6  26.2  18.7 99.0 99.00
2016 04 23 08 50 109  8.2  9.8  1.93 11.43  6.06  14 1016.2  24.6  26.2  18.9 99.0 99.00
2016 04 23 09 50 110  8.1  9.6  1.91 11.43  6.15  29 1016.6  24.7  26.2  18.7 99.0 99.00
2016 04 23 10 50 114  8.0  9.3  2.12 10.81  6.69  27 1016.8  24.8  26.2  19.0 99.0 99.00
2016 04 23 11 50 118  8.1  9.2  1.88 11.43  6.44  33 1017.2  24.9  26.1  19.0 99.0 99.00
2016 04 23 12 50 119  7.4  9.0  1.92 11.43  6.24  22 1017.9  25.0  26.1  19.4 99.0 99.00
2016 04 23 13 50 114  8.2  9.4  1.82 10.81  6.17  25 1017.7  25.2  26.0  19.4 99.0 99.00
2016 04 23 14 50 128  7.9  9.1  1.85 11.43  6.23  25 1017.8  25.4  26.1  19.3 99.0 99.00
2016 04 23 15 50 123  8.1  9.2  1.87 11.43  6.30  25 1017.2  25.3  26.1  19.3 99.0 99.00
2016 04 23 16 50 124  7.9  9.3  1.76 11.43  6.24  25 1017.1  25.3  26.2  19.2 99.0 99.00
2016 04 23 17 50 126  7.8  9.1  1.77 10.81  6.23  21 1016.5  25.3  26.2  19.4 99.0 99.00
2016 04 23 18 50 124  8.0  9.3  1.78 11.43  5.97  19 1015.5  25.3  26.1  19.5 99.0 99.00
2016 04 23 19 50 120  8.1  9.7  1.84 11.43  6.23  29 1014.8  25.2  26.1  19.9 99.0 99.00
2016 04 23 20 50 120  7.2  8.7  1.69 11.43  5.95  20 1014.5  25.3  26.1  20.1 99.0 99.00
2016 04 23 21 50 125  7.4  8.6  1.64 11.43  5.82  20 1014.7  25.2  26.1  20.1 99.0 99.00
2016 04 23 22 50 119  7.1  8.0  1.69 11.43  5.74  31 1014.9  25.3  26.1  20.5 99.0 99.00
2016 04 23 23 50 124  8.2  9.7  1.69 12.12  5.96  33 1014.8  25.3  26.1  20.8 99.0 99.00
2016 04 24 00 50 120  8.1  9.5  1.61 11.43  5.84  21 1014.9  25.3  26.1  20.9 99.0 99.00
2016 04 24 01 50 128  8.4  9.7  1.70 10.81  5.65  27 1015.1  25.4  26.1  21.2 99.0 99.00
2016 04 24 02 50 129  8.9 10.3  1.77 10.81  6.15  23 1014.9  25.3  26.1  21.1 99.0 99.00
2016 04 24 03 50 138  8.5 10.4  1.73 10.81  5.89  20 1014.4  25.4  26.1  21.5 99.0 99.00
2016 04 24 04 50 135  9.6 11.2  1.77 11.43  5.50  27 1013.5  25.4  26.1  21.6 99.0 99.00
2016 04 24 05 50 138  9.8 11.7  1.89 10.00  5.86  29 1011.9  25.4  26.2  21.8 99.0 99.00
2016 04 24 06 50 145  8.7 10.4  1.77 11.43  5.45  33 1011.5  25.4  26.2  21.8 99.0 99.00
2016 04 24 07 50 154  8.3  9.7  1.85 12.12  5.87  34 1010.9  25.6  26.2  22.2 99.0 99.00
2016 04 24 08 50 161  8.8 10.6  1.71 11.43  5.54  42 1010.7  25.7  26.3  22.4 99.0 99.00
2016 04 24 09 50 170  6.8  8.1  1.61 10.81  5.32  30 1011.2  25.7  26.3  22.6 99.0 99.00
2016 04 24 10 50 118  6.1  8.3  1.62 10.81  5.89  46 1011.6  22.9  26.2  20.4 99.0 99.00
2016 04 24 11 50 335  7.1  9.1  1.54 11.43  6.21  49 1013.2  23.1  26.0  20.9 99.0 99.00
2016 04 24 12 50  10  6.4  7.6  1.32 10.00  5.60  39 1013.5  23.2  26.1  21.1 99.0 99.00
2016 04 24 13 50  42  4.5  5.8  1.40 11.43  5.45  46 1013.6  23.5  26.2  20.8 99.0 99.00
2016 04 24 14 50  65  2.6  3.7  1.25 11.43  5.21  47 1013.6  23.5  26.2  20.3 99.0 99.00
2016 04 24 15 50  75  0.9  1.5  1.25 11.43  5.61  32 1013.2  24.1  26.5  20.3 99.0 99.00
2016 04 24 16 50 215  1.0  1.8  1.14 10.81  5.35  57 1012.7  24.5  27.2  20.5 99.0 99.00
2016 04 24 17 50 217  1.4  2.2  1.14 10.00  5.82  31 1012.3  24.8  27.3  20.6 99.0 99.00
2016 04 24 18 50 289  1.5  2.9  1.13 10.81  5.82  23 1011.7  25.0  27.4  20.5 99.0 99.00
2016 04 24 19 50 313  3.4  4.5  1.05 10.81  5.93  26 1011.2  25.4  27.1  21.0 99.0 99.00
2016 04 24 20 50 325  3.7  5.2  1.01 10.00  5.91  45 1011.0  25.9  26.8  21.2 99.0 99.00
2016 04 24 21 50 326  5.2  6.2  0.91  7.69  5.79  92 1011.0  26.0  26.6  21.1 99.0 99.00
2016 04 24 22 50 339  6.7  8.1  0.98 10.00  5.71  49 1011.5  25.9  26.5  20.8 99.0 99.00
2016 04 24 23 50 347  6.5  7.9  0.98 10.00  5.35  38 1012.1  25.7  26.4  20.9 99.0 99.00
2016 04 25 00 50 354  7.1  8.2  1.05 10.00  5.14  38 1012.4  25.5  26.2  20.0 99.0 99.00
2016 04 25 01 50   4  7.7  9.2  1.00 10.00  4.95  43 1012.7  25.4  26.2  19.7 99.0 99.00
2016 04 25 02 50 358  7.9  9.4  1.08  4.35  4.86 321 1012.9  25.3  26.2  18.0 99.0 99.00
2016 04 25 03 50  10  6.7  8.1  1.21  4.55  4.90 337 1013.0  25.0  26.1  17.7 99.0 99.00
2016 04 25 04 50 358  6.4  7.8  1.13  4.55  4.91 334 1012.8  24.9  26.1  17.8 99.0 99.00
2016 04 25 05 50 355  6.2  7.3  1.18  5.00  4.88 325 1012.4  24.7  26.1  17.3 99.0 99.00
2016 04 25 06 50 360  6.0  7.2  1.04  5.00  4.84 319 1011.9  24.6  26.1  17.1 99.0 99.00
2016 04 25 07 50 352  5.4  6.6  1.06  7.14  5.17 110 1012.0  24.6  26.0  16.8 99.0 99.00
2016 04 25 08 50   2  5.9  7.6  1.01  5.26  4.86 320 1012.3  24.6  26.0  16.9 99.0 99.00
2016 04 25 09 50  12  5.4  6.8  0.92  5.00  4.78 322 1012.8  24.4  26.0  17.0 99.0 99.00
2016 04 25 10 50   6  5.2  6.2  0.96  5.56  4.96 291 1013.4  24.5  26.0  16.3 99.0 99.00
2016 04 25 11 50   6  6.8  8.4  0.98  5.56  4.72 312 1014.2  24.5  26.0  16.0 99.0 99.00
2016 04 25 12 50   8  6.7  7.7  1.11  5.26  4.77 297 1014.4  24.5  26.0  15.6 99.0 99.00
2016 04 25 13 50  12  5.8  7.0  1.19  5.56  4.98 304 1014.8  24.5  26.0  16.7 99.0 99.00
2016 04 25 14 50  17  5.2  6.8  1.11  5.88  4.88 309 1014.8  24.5  26.1  16.0 99.0 99.00
2016 04 25 15 50  17  6.7  8.3  1.14  5.56  5.06 313 1014.7  24.3  26.1  17.1 99.0 99.00
2016 04 25 16 50  19  4.7  6.3  1.23  5.26  5.08 310 1014.3  24.5  26.1  16.1 99.0 99.00
2016 04 25 17 50  23  6.3  7.5  1.20  6.25  5.12 314 1014.0  24.0  26.2  17.1 99.0 99.00
2016 04 25 18 50  30  6.5  8.3  1.21  5.88  5.13 307 1013.8  23.7  26.2  17.3 99.0 99.00
2016 04 25 19 50  30  6.8  8.3  1.26  5.88  5.09 317 1013.4  24.4  26.2  17.4 99.0 99.00
2016 04 25 20 50  20  7.3  8.7  1.15  6.25  4.97 331 1013.2  24.3  26.2  16.8 99.0 99.00
2016 04 25 21 50  29  7.7  9.4  1.39  5.88  5.16 318 1013.4  24.5  26.1  16.8 99.0 99.00
2016 04 25 22 50  33  7.5  8.9  1.31  5.88  5.00 301 1013.6  24.2  26.0  17.4 99.0 99.00
2016 04 25 23 50  32  7.3  8.8  1.28  5.56  5.01 311 1013.7  24.3  26.0  17.7 99.0 99.00
2016 04 26 00 50  36  7.2  8.8  1.37  6.25  5.07 333 1014.0  24.1  26.0  17.4 99.0 99.00
2016 04 26 01 50  44  6.2  7.6  1.38  5.88  5.16 307 1014.4  24.3  26.0  16.9 99.0 99.00
2016 04 26 02 50  29  6.2  7.2  1.39  6.25  5.32 321 1014.4  23.9  26.0  18.0 99.0 99.00
2016 04 26 03 50  54  7.1  8.7  1.47  6.25  5.51 302 1014.4  24.2  26.0  18.4 99.0 99.00
2016 04 26 04 50  49  6.2  7.2  1.55  6.67  5.52 320 1014.2  24.2  26.0  17.7 99.0 99.00
2016 04 26 05 50  70  4.6  6.0  1.52  7.14  5.36 348 1013.5  22.7  26.0  18.2 99.0 99.00
2016 04 26 06 50  85  3.8  5.8  1.54  6.67  5.60 334 1013.2  21.7  26.0  18.0 99.0 99.00
2016 04 26 07 50 161  2.8  4.4  1.65  7.14  5.67 340 1012.9  22.8  26.0  17.5 99.0 99.00
2016 04 26 08 50  37  6.7  8.6  1.66 10.81  5.83 334 1012.6  23.8  26.0  18.3 99.0 99.00
2016 04 26 09 50  47  8.3  9.8  1.67  6.25  5.71 332 1012.8  23.9  26.0  18.0 99.0 99.00
2016 04 26 10 50  48  8.0  9.7  1.69 10.00  5.79 351 1013.1  23.7  26.0  18.2 99.0 99.00
2016 04 26 11 50  48  8.6 10.0  1.70  6.67  5.52 324 1013.8  23.7  26.0  18.3 99.0 99.00
2016 04 26 12 50  49  9.0 10.5  1.70  7.14  5.50   4 1014.3  23.5  26.0  18.7 99.0 99.00
2016 04 26 13 50  50  7.9  9.5  1.69 10.00  5.73 341 1014.7  23.7  26.0  18.8 99.0 99.00
2016 04 26 14 50  54  9.4 11.0  1.86 10.00  5.63 353 1014.2  23.8  26.1  18.7 99.0 99.00
2016 04 26 15 50  62  9.1 10.6  1.94  9.09  5.72 336 1014.4  23.9  26.1  18.9 99.0 99.00
2016 04 26 16 50  55  8.8 10.5  1.84 11.43  5.79   2 1014.1  23.8  26.1  19.2 99.0 99.00
2016 04 26 17 50  56  8.5 11.0  1.91  8.33  5.70 354 1013.8  22.9  26.1  19.5 99.0 99.00
2016 04 26 18 50 148  8.2 10.4  1.94 10.81  5.97   4 1013.6  21.8  26.1  18.8 99.0 99.00
2016 04 26 19 50 169  4.4  6.1  1.82 10.00  5.75 359 1013.3  22.0  26.0  18.7 99.0 99.00
2016 04 26 20 50 112  4.7  6.1  1.85 10.81  6.11  18 1013.5  20.9  25.9  18.4 99.0 99.00
2016 04 26 21 50  70  1.0  3.5  1.88 11.43  6.49   5 1014.1  21.2  25.9  18.5 99.0 99.00
2016 04 26 22 50 164  4.9  6.1  1.90 10.81  6.78  14 1014.0  21.8  25.8  19.3 99.0 99.00
2016 04 26 23 50 194  1.6  2.8  1.86 10.81  6.28  11 1014.2  22.5  25.9  19.2 99.0 99.00
2016 04 27 00 50  85  7.0  8.1  1.89 10.00  6.51   6 1014.3  24.6  25.9  17.7 99.0 99.00
2016 04 27 01 50  94  7.1  8.4  1.87  9.09  6.18 356 1014.8  24.6  26.0  18.1 99.0 99.00
2016 04 27 02 50 112  7.3  8.7  1.89 10.81  6.25 358 1014.8  24.3  26.0  18.8 99.0 99.00
2016 04 27 03 50 118  6.8  8.8  1.87 10.81  6.30 360 1014.3  24.1  26.0  19.1 99.0 99.00
2016 04 27 04 50 119  6.3  7.5  1.89 10.81  6.27   7 1014.1  24.3  26.0  19.1 99.0 99.00
2016 04 27 05 50 108  9.7 13.0  1.84 10.81  6.06  17 1013.2  23.4  26.0  18.2 99.0 99.00
2016 04 27 06 50 115  7.8  9.6  1.91 10.00  6.24   8 1012.8  22.7  25.9  19.4 99.0 99.00
2016 04 27 07 50 110  8.2 10.2  1.95 10.00  6.07   2 1012.5  24.2  25.9  19.5 99.0 99.00
2016 04 27 08 50 111  7.5  9.5  1.88 10.00  5.99  11 1012.6  24.3  25.9  19.0 99.0 99.00
2016 04 27 09 50  98  9.7 11.4  1.89  9.09  5.67  17 1012.9  23.5  26.0  19.2 99.0 99.00
2016 04 27 10 50 104  6.9  7.9  1.91 10.00  5.69  19 1013.5  24.8  26.0  17.5 99.0 99.00
2016 04 27 11 50 113  6.9  8.3  1.59 10.81  5.87  16 1014.0  24.6  26.0  18.8 99.0 99.00
2016 04 27 12 50 114  8.0  9.0  1.62 10.00  5.73   6 1014.4  25.2  26.0  19.6 99.0 99.00
2016 04 27 13 50 113  7.3  9.1  1.63 10.81  5.78  15 1014.9  25.2  26.1  20.0 99.0 99.00
2016 04 27 14 50 117  6.6  7.8  1.59 10.00  5.83  20 1015.4  25.3  26.1  19.6 99.0 99.00
2016 04 27 15 50 115  6.1  7.3  1.62 10.00  5.86  14 1014.9  25.2  26.1  20.0 99.0 99.00
2016 04 27 16 50 102  6.3  7.6  1.61 10.00  5.90  10 1014.7  25.2  26.2  20.0 99.0 99.00
2016 04 27 17 50 108  5.4  6.4  1.42 10.00  5.56  17 1014.1  25.3  26.2  19.9 99.0 99.00
2016 04 27 18 50 119  5.7  6.7  1.43 10.81  5.92  22 1014.0  25.8  26.2  20.0 99.0 99.00
2016 04 27 19 50 115  6.3  7.2  1.43 10.00  5.77  17 1013.6  25.7  26.3  20.3 99.0 99.00
2016 04 27 20 50 109  6.6  7.9  1.48 10.00  5.74   6 1013.4  25.8  26.3  19.8 99.0 99.00
2016 04 27 21 50 103  6.9  8.2  1.58 10.00  5.87  10 1013.5  25.9  26.3  19.9 99.0 99.00
2016 04 27 22 50  93  8.7 10.0  1.65  9.09  5.60  21 1013.9  25.2  26.3  20.9 99.0 99.00
2016 04 27 23 50  91  9.3 10.3  1.70  9.09  5.37   7 1014.3  25.3  26.2  20.5 99.0 99.00
2016 04 28 00 50 105  9.2 10.7  1.75  9.09  5.36  21 1014.5  24.7  26.2  20.9 99.0 99.00
2016 04 28 01 50 106  9.6 11.5  1.79  9.09  5.50  29 1014.8  25.5  26.1  20.8 99.0 99.00
2016 04 28 02 50 108  9.8 11.8  1.79  9.09  5.31  18 1014.8  25.4  26.1  20.6 99.0 99.00
2016 04 28 03 50 105  9.1 10.8  1.84  9.09  5.33  31 1014.3  25.3  26.1  20.3 99.0 99.00
2016 04 28 04 50 129  7.5  9.0  1.83 10.00  5.40  14 1014.3  24.9  26.0  20.5 99.0 99.00
2016 04 28 05 50 152  6.3  7.5  1.97  8.33  5.67  18 1013.9  25.0  26.0  21.4 99.0 99.00
2016 04 28 06 50 162  4.3  5.6  1.83 10.81  5.80  36 1013.5  25.2  26.0  20.8 99.0 99.00
2016 04 28 07 50 147  5.7  7.0  1.78  9.09  5.87  16 1013.4  25.1  26.0  21.4 99.0 99.00
2016 04 28 08 50 138  5.9  7.0  1.60 10.00  5.89  34 1013.9  25.0  26.0  21.2 99.0 99.00
2016 04 28 09 50 131  5.7  6.7  1.61 10.81  5.85  28 1014.3  25.1  26.0  21.2 99.0 99.00
2016 04 28 10 50 139  5.6  6.6  1.52 10.81  5.75  34 1014.7  25.3  26.0  21.1 99.0 99.00
2016 04 28 11 50 135  7.6  9.0  1.51  8.33  5.59  39 1015.3  25.6  26.0  21.4 99.0 99.00
2016 04 28 12 50 138  7.0  8.1  1.52 10.00  5.62  22 1015.0  25.6  26.0  21.4 99.0 99.00
2016 04 28 13 50 151  5.7  7.1  1.41 10.00  5.68  16 1016.3  25.3  26.0  21.6 99.0 99.00
2016 04 28 14 50 138  6.6  8.2  1.41 10.81  5.54  36 1015.9  23.1  25.9  19.3 99.0 99.00
2016 04 28 15 50  81  3.3  5.0  1.44  8.33  5.66  37 1016.7  24.4  26.0  19.6 99.0 99.00
2016 04 28 16 50  55  6.1  7.1  1.40 10.81  5.62  24 1016.1  23.2  26.1  19.1 99.0 99.00
2016 04 28 17 50  71  6.5  7.4  1.35  8.33  5.47  36 1015.7  23.9  26.2  18.7 99.0 99.00
2016 04 28 18 50 110  9.1 10.7  1.38 11.43  5.36  23 1015.3  24.0  26.2  19.1 99.0 99.00
2016 04 28 19 50 106  7.7  8.8  1.45  9.09  5.16  44 1014.8  23.5  26.1  19.9 99.0 99.00
2016 04 28 20 50 106  6.4  7.5  1.45 10.00  5.15  39 1014.3  23.8  26.0  20.0 99.0 99.00
2016 04 28 21 50 122  6.2  7.4  1.36  9.09  5.25  43 1014.2  24.4  26.0  20.0 99.0 99.00
2016 04 28 22 50 122  5.4  6.4  1.36  9.09  5.31  35 1014.6  24.3  26.0  20.0 99.0 99.00
2016 04 28 23 50 128  3.8  4.5  1.32  8.33  5.41  43 1014.6  24.9  26.0  20.0 99.0 99.00
2016 04 29 00 50 120  4.6  5.4  1.20  9.09  5.37  41 1015.5  25.1  26.0  19.6 99.0 99.00
2016 04 29 01 50 119  5.4  6.2  1.20 10.81  5.37  35 1015.9  25.3  26.0  20.0 99.0 99.00
2016 04 29 02 50 115  6.3  7.7  1.17  7.69  5.20  22 1015.8  25.2  26.0  20.0 99.0 99.00
2016 04 29 03 50 116  5.2  6.4  1.15  9.09  5.16  61 1015.5  25.0  26.0  20.1 99.0 99.00
2016 04 29 04 50 129  3.9  4.7  1.14 10.00  5.38  46 1015.0  25.0  25.9  20.5 99.0 99.00
2016 04 29 05 50 131  5.4  6.1  1.15 10.00  5.50  60 1014.5  24.9  25.9  21.0 99.0 99.00
2016 04 29 06 50 136  4.7  5.6  1.10 10.81  5.44  36 1014.2  24.9  25.9  20.9 99.0 99.00
2016 04 29 07 50 147  5.3  6.2  1.08 10.00  5.42  48 1013.7  24.9  25.9  20.8 99.0 99.00
2016 04 29 08 50 139  3.2  3.7  1.03 10.00  5.48  32 1013.5  24.8  25.9  20.6 99.0 99.00
2016 04 29 09 50 130  4.1  4.8  1.03 10.81  5.51  26 1013.8  24.9  25.9  21.0 99.0 99.00
2016 04 29 10 50 154  3.3  4.4  1.11 10.81  5.72  49 1014.4  25.1  25.9  21.2 99.0 99.00
2016 04 29 11 50 117  3.3  4.1  1.07 10.00  5.75  51 1015.1  25.6  26.0  21.0 99.0 99.00
2016 04 29 12 50 135  3.7  4.4  1.04 10.00  5.63  40 1015.3  25.4  26.0  21.1 99.0 99.00
2016 04 29 13 50 124  2.9  3.6  1.10 10.00  6.11  37 1015.4  25.5  26.1  21.3 99.0 99.00
2016 04 29 14 50 138  3.1  4.0  1.09  9.09  5.88  48 1015.3  25.6  26.4  21.5 99.0 99.00
2016 04 29 15 50 138  3.0  3.6  0.98 10.00  5.84  49 1015.1  25.7  26.5  21.6 99.0 99.00
2016 04 29 16 50 127  3.4  4.1  1.04 10.81  6.12  49 1014.7  25.7  26.7  21.5 99.0 99.00
2016 04 29 17 50 114  3.3  4.3  1.05 10.00  6.06  72 1014.3  25.9  26.9  21.3 99.0 99.00
2016 04 29 18 50  96  2.7  3.4  1.02  9.09  6.04  52 1013.8  25.9  27.0  21.7 99.0 99.00
2016 04 29 19 50  99  1.9  2.5  0.94 10.81  6.00  42 1013.7  26.1  27.1  21.8 99.0 99.00
2016 04 29 20 50 102  4.3  5.9  1.00 10.00  6.22  81 1013.6  25.8  27.2  21.3 99.0 99.00
2016 04 29 21 50  99  2.2  3.4  0.92  9.09  5.97  50 1013.8  25.9  27.0  21.1 99.0 99.00
2016 04 29 22 50  67  4.4  5.3  1.02 10.00  6.37  62 1013.9  25.8  27.0  21.5 99.0 99.00
2016 04 29 23 50 109  4.6  5.5  0.98  8.33  6.16  69 1014.5  25.7  26.8  21.7 99.0 99.00
2016 04 30 00 50 139  8.4 10.0  0.96 10.00  5.56  74 1015.1  24.3  26.6  19.8 99.0 99.00
2016 04 30 01 50 143  5.7  6.5  1.09  8.33  4.62  81 1015.0  25.1  26.4  19.0 99.0 99.00
2016 04 30 03 50 100  6.1  7.0  1.05 10.00  5.20  68 1014.9  24.9  26.1  18.8 99.0 99.00
2016 04 30 04 50 100  4.5  5.5  0.95 10.00  5.24  79 1014.4  24.7  26.1  19.9 99.0 99.00
2016 04 30 05 50 112  6.0  7.0  1.02  9.09  5.60  76 1013.3  24.8  26.2  21.4 99.0 99.00
2016 04 30 06 50 123  6.4  7.3  1.07  9.09  5.43  72 1012.6  24.8  26.1  21.3 99.0 99.00
2016 04 30 07 50 105  4.4  5.4  1.08 10.81  5.33  49 1012.9  24.9  26.2  22.0 99.0 99.00
2016 04 30 08 50 104  4.0  5.0  1.03 10.00  5.35  54 1013.3  25.4  26.1  21.8 99.0 99.00
2016 04 30 09 50  73  4.0  4.9  1.08  9.09  5.61  69 1013.7  25.2  26.1  21.7 99.0 99.00
2016 04 30 10 50  71  3.9  4.7  1.04 10.00  5.55  47 1014.7  25.4  26.1  21.9 99.0 99.00
2016 04 30 11 50  95  6.7  8.2  1.01  8.33  5.52  74 1014.9  25.4  26.1  21.1 99.0 99.00
2016 04 30 12 50 110  5.5  6.4  1.05  8.33  5.51  61 1015.0  25.7  26.1  21.3 99.0 99.00
2016 04 30 14 50 107  5.8  6.7  0.99  9.09  5.09  66 1015.4  25.8  26.2  20.8 99.0 99.00
2016 04 30 15 50  69  5.8  6.7  0.98  9.09  5.12  76 1014.9  25.5  26.3  21.5 99.0 99.00
2016 04 30 16 50 116  6.7 10.1  1.01  9.09  5.12  55 1015.3  23.2  26.4  19.3 99.0 99.00
2016 04 30 17 50  77  1.9  2.6  0.96 10.00  5.18  56 1015.1  24.6  26.2  20.9 99.0 99.00
2016 04 30 18 50  85  5.9  6.9  0.95  8.33  5.06  72 1014.3  25.8  26.3  21.7 99.0 99.00
2016 04 30 19 50  92  6.1  7.1  0.95  9.09  4.94  81 1014.0  26.0  26.3  21.6 99.0 99.00
2016 04 30 20 50 126  6.6  8.3  1.03  9.09  5.20  74 1014.2  25.1  26.3  21.3 99.0 99.00
2016 04 30 21 50 110  5.0  5.9  0.97  9.09  4.77  61 1014.1  25.3  26.3  19.9 99.0 99.00
2016 04 30 22 50  97  5.7  6.7  1.10 10.00  5.19  68 1014.4  25.4  26.3  21.4 99.0 99.00
