#YY  MM DD hh mm WDIR WSPD GST  WVHT   DPD   APD MWD   PRES  ATMP  WTMP  DEWP  VIS  TIDE
#yr  mo dy hr mn degT m/s  m/s     m   sec   sec deg    hPa  degC  degC  degC  nmi    ft
2016 07 31 23 50 183  5.8  6.7  0.95  5.00  4.41 174 1019.9  28.6  29.1  24.5 99.0 99.00
2016 08 01 00 50 184  6.3  7.4  0.94  5.26  4.54 158 1020.3  28.7  29.1  25.0 99.0 99.00
2016 08 01 01 50 196  7.8  9.4  0.92  5.00  4.29 167 1020.9  29.1  29.1  24.6 99.0 99.00
2016 08 01 02 50 207  7.4  8.8  0.95  5.26  4.16 166 1021.1  29.0  29.0  25.5 99.0 99.00
2016 08 01 03 50 199  8.1 10.1  1.01  5.00  4.24 155 1020.9  28.9  29.0  25.2 99.0 99.00
2016 08 01 04 50 201  8.0  9.3  1.06  4.76  4.15 172 1021.0  28.9  28.9  25.3 99.0 99.00
2016 08 01 06 50 201  7.3  8.9  1.03  5.26  4.15 175 1020.7  29.0  28.8  25.1 99.0 99.00
2016 08 01 07 50 206  7.6  9.2  1.02  4.76  4.09 161 1020.9  29.1  28.8  25.1 99.0 99.00
2016 08 01 08 50 214  7.3  8.5  1.09  5.00  4.15 175 1020.6  28.9  28.8  25.3 99.0 99.00
2016 08 01 09 50 221  6.8  7.7  0.97  4.76  4.03 181 1020.7  28.9  28.8  25.2 99.0 99.00
2016 08 01 10 50 196  8.4  9.9  1.00  5.26  4.12 168 1021.0  28.6  28.7  24.0 99.0 99.00
2016 08 01 11 50 217  5.9  8.1  0.96  5.00  4.27 179 1021.4  28.7  28.7  24.9 99.0 99.00
2016 08 01 12 50 203  6.7  7.9  1.01  5.56  4.26 166 1021.5  28.9  28.8  25.2 99.0 99.00
2016 08 01 13 50 213  6.2  7.2  1.00  5.26  4.37 179 1022.0  28.9  28.9  25.2 99.0 99.00
2016 08 01 14 50 209  5.9  6.9  1.01  5.56  4.53 175 1022.3  29.0  28.9  25.3 99.0 99.00
2016 08 01 15 50 229  4.2  4.9  1.04  5.00  4.69 190 1022.3  28.8  29.0  25.1 99.0 99.00
2016 08 01 16 50 209  5.7  6.6  0.97  5.88  4.55 157 1022.1  29.1  29.0  24.9 99.0 99.00
2016 08 01 17 50 203  5.7  6.8  0.98  5.56  4.71 164 1021.9  29.2  29.1  24.9 99.0 99.00
2016 08 01 18 50 204  5.9  6.6  0.95  5.56  4.58 181 1021.4  29.2  29.2  24.7 99.0 99.00
2016 08 01 19 50 198  5.8  6.8  0.99  5.56  4.74 186 1021.0  29.1  29.2  24.9 99.0 99.00
2016 08 01 20 50 200  6.0  7.2  1.05  5.56  4.75 175 1020.3  29.1  29.2  25.0 99.0 99.00
2016 08 01 21 50 200  6.9  7.9  0.99  5.56  4.75 189 1019.9  29.1  29.2  24.4 99.0 99.00
2016 08 01 22 50 197  6.2  7.2  0.98  5.88  4.47 187 1019.9  29.1  29.1  24.3 99.0 99.00
2016 08 01 23 50 211  6.3  7.2  1.03  5.88  4.73 177 1020.1  28.9  29.1  24.6 99.0 99.00
2016 08 02 00 50 214  5.3  6.0  1.06  6.67  4.71 139 1020.8  28.8  29.1  24.2 99.0 99.00
2016 08 02 01 50 209  5.1  6.2  1.16  6.25  5.05 170 1021.2  28.7  29.0  24.4 99.0 99.00
2016 08 02 02 50 203  5.9  6.8  1.21  5.88  5.14 204 1021.3  28.7  28.9  24.1 99.0 99.00
2016 08 02 03 50 200  6.3  7.2  1.28  6.67  5.24 134 1020.9  28.5  28.9  23.7 99.0 99.00
2016 08 02 04 50 191  7.1  8.7  1.27  6.67  5.15 149 1020.5  28.5  28.9  24.1 99.0 99.00
2016 08 02 05 50 206  6.7  8.6  1.39  6.67  5.24 153 1020.3  28.4  28.9  23.8 99.0 99.00
2016 08 02 06 50 218  6.0  7.2  1.33  7.14  5.30 147 1019.9  28.3  28.9  23.7 99.0 99.00
2016 08 02 07 50 215  6.5  8.3  1.50  8.33  5.46 130 1019.3  28.2  28.9  23.7 99.0 99.00
2016 08 02 08 50 229  6.2  7.4  1.45  7.69  5.60 134 1019.5  28.3  28.8  22.9 99.0 99.00
2016 08 02 09 50 231  5.9  6.8  1.49  8.33  5.81 134 1019.9  28.3  28.8  23.1 99.0 99.00
2016 08 02 10 50 249  5.9  7.2  1.39  8.33  5.58 141 1020.1  28.3  28.8  23.7 99.0 99.00
2016 08 02 11 50 253  5.7  6.7  1.49  9.09  5.93 135 1020.3  28.4  28.8  23.4 99.0 99.00
2016 08 02 12 50 249  4.8  6.0  1.54  9.09  6.22 145 1020.3  28.5  28.8  23.3 99.0 99.00
2016 08 02 13 50 255  3.8  4.8  1.34  8.33  6.03 155 1020.4  28.6  28.8  22.9 99.0 99.00
2016 08 02 14 50 270  3.6  4.8  1.36 10.00  6.13 152 1020.4  28.7  28.9  23.2 99.0 99.00
2016 08 02 15 50 262  4.0  4.8  1.41 10.00  6.55 132 1020.5  28.9  29.1  23.1 99.0 99.00
2016 08 02 16 50 280  3.3  4.2  1.50 10.81  6.60 145 1020.5  29.0  29.3  23.4 99.0 99.00
2016 08 02 17 50 249  2.8  3.8  1.59 10.00  6.65 128 1020.1  29.0  29.5  24.0 99.0 99.00
2016 08 02 18 50 240  4.1  4.9  1.57 10.00  6.79 128 1019.8  29.0  29.7  24.5 99.0 99.00
2016 08 02 19 50 214  6.3  7.2  1.52  9.09  6.70 122 1018.7  27.7  29.6  24.8 99.0 99.00
2016 08 02 20 50 221  3.9  4.7  1.58  9.09  6.39 128 1018.4  27.8  29.5  24.8 99.0 99.00
2016 08 02 21 50 189  5.3  6.2  1.44  8.33  6.01 116 1018.0  28.0  29.5  24.1 99.0 99.00
2016 08 02 22 50 214  5.1  6.4  1.46  9.09  6.14 108 1017.5  28.0  29.4  24.2 99.0 99.00
2016 08 02 23 50 213  6.9  7.9  1.40 10.00  6.14 129 1017.8  27.9  29.3  24.1 99.0 99.00
2016 08 03 00 50 207  6.1  7.0  1.57 10.00  6.18 136 1017.8  28.2  29.1  22.8 99.0 99.00
2016 08 03 01 50 218  6.3  7.4  1.42 10.00  5.97 126 1018.2  28.7  29.1  23.0 99.0 99.00
2016 08 03 02 50 218  6.6  7.7  1.49 10.00  5.93 136 1018.6  28.7  29.2  23.5 99.0 99.00
2016 08 03 03 50 219  7.3  9.1  1.54 10.00  5.94 135 1018.4  28.6  29.1  24.4 99.0 99.00
2016 08 03 04 50 224  7.3  8.9  1.59 10.00  5.84 136 1017.8  28.5  29.0  24.2 99.0 99.00
2016 08 03 05 50 228  7.4  8.8  1.53 10.00  5.54 138 1016.9  28.5  29.0  23.3 99.0 99.00
2016 08 03 06 50 231  7.7  9.1  1.58  9.09  5.70 129 1016.5  28.3  29.0  24.6 99.0 99.00
2016 08 03 07 50 228  7.8  9.1  1.63  9.09  5.65 126 1016.3  28.4  29.0  25.0 99.0 99.00
2016 08 03 08 50 228  7.9  9.1  1.47 10.00  5.42 132 1016.2  28.6  29.0  24.7 99.0 99.00
2016 08 03 09 50 226  7.2  8.9  1.39 10.00  5.31 123 1016.5  28.6  28.9  25.2 99.0 99.00
2016 08 03 10 50 221  7.5  9.0  1.49 10.00  5.68 131 1016.8  28.4  28.9  25.0 99.0 99.00
2016 08 03 11 50 259  3.9  5.0  1.37 10.00  5.34 122 1017.0  26.3  28.8  23.5 99.0 99.00
2016 08 03 12 50 223  6.8  8.0  1.48 10.00  5.72 108 1017.3  28.7  28.9  24.7 99.0 99.00
2016 08 03 13 50 217  6.9  7.8  1.36 10.00  5.54 125 1017.4  28.8  28.9  24.9 99.0 99.00
2016 08 03 14 50 226  6.6  7.7  1.38  9.09  5.56 103 1018.0  28.9  28.9  24.7 99.0 99.00
2016 08 03 15 50 272  9.0 11.3  1.46 10.00  5.49 119 1018.5  27.4  28.9  23.1 99.0 99.00
2016 08 03 16 50 314  6.8  8.0  1.41  9.09  5.11 145 1018.9  25.5  28.9  23.1 99.0 99.00
2016 08 03 17 50 314  6.8  9.8  1.52  9.09  5.36 146 1018.1  24.5  28.8  22.0 99.0 99.00
2016 08 03 18 50 263  4.5  5.3  1.45 10.00  5.42 141 1017.8  25.9  28.8  22.5 99.0 99.00
2016 08 03 19 50 219  5.8  6.8  1.57  9.09  5.91 118 1017.3  26.5  28.8  23.1 99.0 99.00
2016 08 03 20 50 212  6.2  7.1  1.47  9.09  5.81 119 1016.7  27.2  28.8  23.2 99.0 99.00
2016 08 03 21 50 222  4.3  5.5  1.36  9.09  5.69 106 1016.6  27.2  28.8  23.1 99.0 99.00
2016 08 03 22 50 205  4.2  5.2  1.35  9.09  5.74 108 1016.5  27.0  28.8  23.3 99.0 99.00
2016 08 03 23 50 207  4.7  5.5  1.31  9.09  5.70 113 1016.2  27.2  28.8  23.0 99.0 99.00
2016 08 04 00 50 210  5.8  6.7  1.32  9.09  5.70 118 1016.1  27.6  28.8  23.0 99.0 99.00
2016 08 04 01 50 214  6.1  6.9  1.19  5.88  5.09 249 1016.6  27.9  28.8  23.4 99.0 99.00
2016 08 04 02 50 219  5.7  6.5  1.32  6.25  5.27 247 1017.0  28.2  28.8  23.7 99.0 99.00
2016 08 04 03 50 223  5.2  6.5  1.21  5.88  5.06 237 1017.1  28.1  28.8  24.1 99.0 99.00
2016 08 04 04 50 205  5.4  6.5  1.18 10.00  5.10 119 1017.0  28.2  28.8  24.3 99.0 99.00
2016 08 04 05 50 197  6.5  7.6  1.18  8.33  5.06 117 1016.5  28.3  28.9  24.4 99.0 99.00
2016 08 04 06 50 202  6.6  7.7  1.16  9.09  4.90 111 1015.9  28.2  28.9  24.6 99.0 99.00
2016 08 04 07 50 213  7.1  8.5  1.17  9.09  4.95 107 1015.5  28.5  28.9  24.5 99.0 99.00
2016 08 04 08 50 218  7.2  8.4  1.11  9.09  4.67 103 1015.5  28.5  28.9  24.7 99.0 99.00
2016 08 04 09 50 218  7.5  8.5  1.15  9.09  4.95 107 1016.1  28.5  28.8  25.0 99.0 99.00
2016 08 04 10 50 222  6.8  8.0  1.11  8.33  4.91 124 1015.9  28.5  28.9  25.1 99.0 99.00
2016 08 04 11 50 250  8.7 12.9  1.21  9.09  4.43 122 1016.9  26.3  28.8  23.0 99.0 99.00
2016 08 04 12 50 244  9.9 13.2  1.28  8.33  4.96  97 1017.1  26.6  28.7  22.9 99.0 99.00
2016 08 04 13 50 325  4.3  5.6  1.27  9.09  4.82 144 1018.7  24.7  28.7  22.9 99.0 99.00
2016 08 04 14 50  15  2.9  3.8  1.25  5.00  4.81 214 1018.6  25.2  28.6  23.3 99.0 99.00
2016 08 04 15 50 264 11.2 14.1  1.37  5.88  5.06 240 1019.4  24.9  28.6  24.4 99.0 99.00
2016 08 04 16 50 266  7.5  9.5  1.54  6.25  4.80 280 1019.0  24.9  28.6  21.7 99.0 99.00
2016 08 04 17 50 249  7.4  9.0  1.51  5.56  5.03 242 1018.8  26.2  28.6  23.2 99.0 99.00
2016 08 04 18 50 248  7.4  8.8  1.53  6.25  5.01 243 1018.2  26.6  28.6  23.6 99.0 99.00
2016 08 04 19 50 251  8.2 10.0  1.40  5.88  4.93 233 1016.7  26.9  28.5  23.6 99.0 99.00
2016 08 04 20 50 252  8.8 10.5  1.56  6.25  5.00 244 1016.3  27.0  28.5  23.2 99.0 99.00
2016 08 04 21 50 259  7.2  8.5  1.50  6.25  4.83 247 1016.4  27.3  28.5  23.4 99.0 99.00
2016 08 04 22 50 258  5.5  6.9  1.46  6.25  4.88 232 1016.8  27.5  28.6  23.4 99.0 99.00
2016 08 04 23 50 240  5.5  6.9  1.36  6.25  5.07 229 1017.0  27.7  28.6  23.4 99.0 99.00
2016 08 05 00 50 248  5.1  6.3  1.30  6.25  5.10 238 1017.2  27.7  28.6  23.7 99.0 99.00
2016 08 05 01 50 250  4.8  6.0  1.20  5.88  5.07 228 1017.7  27.9  28.6  23.2 99.0 99.00
2016 08 05 02 50 242  5.1  5.8  1.13  6.25  5.12 230 1018.0  27.9  28.6  23.4 99.0 99.00
2016 08 05 03 50 236  4.9  5.8  1.13  5.88  5.31 238 1017.8  28.1  28.6  23.3 99.0 99.00
2016 08 05 04 50 200  5.2  6.4  1.13  5.56  5.29 217 1017.4  28.1  28.6  23.3 99.0 99.00
2016 08 05 05 50 198  5.8  6.8  1.15  7.69  5.16  58 1017.4  28.2  28.6  23.7 99.0 99.00
2016 08 05 06 50 194  6.9  8.2  1.16  8.33  5.11  51 1016.9  28.0  28.6  24.5 99.0 99.00
2016 08 05 07 50 196  6.7  8.0  1.26  8.33  5.14  73 1016.7  28.2  28.6  24.3 99.0 99.00
2016 08 05 08 50 199  7.2  8.5  1.24  9.09  5.21  25 1016.7  28.2  28.6  24.5 99.0 99.00
2016 08 05 09 50 210  6.6  8.0  1.31  9.09  5.13  20 1017.2  28.3  28.7  24.7 99.0 99.00
2016 08 05 10 50 217  6.9  7.9  1.33  9.09  5.39  15 1017.4  28.4  28.8  24.4 99.0 99.00
2016 08 05 11 50 213  6.8  7.8  1.41  8.33  5.68  28 1017.7  28.5  28.8  24.7 99.0 99.00
2016 08 05 12 50 210  6.7  9.0  1.37  9.09  5.68  26 1017.7  28.6  28.8  24.8 99.0 99.00
2016 08 05 13 50 222  6.0  7.2  1.23  8.33  5.06  42 1017.8  28.5  28.7  25.0 99.0 99.00
2016 08 05 14 50 235  5.8  6.7  1.30  9.09  5.21  32 1018.2  28.6  28.6  25.1 99.0 99.00
2016 08 05 15 50 237  6.5  7.7  1.29  9.09  5.34  34 1018.3  28.6  28.5  24.3 99.0 99.00
2016 08 05 16 50 231  5.8  6.8  1.18  9.09  5.23  21 1017.9  28.6  28.6  24.6 99.0 99.00
2016 08 05 17 50 235  6.0  6.9  1.21  9.09  5.20  10 1017.9  28.8  28.7  24.5 99.0 99.00
2016 08 05 18 50 226  6.3  7.9  1.30 10.00  5.50   9 1017.6  28.8  28.7  24.5 99.0 99.00
2016 08 05 19 50 225  6.8  8.1  1.27  5.56  5.26 250 1017.2  28.9  28.7  24.2 99.0 99.00
2016 08 05 20 50 226  6.9  8.2  1.32  9.09  5.27  36 1017.0  28.8  28.6  24.6 99.0 99.00
2016 08 05 21 50 225  6.5  7.8  1.22  8.33  5.10  57 1016.9  28.6  28.6  24.1 99.0 99.00
2016 08 05 22 50 210  5.0  6.1  1.29  9.09  5.17  25 1017.0  28.7  28.6  24.1 99.0 99.00
2016 08 05 23 50 217  6.0  7.0  1.14  8.33  5.21  43 1016.8  28.6  28.6  25.0 99.0 99.00
2016 08 06 00 50 218  6.5  7.5  1.21  8.33  5.12  46 1016.9  28.7  28.7  24.8 99.0 99.00
2016 08 06 01 50 211  6.2  7.3  1.14  8.33  5.10  69 1017.1  28.7  28.7  24.3 99.0 99.00
2016 08 06 02 50 221  6.5  7.4  1.17  8.33  5.13  25 1017.6  28.7  28.7  24.6 99.0 99.00
2016 08 06 03 50 211  6.2  7.3  1.09  8.33  4.81  15 1017.4  28.6  28.8  24.7 99.0 99.00
2016 08 06 04 50 197  6.7  8.6  1.17  8.33  4.99  44 1017.2  28.1  28.9  23.5 99.0 99.00
2016 08 06 05 50 218  6.6  7.4  1.19  8.33  5.05  42 1016.7  28.6  28.9  24.8 99.0 99.00
2016 08 06 06 50 211  7.1  8.6  1.15  8.33  4.86  25 1016.4  28.6  28.9  24.6 99.0 99.00
2016 08 06 07 50 205  7.7  8.9  1.18  7.69  5.09  24 1016.2  28.6  28.9  24.4 99.0 99.00
2016 08 06 08 50 210  7.0  8.4  1.16  9.09  4.66  27 1016.3  28.5  28.8  24.6 99.0 99.00
2016 08 06 09 50 205  7.2  8.8  1.31  9.09  4.88  43 1016.1  28.5  28.7  24.9 99.0 99.00
2016 08 06 10 50 202  8.0  9.4  1.28  9.09  4.85  15 1016.0  28.6  28.7  24.6 99.0 99.00
2016 08 06 11 50 207  8.5  9.9  1.35  9.09  4.80  35 1016.3  28.7  28.8  24.5 99.0 99.00
2016 08 06 12 50 214  7.9  9.6  1.35  6.25  4.71 246 1016.5  28.7  28.8  24.8 99.0 99.00
2016 08 06 13 50 216  9.4 11.0  1.33  5.00  4.76 199 1016.3  28.9  28.8  24.5 99.0 99.00
2016 08 06 14 50 230  7.7  9.4  1.39  5.26  4.54 214 1016.4  28.2  28.8  24.1 99.0 99.00
2016 08 06 15 50 254  7.2  8.9  1.28  4.55  4.60 196 1016.8  27.8  28.8  23.7 99.0 99.00
2016 08 06 16 50 221  8.2  9.5  1.25  5.00  4.67 192 1016.6  29.0  28.8  24.6 99.0 99.00
2016 08 06 17 50 222  7.6  9.7  1.31  5.56  4.69 213 1016.3  28.9  28.8  25.0 99.0 99.00
2016 08 06 18 50 221  7.6  9.4  1.32  5.26  4.88 212 1016.0  29.0  28.8  25.0 99.0 99.00
2016 08 06 19 50 216  7.2  9.1  1.44  5.56  4.85 198 1015.7  28.9  28.8  25.1 99.0 99.00
2016 08 06 20 50 227  6.1  7.1  1.33  5.26  4.92 202 1015.8  28.9  28.9  25.2 99.0 99.00
2016 08 06 21 50 224  6.0  7.1  1.35  5.26  5.08 221 1015.7  29.0  28.9  25.2 99.0 99.00
2016 08 06 22 50 215  7.5  9.8  1.38  5.56  4.87 208 1015.3  27.6  28.8  23.1 99.0 99.00
2016 08 06 23 50 215  6.7  8.4  1.32 10.81  5.06  40 1015.5  28.6  28.8  25.2 99.0 99.00
2016 08 07 00 50 211  7.0  8.3  1.42  5.88  5.18 193 1015.5  28.7  28.8  25.4 99.0 99.00
2016 08 07 01 50 213  7.9  9.6  1.46  5.56  5.06 206 1015.5  28.9  28.8  25.1 99.0 99.00
2016 08 07 02 50 199  8.7  9.9  1.55  5.88  5.01 202 1015.4  28.7  28.8  25.1 99.0 99.00
2016 08 07 03 50 205  8.9 11.0  1.48  5.56  4.84 198 1015.6  28.7  28.8  25.0 99.0 99.00
2016 08 07 04 50 208  8.9 10.4  1.54  5.56  4.77 216 1015.9  28.7  28.8  25.2 99.0 99.00
2016 08 07 05 50 216  8.2  9.7  1.64  5.88  4.83 224 1015.8  28.6  28.9  24.7 99.0 99.00
2016 08 07 06 50 216  9.5 11.4  1.53  5.56  4.73 201 1015.3  28.8  28.9  24.7 99.0 99.00
2016 08 07 07 50 211  8.8 10.5  1.65  5.56  4.83 201 1015.0  28.8  28.9  25.1 99.0 99.00
2016 08 07 08 50 218  9.0 10.3  1.56  5.26  4.66 196 1015.0  28.8  28.8  24.3 99.0 99.00
2016 08 07 09 50 218  8.9 10.2  1.49  5.88  4.59 204 1015.3  28.8  28.8  24.3 99.0 99.00
2016 08 07 10 50 215  8.7 10.0  1.45  6.25  4.70 210 1015.5  28.7  28.8  24.7 99.0 99.00
2016 08 07 11 50 222  8.1  9.7  1.42  5.26  4.65 212 1015.7  28.8  28.8  24.6 99.0 99.00
2016 08 07 12 50 224  7.4  8.8  1.43  6.25  4.82 215 1016.0  28.8  28.8  24.9 99.0 99.00
2016 08 07 13 50 219  6.6  7.7  1.36  6.25  4.90 192 1016.4  28.7  28.8  25.4 99.0 99.00
2016 08 07 14 50 223  6.8  7.6  1.33  5.56  4.88 215 1016.6  28.5  28.8  25.1 99.0 99.00
2016 08 07 15 50 212  6.7  7.7  1.26  5.88  4.86 227 1016.5  28.5  28.8  25.2 99.0 99.00
2016 08 07 16 50 227  7.0  8.5  1.33  6.25  4.89 217 1016.4  28.8  28.8  24.8 99.0 99.00
2016 08 07 17 50 224  5.6  6.6  1.28  6.25  4.95 216 1016.4  28.8  28.9  25.5 99.0 99.00
2016 08 07 18 50 230  6.1  6.8  1.31  6.25  5.04 192 1016.2  29.0  29.0  24.5 99.0 99.00
2016 08 07 19 50 212  5.8  6.6  1.35  6.25  5.22 222 1016.2  28.9  29.0  25.2 99.0 99.00
2016 08 07 20 50 209  5.7  6.7  1.30  6.25  5.33 205 1015.9  29.0  29.0  25.1 99.0 99.00
2016 08 07 21 50 207  5.6  6.6  1.22  5.88  5.12 193 1015.5  29.1  29.0  25.2 99.0 99.00
2016 08 07 22 50 209  6.0  7.0  1.25  6.25  5.10 198 1015.6  29.2  29.0  25.2 99.0 99.00
2016 08 07 23 50 193  5.9  7.0  1.20  5.88  5.10 193 1015.8  29.0  28.9  25.6 99.0 99.00
2016 08 08 00 50 197  6.3  7.2  1.28  6.25  5.16 192 1016.4  29.0  28.9  25.4 99.0 99.00
2016 08 08 01 50 203  6.4  7.4  1.32  5.26  5.04 194 1016.7  29.0  28.9  25.3 99.0 99.00
2016 08 08 02 50 205  6.8  8.0  1.21  5.56  4.93 204 1016.6  28.9  28.9  25.3 99.0 99.00
2016 08 08 03 50 202  6.9  7.9  1.24  5.56  4.94 198 1016.6  29.0  29.0  25.3 99.0 99.00
2016 08 08 04 50 203  8.3  9.7  1.23  5.56  4.78 198 1016.3  28.9  29.0  25.2 99.0 99.00
2016 08 08 05 50 206  7.5  8.6  1.21  5.56  4.77 211 1016.3  28.7  29.0  25.2 99.0 99.00
2016 08 08 06 50 209  7.0  7.9  1.27  5.88  4.74 204 1016.1  28.7  29.0  24.9 99.0 99.00
2016 08 08 07 50 215  6.3  7.8  1.29  6.25  4.96 209 1016.2  28.7  29.0  25.3 99.0 99.00
2016 08 08 08 50 212  5.0  5.7  1.24  5.88  4.71 229 1016.5  27.8  29.0  24.1 99.0 99.00
2016 08 08 09 50 213  5.1  6.3  1.31  5.88  5.03 228 1016.7  28.4  29.0  25.0 99.0 99.00
2016 08 08 10 50 207  5.4  6.3  1.20  6.67  5.01 237 1017.3  28.5  28.9  25.0 99.0 99.00
2016 08 08 11 50 216  5.2  6.1  1.17  6.25  5.17 241 1017.6  28.6  28.9  24.6 99.0 99.00
2016 08 08 12 50 229  3.6  4.7  1.26  6.25  5.48 238 1018.0  28.6  28.9  24.4 99.0 99.00
2016 08 08 13 50 208  3.8  4.5  1.21 10.81  5.66  94 1018.2  28.7  29.0  24.6 99.0 99.00
2016 08 08 14 50 189  3.4  4.3  1.16  8.33  5.68 113 1018.5  28.8  29.1  24.8 99.0 99.00
2016 08 08 15 50 191  4.1  4.9  1.25  9.09  6.03  99 1018.5  28.9  29.2  25.0 99.0 99.00
2016 08 08 16 50 197  3.8  4.7  1.24  8.33  6.01 114 1018.4  28.9  29.3  24.5 99.0 99.00
2016 08 08 17 50 189  2.6  3.4  1.20  6.25  5.95 228 1018.2  29.0  29.5  24.7 99.0 99.00
2016 08 08 18 50 192  2.6  3.3  1.12 10.00  5.90 102 1017.8  29.2  29.7  24.7 99.0 99.00
2016 08 08 19 50 196  3.1  3.8  1.15  6.25  5.91 236 1017.6  29.2  29.9  24.3 99.0 99.00
2016 08 08 20 50 164  3.0  3.9  1.11  6.25  5.79 228 1017.3  29.2  29.9  24.8 99.0 99.00
2016 08 08 21 50 174  3.0  3.9  1.12  6.67  5.93 160 1017.3  29.1  29.8  24.4 99.0 99.00
2016 08 08 22 50 150  3.0  3.8  1.14  6.25  5.84 252 1017.4  29.1  29.6  24.8 99.0 99.00
2016 08 08 23 50 147  3.3  4.0  1.11 11.43  5.83  60 1017.8  29.1  29.6  24.6 99.0 99.00
2016 08 09 00 50 138  4.0  4.9  1.09  6.25  5.66 241 1018.5  29.0  29.5  24.8 99.0 99.00
2016 08 09 01 50 148  4.8  5.8  1.08  6.25  5.78 242 1019.0  29.0  29.5  24.4 99.0 99.00
2016 08 09 02 50 160  5.5  6.4  1.04 10.00  5.65 108 1019.1  29.0  29.5  24.3 99.0 99.00
2016 08 09 03 50 162  5.3  6.2  1.11 10.00  5.56 108 1019.0  28.9  29.3  24.6 99.0 99.00
2016 08 09 04 50 175  4.1  4.8  1.11 11.43  5.65  44 1019.2  28.8  29.3  25.0 99.0 99.00
2016 08 09 05 50 174  3.4  4.0  1.20  5.88  5.63 214 1019.0  28.8  29.3  24.8 99.0 99.00
2016 08 09 06 50 160  2.3  3.0  1.14  5.56  5.52 208 1018.9  28.7  29.3  24.1 99.0 99.00
2016 08 09 07 50 132  1.4  1.9  1.15  7.69  5.95 116 1018.7  28.6  29.3  24.5 99.0 99.00
2016 08 09 08 50 116  1.7  2.5  1.11  9.09  5.80 110 1018.5  28.6  29.3  24.2 99.0 99.00
2016 08 09 09 50  99  1.8  2.2  1.14 10.00  5.97  89 1019.0  28.5  29.2  24.4 99.0 99.00
2016 08 09 10 50 104  2.4  3.1  1.10  8.33  6.27 121 1019.5  28.5  29.2  24.6 99.0 99.00
2016 08 09 11 50  75  2.5  3.3  1.18 10.00  6.46 104 1020.0  28.6  29.1  25.3 99.0 99.00
2016 08 09 12 50 111  3.4  4.1  1.08 10.81  6.37  53 1020.6  28.5  29.1  24.6 99.0 99.00
2016 08 09 13 50  96  2.9  3.6  1.05  6.67  6.42 179 1021.2  28.7  29.2  24.6 99.0 99.00
2016 08 09 14 50  72  4.0  4.6  1.04 10.00  6.46  89 1021.3  28.8  29.3  24.7 99.0 99.00
2016 08 09 15 50  80  4.7  5.4  1.04  6.67  6.13 152 1021.4  28.8  29.4  25.1 99.0 99.00
2016 08 09 16 50  91  4.7  5.5  1.10 10.00  6.10  92 1021.2  28.9  29.5  24.9 99.0 99.00
2016 08 09 17 50  88  5.8  6.8  1.08  8.33  5.96 112 1021.0  29.0  29.5  24.6 99.0 99.00
2016 08 09 18 50  86  5.4  6.5  1.03  6.67  5.54 179 1020.6  29.0  29.5  24.7 99.0 99.00
2016 08 09 19 50  88  6.3  7.2  1.05  6.67  5.20 184 1020.2  28.9  29.6  24.8 99.0 99.00
2016 08 09 20 50  74  7.0  8.3  1.03  7.69  4.94 119 1019.8  28.9  29.5  24.2 99.0 99.00
2016 08 09 21 50  79  6.6  8.0  1.06  6.25  4.67 177 1019.7  28.9  29.5  23.8 99.0 99.00
2016 08 09 22 50  90  6.4  7.8  1.06  5.56  4.73 151 1020.1  28.9  29.4  23.7 99.0 99.00
2016 08 09 23 50  85  6.1  7.2  1.05  5.88  4.65 172 1020.5  28.8  29.2  24.1 99.0 99.00
2016 08 10 00 50  92  6.1  7.3  1.06  6.25  4.86 144 1020.7  28.7  29.2  24.6 99.0 99.00
2016 08 10 01 50 100  6.5  7.9  1.04 10.00  4.73 102 1021.1  28.9  29.3  24.5 99.0 99.00
2016 08 10 02 50  90  6.3  7.2  1.06 10.00  4.74  95 1021.1  28.8  29.3  25.0 99.0 99.00
2016 08 10 03 50  91  6.0  7.0  1.07 12.12  4.83  53 1021.1  28.8  29.2  25.0 99.0 99.00
2016 08 10 04 50  82  3.6  4.3  1.23  6.67  4.85 150 1021.3  28.5  29.2  23.9 99.0 99.00
2016 08 10 05 50 100  5.6  6.4  1.15  5.00  4.97 142 1020.9  28.7  29.1  24.4 99.0 99.00
2016 08 10 06 50  89  5.2  6.4  1.18  5.56  5.11 143 1020.6  28.6  29.1  24.6 99.0 99.00
2016 08 10 07 50  72  5.1  6.0  1.22  6.25  5.21 149 1020.5  28.3  29.0  24.7 99.0 99.00
2016 08 10 08 50  84  5.2  6.2  1.14 10.00  5.16  89 1020.7  28.4  29.0  24.5 99.0 99.00
2016 08 10 09 50  83  5.6  7.6  1.11  6.67  5.33 142 1020.9  28.3  29.0  24.6 99.0 99.00
2016 08 10 10 50  75  6.8  8.3  1.07  5.88  5.14 146 1021.3  28.5  29.0  24.3 99.0 99.00
2016 08 10 11 50  75  6.9  8.1  1.13  6.25  5.04 136 1021.4  28.7  29.0  24.1 99.0 99.00
2016 08 10 12 50  78  8.4  9.9  1.16  6.25  4.98 135 1021.5  28.5  29.0  25.1 99.0 99.00
2016 08 10 13 50  85  8.1  9.6  1.13  5.88  4.56 134 1021.7  28.6  29.0  25.0 99.0 99.00
2016 08 10 14 50  84  7.7  8.9  1.15 10.00  4.50  83 1022.1  28.6  29.0  25.0 99.0 99.00
2016 08 10 15 50  91  7.2  8.5  1.22  5.88  4.55 133 1022.2  28.8  29.1  24.7 99.0 99.00
2016 08 10 16 50  89  6.7  7.8  1.07  5.88  4.50 131 1021.9  28.8  29.1  24.6 99.0 99.00
2016 08 10 17 50  92  6.6  7.9  1.10  4.35  4.49  94 1021.8  28.9  29.2  24.3 99.0 99.00
2016 08 10 18 50  81  5.8  6.8  1.07  5.26  4.36 122 1021.6  28.8  29.3  24.6 99.0 99.00
2016 08 10 19 50  85  6.1  7.1  0.99  5.26  4.42 123 1021.1  28.7  29.3  25.0 99.0 99.00
2016 08 10 20 50  83  6.0  6.7  0.97  9.09  4.50  86 1020.8  29.0  29.4  24.8 99.0 99.00
2016 08 10 21 50  79  6.1  7.1  0.95  5.00  4.47 122 1020.5  28.9  29.3  25.1 99.0 99.00
2016 08 10 22 50  84  6.3  7.4  0.90  4.76  4.40 118 1020.4  29.0  29.2  24.8 99.0 99.00
2016 08 10 23 50  83  5.5  6.5  0.90 10.00  4.32  81 1020.4  28.9  29.2  24.7 99.0 99.00
2016 08 11 00 50  97  6.1  6.9  0.90  5.56  4.33 122 1020.5  28.9  29.2  24.9 99.0 99.00
2016 08 11 01 50  93  6.3  7.5  0.91  5.56  4.59 131 1020.9  28.8  29.1  24.3 99.0 99.00
2016 08 11 02 50  94  6.2  7.5  0.94  4.76  4.40 111 1021.1  28.7  29.1  24.8 99.0 99.00
2016 08 11 03 50  91  6.4  7.1  1.00  5.56  4.48 121 1020.8  28.6  29.1  24.6 99.0 99.00
2016 08 11 04 50  86  5.8  7.2  1.03  5.26  4.51 124 1020.8  28.6  29.1  25.0 99.0 99.00
2016 08 11 05 50  95  6.4  7.7  1.05  4.76  4.63  95 1020.3  28.5  29.1  25.1 99.0 99.00
2016 08 11 06 50 102  6.2  7.4  1.00  5.88  4.52 119 1020.1  28.4  29.1  24.8 99.0 99.00
2016 08 11 07 50  98  6.0  7.2  0.99  6.25  4.79 123 1019.8  28.4  29.0  24.6 99.0 99.00
2016 08 11 08 50  96  6.3  7.6  1.01  5.56  4.71 111 1019.5  28.5  29.0  25.0 99.0 99.00
2016 08 11 09 50 110  7.5  8.5  1.01  5.56  4.57 109 1019.7  28.5  29.0  24.5 99.0 99.00
2016 08 11 10 50 110  7.2  8.4  1.02  5.26  4.42 110 1020.0  28.4  29.0  24.4 99.0 99.00
2016 08 11 11 50 111  7.6  8.8  1.09  5.26  4.51 110 1020.4  28.6  29.0  24.0 99.0 99.00
2016 08 11 12 50 115  7.1  8.7  1.11  5.26  4.33 108 1020.6  28.7  29.0  24.3 99.0 99.00
2016 08 11 13 50 122  7.1  8.3  1.09  5.56  4.48 108 1020.6  28.7  29.0  24.5 99.0 99.00
2016 08 11 14 50 119  7.4  8.5  1.06  5.26  4.42  97 1020.7  28.8  29.1  24.2 99.0 99.00
2016 08 11 15 50 116  7.0  8.3  1.15  5.26  4.40  96 1020.9  28.9  29.1  24.3 99.0 99.00
2016 08 11 16 50 112  2.6  4.1  1.03  5.00  4.28  93 1021.0  27.5  29.1  24.7 99.0 99.00
2016 08 11 17 50 128  7.1  8.6  1.01  4.76  4.25  97 1020.2  28.7  29.2  24.5 99.0 99.00
2016 08 11 18 50 130  7.0  8.5  0.99  5.26  4.21  93 1020.0  28.8  29.2  24.5 99.0 99.00
2016 08 11 19 50 121  6.4  7.7  0.95  4.17  4.15 106 1019.4  28.8  29.2  24.5 99.0 99.00
2016 08 11 20 50 121  6.4  7.6  0.94  4.55  4.23 100 1019.1  28.8  29.2  24.3 99.0 99.00
2016 08 11 21 50 135  6.4  7.5  0.96  4.76  4.22 101 1019.0  28.5  29.2  24.3 99.0 99.00
2016 08 11 22 50 137  5.8  6.8  0.92  5.00  4.20  97 1019.1  28.3  29.2  24.3 99.0 99.00
2016 08 11 23 50 149  4.8  5.7  0.87  4.55  4.40  93 1018.9  28.2  29.1  24.4 99.0 99.00
2016 08 12 00 50 195  4.5  5.2  0.80  4.76  4.45  86 1019.2  27.9  29.1  24.5 99.0 99.00
2016 08 12 01 50 166  2.2  2.9  0.78  9.09  4.57  85 1019.4  28.0  29.1  24.0 99.0 99.00
2016 08 12 02 50 149  2.6  3.0  0.75  5.56  4.60 105 1019.6  28.0  29.1  24.7 99.0 99.00
2016 08 12 03 50 151  4.5  5.2  0.75  5.88  4.62  75 1019.5  28.3  29.0  24.6 99.0 99.00
2016 08 12 04 50 156  4.6  5.1  0.79  5.00  4.67  85 1019.3  28.3  29.0  24.6 99.0 99.00
2016 08 12 05 50 199  2.1  2.9  0.80  7.14  4.74  59 1019.0  27.0  29.0  24.8 99.0 99.00
2016 08 12 06 50 158  3.5  4.5  0.79  7.14  4.74  51 1018.7  27.3  29.0  24.4 99.0 99.00
2016 08 12 07 50 163  3.9  4.5  0.82  7.14  5.14  49 1018.5  28.2  29.0  24.9 99.0 99.00
2016 08 12 08 50 178  3.9  4.9  0.83  6.67  5.20  54 1018.2  28.4  29.0  24.6 99.0 99.00
2016 08 12 09 50 131  5.0  5.8  0.82  7.14  4.95  59 1018.6  27.9  29.0  25.4 99.0 99.00
2016 08 12 10 50 143  7.0  8.0  0.84  7.14  4.78  63 1018.9  27.6  29.0  24.8 99.0 99.00
2016 08 12 11 50 156  4.7  5.4  0.79  7.14  4.74  56 1019.1  27.9  29.0  24.2 99.0 99.00
2016 08 12 12 50 151  4.6  5.6  0.77  6.67  4.86  62 1019.4  28.2  29.0  24.7 99.0 99.00
2016 08 12 13 50 155  4.6  5.6  0.79  7.14  4.94  49 1019.4  28.3  29.0  24.4 99.0 99.00
2016 08 12 14 50 173  4.7  5.6  0.75  6.67  4.76  53 1019.6  28.6  29.1  24.1 99.0 99.00
2016 08 12 15 50 164  4.7  5.7  0.76  7.14  4.63  41 1019.5  28.6  29.2  24.5 99.0 99.00
2016 08 12 16 50 156  4.6  5.7  0.76  6.67  4.59  60 1019.3  28.6  29.3  24.3 99.0 99.00
2016 08 12 17 50 170  4.4  5.3  0.73  6.67  4.64  71 1018.9  28.7  29.4  23.9 99.0 99.00
2016 08 12 18 50 176  3.7  4.4  0.76  6.67  4.55  53 1018.6  28.7  29.5  24.0 99.0 99.00
2016 08 12 19 50 180  4.1  4.9  0.76  6.25  4.92  54 1018.5  28.9  29.6  23.7 99.0 99.00
2016 08 12 20 50 164  3.9  5.0  0.72  6.25  4.85  62 1018.4  28.8  29.6  23.9 99.0 99.00
2016 08 12 21 50 168  3.4  4.3  0.72  7.14  4.92  74 1018.3  28.8  29.5  23.7 99.0 99.00
2016 08 12 22 50 185  2.8  3.5  0.73  7.14  4.95  70 1018.3  28.9  29.5  23.4 99.0 99.00
2016 08 12 23 50 180  2.8  3.6  0.67  7.69  4.98  87 1018.2  28.6  29.4  24.0 99.0 99.00
2016 08 13 00 50 169  3.1  4.1  0.76  7.14  5.17  74 1018.6  28.6  29.3  23.9 99.0 99.00
2016 08 13 01 50 190  3.1  3.9  0.74  8.33  5.29  62 1019.1  28.6  29.3  23.8 99.0 99.00
2016 08 13 02 50 178  3.2  3.8  0.76  6.67  5.42  79 1019.3  28.6  29.3  23.7 99.0 99.00
2016 08 13 03 50 187  2.5  3.4  0.78  7.14  5.59  64 1019.5  28.4  29.2  23.8 99.0 99.00
2016 08 13 04 50 179  2.7  3.3  0.70  9.09  5.73  91 1019.5  28.4  29.2  24.0 99.0 99.00
2016 08 13 05 50 184  2.8  3.4  0.76  6.67  5.57  81 1019.1  28.4  29.2  23.8 99.0 99.00
2016 08 13 06 50 196  3.0  3.6  0.75  7.69  5.87  57 1018.9  28.2  29.2  24.3 99.0 99.00
2016 08 13 07 50 199  3.2  4.0  0.70  7.14  5.75  63 1018.8  28.2  29.2  24.5 99.0 99.00
2016 08 13 08 50 203  2.6  3.5  0.84  7.69  5.91  65 1018.8  28.2  29.1  24.1 99.0 99.00
2016 08 13 09 50 185  1.7  2.3  0.73  7.69  5.87  72 1019.2  28.2  29.1  23.8 99.0 99.00
2016 08 13 10 50 173  1.5  2.0  0.70  7.69  5.84  68 1019.5  28.2  29.1  23.9 99.0 99.00
2016 08 13 11 50 174  1.6  2.3  0.73  7.69  5.70  79 1019.9  28.4  29.1  23.8 99.0 99.00
2016 08 13 12 50 172  1.1  1.6  0.67  9.09  5.59  86 1020.0  28.5  29.2  23.9 99.0 99.00
2016 08 13 13 50 129  1.5  2.3  0.73  6.67  5.67  88 1019.9  28.5  29.4  23.8 99.0 99.00
2016 08 13 14 50 124  2.0  2.7  0.75  6.25  5.57  82 1020.1  28.4  29.7  23.8 99.0 99.00
2016 08 13 15 50 126  2.6  3.1  0.72  9.09  5.49  75 1020.1  28.6  29.8  23.5 99.0 99.00
2016 08 13 16 50 125  3.0  3.7  0.68  6.67  5.71  85 1019.6  28.6  30.1  23.8 99.0 99.00
2016 08 13 17 50 140  2.5  3.1  0.66  9.09  5.66  66 1019.9  28.8  30.1  23.7 99.0 99.00
2016 08 13 18 50 130  2.3  2.7  0.65  7.14  5.41  99 1019.7  28.8  30.3  23.4 99.0 99.00
2016 08 13 19 50 140  1.8  2.4  0.66  7.69  5.42  94 1019.2  29.1  30.4  22.5 99.0 99.00
2016 08 13 20 50 163  1.8  2.8  0.64  6.67  5.60 107 1019.1  29.1  30.6  22.7 99.0 99.00
2016 08 13 21 50 173  0.9  1.6  0.68  7.14  5.55  85 1019.0  29.2  30.5  23.0 99.0 99.00
2016 08 13 22 50 214  0.7  1.6  0.64  7.14  5.54  91 1019.1  29.5  30.5  23.5 99.0 99.00
2016 08 13 23 50 181  0.5  0.7  0.66  9.09  5.73  60 1019.1  28.8  30.3  23.5 99.0 99.00
2016 08 14 00 50 152  0.5  0.8  0.63  9.09  5.86 111 1019.6  28.7  30.1  23.3 99.0 99.00
2016 08 14 01 50 169  0.0  0.2  0.69  9.09  6.06  93 1020.2  28.7  30.0  23.4 99.0 99.00
2016 08 14 02 50 175  0.5  1.0  0.62  6.67  5.70 104 1020.5  28.7  29.9  23.5 99.0 99.00
2016 08 14 03 50 179  0.2  0.7  0.63  8.33  5.70  90 1020.7  28.7  29.7  23.7 99.0 99.00
2016 08 14 04 50 112  0.9  1.6  0.74  7.69  6.30  98 1020.7  28.7  29.7  23.4 99.0 99.00
2016 08 14 05 50  65  0.6  0.9  0.64  8.33  6.07 102 1020.3  28.6  29.7  23.5 99.0 99.00
2016 08 14 06 50 153  0.6  1.5  0.64  7.69  5.96  90 1020.2  28.7  29.6  23.5 99.0 99.00
2016 08 14 07 50 176  0.6  1.0  0.62  8.33  5.81  87 1020.0  28.6  29.5  23.9 99.0 99.00
2016 08 14 08 50 187  1.3  1.9  0.64  6.67  5.82  83 1020.0  28.4  29.4  24.3 99.0 99.00
2016 08 14 09 50 129  1.8  2.6  0.67  7.14  5.97  74 1020.3  28.6  29.5  24.0 99.0 99.00
2016 08 14 10 50 128  2.8  3.6  0.63  7.14  5.86  82 1020.8  28.6  29.5  23.9 99.0 99.00
2016 08 14 11 50 121  3.8  4.6  0.61  7.14  5.59  84 1020.8  28.7  29.6  23.9 99.0 99.00
2016 08 14 12 50 122  3.1  4.1  0.65  6.67  5.63  86 1021.1  28.7  29.6  23.9 99.0 99.00
2016 08 14 13 50 123  3.1  3.8  0.63  5.88  5.55  78 1021.4  28.7  29.5  23.9 99.0 99.00
2016 08 14 14 50 118  2.0  2.6  0.66  6.67  5.39  95 1021.9  28.8  29.8  23.5 99.0 99.00
2016 08 14 15 50 112  2.2  3.1  0.66  6.67  5.34  96 1021.8  28.8  30.0  23.9 99.0 99.00
2016 08 14 16 50 118  2.5  3.4  0.58  8.33  5.00  92 1021.6  28.9  30.1  23.6 99.0 99.00
2016 08 14 17 50 104  2.2  3.4  0.63  7.69  5.40  83 1021.8  28.8  30.3  23.6 99.0 99.00
2016 08 14 18 50 110  2.0  2.9  0.57  7.14  5.07  96 1021.3  28.9  30.5  23.5 99.0 99.00
2016 08 14 19 50 100  1.5  2.2  0.60  6.67  5.02  97 1020.9  29.0  30.8  23.4 99.0 99.00
2016 08 14 20 50  80  2.2  3.0  0.60  9.09  5.31  89 1020.8  29.1  30.7  23.3 99.0 99.00
2016 08 14 21 50  85  3.1  4.1  0.61  7.14  5.36 100 1020.8  29.2  30.6  23.2 99.0 99.00
2016 08 14 22 50  94  3.0  3.9  0.55  9.09  5.27  96 1020.8  29.1  30.4  23.7 99.0 99.00
2016 08 14 23 50  91  4.1  4.9  0.53  9.09  5.19  92 1020.9  28.9  30.2  23.2 99.0 99.00
2016 08 15 00 50  96  4.8  5.8  0.58  7.14  5.32  86 1021.4  28.9  30.0  23.1 99.0 99.00
2016 08 15 01 50 100  3.5  4.3  0.58  7.69  4.90  85 1022.2  28.9  29.8  23.1 99.0 99.00
2016 08 15 02 50  89  3.6  4.5  0.54  8.33  4.89  89 1022.1  28.8  29.8  23.2 99.0 99.00
2016 08 15 03 50  93  2.5  3.3  0.58  6.67  5.09 101 1022.4  28.7  29.7  23.2 99.0 99.00
2016 08 15 04 50  87  1.6  2.2  0.56  7.69  5.06  88 1022.5  28.6  29.6  23.1 99.0 99.00
2016 08 15 05 50  70  2.2  2.9  0.61  7.14  5.52  89 1022.0  28.5  29.6  23.1 99.0 99.00
2016 08 15 06 50  43  1.0  1.7  0.54  7.14  5.05 108 1021.9  28.4  29.5  23.1 99.0 99.00
2016 08 15 07 50  73  2.0  2.4  0.58  6.67  5.42  96 1021.7  28.4  29.5  23.1 99.0 99.00
2016 08 15 08 50  61  3.8  4.9  0.61  7.14  5.32 111 1021.7  28.3  29.5  23.0 99.0 99.00
2016 08 15 09 50  77  3.8  4.6  0.63  7.14  5.54 112 1021.7  28.3  29.4  23.0 99.0 99.00
2016 08 15 10 50  75  4.2  5.2  0.58  7.69  5.14 103 1022.3  28.3  29.3  22.8 99.0 99.00
2016 08 15 11 50  62  4.2  5.1  0.60  6.25  5.03  94 1022.6  28.7  29.3  22.1 99.0 99.00
2016 08 15 12 50  75  3.8  4.8  0.57  7.69  4.79 109 1022.8  28.6  29.3  22.5 99.0 99.00
2016 08 15 13 50  73  4.0  5.0  0.57  7.69  4.73  99 1022.9  28.5  29.5  23.0 99.0 99.00
2016 08 15 14 50  67  4.4  5.5  0.54  6.25  4.53 100 1023.2  28.6  29.5  22.6 99.0 99.00
2016 08 15 15 50  60  4.8  5.9  0.53  7.14  4.23 103 1023.3  28.6  29.7  23.0 99.0 99.00
2016 08 15 16 50  60  5.2  6.2  0.52  7.69  4.15 116 1023.2  28.6  29.8  23.0 99.0 99.00
2016 08 15 17 50  61  4.7  5.9  0.54  7.69  3.97 128 1022.9  28.8  29.9  22.6 99.0 99.00
2016 08 15 18 50  62  4.7  5.6  0.55  7.14  3.86 140 1022.7  29.0  29.9  22.0 99.0 99.00
2016 08 15 19 50  64  4.9  5.7  0.50  9.09  4.00  88 1022.1  29.1  29.9  21.9 99.0 99.00
2016 08 15 20 50  61  4.3  5.3  0.54  9.09  4.05  77 1021.7  29.1  29.8  22.0 99.0 99.00
2016 08 15 21 50  66  5.0  6.3  0.56  9.09  4.41 121 1021.5  29.1  29.8  22.5 99.0 99.00
2016 08 15 22 50  76  5.4  6.4  0.61  9.09  4.34 124 1021.3  29.0  29.8  24.1 99.0 99.00
2016 08 15 23 50  71  6.0  6.9  0.57  7.14  4.27 108 1021.3  28.7  29.7  24.7 99.0 99.00
2016 08 16 00 50  82  5.2  6.2  0.61  7.14  4.12 102 1021.8  28.7  29.7  24.9 99.0 99.00
2016 08 16 01 50  91  3.7  4.4  0.64  8.33  4.42  92 1022.5  28.7  29.7  25.0 99.0 99.00
2016 08 16 02 50 116  4.0  4.9  0.66  4.17  4.42  77 1022.8  28.8  29.6  24.4 99.0 99.00
2016 08 16 04 50 132  2.6  3.3  0.64  7.14  4.73  92 1022.9  28.8  29.6  24.1 99.0 99.00
2016 08 16 05 50 132  2.6  4.0  0.60  6.67  4.62  97 1022.6  28.7  29.6  24.2 99.0 99.00
2016 08 16 06 50 132  2.2  2.8  0.61  6.25  4.77 106 1022.4  28.8  29.6  24.3 99.0 99.00
2016 08 16 07 50 141  3.3  3.7  0.65  4.76  4.73  75 1022.0  28.8  29.6  24.0 99.0 99.00
2016 08 16 08 50 123  2.8  3.4  0.62  5.56  4.68  89 1022.3  28.8  29.6  24.3 99.0 99.00
2016 08 16 09 50 137  2.7  3.7  0.63  6.67  4.83 113 1022.5  28.5  29.5  24.2 99.0 99.00
2016 08 16 10 50 119  3.5  4.2  0.62  6.67  4.65 115 1023.0  28.7  29.5  24.4 99.0 99.00
2016 08 16 11 50 122  4.4  5.1  0.62  7.14  4.66 116 1023.4  28.7  29.5  24.6 99.0 99.00
2016 08 16 12 50 138  3.6  4.6  0.67  9.09  4.59 109 1023.6  28.2  29.5  24.5 99.0 99.00
2016 08 16 13 50 117  5.4  6.2  0.68  7.14  4.47 108 1023.9  29.1  29.6  24.1 99.0 99.00
2016 08 16 14 50 125  4.9  5.8  0.69  6.67  4.33 121 1024.1  29.2  29.6  24.2 99.0 99.00
2016 08 16 15 50 126  4.7  5.7  0.69  5.56  4.24 113 1024.1  29.1  29.7  24.6 99.0 99.00
2016 08 16 16 50 127  5.9  6.5  0.64  6.25  4.22 125 1023.9  29.2  29.8  24.2 99.0 99.00
2016 08 16 17 50 126  5.6  6.5  0.71  9.09  4.25  65 1023.5  29.2  29.8  24.5 99.0 99.00
2016 08 16 18 50 116  5.2  6.1  0.72  4.76  4.08 103 1023.0  29.2  29.8  23.8 99.0 99.00
2016 08 16 19 50 126  4.9  5.7  0.73 10.00  4.27  65 1022.7  29.2  29.8  24.0 99.0 99.00
2016 08 16 20 50 118  5.2  6.2  0.78  5.00  4.42 105 1022.6  29.1  29.9  23.8 99.0 99.00
2016 08 16 21 50 118  5.0  5.7  0.81  9.09  4.50  74 1022.5  29.1  29.8  23.6 99.0 99.00
2016 08 16 22 50 119  5.0  6.1  0.78  6.25  4.57 133 1022.5  29.1  29.7  23.9 99.0 99.00
2016 08 16 23 50 122  4.3  5.3  0.84  5.00  4.79 107 1022.6  28.9  29.7  24.2 99.0 99.00
2016 08 17 00 50 120  6.2  7.0  0.79  8.33  4.56  99 1022.6  29.0  29.6  23.7 99.0 99.00
2016 08 17 01 50 110  5.6  6.6  0.83  5.56  4.78 128 1023.1  28.9  29.6  23.7 99.0 99.00
2016 08 17 02 50 118  5.3  6.5  0.80  5.26  4.57 115 1023.1  28.8  29.6  23.1 99.0 99.00
2016 08 17 03 50 120  3.9  5.3  0.92  5.56  4.82 116 1023.4  28.7  29.6  23.0 99.0 99.00
2016 08 17 04 50 125  3.7  4.5  0.87  5.26  4.68 125 1023.4  28.6  29.6  22.6 99.0 99.00
2016 08 17 05 50 139  2.6  3.9  0.86  5.26  4.77 121 1023.2  28.4  29.6  22.7 99.0 99.00
2016 08 17 06 50 124  2.3  2.9  0.82  5.88  4.93 129 1023.1  28.3  29.6  23.0 99.0 99.00
2016 08 17 07 50  88  2.6  3.3  0.81  5.56  5.06 126 1022.7  28.2  29.5  23.3 99.0 99.00
2016 08 17 08 50  83  3.0  3.7  0.84  5.26  5.05 112 1022.7  28.2  29.5  23.5 99.0 99.00
2016 08 17 09 50  87  3.7  4.6  0.85  5.88  5.12 127 1022.8  28.2  29.5  23.7 99.0 99.00
2016 08 17 10 50 100  3.5  4.7  0.84  5.88  4.94 127 1023.1  28.3  29.5  23.9 99.0 99.00
2016 08 17 11 50  98  3.0  3.7  0.84  5.56  5.07 128 1023.4  28.6  29.5  23.9 99.0 99.00
2016 08 17 12 50  98  3.3  3.7  0.80  5.88  5.31 122 1023.7  28.6  29.5  23.9 99.0 99.00
2016 08 17 13 50 127  2.7  3.3  0.75  6.25  5.08 138 1023.9  28.8  29.5  23.4 99.0 99.00
2016 08 17 14 50 126  3.3  4.2  0.74  5.88  5.19 132 1023.9  28.6  29.6  23.9 99.0 99.00
2016 08 17 15 50 138  3.3  4.1  0.75  6.25  5.24 126 1023.5  28.7  29.8  24.0 99.0 99.00
2016 08 17 16 50 143  4.0  5.0  0.75  8.33  5.37  62 1023.1  28.7  29.9  24.3 99.0 99.00
2016 08 17 17 50 143  4.9  6.3  0.74  5.88  5.13 119 1022.5  28.9  29.8  24.3 99.0 99.00
2016 08 17 18 50 162  4.7  5.7  0.74  6.67  5.08 129 1022.1  29.0  29.8  24.1 99.0 99.00
2016 08 17 19 50 162  4.2  5.0  0.72  6.25  5.12 131 1021.3  29.1  29.9  23.7 99.0 99.00
2016 08 17 20 50 159  3.1  4.1  0.73  6.25  5.31 124 1021.1  29.2  29.9  24.0 99.0 99.00
2016 08 17 21 50 175  3.6  4.4  0.71  6.25  5.11 126 1020.8  29.3  29.9  23.8 99.0 99.00
2016 08 17 22 50 161  2.8  3.6  0.77  5.88  5.30 126 1020.7  29.2  29.8  24.2 99.0 99.00
2016 08 17 23 50 182  3.2  3.8  0.78  5.88  5.38 134 1020.8  29.1  29.8  24.2 99.0 99.00
2016 08 18 00 50 175  2.8  3.8  0.75  6.25  5.22 127 1021.1  29.0  29.7  24.3 99.0 99.00
2016 08 18 01 50 181  2.6  3.2  0.75  5.88  5.29 119 1021.7  29.1  29.6  23.6 99.0 99.00
2016 08 18 02 50 184  2.4  3.0  0.73  6.25  5.33 126 1022.1  29.0  29.6  24.2 99.0 99.00
2016 08 18 03 50 181  1.9  2.7  0.69  5.88  5.33 105 1022.1  28.8  29.5  24.3 99.0 99.00
2016 08 18 04 50 171  3.1  4.1  0.75  5.88  5.37 119 1021.9  28.9  29.5  24.5 99.0 99.00
2016 08 18 05 50 155  2.6  3.3  0.75  5.88  5.38 113 1021.6  28.7  29.5  24.0 99.0 99.00
2016 08 18 06 50 169  2.6  3.5  0.73  5.88  5.42 125 1021.3  28.6  29.5  24.2 99.0 99.00
2016 08 18 07 50 186  3.0  3.7  0.75  6.25  5.52 119 1020.5  28.5  29.4  23.9 99.0 99.00
2016 08 18 08 50 181  3.2  3.8  0.73  6.25  5.49 127 1020.4  28.4  29.4  24.0 99.0 99.00
2016 08 18 09 50 175  3.0  3.9  0.80  6.25  5.55 116 1020.5  28.4  29.4  23.9 99.0 99.00
2016 08 18 10 50 212  2.4  3.0  0.78  5.88  5.48 147 1021.1  28.5  29.4  23.9 99.0 99.00
2016 08 18 11 50 186  3.1  3.7  0.77  5.88  5.53 127 1021.1  28.6  29.4  23.3 99.0 99.00
2016 08 18 12 50 202  1.8  2.5  0.71  6.25  5.40 119 1021.3  28.6  29.5  23.6 99.0 99.00
2016 08 18 13 50 202  2.5  2.9  0.77  5.88  5.48 118 1021.3  28.7  29.6  23.1 99.0 99.00
2016 08 18 14 50 200  2.5  3.2  0.77  6.25  5.56 112 1021.5  28.7  29.7  23.7 99.0 99.00
2016 08 18 15 50 180  2.6  3.1  0.72  6.67  5.41 124 1020.9  28.7  30.0  23.2 99.0 99.00
2016 08 18 16 50 210  2.4  3.1  0.73  6.67  5.69 113 1020.5  28.9  30.2  23.3 99.0 99.00
2016 08 18 17 50 233  2.4  3.2  0.75  6.25  5.78 122 1020.1  28.9  30.4  23.4 99.0 99.00
2016 08 18 18 50 255  1.9  2.9  0.75  7.14  5.72 118 1019.5  29.0  30.6  23.6 99.0 99.00
2016 08 18 19 50 246  2.5  3.3  0.68  7.14  5.67 114 1019.0  29.2  30.5  23.6 99.0 99.00
2016 08 18 20 50 203  2.7  3.5  0.73  7.14  5.84 116 1018.4  29.2  30.5  23.7 99.0 99.00
2016 08 18 21 50 222  2.8  3.3  0.69  7.14  5.75 131 1018.0  29.2  30.5  23.2 99.0 99.00
2016 08 18 22 50 224  2.4  3.4  0.74  7.14  5.80 121 1018.0  29.1  30.3  23.2 99.0 99.00
2016 08 18 23 50 211  2.8  3.5  0.72  6.67  5.87 108 1018.2  28.9  30.2  23.3 99.0 99.00
2016 08 19 00 50 195  2.6  3.5  0.72  6.67  5.76 114 1018.5  28.9  30.1  23.4 99.0 99.00
2016 08 19 01 50 191  3.2  3.9  0.74  6.67  5.68 106 1019.2  29.1  30.0  22.4 99.0 99.00
2016 08 19 02 50 205  3.4  4.3  0.75  7.14  5.60 118 1019.4  29.0  29.9  22.5 99.0 99.00
2016 08 19 04 50 207  3.8  4.8  0.73  6.67  5.44 109 1018.6  28.9  29.7  22.5 99.0 99.00
2016 08 19 05 50 220  3.7  5.0  0.69  6.25  5.33 137 1018.1  28.8  29.6  22.4 99.0 99.00
2016 08 19 06 50 194  4.8  6.0  0.73  7.69  5.55  94 1017.5  28.7  29.6  23.0 99.0 99.00
2016 08 19 07 50 223  4.6  5.5  0.68  7.14  5.09 118 1017.2  28.6  29.6  23.0 99.0 99.00
2016 08 19 08 50 230  4.3  5.5  0.70  7.69  5.09 112 1017.0  28.6  29.6  23.0 99.0 99.00
2016 08 19 09 50 238  4.2  4.9  0.70  7.69  5.01 109 1017.3  28.6  29.6  22.8 99.0 99.00
2016 08 19 10 50 225  4.1  5.0  0.76  7.14  5.27 106 1017.5  28.5  29.6  22.7 99.0 99.00
2016 08 19 11 50 230  4.8  5.9  0.73  7.14  5.06 112 1017.8  28.6  29.6  22.6 99.0 99.00
2016 08 19 12 50 242  4.6  6.4  0.74  7.14  5.23 112 1018.1  28.6  29.6  22.7 99.0 99.00
2016 08 19 13 50 268  4.7  6.2  0.72  7.14  5.10 120 1018.3  28.7  29.6  23.1 99.0 99.00
2016 08 19 14 50 305  8.4  9.7  0.73  5.88  4.80 147 1018.2  26.3  29.6  23.2 99.0 99.00
2016 08 19 15 50 261  4.2  4.9  0.75  6.67  4.59 130 1017.6  27.3  29.7  22.9 99.0 99.00
2016 08 19 16 50 274  5.6  6.9  0.78  7.14  4.57 131 1017.2  27.9  29.7  23.9 99.0 99.00
2016 08 19 17 50 258  5.8  7.1  0.82  6.67  4.51 170 1016.9  28.5  29.7  23.4 99.0 99.00
2016 08 19 18 50 261  6.0  7.1  0.88  6.67  4.54 168 1016.4  28.7  29.8  23.5 99.0 99.00
2016 08 19 19 50 258  6.2  7.4  0.84  7.69  4.49 134 1015.7  28.7  29.8  23.9 99.0 99.00
2016 08 19 20 50 264  5.0  6.3  0.86  4.35  4.37 290 1015.0  28.9  29.8  23.6 99.0 99.00
2016 08 19 21 50 247  4.4  5.4  0.88  7.69  4.63 112 1014.8  29.0  29.8  23.5 99.0 99.00
2016 08 19 22 50 253  5.1  6.6  0.89  6.67  4.76 111 1014.7  29.0  29.8  23.7 99.0 99.00
2016 08 19 23 50 278  5.7  6.8  0.83  7.14  4.79 134 1015.0  28.5  29.8  24.4 99.0 99.00
2016 08 20 00 50 279  5.0  6.4  0.84  5.00  4.69 285 1015.1  28.4  29.7  23.7 99.0 99.00
2016 08 20 01 50 270  2.4  3.1  0.87  5.56  4.84 285 1015.9  28.2  29.7  23.8 99.0 99.00
2016 08 20 02 50 255  4.9  6.0  0.84  6.67  4.83 130 1016.1  28.5  29.7  23.1 99.0 99.00
2016 08 20 03 50 245  5.0  6.0  0.87  7.14  4.86 135 1015.8  28.6  29.7  22.6 99.0 99.00
2016 08 20 04 50 248  5.8  7.1  0.85  5.56  4.55 259 1015.2  28.5  29.6  23.6 99.0 99.00
2016 08 20 05 50 242  5.6  6.7  0.82  4.76  4.62 277 1014.9  28.5  29.6  23.9 99.0 99.00
2016 08 20 06 50 244  6.1  7.3  0.83  5.00  4.57 274 1014.5  28.5  29.5  23.7 99.0 99.00
2016 08 20 07 50 234  6.3  7.5  0.81  7.69  4.56 114 1013.9  28.6  29.5  23.7 99.0 99.00
2016 08 20 08 50 226  6.3  7.7  0.83  5.56  4.54 271 1013.6  28.7  29.5  23.8 99.0 99.00
2016 08 20 09 50 227  7.6  8.7  0.92  7.69  4.47 102 1013.8  28.8  29.4  23.8 99.0 99.00
2016 08 20 10 50 232  7.1  8.9  0.92  7.69  4.23  97 1014.0  28.8  29.4  23.5 99.0 99.00
2016 08 20 11 50 236  7.2  8.5  0.93  4.76  4.24 269 1014.4  29.0  29.4  23.4 99.0 99.00
2016 08 20 12 50 251  8.4  9.6  0.95  7.14  4.40 115 1014.8  29.0  29.3  23.7 99.0 99.00
2016 08 20 13 50 338  8.4 10.3  1.22  4.76  4.20 313 1015.7  24.7  29.3  22.5 99.0 99.00
2016 08 20 14 50 139  2.0  3.3  1.12  4.76  4.54 285 1015.6  23.9  29.1  22.6 99.0 99.00
2016 08 20 15 50 271  2.6  4.2  1.04  5.00  4.59 274 1015.0  25.0  28.9  22.0 99.0 99.00
2016 08 20 16 50 249  3.8  4.9  1.08  5.00  4.77 269 1014.7  25.6  29.1  22.3 99.0 99.00
2016 08 20 17 50 237  6.1  7.0  1.15  5.26  4.94 263 1013.5  26.4  29.2  23.5 99.0 99.00
2016 08 20 18 50 247  7.5  9.0  1.13  5.88  4.85 266 1012.9  27.1  29.2  22.6 99.0 99.00
2016 08 20 19 50 245  8.5 10.2  1.12  5.88  4.61 263 1012.6  27.2  29.3  22.9 99.0 99.00
2016 08 20 20 50 250  6.6  8.2  1.13  5.00  4.66 271 1012.5  27.5  29.3  22.4 99.0 99.00
2016 08 20 21 50 256  7.2  8.7  1.12  6.67  4.63 271 1012.4  28.3  29.3  21.2 99.0 99.00
2016 08 20 22 50 262  6.5  7.8  1.12  5.88  4.69 273 1012.5  28.3  29.3  22.1 99.0 99.00
2016 08 20 23 50 261  6.2  7.3  1.09  5.56  4.63 285 1012.6  28.1  29.3  22.6 99.0 99.00
2016 08 21 00 50 266  6.2  7.4  1.06  5.88  4.71 270 1013.0  28.3  29.2  22.8 99.0 99.00
2016 08 21 01 50 261  6.4  7.5  0.98  5.88  4.56 286 1013.5  28.4  29.2  23.5 99.0 99.00
2016 08 21 02 50 248  6.1  7.3  0.98  5.88  4.49 278 1013.6  28.4  29.2  24.1 99.0 99.00
2016 08 21 03 50 243  6.4  7.9  1.03  5.56  4.63 271 1013.5  28.5  29.2  24.5 99.0 99.00
2016 08 21 04 50 242  7.4  8.5  1.03  5.26  4.48 269 1013.5  28.7  29.1  23.9 99.0 99.00
2016 08 21 05 50 250  8.0  9.5  0.99  5.26  4.40 267 1013.2  28.9  29.1  24.0 99.0 99.00
2016 08 21 06 50 251  8.0  9.5  1.08  4.55  4.34 265 1012.7  28.9  29.2  24.1 99.0 99.00
2016 08 21 07 50 256  7.1  8.5  1.13  5.56  4.50 276 1012.5  28.8  29.2  24.6 99.0 99.00
2016 08 21 08 50 260  6.1  7.1  1.03  5.26  4.45 279 1012.6  28.9  29.2  25.0 99.0 99.00
2016 08 21 09 50 272  6.4  7.5  0.99  5.56  4.41 280 1013.1  29.0  29.2  25.2 99.0 99.00
2016 08 21 10 50 269  6.1  7.4  1.01  5.26  4.57 272 1013.5  28.9  29.2  25.6 99.0 99.00
2016 08 21 11 50 275  6.5  7.7  1.01  5.56  4.38 276 1014.1  29.0  29.2  25.7 99.0 99.00
2016 08 21 12 50 267  7.5  8.6  0.97  5.26  4.53 275 1013.9  29.0  29.2  25.3 99.0 99.00
2016 08 21 13 50 256  8.5  9.9  1.01  5.56  4.28 279 1013.9  29.1  29.2  25.3 99.0 99.00
2016 08 21 14 50 255  9.0 10.5  1.14  5.26  4.42 266 1013.8  29.2  29.2  25.6 99.0 99.00
2016 08 21 15 50 256  9.8 11.4  1.20  5.26  4.39 269 1014.2  29.2  29.2  25.7 99.0 99.00
2016 08 21 16 50 256  7.8  9.2  1.28  5.26  4.37 260 1014.6  29.0  29.2  25.8 99.0 99.00
2016 08 21 17 50 256  6.0  7.0  1.25  5.56  4.50 268 1015.1  29.2  29.2  26.0 99.0 99.00
2016 08 21 18 50 233  5.8  6.9  1.17  5.56  4.64 245 1014.9  29.2  29.2  26.3 99.0 99.00
2016 08 21 19 50 242  6.2  7.5  1.18  5.56  4.68 255 1014.3  29.2  29.2  26.6 99.0 99.00
2016 08 21 20 50 268  6.7  7.6  1.20  5.26  4.65 254 1014.0  29.2  29.2  26.2 99.0 99.00
2016 08 21 21 50 259  6.7  7.6  1.14  5.56  4.52 269 1013.6  29.2  29.2  26.1 99.0 99.00
2016 08 21 22 50 255  5.8  7.0  1.11  5.26  4.65 260 1013.6  29.1  29.2  26.5 99.0 99.00
2016 08 21 23 50 262  5.8  6.6  1.00  5.26  4.46 256 1014.0  29.1  29.2  26.3 99.0 99.00
2016 08 22 00 50 260  6.2  7.3  1.05  5.26  4.65 259 1014.3  29.1  29.2  26.2 99.0 99.00
2016 08 22 01 50 244  5.2  6.3  1.03  5.56  4.59 238 1015.0  29.1  29.1  26.5 99.0 99.00
2016 08 22 02 50 243  6.2  7.0  0.99  5.56  4.59 241 1015.5  29.1  29.1  26.5 99.0 99.00
2016 08 22 04 50 240  6.5  7.5  0.98  5.56  4.55 245 1015.6  29.0  29.1  26.5 99.0 99.00
2016 08 22 05 50 244  7.0  8.1  1.00  5.00  4.40 242 1015.2  29.0  29.1  26.0 99.0 99.00
2016 08 22 06 50 252  7.5  8.9  1.06  5.88  4.34 256 1014.9  29.1  29.1  25.7 99.0 99.00
2016 08 22 07 50 258  7.3  8.8  1.09  5.26  4.45 266 1014.7  29.0  29.1  25.7 99.0 99.00
2016 08 22 08 50 263  7.1  8.8  1.07  5.26  4.42 256 1014.6  29.0  29.1  25.8 99.0 99.00
2016 08 22 09 50 262  7.3  8.7  1.13  5.26  4.41 267 1014.9  28.9  29.1  25.8 99.0 99.00
2016 08 22 10 50 270  6.8  7.8  1.08  5.26  4.31 263 1015.7  29.0  29.1  25.8 99.0 99.00
2016 08 22 11 50 265  6.4  7.5  1.05  5.56  4.40 263 1016.2  29.1  29.1  25.8 99.0 99.00
2016 08 22 12 50 270  6.3  7.5  1.09  5.26  4.54 272 1016.4  29.2  29.1  26.2 99.0 99.00
2016 08 22 13 50 268  6.3  7.3  1.06  5.88  4.57 275 1016.7  29.2  29.2  26.4 99.0 99.00
2016 08 22 14 50 266  5.8  7.0  1.06  5.56  4.40 269 1017.0  29.2  29.2  26.8 99.0 99.00
2016 08 22 15 50 269  6.0  6.9  1.12  5.56  4.72 282 1017.3  29.3  29.2  27.0 99.0 99.00
2016 08 22 16 50 280  5.7  7.2  1.02  5.88  4.63 289 1017.4  29.4  29.3  27.0 99.0 99.00
2016 08 22 17 50 278  4.3  5.4  1.06  5.56  4.72 279 1017.4  29.5  29.4  26.1 99.0 99.00
2016 08 22 18 50 276  5.2  6.1  0.96  5.56  4.84 276 1017.2  29.5  29.5  27.3 99.0 99.00
2016 08 22 19 50 307  4.9  5.7  0.95  5.56  4.79 293 1017.2  29.7  29.6  27.0 99.0 99.00
2016 08 22 20 50 328  4.8  5.6  0.97  5.26  4.75 292 1017.2  29.6  29.6  26.9 99.0 99.00
2016 08 22 21 50 352  5.2  6.1  0.91  5.26  4.71 290 1017.4  29.6  29.5  26.3 99.0 99.00
2016 08 22 22 50   6  5.5  6.3  0.86  5.26  4.79 279 1017.6  29.3  29.4  26.1 99.0 99.00
2016 08 22 23 50   8  5.4  6.3  0.82  5.88  4.53 311 1018.0  29.1  29.3  25.5 99.0 99.00
2016 08 23 00 50  13  5.3  6.5  0.78  5.26  4.48 297 1018.6  29.1  29.3  25.0 99.0 99.00
2016 08 23 01 50  28  5.2  6.2  0.77  5.56  4.45 289 1019.2  29.1  29.3  25.0 99.0 99.00
2016 08 23 02 50  38  5.6  6.6  0.76  5.26  4.45 285 1019.6  29.0  29.3  25.2 99.0 99.00
2016 08 23 03 50  44  5.8  6.9  0.71  5.88  4.31 274 1019.6  28.9  29.3  24.9 99.0 99.00
2016 08 23 04 50  47  6.4  7.8  0.74  5.00  4.06 290 1019.8  28.7  29.3  25.5 99.0 99.00
2016 08 23 05 50  56  5.6  6.9  0.78  5.26  4.15 276 1019.6  28.7  29.3  25.0 99.0 99.00
2016 08 23 06 50  56  4.9  5.9  0.79  5.00  4.30 294 1019.5  28.7  29.3  24.9 99.0 99.00
2016 08 23 07 50  47  5.9  6.9  0.83  5.88  4.41 257 1019.4  28.7  29.3  24.4 99.0 99.00
2016 08 23 08 50  41  7.0  8.3  0.87  5.56  4.34 267 1019.2  28.6  29.3  24.7 99.0 99.00
2016 08 23 09 50  41  6.7  7.6  0.93  5.88  4.43 266 1019.9  28.6  29.3  24.2 99.0 99.00
2016 08 23 10 50  42  9.0 10.6  1.06  5.00  4.32 320 1020.2  28.4  29.3  23.8 99.0 99.00
2016 08 23 11 50  46  8.4  9.7  1.21  4.35  4.42  17 1020.9  28.4  29.3  23.6 99.0 99.00
2016 08 23 12 50  51  8.5  9.8  1.31  5.00  4.56   4 1021.4  28.4  29.3  23.3 99.0 99.00
2016 08 23 13 50  47  9.4 10.9  1.38  5.56  4.61   1 1021.9  28.3  29.3  22.6 99.0 99.00
2016 08 23 14 50  43  8.9 10.7  1.49  5.26  4.70  18 1022.4  28.3  29.3  22.7 99.0 99.00
2016 08 23 15 50  43  8.1 10.1  1.43  5.26  4.64  19 1022.3  28.3  29.4  22.3 99.0 99.00
2016 08 23 16 50  41  8.2  9.6  1.42  5.26  4.63  37 1022.1  28.2  29.4  22.0 99.0 99.00
2016 08 23 17 50  45  7.9  9.1  1.42  5.00  4.65  44 1021.9  28.2  29.4  21.5 99.0 99.00
2016 08 23 18 50  44  7.2  8.4  1.27  5.56  4.67  20 1021.5  28.3  29.4  21.1 99.0 99.00
2016 08 23 19 50  45  6.8  8.5  1.28  5.26  4.78  21 1021.0  28.4  29.5  21.0 99.0 99.00
2016 08 23 20 50  47  6.4  7.8  1.19  7.14  4.63  47 1020.9  28.3  29.5  21.6 99.0 99.00
2016 08 23 21 50  55  6.6  8.4  1.19  5.00  4.67  42 1021.1  28.5  29.5  21.5 99.0 99.00
2016 08 23 22 50  53  6.6  8.3  1.16  7.14  4.74  21 1020.8  28.4  29.5  21.4 99.0 99.00
2016 08 23 23 50  61  7.2  8.2  1.09  5.26  4.69  35 1020.8  28.4  29.5  22.0 99.0 99.00
2016 08 24 00 50  62  7.7  9.2  1.24  4.76  4.54  45 1021.2  28.4  29.4  22.4 99.0 99.00
2016 08 24 01 50  60  7.8  9.2  1.28  5.26  4.60  35 1021.4  28.3  29.4  21.6 99.0 99.00
2016 08 24 02 50  57  7.6  9.4  1.29  5.26  4.53  37 1021.3  28.2  29.3  21.4 99.0 99.00
2016 08 24 03 50  65  7.6  9.0  1.38  4.76  4.77  48 1021.4  28.3  29.3  21.4 99.0 99.00
2016 08 24 04 50  64  7.8  9.8  1.21  5.56  4.53  28 1021.2  28.1  29.3  20.6 99.0 99.00
2016 08 24 05 50  59  7.4  9.3  1.26  5.26  4.65  50 1021.0  28.0  29.3  20.8 99.0 99.00
2016 08 24 06 50  50  7.0  8.2  1.26  5.00  4.60  61 1020.8  27.9  29.3  21.0 99.0 99.00
2016 08 24 07 50  53  7.2  8.8  1.16  5.00  4.70  51 1020.6  27.9  29.3  21.0 99.0 99.00
2016 08 24 08 50  51  7.5  9.0  1.23  5.26  4.78  56 1020.4  27.8  29.2  21.1 99.0 99.00
2016 08 24 09 50  62  8.1  9.8  1.24  5.56  4.61  59 1020.3  27.9  29.2  20.4 99.0 99.00
2016 08 24 10 50  57  7.6  9.4  1.34  5.26  4.85  55 1020.8  27.9  29.2  20.2 99.0 99.00
2016 08 24 11 50  56  7.3  8.8  1.28  5.56  4.79  61 1021.1  28.0  29.2  21.5 99.0 99.00
2016 08 24 12 50  59  8.6  9.9  1.35  5.26  4.66  53 1021.2  28.0  29.2  21.2 99.0 99.00
2016 08 24 13 50  62  8.2  9.6  1.47  5.56  4.83  65 1021.4  27.9  29.2  20.7 99.0 99.00
2016 08 24 14 50  53  7.6  9.2  1.38  5.56  4.85  51 1021.7  27.9  29.2  20.6 99.0 99.00
2016 08 24 15 50  51  7.8  9.1  1.40 11.43  4.90  97 1021.4  28.0  29.2  20.5 99.0 99.00
2016 08 24 16 50  53  7.7  9.4  1.43 11.43  4.88 100 1021.2  28.1  29.3  20.2 99.0 99.00
2016 08 24 17 50  52  7.7  9.7  1.47  5.56  4.93  67 1020.7  27.9  29.3  20.8 99.0 99.00
2016 08 24 18 50  48  7.2  9.0  1.46 11.43  4.96  92 1020.5  27.9  29.3  20.5 99.0 99.00
2016 08 24 19 50  45  7.3  9.4  1.50  5.88  5.13  74 1020.0  28.0  29.3  20.7 99.0 99.00
2016 08 24 20 50  45  7.2  8.8  1.48 10.81  5.15 100 1019.5  28.0  29.3  19.9 99.0 99.00
2016 08 24 21 50  46  7.3  8.8  1.44  5.88  5.01  67 1019.3  28.0  29.3  21.2 99.0 99.00
2016 08 24 22 50  38  7.7  8.8  1.39 10.81  5.04 103 1019.2  28.1  29.3  21.7 99.0 99.00
2016 08 24 23 50  47  7.4  8.6  1.38 10.00  5.01 109 1019.3  27.9  29.2  22.7 99.0 99.00
2016 08 25 00 50  60  6.3  7.6  1.27  5.26  5.06  74 1019.6  28.1  29.2  22.3 99.0 99.00
2016 08 25 01 50  61  8.7 10.2  1.34 10.00  4.92 107 1019.7  28.0  29.2  22.8 99.0 99.00
2016 08 25 02 50  69  9.1 10.8  1.59 10.00  4.99  97 1019.6  27.9  29.2  23.0 99.0 99.00
2016 08 25 04 50  70 10.4 11.9  1.92  6.25  5.21  61 1019.1  26.7  29.2  22.6 99.0 99.00
2016 08 25 05 50  60  8.7 10.2  1.74  6.25  5.40  60 1018.7  27.7  29.2  22.2 99.0 99.00
2016 08 25 06 50  68  9.1 10.5  1.71  6.25  5.25  49 1018.2  27.6  29.2  22.1 99.0 99.00
2016 08 25 07 50  62  9.4 11.1  1.80  6.67  5.29  53 1017.8  27.4  29.1  21.1 99.0 99.00
2016 08 25 08 50  63  8.9 10.6  1.90  6.67  5.37  64 1017.8  27.4  29.1  21.2 99.0 99.00
2016 08 25 09 50  63  8.5 10.1  1.95  6.67  5.46  69 1018.1  27.3  29.1  21.0 99.0 99.00
2016 08 25 10 50  65  8.0  9.6  1.94  6.25  5.62  72 1018.4  27.3  29.1  20.6 99.0 99.00
2016 08 25 11 50  63  7.0  8.6  1.74  7.69  5.33  89 1018.9  27.2  29.1  20.4 99.0 99.00
2016 08 25 12 50  49  7.7  9.8  1.67  6.67  5.34  76 1019.1  27.2  29.1  20.0 99.0 99.00
2016 08 25 13 50  45  7.1  9.4  1.61  7.14  5.27  78 1019.3  27.4  29.1  19.5 99.0 99.00
2016 08 25 14 50  45  7.2  8.7  1.46  6.67  5.11  82 1019.4  27.5  29.1  18.7 99.0 99.00
2016 08 25 15 50  47  7.5  9.0  1.53  6.67  5.14  72 1019.4  27.6  29.1  18.3 99.0 99.00
2016 08 25 16 50  46  7.4  8.6  1.47  8.33  5.21  98 1018.8  27.6  29.1  18.9 99.0 99.00
2016 08 25 17 50  48  7.3  8.7  1.44  8.33  5.07 102 1018.6  27.6  29.1  20.2 99.0 99.00
2016 08 25 18 50  48  6.9  8.6  1.31  8.33  5.10 108 1018.1  27.9  29.1  19.5 99.0 99.00
2016 08 25 19 50  52  6.7  8.8  1.41  8.33  5.41  95 1017.7  28.0  29.1  20.2 99.0 99.00
2016 08 25 20 50  47  6.3  8.3  1.28  8.33  5.04  93 1017.5  27.9  29.1  20.7 99.0 99.00
2016 08 25 21 50  46  6.5  7.9  1.26  8.33  4.81  94 1017.4  28.0  29.1  20.2 99.0 99.00
2016 08 25 22 50  53  5.9  7.3  1.21  8.33  4.75 108 1017.2  27.9  29.1  20.4 99.0 99.00
2016 08 25 23 50  52  5.6  7.0  1.29  6.67  5.03  70 1017.3  27.7  29.1  20.2 99.0 99.00
2016 08 26 00 50  57  5.5  6.8  1.24  6.67  5.00  82 1017.5  27.6  29.1  20.1 99.0 99.00
2016 08 26 01 50  54  5.5  7.2  1.28  7.69  5.33  88 1017.6  27.5  29.1  20.7 99.0 99.00
2016 08 26 02 50  53  6.0  7.7  1.10  7.69  4.91  91 1017.4  27.4  29.1  20.4 99.0 99.00
2016 08 26 03 50  49  6.1  7.4  1.19  7.69  4.85  87 1017.1  27.5  29.1  20.5 99.0 99.00
2016 08 26 04 50  42  5.6  7.0  1.16  7.69  5.06  90 1017.1  27.3  29.0  20.2 99.0 99.00
2016 08 26 05 50  39  5.0  7.1  1.16  7.69  5.03 111 1016.8  27.3  29.0  19.9 99.0 99.00
2016 08 26 06 50  27  4.7  5.6  1.12  8.33  5.12 106 1016.6  27.3  29.0  19.7 99.0 99.00
2016 08 26 07 50  26  3.3  4.8  1.03  5.56  5.06  95 1016.5  27.2  29.0  21.0 99.0 99.00
2016 08 26 08 50  20  4.3  6.3  1.11  6.67  5.23  99 1016.4  27.4  29.0  21.9 99.0 99.00
2016 08 26 09 50  53  6.9  8.9  1.13  7.14  4.90 102 1016.5  25.1  29.0  22.7 99.0 99.00
2016 08 26 10 50  18  7.1  8.6  1.06  7.14  4.66  94 1016.8  26.6  29.0  22.4 99.0 99.00
2016 08 26 11 50   3  5.3  6.3  1.07  7.69  4.82 109 1017.2  27.0  29.0  22.1 99.0 99.00
2016 08 26 12 50  38  4.0  5.1  1.08  8.33  5.13 101 1017.2  26.1  29.0  23.7 99.0 99.00
2016 08 26 13 50  59  7.8  9.4  1.04  7.14  4.92  84 1017.1  26.6  29.0  23.4 99.0 99.00
2016 08 26 14 50  61 10.1 12.0  1.19  7.69  4.70  86 1017.0  27.8  29.0  23.9 99.0 99.00
2016 08 26 15 50  67 11.0 13.7  1.43  5.00  4.63  67 1016.9  27.7  29.0  24.1 99.0 99.00
2016 08 26 16 50  63 10.6 12.4  1.81  5.88  4.93  74 1016.5  27.9  29.0  23.5 99.0 99.00
2016 08 26 17 50  67 10.6 12.3  1.94  5.56  5.10  69 1016.4  27.9  29.0  23.9 99.0 99.00
2016 08 26 18 50  62 10.3 12.2  1.97  5.56  5.12  70 1016.1  28.0  29.0  23.9 99.0 99.00
2016 08 26 19 50  59 10.4 13.1  1.87  5.56  5.05  68 1016.1  28.0  29.0  23.3 99.0 99.00
2016 08 26 20 50  62  9.4 10.6  2.00  5.88  5.46  79 1016.0  28.1  29.0  23.1 99.0 99.00
2016 08 26 21 50  65  8.7 10.4  1.66 10.00  5.27 123 1016.0  28.1  29.0  22.9 99.0 99.00
2016 08 26 22 50  69  7.9  9.2  1.64 10.81  5.02 123 1016.1  27.9  29.0  22.7 99.0 99.00
2016 08 26 23 50  78  7.9  9.5  1.72 10.81  5.49 132 1016.1  27.7  28.9  23.8 99.0 99.00
2016 08 27 00 50  80  7.6  9.2  1.72 10.00  5.66 121 1016.1  27.8  28.9  23.4 99.0 99.00
2016 08 27 01 50  87  7.5  8.6  1.65 10.00  5.84 124 1016.3  27.8  28.9  23.5 99.0 99.00
2016 08 27 02 50  89  6.6  8.0  1.54 10.00  5.96 127 1016.5  27.8  28.9  23.4 99.0 99.00
2016 08 27 03 50  86  5.9  7.2  1.45  9.09  5.64 118 1016.8  27.8  28.8  23.9 99.0 99.00
2016 08 27 04 50  86  5.1  6.2  1.47 10.00  5.96 133 1016.8  27.9  28.8  23.9 99.0 99.00
2016 08 27 05 50  79  4.6  5.5  1.27 10.00  5.42 131 1016.9  27.8  28.8  23.4 99.0 99.00
2016 08 27 06 50  63  3.6  4.8  1.35  9.09  5.81 124 1016.9  27.8  28.8  23.1 99.0 99.00
2016 08 27 07 50  57  4.3  5.0  1.32  9.09  5.93 129 1016.7  27.8  28.8  23.2 99.0 99.00
2016 08 27 08 50  49  4.7  5.6  1.26  9.09  5.78 135 1016.5  27.7  28.8  23.0 99.0 99.00
2016 08 27 09 50  42  5.4  6.8  1.20 10.00  5.76 118 1016.6  27.7  28.8  23.3 99.0 99.00
2016 08 27 10 50  46  5.4  6.4  1.21  9.09  5.78 126 1017.0  27.8  28.8  23.2 99.0 99.00
2016 08 27 11 50  46  5.9  7.1  1.12  9.09  5.44 128 1017.4  27.7  28.8  22.7 99.0 99.00
2016 08 27 12 50  43  6.2  7.5  1.19  9.09  5.47 117 1017.5  27.9  28.8  22.1 99.0 99.00
2016 08 27 13 50  46  6.8  8.5  1.25  9.09  5.43 117 1018.0  27.9  28.8  22.6 99.0 99.00
2016 08 27 14 50  50  7.1  8.2  1.23  8.33  5.20 108 1018.1  28.1  28.9  21.9 99.0 99.00
2016 08 27 15 50  58  7.8  9.4  1.28  9.09  5.23 117 1017.8  27.2  28.9  23.6 99.0 99.00
2016 08 27 16 50  58  7.6  8.7  1.27  7.69  4.99 109 1017.6  27.8  28.9  23.1 99.0 99.00
2016 08 27 17 50  51  7.4  8.3  1.37  7.69  4.83  99 1017.1  27.9  28.9  23.6 99.0 99.00
2016 08 27 18 50  58  6.8  8.0  1.43  7.69  5.15 108 1016.6  27.8  29.0  23.8 99.0 99.00
2016 08 27 19 50  60  7.8  9.3  1.34  8.33  5.15 124 1016.0  28.2  29.0  23.9 99.0 99.00
2016 08 27 20 50  64  7.6  8.9  1.37  8.33  5.04 113 1016.0  28.2  29.0  24.2 99.0 99.00
2016 08 27 21 50  64  7.6  8.6  1.26  9.09  4.92 109 1015.9  28.2  29.0  23.7 99.0 99.00
2016 08 27 22 50  61  6.7  7.6  1.28  8.33  4.88 113 1016.0  28.2  29.0  24.4 99.0 99.00
2016 08 27 23 50  65  6.4  7.5  1.27  9.09  5.01 115 1016.2  28.1  29.0  24.3 99.0 99.00
2016 08 28 00 50  68  6.9  8.1  1.26  7.69  5.06 124 1016.5  28.1  29.0  24.5 99.0 99.00
2016 08 28 01 50  58  6.7  8.0  1.25  7.69  5.11 115 1017.0  28.2  29.0  24.6 99.0 99.00
2016 08 28 02 50  75  5.6  7.0  1.28  8.33  5.25 130 1017.5  28.0  29.0  24.0 99.0 99.00
2016 08 28 03 50  74  5.7  8.6  1.20  7.69  5.18 103 1017.7  27.4  29.0  23.6 99.0 99.00
2016 08 28 04 50  41  5.0  6.1  1.16  9.09  5.19 110 1017.6  27.4  29.0  23.0 99.0 99.00
2016 08 28 05 50  56  5.3  6.8  1.11  7.69  5.32 136 1017.1  28.0  28.9  24.0 99.0 99.00
2016 08 28 06 50  64  5.0  6.0  1.09  7.14  5.34 120 1016.8  28.1  28.9  23.9 99.0 99.00
2016 08 28 07 50  51  6.5  7.5  1.09  7.69  5.20 102 1016.6  27.9  28.9  24.0 99.0 99.00
2016 08 28 08 50  59  5.7  6.7  1.06  7.69  4.97 116 1016.7  27.9  28.9  23.9 99.0 99.00
2016 08 28 09 50  58  6.4  7.3  1.05  7.69  4.90 116 1016.5  27.8  28.9  23.9 99.0 99.00
2016 08 28 10 50  64  5.8  6.9  1.11  9.09  5.00 120 1017.3  27.7  28.9  23.3 99.0 99.00
2016 08 28 11 50  69  6.0  6.9  1.07  8.33  4.96  97 1017.6  27.8  28.9  22.8 99.0 99.00
2016 08 28 12 50  74  5.3  6.4  1.03  7.69  4.76 116 1017.8  27.9  28.9  23.1 99.0 99.00
2016 08 28 13 50  63  5.1  6.2  1.07  7.14  4.93 115 1018.1  28.0  28.9  23.3 99.0 99.00
2016 08 28 14 50  73  5.0  6.0  0.94  9.09  4.87 111 1018.4  28.1  29.0  23.6 99.0 99.00
2016 08 28 15 50  62  4.0  4.9  0.95  8.33  4.94 116 1018.5  28.1  29.0  23.6 99.0 99.00
2016 08 28 16 50  43  5.5  6.9  0.93  7.69  5.12 111 1018.0  27.9  29.1  22.8 99.0 99.00
2016 08 28 17 50  62  4.5  5.2  0.91 14.81  5.53 100 1017.9  28.3  29.3  23.7 99.0 99.00
2016 08 28 18 50  54  4.5  5.4  0.96 14.81  5.54  91 1017.0  28.2  29.3  23.8 99.0 99.00
2016 08 28 19 50  42  4.4  5.4  1.06 14.81  5.95  94 1016.6  28.4  29.3  23.1 99.0 99.00
2016 08 28 20 50  41  4.7  5.6  1.10 14.81  5.96 117 1016.2  28.2  29.3  23.9 99.0 99.00
2016 08 28 21 50  35  5.5  6.5  1.09 14.81  5.98 114 1015.8  28.3  29.2  23.5 99.0 99.00
2016 08 28 22 50  39  6.0  7.2  1.19 13.79  6.25 103 1015.7  28.2  29.2  24.0 99.0 99.00
2016 08 28 23 50  34  6.2  7.7  1.32 14.81  5.97 106 1016.2  28.2  29.1  24.0 99.0 99.00
2016 08 29 00 50  34  5.6  6.9  1.31 13.79  5.85 131 1016.1  28.1  29.0  23.9 99.0 99.00
2016 08 29 01 50  35  6.4  7.5  1.29 13.79  5.61 111 1016.5  28.1  28.9  23.8 99.0 99.00
2016 08 29 02 50  35  5.5  6.5  1.47 13.79  6.05 109 1016.9  28.2  28.9  23.2 99.0 99.00
2016 08 29 03 50  35  5.8  6.7  1.61 13.79  6.42 111 1016.3  28.1  28.9  23.8 99.0 99.00
2016 08 29 04 50  24  4.9  6.1  1.92 13.79  6.55  97 1016.3  28.1  28.9  23.7 99.0 99.00
2016 08 29 05 50  14  4.5  5.2  2.04  8.33  6.65  82 1015.5  28.0  28.9  23.8 99.0 99.00
2016 08 29 06 50  14  5.1  6.0  2.03  9.09  6.87  77 1015.1  27.8  28.9  24.1 99.0 99.00
2016 08 29 07 50 350  4.3  5.4  2.10 12.90  6.68 101 1015.1  27.9  28.9  24.5 99.0 99.00
2016 08 29 08 50 317  5.4  6.4  1.90 12.90  6.53 109 1015.2  27.5  28.9  24.7 99.0 99.00
2016 08 29 09 50 292  5.7  7.3  1.96  8.33  6.55  75 1015.2  27.2  28.9  24.4 99.0 99.00
2016 08 29 10 50 336  5.7  6.8  1.74 12.90  6.34 100 1015.2  26.8  28.8  24.6 99.0 99.00
2016 08 29 11 50 334  5.7  7.0  1.60 12.90  6.09 116 1016.0  27.8  28.9  24.2 99.0 99.00
2016 08 29 12 50 345  6.9  9.7  1.56 12.90  6.19 114 1016.4  27.8  28.9  23.9 99.0 99.00
2016 08 29 13 50 348  3.4  4.1  1.52 12.90  5.74  92 1016.3  26.9  28.9  24.2 99.0 99.00
2016 08 29 14 50 316  4.1  5.3  1.42 12.90  5.86 109 1016.3  27.6  29.0  24.8 99.0 99.00
2016 08 29 15 50 318  5.1  6.3  1.38 12.90  6.11 117 1016.5  28.2  29.1  24.2 99.0 99.00
2016 08 29 16 50 296  3.9  5.0  1.34 12.12  6.08 105 1016.4  28.4  29.2  24.0 99.0 99.00
2016 08 29 17 50 294  4.2  5.0  1.34 12.12  6.13 104 1016.4  28.4  29.2  24.0 99.0 99.00
2016 08 29 18 50 283  4.5  5.4  1.31 12.90  6.35  97 1015.9  28.4  29.2  24.2 99.0 99.00
2016 08 29 19 50 280  4.8  5.8  1.33 12.90  6.56  89 1015.5  28.5  29.3  24.0 99.0 99.00
2016 08 29 20 50 321  4.5  5.7  1.30 11.43  6.35 106 1015.2  28.1  29.1  24.8 99.0 99.00
2016 08 29 21 50 307  3.9  4.6  1.34 11.43  6.46 105 1014.9  28.6  29.1  24.2 99.0 99.00
2016 08 29 22 50 307  5.9  7.0  1.41 12.12  6.98 101 1014.7  28.5  29.0  24.6 99.0 99.00
2016 08 29 23 50 290  4.1  4.9  1.29 12.12  6.52 111 1015.1  28.4  29.0  24.8 99.0 99.00
2016 08 30 00 50 262  3.6  4.4  1.33 12.12  6.57 104 1016.0  28.4  28.9  24.7 99.0 99.00
2016 08 30 01 50 267  3.0  3.8  1.37 12.12  6.41  94 1016.0  28.3  28.9  24.6 99.0 99.00
2016 08 30 02 50 229  3.1  3.7  1.36 11.43  6.85  83 1016.1  28.2  28.9  24.6 99.0 99.00
2016 08 30 03 50 216  4.7  5.5  1.27 10.81  6.92  77 1016.0  28.2  28.8  24.5 99.0 99.00
2016 08 30 04 50 225  4.5  5.4  1.37 12.12  7.04  75 1015.8  28.1  28.8  24.3 99.0 99.00
2016 08 30 05 50 218  5.5  6.8  1.40 12.12  7.16  67 1015.2  28.1  28.8  24.4 99.0 99.00
2016 08 30 06 50 226  6.8  7.9  1.30 12.90  6.40  58 1015.0  28.2  28.7  24.5 99.0 99.00
2016 08 30 07 50 217  6.9  8.2  1.39 12.12  6.26  64 1014.8  27.9  28.7  24.5 99.0 99.00
2016 08 30 08 50 222  6.5  7.8  1.37 10.81  6.40  70 1014.7  27.8  28.7  24.3 99.0 99.00
2016 08 30 09 50 231  6.3  7.6  1.42 10.81  6.20  71 1015.1  27.8  28.7  23.2 99.0 99.00
2016 08 30 10 50 237  6.0  7.0  1.28 11.43  6.16  79 1015.7  28.0  28.6  22.3 99.0 99.00
2016 08 30 11 50 231  6.1  7.4  1.26 10.81  5.95  71 1015.5  28.2  28.7  22.1 99.0 99.00
2016 08 30 12 50 253  5.7  7.0  1.35 10.00  5.99  89 1016.6  28.3  28.7  22.4 99.0 99.00
2016 08 30 13 50 262  5.6  6.7  1.40 10.00  6.23  98 1017.4  28.4  28.7  22.6 99.0 99.00
2016 08 30 14 50 276  5.4  6.5  1.24 10.00  5.82 107 1017.5  28.4  28.7  23.5 99.0 99.00
2016 08 30 15 50 258  5.8  7.1  1.14 10.00  5.48  99 1016.8  28.5  28.7  23.2 99.0 99.00
2016 08 30 16 50 243  4.9  5.9  1.29 10.00  6.27  75 1016.7  28.7  28.7  22.9 99.0 99.00
2016 08 30 17 50 237  5.3  6.2  1.20 10.00  6.01  83 1016.6  28.6  28.8  23.5 99.0 99.00
2016 08 30 18 50 242  4.4  5.2  1.37 12.12  6.47  69 1016.0  28.7  28.9  23.2 99.0 99.00
2016 08 30 19 50 247  3.4  4.4  1.33 11.43  6.46  68 1015.5  28.9  28.9  22.9 99.0 99.00
2016 08 30 20 50 258  3.1  3.9  1.23 11.43  6.35  73 1015.3  28.7  28.9  22.7 99.0 99.00
2016 08 30 21 50 211  3.3  4.1  1.42 10.81  6.87  61 1015.2  28.6  28.9  23.2 99.0 99.00
2016 08 30 22 50 194  4.7  5.4  1.35 10.81  6.93  63 1015.0  28.5  28.8  23.3 99.0 99.00
2016 08 30 23 50 189  5.8  6.8  1.26 12.12  6.66  36 1015.3  28.5  28.8  23.5 99.0 99.00
2016 08 31 00 50 191  5.7  6.7  1.28 12.12  6.57  42 1016.0  28.6  28.7  23.4 99.0 99.00
2016 08 31 01 50 189  6.3  7.6  1.22 10.00  6.32  57 1016.1  28.5  28.7  23.5 99.0 99.00
2016 08 31 02 50 190  6.0  7.0  1.23 12.12  5.93  23 1016.3  28.5  28.7  24.5 99.0 99.00
2016 08 31 03 50 200  6.9  8.1  1.23 11.43  5.76  47 1016.1  28.5  28.6  24.1 99.0 99.00
2016 08 31 04 50 203  6.8  7.7  1.24 11.43  5.70  36 1016.3  28.5  28.6  24.2 99.0 99.00
2016 08 31 05 50 208  6.7  8.0  1.29 11.43  5.71  38 1015.9  28.3  28.6  24.9 99.0 99.00
2016 08 31 06 50 211  6.1  7.4  1.26 12.12  5.48  29 1015.8  28.2  28.6  24.8 99.0 99.00
2016 08 31 07 50 218  5.6  6.9  1.19 12.12  5.41  22 1015.5  28.3  28.6  24.7 99.0 99.00
2016 08 31 08 50 210  4.3  5.6  1.20 11.43  5.67  29 1015.3  28.0  28.6  24.8 99.0 99.00
2016 08 31 09 50 219  3.6  4.4  1.23 11.43  6.10  64 1015.5  28.2  28.6  24.6 99.0 99.00
2016 08 31 10 50 243  3.7  4.3  1.14 10.81  6.12  62 1015.8  28.0  28.6  24.6 99.0 99.00
2016 08 31 11 50 237  2.8  3.7  1.12 10.00  6.18  77 1016.2  28.2  28.6  23.6 99.0 99.00
2016 08 31 12 50 228  2.2  3.2  1.13 10.81  6.18  77 1016.2  28.0  28.6  24.2 99.0 99.00
2016 08 31 13 50 186  1.3  1.9  1.15 10.00  6.22  53 1016.1  28.1  28.7  24.0 99.0 99.00
2016 08 31 14 50 178  1.8  2.5  1.14 10.81  6.29  52 1016.4  28.2  29.0  24.1 99.0 99.00
2016 08 31 15 50 145  3.2  5.8  1.14 11.43  6.35  46 1016.4  27.5  28.8  22.1 99.0 99.00
2016 08 31 16 50 208  5.7 10.4  1.09 11.43  6.37  47 1016.0  27.8  28.8  22.9 99.0 99.00
2016 08 31 17 50 174  6.3  7.1  1.18 10.81  5.90  42 1016.0  25.7  28.7  23.5 99.0 99.00
2016 08 31 18 50 236  5.3  6.3  1.28 10.81  6.25  52 1015.0  25.5  28.7  23.4 99.0 99.00
2016 08 31 19 50 230  1.4  2.1  1.18 10.81  6.18  72 1014.7  26.1  28.7  22.8 99.0 99.00
2016 08 31 20 50 203  1.7  2.2  1.10 12.12  6.26  38 1014.8  26.8  28.8  22.6 99.0 99.00
2016 08 31 21 50 171  1.7  2.5  1.13 11.43  6.31  42 1014.7  26.8  28.7  23.3 99.0 99.00
2016 08 31 22 50 193  2.4  3.2  1.12 11.43  6.41  41 1014.6  27.0  28.7  22.9 99.0 99.00
