#YY  MM DD hh mm WDIR WSPD GST  WVHT   DPD   APD MWD   PRES  ATMP  WTMP  DEWP  VIS  TIDE
#yr  mo dy hr mn degT m/s  m/s     m   sec   sec deg    hPa  degC  degC  degC  nmi    ft
2016 04 30 23 50  54  6.6  8.2  1.41  9.09  6.09  36 1018.9  21.4  23.2  17.2 99.0 99.00
2016 05 01 00 50  57  7.5  8.9  1.36  8.33  5.75  41 1019.2  21.4  23.2  17.4 99.0 99.00
2016 05 01 01 50  63  8.2  9.7  1.48  8.33  5.66  32 1019.9  21.5  23.1  17.6 99.0 99.00
2016 05 01 02 50  70  7.8  9.1  1.54  9.09  5.91  35 1020.5  21.4  23.2  17.6 99.0 99.00
2016 05 01 03 50  75  7.8  8.7  1.54  8.33  5.57  24 1020.3  21.6  23.2  18.2 99.0 99.00
2016 05 01 04 50  78  6.9  7.9  1.48 10.00  5.55  20 1020.5  21.6  23.2  18.1 99.0 99.00
2016 05 01 05 50  84  7.0  8.7  1.63  8.33  5.83  20 1019.9  21.7  23.2  17.6 99.0 99.00
2016 05 01 06 50  87  6.5  7.6  1.62 10.00  5.90  12 1019.8  21.8  23.2  17.7 99.0 99.00
2016 05 01 07 50  85  6.0  7.4  1.73  9.09  6.26  24 1019.7  21.8  23.2  17.1 99.0 99.00
2016 05 01 08 50  97  6.9  8.3  1.74  9.09  6.32  20 1019.3  21.9  23.2  17.3 99.0 99.00
2016 05 01 09 50  97  6.8  8.0  1.57  9.09  5.95  21 1019.3  21.8  23.2  17.3 99.0 99.00
2016 05 01 10 50  94  5.8  7.5  1.54 10.00  6.30   9 1020.0  21.7  23.2  17.4 99.0 99.00
2016 05 01 11 50 101  5.4  6.2  1.47 12.12  6.15 356 1020.3  21.8  23.2  17.4 99.0 99.00
2016 05 01 12 50 105  5.8  7.5  1.36  9.09  6.10  11 1020.4  21.8  23.2  17.8 99.0 99.00
2016 05 01 13 50 112  6.1  7.1  1.34  9.09  5.91  22 1020.7  22.0  23.2  18.1 99.0 99.00
2016 05 01 14 50 118  6.7  8.5  1.32 11.43  6.06 357 1020.6  22.1  23.2  18.3 99.0 99.00
2016 05 01 15 50 125  6.3  7.3  1.32 10.81  5.90 355 1020.7  22.3  23.3  18.3 99.0 99.00
2016 05 01 16 50 132  6.1  7.2  1.36 10.00  6.02  15 1020.5  22.4  23.3  18.4 99.0 99.00
2016 05 01 17 50 137  5.4  6.7  1.35 10.00  6.22  10 1020.7  22.4  23.5  18.4 99.0 99.00
2016 05 01 18 50 138  4.9  5.8  1.31 10.00  5.92   8 1020.6  22.5  23.4  18.5 99.0 99.00
2016 05 01 19 50 138  3.5  4.3  1.24  9.09  5.94  15 1020.3  22.6  23.6  18.4 99.0 99.00
2016 05 01 20 50 144  3.9  4.9  1.34 10.00  6.71  14 1020.0  22.6  23.7  18.6 99.0 99.00
2016 05 01 21 50 138  3.8  4.8  1.30 10.81  6.65  14 1019.8  22.6  23.6  18.5 99.0 99.00
2016 05 01 22 50 131  4.2  4.9  1.34  9.09  6.83   8 1019.9  22.6  23.6  18.9 99.0 99.00
2016 05 01 23 50 127  4.0  5.0  1.35 10.00  7.08  19 1020.5  22.6  23.5  19.3 99.0 99.00
2016 05 02 00 50 136  4.5  5.3  1.25 10.81  6.68   1 1020.8  22.5  23.4  19.4 99.0 99.00
2016 05 02 01 50 135  5.8  6.8  1.19 10.00  6.52  12 1020.8  22.5  23.4  19.5 99.0 99.00
2016 05 02 02 50 142  6.5  7.4  1.15  9.09  6.19  20 1020.6  22.6  23.4  19.7 99.0 99.00
2016 05 02 03 50 137  6.9  8.0  1.14  9.09  5.84  30 1020.3  22.6  23.4  19.7 99.0 99.00
2016 05 02 04 50 142  7.2  8.2  1.09 10.00  5.50  13 1019.7  22.6  23.4  19.9 99.0 99.00
2016 05 02 05 50 147  6.9  8.0  1.05  8.33  5.22  25 1019.5  22.5  23.4  19.9 99.0 99.00
2016 05 02 06 50 149  5.7  6.6  1.08 10.00  5.39   4 1019.4  22.6  23.3  20.0 99.0 99.00
2016 05 02 07 50 147  5.6  6.7  1.04 10.00  5.19  32 1018.9  22.6  23.3  20.1 99.0 99.00
2016 05 02 08 50 149  5.9  6.8  1.12  9.09  5.41  30 1018.9  22.6  23.2  20.1 99.0 99.00
2016 05 02 09 50 149  5.3  6.1  1.02 10.00  5.44  15 1019.2  22.7  23.2  19.9 99.0 99.00
2016 05 02 10 50 145  4.6  5.7  0.93 10.00  5.18  20 1019.7  22.8  23.3  20.5 99.0 99.00
2016 05 02 11 50 143  3.6  4.1  0.96  9.09  5.18  34 1020.3  22.8  23.3  20.3 99.0 99.00
2016 05 02 12 50 136  3.9  4.7  0.90  9.09  5.14  33 1020.7  23.0  23.3  20.6 99.0 99.00
2016 05 02 13 50 156  4.0  5.1  0.92 10.00  5.32  33 1020.9  23.0  23.4  20.8 99.0 99.00
2016 05 02 14 50 158  5.6  6.4  0.93 10.00  5.66  27 1021.0  23.2  23.5  20.6 99.0 99.00
2016 05 02 15 50 161  5.4  6.5  0.94 10.00  5.91  43 1020.9  23.3  23.6  20.5 99.0 99.00
2016 05 02 16 50 161  5.6  6.5  0.95  9.09  5.68  36 1020.5  23.4  23.7  20.7 99.0 99.00
2016 05 02 17 50 163  5.8  7.0  0.99 11.43  5.63  41 1020.1  23.4  23.7  20.8 99.0 99.00
2016 05 02 18 50 169  5.5  6.4  1.05 11.43  6.10  36 1019.6  23.5  23.8  20.6 99.0 99.00
2016 05 02 19 50 168  5.8  6.7  1.12 10.81  6.06  33 1019.0  23.5  23.9  20.9 99.0 99.00
2016 05 02 20 50 172  5.9  7.0  0.97 11.43  5.39  45 1018.6  23.5  23.8  20.9 99.0 99.00
2016 05 02 21 50 169  6.2  7.4  1.10 11.43  5.77  29 1018.2  23.5  23.8  20.7 99.0 99.00
2016 05 02 22 50 161  7.3  9.1  1.09 10.81  5.55  31 1017.9  23.4  23.7  20.6 99.0 99.00
2016 05 02 23 50 161  6.9  7.8  1.22 10.81  5.77  27 1018.3  23.4  23.7  20.7 99.0 99.00
2016 05 03 00 50 155  6.5  7.5  1.18 10.81  5.75  35 1018.5  23.4  23.7  20.8 99.0 99.00
2016 05 03 01 50 152  6.9  8.3  1.23 10.00  5.66  32 1019.0  23.3  23.6  20.8 99.0 99.00
2016 05 03 02 50 155  7.5  8.8  1.20 10.81  5.48  36 1019.4  23.3  23.6  20.6 99.0 99.00
2016 05 03 03 50 160  7.7  9.1  1.24 10.00  5.15  33 1019.1  23.3  23.5  20.5 99.0 99.00
2016 05 03 04 50 157  8.2  9.6  1.33 10.00  5.55  40 1018.3  23.1  23.5  20.4 99.0 99.00
2016 05 03 05 50 158  7.5  8.6  1.24 10.00  5.09  43 1017.1  23.1  23.5  20.7 99.0 99.00
2016 05 03 06 50 157  8.5 10.3  1.18 10.00  4.64  42 1016.5  23.1  23.5  20.7 99.0 99.00
2016 05 03 07 50 158  8.8 10.2  1.23 10.00  4.76  42 1015.7  23.1  23.5  20.7 99.0 99.00
2016 05 03 08 50 157  8.6 10.4  1.17  9.09  4.54  66 1015.4  23.1  23.5  20.7 99.0 99.00
2016 05 03 09 50 164  8.9 10.6  1.19  4.17  4.43 144 1015.4  23.3  23.5  20.9 99.0 99.00
2016 05 03 10 50 166  8.5 10.5  1.15  9.09  4.39  51 1015.5  23.2  23.5  21.0 99.0 99.00
2016 05 03 11 50 168  8.2  9.5  1.25  4.76  4.58 146 1015.6  23.3  23.4  21.0 99.0 99.00
2016 05 03 12 50 177  8.1  9.9  1.23  5.00  4.40 146 1015.8  23.3  23.4  21.3 99.0 99.00
2016 05 03 14 50 180  8.5 10.1  1.31  5.00  4.60 154 1015.6  23.4  23.5  21.5 99.0 99.00
2016 05 03 15 50 179  7.9  9.2  1.29  5.56  4.44 159 1015.2  23.4  23.5  21.6 99.0 99.00
2016 05 03 16 50 183  7.5  8.5  1.24  5.26  4.56 156 1015.1  23.4  23.5  21.6 99.0 99.00
2016 05 03 17 50 176  7.7  9.6  1.30  5.26  4.68 153 1014.2  23.4  23.5  21.4 99.0 99.00
2016 05 03 18 50 174  8.8 10.5  1.34  5.56  4.67 169 1013.4  23.5  23.5  21.5 99.0 99.00
2016 05 03 19 50 181  8.2 10.0  1.26  5.88  4.75 151 1013.1  23.5  23.5  21.7 99.0 99.00
2016 05 03 20 50 307  6.2  9.6  1.14  5.56  4.63 205 1013.4  19.7  23.4  18.5 99.0 99.00
2016 05 03 21 50  23  2.2  3.4  1.15  5.88  5.05 194 1013.1  19.3  23.1  18.7 99.0 99.00
2016 05 03 22 50  17  4.9  7.8  1.15  6.25  5.14 186 1012.8  20.7  23.2  19.9 99.0 99.00
2016 05 03 23 50  37  2.0  3.2  1.23  6.25  5.16 181 1012.7  20.4  23.3  19.1 99.0 99.00
2016 05 04 00 50 149  4.8  6.5  1.32  6.67  5.22 184 1012.3  22.7  23.1  20.9 99.0 99.00
2016 05 04 01 50 175  8.7 10.9  1.33  5.88  5.13 165 1011.7  23.5  23.2  22.3 99.0 99.00
2016 05 04 02 50 171  7.1  8.9  1.48  6.25  5.00 160 1011.9  23.4  23.2  22.0 99.0 99.00
2016 05 04 03 50 172  6.3  7.7  1.54  6.67  5.32 214 1011.6  23.2  23.2  22.4 99.0 99.00
2016 05 04 04 50 181  8.2  9.6  1.59  5.88  5.41 195 1010.9  22.9  23.2  21.6 99.0 99.00
2016 05 04 05 50 187  8.8 10.2  1.71  6.67  5.23 199 1010.0  23.0  23.2  20.7 99.0 99.00
2016 05 04 06 50 188  8.7 10.2  1.64  5.88  5.07 180 1009.2  22.8  23.3  20.9 99.0 99.00
2016 05 04 07 50 200  7.2  9.2  1.65  7.14  5.00 235 1008.8  22.8  23.3  21.1 99.0 99.00
2016 05 04 08 50 207  7.4  9.4  1.62  6.67  5.22 221 1008.5  22.8  23.3  21.3 99.0 99.00
2016 05 04 09 50 223  7.0  8.3  1.65  7.14  5.18 240 1009.1  22.9  23.3  21.6 99.0 99.00
2016 05 04 10 50 215  6.7  7.9  1.69  5.88  5.25 186 1009.5  23.0  23.4  21.9 99.0 99.00
2016 05 04 11 50 295 12.3 14.6  1.57  6.67  5.12 260 1009.7  20.0  23.2  19.7 99.0 99.00
2016 05 04 12 50 304  2.6  4.3  1.48  6.25  5.05 250 1009.4  20.7  23.0  17.2 99.0 99.00
2016 05 04 13 50 142  4.5  5.5  1.41  7.14  5.35 234 1007.6  21.5  23.1  17.8 99.0 99.00
2016 05 04 14 50 141  6.2  7.1  1.43  7.14  5.51 231 1007.4  22.2  23.1  18.6 99.0 99.00
2016 05 04 15 50 155  7.8  9.0  1.52  6.25  5.35 238 1007.9  22.4  23.2  19.1 99.0 99.00
2016 05 04 16 50 153  8.4 10.6  1.55  7.14  5.12 215 1007.7  22.4  23.2  19.9 99.0 99.00
2016 05 04 17 50 139  4.9  6.1  1.42  6.67  5.12 235 1007.3  22.2  23.2  20.1 99.0 99.00
2016 05 04 18 50 145  6.4  8.9  1.54  6.67  5.26 178 1006.1  22.7  23.2  20.9 99.0 99.00
2016 05 04 19 50 161  7.1  8.9  1.50  6.67  5.07 185 1004.8  23.3  23.2  21.3 99.0 99.00
2016 05 04 20 50 184 11.6 14.1  1.50  6.67  4.98 175 1003.7  23.4  23.2  21.4 99.0 99.00
2016 05 04 21 50 207  8.3 10.3  1.52  6.67  4.82 210 1003.7  23.8  23.1  21.2 99.0 99.00
2016 05 04 22 50 173  9.1 11.1  1.55  7.14  5.01 224 1004.3  23.5  23.1  22.5 99.0 99.00
2016 05 04 23 50 191  8.9 10.8  1.51  6.67  4.80 217 1004.2  23.6  23.1  22.5 99.0 99.00
2016 05 05 00 50 194  9.2 11.0  1.45  6.25  4.64 205 1004.3  23.4  23.1  22.4 99.0 99.00
2016 05 05 01 50 199  8.9 10.9  1.50  5.88  4.73 197 1004.2  23.5  23.1  22.1 99.0 99.00
2016 05 05 02 50 237  8.6 10.3  1.50  5.88  4.81 223 1003.4  23.5  23.1  20.2 99.0 99.00
2016 05 05 03 50 196  6.4  7.8  1.53  6.67  4.90 172 1003.8  23.2  23.1  20.9 99.0 99.00
2016 05 05 04 50 199  8.9 11.2  1.76  6.67  5.27 163 1004.2  22.8  23.0  17.7 99.0 99.00
2016 05 05 05 50 173  7.4  9.0  1.77  6.25  5.20 191 1002.1  21.9  23.0  18.0 99.0 99.00
2016 05 05 06 50 163  8.6 10.2  1.62  7.14  5.18 182 1000.0  22.5  23.0  18.5 99.0 99.00
2016 05 05 07 50 169  8.3 10.1  1.76  6.67  5.35 198  999.5  22.4  23.0  18.7 99.0 99.00
2016 05 05 08 50 170  6.4  7.3  1.60  6.67  5.07 187  999.1  22.3  23.0  19.4 99.0 99.00
2016 05 05 09 50 292  8.3 11.9  1.74  6.25  5.52 194  998.6  19.7  23.0  18.4 99.0 99.00
2016 05 05 10 50 344  7.1  9.2  1.69  7.14  5.38 252  998.8  19.7  23.0  17.7 99.0 99.00
2016 05 05 11 50  10  5.5  6.7  1.64  6.67  5.51 227  998.2  19.7  22.9  16.8 99.0 99.00
2016 05 05 12 50 331  2.1  3.0  1.49  6.67  5.47 225  999.3  20.4  23.0  16.6 99.0 99.00
2016 05 05 13 50 264  5.6  7.0  1.42  7.14  5.56 243 1000.1  21.0  23.0  17.1 99.0 99.00
2016 05 05 14 50 227  5.8  7.2  1.47  7.14  5.64 245 1000.4  21.5  23.0  17.8 99.0 99.00
2016 05 05 15 50 219  7.2  8.6  1.78  8.33  6.14 237 1000.8  21.8  23.1  18.4 99.0 99.00
2016 05 05 16 50 265 10.9 13.3  1.86  8.33  5.91 255 1000.3  23.1  23.3  15.5 99.0 99.00
2016 05 05 17 50 262 10.1 12.1  1.92  7.69  5.59 253 1000.8  22.9  23.3  15.2 99.0 99.00
2016 05 05 18 50 248  9.7 11.7  2.20  8.33  5.72 253 1001.1  22.9  23.4  14.4 99.0 99.00
2016 05 05 19 50 237  9.1 11.0  2.14  7.69  5.64 254 1001.1  23.1  23.4  15.7 99.0 99.00
2016 05 05 20 50 222  9.8 12.0  2.40  8.33  5.86 249 1000.9  23.0  23.4  16.2 99.0 99.00
2016 05 05 21 50 256 12.5 14.8  2.37  8.33  5.76 239 1000.8  22.8  23.4  16.2 99.0 99.00
2016 05 05 22 50 257 12.8 15.8  2.71  8.33  6.01 260 1001.5  22.4  23.3  14.5 99.0 99.00
2016 05 05 23 50 259 12.7 15.7  3.06  8.33  6.15 249 1002.6  21.8  23.3  12.7 99.0 99.00
2016 05 06 00 50 264 10.7 13.8  3.25  8.33  6.51 252 1004.0  21.6  23.2  11.9 99.0 99.00
2016 05 06 01 50 257 10.3 13.0  3.15  8.33  6.41 251 1004.9  21.6  23.2  11.4 99.0 99.00
2016 05 06 02 50 256  9.8 11.8  3.06  8.33  6.41 256 1005.2  21.8  23.2  11.2 99.0 99.00
2016 05 06 03 50 252 10.3 11.9  2.92  8.33  6.39 250 1005.3  21.9  23.2  10.8 99.0 99.00
2016 05 06 04 50 250  9.2 10.9  2.89  9.09  6.49 212 1005.3  22.0  23.1  11.1 99.0 99.00
2016 05 06 05 50 252  9.1 11.1  3.18  7.69  6.87 235 1005.1  21.9  23.1  11.3 99.0 99.00
2016 05 06 06 50 285  6.5  7.8  2.80  9.09  6.60 258 1004.9  21.1  23.1  13.8 99.0 99.00
2016 05 06 07 50 294  7.0  8.8  2.53  8.33  6.35 256 1005.2  20.1  23.0  13.7 99.0 99.00
2016 05 06 08 50 266  4.8  6.6  2.55  9.09  6.42 258 1005.3  20.7  23.0  12.7 99.0 99.00
2016 05 06 09 50 285  7.9  9.8  2.39  7.69  6.36 232 1006.0  20.1  22.9  13.6 99.0 99.00
2016 05 06 10 50 290  5.2  6.9  2.61  9.09  6.78 256 1006.8  19.7  22.8  12.5 99.0 99.00
2016 05 06 11 50 238  3.1  4.8  2.59  7.14  6.69 249 1007.4  20.1  22.8  12.6 99.0 99.00
2016 05 06 12 50 275  6.2  9.8  2.28  9.09  6.81 231 1007.7  20.9  22.8  12.9 99.0 99.00
2016 05 06 14 50 234  6.6  8.5  2.71  9.09  6.67 253 1008.2  21.1  22.8  12.5 99.0 99.00
2016 05 06 15 50 294  6.2  8.0  2.70  8.33  6.67 258 1008.7  20.0  22.8  13.8 99.0 99.00
2016 05 06 16 50 203  8.4 10.9  2.37  9.09  6.42 249 1008.2  21.4  22.8  13.2 99.0 99.00
2016 05 06 17 50 175  7.6 10.0  2.61  9.09  6.46 237 1008.6  19.0  22.7  14.7 99.0 99.00
2016 05 06 18 50 271  5.3  7.5  2.55  8.33  6.42 264 1008.7  19.9  22.7  14.0 99.0 99.00
2016 05 06 19 50 298  5.9  7.4  2.31  9.09  6.21 279 1008.1  20.5  22.7  13.5 99.0 99.00
2016 05 06 20 50 298  6.3  9.1  2.32  8.33  6.28 269 1008.3  20.1  22.7  13.7 99.0 99.00
2016 05 06 21 50 258  5.7  7.3  2.22  7.69  6.21 292 1008.5  20.9  22.7  13.0 99.0 99.00
2016 05 06 22 50 263  5.7  7.4  2.27  8.33  6.21 315 1008.7  20.8  22.7  12.6 99.0 99.00
2016 05 06 23 50 287  5.8  8.2  2.30  7.69  6.43 284 1008.8  20.6  22.7  12.7 99.0 99.00
2016 05 07 00 50 270  5.0  6.6  2.24  9.09  6.38 321 1009.7  20.6  22.7  11.8 99.0 99.00
2016 05 07 01 50 282  4.7  6.0  2.20  8.33  6.28 295 1010.3  20.7  22.7  10.8 99.0 99.00
2016 05 07 02 50 279  3.6  4.9  2.03  8.33  6.56 272 1010.8  20.6  22.7  11.4 99.0 99.00
2016 05 07 03 50 317  4.3  5.4  2.11  8.33  6.47 299 1010.7  19.9  22.7  12.4 99.0 99.00
2016 05 07 04 50 285  5.7  7.5  2.07  8.33  6.24 306 1010.7  19.5  22.7  11.9 99.0 99.00
2016 05 07 05 50 323  1.4  2.4  1.79  8.33  6.23 341 1010.1  19.0  22.7  11.5 99.0 99.00
2016 05 07 06 50 247  1.8  2.8  1.86  7.69  6.43 319 1009.5  19.4  22.6  12.3 99.0 99.00
2016 05 07 07 50 304  1.4  2.3  1.88  7.69  6.46  78 1009.4  19.7  22.6  12.2 99.0 99.00
2016 05 07 08 50 232  3.9  5.3  1.65  7.69  6.56 191 1009.6  19.9  22.6  12.3 99.0 99.00
2016 05 07 09 50 256  4.6  6.4  1.74  7.69  6.63 106 1010.0  19.9  22.6  12.6 99.0 99.00
2016 05 07 10 50 276 10.7 13.2  1.50  9.09  5.91  35 1010.1  19.0  22.7  14.0 99.0 99.00
2016 05 07 11 50 274  7.1  8.8  1.74  9.09  5.71  35 1010.7  20.2  22.7  10.2 99.0 99.00
2016 05 07 12 50 267  8.3 10.6  1.84  6.67  5.60 248 1010.8  20.2  22.7  10.1 99.0 99.00
2016 05 07 13 50 271  6.9  8.2  1.92  6.67  5.74 268 1011.4  20.5  22.7  11.2 99.0 99.00
2016 05 07 14 50 276  7.3  9.1  1.81  6.67  5.76 272 1011.5  20.6  22.7  11.5 99.0 99.00
2016 05 07 15 50 285  7.1  8.5  1.68  7.14  5.68 263 1011.9  20.8  22.7  11.3 99.0 99.00
2016 05 07 16 50 276  7.2  9.5  1.67  5.56  5.52 296 1011.8  21.0  22.7  11.7 99.0 99.00
2016 05 07 17 50 269  6.4  8.5  1.51  7.69  5.42  99 1011.7  21.3  22.8  11.9 99.0 99.00
2016 05 07 18 50 266  7.1  9.6  1.45  8.33  5.29  61 1011.3  21.5  22.8  12.3 99.0 99.00
2016 05 07 19 50 275  8.1  9.5  1.42  8.33  5.17 120 1011.2  21.7  22.8  12.3 99.0 99.00
2016 05 07 20 50 284 11.0 12.5  1.46  9.09  4.82  46 1011.0  20.9  22.8  13.1 99.0 99.00
2016 05 07 21 50 231  6.5  8.0  1.41  8.33  5.10 110 1011.5  20.3  22.8  13.8 99.0 99.00
2016 05 07 22 50 228  5.5  7.2  1.29  8.33  5.25 142 1011.5  21.2  22.8  14.7 99.0 99.00
2016 05 07 23 50 281  8.4 10.0  1.29  7.69  5.12 146 1011.5  22.3  22.7  11.9 99.0 99.00
2016 05 08 00 50 277  8.1  9.6  1.49  7.69  5.23 134 1012.0  22.5  22.7  11.7 99.0 99.00
2016 05 08 01 50 282  8.2  9.7  1.85  6.25  5.38 307 1012.7  22.6  22.7  11.6 99.0 99.00
2016 05 08 02 50 267  7.7  9.5  1.63  5.88  5.10 297 1013.2  22.6  22.6  12.2 99.0 99.00
2016 05 08 03 50 286  7.5  9.1  1.82  6.25  5.53 307 1013.6  22.6  22.6  12.2 99.0 99.00
2016 05 08 04 50 281  6.7  8.2  1.83  6.67  5.62 310 1013.7  22.6  22.6  12.6 99.0 99.00
2016 05 08 05 50 270  6.4  7.3  1.74  6.25  5.49 311 1013.4  22.6  22.5  13.1 99.0 99.00
2016 05 08 06 50 265  6.3  7.6  1.65  6.67  5.53 302 1013.4  22.7  22.5  12.1 99.0 99.00
2016 05 08 07 50 251  6.4  8.0  1.42  6.25  5.45 287 1013.5  22.7  22.5  14.0 99.0 99.00
2016 05 08 08 50 247  6.8  8.2  1.45  5.88  5.36 302 1013.4  22.8  22.5  14.9 99.0 99.00
2016 05 08 09 50 233  7.2  8.9  1.42  6.67  5.39 271 1013.5  22.7  22.4  16.0 99.0 99.00
2016 05 08 10 50 216  7.7  9.2  1.40  8.33  5.23  68 1013.8  22.5  22.4  16.9 99.0 99.00
2016 05 08 11 50 212  9.2 11.3  1.42  8.33  5.13  76 1014.1  22.4  22.5  16.8 99.0 99.00
2016 05 08 12 50 214 10.0 12.0  1.52  5.88  5.02 261 1014.5  22.4  22.5  16.8 99.0 99.00
2016 05 08 13 50 214 10.1 12.1  1.58  5.88  4.91 267 1014.8  22.4  22.5  17.1 99.0 99.00
2016 05 08 14 50 215 10.2 12.3  1.71  5.56  4.90 247 1015.3  22.5  22.4  17.5 99.0 99.00
2016 05 08 15 50 208 10.8 13.1  1.76  5.88  4.85 250 1015.7  22.5  22.3  18.0 99.0 99.00
2016 05 08 16 50 209 10.7 12.9  1.76  5.00  4.93 235 1015.4  22.6  22.4  18.2 99.0 99.00
2016 05 08 17 50 212 10.6 12.7  1.92  6.25  5.08 244 1015.4  22.8  22.4  18.5 99.0 99.00
2016 05 08 18 50 215 10.7 12.9  2.13  6.25  5.28 254 1015.3  22.9  22.4  18.8 99.0 99.00
2016 05 08 19 50 220 10.1 12.0  1.93  5.88  5.24 241 1015.1  22.9  22.4  19.1 99.0 99.00
2016 05 08 20 50 221 10.1 11.9  1.87  6.67  5.33 249 1014.9  23.0  22.4  19.4 99.0 99.00
2016 05 08 21 50 219  9.8 11.7  2.00  6.25  5.34 236 1014.8  23.0  22.4  19.7 99.0 99.00
2016 05 08 22 50 230  9.4 11.9  2.02  6.25  5.45 264 1015.1  23.0  22.4  19.6 99.0 99.00
2016 05 08 23 50 232  9.0 10.7  1.89  7.14  5.41 267 1015.3  23.0  22.4  19.7 99.0 99.00
2016 05 09 00 50 233  7.6  9.0  1.85  6.67  5.44 258 1016.1  22.9  22.4  19.9 99.0 99.00
2016 05 09 01 50 231  7.1  8.3  1.66  6.67  5.29 254 1017.0  22.8  22.4  20.1 99.0 99.00
2016 05 09 02 50 226  6.1  7.4  1.69  6.67  5.46 262 1017.6  22.8  22.3  20.4 99.0 99.00
2016 05 09 03 50 221  6.2  7.8  1.65  7.14  5.42 256 1017.5  22.6  22.2  20.5 99.0 99.00
2016 05 09 04 50 218  5.3  6.4  1.55  7.69  5.65 258 1017.9  22.6  22.3  20.6 99.0 99.00
2016 05 09 05 50 223  5.5  6.6  1.49  6.67  5.39 252 1018.4  22.5  22.3  20.7 99.0 99.00
2016 05 09 06 50 219  5.2  6.2  1.58  7.14  5.62 249 1018.4  22.6  22.3  20.7 99.0 99.00
2016 05 09 07 50 215  5.7  6.7  1.50  6.25  5.61 248 1018.5  22.5  22.0  20.6 99.0 99.00
2016 05 09 08 50 207  6.5  8.3  1.42  7.14  5.47 246 1018.9  22.5  21.9  20.5 99.0 99.00
2016 05 09 09 50 205  6.1  7.2  1.39  7.14  5.40 230 1019.4  22.2  21.9  20.6 99.0 99.00
2016 05 09 10 50 207  6.6  7.9  1.40  7.14  5.30 223 1020.1  22.3  21.8  20.6 99.0 99.00
2016 05 09 11 50 214  5.7  6.6  1.29  7.14  5.23 234 1020.7  22.4  22.1  20.4 99.0 99.00
2016 05 09 12 50 217  6.1  7.2  1.19  7.69  5.31 183 1021.0  22.4  22.3  20.4 99.0 99.00
2016 05 09 14 50 194  6.9  7.9  1.17  6.67  4.87 234 1021.3  22.3  22.4  20.6 99.0 99.00
2016 05 09 15 50 208  7.0  8.5  1.21  8.33  5.01 107 1021.3  22.5  22.5  20.4 99.0 99.00
2016 05 09 16 50 215  6.9  8.1  1.14  8.33  4.93 111 1021.3  22.7  22.5  20.1 99.0 99.00
2016 05 09 17 50 219  7.1  8.3  1.20  8.33  4.86 120 1021.5  22.7  22.6  20.3 99.0 99.00
2016 05 09 18 50 215  6.3  7.4  1.14  8.33  5.04 121 1021.5  22.9  22.6  20.5 99.0 99.00
2016 05 09 19 50 216  6.5  7.7  1.11  8.33  4.95 102 1021.1  22.9  22.6  20.5 99.0 99.00
2016 05 09 20 50 226  6.8  8.1  1.16  9.09  4.90  89 1021.0  22.9  22.7  20.2 99.0 99.00
2016 05 09 21 50 233  5.8  7.0  1.16  8.33  5.17 112 1021.2  22.9  22.6  20.5 99.0 99.00
2016 05 09 22 50 230  5.0  5.8  1.10  8.33  5.38 112 1021.1  22.8  22.6  20.4 99.0 99.00
2016 05 09 23 50 237  3.7  4.5  1.18  8.33  5.64 120 1021.6  22.7  22.5  20.6 99.0 99.00
2016 05 10 00 50 195  3.0  3.6  1.15  9.09  5.82  99 1022.0  22.6  22.6  20.7 99.0 99.00
2016 05 10 01 50 185  3.0  3.6  1.14  9.09  5.93  96 1022.6  22.5  22.5  20.9 99.0 99.00
2016 05 10 02 50 169  3.5  4.0  1.17  8.33  6.14  97 1022.7  22.3  22.5  20.8 99.0 99.00
2016 05 10 03 50 166  4.6  5.6  1.19  8.33  6.34 106 1022.4  22.3  22.5  20.6 99.0 99.00
2016 05 10 04 50 159  5.7  6.6  1.09  7.69  6.08 125 1022.4  22.3  22.5  20.4 99.0 99.00
2016 05 10 05 50 162  5.2  6.0  1.14  8.33  6.05 104 1022.1  22.4  22.5  20.0 99.0 99.00
2016 05 10 06 50 159  6.3  7.2  1.07  8.33  5.90  96 1021.8  22.4  22.5  20.4 99.0 99.00
2016 05 10 07 50 164  6.1  7.1  1.25  9.09  6.23  78 1021.8  22.4  22.5  20.7 99.0 99.00
2016 05 10 08 50 172  6.0  7.0  1.21  9.09  5.95  84 1022.0  22.5  22.5  20.0 99.0 99.00
2016 05 10 09 50 176  5.4  6.1  1.11  9.09  5.73  79 1022.5  22.6  22.5  19.9 99.0 99.00
2016 05 10 10 50 189  5.4  6.5  1.25  9.09  6.05  85 1023.4  22.6  22.5  19.5 99.0 99.00
2016 05 10 11 50 200  4.8  6.1  1.23  9.09  6.01  81 1024.1  22.7  22.5  19.4 99.0 99.00
2016 05 10 12 50 195  4.0  4.6  1.16  9.09  5.73  97 1024.0  22.6  22.6  19.5 99.0 99.00
2016 05 10 13 50 207  3.6  4.3  1.23  9.09  6.18 100 1024.1  22.7  22.7  19.7 99.0 99.00
2016 05 10 14 50 199  3.5  4.2  1.15 10.00  5.94  90 1024.3  22.8  22.8  19.9 99.0 99.00
2016 05 10 15 50 231  3.9  4.8  1.16  9.09  5.95  94 1024.6  23.0  23.0  19.6 99.0 99.00
2016 05 10 16 50 254  4.3  5.5  1.19  9.09  6.18 108 1024.5  22.9  23.1  19.4 99.0 99.00
2016 05 10 17 50 242  3.3  4.0  1.12 10.00  6.02  82 1024.2  23.1  23.2  19.0 99.0 99.00
2016 05 10 18 50 257  4.4  5.4  1.14 10.00  6.46 100 1024.2  23.1  23.3  19.0 99.0 99.00
2016 05 10 19 50 265  3.9  4.8  1.16  9.09  6.53  99 1023.7  23.1  23.2  18.8 99.0 99.00
2016 05 10 20 50 283  4.2  5.0  1.16  9.09  6.71 110 1024.0  23.2  23.3  18.9 99.0 99.00
2016 05 10 21 50 276  1.8  2.5  1.15 10.00  6.71 113 1023.9  23.3  23.2  18.0 99.0 99.00
2016 05 10 22 50 154  1.0  1.5  0.97  9.09  6.54  66 1023.7  23.0  23.2  18.4 99.0 99.00
2016 05 10 23 50 221  0.8  1.2  1.10 10.00  6.94  64 1024.2  22.9  23.1  18.6 99.0 99.00
2016 05 11 00 50 112  3.3  3.8  1.16  9.09  7.13  65 1023.4  22.7  23.0  18.9 99.0 99.00
2016 05 11 01 50 119  4.4  5.2  1.13  9.09  7.01  73 1023.1  22.7  23.0  19.1 99.0 99.00
2016 05 11 02 50 126  3.9  4.8  1.19  8.33  7.04  74 1023.4  22.7  22.8  19.1 99.0 99.00
2016 05 11 03 50 129  6.0  7.1  1.18  9.09  7.15  80 1022.6  22.5  22.6  20.0 99.0 99.00
2016 05 11 04 50 129  6.9  8.4  1.21  9.09  6.32  71 1021.9  22.5  22.5  19.5 99.0 99.00
2016 05 11 05 50 127  6.3  7.6  1.23  9.09  5.82  72 1021.8  22.4  22.5  20.1 99.0 99.00
2016 05 11 06 50 130  5.7  6.7  1.24  9.09  5.70  90 1021.7  22.4  22.5  19.9 99.0 99.00
2016 05 11 07 50 139  5.4  6.1  1.19  9.09  5.60  87 1022.2  22.5  22.5  19.3 99.0 99.00
2016 05 11 08 50 131  4.4  5.1  1.22  9.09  5.52  97 1022.2  22.4  22.5  19.3 99.0 99.00
2016 05 11 09 50 144  3.2  3.7  1.16  9.09  5.56  81 1023.2  22.4  22.4  19.4 99.0 99.00
2016 05 11 10 50 140  4.5  5.8  1.23  9.09  5.99 101 1023.2  22.3  22.4  19.6 99.0 99.00
2016 05 11 11 50 135  3.8  4.3  1.12  9.09  5.79  92 1023.6  22.4  22.4  19.0 99.0 99.00
2016 05 11 12 50 131  3.5  4.1  0.97  9.09  5.51  89 1023.8  22.6  22.4  18.6 99.0 99.00
2016 05 11 13 50 115  2.3  2.9  1.08  9.09  6.16  85 1023.7  22.7  22.5  18.6 99.0 99.00
2016 05 11 14 50 127  2.3  2.8  1.06  9.09  6.48  89 1023.5  22.7  22.9  18.8 99.0 99.00
2016 05 11 15 50 147  2.0  2.6  0.96 10.00  6.58 109 1023.2  22.8  23.5  18.8 99.0 99.00
2016 05 11 16 50 181  1.5  2.2  0.97  8.33  6.52  77 1023.1  23.0  24.0  19.2 99.0 99.00
2016 05 11 17 50 265  2.4  3.1  1.04  8.33  6.79 106 1022.6  23.2  24.1  19.0 99.0 99.00
2016 05 11 18 50 264  2.1  3.0  0.97  9.09  6.45 120 1022.2  23.3  24.3  18.7 99.0 99.00
2016 05 11 19 50 244  1.9  2.6  1.05  9.09  6.85 109 1021.6  23.4  24.4  18.8 99.0 99.00
2016 05 11 20 50 249  1.9  2.5  1.07  9.09  6.75 107 1021.5  23.5  24.3  18.5 99.0 99.00
2016 05 11 21 50 272  1.9  2.8  1.06  9.09  6.88 112 1021.7  23.7  24.1  18.6 99.0 99.00
2016 05 11 22 50 258  1.4  2.1  1.14  9.09  6.81  99 1021.6  23.7  23.9  18.4 99.0 99.00
2016 05 11 23 50 232  1.4  1.9  1.19  9.09  7.00  92 1022.0  23.1  23.7  18.7 99.0 99.00
2016 05 12 00 50 195  0.7  1.0  1.02  9.09  6.70 100 1022.0  22.9  23.5  18.8 99.0 99.00
2016 05 12 01 50 160  1.2  1.6  1.09  9.09  6.57  83 1022.2  22.9  23.5  18.9 99.0 99.00
2016 05 12 02 50 165  1.6  2.1  1.20  9.09  6.90  88 1022.2  22.7  23.3  18.9 99.0 99.00
2016 05 12 03 50 176  1.7  2.2  1.19  9.09  6.78 100 1022.1  22.6  23.3  19.1 99.0 99.00
2016 05 12 04 50 186  1.6  2.1  1.15  9.09  6.81  84 1021.7  22.5  23.1  19.2 99.0 99.00
2016 05 12 05 50 200  1.3  1.8  1.13  9.09  6.62  94 1021.0  22.4  23.1  19.1 99.0 99.00
2016 05 12 06 50 187  1.5  1.9  1.16  9.09  6.64  81 1020.4  22.3  23.0  19.0 99.0 99.00
2016 05 12 07 50 137  1.6  2.2  1.03  9.09  6.19  88 1019.8  22.2  22.9  18.8 99.0 99.00
2016 05 12 08 50 152  1.1  1.6  1.16  8.33  6.50  90 1020.1  22.2  22.9  18.7 99.0 99.00
2016 05 12 09 50 176  0.4  0.8  1.09  8.33  6.38  90 1020.7  22.2  22.8  18.8 99.0 99.00
2016 05 12 10 50 260  0.3  0.6  0.93 10.00  6.01 107 1021.3  22.2  22.8  19.0 99.0 99.00
2016 05 12 11 50 259  0.2  0.7  0.99  8.33  6.42  91 1021.6  22.9  22.8  18.9 99.0 99.00
2016 05 12 12 50 179  0.9  1.2  1.05  9.09  6.49 102 1021.6  22.5  23.1  19.1 99.0 99.00
2016 05 12 14 50 222  2.1  2.8  0.99  8.33  6.41  80 1021.4  22.7  23.7  18.7 99.0 99.00
2016 05 12 15 50 241  2.0  2.6  0.95  9.09  6.66 118 1021.3  22.7  24.0  18.8 99.0 99.00
2016 05 12 16 50 274  2.8  3.5  0.93  9.09  6.62 141 1021.0  22.9  24.1  19.0 99.0 99.00
2016 05 12 17 50 245  2.4  3.4  0.94  9.09  6.48 129 1020.5  23.1  24.3  18.4 99.0 99.00
2016 05 12 18 50 250  3.2  4.0  0.95 10.00  6.69 119 1020.2  23.2  24.2  18.8 99.0 99.00
2016 05 12 19 50 226  3.0  4.0  0.94  9.09  6.43 105 1019.4  23.2  24.2  19.3 99.0 99.00
2016 05 12 20 50 243  2.4  3.2  0.92  9.09  6.44 131 1019.5  23.4  24.3  19.8 99.0 99.00
2016 05 12 21 50 230  2.8  3.4  0.94  9.09  6.46 106 1019.3  23.4  24.2  19.8 99.0 99.00
2016 05 12 22 50 198  3.6  4.4  0.91  9.09  6.23  94 1018.8  23.2  24.3  20.0 99.0 99.00
2016 05 12 23 50 192  3.0  3.5  0.99  9.09  6.37 105 1019.0  23.2  24.0  19.6 99.0 99.00
2016 05 13 00 50 200  3.7  4.4  0.96  9.09  6.54 121 1019.4  23.2  23.8  19.4 99.0 99.00
2016 05 13 01 50 220  4.6  5.6  1.01  9.09  6.51 113 1019.4  23.2  23.6  18.9 99.0 99.00
2016 05 13 02 50 225  3.5  4.3  0.97  9.09  6.27 130 1019.2  23.2  23.5  19.0 99.0 99.00
2016 05 13 03 50 226  3.8  4.4  1.08  9.09  6.73 109 1019.1  23.1  23.5  19.1 99.0 99.00
2016 05 13 04 50 226  3.4  4.2  0.89  8.33  6.16 113 1018.8  23.1  23.3  19.4 99.0 99.00
2016 05 13 05 50 212  4.2  4.9  0.90  9.09  6.22  96 1018.1  23.0  23.1  19.2 99.0 99.00
2016 05 13 06 50 222  4.2  4.9  1.01  8.33  6.42 103 1017.6  22.9  23.1  18.8 99.0 99.00
2016 05 13 07 50 215  4.7  5.5  0.98  8.33  6.20 120 1017.4  22.8  23.0  18.8 99.0 99.00
2016 05 13 08 50 220  4.1  5.0  0.88  8.33  5.82 105 1017.5  22.8  22.9  18.6 99.0 99.00
2016 05 13 09 50 227  3.0  3.8  0.86  9.09  5.60 104 1017.6  22.7  22.8  19.2 99.0 99.00
2016 05 13 10 50 225  2.9  3.3  0.86  8.33  5.63 110 1018.0  22.8  22.7  18.9 99.0 99.00
2016 05 13 11 50 204  3.0  3.6  0.97  8.33  5.91  96 1018.1  23.0  22.8  18.9 99.0 99.00
2016 05 13 12 50 189  3.3  3.8  0.91  8.33  5.86  97 1018.3  23.0  22.8  18.9 99.0 99.00
2016 05 13 13 50 184  3.1  3.8  0.85  8.33  5.73  97 1018.3  23.1  22.8  19.0 99.0 99.00
2016 05 13 14 50 195  3.2  3.9  0.89  9.09  5.92 103 1018.2  23.2  22.9  18.9 99.0 99.00
2016 05 13 15 50 200  3.2  3.7  0.80  9.09  5.79 104 1018.2  23.3  23.2  18.8 99.0 99.00
2016 05 13 16 50 193  3.2  3.8  0.82  8.33  5.77  92 1017.7  23.4  23.4  18.8 99.0 99.00
2016 05 13 17 50 181  2.3  2.7  0.82  9.09  5.99  97 1016.8  23.5  23.7  18.9 99.0 99.00
2016 05 13 18 50 176  2.5  3.3  0.80  9.09  5.95  89 1016.3  23.6  23.9  18.9 99.0 99.00
2016 05 13 19 50 144  3.9  5.1  0.81  8.33  6.11 100 1015.8  23.4  23.8  20.4 99.0 99.00
2016 05 13 20 50 137  5.3  6.4  0.78  9.09  6.09  97 1014.9  23.3  23.7  20.1 99.0 99.00
2016 05 13 21 50 149  4.3  5.0  0.82  8.33  5.28  93 1015.2  23.1  23.5  19.9 99.0 99.00
2016 05 13 22 50 133  4.3  5.3  0.75  8.33  5.64  89 1015.0  23.3  23.4  20.5 99.0 99.00
2016 05 13 23 50 214  3.8  4.8  0.84  8.33  5.79  98 1014.7  23.7  23.4  19.9 99.0 99.00
2016 05 14 00 50 190  5.3  6.3  0.86  8.33  5.50 110 1014.8  23.7  23.4  20.5 99.0 99.00
2016 05 14 01 50 217  5.6  6.7  0.82  8.33  5.21  94 1015.0  23.7  23.4  20.1 99.0 99.00
2016 05 14 02 50 214  6.2  7.3  0.87  9.09  4.94 106 1015.0  23.6  23.3  19.3 99.0 99.00
2016 05 14 03 50 216  6.3  7.6  0.93  9.09  4.80 101 1014.7  23.5  23.1  19.4 99.0 99.00
2016 05 14 04 50 219  6.3  7.8  1.01  9.09  4.83 128 1014.3  23.5  23.0  19.3 99.0 99.00
2016 05 14 05 50 204  6.9  8.3  1.00  9.09  4.80 105 1013.6  23.4  23.0  19.7 99.0 99.00
2016 05 14 06 50 203  6.7  8.3  1.02  9.09  4.64  97 1013.1  23.5  22.9  20.5 99.0 99.00
2016 05 14 07 50 211  6.8  8.0  1.08  8.33  4.57  99 1012.9  23.5  22.9  20.8 99.0 99.00
2016 05 14 08 50 209  5.4  6.3  1.07  9.09  4.82 106 1012.8  23.4  22.9  21.0 99.0 99.00
2016 05 14 09 50 220  6.1  7.1  1.11  8.33  4.74 113 1013.0  23.6  22.9  21.1 99.0 99.00
2016 05 14 10 50 218  6.5  7.5  1.14  4.76  4.66 227 1013.5  23.5  22.9  21.2 99.0 99.00
2016 05 14 11 50 203  6.3  7.2  1.17  4.55  4.64 215 1013.3  23.6  22.9  21.5 99.0 99.00
2016 05 14 12 50 299  9.2 11.7  1.18  5.00  4.73 217 1014.1  20.6  22.8  19.0 99.0 99.00
2016 05 14 13 50 148  4.6  5.4  1.27  9.09  4.83  92 1013.7  20.1  22.8  18.9 99.0 99.00
2016 05 14 14 50 192  6.4  8.4  1.12  5.26  4.99 219 1013.6  22.0  22.7  18.9 99.0 99.00
2016 05 14 15 50 212  6.7  7.6  1.12  5.56  5.02 221 1013.7  22.9  22.8  19.7 99.0 99.00
2016 05 14 16 50 203  4.7  5.5  1.18  5.56  4.89 240 1013.8  23.3  23.0  20.4 99.0 99.00
2016 05 14 17 50 199  6.9  7.9  1.18  5.26  4.81 210 1013.1  23.6  23.0  20.7 99.0 99.00
2016 05 14 18 50 199  5.8  7.0  1.13  5.00  4.88 195 1012.7  23.7  23.1  20.9 99.0 99.00
2016 05 14 19 50 198  6.6  7.6  1.16  5.56  4.84 202 1012.1  23.8  23.1  21.8 99.0 99.00
2016 05 14 20 50 202  6.6  7.8  1.17  4.55  4.77 210 1011.8  23.9  23.1  22.0 99.0 99.00
2016 05 14 21 50 212  6.1  7.0  1.21  5.00  4.69 190 1011.9  23.9  23.1  22.1 99.0 99.00
2016 05 14 22 50 198  5.5  6.4  1.15  8.33  4.87 107 1012.0  23.8  23.1  22.5 99.0 99.00
2016 05 14 23 50 206  7.0  8.3  1.20  5.26  4.90 188 1012.0  23.8  23.1  22.5 99.0 99.00
2016 05 15 00 50 214  7.1  8.9  1.20  5.26  4.79 176 1012.3  23.9  23.0  22.5 99.0 99.00
2016 05 15 01 50 209  7.3  8.5  1.25  5.26  4.69 193 1012.6  23.9  23.0  22.2 99.0 99.00
2016 05 15 02 50 214  7.4  8.6  1.28  5.56  4.78 188 1012.7  23.9  23.0  22.4 99.0 99.00
2016 05 15 03 50 224  6.9  8.3  1.38  5.26  4.93 200 1012.8  23.9  22.9  21.8 99.0 99.00
2016 05 15 04 50 221  6.9  7.9  1.27  5.00  4.77 211 1012.6  23.7  22.9  22.0 99.0 99.00
2016 05 15 05 50 245  7.8  9.6  1.32  5.26  4.74 206 1012.5  23.8  22.8  20.5 99.0 99.00
2016 05 15 06 50 248  8.5 10.2  1.47  5.00  4.79 225 1012.5  24.0  22.8  16.7 99.0 99.00
2016 05 15 07 50 235  7.0  8.5  1.47  5.56  4.82 223 1012.4  23.9  22.7  17.9 99.0 99.00
2016 05 15 08 50 232  7.7  8.9  1.39  5.56  4.94 217 1012.9  23.9  22.7  18.5 99.0 99.00
2016 05 15 09 50 226  8.2  9.5  1.36  5.88  4.78 221 1013.2  23.9  22.7  19.1 99.0 99.00
2016 05 15 10 50 223  8.1  9.4  1.35  5.56  4.84 225 1013.6  23.8  22.6  19.8 99.0 99.00
2016 05 15 11 50 228  8.1  9.4  1.44  5.88  4.86 236 1014.1  23.9  22.6  20.1 99.0 99.00
2016 05 15 12 50 229  8.1  9.7  1.52  5.88  4.88 248 1014.5  23.9  22.7  20.6 99.0 99.00
2016 05 15 13 50 231  7.8  9.6  1.54  5.88  4.98 247 1014.7  23.9  22.7  21.1 99.0 99.00
2016 05 15 14 50 228  7.1  8.0  1.61  5.88  4.95 252 1014.9  23.9  22.8  21.6 99.0 99.00
2016 05 15 15 50 238  6.5  7.6  1.57  6.25  5.02 251 1015.4  23.9  22.8  22.0 99.0 99.00
2016 05 15 16 50 247  7.3  9.0  1.43  6.25  4.95 259 1015.4  24.0  22.9  22.0 99.0 99.00
2016 05 15 17 50 255  6.5  7.5  1.45  7.14  5.05 289 1015.4  23.8  23.0  22.1 99.0 99.00
2016 05 15 18 50 266  4.6  5.6  1.45  5.88  5.17 279 1015.3  23.6  23.1  21.8 99.0 99.00
2016 05 15 19 50 262  3.7  4.6  1.48  7.14  5.36 307 1015.4  23.8  23.2  20.8 99.0 99.00
2016 05 15 20 50 255  3.6  4.5  1.33  7.14  5.48 282 1015.6  23.7  23.4  21.1 99.0 99.00
2016 05 15 21 50 300  3.7  4.4  1.20  6.25  5.22 283 1015.9  23.3  23.3  21.0 99.0 99.00
2016 05 15 22 50 308  3.6  4.3  1.15  6.25  5.22 296 1016.1  23.3  23.4  19.9 99.0 99.00
2016 05 15 23 50 312  4.0  4.8  1.03  7.14  5.18 277 1016.7  23.1  23.2  19.5 99.0 99.00
2016 05 16 00 50 305  3.5  4.2  1.05  5.88  5.22 287 1017.3  23.0  23.2  19.1 99.0 99.00
2016 05 16 01 50 296  3.0  3.9  1.11  7.14  5.49 336 1018.1  23.0  23.2  18.2 99.0 99.00
2016 05 16 02 50 310  3.7  4.5  1.25  6.67  5.83 351 1018.6  22.8  23.2  17.0 99.0 99.00
2016 05 16 03 50 314  3.9  4.5  1.26  7.14  5.83  15 1018.7  22.7  23.2  16.5 99.0 99.00
2016 05 16 04 50 319  5.0  6.1  1.41  7.14  6.02 345 1019.1  22.4  23.1  15.9 99.0 99.00
2016 05 16 05 50 320  5.6  6.5  1.35  6.67  5.79 346 1019.3  22.1  23.2  16.0 99.0 99.00
2016 05 16 06 50 332  6.4  7.8  1.29  6.67  5.53 356 1019.2  22.0  23.2  15.4 99.0 99.00
2016 05 16 07 50 345  6.2  7.7  1.20  6.67  5.30 351 1019.5  21.7  23.2  15.7 99.0 99.00
2016 05 16 08 50 350  6.2  7.8  1.15  5.88  5.07 354 1019.9  21.5  23.1  14.4 99.0 99.00
2016 05 16 09 50   2  5.6  7.0  1.21  6.67  5.04 353 1020.4  21.6  23.1  13.4 99.0 99.00
2016 05 16 10 50  18  6.5  7.8  1.21  7.69  5.16  34 1021.1  21.7  23.1  12.3 99.0 99.00
2016 05 16 11 50  22  6.5  7.6  1.18  5.88  4.91 345 1021.5  21.7  23.1  13.4 99.0 99.00
2016 05 16 12 50  28  6.3  7.6  1.14  7.69  4.82  16 1022.2  21.8  23.1  13.5 99.0 99.00
2016 05 16 13 50  36  5.7  7.0  1.07  6.67  4.88 358 1022.8  21.9  23.1  13.3 99.0 99.00
2016 05 16 14 50  40  5.4  6.4  1.03  8.33  4.90  97 1023.1  22.0  23.2  13.4 99.0 99.00
2016 05 16 15 50  52  5.6  6.6  1.10  6.25  4.94  84 1023.4  22.0  23.3  13.3 99.0 99.00
2016 05 16 16 50  56  5.6  6.6  0.95  7.69  4.83  41 1023.2  22.1  23.4  13.7 99.0 99.00
2016 05 16 17 50  57  5.9  7.0  0.95  6.67  4.74  88 1022.9  22.2  23.4  15.8 99.0 99.00
2016 05 16 18 50  49  6.6  8.4  1.00  5.26  4.78 358 1022.6  22.1  23.4  16.5 99.0 99.00
2016 05 16 19 50  55  6.4  8.2  0.99  5.88  4.67  56 1022.6  22.1  23.3  16.3 99.0 99.00
2016 05 16 20 50  60  6.9  8.1  0.98  6.67  4.62 103 1022.2  22.1  23.3  17.0 99.0 99.00
2016 05 16 21 50  58  7.3  8.6  0.95  7.69  4.39 105 1022.4  22.1  23.3  17.0 99.0 99.00
2016 05 16 22 50  66  7.6  8.7  1.04  7.14  4.45  61 1022.5  22.2  23.3  17.5 99.0 99.00
2016 05 16 23 50  68  7.8  9.0  1.07  6.67  4.39  57 1022.8  22.3  23.3  17.8 99.0 99.00
2016 05 17 00 50  75  7.9  9.8  1.05  6.25  4.45  91 1023.4  22.4  23.3  18.1 99.0 99.00
2016 05 17 01 50  76  8.0  9.3  1.11  4.17  4.32  58 1023.8  22.5  23.3  18.1 99.0 99.00
2016 05 17 02 50  82  8.0  9.4  1.16  6.67  4.49  89 1023.9  22.5  23.3  18.3 99.0 99.00
2016 05 17 03 50  88  7.9  9.5  1.19  6.25  4.55  96 1023.7  22.5  23.3  18.4 99.0 99.00
2016 05 17 04 50  90  7.4  8.4  1.15  4.76  4.44  50 1023.8  22.4  23.3  19.0 99.0 99.00
2016 05 17 05 50  87  7.3  8.5  1.15  4.76  4.68  60 1023.5  22.4  23.3  19.2 99.0 99.00
2016 05 17 06 50  83  6.9  8.6  1.13  4.55  4.53  78 1023.0  22.4  23.3  19.6 99.0 99.00
2016 05 17 07 50  86  7.2  8.4  1.13  5.00  4.60  73 1022.5  22.5  23.3  19.2 99.0 99.00
2016 05 17 08 50  93  7.2  8.4  1.03  4.55  4.43  58 1022.6  22.7  23.3  19.4 99.0 99.00
2016 05 17 09 50  95  7.3  8.4  1.18  6.67  4.57  86 1022.7  22.7  23.3  19.4 99.0 99.00
2016 05 17 10 50  93  7.2  8.8  1.17  6.25  4.50  98 1023.2  22.7  23.2  19.5 99.0 99.00
2016 05 17 11 50  97  7.4  8.6  1.11  4.55  4.37  84 1023.5  22.8  23.2  19.5 99.0 99.00
2016 05 17 12 50  95  7.6  8.9  1.09  4.35  4.41  93 1023.7  22.8  23.3  19.5 99.0 99.00
2016 05 17 13 50  94  7.7  9.0  1.10  7.69  4.38  71 1023.7  22.8  23.3  19.7 99.0 99.00
2016 05 17 14 50  97  8.0  9.4  1.16  4.76  4.38  99 1023.7  22.8  23.3  19.7 99.0 99.00
2016 05 17 15 50 102  8.1  9.7  1.12  6.67  4.42 106 1023.6  22.9  23.3  19.9 99.0 99.00
2016 05 17 16 50 106  8.2  9.6  1.15  6.67  4.43  82 1022.9  22.9  23.4  20.2 99.0 99.00
2016 05 17 17 50 101  8.2  9.9  1.16  5.88  4.35  75 1022.1  23.0  23.4  20.5 99.0 99.00
2016 05 17 18 50 103  8.2  9.2  1.11  6.67  4.35  97 1021.4  23.0  23.4  20.7 99.0 99.00
2016 05 17 19 50 108  7.5  8.6  1.17  5.00  4.35  97 1020.7  23.2  23.4  20.7 99.0 99.00
2016 05 17 20 50 102  7.4  8.4  1.22  4.76  4.54  92 1019.9  23.2  23.4  20.8 99.0 99.00
2016 05 17 21 50 104  7.5  8.7  1.10  5.00  4.44  96 1019.5  23.4  23.4  20.6 99.0 99.00
2016 05 17 22 50  99  7.2  8.5  1.09  5.00  4.43  92 1019.5  23.2  23.4  21.2 99.0 99.00
2016 05 17 23 50 101  7.2  8.3  1.12  5.00  4.47  95 1019.8  23.2  23.4  21.5 99.0 99.00
2016 05 18 00 50 103  7.0  8.1  1.04  5.26  4.38 112 1019.7  23.3  23.4  21.8 99.0 99.00
2016 05 18 01 50  96  6.9  8.2  1.08  5.88  4.57 112 1019.3  23.3  23.4  22.0 99.0 99.00
2016 05 18 03 50 109  7.2  8.5  1.19  5.26  4.63  87 1018.5  23.6  23.4  22.3 99.0 99.00
2016 05 18 04 50 119  7.3  8.4  1.20  5.26  4.63 106 1017.7  23.8  23.4  22.5 99.0 99.00
2016 05 18 05 50 122  6.3  7.4  1.32  5.56  4.67 104 1016.9  23.9  23.4  22.6 99.0 99.00
2016 05 18 06 50 133  7.1  8.4  1.27  5.26  4.56 113 1015.8  24.1  23.4  22.7 99.0 99.00
2016 05 18 07 50 140  6.9  8.0  1.22  5.56  4.54  99 1014.6  24.1  23.4  22.6 99.0 99.00
2016 05 18 08 50 147  6.7  7.9  1.26  5.26  4.64 105 1014.7  24.1  23.4  22.8 99.0 99.00
2016 05 18 09 50 167  9.0 11.0  1.32  5.26  4.68  95 1014.5  23.7  23.4  21.9 99.0 99.00
2016 05 18 10 50 160  9.4 11.4  1.40  4.76  4.56 121 1014.2  24.0  23.4  23.0 99.0 99.00
2016 05 18 11 50 161 11.5 13.7  1.54  5.00  4.60 137 1013.4  24.2  23.4  23.1 99.0 99.00
2016 05 18 12 50 165 12.2 14.7  1.75  5.26  4.71 150 1013.7  23.8  23.4  21.9 99.0 99.00
2016 05 18 13 50 169 11.0 13.3  1.91  5.56  4.93 153 1013.9  23.2  23.4  21.9 99.0 99.00
2016 05 18 14 50 149  7.1 10.0  1.74  6.25  4.97 149 1013.9  23.6  23.4  22.4 99.0 99.00
2016 05 18 15 50 206  7.2  8.5  1.50  5.56  4.73 153 1013.5  23.9  23.4  21.6 99.0 99.00
2016 05 18 16 50 237  8.7  9.8  1.69  6.25  4.97 153 1013.5  23.3  23.4  21.9 99.0 99.00
2016 05 18 17 50 222  7.7  8.9  1.67  6.67  5.14 144 1013.8  23.6  23.5  21.8 99.0 99.00
2016 05 18 18 50 206  9.8 11.7  1.94  7.14  5.38 136 1013.3  23.7  23.5  21.4 99.0 99.00
2016 05 18 19 50 186 11.0 13.2  1.93  7.14  5.46 139 1012.2  23.3  23.5  21.4 99.0 99.00
2016 05 18 20 50 161  8.4  9.8  2.00  7.14  5.44 148 1011.6  23.0  23.5  21.7 99.0 99.00
2016 05 18 21 50 172  6.2  8.3  2.03  6.67  5.51 158 1011.6  23.1  23.5  21.6 99.0 99.00
2016 05 18 22 50 202  5.5  6.4  1.74  6.67  5.49 177 1011.9  23.3  23.5  21.7 99.0 99.00
2016 05 18 23 50 252  4.8  5.9  1.85  6.67  5.53 213 1011.8  23.2  23.4  21.8 99.0 99.00
2016 05 19 00 50 242  5.0  6.1  1.98  6.67  5.78 198 1012.7  23.5  23.4  22.1 99.0 99.00
2016 05 19 01 50 254  5.9  7.5  1.89  6.67  5.73 192 1012.9  23.6  23.4  22.3 99.0 99.00
2016 05 19 02 50 248  5.4  6.9  1.89  6.67  5.70 193 1013.2  23.8  23.4  22.2 99.0 99.00
2016 05 19 03 50 245  5.8  7.1  1.61  6.67  5.47 196 1013.3  23.4  23.4  22.3 99.0 99.00
2016 05 19 04 50 289  4.3  5.1  1.78  7.14  5.73 206 1013.5  23.3  23.3  22.3 99.0 99.00
2016 05 19 05 50 310  5.6  6.9  1.59  6.67  5.61 218 1013.3  23.3  23.3  22.0 99.0 99.00
2016 05 19 06 50 322  5.1  6.2  1.59  7.14  5.64 208 1013.3  23.3  23.2  22.0 99.0 99.00
2016 05 19 07 50 329  5.1  6.6  1.56  6.25  5.56 207 1013.3  23.1  23.2  21.9 99.0 99.00
2016 05 19 08 50 331  4.7  5.5  1.70  7.14  5.90 230 1013.7  23.2  23.2  21.4 99.0 99.00
2016 05 19 09 50 330  5.4  6.5  1.77  7.14  6.05 226 1014.2  23.3  23.2  21.2 99.0 99.00
2016 05 19 10 50 337  5.8  6.9  1.85  7.14  6.04 264 1014.9  23.1  23.2  21.2 99.0 99.00
2016 05 19 11 50 335  4.9  5.8  1.75  7.14  5.97 281 1015.9  23.2  23.2  21.1 99.0 99.00
2016 05 19 12 50 335  4.5  5.5  1.69  7.14  5.92 280 1016.4  23.2  23.2  21.2 99.0 99.00
2016 05 19 13 50 340  5.0  6.1  1.68  7.69  5.98 317 1016.9  23.2  23.3  21.3 99.0 99.00
2016 05 19 14 50 344  5.5  6.4  1.59  7.14  5.75  21 1017.3  23.2  23.4  21.2 99.0 99.00
2016 05 19 15 50 343  5.6  6.6  1.55  6.67  5.86 328 1017.5  23.2  23.5  21.1 99.0 99.00
2016 05 19 16 50 349  5.5  6.4  1.58  7.14  5.66   2 1017.3  23.1  23.5  20.9 99.0 99.00
2016 05 19 17 50 357  5.8  6.9  1.39  6.67  5.44 357 1017.5  23.0  23.6  20.7 99.0 99.00
2016 05 19 18 50   4  5.4  6.4  1.43  6.25  5.39 328 1017.1  23.0  23.6  20.6 99.0 99.00
2016 05 19 19 50 357  5.3  6.3  1.44  6.67  5.56  10 1017.0  23.1  23.6  20.2 99.0 99.00
2016 05 19 20 50   2  4.8  5.5  1.66  6.67  5.78  16 1017.0  23.2  23.6  19.6 99.0 99.00
2016 05 19 21 50 354  3.4  4.2  1.75  7.69  5.99  26 1017.5  23.2  23.6  20.0 99.0 99.00
2016 05 19 22 50  12  3.1  3.8  1.58  7.69  5.81  50 1017.9  23.1  23.6  19.8 99.0 99.00
2016 05 19 23 50  26  3.6  4.3  1.65  7.14  6.07  15 1017.9  23.1  23.6  20.0 99.0 99.00
2016 05 20 00 50  33  3.3  4.0  1.44  8.33  5.90  24 1018.3  23.1  23.6  20.1 99.0 99.00
2016 05 20 01 50  48  2.9  3.5  1.48  7.69  6.03  20 1018.6  23.0  23.5  20.5 99.0 99.00
2016 05 20 02 50  52  1.6  2.1  1.45  7.69  5.96  50 1018.9  23.1  23.5  20.9 99.0 99.00
2016 05 20 03 50  28  0.7  1.3  1.24  6.67  5.84  51 1019.5  23.1  23.6  21.0 99.0 99.00
2016 05 20 04 50 343  2.7  3.2  1.38  8.33  6.12  34 1019.6  23.1  23.6  21.1 99.0 99.00
2016 05 20 05 50 349  3.9  4.5  1.40  7.14  6.03  64 1019.1  23.1  23.6  21.1 99.0 99.00
2016 05 20 06 50 356  2.9  3.6  1.28  7.69  6.07  55 1018.4  23.0  23.6  21.2 99.0 99.00
2016 05 20 07 50  45  3.6  4.2  1.27  7.14  5.89  93 1017.8  23.0  23.6  21.3 99.0 99.00
2016 05 20 08 50  19  4.2  4.9  1.26  7.14  6.05  48 1018.2  23.1  23.6  21.5 99.0 99.00
2016 05 20 09 50  46  2.9  3.6  1.18  7.69  5.88 106 1018.7  23.3  23.6  21.4 99.0 99.00
2016 05 20 10 50  73  4.8  5.5  1.20  7.14  5.91  43 1019.3  23.8  23.6  21.1 99.0 99.00
2016 05 20 11 50  73  4.7  5.6  1.19  7.14  5.82 103 1019.8  24.0  23.6  20.8 99.0 99.00
2016 05 20 12 50  72  4.4  5.0  1.13  7.14  5.61 124 1020.5  24.1  23.6  20.6 99.0 99.00
2016 05 20 13 50  75  4.8  5.8  1.20  7.69  5.81 111 1020.8  24.1  23.6  20.7 99.0 99.00
2016 05 20 14 50  89  5.7  6.4  1.11  7.14  5.27  66 1020.8  22.4  24.0  21.3 99.0 99.00
2016 05 20 15 50  60  4.8  6.0  1.22  7.69  5.52 127 1020.9  22.9  24.1  21.0 99.0 99.00
2016 05 20 16 50 103  6.1  7.4  1.17  7.14  5.19 104 1020.6  24.0  24.0  21.6 99.0 99.00
2016 05 20 17 50 112  5.7  7.0  1.07  8.33  5.17 100 1020.5  24.2  24.1  21.1 99.0 99.00
2016 05 20 18 50  85  5.6  6.6  1.07  7.14  4.98  85 1020.1  23.7  24.1  21.6 99.0 99.00
2016 05 20 19 50  77  5.8  6.9  1.07  7.69  4.89 129 1019.6  23.8  24.1  21.3 99.0 99.00
2016 05 20 20 50  87  6.1  9.2  1.31  7.69  5.17  79 1019.5  23.2  24.4  21.8 99.0 99.00
2016 05 20 21 50 108  6.9  8.2  1.23  7.14  4.87  80 1019.1  24.2  24.5  21.3 99.0 99.00
2016 05 20 22 50 117  7.1  8.2  1.28  7.69  5.00  51 1019.3  24.2  24.5  20.9 99.0 99.00
2016 05 20 23 50 121  7.1  8.2  1.28  7.14  5.05  55 1019.6  24.2  24.5  20.6 99.0 99.00
2016 05 21 00 50 117  7.6  8.9  1.30  7.14  4.79  46 1019.8  24.2  24.5  20.5 99.0 99.00
2016 05 21 01 50 113  7.4  8.6  1.31  7.69  5.01  65 1019.8  24.1  24.5  21.0 99.0 99.00
2016 05 21 02 50 124  8.6 10.4  1.31  7.69  4.94  65 1019.7  24.0  24.5  21.1 99.0 99.00
2016 05 21 03 50 129  8.9 10.3  1.34  7.69  4.81  33 1019.1  24.0  24.6  21.0 99.0 99.00
2016 05 21 04 50 125  8.9 10.4  1.37  7.14  4.89  39 1018.4  24.0  24.6  20.9 99.0 99.00
2016 05 21 05 50 122  8.1  9.3  1.39  7.69  4.88  80 1017.7  24.0  24.7  21.1 99.0 99.00
2016 05 21 06 50 120  8.1  9.6  1.34  7.69  4.81  62 1017.0  24.0  24.7  21.5 99.0 99.00
2016 05 21 07 50 122  8.0  9.5  1.35  6.67  4.85  72 1016.6  24.0  24.7  21.7 99.0 99.00
2016 05 21 08 50 126  7.7  9.1  1.32  4.76  4.73 120 1016.2  24.2  24.7  22.2 99.0 99.00
2016 05 21 09 50 155  7.4  8.7  1.37  7.69  4.85  95 1016.5  23.9  24.7  22.7 99.0 99.00
2016 05 21 10 50 175  8.2  9.9  1.27  4.76  4.78 124 1016.4  24.7  24.7  22.3 99.0 99.00
2016 05 21 11 50 166  8.0  9.2  1.39  8.33  4.71 118 1016.1  24.8  24.7  22.2 99.0 99.00
2016 05 21 12 50 176  8.5  9.8  1.37  6.67  4.74  37 1016.5  24.9  24.7  22.4 99.0 99.00
2016 05 21 13 50 170  9.2 10.7  1.36  4.76  4.61 136 1016.0  24.9  24.7  22.9 99.0 99.00
2016 05 21 14 50 185  9.0 10.6  1.37  7.69  4.65 115 1016.1  25.0  24.7  22.9 99.0 99.00
2016 05 21 15 50 189  7.7  8.9  1.35  5.00  4.63 118 1015.7  25.0  24.7  23.0 99.0 99.00
2016 05 21 16 50 184  8.1  9.5  1.44  5.00  4.80 142 1014.7  25.0  24.8  23.2 99.0 99.00
2016 05 21 17 50 226  7.6  9.0  1.33  9.09  4.70 125 1015.3  21.9  24.7  21.5 99.0 99.00
2016 05 21 18 50 220  7.8  9.0  1.30  8.33  4.87 114 1014.6  22.5  24.7  21.0 99.0 99.00
2016 05 21 19 50 211  7.0  8.2  1.25  7.14  4.84  96 1013.3  22.5  24.7  21.2 99.0 99.00
2016 05 21 20 50 206 10.1 11.6  1.19  5.00  4.62 154 1012.6  23.5  24.6  21.3 99.0 99.00
2016 05 21 21 50 209  9.5 11.3  1.30  9.09  4.62 108 1012.4  23.3  24.7  21.3 99.0 99.00
2016 05 21 22 50 206  9.3 10.6  1.26  9.09  4.54 111 1012.0  23.5  24.7  21.5 99.0 99.00
2016 05 21 23 50 219  8.9 10.4  1.35  9.09  4.78 118 1011.8  23.8  24.7  21.8 99.0 99.00
2016 05 22 00 50 220  8.0  9.4  1.31  8.33  4.59 128 1012.0  24.1  24.7  22.1 99.0 99.00
2016 05 22 01 50 223  7.4  8.5  1.30  8.33  4.74 116 1012.2  24.2  24.7  22.1 99.0 99.00
2016 05 22 02 50 218  7.8  9.0  1.31  5.56  4.86 185 1012.2  24.2  24.7  22.2 99.0 99.00
2016 05 22 03 50 222  7.4  9.3  1.36  9.09  5.00 120 1012.0  24.4  24.7  22.4 99.0 99.00
2016 05 22 04 50 229  7.4  8.7  1.29  8.33  4.81 109 1011.9  24.4  24.7  22.0 99.0 99.00
2016 05 22 05 50 235  7.8  8.8  1.38  8.33  4.95 104 1011.5  24.5  24.7  22.0 99.0 99.00
2016 05 22 06 50 233  7.5  8.8  1.31  5.88  4.86 231 1010.7  24.5  24.7  21.9 99.0 99.00
2016 05 22 07 50 242  7.1  8.3  1.31  5.26  4.82 217 1010.1  24.4  24.7  21.5 99.0 99.00
2016 05 22 08 50 236  7.6  8.6  1.32  9.09  4.93 131 1009.8  24.5  24.7  21.5 99.0 99.00
2016 05 22 09 50 224  7.2  8.3  1.34  9.09  4.94 120 1009.8  24.5  24.7  21.6 99.0 99.00
2016 05 22 10 50 237  7.3  8.6  1.38  5.56  4.98 253 1009.9  24.5  24.7  20.9 99.0 99.00
2016 05 22 11 50 227  6.4  7.8  1.33  8.33  4.91 111 1010.0  24.5  24.8  21.3 99.0 99.00
2016 05 22 12 50 220  7.1  8.8  1.34  9.09  5.04 105 1010.4  24.6  24.8  21.2 99.0 99.00
2016 05 22 13 50 220  7.4  8.7  1.33  8.33  4.95 104 1010.1  24.6  24.8  21.6 99.0 99.00
2016 05 22 14 50 216  7.9  9.3  1.34  9.09  4.81 102 1009.8  24.7  24.9  21.3 99.0 99.00
2016 05 22 15 50 219  8.5  9.6  1.34  9.09  4.71  94 1010.1  24.8  24.9  21.4 99.0 99.00
2016 05 22 16 50 210  7.6  9.2  1.39  5.56  4.75 210 1009.4  24.8  25.0  21.8 99.0 99.00
2016 05 22 17 50 209  8.3  9.6  1.33  9.09  4.69 109 1008.9  25.0  25.0  21.6 99.0 99.00
2016 05 22 18 50 215 13.8 17.1  1.39  9.09  4.58  99 1008.1  24.2  25.0  21.2 99.0 99.00
2016 05 22 19 50 234  9.1 11.0  1.55  5.26  4.58 238 1007.4  23.9  25.0  20.6 99.0 99.00
2016 05 22 20 50 235  9.3 11.1  1.53  5.26  4.69 226 1007.1  24.7  25.0  21.0 99.0 99.00
2016 05 22 21 50 233  8.5  9.9  1.45  5.56  4.76 219 1007.6  24.5  25.0  21.0 99.0 99.00
2016 05 22 22 50 256  5.8  6.9  1.46  9.09  5.16  84 1007.6  24.5  25.0  21.2 99.0 99.00
2016 05 22 23 50 250  6.5  7.6  1.34  9.09  5.40  60 1008.0  24.7  25.0  21.1 99.0 99.00
2016 05 23 00 50 252  7.0  8.6  1.28  9.09  5.18 108 1008.1  24.4  25.0  21.3 99.0 99.00
2016 05 23 01 50 267  6.2  7.2  1.38  9.09  5.43  96 1008.7  24.5  25.0  20.6 99.0 99.00
2016 05 23 02 50 278  7.6  9.0  1.33  9.09  5.16 109 1008.8  24.4  25.0  20.1 99.0 99.00
2016 05 23 03 50 268  6.5  7.9  1.30  6.67  5.14 292 1009.2  24.2  24.9  20.2 99.0 99.00
2016 05 23 04 50 318  5.8  7.5  1.24  7.14  5.05  13 1009.3  23.5  24.9  19.6 99.0 99.00
2016 05 23 05 50 312  3.1  4.1  1.27  5.26  5.36 243 1008.8  23.3  24.9  19.6 99.0 99.00
2016 05 23 06 50 309 10.7 13.4  1.24  7.69  5.42 109 1008.4  20.8  24.9  18.5 99.0 99.00
2016 05 23 07 50 304  2.5  4.0  1.20  8.33  5.39  92 1008.8  21.7  24.9  18.4 99.0 99.00
2016 05 23 08 50 315  6.0  6.9  1.19  6.25  5.51 296 1009.2  22.6  24.9  17.8 99.0 99.00
2016 05 23 09 50 327  8.7 10.6  1.24  8.33  5.22  75 1009.7  22.4  24.9  17.4 99.0 99.00
2016 05 23 10 50 332  6.1  7.4  1.22  5.88  5.09 284 1010.5  21.9  24.9  17.4 99.0 99.00
2016 05 23 11 50 338  4.4  5.7  1.33  5.26  5.32 303 1011.0  21.9  24.9  16.9 99.0 99.00
2016 05 23 12 50 328  3.2  4.1  1.37  5.88  5.48 321 1012.0  22.0  24.9  16.9 99.0 99.00
2016 05 23 13 50 312  4.5  5.8  1.45  6.67  5.62 350 1012.3  22.2  25.0  17.2 99.0 99.00
2016 05 23 14 50 313  4.7  6.2  1.54  6.67  5.84 356 1012.5  22.3  25.0  17.0 99.0 99.00
2016 05 23 15 50 304  4.5  6.0  1.35  9.09  5.59 116 1012.7  22.6  25.0  16.2 99.0 99.00
2016 05 23 16 50 306  4.8  6.3  1.31  6.67  5.58   7 1012.8  22.9  25.1  14.6 99.0 99.00
2016 05 23 17 50 309  4.4  6.2  1.37  6.67  5.72  20 1012.8  22.7  25.2  14.8 99.0 99.00
2016 05 23 18 50 318  5.2  7.1  1.36  6.25  5.56   7 1013.2  22.8  25.2  14.9 99.0 99.00
2016 05 23 19 50 299  3.4  6.0  1.43  6.67  5.91  16 1012.9  23.0  25.2  14.9 99.0 99.00
2016 05 23 21 50 296  5.0  6.7  1.35  6.67  5.60  23 1013.1  23.4  25.2  15.1 99.0 99.00
2016 05 23 22 50 285  5.0  6.5  1.35  6.67  5.91  12 1013.5  23.5  25.1  14.9 99.0 99.00
2016 05 24 00 50 278  5.0  7.9  1.25  9.09  5.60  79 1014.6  23.4  25.0  14.8 99.0 99.00
2016 05 24 01 50 301  4.5  5.9  1.26  6.25  5.47  31 1015.6  23.3  25.0  14.7 99.0 99.00
2016 05 24 02 50 297  3.3  4.7  1.23  6.67  5.51  33 1016.1  23.0  25.0  14.8 99.0 99.00
2016 05 24 03 50 286  4.1  5.9  1.32  6.25  5.63  22 1016.4  23.1  24.9  15.2 99.0 99.00
2016 05 24 04 50 282  5.9  7.5  1.24  6.67  5.39  21 1016.3  22.9  24.9  15.4 99.0 99.00
2016 05 24 05 50 259  5.9  7.5  1.24  5.88  5.24  20 1016.2  22.9  24.9  14.5 99.0 99.00
2016 05 24 06 50 272  7.3  8.7  1.22  5.56  5.07 359 1016.0  22.9  24.8  13.1 99.0 99.00
2016 05 24 07 50 263  5.9  7.3  1.35  7.69  5.38  52 1016.3  22.8  24.8  13.6 99.0 99.00
2016 05 24 08 50 257  5.4  7.0  1.34  5.88  5.57 338 1016.6  22.7  25.1  14.5 99.0 99.00
2016 05 24 09 50 254  5.2  6.8  1.30  6.67  5.37  16 1016.8  22.7  25.2  14.4 99.0 99.00
2016 05 24 10 50 269  6.3  8.3  1.29  6.25  5.52 359 1017.3  22.9  25.2  14.8 99.0 99.00
2016 05 24 11 50 266  5.8  7.6  1.27  6.25  5.45 347 1018.1  23.1  25.2  15.0 99.0 99.00
2016 05 24 12 50 308  3.4  4.9  1.30  5.88  5.49 358 1019.0  22.7  25.2  16.4 99.0 99.00
2016 05 24 13 50 285  6.1  8.3  1.31  5.88  5.50 347 1019.6  23.3  25.3  15.7 99.0 99.00
2016 05 24 14 50 312  4.3  5.6  1.48  6.25  5.84  14 1020.1  22.8  25.4  16.4 99.0 99.00
2016 05 24 15 50 283  5.4  7.4  1.33 10.00  5.95  17 1020.4  23.3  25.5  15.4 99.0 99.00
2016 05 24 16 50 318  6.2  8.1  1.47  9.09  6.26  28 1020.6  22.9  25.6  16.7 99.0 99.00
2016 05 24 17 50 312  5.3  6.7  1.64 10.00  6.52  16 1020.8  22.7  25.7  15.9 99.0 99.00
2016 05 24 18 50 335  4.1  5.6  1.58  9.09  6.32  19 1021.0  22.6  25.7  16.1 99.0 99.00
2016 05 24 19 50 326  3.9  5.2  1.69 10.00  6.68  15 1020.7  22.7  25.7  15.5 99.0 99.00
2016 05 24 20 50 335  3.1  4.1  1.41  8.33  6.13  33 1020.5  22.7  25.8  15.3 99.0 99.00
2016 05 24 21 50 327  3.0  4.9  1.52  9.09  6.50  27 1020.6  22.8  25.8  15.6 99.0 99.00
2016 05 24 22 50  13  2.9  4.1  1.33  8.33  6.43  41 1020.7  22.7  25.8  15.8 99.0 99.00
2016 05 24 23 50  19  2.6  3.8  1.41  9.09  6.89  28 1021.0  22.7  25.8  15.4 99.0 99.00
2016 05 25 00 50  17  2.0  3.5  1.34  9.09  6.69  65 1021.2  22.8  25.7  15.1 99.0 99.00
2016 05 25 01 50   2  2.2  3.3  1.43  9.09  6.75  27 1021.7  22.7  25.7  15.4 99.0 99.00
2016 05 25 02 50  22  1.6  2.6  1.32  9.09  6.80  36 1022.5  22.7  25.7  14.9 99.0 99.00
2016 05 25 03 50   3  1.3  2.8  1.44 10.00  6.95  41 1022.9  22.8  25.7  14.8 99.0 99.00
2016 05 25 04 50 358  1.2  2.0  1.40  9.09  6.91  48 1022.7  22.7  25.7  14.6 99.0 99.00
2016 05 25 05 50 355  3.1  4.9  1.27  8.33  6.76  25 1022.3  22.6  25.7  15.0 99.0 99.00
2016 05 25 06 50   6  2.7  3.9  1.27  7.69  6.85  34 1022.4  22.6  25.6  15.0 99.0 99.00
2016 05 25 07 50  27  2.5  4.0  1.15  9.09  6.50  55 1022.4  22.7  25.6  14.8 99.0 99.00
2016 05 25 08 50  35  2.8  4.1  1.19  8.33  6.57  49 1022.6  22.9  25.6  14.7 99.0 99.00
2016 05 25 09 50  49  2.2  3.4  1.16  8.33  6.51  36 1022.8  22.9  25.6  14.8 99.0 99.00
2016 05 25 10 50  18  2.8  3.8  1.17  8.33  6.64  45 1023.6  23.1  25.5  15.3 99.0 99.00
2016 05 25 11 50  41  3.9  4.7  1.18  8.33  6.71  63 1023.8  23.2  25.6  15.4 99.0 99.00
2016 05 25 12 50  51  2.9  4.0  1.09  7.69  6.41  38 1024.2  23.2  25.6  14.8 99.0 99.00
2016 05 25 13 50  40  3.4  5.2  1.03  9.09  6.46  47 1024.5  23.3  25.6  14.7 99.0 99.00
2016 05 25 14 50  55  3.8  4.7  0.95  9.09  6.49  71 1025.1  23.4  25.7  14.8 99.0 99.00
2016 05 25 15 50  54  3.9  5.4  0.92  7.14  6.28  56 1025.2  23.4  25.8  15.4 99.0 99.00
2016 05 25 16 50  61  4.2  5.2  0.86  7.69  6.20  82 1024.7  23.5  25.9  15.6 99.0 99.00
2016 05 25 17 50  62  4.3  5.4  0.93  8.33  6.31  84 1024.2  23.6  26.0  15.9 99.0 99.00
2016 05 25 18 50  63  4.7  5.7  0.88  6.67  6.10  82 1023.9  23.8  26.0  16.1 99.0 99.00
2016 05 25 19 50  77  3.5  4.8  0.82  7.14  5.98  51 1023.7  23.8  26.0  16.0 99.0 99.00
2016 05 25 20 50  63  3.2  4.5  0.81  9.09  6.13  77 1023.3  23.9  26.0  16.2 99.0 99.00
2016 05 25 21 50  68  3.1  4.1  0.72  7.14  5.84  89 1023.0  24.0  26.0  15.8 99.0 99.00
2016 05 25 22 50  52  3.8  4.8  0.72  7.14  5.95  65 1022.8  24.1  26.0  15.9 99.0 99.00
2016 05 25 23 50  45  3.8  4.8  0.70  9.09  6.26  97 1023.2  24.1  25.9  16.4 99.0 99.00
2016 05 26 00 50  62  4.1  5.6  0.72  8.33  6.14 112 1023.5  24.0  25.8  16.0 99.0 99.00
2016 05 26 01 50  64  4.9  6.0  0.64  7.69  5.74  77 1023.7  24.1  25.6  15.9 99.0 99.00
2016 05 26 02 50  75  5.3  7.0  0.72  9.09  5.80  96 1023.8  24.0  25.6  15.6 99.0 99.00
2016 05 26 03 50  67  5.0  6.8  0.69  9.09  5.30  69 1023.8  23.9  25.6  16.0 99.0 99.00
2016 05 26 04 50  72  5.1  6.5  0.62 10.00  4.99  54 1023.8  23.8  25.6  16.1 99.0 99.00
2016 05 26 05 50  77  5.9  7.5  0.65  7.69  4.90  65 1023.1  23.8  25.6  15.5 99.0 99.00
2016 05 26 06 50  76  4.7  5.6  0.67  8.33  4.94  80 1023.2  23.7  25.7  15.2 99.0 99.00
2016 05 26 07 50  75  4.5  6.3  0.69  9.09  5.25  53 1023.0  23.6  25.7  15.4 99.0 99.00
2016 05 26 08 50  69  4.6  5.9  0.67  9.09  4.98  82 1022.8  23.5  25.6  15.7 99.0 99.00
2016 05 26 09 50  71  5.3  7.3  0.66  7.14  5.19  88 1022.6  23.5  25.6  16.0 99.0 99.00
2016 05 26 10 50  75  5.3  7.2  0.68  8.33  5.23  92 1022.8  23.7  25.6  16.4 99.0 99.00
2016 05 26 11 50  54  4.9  6.6  0.68  7.14  5.06 101 1023.0  23.8  25.6  16.3 99.0 99.00
2016 05 26 12 50  54  4.9  6.1  0.69  7.14  4.82 111 1023.4  23.8  25.6  16.1 99.0 99.00
2016 05 26 13 50  52  5.5  7.4  0.68  8.33  4.78  90 1023.1  24.0  25.6  16.5 99.0 99.00
2016 05 26 14 50  46  6.3  7.2  0.70  9.09  4.40  93 1022.8  24.0  25.6  16.3 99.0 99.00
2016 05 26 15 50  56  6.1  7.7  0.73  8.33  4.39  99 1022.8  24.1  25.6  16.4 99.0 99.00
2016 05 26 16 50  59  6.2  7.6  0.72  8.33  4.15  94 1022.5  24.1  25.6  16.7 99.0 99.00
2016 05 26 17 50  58  7.0  8.5  0.76  7.14  3.86 112 1022.1  24.3  25.6  16.9 99.0 99.00
2016 05 26 18 50  57  6.6  7.8  0.82  7.14  4.02 111 1021.6  24.3  25.7  17.1 99.0 99.00
2016 05 26 19 50  64  6.5  7.5  0.82  8.33  3.94  96 1021.4  24.5  25.7  16.9 99.0 99.00
2016 05 26 20 50  61  6.5  8.5  0.84  3.45  3.92  84 1021.2  24.5  25.6  16.7 99.0 99.00
2016 05 26 21 50  68  7.5  8.8  0.88  3.70  3.83  85 1020.7  24.5  25.6  17.4 99.0 99.00
2016 05 26 22 50  69  7.5  9.1  0.86  3.70  3.91  74 1020.6  24.4  25.5  17.2 99.0 99.00
2016 05 27 00 50  73  6.6  8.0  0.82  4.17  3.97  70 1020.8  24.4  25.5  17.4 99.0 99.00
2016 05 27 01 50  83  6.5  7.6  0.81 11.43  3.99  54 1020.7  24.4  25.4  18.2 99.0 99.00
2016 05 27 02 50  78  7.4  8.4  0.82  4.55  4.15  82 1020.6  24.4  25.4  18.1 99.0 99.00
2016 05 27 03 50  75  6.2  7.7  0.87  4.55  4.16  83 1020.4  24.3  25.3  18.3 99.0 99.00
2016 05 27 04 50  79  6.7  8.2  0.87  7.14  4.24  87 1020.0  24.3  25.2  18.6 99.0 99.00
2016 05 27 05 50  72  6.3  7.8  0.83  7.14  4.30 101 1019.7  24.3  25.1  18.7 99.0 99.00
2016 05 27 06 50  53  6.4  7.3  0.84  7.69  4.25  95 1019.1  24.3  25.1  19.2 99.0 99.00
2016 05 27 07 50  59  6.9  8.2  0.84  8.33  4.35 108 1018.6  24.2  25.1  19.5 99.0 99.00
2016 05 27 08 50  63  6.9  8.0  0.87  7.14  4.30 110 1018.4  24.3  25.2  19.9 99.0 99.00
2016 05 27 09 50  57  6.9  8.1  0.85  5.26  4.10  85 1018.7  24.4  25.2  20.2 99.0 99.00
2016 05 27 10 50  61  9.6 12.8  0.93  5.00  4.06  93 1018.8  24.3  25.2  20.9 99.0 99.00
2016 05 27 11 50  50  7.4  8.6  1.02  7.69  4.03 114 1019.2  22.7  25.2  21.3 99.0 99.00
2016 05 27 12 50  56  8.1  9.9  1.04  4.00  4.09  86 1019.4  23.6  25.3  21.7 99.0 99.00
2016 05 27 13 50  61  7.2  8.6  1.03  4.17  4.15  86 1019.7  23.4  25.3  21.5 99.0 99.00
2016 05 27 14 50  58  6.7 10.1  1.06  6.67  4.15 105 1019.7  22.5  25.3  20.1 99.0 99.00
2016 05 27 15 50  83  8.3  9.4  1.19  4.35  4.29  63 1019.4  25.1  25.4  20.7 99.0 99.00
2016 05 27 16 50  74  9.0 10.6  1.15  4.76  4.32  61 1019.1  25.1  25.4  21.3 99.0 99.00
2016 05 27 17 50  78  8.3  9.7  1.29  9.09  4.38  97 1018.8  25.2  25.4  21.1 99.0 99.00
2016 05 27 18 50  68  9.7 10.8  1.26  4.55  4.17  78 1018.2  25.1  25.4  21.6 99.0 99.00
2016 05 27 19 50  76 10.1 11.5  1.38  4.76  4.36  79 1017.9  25.2  25.4  20.9 99.0 99.00
2016 05 27 20 50  79 10.4 11.7  1.43  5.26  4.35  80 1017.6  25.3  25.4  20.9 99.0 99.00
2016 05 27 21 50  84 10.4 11.9  1.46  5.26  4.39  86 1017.1  25.1  25.4  21.1 99.0 99.00
2016 05 27 22 50  78  9.7 11.4  1.59  5.26  4.46  81 1017.0  25.1  25.3  20.8 99.0 99.00
2016 05 27 23 50  74  9.7 11.3  1.61  5.56  4.56  95 1017.3  24.9  25.3  21.1 99.0 99.00
2016 05 28 00 50  80 11.3 13.5  1.66  5.88  4.82  89 1017.1  25.3  25.2  20.8 99.0 99.00
2016 05 28 01 50  86 10.4 12.1  1.78  9.09  4.87 123 1017.4  25.1  25.1  20.8 99.0 99.00
2016 05 28 02 50  81  9.8 11.4  1.92  9.09  5.26 118 1017.5  25.0  25.2  21.4 99.0 99.00
2016 05 28 03 50  85  9.2 10.7  2.03  8.33  5.40 116 1017.9  24.9  25.2  21.7 99.0 99.00
2016 05 28 04 50  87  9.5 10.9  1.97  8.33  5.38 112 1017.7  24.7  25.2  21.9 99.0 99.00
2016 05 28 05 50  89  8.9 10.4  1.88  8.33  5.50 112 1017.1  24.7  25.2  22.1 99.0 99.00
2016 05 28 06 50  90  8.6 10.0  1.79  8.33  5.39 107 1017.0  24.6  25.1  22.3 99.0 99.00
2016 05 28 07 50  91  8.6  9.8  1.59  8.33  5.21 107 1016.9  24.6  25.0  22.2 99.0 99.00
2016 05 28 08 50  89  8.5  9.8  1.52  8.33  5.06 115 1017.2  24.6  25.0  22.2 99.0 99.00
2016 05 28 09 50  88  8.2  9.8  1.44  8.33  4.97 103 1017.7  24.6  25.0  22.4 99.0 99.00
2016 05 28 10 50  83  8.2  9.5  1.38  7.69  5.09 109 1017.9  24.7  24.9  22.3 99.0 99.00
2016 05 28 11 50  91  8.1  9.1  1.25  7.69  4.78 114 1018.3  24.8  24.9  22.3 99.0 99.00
2016 05 28 12 50  93  8.6  9.7  1.21  5.88  4.68  98 1018.8  24.8  25.0  22.4 99.0 99.00
2016 05 28 13 50  93  9.4 10.6  1.08  6.67  4.31 102 1018.9  24.8  25.1  22.6 99.0 99.00
2016 05 28 14 50  98  8.4 10.0  1.07  7.69  4.15 132 1019.3  24.7  25.1  22.7 99.0 99.00
2016 05 28 15 50 111  9.5 11.1  1.05  6.67  4.05 115 1019.2  24.1  25.1  21.6 99.0 99.00
2016 05 28 16 50  95  7.9  9.1  1.10  5.00  4.29  96 1018.9  24.0  25.1  21.7 99.0 99.00
2016 05 28 17 50  97  8.3  9.7  1.10  6.25  4.31 120 1018.3  24.3  25.0  21.7 99.0 99.00
2016 05 28 18 50  99  8.1  9.3  1.06  5.88  4.36 104 1018.1  24.3  24.7  22.0 99.0 99.00
2016 05 28 19 50 101  8.2  9.9  1.07  6.25  4.13 127 1017.9  24.4  24.6  22.3 99.0 99.00
2016 05 28 20 50  98  8.2 10.1  1.17  5.88  4.37 111 1017.8  24.5  24.5  22.5 99.0 99.00
2016 05 28 21 50 104  9.6 11.6  1.22  7.69  4.51 103 1017.7  24.4  24.4  22.7 99.0 99.00
2016 05 28 22 50 119  8.1 10.1  1.37  6.67  4.46 108 1017.9  24.1  24.2  22.4 99.0 99.00
2016 05 28 23 50 127  6.7  7.9  1.46  5.26  4.62 104 1018.1  24.2  24.2  21.1 99.0 99.00
2016 05 29 00 50 118  7.8  9.2  1.35  5.00  4.70 100 1018.1  24.3  24.1  22.0 99.0 99.00
2016 05 29 01 50 120  8.4 10.1  1.40  7.14  4.73 109 1018.6  24.1  24.2  22.2 99.0 99.00
2016 05 29 02 50 118  8.9 10.4  1.56  7.14  4.99  96 1018.6  24.1  24.2  22.3 99.0 99.00
2016 05 29 03 50 128  7.7  8.9  1.48  6.25  4.75  96 1018.7  24.0  24.1  22.3 99.0 99.00
2016 05 29 04 50 126  7.4  8.8  1.41  7.14  4.74  99 1018.6  23.9  24.1  22.5 99.0 99.00
2016 05 29 05 50 119  7.1  8.3  1.38  7.69  4.93 104 1018.3  24.0  24.1  22.5 99.0 99.00
2016 05 29 06 50 122  7.3  8.3  1.30  7.14  4.68 112 1018.1  24.1  24.1  22.4 99.0 99.00
2016 05 29 07 50 119  7.1  8.4  1.26  7.14  4.79 100 1017.9  24.1  24.1  22.3 99.0 99.00
2016 05 29 08 50 124  7.2  8.3  1.19  7.14  4.74  91 1018.2  24.1  24.1  22.0 99.0 99.00
2016 05 29 09 50 124  6.5  7.5  1.24  6.67  4.80  93 1018.5  24.0  24.1  22.2 99.0 99.00
2016 05 29 10 50 121  6.0  7.4  1.22  6.25  4.95  99 1018.9  24.1  24.1  22.3 99.0 99.00
2016 05 29 11 50 119  5.7  6.8  1.19  6.67  5.02  97 1019.0  24.2  24.1  22.6 99.0 99.00
2016 05 29 12 50 119  5.3  6.2  1.15  7.14  5.05  85 1019.3  24.3  24.1  22.9 99.0 99.00
2016 05 29 13 50 123  6.0  7.5  1.11  6.67  4.79 117 1019.4  24.3  24.1  23.0 99.0 99.00
2016 05 29 14 50 122  6.5  7.6  1.13  6.25  4.74 104 1019.4  24.4  24.2  23.0 99.0 99.00
2016 05 29 15 50 134  7.5  8.6  1.12  6.67  4.76 111 1019.3  24.3  24.2  22.9 99.0 99.00
2016 05 29 16 50 132  6.8  7.9  1.12  7.14  4.54  95 1019.3  24.3  24.3  22.9 99.0 99.00
2016 05 29 17 50 132  6.7  7.8  1.18  7.69  4.61  78 1019.4  24.5  24.3  23.0 99.0 99.00
2016 05 29 18 50 129  6.4  7.9  1.18  7.69  4.79  89 1019.0  24.5  24.3  22.5 99.0 99.00
2016 05 29 19 50 131  6.4  7.9  1.15  6.67  4.67 107 1018.8  24.4  24.3  22.7 99.0 99.00
2016 05 29 20 50 132  6.1  7.1  1.23  8.33  4.77  89 1018.4  24.3  24.3  22.6 99.0 99.00
2016 05 29 21 50 125  5.7  7.0  1.23  7.14  5.01 111 1018.2  24.3  24.3  22.8 99.0 99.00
2016 05 29 22 50 125  5.7  7.0  1.26  7.69  5.14  95 1018.1  24.2  24.2  22.9 99.0 99.00
2016 05 29 23 50 124  7.3  8.7  1.23  6.25  4.93 110 1018.1  24.1  24.2  22.6 99.0 99.00
2016 05 30 00 50 126  7.2  8.5  1.37  7.69  4.88 110 1018.2  24.2  24.2  22.3 99.0 99.00
2016 05 30 01 50 123  8.3  9.8  1.37  7.14  4.99 226 1018.1  23.8  24.2  22.1 99.0 99.00
2016 05 30 02 50 124  7.4  9.1  1.45  7.69  4.96 100 1017.9  23.8  24.2  22.1 99.0 99.00
2016 05 30 03 50 127  7.3  8.7  1.36  8.33  4.86 100 1017.7  23.9  24.2  22.1 99.0 99.00
2016 05 30 04 50 133  6.8  8.1  1.33  6.67  4.94 169 1017.8  23.9  24.2  21.9 99.0 99.00
2016 05 30 05 50 134  6.6  7.8  1.26  8.33  4.87  92 1017.2  23.9  24.2  21.7 99.0 99.00
2016 05 30 06 50 130  7.1  8.5  1.32  7.69  5.04  92 1016.5  23.8  24.2  22.1 99.0 99.00
2016 05 30 07 50 138  7.2  8.4  1.30  7.69  4.98 110 1016.0  23.9  24.2  21.7 99.0 99.00
2016 05 30 08 50 123  5.9  6.9  1.17  7.69  4.89 110 1016.0  23.7  24.2  21.9 99.0 99.00
2016 05 30 09 50 138  4.3  5.0  1.28  7.69  4.99  96 1016.2  22.6  24.2  21.6 99.0 99.00
2016 05 30 10 50 131  5.0  6.0  1.19  6.67  5.00 114 1016.0  23.6  24.2  21.7 99.0 99.00
2016 05 30 11 50 105  4.3  5.7  1.24  8.33  5.29 104 1016.4  23.1  24.2  21.7 99.0 99.00
2016 05 30 12 50 132  5.6  6.3  1.28  8.33  5.30  95 1016.8  23.6  24.1  21.7 99.0 99.00
2016 05 30 13 50 117  7.8  9.4  1.38  8.33  5.17  96 1016.6  23.6  24.2  21.9 99.0 99.00
2016 05 30 14 50 129  5.9  7.4  1.44  7.69  5.02  78 1016.7  22.9  24.1  21.9 99.0 99.00
2016 05 30 15 50 132  6.6  7.7  1.59  8.33  5.18 102 1016.3  23.0  24.1  22.0 99.0 99.00
2016 05 30 16 50 145  4.9  5.6  1.60  8.33  5.30 109 1015.9  23.1  24.2  21.7 99.0 99.00
2016 05 30 17 50 166  3.7  4.5  1.65  6.67  5.39 121 1015.7  23.4  24.3  21.9 99.0 99.00
2016 05 30 18 50 179  4.5  5.3  1.56  6.67  5.43 120 1015.1  23.8  24.5  21.8 99.0 99.00
2016 05 30 19 50 180  4.9  6.0  1.61  7.69  5.65  91 1014.6  24.2  24.5  21.9 99.0 99.00
2016 05 30 20 50 176  5.0  5.9  1.71  7.69  6.10 100 1014.5  24.4  24.6  22.3 99.0 99.00
2016 05 30 21 50 183  5.3  6.3  1.47  7.69  5.83  99 1014.5  24.5  24.6  22.4 99.0 99.00
2016 05 30 22 50 172  5.5  6.4  1.59  7.69  6.06 111 1014.8  24.5  24.5  22.7 99.0 99.00
2016 05 30 23 50 166  5.3  6.4  1.62  7.69  6.01  94 1014.9  24.3  24.5  22.9 99.0 99.00
2016 05 31 00 50 165  5.1  5.9  1.71  8.33  6.18 102 1015.2  24.4  24.4  22.8 99.0 99.00
2016 05 31 01 50 159  6.0  7.4  1.74  7.69  6.16  89 1015.5  24.4  24.4  22.8 99.0 99.00
2016 05 31 02 50 161  6.1  7.2  1.55  8.33  5.80 102 1015.8  24.3  24.3  22.7 99.0 99.00
2016 05 31 03 50 170  5.6  7.1  1.57  7.69  5.83  88 1015.5  24.2  24.3  22.7 99.0 99.00
2016 05 31 04 50 159  5.7  6.7  1.47  7.69  5.71 104 1015.0  24.2  24.3  22.4 99.0 99.00
2016 05 31 05 50 157  5.7  6.6  1.32  7.69  5.42  91 1014.6  24.1  24.3  22.5 99.0 99.00
2016 05 31 06 50 152  6.0  7.6  1.41  7.69  5.47 104 1014.5  24.2  24.3  22.4 99.0 99.00
2016 05 31 07 50 149  5.7  6.9  1.40  7.69  5.60 105 1014.2  24.1  24.3  22.3 99.0 99.00
2016 05 31 08 50 142  5.8  6.8  1.32  7.69  5.23  89 1014.1  24.0  24.2  22.4 99.0 99.00
2016 05 31 09 50 144  5.7  6.6  1.38  7.69  5.42  92 1014.5  24.0  24.2  22.6 99.0 99.00
2016 05 31 10 50 154  5.2  5.9  1.43  8.33  5.56  98 1014.8  24.1  24.1  22.3 99.0 99.00
2016 05 31 11 50 155  5.7  6.8  1.25  7.14  5.31  87 1015.0  24.2  24.2  22.4 99.0 99.00
2016 05 31 12 50 163  4.6  5.6  1.20  8.33  5.40  92 1015.5  24.2  24.2  22.4 99.0 99.00
2016 05 31 13 50 166  5.1  6.0  1.25  7.69  5.44  79 1015.3  24.3  24.4  22.3 99.0 99.00
2016 05 31 14 50 182  5.0  5.6  1.13  7.69  5.45  95 1015.7  24.4  24.6  22.5 99.0 99.00
2016 05 31 15 50 168  5.4  5.9  1.13  6.67  5.41 109 1015.7  24.5  24.9  22.6 99.0 99.00
2016 05 31 16 50 170  5.8  6.5  1.14  7.69  5.55  99 1015.5  24.7  25.2  22.5 99.0 99.00
2016 05 31 17 50 165  6.0  6.8  1.15  7.14  5.40 107 1014.9  24.7  25.1  22.6 99.0 99.00
2016 05 31 18 50 153  6.4  7.2  1.12  6.67  5.40 109 1014.5  24.9  25.2  22.5 99.0 99.00
2016 05 31 19 50 159  5.9  6.9  1.09  7.69  5.15 102 1014.2  24.9  25.2  22.4 99.0 99.00
2016 05 31 20 50 156  5.9  6.7  1.17  8.33  5.32  97 1013.9  24.8  25.1  22.2 99.0 99.00
2016 05 31 21 50 146  6.4  7.3  1.12  6.67  5.14 111 1013.8  24.8  25.1  22.7 99.0 99.00
2016 05 31 22 50 152  7.1  8.2  1.24  8.33  5.54 103 1014.1  24.8  25.2  22.7 99.0 99.00
