#YY  MM DD hh mm WDIR WSPD GST  WVHT   DPD   APD MWD   PRES  ATMP  WTMP  DEWP  VIS  TIDE
#yr  mo dy hr mn degT m/s  m/s     m   sec   sec deg    hPa  degC  degC  degC  nmi    ft
2016 03 31 23 50  90  8.8 10.3  2.34  8.33  5.93 100 1017.9  25.9  26.2  21.6 99.0 99.00
2016 04 01 01 50  85 10.5 12.3  2.23  7.14  5.73  93 1018.2  25.8  26.2  21.5 99.0 99.00
2016 04 01 02 50  89 10.2 11.9  2.39  8.33  6.08  83 1017.7  25.8  26.2  21.5 99.0 99.00
2016 04 01 03 50  86  9.6 11.9  2.47  8.33  6.06  91 1017.2  25.8  26.2  21.4 99.0 99.00
2016 04 01 04 50  76  9.1 10.9  2.51  8.33  6.04  85 1016.8  25.7  26.2  21.8 99.0 99.00
2016 04 01 05 50  80  9.5 11.0  2.41  8.33  5.98  93 1016.0  25.7  26.2  21.7 99.0 99.00
2016 04 01 06 50  77 10.1 12.3  2.19  8.33  5.62 101 1016.2  25.7  26.2  21.4 99.0 99.00
2016 04 01 07 50  74  9.6 11.6  2.25  7.69  5.68  84 1016.5  25.7  26.2  21.2 99.0 99.00
2016 04 01 08 50  75 10.5 12.1  2.43  7.69  6.01  91 1016.6  25.8  26.2  21.0 99.0 99.00
2016 04 01 09 50  78 10.1 11.7  2.32  9.09  5.84  94 1016.9  25.7  26.2  21.0 99.0 99.00
2016 04 01 10 50  81  8.6 10.1  2.44  8.33  6.09  81 1017.9  25.9  26.2  20.9 99.0 99.00
2016 04 01 11 50  81  8.9 11.4  2.42  8.33  6.32 103 1018.4  25.5  26.2  21.6 99.0 99.00
2016 04 01 12 50  81  9.2 10.8  2.49  7.69  6.31  94 1018.6  25.8  26.2  21.6 99.0 99.00
2016 04 01 13 50  84  9.7 11.5  2.34  8.33  6.15  93 1018.1  26.1  26.2  21.2 99.0 99.00
2016 04 01 14 50  84  9.4 10.9  2.51  7.69  5.96 100 1017.7  26.0  26.3  21.2 99.0 99.00
2016 04 01 15 50  83  9.5 11.1  2.56  8.33  6.28  91 1016.9  26.0  26.3  21.1 99.0 99.00
2016 04 01 16 50  86  8.0  9.5  2.37  8.33  6.07  96 1016.3  25.9  26.3  21.4 99.0 99.00
2016 04 01 17 50  83  9.1 10.9  2.50  8.33  5.93 102 1015.6  25.8  26.3  21.6 99.0 99.00
2016 04 01 18 50  73  8.7 10.4  2.26  8.33  5.94  89 1015.4  25.4  26.3  21.5 99.0 99.00
2016 04 01 19 50  82  8.8 10.5  2.42  8.33  5.96  96 1015.2  25.9  26.3  21.4 99.0 99.00
2016 04 01 20 50  80  9.4 11.0  2.45  8.33  6.19  98 1015.1  25.8  26.3  21.2 99.0 99.00
2016 04 01 21 50  74  9.4 11.1  2.44  8.33  6.05  93 1015.7  25.7  26.2  20.8 99.0 99.00
2016 04 01 22 50  75  9.1 10.6  2.40  8.33  6.04  89 1016.3  25.7  26.2  20.7 99.0 99.00
2016 04 01 23 50  75  8.7 10.3  2.43  9.09  6.18  86 1016.9  25.7  26.3  20.2 99.0 99.00
2016 04 02 00 50  79  7.9  9.6  2.48  7.69  6.24  94 1017.3  25.7  26.3  20.5 99.0 99.00
2016 04 02 01 50  84  9.1 10.8  2.30  8.33  6.19 100 1016.9  25.7  26.3  20.1 99.0 99.00
2016 04 02 02 50  83  8.7 10.5  2.39  9.09  6.26  89 1016.6  25.6  26.3  20.2 99.0 99.00
2016 04 02 03 50  82  8.9 10.5  2.31  9.09  6.16  84 1016.2  25.6  26.3  19.5 99.0 99.00
2016 04 02 04 50  82  8.3  9.7  2.47  9.09  6.28  89 1015.6  25.5  26.3  19.6 99.0 99.00
2016 04 02 05 50  94  7.7  9.4  2.45  9.09  6.63  95 1014.7  25.4  26.3  19.7 99.0 99.00
2016 04 02 06 50  87  6.9  8.5  2.52  8.33  6.46  80 1014.5  25.4  26.3  19.9 99.0 99.00
2016 04 02 07 50  81  6.5  8.0  2.37  9.09  6.68  94 1014.4  25.3  26.2  19.7 99.0 99.00
2016 04 02 08 50  85  6.2  7.4  2.18  9.09  6.38  83 1014.8  25.4  26.2  20.2 99.0 99.00
2016 04 02 09 50  76  5.3  6.8  2.29  9.09  6.77  94 1015.3  25.3  26.2  20.5 99.0 99.00
2016 04 02 10 50  96  6.8  7.9  2.31  9.09  6.97  88 1015.7  25.6  26.2  20.3 99.0 99.00
2016 04 02 11 50  97  6.3  7.3  2.28  9.09  7.16  84 1016.1  25.8  26.3  20.4 99.0 99.00
2016 04 02 12 50  72  8.5 10.7  2.28  8.33  6.81  84 1016.1  24.4  26.3  21.4 99.0 99.00
2016 04 02 13 50  75  9.7 11.9  2.39  9.09  6.86  86 1016.0  24.2  26.3  21.5 99.0 99.00
2016 04 02 14 50  79  8.0 10.2  2.40  9.09  6.40  88 1015.9  25.0  26.3  21.8 99.0 99.00
2016 04 02 15 50 102  8.4 10.9  2.39  9.09  6.30  89 1015.4  24.1  26.3  21.0 99.0 99.00
2016 04 02 16 50  85  7.8  9.3  2.45  9.09  6.36  93 1014.5  24.5  26.3  21.3 99.0 99.00
2016 04 02 17 50  98  5.3  6.3  2.51  8.33  6.51  83 1013.8  24.4  26.3  20.7 99.0 99.00
2016 04 02 18 50  84  8.2  9.6  2.72  8.33  6.69  84 1012.9  25.9  26.2  20.2 99.0 99.00
2016 04 02 19 50  90  8.1  9.5  2.65  9.09  6.57  87 1013.1  25.8  26.2  20.1 99.0 99.00
2016 04 02 20 50  87  8.1  9.6  2.52  9.09  6.57  86 1013.4  25.8  26.2  20.2 99.0 99.00
2016 04 02 21 50  87  8.3  9.8  2.62 10.00  6.61  86 1014.0  25.8  26.2  20.0 99.0 99.00
2016 04 02 22 50  88  7.4  9.1  2.67 10.00  6.98  81 1014.6  25.9  26.2  20.8 99.0 99.00
2016 04 02 23 50  92  7.9  9.1  2.62 10.00  6.84  93 1015.1  25.8  26.2  20.3 99.0 99.00
2016 04 03 00 50  88  8.6  9.9  2.58  9.09  6.54  94 1015.4  25.8  26.2  20.4 99.0 99.00
2016 04 03 01 50  87  8.1 10.0  2.45  9.09  6.71  92 1015.6  25.8  26.3  20.7 99.0 99.00
2016 04 03 02 50  88  7.9  9.9  2.42  9.09  6.62  92 1015.4  25.8  26.3  20.5 99.0 99.00
2016 04 03 03 50  99  6.5  8.2  2.51  9.09  6.60  85 1015.2  25.2  26.3  20.7 99.0 99.00
2016 04 03 05 50  80  7.5  9.8  2.37  9.09  6.40  84 1013.9  25.3  26.3  21.4 99.0 99.00
2016 04 03 06 50  84  8.5 10.1  2.39 10.00  6.39  75 1013.5  25.3  26.3  21.3 99.0 99.00
2016 04 03 07 50  83  6.2  7.9  2.19  9.09  6.19  88 1013.9  25.0  26.3  21.3 99.0 99.00
2016 04 03 08 50 110  8.0  9.0  2.22  9.09  6.40  87 1014.3  25.0  26.3  21.3 99.0 99.00
2016 04 03 09 50  78  7.2  9.1  2.34  9.09  6.57  83 1014.5  25.4  26.3  21.1 99.0 99.00
2016 04 03 10 50  68  7.7  9.1  2.43  9.09  6.68  92 1015.1  25.4  26.3  21.1 99.0 99.00
2016 04 03 11 50  78  7.7  9.4  2.32 10.00  6.48  72 1015.9  25.7  26.3  21.0 99.0 99.00
2016 04 03 12 50  76  8.0  9.3  2.47 10.00  6.60  85 1016.2  25.5  26.3  21.4 99.0 99.00
2016 04 03 13 50  77  8.7 10.3  2.44  9.09  6.58  83 1016.2  25.3  26.4  21.6 99.0 99.00
2016 04 03 14 50  83  8.1  9.5  2.35  8.33  6.28  72 1015.8  25.3  26.4  21.5 99.0 99.00
2016 04 03 15 50  82  7.7  9.3  2.50  9.09  6.68  84 1015.2  25.3  26.4  21.2 99.0 99.00
2016 04 03 16 50  93  7.1  8.7  2.33  9.09  6.45  84 1014.2  25.4  26.4  20.9 99.0 99.00
2016 04 03 17 50  91  6.1  7.2  2.24  9.09  6.54  83 1014.0  26.0  26.4  20.4 99.0 99.00
2016 04 03 18 50  83  6.7  7.9  2.57  9.09  7.09  86 1013.5  25.9  26.4  20.7 99.0 99.00
2016 04 03 19 50  51  6.9  8.2  2.32 10.00  6.60  90 1013.5  25.0  26.4  21.8 99.0 99.00
2016 04 03 20 50  50  7.9  8.9  2.07 10.00  6.43  71 1013.9  24.9  26.4  21.6 99.0 99.00
2016 04 03 21 50  63  7.7  8.9  2.28  9.09  6.68  96 1014.6  25.1  26.3  21.6 99.0 99.00
2016 04 03 22 50  77  7.0  8.3  2.17  9.09  6.22  82 1015.4  25.3  26.3  21.3 99.0 99.00
2016 04 03 23 50  66  7.0  8.0  2.28  9.09  6.46  86 1016.0  25.4  26.3  21.1 99.0 99.00
2016 04 04 00 50  78  6.4  7.8  2.32 10.00  6.81  73 1016.4  25.4  26.3  21.9 99.0 99.00
2016 04 04 01 50  70  6.7  7.7  2.28  9.09  6.78  85 1016.7  25.4  26.3  21.8 99.0 99.00
2016 04 04 02 50  84  6.9  8.1  2.25 10.00  6.83  83 1016.5  25.6  26.3  21.7 99.0 99.00
2016 04 04 03 50  94  6.7  8.4  2.28 10.00  6.93  88 1016.2  25.5  26.2  22.0 99.0 99.00
2016 04 04 04 50  62  6.7  8.5  1.95 10.00  6.39  78 1015.9  25.0  26.2  21.4 99.0 99.00
2016 04 04 05 50 109  5.0  6.2  2.14 10.00  6.62  75 1015.4  24.8  26.2  21.5 99.0 99.00
2016 04 04 06 50  81  5.8  7.2  2.05 10.00  6.65  77 1015.0  25.4  26.2  21.6 99.0 99.00
2016 04 04 07 50  80  7.5 10.5  2.10  9.09  6.70  90 1014.9  24.1  26.2  20.5 99.0 99.00
2016 04 04 08 50  87  6.5  7.7  2.20  9.09  6.98  81 1015.4  25.3  26.2  21.6 99.0 99.00
2016 04 04 09 50  88  6.6  7.8  2.32 10.00  7.14  87 1015.9  25.2  26.2  21.7 99.0 99.00
2016 04 04 10 50  85  7.5  8.8  2.40  9.09  7.03  75 1016.4  24.9  26.2  21.7 99.0 99.00
2016 04 04 11 50  93  7.4  9.2  2.25 10.00  6.94  89 1017.1  25.4  26.2  21.9 99.0 99.00
2016 04 04 12 50  93  7.7  9.0  2.03  9.09  6.27  82 1017.5  25.7  26.3  21.4 99.0 99.00
2016 04 04 13 50  93  6.3  7.3  2.31  9.09  6.94  87 1017.8  25.7  26.3  22.0 99.0 99.00
2016 04 04 14 50  88  6.7  8.2  2.06  9.09  6.38  85 1017.3  25.7  26.4  21.6 99.0 99.00
2016 04 04 15 50  85  6.8  8.2  2.16  9.09  6.66  80 1016.8  25.8  26.4  21.0 99.0 99.00
2016 04 04 16 50  78  6.4  7.8  2.19  9.09  6.66  88 1015.8  25.7  26.4  21.8 99.0 99.00
2016 04 04 17 50  87  6.9  8.1  2.13  9.09  6.65  75 1015.0  25.8  26.5  21.3 99.0 99.00
2016 04 04 18 50  83  6.2  7.8  2.18  9.09  6.69  77 1014.8  25.9  26.5  21.6 99.0 99.00
2016 04 04 19 50  76  5.7  7.2  1.94  9.09  6.31  80 1014.7  25.6  26.5  21.0 99.0 99.00
2016 04 04 20 50  88  6.5  7.9  2.11 10.00  6.74  69 1014.8  25.9  26.4  21.5 99.0 99.00
2016 04 04 21 50  84  6.3  7.2  2.15 10.00  6.88  80 1015.1  25.8  26.4  21.8 99.0 99.00
2016 04 04 23 50  76  6.0  7.1  2.25 10.00  7.08  69 1016.0  25.7  26.3  22.0 99.0 99.00
2016 04 05 00 50  84  7.2  8.7  2.20 10.00  6.83  85 1016.6  25.7  26.3  22.0 99.0 99.00
2016 04 05 01 50  76  7.1  8.9  2.09 10.00  6.57  76 1016.6  25.8  26.3  21.8 99.0 99.00
2016 04 05 02 50  72  7.1  8.4  2.09  9.09  6.66  85 1016.5  25.7  26.3  21.7 99.0 99.00
2016 04 05 03 50  72  7.2  8.6  2.25 10.00  6.88  79 1015.8  25.5  26.2  21.2 99.0 99.00
2016 04 05 04 50  70  7.7  9.2  2.15  9.09  6.59  81 1014.8  25.4  26.2  21.2 99.0 99.00
2016 04 05 05 50  78  8.0  9.3  2.24 10.00  6.64  75 1014.1  25.4  26.2  21.1 99.0 99.00
2016 04 05 06 50  78  7.9  9.8  2.23 10.00  6.62  90 1013.5  25.3  26.2  21.0 99.0 99.00
2016 04 05 07 50  76  7.6  9.0  2.28  9.09  6.74  80 1013.6  25.4  26.2  21.2 99.0 99.00
2016 04 05 08 50  75  8.3  9.9  2.11  9.09  6.34  72 1014.1  25.4  26.2  21.4 99.0 99.00
2016 04 05 09 50  85  8.1  9.6  2.16 10.00  6.46  74 1015.0  25.5  26.2  20.7 99.0 99.00
2016 04 05 10 50  88  7.6  9.1  2.18 10.00  6.65  70 1015.8  25.8  26.2  21.3 99.0 99.00
2016 04 05 11 50  88  7.7  9.2  2.25 10.00  6.76  70 1016.5  25.8  26.2  21.7 99.0 99.00
2016 04 05 12 50  92  8.1  9.5  2.45 10.00  6.99  67 1016.8  25.8  26.3  21.8 99.0 99.00
2016 04 05 13 50  97  7.4  9.0  2.45 10.00  6.56  71 1017.1  26.0  26.3  21.7 99.0 99.00
2016 04 05 14 50  94  7.3  8.9  2.37 10.00  6.60  70 1016.9  25.9  26.3  21.6 99.0 99.00
2016 04 05 15 50  94  7.6  9.3  2.19 10.00  6.33  62 1016.4  26.0  26.4  21.5 99.0 99.00
2016 04 05 16 50  97  7.0  8.6  2.68 10.00  6.82  68 1015.7  26.0  26.4  21.5 99.0 99.00
2016 04 05 17 50  98  7.1  8.3  2.38 10.00  6.59  73 1015.0  26.0  26.4  21.3 99.0 99.00
2016 04 05 18 50 105  6.5  7.9  2.53 10.00  6.90  64 1014.7  26.0  26.4  21.6 99.0 99.00
2016 04 05 19 50  92  5.6  6.6  2.46  9.09  6.82  71 1014.4  26.0  26.5  21.8 99.0 99.00
2016 04 05 20 50  84  6.7  7.7  2.24 10.00  6.67  67 1014.4  25.7  26.4  22.2 99.0 99.00
2016 04 05 21 50  94  6.7  8.6  2.15 10.00  6.56  68 1014.8  25.7  26.4  22.2 99.0 99.00
2016 04 05 22 50  94  6.7  8.5  2.25  9.09  6.49  71 1015.1  25.6  26.4  22.5 99.0 99.00
2016 04 05 23 50  91  7.7  9.1  2.31 10.00  6.67  69 1015.3  25.9  26.4  22.1 99.0 99.00
2016 04 06 00 50  92  7.3  9.4  2.08 10.00  6.35  79 1015.8  25.8  26.4  22.2 99.0 99.00
2016 04 06 01 50  95  7.7  9.1  2.16 10.00  6.43  71 1016.0  25.8  26.4  21.8 99.0 99.00
2016 04 06 02 50  81  7.8  9.0  2.43 10.00  6.71  74 1015.6  25.1  26.3  22.3 99.0 99.00
2016 04 06 03 50  87  6.8  8.3  2.20 10.00  6.52  68 1015.2  25.5  26.3  20.8 99.0 99.00
2016 04 06 04 50  95  7.9  9.4  2.16  9.09  6.56  69 1014.4  25.3  26.3  21.6 99.0 99.00
2016 04 06 05 50  84  8.1  9.8  2.09  7.69  6.16  76 1013.9  24.7  26.3  21.0 99.0 99.00
2016 04 06 06 50  70  6.3  7.3  2.21  9.09  6.37  65 1013.6  25.1  26.3  21.7 99.0 99.00
2016 04 06 07 50  83  7.1  8.4  2.38 10.00  6.60  79 1014.1  25.0  26.3  21.7 99.0 99.00
2016 04 06 08 50 110  8.0  9.5  2.12 10.00  6.54  73 1014.7  24.5  26.3  21.6 99.0 99.00
2016 04 06 09 50 100  8.1  9.3  2.15 10.00  6.27  83 1015.0  24.4  26.3  21.0 99.0 99.00
2016 04 06 10 50 109  5.9  7.0  2.25  9.09  6.51  75 1015.7  24.8  26.3  20.9 99.0 99.00
2016 04 06 11 50  98  7.5  8.7  1.98 10.00  6.37  64 1016.3  24.7  26.3  21.2 99.0 99.00
2016 04 06 12 50  95  6.2  7.5  1.98 10.00  6.62  69 1016.4  25.5  26.4  20.7 99.0 99.00
2016 04 06 13 50  93  5.5  6.9  1.98  9.09  6.51  66 1016.3  25.6  26.4  21.5 99.0 99.00
2016 04 06 14 50  89  5.8  7.1  1.91 10.00  6.50  67 1016.0  25.7  26.5  21.3 99.0 99.00
2016 04 06 15 50  84  5.9  7.2  1.89  8.33  6.33  69 1015.2  25.6  26.6  21.6 99.0 99.00
2016 04 06 16 50  73  5.8  7.0  1.74  9.09  6.34  74 1014.4  25.6  26.6  21.9 99.0 99.00
2016 04 06 17 50  93  6.4  7.9  1.81  9.09  6.15  64 1013.6  25.6  26.6  21.6 99.0 99.00
2016 04 06 18 50  81  8.1  9.3  1.99 10.00  6.15  82 1013.1  25.0  26.6  21.6 99.0 99.00
2016 04 06 19 50  66  6.3  7.4  1.82  9.09  5.94  80 1013.1  25.5  26.6  21.8 99.0 99.00
2016 04 06 20 50  81  6.2  7.2  1.94  9.09  6.42  81 1013.2  25.5  26.6  21.1 99.0 99.00
2016 04 06 21 50  68  6.0  7.2  1.81 14.81  6.18 333 1013.6  25.4  26.5  20.9 99.0 99.00
2016 04 06 22 50  87  6.6  8.1  1.85  9.09  6.40  82 1014.0  25.2  26.5  21.6 99.0 99.00
2016 04 06 23 50  77  7.0  8.4  1.88  9.09  6.50  78 1014.4  25.5  26.5  20.7 99.0 99.00
2016 04 07 00 50  82  5.2  6.9  1.86 13.79  6.57 359 1015.0  25.5  26.4  20.4 99.0 99.00
2016 04 07 01 50  67  7.0  8.0  1.84  9.09  6.81  69 1015.2  25.8  26.4  19.7 99.0 99.00
2016 04 07 02 50  73  5.4  6.2  1.92 13.79  6.98 354 1015.0  25.9  26.4  20.1 99.0 99.00
2016 04 07 03 50  48  4.4  6.4  1.80 13.79  7.05 345 1014.6  25.0  26.4  21.4 99.0 99.00
2016 04 07 04 50  72  7.0  8.3  1.95 13.79  7.22   2 1013.9  25.6  26.4  21.2 99.0 99.00
2016 04 07 05 50  73  7.0  8.1  1.86 13.79  6.67 352 1013.5  25.5  26.4  21.0 99.0 99.00
2016 04 07 06 50  61  7.4  8.6  1.94 12.90  6.92 331 1013.2  25.5  26.4  20.9 99.0 99.00
2016 04 07 07 50  70  6.7  8.0  1.89  8.33  6.38  71 1013.4  25.3  26.4  21.1 99.0 99.00
2016 04 07 08 50  71  6.3  7.3  1.83 12.90  6.42   8 1013.9  25.4  26.4  20.8 99.0 99.00
2016 04 07 09 50  74  6.4  7.7  1.80 12.90  6.41 345 1014.2  25.3  26.4  20.4 99.0 99.00
2016 04 07 10 50  83  6.4  7.5  1.75 12.12  6.39 348 1015.0  25.6  26.4  20.7 99.0 99.00
2016 04 07 11 50  87  6.5  7.5  1.76 12.90  6.49 344 1015.6  25.7  26.4  20.8 99.0 99.00
2016 04 07 12 50  85  6.2  7.5  1.84 12.12  6.35 326 1016.1  25.8  26.5  20.5 99.0 99.00
2016 04 07 13 50  92  5.6  6.8  1.81 12.12  6.26 350 1016.3  25.8  26.5  20.7 99.0 99.00
2016 04 07 14 50  91  6.1  7.4  1.70  9.09  6.67  64 1016.1  25.8  26.6  20.7 99.0 99.00
2016 04 07 15 50  84  5.4  6.6  1.71 12.12  6.67 343 1015.5  25.7  26.7  20.6 99.0 99.00
2016 04 07 16 50  84  6.3  7.5  1.72  8.33  6.60  80 1014.4  25.9  26.7  20.8 99.0 99.00
2016 04 07 17 50  83  6.6  7.7  1.77 12.12  6.60 340 1013.4  25.8  26.7  21.2 99.0 99.00
2016 04 07 18 50  86  6.7  8.2  1.70 12.12  6.53 337 1012.8  25.9  26.7  21.1 99.0 99.00
2016 04 07 19 50  90  6.6  7.8  1.82 10.00  6.31  57 1012.7  25.9  26.7  21.1 99.0 99.00
2016 04 07 20 50  82  7.0  8.0  1.72 12.12  6.06 353 1012.8  25.8  26.7  21.0 99.0 99.00
2016 04 07 21 50  88  8.6 10.2  1.95 10.00  6.39  53 1013.1  25.5  26.6  21.1 99.0 99.00
2016 04 07 22 50  89  7.8  9.5  1.81  9.09  5.97  68 1013.8  25.8  26.5  20.6 99.0 99.00
2016 04 07 23 50  88  7.0  8.3  1.85  9.09  5.97  76 1014.6  25.8  26.5  21.3 99.0 99.00
2016 04 08 00 50  91  7.7  9.6  1.89 10.00  6.03  51 1014.7  26.0  26.5  20.7 99.0 99.00
2016 04 08 02 50  83  7.5  8.8  1.80  9.09  6.20  68 1015.0  25.9  26.5  21.1 99.0 99.00
2016 04 08 03 50  75  8.5 11.7  1.73 10.00  6.00  43 1014.6  24.8  26.4  20.8 99.0 99.00
2016 04 08 04 50  74  8.1  9.3  1.88  9.09  6.02  64 1014.0  25.7  26.4  20.8 99.0 99.00
2016 04 08 05 50  74  7.9  9.5  1.85  9.09  5.94  73 1013.5  25.5  26.4  20.9 99.0 99.00
2016 04 08 06 50  87  7.7  9.1  1.84  9.09  5.82  71 1013.1  25.6  26.4  20.7 99.0 99.00
2016 04 08 07 50  84  7.1  8.4  1.80  9.09  5.85  67 1013.3  25.4  26.4  20.3 99.0 99.00
2016 04 08 08 50 115  7.6  9.7  1.73  9.09  5.77  58 1013.8  24.7  26.4  20.1 99.0 99.00
2016 04 08 09 50  83  6.5  7.3  1.68  9.09  5.66  62 1014.3  25.4  26.4  20.3 99.0 99.00
2016 04 08 10 50  85  7.3  8.4  1.74  9.09  6.02  49 1014.7  25.6  26.4  20.4 99.0 99.00
2016 04 08 11 50  89  7.3  8.5  1.73  9.09  5.69  61 1015.6  25.4  26.4  20.1 99.0 99.00
2016 04 08 12 50  72  6.8  8.0  1.73  9.09  5.78  66 1015.9  25.7  26.5  19.8 99.0 99.00
2016 04 08 13 50  67  6.0  7.0  1.61  8.33  5.88  69 1016.0  25.8  26.5  20.6 99.0 99.00
2016 04 08 14 50  81  7.4  8.4  1.68  9.09  5.88  57 1015.5  25.7  26.6  20.3 99.0 99.00
2016 04 08 15 50  78  7.4  9.0  1.65  7.69  5.50  73 1014.7  25.6  26.6  20.6 99.0 99.00
2016 04 08 16 50  88  6.7  8.3  1.69  7.69  5.50  63 1013.9  25.6  26.6  19.9 99.0 99.00
2016 04 08 17 50  71  7.1  8.5  1.82  9.09  5.76  55 1013.3  25.8  26.6  19.9 99.0 99.00
2016 04 08 18 50  72  5.8  7.0  1.75  9.09  5.75  59 1012.8  25.7  26.6  20.6 99.0 99.00
2016 04 08 19 50  65  6.4  7.5  1.63  8.33  5.60  63 1012.8  25.7  26.6  20.8 99.0 99.00
2016 04 08 20 50  69  6.7  8.0  1.63  8.33  5.83  73 1012.7  25.9  26.6  20.4 99.0 99.00
2016 04 08 21 50  68  7.0  8.5  1.69  6.67  5.65  78 1013.0  25.8  26.6  20.6 99.0 99.00
2016 04 08 22 50  63  7.4  8.3  1.64  7.14  5.79  77 1013.7  25.7  26.5  20.5 99.0 99.00
2016 04 08 23 50  67  7.3  8.9  1.67  7.14  5.64  72 1014.3  25.7  26.5  20.2 99.0 99.00
2016 04 09 00 50  65  7.3  8.5  1.69  7.14  5.62  72 1014.7  25.6  26.5  20.7 99.0 99.00
2016 04 09 01 50  76  7.0  8.2  1.70  9.09  5.55  79 1015.1  25.7  26.5  21.0 99.0 99.00
2016 04 09 02 50  70  7.9  9.4  1.66  9.09  5.77  61 1014.8  25.6  26.4  20.9 99.0 99.00
2016 04 09 03 50  69  7.8  9.2  1.68  9.09  5.55  73 1014.4  25.4  26.4  20.9 99.0 99.00
2016 04 09 04 50  70  8.0  9.3  1.76  9.09  5.79  64 1013.4  25.4  26.4  20.7 99.0 99.00
2016 04 09 05 50  72  7.1  8.5  1.88 13.79  6.06 349 1012.8  25.5  26.4  21.3 99.0 99.00
2016 04 09 06 50  73  7.8  9.0  1.84 13.79  6.04 350 1012.4  25.3  26.4  21.0 99.0 99.00
2016 04 09 07 50  78  8.0  9.7  1.98 14.81  6.29  15 1012.4  25.4  26.4  20.8 99.0 99.00
2016 04 09 08 50  81  8.3  9.8  2.29 13.79  7.13 348 1013.1  25.4  26.4  21.2 99.0 99.00
2016 04 09 09 50 101  7.5  9.3  2.07 13.79  6.30   3 1013.6  24.8  26.4  21.4 99.0 99.00
2016 04 09 10 50  98  5.6  6.6  2.05 12.90  6.16 338 1014.3  25.0  26.4  20.6 99.0 99.00
2016 04 09 11 50  72  7.6  8.6  2.13 12.90  6.59 351 1014.8  25.1  26.4  21.4 99.0 99.00
2016 04 09 12 50  82  7.4  9.4  2.22 12.90  6.87 343 1015.3  25.8  26.4  20.7 99.0 99.00
2016 04 09 13 50  86  8.2  9.9  2.23 12.90  6.73 342 1015.4  25.7  26.5  20.9 99.0 99.00
2016 04 09 14 50  87  7.9  9.2  2.25 12.90  6.89 348 1014.9  25.7  26.5  20.7 99.0 99.00
2016 04 09 15 50  94  6.8  8.2  2.14 12.90  6.54 359 1014.1  25.8  26.5  20.7 99.0 99.00
2016 04 09 16 50  95  6.9  8.3  2.23 12.90  6.98 354 1013.1  25.8  26.6  21.0 99.0 99.00
2016 04 09 17 50  94  6.5  7.6  2.28 12.90  7.12 348 1012.6  25.8  26.6  21.1 99.0 99.00
2016 04 09 18 50  79  6.3  7.6  2.32 12.90  7.17   4 1012.1  26.0  26.6  21.0 99.0 99.00
2016 04 09 19 50  83  6.4  7.7  1.96 12.90  6.68 359 1011.9  26.1  26.6  20.4 99.0 99.00
2016 04 09 20 50  73  7.4  8.9  2.09 12.90  6.79   4 1012.0  25.9  26.6  20.9 99.0 99.00
2016 04 09 21 50  77  7.8  9.1  2.10 12.90  6.92   9 1012.3  25.9  26.5  20.5 99.0 99.00
2016 04 09 22 50  77  7.0  7.9  2.39 12.90  6.78   5 1012.8  25.9  26.5  20.9 99.0 99.00
2016 04 09 23 50  76  7.5  9.0  2.25 12.90  6.88 357 1013.4  25.8  26.5  21.7 99.0 99.00
2016 04 10 00 50  83  7.4  8.8  1.97 12.12  6.28 357 1013.8  25.7  26.4  21.3 99.0 99.00
2016 04 10 01 50  75  7.4  9.3  2.11 12.90  6.59 360 1014.2  25.6  26.4  21.7 99.0 99.00
2016 04 10 02 50  72  7.6  8.7  2.11 12.12  6.46 348 1013.9  25.6  26.4  21.1 99.0 99.00
2016 04 10 03 50  64  8.8 10.6  2.11 12.12  6.64   3 1013.6  24.8  26.4  21.6 99.0 99.00
2016 04 10 04 50  76  8.3  9.9  2.08 12.12  6.45 355 1012.8  25.7  26.4  21.2 99.0 99.00
2016 04 10 05 50  84  8.1  9.7  1.99 12.12  6.13  18 1012.5  25.6  26.4  21.0 99.0 99.00
2016 04 10 06 50  73  7.6  9.9  2.17 12.12  6.48   5 1012.2  25.3  26.4  21.7 99.0 99.00
2016 04 10 07 50  87  8.0  9.4  2.11 12.12  6.47  10 1012.5  25.5  26.4  21.1 99.0 99.00
2016 04 10 08 50  90  7.8  9.7  2.13  8.33  6.21  63 1013.3  25.6  26.4  20.8 99.0 99.00
2016 04 10 09 50 105  7.3  8.4  2.15  8.33  6.40  47 1013.6  25.8  26.4  20.8 99.0 99.00
2016 04 10 10 50  93  6.8  8.3  2.06 11.43  6.33 358 1014.4  25.9  26.4  20.7 99.0 99.00
2016 04 10 11 50  71  4.4  5.2  2.26  9.09  6.33  61 1015.2  24.9  26.4  20.8 99.0 99.00
2016 04 10 12 50  73  7.4  8.7  2.23  9.09  6.56  49 1015.3  25.9  26.4  21.6 99.0 99.00
2016 04 10 13 50  68  6.6  7.9  2.22  8.33  6.26  66 1015.3  25.5  26.5  21.2 99.0 99.00
2016 04 10 14 50  85  6.6  7.7  2.01 11.43  6.28  11 1015.2  25.6  26.6  21.5 99.0 99.00
2016 04 10 15 50  89  7.1  8.5  2.19 10.81  6.31   9 1014.7  26.1  26.6  20.9 99.0 99.00
2016 04 10 16 50  77  6.4  7.6  2.17  9.09  6.43  63 1014.2  25.9  26.6  21.3 99.0 99.00
2016 04 10 17 50  80  6.6  8.0  2.14  8.33  6.44  66 1013.2  25.8  26.6  21.5 99.0 99.00
2016 04 10 18 50  73  6.0  7.6  1.97  8.33  6.21  68 1012.7  25.7  26.7  21.7 99.0 99.00
2016 04 10 19 50  76  7.1  8.9  2.04  8.33  6.20  62 1012.4  25.8  26.7  21.8 99.0 99.00
2016 04 10 20 50  72  7.9  9.2  2.09  9.09  6.05  54 1012.6  25.8  26.6  21.5 99.0 99.00
2016 04 10 21 50  70  7.6  9.2  1.92  9.09  6.08  47 1013.1  25.9  26.6  21.1 99.0 99.00
2016 04 10 22 50  67  7.4  9.4  1.92  9.09  6.10  61 1013.5  25.8  26.5  21.6 99.0 99.00
2016 04 10 23 50  65  7.9  9.3  2.05  8.33  6.17  65 1013.7  25.8  26.5  21.7 99.0 99.00
2016 04 11 00 50  72  8.1 10.0  1.91  9.09  5.84  39 1014.0  25.8  26.5  21.6 99.0 99.00
2016 04 11 01 50  76  7.7  9.4  1.96 10.00  5.97  42 1014.4  25.7  26.5  21.5 99.0 99.00
2016 04 11 02 50  75  7.1  8.5  1.94 10.00  5.83  29 1014.6  25.6  26.4  21.4 99.0 99.00
2016 04 11 03 50  74  8.2 10.0  2.01  9.09  5.86  78 1014.1  25.7  26.4  21.2 99.0 99.00
2016 04 11 04 50  80  8.3  9.6  2.18  9.09  6.13  55 1013.6  25.6  26.4  20.9 99.0 99.00
2016 04 11 05 50  76  7.8  9.3  2.07  8.33  5.82  80 1013.2  24.6  26.4  20.7 99.0 99.00
2016 04 11 06 50  70  9.8 12.1  2.01 10.00  5.90  28 1013.0  24.5  26.4  21.2 99.0 99.00
2016 04 11 07 50  66  9.0 10.6  2.24  9.09  6.16  60 1013.1  24.7  26.4  21.7 99.0 99.00
2016 04 11 08 50  52  9.1 10.7  2.35  9.09  5.97  61 1013.4  23.8  26.4  21.5 99.0 99.00
2016 04 11 09 50  83  7.8  9.2  2.22  8.33  5.80  62 1013.9  23.4  26.4  20.9 99.0 99.00
2016 04 11 10 50  95  5.5  8.4  2.14  9.09  6.23  56 1014.3  23.7  26.4  21.8 99.0 99.00
2016 04 11 11 50  96  9.5 11.8  2.27  9.09  5.96  47 1014.6  25.3  26.4  21.1 99.0 99.00
2016 04 11 12 50  90 10.2 11.9  2.38  9.09  5.88  61 1014.7  25.2  26.4  20.0 99.0 99.00
2016 04 11 13 50  82  8.2  9.6  2.16  9.09  5.76  64 1014.7  25.6  26.5  20.5 99.0 99.00
2016 04 11 14 50  94  7.8  9.3  2.30  9.09  6.00  78 1014.1  25.7  26.5  20.9 99.0 99.00
2016 04 11 15 50  87  7.1  8.6  2.06  8.33  5.72  74 1013.6  25.5  26.5  20.7 99.0 99.00
2016 04 11 16 50  92  8.1  9.5  1.93  9.09  5.77  70 1012.7  25.7  26.6  20.7 99.0 99.00
2016 04 11 17 50  84  8.0  9.4  1.96  8.33  5.71  76 1012.2  26.0  26.6  20.4 99.0 99.00
2016 04 11 18 50  92  7.3  8.8  1.90  7.69  5.78  75 1012.1  26.0  26.6  20.6 99.0 99.00
2016 04 11 19 50  87  7.3  8.9  1.92  9.09  5.98  63 1012.1  26.0  26.6  20.5 99.0 99.00
2016 04 11 20 50  88  7.0  8.0  1.88  9.09  5.94  59 1012.2  25.9  26.5  20.9 99.0 99.00
2016 04 11 21 50  79  7.3  8.6  1.99  8.33  6.02  72 1012.5  25.8  26.5  20.6 99.0 99.00
2016 04 11 22 50  85  7.4  8.7  1.95  8.33  6.04  75 1012.9  25.8  26.5  21.2 99.0 99.00
2016 04 11 23 50  81  7.0  8.4  1.81  9.09  5.83  83 1013.4  25.6  26.4  21.0 99.0 99.00
2016 04 12 00 50  78  7.5  9.0  1.89  9.09  5.76  67 1013.6  25.7  26.4  20.4 99.0 99.00
2016 04 12 01 50  77  6.8  8.5  1.89  9.09  5.84  71 1013.7  25.8  26.4  20.9 99.0 99.00
2016 04 12 02 50  77  7.9  9.3  1.86  7.69  5.88  78 1013.4  25.6  26.4  21.1 99.0 99.00
2016 04 12 03 50  79  7.8  9.3  1.76  9.09  5.65  61 1012.9  25.6  26.4  20.9 99.0 99.00
2016 04 12 04 50  80  8.2  9.4  1.84  9.09  5.60  82 1012.9  25.6  26.4  20.1 99.0 99.00
2016 04 12 05 50  86  6.9  8.0  1.93  9.09  5.85  71 1012.7  25.4  26.4  20.3 99.0 99.00
2016 04 12 06 50  78  7.1  8.9  1.65  9.09  5.65  63 1012.3  25.5  26.4  20.2 99.0 99.00
2016 04 12 07 50  81  7.3  9.6  1.76  7.14  5.75  80 1012.6  25.3  26.4  20.4 99.0 99.00
2016 04 12 08 50  89  7.1  8.5  1.66  8.33  5.59  79 1013.3  25.4  26.4  20.1 99.0 99.00
2016 04 12 09 50  82  8.1  9.9  1.81  9.09  5.94  57 1013.6  25.5  26.4  20.5 99.0 99.00
2016 04 12 10 50  81  7.1  8.4  1.81  9.09  5.68  71 1014.2  25.7  26.4  20.5 99.0 99.00
2016 04 12 11 50 100  7.3  8.7  1.82  9.09  5.79  58 1014.7  25.2  26.4  20.7 99.0 99.00
2016 04 12 12 50  89  7.9  9.1  1.83  8.33  5.56  68 1014.8  25.7  26.5  20.8 99.0 99.00
2016 04 12 13 50 100  7.2  8.4  1.95  8.33  5.80  70 1014.7  25.8  26.5  20.3 99.0 99.00
2016 04 12 14 50 100  6.5  7.6  1.81  8.33  5.80  78 1014.6  25.9  26.6  20.8 99.0 99.00
2016 04 12 15 50 102  5.8  7.4  1.69  7.69  5.60  74 1014.2  25.9  26.6  21.0 99.0 99.00
2016 04 12 16 50 102  5.8  7.4  1.66  8.33  5.79  81 1013.2  26.0  26.7  20.6 99.0 99.00
2016 04 12 17 50 103  5.8  6.9  1.75  9.09  6.04  61 1012.6  25.9  26.7  20.3 99.0 99.00
2016 04 12 18 50  89  6.3  7.4  1.63  7.14  5.83  95 1012.4  26.0  26.7  20.4 99.0 99.00
2016 04 12 19 50  87  5.8  6.7  1.70  7.69  6.01  70 1012.4  26.1  26.7  20.7 99.0 99.00
2016 04 12 20 50  63  6.1  7.7  1.61  9.09  5.83  66 1012.5  25.6  26.7  21.8 99.0 99.00
2016 04 12 21 50  85  6.3  7.7  1.65  9.09  5.92  61 1013.0  24.9  26.6  21.3 99.0 99.00
2016 04 12 22 50  82  8.1  9.8  1.69  7.14  5.76  85 1013.3  25.6  26.6  21.2 99.0 99.00
2016 04 12 23 50  88  7.6  8.8  1.65  9.09  5.63  66 1013.9  25.6  26.5  20.8 99.0 99.00
2016 04 13 00 50  87  7.4  8.7  1.68  8.33  5.62  77 1014.4  25.7  26.5  20.6 99.0 99.00
2016 04 13 01 50  87  6.9  8.3  1.65  7.69  5.61  96 1014.8  25.6  26.5  20.6 99.0 99.00
2016 04 13 02 50  88  7.1  8.2  1.71  8.33  5.72  81 1014.9  25.6  26.4  20.4 99.0 99.00
2016 04 13 03 50  93  6.7  8.1  1.68  9.09  5.80  62 1014.3  25.6  26.4  20.3 99.0 99.00
2016 04 13 04 50  93  6.7  7.9  1.75  9.09  6.10  83 1013.6  25.5  26.4  20.8 99.0 99.00
2016 04 13 05 50  88  6.6  8.0  1.71  8.33  5.97  88 1012.8  25.4  26.4  20.7 99.0 99.00
2016 04 13 06 50  88  6.5  7.5  1.52  8.33  5.76  87 1012.0  25.4  26.4  20.8 99.0 99.00
2016 04 13 07 50  87  7.1  8.4  1.71  9.09  5.98  69 1012.0  25.3  26.4  20.9 99.0 99.00
2016 04 13 08 50 102  7.1  8.5  1.64  7.69  5.94  96 1012.5  25.4  26.4  20.8 99.0 99.00
2016 04 13 09 50 101  6.8  8.1  1.71  9.09  6.12  70 1013.2  25.5  26.4  21.0 99.0 99.00
2016 04 13 10 50 114  7.3  9.2  1.77 10.00  6.01  59 1013.6  25.6  26.4  21.2 99.0 99.00
2016 04 13 11 50 107  7.2  8.5  1.73  9.09  6.03  62 1014.3  25.9  26.4  20.3 99.0 99.00
2016 04 13 12 50 108  6.7  7.9  1.83  9.09  6.19  71 1014.6  26.0  26.5  20.1 99.0 99.00
2016 04 13 13 50 105  6.5  7.6  1.81  9.09  6.13  70 1014.5  25.9  26.5  20.0 99.0 99.00
2016 04 13 14 50 108  6.3  7.6  1.70  8.33  5.76  69 1014.2  25.9  26.6  20.4 99.0 99.00
2016 04 13 15 50 110  5.9  6.9  1.86 12.90  6.33 338 1014.1  25.9  26.6  20.6 99.0 99.00
2016 04 13 16 50  98  5.4  6.5  1.76 12.90  6.24   2 1013.0  25.9  26.7  20.5 99.0 99.00
2016 04 13 17 50 105  5.2  6.2  1.73 12.90  6.57 336 1012.3  25.9  26.7  20.4 99.0 99.00
2016 04 13 18 50 105  5.3  6.6  1.68 12.12  6.26   3 1011.9  25.9  26.8  20.7 99.0 99.00
2016 04 13 19 50 114  5.3  6.7  1.76 12.12  6.51 350 1011.5  25.9  26.7  20.7 99.0 99.00
2016 04 13 20 50 111  5.3  6.3  1.69  7.69  6.37  78 1011.9  25.8  26.7  20.7 99.0 99.00
2016 04 13 21 50 105  5.8  7.0  1.67 12.90  6.40 330 1012.4  25.8  26.6  20.8 99.0 99.00
2016 04 13 22 50 105  6.3  7.6  1.65 12.12  6.44 350 1012.8  25.7  26.6  20.8 99.0 99.00
2016 04 13 23 50 109  6.1  7.3  1.71 14.81  6.41  27 1013.2  25.7  26.5  20.6 99.0 99.00
2016 04 14 00 50 107  5.8  7.0  1.64 12.12  6.35   1 1013.7  25.8  26.5  20.6 99.0 99.00
2016 04 14 01 50 104  6.3  7.3  1.71 14.81  6.59  20 1014.0  25.8  26.5  20.4 99.0 99.00
2016 04 14 02 50  95  6.5  8.1  1.59 16.00  6.33  36 1013.8  25.7  26.5  20.6 99.0 99.00
2016 04 14 03 50  92  6.9  8.5  1.68 11.43  6.19 354 1012.8  25.6  26.4  20.7 99.0 99.00
2016 04 14 04 50 104  7.0  8.7  1.54 13.79  6.10   5 1012.4  25.6  26.4  20.6 99.0 99.00
2016 04 14 05 50 100  6.8  7.8  1.47  7.69  5.97  82 1011.7  25.5  26.4  20.2 99.0 99.00
2016 04 14 06 50 102  5.6  6.8  1.52 10.81  5.95 348 1011.4  25.5  26.4  20.5 99.0 99.00
2016 04 14 07 50 100  5.5  6.3  1.46 14.81  6.04  19 1011.7  25.5  26.4  19.9 99.0 99.00
2016 04 14 08 50 100  5.7  6.8  1.50  7.69  6.15  85 1012.1  25.4  26.4  20.4 99.0 99.00
2016 04 14 09 50 104  6.1  7.3  1.50 10.81  6.26 344 1012.3  25.5  26.4  20.3 99.0 99.00
2016 04 14 10 50 102  5.5  6.6  1.40  9.09  6.09  66 1013.1  25.7  26.4  20.9 99.0 99.00
2016 04 14 11 50 114  5.3  6.4  1.52 13.79  6.52  33 1014.2  25.8  26.4  20.7 99.0 99.00
2016 04 14 12 50 109  5.2  6.0  1.37 13.79  6.16  35 1014.6  25.9  26.5  20.7 99.0 99.00
2016 04 14 13 50 102  5.0  6.1  1.47 13.79  6.45  29 1014.5  25.9  26.5  20.3 99.0 99.00
2016 04 14 14 50 112  4.8  5.9  1.48 10.81  6.19   2 1014.5  26.0  26.6  20.2 99.0 99.00
2016 04 14 15 50 107  5.2  6.2  1.37 13.79  6.31  45 1013.9  26.0  26.7  20.2 99.0 99.00
2016 04 14 16 50 112  4.6  5.6  1.44 10.00  6.41  28 1013.4  26.0  26.7  20.4 99.0 99.00
2016 04 14 17 50 118  4.7  5.6  1.53 12.12  6.63  35 1013.0  26.0  26.8  20.8 99.0 99.00
2016 04 14 18 50 110  4.0  4.8  1.40 10.81  6.41   1 1012.8  25.9  26.8  21.1 99.0 99.00
2016 04 14 19 50  97  3.8  4.5  1.47 13.79  6.68  26 1012.6  26.0  26.8  21.4 99.0 99.00
2016 04 14 20 50 114  3.9  4.9  1.45 12.90  6.82  25 1012.6  25.9  26.7  21.4 99.0 99.00
2016 04 14 21 50 120  4.8  5.6  1.25 12.90  6.63  30 1012.8  26.0  26.7  21.3 99.0 99.00
2016 04 14 23 50 123  3.8  4.6  1.39 13.79  6.73  31 1013.5  25.9  26.6  21.3 99.0 99.00
2016 04 15 00 50 124  3.8  4.7  1.37 12.90  6.85  37 1013.7  25.8  26.6  22.1 99.0 99.00
2016 04 15 01 50 125  3.9  4.8  1.34 13.79  6.85  28 1013.5  25.8  26.5  21.9 99.0 99.00
2016 04 15 02 50 118  3.2  3.7  1.32 12.90  6.95  31 1013.3  25.7  26.5  21.9 99.0 99.00
2016 04 15 03 50 104  2.9  3.6  1.30 12.90  7.05  50 1012.8  25.7  26.5  21.9 99.0 99.00
2016 04 15 04 50  82  3.4  4.3  1.41 13.79  7.19  13 1012.1  25.7  26.5  22.0 99.0 99.00
2016 04 15 05 50  85  3.8  4.6  1.28 12.90  6.79  37 1011.6  25.7  26.5  21.9 99.0 99.00
2016 04 15 06 50  85  4.4  5.2  1.21 11.43  6.68  45 1011.2  25.6  26.5  21.9 99.0 99.00
2016 04 15 07 50  79  4.4  5.0  1.19 12.90  6.58  52 1011.9  25.6  26.5  22.1 99.0 99.00
2016 04 15 08 50  91  4.2  5.7  1.17  9.09  6.48  31 1012.4  25.7  26.5  22.0 99.0 99.00
2016 04 15 09 50 115  4.5  5.7  1.21 11.43  6.59  25 1012.8  25.7  26.5  21.9 99.0 99.00
2016 04 15 10 50 122  5.3  6.7  1.22 10.00  6.67  10 1013.6  25.9  26.5  22.2 99.0 99.00
2016 04 15 11 50 112  4.2  5.2  1.27 12.90  6.66  48 1014.2  25.9  26.5  22.4 99.0 99.00
2016 04 15 12 50 115  4.4  5.5  1.21 12.90  6.61  11 1014.3  26.1  26.5  22.3 99.0 99.00
2016 04 15 13 50  97  5.4  6.2  1.30 10.00  7.01  35 1013.9  26.1  26.7  22.4 99.0 99.00
2016 04 15 14 50 111  4.2  5.0  1.26 12.90  6.88  53 1014.1  26.2  26.7  22.1 99.0 99.00
2016 04 15 15 50 120  3.5  4.3  1.20 12.90  6.61 101 1013.6  26.2  26.9  22.2 99.0 99.00
2016 04 15 16 50 127  3.7  4.2  1.35 12.90  7.15  55 1012.8  26.2  27.1  22.4 99.0 99.00
2016 04 15 17 50 135  3.8  4.7  1.31 12.90  7.03  49 1012.2  26.3  27.1  22.2 99.0 99.00
2016 04 15 18 50 131  2.9  3.6  1.22 12.12  6.83  48 1012.1  26.3  27.2  22.3 99.0 99.00
2016 04 15 19 50 137  3.1  3.9  1.22 10.81  6.87  51 1012.3  26.4  27.3  22.3 99.0 99.00
2016 04 15 20 50 120  3.4  4.2  1.24 13.79  7.23  45 1012.4  26.5  27.1  22.4 99.0 99.00
2016 04 15 21 50 133  4.0  4.7  1.28 13.79  7.53  38 1012.8  26.3  27.1  22.8 99.0 99.00
2016 04 15 22 50 128  4.2  5.1  1.34 13.79  7.79  20 1013.1  26.3  27.0  23.1 99.0 99.00
2016 04 15 23 50 139  4.3  5.3  1.24 16.00  7.47  42 1013.5  26.3  26.9  23.2 99.0 99.00
2016 04 16 00 50 129  3.8  4.6  1.34 12.12  7.53  37 1013.6  26.1  26.8  22.9 99.0 99.00
2016 04 16 01 50 113  4.0  5.0  1.45 13.79  7.92  29 1013.6  26.1  26.8  23.3 99.0 99.00
2016 04 16 02 50 115  3.1  3.7  1.32 14.81  7.78  32 1013.5  26.0  26.7  23.2 99.0 99.00
2016 04 16 03 50 119  3.0  3.6  1.45 14.81  8.21  51 1013.0  26.0  26.7  23.4 99.0 99.00
2016 04 16 04 50 125  2.3  2.9  1.43 14.81  8.27  39 1012.2  26.0  26.7  23.5 99.0 99.00
2016 04 16 05 50 114  2.6  4.2  1.45 14.81  8.47  44 1011.7  26.0  26.6  23.5 99.0 99.00
2016 04 16 06 50 183  1.5  2.5  1.51 13.79  8.61  41 1011.4  25.8  26.6  23.4 99.0 99.00
2016 04 16 07 50 155  0.7  1.4  1.42 14.81  8.18  29 1011.7  25.9  26.6  23.3 99.0 99.00
2016 04 16 08 50  37  2.0  2.7  1.37 14.81  8.40  42 1012.1  26.0  26.6  23.3 99.0 99.00
2016 04 16 09 50  50  2.7  3.5  1.53 14.81  8.86  52 1012.7  25.8  26.6  23.4 99.0 99.00
2016 04 16 10 50  79  3.2  3.8  1.46 12.90  8.12  35 1013.5  26.0  26.6  23.5 99.0 99.00
2016 04 16 11 50  98  3.9  4.5  1.44 13.79  8.21  36 1014.0  25.9  26.6  22.9 99.0 99.00
2016 04 16 12 50 104  4.0  4.9  1.58 12.90  8.54  46 1014.3  26.1  26.7  23.4 99.0 99.00
2016 04 16 13 50 104  4.3  5.0  1.38 13.79  8.18  28 1014.2  26.2  26.8  23.2 99.0 99.00
2016 04 16 14 50 112  4.3  5.0  1.45 13.79  8.28  42 1013.8  26.3  26.8  23.2 99.0 99.00
2016 04 16 15 50 107  4.9  5.8  1.47 13.79  8.35  23 1013.2  26.2  26.9  23.4 99.0 99.00
2016 04 16 16 50  96  4.3  5.2  1.50 13.79  7.93  45 1012.7  26.4  27.0  23.1 99.0 99.00
2016 04 16 17 50  93  4.5  5.4  1.42 13.79  7.99  47 1012.2  26.3  27.0  23.3 99.0 99.00
2016 04 16 18 50 100  4.4  5.2  1.25 12.90  6.77  22 1012.0  26.4  27.0  23.2 99.0 99.00
2016 04 16 19 50  92  5.3  6.0  1.38 12.90  7.36  46 1011.7  26.4  26.9  22.8 99.0 99.00
2016 04 16 20 50  91  5.3  6.3  1.38 12.12  7.22  51 1012.2  26.4  26.9  23.3 99.0 99.00
2016 04 16 21 50 100  5.4  6.3  1.45 12.90  7.47  35 1012.6  26.4  26.9  23.2 99.0 99.00
2016 04 16 22 50 102  6.1  7.0  1.33 12.90  6.74  42 1013.1  26.3  26.8  23.4 99.0 99.00
2016 04 16 23 50 107  6.4  7.4  1.40 12.12  6.93  37 1013.8  26.4  26.8  23.2 99.0 99.00
2016 04 17 00 50  97  6.1  7.2  1.36 12.90  6.32  29 1014.1  26.3  26.7  23.4 99.0 99.00
2016 04 17 01 50  91  6.4  7.3  1.43 12.90  6.56  49 1014.3  26.3  26.7  23.3 99.0 99.00
2016 04 17 02 50 100  6.3  7.2  1.50 12.90  6.72  36 1014.0  26.3  26.7  23.2 99.0 99.00
2016 04 17 03 50 102  6.3  7.4  1.52 12.12  6.51  39 1013.6  26.1  26.6  23.2 99.0 99.00
2016 04 17 04 50  98  5.2  6.1  1.31 12.90  6.26  38 1013.4  26.1  26.6  23.3 99.0 99.00
2016 04 17 05 50 105  6.0  6.7  1.46 12.12  6.74  40 1012.7  26.0  26.6  23.0 99.0 99.00
2016 04 17 06 50 105  5.5  6.7  1.41 12.90  6.16  38 1012.7  26.0  26.6  22.8 99.0 99.00
2016 04 17 07 50 110  5.3  6.6  1.45 12.90  6.37  49 1013.5  26.0  26.6  22.7 99.0 99.00
2016 04 17 08 50 113  5.9  6.9  1.34 12.12  6.14  68 1013.8  26.0  26.6  22.5 99.0 99.00
2016 04 17 09 50 112  5.7  6.7  1.38 12.12  6.33  40 1014.1  26.0  26.6  22.7 99.0 99.00
2016 04 17 10 50 105  5.9  7.0  1.38 12.90  6.28  35 1014.8  26.1  26.6  22.9 99.0 99.00
2016 04 17 11 50 110  6.1  7.3  1.50 12.90  6.67  31 1015.4  26.3  26.6  22.7 99.0 99.00
2016 04 17 12 50 110  5.9  6.6  1.43 12.12  6.27  25 1015.9  26.3  26.6  22.7 99.0 99.00
2016 04 17 13 50 103  5.5  6.4  1.38 12.12  6.04  47 1015.8  26.4  26.7  22.6 99.0 99.00
2016 04 17 14 50 109  5.4  6.2  1.47 12.12  6.35  27 1015.7  26.4  26.7  23.1 99.0 99.00
2016 04 17 15 50 123  6.4  7.7  1.28 12.90  5.97  63 1014.8  26.4  26.8  22.6 99.0 99.00
2016 04 17 16 50 108  5.3  6.5  1.44 12.12  6.25  41 1014.4  26.5  26.9  22.5 99.0 99.00
2016 04 17 17 50 110  4.9  6.1  1.42 12.90  6.39  50 1013.6  26.5  26.9  22.9 99.0 99.00
2016 04 17 18 50 115  5.7  6.4  1.31 12.12  6.18  18 1012.7  26.4  26.9  22.6 99.0 99.00
2016 04 17 19 50 106  5.0  5.9  1.43 10.81  6.41  33 1012.8  26.3  26.9  22.7 99.0 99.00
2016 04 17 20 50  95  5.0  5.7  1.41 12.12  6.26  24 1013.1  26.4  26.8  23.0 99.0 99.00
2016 04 17 21 50  98  4.8  5.5  1.35 12.90  6.18  41 1013.5  26.3  26.8  23.2 99.0 99.00
2016 04 17 22 50 100  5.5  6.4  1.33 12.12  5.92  36 1013.9  26.3  26.8  23.0 99.0 99.00
2016 04 17 23 50  78  5.2  5.9  1.34 12.12  5.90  48 1014.4  26.2  26.7  22.8 99.0 99.00
2016 04 18 00 50  82  5.4  6.1  1.35 12.12  6.17  36 1014.9  26.2  26.7  22.7 99.0 99.00
2016 04 18 01 50  77  5.1  6.3  1.39 12.12  6.24  38 1015.0  26.2  26.7  22.7 99.0 99.00
2016 04 18 02 50  78  5.4  6.2  1.26 12.12  6.08  48 1014.5  26.2  26.7  22.8 99.0 99.00
2016 04 18 03 50  68  5.6  6.7  1.40 12.12  6.56  57 1014.1  26.1  26.6  22.6 99.0 99.00
2016 04 18 04 50  76  5.7  6.6  1.46 12.12  6.31  49 1013.5  26.0  26.6  22.5 99.0 99.00
2016 04 18 05 50  81  5.9  7.0  1.46 12.12  6.51  41 1013.0  25.9  26.6  22.8 99.0 99.00
2016 04 18 06 50  78  6.2  7.0  1.36 12.12  6.07  38 1013.0  25.9  26.6  22.6 99.0 99.00
2016 04 18 07 50  73  5.8  6.7  1.46 12.12  6.36  40 1013.3  25.9  26.6  22.6 99.0 99.00
2016 04 18 08 50  86  6.6  7.6  1.42 12.12  6.22  36 1013.3  25.9  26.6  22.7 99.0 99.00
2016 04 18 09 50  83  6.5  7.5  1.33 12.12  5.87  43 1013.9  26.0  26.6  22.5 99.0 99.00
2016 04 18 10 50  82  6.5  7.5  1.51 11.43  6.32  31 1014.7  26.1  26.6  22.6 99.0 99.00
2016 04 18 11 50  76  5.9  6.6  1.50 11.43  5.95  37 1015.4  26.2  26.6  22.5 99.0 99.00
2016 04 18 12 50  80  5.5  6.9  1.26 10.81  5.61  25 1015.3  26.2  26.7  22.6 99.0 99.00
2016 04 18 13 50  92  5.5  6.7  1.34 11.43  5.89  42 1014.8  26.2  26.7  23.0 99.0 99.00
2016 04 18 14 50  86  4.9  6.0  1.29 11.43  5.82  30 1014.6  26.3  26.8  23.3 99.0 99.00
2016 04 18 15 50 106  5.7  6.6  1.33 11.43  6.02  32 1013.8  26.4  26.9  23.3 99.0 99.00
2016 04 18 16 50 113  5.2  6.3  1.30 11.43  5.78  42 1013.0  26.6  27.0  22.8 99.0 99.00
2016 04 18 17 50 104  4.4  5.2  1.26 11.43  5.91  41 1012.4  26.5  27.0  22.9 99.0 99.00
2016 04 18 18 50  98  5.0  5.8  1.33 11.43  6.24  43 1011.6  26.4  27.0  23.0 99.0 99.00
2016 04 18 19 50  96  4.5  5.2  1.32 11.43  6.00  39 1011.8  26.5  27.0  22.5 99.0 99.00
2016 04 18 20 50  91  4.2  4.9  1.29 11.43  6.19  38 1012.5  26.5  26.9  23.0 99.0 99.00
2016 04 18 21 50  81  5.0  5.7  1.38 10.81  6.28  47 1012.9  26.5  26.9  22.9 99.0 99.00
2016 04 18 22 50  83  5.8  6.9  1.27 11.43  6.07  45 1013.4  26.4  26.8  23.3 99.0 99.00
2016 04 18 23 50  80  5.3  6.2  1.38 10.81  6.11  41 1014.0  26.4  26.8  23.1 99.0 99.00
2016 04 19 00 50  77  5.5  6.3  1.37 10.81  5.83  35 1014.5  26.4  26.7  23.4 99.0 99.00
2016 04 19 01 50  68  5.6  6.8  1.33 10.00  5.67  40 1014.3  25.9  26.7  23.8 99.0 99.00
2016 04 19 02 50  84  6.0  7.4  1.35 10.81  5.77  35 1014.1  26.3  26.7  23.5 99.0 99.00
2016 04 19 03 50  86  5.4  6.3  1.29 10.00  5.48  22 1013.3  26.3  26.7  23.5 99.0 99.00
2016 04 19 04 50  86  6.3  7.5  1.43 11.43  5.75  29 1012.9  26.2  26.7  23.1 99.0 99.00
2016 04 19 05 50  96  5.3  6.4  1.40 11.43  5.66  30 1012.9  26.2  26.7  23.4 99.0 99.00
2016 04 19 06 50  91  6.0  7.2  1.41 10.00  5.65  29 1012.6  26.1  26.7  23.0 99.0 99.00
2016 04 19 07 50  97  6.7  7.7  1.38 12.12  5.63 350 1012.5  26.0  26.7  23.0 99.0 99.00
2016 04 19 08 50  93  7.1  8.2  1.46 11.43  5.72  45 1012.5  26.1  26.7  23.0 99.0 99.00
2016 04 19 09 50  96  7.0  7.9  1.45 10.81  5.71  37 1012.8  26.2  26.6  22.8 99.0 99.00
2016 04 19 10 50 102  6.9  8.3  1.46 10.81  5.50  32 1013.3  26.3  26.7  22.9 99.0 99.00
2016 04 19 11 50  97  5.7  7.0  1.43 10.81  5.70  16 1013.9  26.3  26.7  23.1 99.0 99.00
2016 04 19 12 50  96  5.7  6.8  1.50 10.81  6.10  12 1013.8  26.4  26.7  23.0 99.0 99.00
2016 04 19 13 50  98  5.4  6.2  1.39 10.81  5.81   8 1013.9  26.4  26.8  23.1 99.0 99.00
2016 04 19 14 50  99  5.6  6.7  1.35 11.43  5.72   1 1013.9  26.5  26.8  22.9 99.0 99.00
2016 04 19 15 50 100  4.6  5.4  1.39 10.81  6.31 355 1013.3  26.5  26.9  23.1 99.0 99.00
2016 04 19 16 50 102  4.1  5.2  1.31 10.00  6.04 360 1012.9  26.6  27.0  23.1 99.0 99.00
2016 04 19 17 50  84  2.9  3.6  1.37 10.81  6.27   1 1012.4  26.7  27.1  22.8 99.0 99.00
2016 04 19 18 50  70  3.4  4.1  1.39 10.81  6.41   3 1011.8  26.6  27.2  22.9 99.0 99.00
2016 04 19 19 50  71  3.9  4.5  1.40 12.12  6.88 360 1011.7  26.5  27.2  23.2 99.0 99.00
2016 04 19 20 50  81  4.2  4.9  1.39 13.79  6.73 350 1012.0  26.6  27.1  23.1 99.0 99.00
2016 04 19 21 50  72  3.7  4.2  1.37 10.00  6.79  18 1012.7  26.5  27.0  22.9 99.0 99.00
2016 04 19 22 50  69  4.1  5.0  1.27 10.81  6.63  37 1013.4  26.5  26.9  23.0 99.0 99.00
2016 04 19 23 50  81  4.9  5.8  1.26 10.00  6.60  30 1013.7  26.4  26.9  23.5 99.0 99.00
2016 04 20 00 50  78  4.7  5.4  1.42 10.81  6.93 359 1014.0  26.3  26.8  23.7 99.0 99.00
2016 04 20 01 50  87  4.6  5.3  1.33 10.81  6.72   8 1014.0  26.3  26.8  23.4 99.0 99.00
2016 04 20 02 50  77  4.6  5.4  1.38 10.81  6.79 357 1014.0  26.3  26.8  23.7 99.0 99.00
2016 04 20 03 50  88  5.1  6.0  1.44 10.81  6.50  15 1013.3  26.2  26.8  23.7 99.0 99.00
2016 04 20 04 50  96  5.2  6.0  1.46 12.12  6.89 348 1012.7  26.1  26.8  23.6 99.0 99.00
2016 04 20 05 50  97  5.2  6.2  1.35 10.81  6.26  38 1012.3  26.1  26.7  23.5 99.0 99.00
2016 04 20 06 50  89  4.8  5.7  1.31 12.12  6.31  11 1012.3  26.0  26.7  23.2 99.0 99.00
2016 04 20 07 50  82  4.6  5.5  1.37 10.81  6.44 343 1012.5  26.1  26.7  23.1 99.0 99.00
2016 04 20 08 50  97  5.6  6.4  1.32  9.09  6.09  10 1012.4  26.2  26.7  23.4 99.0 99.00
2016 04 20 09 50 105  6.2  7.4  1.26 11.43  6.20 355 1012.5  26.2  26.7  23.5 99.0 99.00
2016 04 20 10 50 110  7.3  8.9  1.30 11.43  5.85   2 1013.0  26.4  26.7  23.6 99.0 99.00
2016 04 20 11 50 112  7.6  9.1  1.29 12.12  5.49 354 1012.9  26.5  26.8  23.6 99.0 99.00
2016 04 20 12 50 103  6.9  8.1  1.42 11.43  5.87   3 1013.2  26.5  26.8  23.5 99.0 99.00
2016 04 20 13 50 105  6.1  7.2  1.44 11.43  5.76  15 1013.4  26.6  26.9  23.6 99.0 99.00
2016 04 20 14 50 103  5.7  6.8  1.33 10.81  5.65  15 1013.3  26.7  26.9  23.7 99.0 99.00
2016 04 20 15 50  95  5.8  6.5  1.44 10.81  5.48   4 1012.9  26.7  27.0  23.8 99.0 99.00
2016 04 20 16 50  96  5.3  6.1  1.38 11.43  5.56 357 1012.4  26.8  27.1  23.8 99.0 99.00
2016 04 20 17 50  99  4.9  6.0  1.38 10.81  5.73  21 1011.8  26.8  27.1  23.8 99.0 99.00
2016 04 20 18 50  95  4.0  4.9  1.35 11.43  5.70  16 1011.5  26.9  27.2  23.7 99.0 99.00
2016 04 20 19 50  77  4.7  5.4  1.34 11.43  5.73   4 1011.7  26.7  27.1  23.8 99.0 99.00
2016 04 20 20 50  84  5.1  5.8  1.31 12.12  5.70   1 1011.6  26.7  27.1  23.9 99.0 99.00
2016 04 20 21 50  85  5.4  6.4  1.34 11.43  5.66 358 1011.9  26.7  27.0  24.0 99.0 99.00
2016 04 20 22 50  81  6.0  7.2  1.40 10.81  5.98   2 1012.4  26.7  27.0  24.2 99.0 99.00
2016 04 20 23 50  89  6.1  7.2  1.38 11.43  5.88 352 1012.9  26.7  26.9  24.1 99.0 99.00
2016 04 21 00 50  88  6.6  7.6  1.35 11.43  5.63 356 1013.2  26.6  26.9  24.2 99.0 99.00
2016 04 21 01 50  96  6.5  7.4  1.32 10.00  5.50  33 1013.4  26.5  26.9  23.8 99.0 99.00
2016 04 21 02 50  97  5.3  6.3  1.36 12.12  5.65 345 1013.3  26.4  26.9  23.9 99.0 99.00
2016 04 21 03 50 107  6.3  7.3  1.36 12.12  5.69 355 1012.5  26.4  26.8  24.2 99.0 99.00
2016 04 21 04 50 106  6.5  7.4  1.37 10.81  5.57  18 1012.0  26.3  26.8  23.9 99.0 99.00
2016 04 21 05 50 105  5.9  6.9  1.29 10.00  5.50 350 1011.6  26.2  26.8  23.8 99.0 99.00
2016 04 21 06 50  93  6.2  6.9  1.26 10.00  5.64 354 1011.6  26.2  26.8  23.7 99.0 99.00
2016 04 21 07 50 100  5.1  6.1  1.35 10.00  5.97   8 1011.9  26.3  26.8  23.6 99.0 99.00
2016 04 21 09 50 105  4.1  4.9  1.35 11.43  6.18 358 1012.7  26.4  26.8  23.2 99.0 99.00
2016 04 21 10 50  81  3.8  4.6  1.37 10.81  6.47  11 1013.5  26.5  26.8  23.1 99.0 99.00
2016 04 21 11 50  73  4.3  5.3  1.26 10.81  6.07  15 1014.3  26.7  26.8  23.1 99.0 99.00
2016 04 21 12 50  79  4.6  5.3  1.27 10.00  6.22   4 1014.7  26.6  26.9  23.0 99.0 99.00
2016 04 21 13 50  85  4.5  5.1  1.33  9.09  6.33 334 1014.8  26.7  27.0  23.1 99.0 99.00
2016 04 21 14 50  95  4.5  5.4  1.31 11.43  6.38 335 1014.7  26.7  27.1  23.2 99.0 99.00
2016 04 21 15 50  80  4.4  5.3  1.39 10.81  6.21   3 1014.4  26.7  27.2  23.3 99.0 99.00
2016 04 21 16 50  80  4.2  4.9  1.41 10.00  6.48 351 1013.7  26.7  27.3  23.3 99.0 99.00
2016 04 21 17 50  84  3.7  4.4  1.48 10.00  6.65 350 1013.3  26.8  27.4  23.2 99.0 99.00
2016 04 21 18 50  68  3.5  4.3  1.55 10.81  6.58 347 1012.9  26.8  27.4  23.4 99.0 99.00
2016 04 21 19 50  70  3.8  4.4  1.49 11.43  6.70 340 1013.0  26.9  27.4  23.4 99.0 99.00
2016 04 21 20 50  69  4.0  4.6  1.61 10.00  6.71 350 1013.4  26.8  27.3  23.2 99.0 99.00
2016 04 21 21 50  84  4.1  4.7  1.66 10.00  6.91 344 1013.9  26.8  27.3  23.3 99.0 99.00
2016 04 21 22 50  71  4.9  5.8  1.63 10.81  6.92 346 1014.6  26.6  27.2  23.4 99.0 99.00
2016 04 21 23 50  65  4.8  5.5  1.60 10.00  6.77 346 1015.2  26.6  27.1  23.5 99.0 99.00
2016 04 22 00 50  62  5.0  6.0  1.49 10.81  6.63 344 1016.3  26.7  27.1  23.7 99.0 99.00
2016 04 22 01 50  54  5.6  6.3  1.62 10.00  6.63 343 1016.7  26.6  27.0  23.5 99.0 99.00
2016 04 22 02 50  53  6.1  7.0  1.47 10.81  6.33 349 1016.4  26.5  27.0  23.5 99.0 99.00
2016 04 22 03 50  51  6.0  7.1  1.51 10.00  6.28 354 1015.6  26.4  26.9  23.6 99.0 99.00
2016 04 22 04 50  62  5.9  7.0  1.65 10.00  6.68 349 1015.3  26.3  26.9  23.6 99.0 99.00
2016 04 22 05 50  65  6.9  8.1  1.59  9.09  6.25 357 1014.6  26.2  26.9  23.4 99.0 99.00
2016 04 22 06 50  63  7.3  8.2  1.59 10.00  5.96 340 1014.4  26.2  26.9  23.1 99.0 99.00
2016 04 22 07 50  64  7.1  8.1  1.71 10.00  6.15 353 1014.7  26.2  26.9  23.2 99.0 99.00
2016 04 22 08 50  67  7.0  8.5  1.61 10.00  5.88 350 1015.1  26.2  26.8  23.2 99.0 99.00
2016 04 22 09 50  68  7.2  8.5  1.58 10.00  5.57 355 1015.2  26.3  26.8  23.4 99.0 99.00
2016 04 22 10 50  69  7.6  8.9  1.64 10.00  5.78 351 1015.8  26.4  26.8  23.1 99.0 99.00
2016 04 22 11 50  72  7.1  7.9  1.56  9.09  5.58   1 1016.5  26.5  26.8  23.3 99.0 99.00
2016 04 22 12 50  72  7.7  8.7  1.62 10.00  5.53 356 1017.1  26.6  26.9  23.1 99.0 99.00
2016 04 22 13 50  73  7.9  9.0  1.60  9.09  5.20 344 1016.8  26.6  26.9  23.0 99.0 99.00
2016 04 22 14 50  80  6.7  8.1  1.58  9.09  5.35 353 1016.8  26.6  26.9  23.4 99.0 99.00
2016 04 22 15 50  81  7.0  8.1  1.62 10.00  5.56 342 1016.3  26.6  27.0  23.1 99.0 99.00
2016 04 22 16 50  71  7.4  8.6  1.55 10.00  5.40 350 1015.7  26.7  27.0  22.9 99.0 99.00
2016 04 22 17 50  79  7.2  8.4  1.51  7.14  5.34 119 1015.3  26.7  27.0  23.1 99.0 99.00
2016 04 22 18 50  78  7.1  8.1  1.60  9.09  5.44   5 1014.9  26.7  27.0  23.0 99.0 99.00
2016 04 22 19 50  74  6.8  7.8  1.60  7.14  5.45 118 1014.8  26.7  27.0  23.1 99.0 99.00
2016 04 22 20 50  67  7.8  8.9  1.56  7.69  5.48  98 1014.6  26.7  27.0  23.3 99.0 99.00
2016 04 22 21 50  71  7.8  9.2  1.58  9.09  5.46 342 1014.6  26.6  26.9  23.1 99.0 99.00
2016 04 22 22 50  80  7.7  9.0  1.57  9.09  5.45 349 1015.2  26.5  26.9  23.2 99.0 99.00
2016 04 22 23 50  90  7.5  8.9  1.58  8.33  5.53  37 1015.4  26.5  26.9  23.5 99.0 99.00
2016 04 23 00 50  86  7.1  8.3  1.53 10.00  5.35  19 1015.7  26.5  26.9  23.5 99.0 99.00
2016 04 23 01 50  82  7.0  8.5  1.62  9.09  5.62  13 1016.1  26.5  26.8  23.5 99.0 99.00
2016 04 23 02 50  78  7.1  8.3  1.65 10.00  5.66  19 1015.8  26.5  26.8  23.3 99.0 99.00
2016 04 23 03 50  72  7.6  8.7  1.68  8.33  5.62 122 1015.2  26.4  26.8  23.2 99.0 99.00
2016 04 23 04 50  71  7.5  8.7  1.67  7.69  5.80 119 1014.8  26.3  26.8  23.1 99.0 99.00
2016 04 23 05 50  71  7.6  8.7  1.66  7.14  5.55 101 1014.2  26.2  26.8  22.9 99.0 99.00
2016 04 23 07 50  70  7.9  9.1  1.62  7.69  5.57 118 1014.0  26.3  26.8  22.7 99.0 99.00
2016 04 23 08 50  72  7.3  8.8  1.88  7.69  5.84 113 1014.3  26.2  26.8  22.7 99.0 99.00
2016 04 23 10 50  81  6.9  7.9  1.61  7.69  5.48  95 1015.1  26.4  26.8  22.7 99.0 99.00
2016 04 23 11 50  77  7.2  8.1  1.57  9.09  5.50  97 1015.7  26.5  26.8  22.6 99.0 99.00
2016 04 23 12 50  80  6.7  8.4  1.70  7.69  5.75 129 1015.9  26.6  26.8  22.6 99.0 99.00
2016 04 23 13 50  82  7.3  8.6  1.84  7.69  5.96 125 1015.4  26.6  26.9  22.8 99.0 99.00
2016 04 23 14 50  82  7.1  8.3  1.94  9.09  6.49  77 1015.3  26.5  26.9  22.8 99.0 99.00
2016 04 23 15 50  80  6.9  8.3  1.94 10.81  6.35 350 1014.6  26.5  26.9  23.2 99.0 99.00
2016 04 23 16 50  76  7.0  8.2  1.99 11.43  6.55   6 1014.0  26.6  27.0  22.9 99.0 99.00
2016 04 23 17 50  86  6.3  7.4  2.17 11.43  6.79   1 1013.5  26.7  27.0  23.2 99.0 99.00
2016 04 23 18 50  82  6.5  7.6  2.13 11.43  6.95 357 1013.1  26.7  27.1  22.8 99.0 99.00
2016 04 23 19 50  79  6.1  7.1  1.97 12.12  6.54 350 1012.6  26.7  27.0  22.6 99.0 99.00
2016 04 23 20 50  74  6.3  7.4  2.46 11.43  7.31 351 1012.7  26.6  27.0  23.0 99.0 99.00
2016 04 23 21 50  74  7.1  8.2  2.24 12.12  6.87   5 1012.7  26.5  26.9  22.9 99.0 99.00
2016 04 23 22 50  64  6.8  8.6  2.10 12.12  6.77 353 1013.2  26.5  26.9  22.9 99.0 99.00
2016 04 23 23 50  71  6.6  7.8  2.15 12.12  6.56   1 1014.1  26.4  26.9  22.9 99.0 99.00
2016 04 24 00 50  74  7.7  9.0  2.16 11.43  6.86   2 1014.3  26.4  26.9  22.7 99.0 99.00
2016 04 24 01 50  76  7.0  8.1  2.13 11.43  6.82   5 1014.9  26.4  26.8  22.7 99.0 99.00
2016 04 24 02 50  75  8.2  9.6  2.24 12.12  7.05 350 1014.4  26.3  26.8  22.6 99.0 99.00
2016 04 24 03 50  69  8.2  9.9  2.13 12.12  6.89 352 1013.8  26.3  26.8  22.7 99.0 99.00
2016 04 24 04 50  74  8.8 10.1  2.13 11.43  6.65 358 1013.0  26.2  26.8  22.3 99.0 99.00
2016 04 24 05 50  66  7.0  8.5  2.11 12.12  6.43 360 1012.8  26.1  26.8  22.4 99.0 99.00
2016 04 24 06 50  71  7.5  9.0  1.95 12.12  6.20   3 1012.5  26.1  26.8  22.3 99.0 99.00
2016 04 24 07 50  71  7.6  9.0  2.22 12.12  6.73 351 1012.3  26.1  26.8  22.0 99.0 99.00
2016 04 24 08 50  80  7.6  9.4  2.19 12.12  6.53   8 1012.5  26.1  26.8  22.1 99.0 99.00
2016 04 24 09 50  77  6.8  7.8  2.21 11.43  6.75 355 1013.2  26.1  26.8  21.9 99.0 99.00
2016 04 24 10 50  77  7.4  8.9  1.95 11.43  6.47   2 1013.6  26.2  26.8  22.0 99.0 99.00
2016 04 24 11 50  69  8.0  9.2  2.19 11.43  6.51 359 1014.3  26.2  26.8  22.4 99.0 99.00
2016 04 24 12 50  76  7.4  8.7  2.08 11.43  6.32   1 1014.8  26.4  26.8  22.1 99.0 99.00
2016 04 24 13 50  76  7.2  8.9  2.17 11.43  6.36 360 1014.5  26.4  26.9  22.3 99.0 99.00
2016 04 24 14 50  82  6.7  7.9  2.06 11.43  6.25 356 1014.5  26.5  26.9  22.5 99.0 99.00
2016 04 24 15 50  85  7.3  8.6  2.03 11.43  6.49 356 1013.5  26.5  27.0  22.7 99.0 99.00
2016 04 24 16 50  87  6.9  8.5  2.10 11.43  6.50   9 1012.5  26.6  27.0  22.7 99.0 99.00
2016 04 24 17 50  80  7.3  8.5  2.14 11.43  6.72 353 1011.8  26.5  27.0  22.6 99.0 99.00
2016 04 24 18 50  89  7.2  8.4  2.20 10.81  6.72   1 1011.7  26.6  27.0  22.5 99.0 99.00
2016 04 24 19 50  84  6.9  8.0  2.03 11.43  6.60   3 1011.6  26.6  27.0  22.6 99.0 99.00
2016 04 24 20 50  79  6.4  7.9  2.13 11.43  6.57 360 1011.5  26.5  26.9  22.8 99.0 99.00
2016 04 24 21 50  88  7.1  8.5  2.12 10.81  6.47 349 1011.9  26.4  26.9  23.0 99.0 99.00
2016 04 24 22 50  87  7.6  9.2  2.19 12.12  6.84  12 1012.2  26.5  26.9  22.9 99.0 99.00
2016 04 24 23 50  90  7.7  9.6  2.27 10.81  6.99  13 1012.7  26.5  26.8  22.9 99.0 99.00
2016 04 25 00 50  93  8.1  9.7  2.03  9.09  6.51  60 1013.4  26.5  26.8  23.0 99.0 99.00
2016 04 25 01 50  93  7.5  8.8  2.26 10.81  6.50 358 1013.5  26.5  26.8  23.0 99.0 99.00
2016 04 25 02 50  93  7.7  8.9  2.29 12.12  6.63  10 1012.6  26.4  26.8  23.0 99.0 99.00
2016 04 25 03 50  97  8.3  9.8  2.35 14.81  6.95  14 1011.9  26.3  26.8  22.9 99.0 99.00
2016 04 25 04 50  93  8.0  9.5  2.31 11.43  6.63   1 1011.6  26.3  26.8  22.8 99.0 99.00
2016 04 25 05 50  93  8.2  9.9  2.51 11.43  7.26   2 1011.1  26.3  26.8  22.7 99.0 99.00
2016 04 25 06 50 109  7.1  8.5  2.54 13.79  7.55 358 1011.2  26.3  26.8  22.8 99.0 99.00
2016 04 25 07 50 114  6.6  7.9  2.48 13.79  7.24 355 1011.4  26.3  26.8  22.6 99.0 99.00
2016 04 25 08 50 117  5.9  7.0  2.49 13.79  7.38 356 1012.1  26.4  26.7  22.3 99.0 99.00
2016 04 25 09 50 118  7.0  8.1  2.73 12.90  7.96 357 1012.3  26.4  26.7  22.6 99.0 99.00
2016 04 25 10 50 107  6.1  7.1  2.61 12.90  7.50 360 1013.1  26.4  26.7  22.8 99.0 99.00
2016 04 25 11 50 115  5.0  6.3  2.25 12.90  7.15 359 1013.5  26.7  26.8  22.9 99.0 99.00
2016 04 25 12 50 115  5.8  7.0  2.43 12.90  7.28 358 1013.5  26.7  26.8  22.8 99.0 99.00
2016 04 25 13 50 112  5.8  7.1  2.43 12.12  7.28   4 1013.7  26.6  26.9  22.7 99.0 99.00
2016 04 25 14 50 109  5.1  6.2  2.28 12.90  7.40   8 1013.4  26.6  27.0  22.6 99.0 99.00
2016 04 25 15 50 117  4.5  5.9  2.43 12.90  7.73 358 1012.8  26.5  27.1  22.7 99.0 99.00
2016 04 25 16 50 109  4.4  5.2  2.42 12.90  7.69 358 1012.0  26.6  27.2  22.6 99.0 99.00
2016 04 25 17 50  93  4.2  5.1  2.07 11.43  7.27 360 1011.3  26.6  27.3  22.6 99.0 99.00
2016 04 25 18 50  78  3.9  4.8  2.15 12.12  7.59 350 1011.3  26.7  27.3  22.8 99.0 99.00
2016 04 25 19 50  88  4.2  5.1  2.18 12.90  7.70 357 1010.8  26.6  27.4  22.7 99.0 99.00
2016 04 25 20 50  88  5.0  5.7  2.18 12.12  7.47 353 1010.8  26.7  27.3  22.6 99.0 99.00
2016 04 25 21 50  95  5.3  6.4  2.12 12.12  7.20 359 1011.3  26.6  27.2  22.5 99.0 99.00
2016 04 25 22 50  90  5.6  6.4  2.07 10.81  7.28 351 1011.5  26.5  27.1  22.5 99.0 99.00
2016 04 25 23 50  84  5.1  6.1  1.97 10.81  6.99   3 1012.0  26.5  27.0  22.8 99.0 99.00
2016 04 26 00 50  91  5.0  6.2  2.02 11.43  7.10 354 1012.5  26.5  27.0  22.8 99.0 99.00
2016 04 26 01 50  78  5.6  6.7  2.09  8.33  7.27  91 1012.8  26.4  26.9  22.7 99.0 99.00
2016 04 26 02 50  84  6.0  7.2  1.76 11.43  6.62  18 1012.5  26.3  26.9  22.6 99.0 99.00
2016 04 26 03 50  89  5.8  6.9  2.03 10.81  7.04 360 1012.1  26.3  26.9  22.6 99.0 99.00
2016 04 26 04 50  82  5.7  6.8  1.87 10.81  6.86   4 1011.5  26.2  26.9  22.5 99.0 99.00
2016 04 26 05 50  86  5.4  6.4  2.04 10.81  7.12   1 1011.0  26.2  26.9  22.9 99.0 99.00
2016 04 26 06 50  83  5.9  7.3  1.84 12.12  6.82   9 1010.9  26.1  26.9  22.6 99.0 99.00
2016 04 26 07 50  86  6.1  8.4  1.78 12.12  7.02  10 1011.3  26.1  26.8  22.6 99.0 99.00
2016 04 26 08 50  88  6.1  7.2  1.79 12.12  6.50 353 1011.6  26.1  26.8  22.3 99.0 99.00
2016 04 26 09 50  85  5.8  6.7  1.84  7.69  6.62  99 1011.9  26.1  26.8  22.5 99.0 99.00
2016 04 26 10 50  97  6.3  7.4  1.82  8.33  6.57  85 1012.5  26.3  26.8  22.3 99.0 99.00
2016 04 26 11 50  99  6.7  7.5  1.76  9.09  6.44 101 1012.8  26.4  26.9  22.1 99.0 99.00
2016 04 26 12 50 100  6.0  7.1  1.82 10.00  6.42  22 1013.1  26.6  26.9  22.4 99.0 99.00
2016 04 26 13 50 101  5.3  6.2  1.75  8.33  6.28 121 1013.3  26.4  27.0  22.2 99.0 99.00
2016 04 26 14 50  97  4.6  5.5  1.73 11.43  6.43  24 1013.3  26.5  27.1  22.2 99.0 99.00
2016 04 26 15 50  82  4.3  5.4  1.64 10.00  6.53  62 1012.9  26.6  27.2  22.3 99.0 99.00
2016 04 26 16 50  82  4.6  5.5  1.59  9.09  6.34  94 1012.2  26.6  27.3  22.3 99.0 99.00
2016 04 26 17 50  81  4.7  5.7  1.80  9.09  6.79 115 1011.5  26.6  27.3  22.2 99.0 99.00
2016 04 26 18 50  81  5.2  6.1  1.69  9.09  6.60 124 1011.1  26.7  27.3  22.2 99.0 99.00
2016 04 26 19 50  86  5.2  6.2  1.58  8.33  6.35 111 1011.0  26.7  27.3  22.4 99.0 99.00
2016 04 26 20 50  88  5.7  7.0  1.75 10.00  6.89  93 1011.3  26.8  27.2  22.2 99.0 99.00
2016 04 26 21 50  81  5.7  6.8  1.65  9.09  6.60 115 1011.8  26.5  27.1  22.3 99.0 99.00
2016 04 26 22 50  82  5.8  7.0  1.58  9.09  6.46 106 1012.3  26.5  27.1  22.8 99.0 99.00
2016 04 26 23 50  88  6.9  7.9  1.53 10.00  6.21  71 1012.6  26.5  27.1  22.6 99.0 99.00
2016 04 27 00 50  92  6.8  8.0  1.54  9.09  6.13 121 1013.2  26.5  27.0  22.3 99.0 99.00
2016 04 27 01 50  90  7.1  8.1  1.62  8.33  6.00 116 1013.4  26.5  27.0  22.2 99.0 99.00
2016 04 27 02 50  95  7.2  8.4  1.54  9.09  5.77 118 1013.1  26.4  26.9  22.1 99.0 99.00
2016 04 27 03 50  96  7.3  9.1  1.54  9.09  5.67 118 1012.6  26.3  26.9  22.3 99.0 99.00
2016 04 27 04 50  96  7.3  8.4  1.46  8.33  5.61 119 1012.4  26.3  26.9  22.3 99.0 99.00
2016 04 27 05 50  99  7.9  9.3  1.53  8.33  5.51  98 1011.7  26.2  26.9  22.1 99.0 99.00
2016 04 27 06 50  96  8.1  9.8  1.40  9.09  5.40 113 1011.6  26.3  26.9  22.7 99.0 99.00
2016 04 27 07 50  98  7.0  8.4  1.60  8.33  5.69 113 1012.0  26.3  26.9  22.5 99.0 99.00
2016 04 27 08 50  91  6.3  7.6  1.60 10.00  5.69  94 1012.7  26.3  26.9  22.6 99.0 99.00
2016 04 27 09 50  97  7.9  9.2  1.54 10.00  5.68  94 1013.0  26.3  26.8  22.4 99.0 99.00
2016 04 27 10 50 102  7.8  9.2  1.63  9.09  5.51 112 1013.6  26.5  26.8  22.6 99.0 99.00
2016 04 27 11 50 105  6.8  7.9  1.54 10.00  5.50  79 1014.4  26.7  26.9  22.4 99.0 99.00
2016 04 27 12 50 113  7.3  8.4  1.58  9.09  5.52 107 1014.9  26.7  26.9  22.3 99.0 99.00
2016 04 27 13 50 105  6.5  7.5  1.68  9.09  5.69 110 1014.8  26.7  26.9  22.7 99.0 99.00
2016 04 27 14 50 110  7.1  8.5  1.62  9.09  5.55 121 1014.9  26.7  27.0  22.7 99.0 99.00
2016 04 27 15 50 114  6.8  8.0  1.64  9.09  5.59 115 1014.5  26.8  27.0  22.6 99.0 99.00
2016 04 27 16 50 117  6.0  6.9  1.67  9.09  5.65 120 1014.0  26.9  27.1  22.9 99.0 99.00
2016 04 27 17 50 112  7.2  8.4  1.57  9.09  5.58 123 1013.3  26.9  27.1  22.9 99.0 99.00
2016 04 27 18 50 120  6.6  8.2  1.63  9.09  5.74 138 1013.1  26.9  27.1  22.5 99.0 99.00
2016 04 27 19 50 105  5.5  6.7  1.55  9.09  5.71 134 1012.9  26.9  27.1  22.7 99.0 99.00
2016 04 27 20 50  89  6.4  7.9  1.63  6.67  5.67 111 1012.9  26.9  27.1  23.2 99.0 99.00
2016 04 27 21 50  97  7.0  8.0  1.72  9.09  5.98 122 1013.1  26.8  27.1  22.7 99.0 99.00
2016 04 27 22 50  80  7.3  8.3  1.68  9.09  5.71 116 1013.5  26.7  27.0  23.2 99.0 99.00
2016 04 27 23 50  81  7.7  9.5  1.62  9.09  5.56 123 1013.8  26.7  27.0  23.4 99.0 99.00
2016 04 28 00 50  81  7.8  9.1  1.71  9.09  5.80 122 1014.2  26.7  27.0  23.4 99.0 99.00
2016 04 28 01 50  86  8.4  9.7  1.73  9.09  5.56 122 1014.0  26.6  26.9  23.4 99.0 99.00
2016 04 28 02 50  76  8.2 10.0  1.70  8.33  5.42 124 1014.2  26.6  26.9  23.1 99.0 99.00
2016 04 28 03 50  80  8.8 10.1  1.76  9.09  5.45 130 1013.5  26.5  26.9  23.2 99.0 99.00
2016 04 28 04 50  81  8.6 10.7  1.61  8.33  5.42 122 1013.3  26.5  26.9  23.1 99.0 99.00
2016 04 28 05 50  82  9.1 11.0  1.79  9.09  5.53 126 1012.8  26.5  26.9  22.9 99.0 99.00
2016 04 28 06 50  94  7.6  9.0  1.82  5.88  5.36 108 1013.1  26.5  26.9  22.6 99.0 99.00
2016 04 28 07 50  88  8.4  9.8  1.87  5.56  5.46 105 1013.3  26.5  26.9  23.0 99.0 99.00
2016 04 28 08 50  92  8.6 10.1  1.93  9.09  5.45 115 1014.0  26.6  26.9  23.1 99.0 99.00
2016 04 28 09 50  87  8.2  9.8  1.80  5.88  5.47 106 1014.2  26.6  26.9  22.6 99.0 99.00
2016 04 28 10 50  91  9.1 10.6  1.80  8.33  5.64 119 1014.6  26.7  26.9  22.6 99.0 99.00
2016 04 28 11 50  86  8.8 10.4  1.98  9.09  5.75 120 1015.2  26.9  26.9  22.3 99.0 99.00
2016 04 28 12 50  84  7.2  8.9  1.97  6.67  5.78 106 1015.7  26.9  26.9  22.7 99.0 99.00
2016 04 28 13 50  91  9.0 10.6  1.93  8.33  5.64 110 1015.2  26.8  27.0  22.6 99.0 99.00
2016 04 28 14 50  82  6.9  8.2  1.96 11.43  5.70 328 1015.5  26.9  27.0  22.8 99.0 99.00
2016 04 28 15 50  92  7.4  8.4  1.97  7.69  5.66 124 1014.8  26.9  27.1  22.7 99.0 99.00
2016 04 28 16 50  91  7.9  9.1  1.85  8.33  5.58 109 1014.0  27.0  27.1  22.6 99.0 99.00
2016 04 28 17 50  89  7.7  9.2  2.00  7.69  5.81 112 1013.0  27.0  27.1  22.7 99.0 99.00
2016 04 28 18 50  86  7.6  8.7  1.78  8.33  5.51 121 1012.8  26.9  27.1  22.7 99.0 99.00
2016 04 28 19 50  91  7.3  8.6  1.91 11.43  5.87   8 1012.7  26.9  27.1  22.7 99.0 99.00
2016 04 28 20 50  84  7.3  8.3  1.93 11.43  6.01 359 1012.9  26.8  27.1  23.0 99.0 99.00
2016 04 28 21 50  88  7.2  8.5  2.00  9.09  6.00 118 1013.2  26.7  27.0  22.6 99.0 99.00
2016 04 28 22 50  80  7.8  9.5  1.80  8.33  5.71 128 1013.5  26.7  27.0  22.5 99.0 99.00
2016 04 28 23 50  79  7.4  8.8  1.88  9.09  5.86 122 1014.3  26.6  27.0  22.8 99.0 99.00
2016 04 29 00 50  77  8.0  9.3  1.86 11.43  5.91 359 1014.8  26.7  26.9  22.7 99.0 99.00
2016 04 29 01 50  80  8.1  9.0  1.89  7.14  5.91 115 1015.1  26.6  26.9  22.8 99.0 99.00
2016 04 29 02 50  80  8.2  9.4  1.84 12.12  5.94 360 1014.8  26.6  26.9  22.5 99.0 99.00
2016 04 29 03 50  83  7.4  8.5  1.76  8.33  5.49 112 1014.5  26.5  26.9  22.7 99.0 99.00
2016 04 29 04 50  83  7.9  9.0  1.99 11.43  6.05  14 1013.9  26.5  26.9  22.6 99.0 99.00
2016 04 29 05 50  85  7.1  8.3  1.82 10.81  5.75 356 1013.1  26.5  26.9  22.7 99.0 99.00
2016 04 29 06 50  85  7.8  9.3  1.95 10.81  5.81   2 1012.7  26.4  26.9  22.4 99.0 99.00
2016 04 29 07 50  89  7.6  9.4  1.99 10.81  6.04 357 1012.6  26.3  26.9  22.7 99.0 99.00
2016 04 29 08 50  90  7.1  8.5  1.98 10.81  6.07 360 1013.1  26.3  26.9  22.6 99.0 99.00
2016 04 29 09 50  94  6.5  7.9  2.01 10.81  6.21 359 1013.5  26.4  26.9  22.4 99.0 99.00
2016 04 29 10 50  97  7.0  8.3  2.00 10.81  6.12   6 1014.0  26.4  26.9  22.2 99.0 99.00
2016 04 29 11 50  83  6.8  8.5  1.84 10.81  5.88   1 1014.2  26.6  26.9  22.7 99.0 99.00
2016 04 29 12 50  96  7.4  8.7  1.86  8.33  5.93 115 1014.4  26.7  26.9  22.2 99.0 99.00
2016 04 29 13 50  86  7.0  8.0  1.89 10.00  6.04  12 1014.3  26.8  27.0  21.9 99.0 99.00
2016 04 29 14 50  94  7.0  8.3  1.94  8.33  6.00 123 1013.8  26.7  27.0  22.1 99.0 99.00
2016 04 29 15 50  82  7.0  8.5  1.97  8.33  6.17 117 1013.3  26.7  27.1  22.2 99.0 99.00
2016 04 29 16 50  81  7.3  8.6  1.90  9.09  5.91  76 1012.5  26.7  27.1  21.9 99.0 99.00
2016 04 29 17 50  71  6.8  7.9  2.12 10.00  6.32  34 1012.2  26.7  27.1  22.3 99.0 99.00
2016 04 29 18 50  75  7.4  8.5  1.90  9.09  5.94  58 1012.0  26.7  27.1  21.9 99.0 99.00
2016 04 29 19 50  74  6.3  7.9  2.03 10.00  6.20  19 1012.1  26.8  27.1  22.1 99.0 99.00
2016 04 29 20 50  77  7.2  8.6  1.88 10.00  6.18   9 1012.5  26.6  27.1  22.2 99.0 99.00
2016 04 29 21 50  81  7.3  8.9  2.14  9.09  6.43 115 1013.4  26.6  27.0  22.1 99.0 99.00
2016 04 29 22 50  82  5.9  7.1  1.93  9.09  6.29  71 1014.1  26.7  27.0  21.9 99.0 99.00
2016 04 29 23 50  80  5.9  6.9  2.07  8.33  6.44 110 1014.7  26.6  27.0  22.0 99.0 99.00
2016 04 30 00 50  93  6.8  8.0  1.88  9.09  6.32  96 1015.4  26.6  26.9  22.3 99.0 99.00
2016 04 30 01 50  90  7.1  8.5  2.15 10.00  6.54  14 1015.7  26.6  26.9  22.3 99.0 99.00
2016 04 30 02 50  79  6.6  7.8  1.90 10.00  6.39  28 1015.5  26.5  26.9  21.9 99.0 99.00
2016 04 30 03 50  82  6.6  7.7  1.85 10.00  6.15  30 1014.9  26.5  26.9  21.7 99.0 99.00
2016 04 30 04 50  82  7.0  8.1  1.95 10.00  6.34  23 1014.1  26.4  26.9  22.2 99.0 99.00
2016 04 30 05 50  74  7.0  8.3  1.92 10.00  6.18  18 1013.4  26.3  26.9  22.2 99.0 99.00
2016 04 30 06 50  70  6.6  7.8  1.86  8.33  6.01 109 1012.9  26.2  26.9  22.0 99.0 99.00
2016 04 30 07 50  79  7.4  9.0  1.97  9.09  6.16  92 1013.0  26.2  26.9  22.0 99.0 99.00
2016 04 30 08 50  89  7.4  8.8  1.90  9.09  6.11  81 1013.2  26.3  26.9  21.4 99.0 99.00
2016 04 30 09 50  88  7.3  9.0  1.91 10.00  5.92  22 1013.7  26.2  26.9  21.8 99.0 99.00
2016 04 30 10 50  88  7.4  8.8  1.85 10.81  5.97  23 1014.2  26.5  26.9  21.8 99.0 99.00
2016 04 30 11 50  81  6.9  8.1  1.84  9.09  6.02  91 1014.6  26.6  26.9  22.0 99.0 99.00
2016 04 30 12 50  91  6.8  8.6  1.81 10.81  6.12  37 1014.3  26.6  26.9  22.0 99.0 99.00
2016 04 30 14 50  88  5.5  6.5  1.73  8.33  5.93  97 1013.8  26.6  27.1  22.0 99.0 99.00
2016 04 30 15 50  92  5.9  6.7  1.70  9.09  6.01  94 1013.5  26.6  27.1  22.2 99.0 99.00
2016 04 30 16 50  88  5.7  7.0  1.71 10.00  6.02  32 1012.9  26.7  27.2  22.7 99.0 99.00
2016 04 30 17 50  84  6.7  7.7  1.51  7.69  5.61 113 1012.6  26.7  27.2  22.3 99.0 99.00
2016 04 30 18 50  83  6.3  7.9  1.60  9.09  5.64  76 1012.3  26.7  27.2  22.8 99.0 99.00
2016 04 30 19 50  76  6.9  8.2  1.61  9.09  5.60  87 1012.2  26.6  27.1  22.2 99.0 99.00
2016 04 30 20 50  75  6.9  8.3  1.62  8.33  5.74  96 1012.6  26.6  27.1  22.6 99.0 99.00
2016 04 30 21 50  80  6.9  9.0  1.67  9.09  5.93 103 1013.1  26.5  27.1  22.4 99.0 99.00
2016 04 30 22 50  76  7.1  8.4  1.77  9.09  5.94  77 1013.5  26.6  27.0  22.2 99.0 99.00
