#YY  MM DD hh mm WDIR WSPD GST  WVHT   DPD   APD MWD   PRES  ATMP  WTMP  DEWP  VIS  TIDE
#yr  mo dy hr mn degT m/s  m/s     m   sec   sec deg    hPa  degC  degC  degC  nmi    ft
2016 01 31 23 50  67  8.2  9.8  2.08  9.09  6.37  80 1016.5  25.8  26.3  21.1 99.0 99.00
2016 02 01 00 50  62  8.1 10.0  2.13  9.09  6.49  66 1016.6  25.8  26.3  20.7 99.0 99.00
2016 02 01 01 50  77  7.8  9.8  2.13  8.33  6.27  78 1016.7  25.8  26.3  20.9 99.0 99.00
2016 02 01 02 50  65  6.8  8.4  2.14  9.09  6.28  58 1016.6  25.6  26.3  21.0 99.0 99.00
2016 02 01 03 50  66  9.0 10.3  2.21  9.09  6.25  73 1015.9  25.5  26.3  21.2 99.0 99.00
2016 02 01 04 50  68  8.9 10.7  1.95 10.00  5.94  74 1015.5  25.6  26.3  20.4 99.0 99.00
2016 02 01 05 50  82  7.8  9.1  2.06  9.09  5.94  63 1015.0  25.4  26.3  20.4 99.0 99.00
2016 02 01 06 50  82  7.6  9.2  2.25 10.00  6.24  63 1014.6  25.4  26.3  20.8 99.0 99.00
2016 02 01 07 50  77  8.5 10.0  2.32  9.09  6.57  68 1014.5  25.4  26.2  20.8 99.0 99.00
2016 02 01 08 50  78  9.2 11.4  2.39  9.09  6.43  70 1014.9  25.3  26.2  21.2 99.0 99.00
2016 02 01 09 50  76  9.3 11.5  2.05  9.09  6.03  71 1015.5  25.2  26.2  20.0 99.0 99.00
2016 02 01 10 50  48  8.0  9.7  2.15  9.09  6.23  73 1016.4  24.9  26.2  19.9 99.0 99.00
2016 02 01 11 50  67  5.6  7.4  2.14  9.09  6.02  59 1017.2  24.2  26.2  19.6 99.0 99.00
2016 02 01 12 50 115  8.8 11.7  2.30  9.09  6.38  72 1017.8  22.4  26.2  19.8 99.0 99.00
2016 02 01 13 50  82  6.4  9.8  2.27  9.09  6.56  77 1017.4  25.2  26.2  19.8 99.0 99.00
2016 02 01 14 50 105  7.5  9.9  1.92  9.09  5.89  74 1016.9  24.5  26.2  20.0 99.0 99.00
2016 02 01 15 50 104  5.7  9.0  2.01  9.09  6.28  67 1016.2  25.2  26.3  21.1 99.0 99.00
2016 02 01 16 50  87  7.3  9.1  2.31  9.09  6.47  77 1015.0  25.7  26.3  21.1 99.0 99.00
2016 02 01 17 50  93  7.3  8.7  2.26  9.09  6.21  90 1014.1  25.7  26.3  20.8 99.0 99.00
2016 02 01 18 50  89  6.8  8.1  2.39  9.09  6.48  77 1013.9  25.9  26.4  20.7 99.0 99.00
2016 02 01 19 50  90  6.3  7.7  2.21 10.00  6.23  60 1014.1  25.9  26.4  20.9 99.0 99.00
2016 02 01 20 50  89  6.2  7.3  2.29 10.00  6.26  62 1014.6  25.9  26.3  20.9 99.0 99.00
2016 02 01 21 50  79  5.9  7.2  2.11 10.00  6.23  68 1014.9  25.9  26.3  20.9 99.0 99.00
2016 02 01 22 50  84  6.7  7.9  2.16  9.09  6.40  75 1015.1  25.8  26.3  21.0 99.0 99.00
2016 02 01 23 50  80  6.9  8.4  2.13  9.09  6.38  75 1015.4  25.7  26.3  21.2 99.0 99.00
2016 02 02 00 50  84  7.3  8.7  2.16  9.09  6.51  74 1015.8  25.7  26.2  21.4 99.0 99.00
2016 02 02 01 50  88  6.7  7.9  2.22 10.00  6.58  70 1015.8  25.7  26.2  21.3 99.0 99.00
2016 02 02 02 50  78  6.2  7.8  2.07 10.00  6.70  76 1015.7  25.6  26.2  21.5 99.0 99.00
2016 02 02 03 50  83  5.2  6.2  2.22  9.09  6.86  75 1015.3  25.6  26.2  21.4 99.0 99.00
2016 02 02 04 50  89  7.5 10.3  2.24  9.09  6.90  71 1014.6  25.2  26.2  21.3 99.0 99.00
2016 02 02 05 50  62  5.9  7.8  2.25  9.09  6.97  74 1014.2  24.6  26.2  20.6 99.0 99.00
2016 02 02 06 50  44  3.8  4.6  2.25 13.79  7.07 333 1013.8  24.2  26.2  20.1 99.0 99.00
2016 02 02 07 50  90 10.2 12.9  2.15 10.00  7.28  64 1013.7  23.5  26.1  20.1 99.0 99.00
2016 02 02 08 50  60  7.1  8.6  2.32 13.79  7.13 342 1014.1  23.9  26.1  20.3 99.0 99.00
2016 02 02 09 50 109  5.2  6.8  2.25 12.90  7.00 347 1014.5  23.6  26.1  20.3 99.0 99.00
2016 02 02 10 50  67  4.2  5.8  2.51 12.90  7.84 340 1014.9  23.9  26.1  20.4 99.0 99.00
2016 02 02 11 50 208  0.9  1.9  2.04 12.12  7.29 328 1015.5  24.5  26.1  21.1 99.0 99.00
2016 02 02 12 50 120  6.2  7.5  2.62 12.12  7.73 338 1015.9  26.1  26.1  21.9 99.0 99.00
2016 02 02 13 50 111  5.4  6.6  2.54 12.90  7.79 332 1016.1  26.0  26.2  21.7 99.0 99.00
2016 02 02 14 50 108  5.1  6.6  2.39 10.00  7.67  61 1015.8  26.1  26.3  22.0 99.0 99.00
2016 02 02 15 50 105  4.4  5.5  2.28 10.81  7.41  31 1014.9  26.0  26.4  22.2 99.0 99.00
2016 02 02 16 50  97  4.3  5.4  2.24 12.12  7.43 334 1014.0  26.0  26.5  22.5 99.0 99.00
2016 02 02 17 50 124  5.9  7.5  2.20 12.90  7.22 332 1012.9  25.9  26.5  22.6 99.0 99.00
2016 02 02 18 50 127  6.5  8.0  2.22 10.81  7.02  11 1012.7  26.2  26.5  22.3 99.0 99.00
2016 02 02 19 50 127  6.9  8.1  2.32 10.00  7.13  42 1012.9  26.2  26.4  22.2 99.0 99.00
2016 02 02 20 50 125  6.4  7.5  2.22 11.43  6.96 337 1013.4  26.2  26.4  22.1 99.0 99.00
2016 02 02 21 50 129  7.1  8.5  2.22 10.00  7.13  56 1013.8  26.1  26.4  22.1 99.0 99.00
2016 02 02 22 50 127  7.3  8.5  2.27 10.00  6.98  25 1014.4  26.0  26.3  21.8 99.0 99.00
2016 02 02 23 50 124  6.7  7.9  2.11 10.00  6.71  64 1015.0  26.0  26.3  21.8 99.0 99.00
2016 02 03 00 50 127  6.7  8.6  2.25 10.81  6.84   9 1015.3  26.1  26.3  21.9 99.0 99.00
2016 02 03 01 50 128  7.1  8.6  2.22 10.81  6.95 341 1015.2  26.0  26.3  21.9 99.0 99.00
2016 02 03 02 50 128  8.1 10.1  2.03  9.09  6.58  59 1014.7  25.9  26.3  22.0 99.0 99.00
2016 02 03 03 50 120  7.5  9.3  2.12 10.00  6.73  37 1014.4  25.8  26.3  21.9 99.0 99.00
2016 02 03 04 50 120  7.1  8.4  2.12 10.00  6.49  34 1013.7  25.7  26.3  21.9 99.0 99.00
2016 02 03 05 50 116  6.8  7.7  2.00 11.43  6.38 348 1013.2  25.6  26.2  21.9 99.0 99.00
2016 02 03 06 50 116  6.8  7.9  2.27 10.00  6.67  31 1012.5  25.6  26.2  21.8 99.0 99.00
2016 02 03 07 50 120  6.5  7.6  2.16 11.43  6.52 360 1012.5  25.5  26.2  21.7 99.0 99.00
2016 02 03 08 50 123  6.0  7.3  2.11 10.81  6.46   1 1012.8  25.7  26.2  21.8 99.0 99.00
2016 02 03 09 50 116  5.8  6.9  2.12 11.43  6.44 341 1013.2  25.6  26.2  21.6 99.0 99.00
2016 02 03 10 50 120  6.5  7.7  2.13 11.43  6.52 348 1013.6  25.7  26.2  21.6 99.0 99.00
2016 02 03 11 50 123  7.2  8.3  2.09 10.00  6.85  43 1013.8  26.0  26.2  21.5 99.0 99.00
2016 02 03 12 50 121  6.4  7.5  1.98 11.43  6.47 348 1014.3  25.9  26.2  21.9 99.0 99.00
2016 02 03 13 50 118  6.1  7.6  2.10 10.81  6.69 354 1014.3  25.9  26.2  22.1 99.0 99.00
2016 02 03 14 50 129  5.4  6.2  2.11 10.00  6.69  33 1014.0  26.1  26.3  21.7 99.0 99.00
2016 02 03 15 50 138  5.0  6.4  1.82 10.81  6.42  12 1013.5  26.2  26.3  21.8 99.0 99.00
2016 02 03 17 50 138  4.9  5.8  2.05  9.09  6.52  47 1011.7  26.1  26.4  22.1 99.0 99.00
2016 02 03 18 50 145  4.9  5.8  1.88 10.00  6.51  19 1011.4  26.2  26.4  22.1 99.0 99.00
2016 02 03 19 50 149  5.6  6.8  2.07 10.00  6.49  45 1011.1  26.2  26.4  22.4 99.0 99.00
2016 02 03 20 50 156  5.8  7.0  2.03 10.00  6.63  34 1011.3  26.2  26.4  22.1 99.0 99.00
2016 02 03 21 50 158  5.7  6.8  2.10 10.00  6.86  21 1011.7  26.1  26.4  22.4 99.0 99.00
2016 02 03 22 50 153  5.8  6.9  1.95 10.81  6.35 356 1011.9  26.1  26.3  22.6 99.0 99.00
2016 02 03 23 50 147  5.3  6.5  2.04 10.00  6.84  47 1012.6  26.1  26.3  22.7 99.0 99.00
2016 02 04 00 50 148  5.0  6.2  1.86 10.00  6.51  14 1012.8  26.1  26.2  22.7 99.0 99.00
2016 02 04 01 50 149  4.9  6.0  1.97 10.00  6.65  32 1013.0  26.0  26.2  22.7 99.0 99.00
2016 02 04 02 50 134  5.6  7.0  1.84 10.00  6.61  16 1012.5  25.5  26.2  22.3 99.0 99.00
2016 02 04 03 50 135  5.4  6.7  1.74 10.00  6.28  34 1012.2  25.5  26.2  22.7 99.0 99.00
2016 02 04 04 50 285  4.5  5.5  1.89 10.81  6.20  12 1012.0  22.8  26.1  21.0 99.0 99.00
2016 02 04 05 50 235  6.1  8.3  1.76 10.00  6.22  44 1011.6  22.9  26.1  21.2 99.0 99.00
2016 02 04 06 50 171  3.7  5.2  1.94 10.00  6.78  26 1011.2  23.3  26.0  21.0 99.0 99.00
2016 02 04 07 50 169  4.5  5.9  1.89  9.09  6.71  42 1011.5  23.5  26.0  21.2 99.0 99.00
2016 02 04 08 50 232  2.1  2.8  1.79 10.00  6.84  51 1011.7  23.9  26.0  20.4 99.0 99.00
2016 02 04 09 50 125  6.2  8.3  1.87 10.00  6.61  37 1012.1  22.9  25.9  20.7 99.0 99.00
2016 02 04 10 50 125  3.8  5.1  1.81 10.00  6.91  31 1013.0  22.9  25.8  21.2 99.0 99.00
2016 02 04 11 50 141  0.8  1.4  1.81 10.00  6.98  68 1013.9  23.3  25.7  21.4 99.0 99.00
2016 02 04 12 50  47  2.0  3.0  1.71 10.00  6.78  56 1014.3  23.6  25.2  21.7 99.0 99.00
2016 02 04 13 50 129  7.9  9.5  1.78 10.81  6.57  40 1014.2  26.0  25.7  22.5 99.0 99.00
2016 02 04 14 50 135  8.0  9.5  1.93 10.00  6.14  49 1013.7  26.2  25.9  22.7 99.0 99.00
2016 02 04 15 50 132  6.8  8.2  1.86 10.00  6.00  73 1013.6  26.2  26.1  22.4 99.0 99.00
2016 02 04 16 50 131  7.0  8.3  1.93 10.00  6.19  64 1013.0  26.2  26.2  22.5 99.0 99.00
2016 02 04 17 50 128  7.9  9.3  1.91 10.00  5.80  58 1012.5  26.2  26.2  22.1 99.0 99.00
2016 02 04 19 50 119  7.1  8.4  1.81  8.33  5.94  90 1012.3  26.2  26.3  21.9 99.0 99.00
2016 02 04 20 50 123  7.1  8.6  1.94 10.00  5.97  74 1012.8  26.1  26.2  22.1 99.0 99.00
2016 02 04 21 50 121  7.3  8.5  2.11  9.09  6.23  89 1013.5  26.2  26.2  22.1 99.0 99.00
2016 02 04 22 50 118  8.1  9.6  1.94 10.00  5.84  65 1014.0  26.1  26.2  22.1 99.0 99.00
2016 02 04 23 50 117  8.8 10.7  1.93 10.00  5.99  64 1014.4  26.1  26.1  22.2 99.0 99.00
2016 02 05 00 50 106  8.0  9.6  2.01  9.09  5.74  96 1015.2  26.1  26.1  22.2 99.0 99.00
2016 02 05 01 50 107  7.4  8.6  1.94 10.00  5.81  61 1015.6  26.1  26.1  22.4 99.0 99.00
2016 02 05 02 50  89  7.2  8.6  1.83  5.88  5.79 103 1015.6  26.1  26.2  22.4 99.0 99.00
2016 02 05 03 50  73  6.5  8.2  1.97  8.33  5.90  91 1015.5  25.4  26.2  22.0 99.0 99.00
2016 02 05 04 50  89  8.6  9.7  1.83  7.69  5.75  78 1014.9  25.9  26.2  22.1 99.0 99.00
2016 02 05 05 50  94  8.2  9.8  1.99  9.09  5.84  74 1014.6  25.8  26.2  21.7 99.0 99.00
2016 02 05 06 50  92  9.1 10.8  1.98  7.14  5.83  89 1014.2  25.9  26.2  21.5 99.0 99.00
2016 02 05 07 50  88  8.2 10.0  1.91  8.33  5.57  99 1014.7  25.8  26.2  21.3 99.0 99.00
2016 02 05 08 50  89  8.2 10.3  2.11  6.25  5.83  89 1014.9  25.9  26.2  21.4 99.0 99.00
2016 02 05 09 50  81  8.5 10.1  2.12  7.14  5.89  86 1015.7  25.8  26.2  21.0 99.0 99.00
2016 02 05 10 50  72  7.7 10.3  2.11  6.67  5.89  92 1016.8  26.0  26.2  20.8 99.0 99.00
2016 02 05 11 50  71  8.3 10.1  2.07  6.25  5.87 100 1017.5  26.0  26.2  21.3 99.0 99.00
2016 02 05 12 50  72  7.6  9.2  2.32  6.67  6.07 101 1018.4  26.1  26.2  21.6 99.0 99.00
2016 02 05 13 50  76  8.1  9.9  2.06  7.14  5.82  75 1018.7  26.2  26.2  21.3 99.0 99.00
2016 02 05 14 50  71  8.3  9.9  2.10  6.25  5.66  90 1018.5  26.3  26.2  21.5 99.0 99.00
2016 02 05 15 50  69  7.8  9.9  2.08  8.33  6.01  99 1018.1  25.9  26.3  21.5 99.0 99.00
2016 02 05 16 50  78  7.5  8.6  1.98  7.69  5.80  92 1017.5  25.9  26.3  21.6 99.0 99.00
2016 02 05 17 50  54  8.0  9.3  2.19  7.14  6.02  83 1016.6  25.9  26.3  21.6 99.0 99.00
2016 02 05 18 50  69  8.6 10.1  2.21  8.33  6.09  89 1016.2  26.2  26.3  21.2 99.0 99.00
2016 02 05 19 50  68  8.3 10.1  2.35  7.69  6.14  83 1016.3  26.2  26.2  21.3 99.0 99.00
2016 02 05 20 50  62  8.8 10.3  2.15  7.69  5.97  88 1016.9  26.2  26.2  21.3 99.0 99.00
2016 02 05 21 50  60  8.8 10.0  1.98  8.33  5.70  83 1017.2  26.0  26.2  21.3 99.0 99.00
2016 02 05 22 50  60  8.4 10.0  2.41  8.33  6.23  92 1017.8  26.1  26.2  21.8 99.0 99.00
2016 02 05 23 50  65  8.5 10.3  2.25  8.33  5.86  80 1018.3  26.1  26.2  21.8 99.0 99.00
2016 02 06 00 50  66  8.1  9.8  2.18  9.09  5.91  83 1018.8  26.0  26.2  21.7 99.0 99.00
2016 02 06 01 50  64  8.5 10.5  2.37  8.33  6.27  83 1019.0  25.9  26.2  21.6 99.0 99.00
2016 02 06 02 50  63  9.4 11.4  2.40  8.33  6.08  84 1018.6  25.8  26.1  21.8 99.0 99.00
2016 02 06 03 50  65  9.3 11.3  2.45  9.09  6.13  79 1018.3  25.8  26.2  21.8 99.0 99.00
2016 02 06 04 50  65  9.6 11.4  2.47  8.33  6.30  90 1017.7  25.9  26.2  20.7 99.0 99.00
2016 02 06 05 50  63  9.1 11.1  2.54  8.33  6.26  82 1017.1  25.8  26.2  21.3 99.0 99.00
2016 02 06 06 50  62  9.4 11.6  2.44  8.33  6.00 100 1016.5  25.8  26.2  20.7 99.0 99.00
2016 02 06 07 50  66  9.3 11.8  2.56  9.09  6.10  87 1016.7  25.7  26.2  21.1 99.0 99.00
2016 02 06 08 50  64  9.4 11.2  2.77  9.09  6.28  87 1016.6  25.7  26.2  20.8 99.0 99.00
2016 02 06 09 50  70  9.4 11.1  2.49  9.09  6.18  80 1016.8  25.7  26.2  20.5 99.0 99.00
2016 02 06 10 50  63  8.3  9.5  2.57  9.09  6.26  88 1017.5  25.7  26.2  20.9 99.0 99.00
2016 02 06 11 50  65  7.9  9.3  2.60  9.09  6.45  98 1018.5  25.8  26.2  21.4 99.0 99.00
2016 02 06 12 50  68  9.0 10.7  2.39  8.33  6.06  96 1019.1  26.0  26.2  21.1 99.0 99.00
2016 02 06 13 50  69  9.6 11.6  2.64  9.09  6.54  89 1018.8  25.9  26.2  21.0 99.0 99.00
2016 02 06 14 50  64  9.4 11.2  2.52  9.09  6.22  89 1018.8  25.9  26.3  21.1 99.0 99.00
2016 02 06 15 50  63  9.1 10.7  2.47  8.33  6.05 103 1018.3  26.0  26.3  21.2 99.0 99.00
2016 02 06 16 50  62  9.0 11.0  2.72  9.09  6.34 100 1017.3  25.8  26.3  21.4 99.0 99.00
2016 02 06 17 50  65  9.3 12.0  2.62  8.33  6.36  92 1016.5  25.8  26.3  21.4 99.0 99.00
2016 02 06 18 50  72  8.6 10.0  2.48  8.33  6.32  85 1016.4  26.1  26.3  21.2 99.0 99.00
2016 02 06 19 50  72  7.8  9.6  2.40  9.09  6.17  93 1016.4  25.8  26.3  21.4 99.0 99.00
2016 02 06 20 50  76  8.2 10.0  2.35  9.09  6.21  85 1016.8  25.9  26.2  22.0 99.0 99.00
2016 02 06 21 50  70  9.1 11.4  2.52  8.33  6.36  92 1017.3  26.2  26.2  20.9 99.0 99.00
2016 02 06 22 50  76  9.5 11.3  2.48  8.33  6.28  95 1017.6  25.9  26.2  21.3 99.0 99.00
2016 02 06 23 50  81 10.8 12.9  2.39  8.33  6.11  85 1017.7  25.9  26.2  20.9 99.0 99.00
2016 02 07 00 50  78 10.5 12.4  2.52  8.33  5.98  80 1018.4  25.9  26.2  21.0 99.0 99.00
2016 02 07 01 50  81 10.3 12.7  2.82  8.33  6.11 101 1018.5  25.9  26.1  20.9 99.0 99.00
2016 02 07 02 50  78 10.2 12.3  2.46  8.33  6.04 106 1018.2  25.7  26.1  21.0 99.0 99.00
2016 02 07 03 50  81  9.9 11.3  2.63  9.09  6.13  85 1017.7  25.7  26.1  21.2 99.0 99.00
2016 02 07 04 50  83 10.6 12.2  2.66  8.33  6.11  74 1017.1  25.7  26.1  20.6 99.0 99.00
2016 02 07 05 50  86 10.0 12.4  2.76  9.09  6.35  83 1016.0  25.3  26.1  21.3 99.0 99.00
2016 02 07 06 50  87 10.6 12.6  2.66  7.69  6.18  90 1015.2  25.6  26.1  21.0 99.0 99.00
2016 02 07 07 50  91 10.5 12.9  2.79  8.33  6.30  80 1015.0  25.6  26.1  20.5 99.0 99.00
2016 02 07 08 50  89  9.3 11.4  2.76  9.09  6.37  92 1015.3  25.6  26.1  20.9 99.0 99.00
2016 02 07 09 50  87  9.6 11.8  2.65  8.33  6.41  96 1015.6  25.5  26.1  21.1 99.0 99.00
2016 02 07 10 50  86  8.9 10.7  2.81  9.09  6.59  77 1016.4  25.6  26.1  21.0 99.0 99.00
2016 02 07 11 50  84  8.8 10.6  2.62  9.09  6.47  88 1017.2  25.8  26.1  20.9 99.0 99.00
2016 02 07 12 50  89  9.2 11.6  2.96  9.09  6.65  82 1017.8  25.9  26.1  20.8 99.0 99.00
2016 02 07 13 50  90  8.7 10.9  2.90  9.09  6.58  81 1018.0  26.0  26.2  20.7 99.0 99.00
2016 02 07 14 50  90  8.4 10.1  2.76  9.09  6.51  84 1017.6  25.8  26.2  21.1 99.0 99.00
2016 02 07 15 50  84  8.7 10.5  2.93  9.09  6.81  81 1016.8  25.8  26.2  20.7 99.0 99.00
2016 02 07 16 50  91  8.2  9.6  2.74  9.09  6.61  82 1016.1  25.8  26.2  20.2 99.0 99.00
2016 02 07 17 50  89  6.9  8.3  3.01  9.09  7.06  90 1015.5  25.8  26.2  21.1 99.0 99.00
2016 02 07 18 50  76  8.2  9.9  2.99  9.09  7.03  77 1014.8  25.5  26.3  21.2 99.0 99.00
2016 02 07 19 50  90 10.3 12.4  2.67  9.09  6.68  85 1014.9  25.1  26.3  21.3 99.0 99.00
2016 02 07 20 50  86  9.4 11.4  2.69  9.09  6.56  78 1015.3  25.2  26.3  21.2 99.0 99.00
2016 02 07 21 50  94 10.9 13.5  3.01  8.33  6.81  76 1015.4  25.4  26.3  21.2 99.0 99.00
2016 02 07 23 50  77  9.1 10.7  3.05 10.00  6.90  70 1016.7  25.9  26.2  20.5 99.0 99.00
2016 02 08 00 50  77  9.1 11.4  2.76 10.00  6.55  84 1017.3  25.9  26.2  20.0 99.0 99.00
2016 02 08 01 50  83  9.4 10.8  2.91  9.09  6.63  87 1017.3  25.7  26.2  19.6 99.0 99.00
2016 02 08 02 50  78  8.8 11.1  2.79  9.09  6.52  77 1017.4  25.6  26.2  20.7 99.0 99.00
2016 02 08 03 50  82  8.9 10.6  2.76  9.09  6.44  77 1017.3  25.6  26.2  20.3 99.0 99.00
2016 02 08 04 50  78  8.6 10.1  2.61  8.33  6.32  77 1016.7  25.6  26.2  20.4 99.0 99.00
2016 02 08 05 50  91  8.4 10.4  2.51  9.09  6.40  87 1016.1  25.3  26.2  20.4 99.0 99.00
2016 02 08 06 50  88  8.4 10.2  2.39  9.09  6.20  82 1015.4  25.4  26.1  20.5 99.0 99.00
2016 02 08 07 50  94  9.5 11.3  2.58  9.09  6.46  76 1015.5  25.6  26.1  20.1 99.0 99.00
2016 02 08 08 50  95  8.2  9.9  2.55 10.00  6.29  82 1016.2  25.6  26.2  20.5 99.0 99.00
2016 02 08 09 50 101  8.1 10.0  2.53  9.09  6.27  72 1016.6  24.1  26.2  20.7 99.0 99.00
2016 02 08 10 50  96  9.0 10.8  2.53  9.09  6.15  71 1016.9  25.5  26.2  21.0 99.0 99.00
2016 02 08 11 50  91  8.7 10.9  2.64  9.09  6.23  79 1017.7  25.7  26.2  21.4 99.0 99.00
2016 02 08 12 50  84  8.7 11.2  2.69  9.09  6.56  84 1018.4  24.6  26.2  21.2 99.0 99.00
2016 02 08 13 50  90  9.3 11.1  2.82  9.09  6.45  77 1018.6  25.8  26.2  21.1 99.0 99.00
2016 02 08 14 50  87  9.6 11.3  2.66  9.09  6.32  77 1018.5  25.6  26.2  21.0 99.0 99.00
2016 02 08 15 50  79 10.3 12.4  2.94  9.09  6.46  76 1017.8  24.3  26.2  21.0 99.0 99.00
2016 02 08 16 50 113  8.5 10.2  2.85 10.00  6.61  77 1017.1  24.8  26.3  21.6 99.0 99.00
2016 02 08 17 50  83  8.5 10.2  2.63  9.09  6.41  86 1016.1  25.3  26.3  21.3 99.0 99.00
2016 02 08 18 50  87  7.9  9.7  2.71  9.09  6.36  76 1015.6  25.3  26.3  20.8 99.0 99.00
2016 02 08 20 50  87  9.2 10.9  2.70  9.09  6.47  90 1015.3  25.6  26.3  21.2 99.0 99.00
2016 02 08 21 50  91  9.8 11.4  2.62  8.33  6.42  90 1015.7  25.3  26.3  21.3 99.0 99.00
2016 02 08 22 50 101  8.8 10.5  2.60  9.09  6.26 100 1016.5  25.4  26.2  21.5 99.0 99.00
2016 02 08 23 50  89  8.0  9.6  2.76  9.09  6.35  86 1017.0  25.1  26.2  21.1 99.0 99.00
2016 02 09 00 50  87  9.3 11.0  2.42 10.00  6.31  84 1017.1  24.3  26.2  20.8 99.0 99.00
2016 02 09 01 50  93  8.2 10.8  2.68  9.09  6.53  84 1017.1  25.0  26.2  21.4 99.0 99.00
2016 02 09 02 50  90 10.2 12.0  2.38  9.09  5.94  88 1016.7  25.5  26.2  21.0 99.0 99.00
2016 02 09 03 50  86  9.4 11.1  2.44  9.09  6.14  89 1016.7  25.5  26.2  21.3 99.0 99.00
2016 02 09 04 50  88  9.0 11.2  2.53  9.09  6.14  97 1016.6  25.0  26.2  21.3 99.0 99.00
2016 02 09 05 50 118 10.5 12.5  2.61  9.09  6.42  86 1016.0  23.9  26.2  20.8 99.0 99.00
2016 02 09 06 50  84  9.8 11.6  2.56  9.09  6.55  79 1015.6  25.4  26.1  21.3 99.0 99.00
2016 02 09 07 50  72  9.6 11.5  2.59  9.09  6.35  81 1015.8  25.4  26.1  21.1 99.0 99.00
2016 02 09 08 50  79  9.8 11.3  2.43  9.09  6.15  83 1015.9  25.3  26.1  20.8 99.0 99.00
2016 02 09 09 50  84  8.0  9.4  2.52  9.09  6.20  78 1016.5  25.3  26.1  20.8 99.0 99.00
2016 02 09 10 50  79  8.3 10.5  2.75  9.09  6.54  82 1017.1  25.6  26.1  21.3 99.0 99.00
2016 02 09 11 50  82 10.0 11.6  2.77  9.09  6.35  82 1017.7  25.7  26.2  20.6 99.0 99.00
2016 02 09 12 50  97  9.5 12.1  2.67  9.09  6.31  89 1018.6  24.4  26.1  21.7 99.0 99.00
2016 02 09 13 50 118  7.6  9.8  2.65  9.09  6.36  87 1019.1  24.0  26.2  22.0 99.0 99.00
2016 02 09 14 50  77  8.5 10.2  2.56  9.09  6.28  76 1018.7  24.1  26.2  21.4 99.0 99.00
2016 02 09 15 50  81  6.9  8.4  2.71  9.09  6.57  77 1018.1  25.0  26.2  21.5 99.0 99.00
2016 02 09 16 50  74  8.4 10.2  2.72  8.33  6.52  77 1017.4  25.5  26.2  21.1 99.0 99.00
2016 02 09 17 50  70  8.3  9.7  2.65  9.09  6.55  78 1017.0  25.6  26.2  21.0 99.0 99.00
2016 02 09 18 50  56  8.8 10.4  2.74  8.33  6.67  89 1016.9  25.7  26.2  21.0 99.0 99.00
2016 02 09 19 50  57  8.6 10.9  2.70  8.33  6.61  83 1017.2  25.6  26.2  20.9 99.0 99.00
2016 02 09 20 50  70  9.1 10.8  2.75  9.09  6.73  85 1017.2  25.8  26.2  20.8 99.0 99.00
2016 02 09 21 50  72  9.6 12.1  2.70  9.09  6.68  86 1017.4  25.6  26.2  21.4 99.0 99.00
2016 02 09 22 50  80  9.8 12.2  2.82  9.09  6.52  81 1017.5  25.7  26.1  21.4 99.0 99.00
2016 02 09 23 50  80 10.8 12.7  2.72  9.09  6.69  89 1017.5  25.7  26.1  20.8 99.0 99.00
2016 02 10 00 50  78 10.2 12.1  2.78  9.09  6.46  84 1018.2  25.8  26.1  20.1 99.0 99.00
2016 02 10 01 50  78  9.9 11.2  2.69  8.33  6.45  85 1018.6  25.6  26.1  19.6 99.0 99.00
2016 02 10 02 50  79  9.6 11.1  2.63  9.09  6.35  87 1018.7  25.6  26.1  20.1 99.0 99.00
2016 02 10 03 50  84  9.1 10.7  2.70  9.09  6.61  87 1018.7  25.5  26.1  19.9 99.0 99.00
2016 02 10 04 50  81  8.7 10.2  2.51 17.39  6.41  10 1018.2  25.5  26.1  20.0 99.0 99.00
2016 02 10 05 50  83  8.3 10.0  2.41  8.33  6.49  85 1017.6  25.5  26.1  20.5 99.0 99.00
2016 02 10 06 50  81  9.1 10.8  2.63  8.33  6.60  98 1017.0  25.4  26.1  20.6 99.0 99.00
2016 02 10 07 50  78  8.5 10.1  2.67  9.09  6.56  85 1016.9  25.4  26.1  20.6 99.0 99.00
2016 02 10 08 50  79  8.3  9.8  2.53  9.09  6.48  91 1016.8  25.4  26.1  20.7 99.0 99.00
2016 02 10 09 50  82  8.5 10.1  2.41  7.69  6.31  91 1017.1  25.4  26.1  21.1 99.0 99.00
2016 02 10 10 50  78  9.5 10.9  2.52  9.09  6.57  84 1017.5  25.6  26.1  20.9 99.0 99.00
2016 02 10 11 50  79 10.1 12.4  2.74  9.09  6.56  84 1018.2  25.7  26.1  20.2 99.0 99.00
2016 02 10 12 50  81 10.0 12.2  2.70  9.09  6.41  87 1018.8  25.9  26.1  20.1 99.0 99.00
2016 02 10 13 50  79  9.2 11.5  2.52 17.39  6.12 357 1019.0  25.8  26.1  20.6 99.0 99.00
2016 02 10 14 50  71  9.1 10.6  2.70  9.09  6.58  82 1018.6  25.7  26.1  21.1 99.0 99.00
2016 02 10 15 50  68  8.3 10.1  2.70  8.33  6.64  94 1018.0  25.6  26.2  21.0 99.0 99.00
2016 02 10 16 50  66  8.6 10.2  2.45 17.39  6.38  10 1017.3  25.6  26.2  21.0 99.0 99.00
2016 02 10 17 50  68  8.4  9.9  2.56  8.33  6.81  80 1016.4  25.8  26.2  20.9 99.0 99.00
2016 02 10 18 50  72  8.5  9.8  2.46 17.39  6.75 314 1016.4  26.0  26.2  20.8 99.0 99.00
2016 02 10 19 50  68  8.2  9.9  2.56 17.39  6.83  88 1016.8  26.0  26.2  20.7 99.0 99.00
2016 02 10 20 50  61  8.4 10.7  2.75  9.09  6.88  91 1017.1  25.7  26.2  21.3 99.0 99.00
2016 02 10 21 50  64  9.2 10.9  2.68  8.33  6.73  86 1017.5  25.7  26.2  21.4 99.0 99.00
2016 02 10 22 50  61  8.8 10.5  2.52  8.33  6.65  94 1017.9  25.8  26.2  21.0 99.0 99.00
2016 02 10 23 50  74  9.3 11.1  2.75  9.09  7.06  85 1018.3  25.8  26.2  20.7 99.0 99.00
2016 02 11 00 50  69  9.3 11.0  2.57  9.09  6.71  84 1018.5  25.7  26.2  20.9 99.0 99.00
2016 02 11 01 50  74 10.1 12.4  2.78 16.00  6.94 316 1018.3  25.7  26.2  21.2 99.0 99.00
2016 02 11 02 50  74  9.2 10.9  2.64  9.09  6.79  79 1018.2  25.6  26.2  21.3 99.0 99.00
2016 02 11 03 50  69  9.2 10.7  2.56 14.81  6.42 316 1018.0  25.6  26.2  21.0 99.0 99.00
2016 02 11 04 50  75  9.5 10.9  2.77  9.09  6.74  86 1017.4  25.6  26.2  20.6 99.0 99.00
2016 02 11 05 50  70  8.1  9.7  2.73 14.81  6.97 338 1017.1  25.4  26.2  21.3 99.0 99.00
2016 02 11 06 50  72  8.5 10.1  2.78 14.81  6.97 351 1016.8  25.4  26.2  21.6 99.0 99.00
2016 02 11 07 50  71  9.3 10.7  2.82  9.09  6.88  78 1016.7  25.4  26.1  20.6 99.0 99.00
2016 02 11 08 50  83  7.5  8.9  2.82 14.81  6.83 323 1017.1  25.4  26.1  21.2 99.0 99.00
2016 02 11 09 50  83  8.4 10.3  2.60  9.09  6.86  92 1017.3  25.4  26.1  20.9 99.0 99.00
2016 02 11 10 50  72  9.1 10.8  2.85  9.09  7.10  74 1017.8  25.5  26.1  20.9 99.0 99.00
2016 02 11 11 50  62  9.5 11.1  2.67 12.90  6.63 326 1018.3  25.6  26.1  20.5 99.0 99.00
2016 02 11 12 50  64  8.6 10.2  2.68 14.81  6.66 325 1018.7  25.7  26.1  20.7 99.0 99.00
2016 02 11 13 50  67  8.5 10.2  2.62  9.09  6.73  84 1018.4  25.7  26.2  20.8 99.0 99.00
2016 02 11 14 50  55  9.2 10.8  2.63  9.09  6.84  89 1017.4  25.7  26.2  21.4 99.0 99.00
2016 02 11 15 50  69  9.6 11.1  2.61 13.79  6.86 334 1016.6  25.7  26.2  21.2 99.0 99.00
2016 02 11 16 50  73  8.7 10.1  2.67  8.33  6.84  85 1016.1  25.7  26.2  20.8 99.0 99.00
2016 02 11 17 50  76  8.3 10.1  2.61  9.09  6.66  73 1015.7  25.8  26.2  20.3 99.0 99.00
2016 02 11 18 50  75  7.7  9.9  2.44  8.33  6.39  84 1015.5  25.9  26.2  20.9 99.0 99.00
2016 02 11 19 50  73  8.0 10.1  2.53  9.09  6.68  90 1015.8  25.8  26.2  20.8 99.0 99.00
2016 02 11 20 50  84  7.5  9.1  2.53  9.09  6.63  77 1016.2  25.8  26.2  21.1 99.0 99.00
2016 02 11 21 50  75  6.6  7.9  2.54 12.90  6.90 337 1016.5  25.7  26.2  21.1 99.0 99.00
2016 02 11 22 50  80  8.1  9.8  2.29  9.09  6.46  83 1016.8  25.8  26.2  21.5 99.0 99.00
2016 02 11 23 50  81  6.9  8.1  2.37  8.33  6.52  90 1017.4  25.7  26.2  21.1 99.0 99.00
2016 02 12 00 50  67  7.3  9.0  2.54  9.09  6.86  83 1017.3  25.6  26.1  21.6 99.0 99.00
2016 02 12 01 50  76  7.1  8.6  2.33  9.09  6.73  81 1017.5  25.8  26.1  21.2 99.0 99.00
2016 02 12 02 50  84  7.0  8.6  2.17  9.09  6.32  71 1017.3  25.7  26.1  21.3 99.0 99.00
2016 02 12 03 50  82  7.8  9.3  2.40  9.09  6.56  82 1016.8  25.7  26.1  20.7 99.0 99.00
2016 02 12 04 50  71  6.4  8.1  2.40  8.33  6.61  80 1016.4  25.5  26.1  21.2 99.0 99.00
2016 02 12 05 50  74  7.4  8.6  2.51  9.09  6.85  76 1015.7  25.4  26.1  21.0 99.0 99.00
2016 02 12 06 50  71  7.3  8.8  2.52  9.09  6.82  86 1015.8  25.4  26.1  20.8 99.0 99.00
2016 02 12 07 50  64  6.7  8.0  2.37  8.33  6.69  82 1016.2  25.3  26.1  20.7 99.0 99.00
2016 02 12 08 50  69  7.3  8.8  2.27  9.09  6.37  83 1016.4  25.4  26.1  20.8 99.0 99.00
2016 02 12 09 50  71  6.3  7.5  2.22  9.09  6.62  90 1017.2  25.4  26.1  20.4 99.0 99.00
2016 02 12 10 50  77  6.5  7.8  2.13  9.09  6.56  76 1017.7  25.5  26.1  20.6 99.0 99.00
2016 02 12 11 50  76  8.8 10.2  2.19  9.09  6.47  73 1017.7  25.8  26.1  20.3 99.0 99.00
2016 02 12 12 50  69  8.7 10.2  2.30  8.33  6.48  83 1018.3  25.7  26.1  20.8 99.0 99.00
2016 02 12 13 50  79  8.5  9.7  2.21  9.09  6.35  84 1018.7  25.8  26.1  20.8 99.0 99.00
2016 02 12 14 50  72  8.3 10.0  2.16  9.09  6.26  78 1018.4  25.8  26.1  20.8 99.0 99.00
2016 02 12 15 50  75  8.2  9.6  2.19  9.09  6.22  71 1017.7  25.8  26.2  21.0 99.0 99.00
2016 02 12 16 50  82  8.2 10.1  2.26  9.09  6.29  83 1016.6  25.8  26.2  20.6 99.0 99.00
2016 02 12 17 50  84  8.4  9.8  2.26  9.09  6.19  76 1015.7  25.8  26.2  20.4 99.0 99.00
2016 02 12 18 50  85  8.8 10.4  2.25  9.09  6.22  78 1015.1  25.9  26.2  20.7 99.0 99.00
2016 02 12 19 50  84  8.6 10.3  2.45  9.09  6.51  73 1015.3  25.8  26.2  20.8 99.0 99.00
2016 02 12 20 50  79  8.8 10.6  2.47  9.09  6.46  71 1015.7  25.8  26.1  20.6 99.0 99.00
2016 02 12 21 50  83  8.6 10.1  2.60  9.09  6.54  90 1015.9  25.7  26.1  20.7 99.0 99.00
2016 02 12 22 50  76  9.1 10.5  2.32  9.09  6.25  77 1016.3  25.7  26.1  20.7 99.0 99.00
2016 02 12 23 50  79  9.2 11.2  2.34 10.00  6.25  63 1016.8  25.8  26.1  20.0 99.0 99.00
2016 02 13 00 50  78  9.5 11.5  2.56  9.09  6.44  78 1016.8  25.8  26.1  19.3 99.0 99.00
2016 02 13 01 50  83  9.0 11.1  2.54  9.09  6.77  71 1016.8  25.7  26.1  19.8 99.0 99.00
2016 02 13 02 50  92  8.8 10.4  2.73  9.09  6.65  72 1016.6  25.7  26.1  19.6 99.0 99.00
2016 02 13 03 50  86  7.7  9.3  2.62 10.00  6.57  69 1016.5  25.6  26.1  20.2 99.0 99.00
2016 02 13 04 50  70  8.0 10.1  2.49  9.09  6.45  81 1015.8  24.8  26.1  20.2 99.0 99.00
2016 02 13 05 50  86  8.2 10.0  2.56  9.09  6.54  78 1015.2  25.4  26.1  20.0 99.0 99.00
2016 02 13 06 50  83  8.4 10.0  2.36 10.00  6.60  73 1014.5  25.3  26.1  20.2 99.0 99.00
2016 02 13 07 50  73  8.2  9.8  2.62  9.09  6.85  77 1014.2  25.3  26.1  20.4 99.0 99.00
2016 02 13 08 50  84  8.8 10.5  2.61  9.09  6.74  80 1014.5  25.4  26.0  20.4 99.0 99.00
2016 02 13 09 50 103  8.7 10.4  2.49  9.09  6.68  75 1015.1  25.2  26.0  20.7 99.0 99.00
2016 02 13 10 50  98  9.5 11.4  2.41  9.09  6.43  70 1015.6  25.6  26.0  20.0 99.0 99.00
2016 02 13 11 50  89 10.2 11.8  2.59 10.00  6.40  74 1015.8  25.7  26.0  19.6 99.0 99.00
2016 02 13 12 50  88  9.6 11.3  2.70 10.00  6.53  60 1016.5  25.8  26.1  20.7 99.0 99.00
2016 02 13 13 50  83  9.8 11.9  2.73 10.00  6.48  78 1016.8  25.5  26.1  20.9 99.0 99.00
2016 02 13 14 50  79  9.5 12.0  2.81 10.00  6.71  90 1016.6  25.6  26.1  20.3 99.0 99.00
2016 02 13 15 50  84  9.0 11.0  2.99 10.00  6.96  70 1016.3  25.1  26.1  20.4 99.0 99.00
2016 02 13 16 50  94  8.4  9.8  3.04 10.00  6.95  83 1015.4  25.4  26.1  20.9 99.0 99.00
2016 02 13 17 50 101  7.5  9.6  2.90  9.09  6.75  81 1014.8  25.5  26.2  20.8 99.0 99.00
2016 02 13 18 50 100  7.9  9.7  3.03 10.00  7.21  80 1014.4  25.8  26.2  20.5 99.0 99.00
2016 02 13 19 50  95  8.3  9.8  2.75 10.00  6.83  81 1014.5  26.0  26.2  20.4 99.0 99.00
2016 02 13 20 50  88  8.5  9.7  3.00 10.00  7.24  77 1014.7  25.9  26.1  20.3 99.0 99.00
2016 02 13 21 50 119 10.2 12.8  3.11 10.00  7.32  78 1015.1  24.8  26.1  21.0 99.0 99.00
2016 02 13 22 50 108  7.5  9.3  2.80 10.00  6.98  80 1015.7  25.2  26.1  20.2 99.0 99.00
2016 02 13 23 50  96  8.3 10.2  2.93 10.00  7.16  85 1016.2  25.5  26.1  20.7 99.0 99.00
2016 02 14 00 50  85  8.5 12.1  3.11 10.00  7.31  82 1016.5  25.6  26.1  20.7 99.0 99.00
2016 02 14 01 50 106  4.9  6.5  2.93 10.81  7.16  76 1016.9  24.1  26.0  20.7 99.0 99.00
2016 02 14 02 50  89  9.3 11.0  2.93  9.09  7.18  78 1016.1  25.7  26.0  20.9 99.0 99.00
2016 02 14 03 50  86  9.5 11.6  2.53 10.00  6.68  83 1015.8  25.7  26.0  21.0 99.0 99.00
2016 02 14 04 50  89 10.0 11.7  2.97 10.00  7.08  81 1015.2  25.6  26.0  20.9 99.0 99.00
2016 02 14 05 50  89  8.8 10.7  3.20  9.09  7.09  85 1014.5  25.5  26.0  20.8 99.0 99.00
2016 02 14 06 50  81  9.5 10.9  2.85  9.09  6.85  76 1014.0  25.5  26.0  20.4 99.0 99.00
2016 02 14 07 50  86  9.0 11.1  2.90 10.81  6.94  81 1013.7  25.6  26.0  20.6 99.0 99.00
2016 02 14 08 50  86  8.8 10.5  2.74 10.00  6.66  76 1014.1  25.4  26.0  20.4 99.0 99.00
2016 02 14 09 50  90  8.2  9.9  2.81 10.81  6.94  73 1014.6  25.5  26.0  20.3 99.0 99.00
2016 02 14 10 50  84  8.3 10.2  2.80 10.81  6.76  46 1014.8  25.6  26.0  20.2 99.0 99.00
2016 02 14 11 50  68  8.6 10.2  2.92 10.00  7.26  69 1015.3  25.0  26.0  20.0 99.0 99.00
2016 02 14 12 50  82  7.9  9.6  2.84 10.00  7.10  78 1016.3  25.4  26.0  20.9 99.0 99.00
2016 02 14 13 50  86  9.0 10.9  2.87 10.00  7.01  90 1016.2  25.8  26.0  19.8 99.0 99.00
2016 02 14 14 50  79  7.8  9.1  3.01 10.00  7.11  79 1016.0  25.6  26.1  20.7 99.0 99.00
2016 02 14 15 50  85  7.9  9.7  2.96 10.00  7.17  87 1015.3  25.6  26.1  20.3 99.0 99.00
2016 02 14 16 50  88  7.9  9.6  2.91 10.81  7.03  80 1014.4  25.6  26.1  20.5 99.0 99.00
2016 02 14 17 50  88  7.2  8.8  2.69 10.00  7.02  75 1013.7  25.7  26.1  20.9 99.0 99.00
2016 02 14 18 50  88  6.5  8.1  2.98 10.00  7.33  78 1013.6  25.7  26.2  21.0 99.0 99.00
2016 02 14 19 50  94  6.8  8.5  2.79 10.00  7.18  75 1013.6  25.8  26.2  20.8 99.0 99.00
2016 02 14 20 50  92  8.0  9.8  2.59 10.81  6.82  74 1013.6  25.8  26.1  20.4 99.0 99.00
2016 02 14 21 50  92  7.3  8.8  2.67 10.81  7.04  77 1014.0  25.6  26.1  20.5 99.0 99.00
2016 02 14 22 50  84  7.7  9.3  2.57 10.00  7.02  77 1014.5  25.7  26.1  20.6 99.0 99.00
2016 02 14 23 50  83  7.6  9.9  2.46 10.81  7.08  64 1015.1  25.7  26.1  20.7 99.0 99.00
2016 02 15 00 50  89  8.2  9.9  2.37 10.00  6.60  77 1015.5  25.6  26.1  20.8 99.0 99.00
2016 02 15 01 50  90  8.4  9.9  2.55 10.00  6.88  88 1015.8  25.6  26.0  20.8 99.0 99.00
2016 02 15 02 50  92  8.0  9.7  2.44 10.00  6.66  88 1015.5  25.5  26.0  20.7 99.0 99.00
2016 02 15 03 50  87  7.8  9.3  2.73 10.81  7.10  61 1015.4  25.6  26.0  20.4 99.0 99.00
2016 02 15 04 50  90  7.4  8.5  2.57 10.81  6.80  84 1015.1  25.4  26.0  20.2 99.0 99.00
2016 02 15 05 50  82  8.0  9.6  2.68 10.00  7.13  79 1014.0  25.3  26.0  20.8 99.0 99.00
2016 02 15 06 50  72  7.9  9.7  2.65 10.00  7.06  87 1013.9  25.3  26.0  20.9 99.0 99.00
2016 02 15 07 50  82  8.1  9.7  2.46 10.81  6.95  82 1013.3  25.2  26.0  20.7 99.0 99.00
2016 02 15 08 50  79  7.7  9.2  2.50  9.09  6.76  83 1013.5  25.3  26.0  21.0 99.0 99.00
2016 02 15 09 50  86  8.1  9.6  2.58 10.81  6.91  74 1014.1  25.3  26.0  21.2 99.0 99.00
2016 02 15 10 50  78  8.0  9.5  2.67 10.00  7.18  76 1014.8  25.4  26.0  21.4 99.0 99.00
2016 02 15 11 50  80  8.1  9.9  2.54 10.00  6.94  67 1015.3  25.7  26.0  21.7 99.0 99.00
2016 02 15 12 50  79  8.3 10.2  2.41 10.81  6.83  79 1015.6  25.8  26.0  22.0 99.0 99.00
2016 02 15 13 50  90  9.3 10.8  2.84 10.00  7.12  74 1016.1  23.9  26.1  21.5 99.0 99.00
2016 02 15 15 50  82  8.3  9.7  2.43  9.09  6.38  73 1015.3  25.1  26.1  22.0 99.0 99.00
2016 02 15 16 50  83  7.9  9.1  2.56 10.81  7.14  93 1014.4  25.2  26.1  23.1 99.0 99.00
2016 02 15 17 50 104  7.8  9.0  2.31 10.81  6.62  73 1013.6  26.0  26.1  22.8 99.0 99.00
2016 02 15 18 50  92  7.9  9.3  2.43 10.81  6.72  75 1013.2  26.0  26.2  22.7 99.0 99.00
2016 02 15 19 50  91  7.1  8.8  2.48 10.81  6.52  75 1013.4  26.1  26.2  22.8 99.0 99.00
2016 02 15 20 50  91  7.9  9.2  2.72 10.00  7.29  85 1013.6  26.0  26.2  22.7 99.0 99.00
2016 02 15 21 50  87  7.9  9.4  2.50 10.81  6.91  84 1014.3  25.9  26.2  22.7 99.0 99.00
2016 02 15 22 50  81  7.9  9.6  2.50 10.00  7.01  78 1014.9  26.0  26.2  22.8 99.0 99.00
2016 02 15 23 50  75  8.1 10.1  2.43 10.81  6.84  74 1015.0  25.9  26.2  23.0 99.0 99.00
2016 02 16 00 50  79  8.8 10.2  2.34 10.81  6.70  76 1015.4  25.9  26.2  23.0 99.0 99.00
2016 02 16 01 50  83  8.5 10.3  2.46 10.81  6.67  71 1015.7  25.8  26.2  23.0 99.0 99.00
2016 02 16 02 50  95  7.9  9.5  2.44 10.00  6.68  81 1015.4  25.1  26.2  23.0 99.0 99.00
2016 02 16 03 50 100  8.4 10.3  2.49 11.43  6.52  65 1015.1  25.4  26.2  23.0 99.0 99.00
2016 02 16 04 50  96  8.1  9.6  2.62 11.43  6.81  60 1014.8  24.9  26.2  22.3 99.0 99.00
2016 02 16 05 50 105  6.9  8.2  2.49 10.81  6.63  79 1014.4  25.2  26.2  21.4 99.0 99.00
2016 02 16 06 50  89  5.2  6.4  2.78 10.00  7.00  78 1014.1  25.4  26.2  22.5 99.0 99.00
2016 02 16 07 50  92  7.4  9.0  2.25 10.81  6.65  91 1013.8  25.2  26.2  22.8 99.0 99.00
2016 02 16 08 50  87  7.7  9.6  2.44 10.81  6.88  77 1013.9  25.3  26.2  22.5 99.0 99.00
2016 02 16 09 50  88  7.6  9.1  2.43 10.81  6.59  78 1014.5  25.4  26.2  22.9 99.0 99.00
2016 02 16 10 50  90  7.6  9.2  2.46 10.00  6.85  80 1015.0  25.2  26.2  22.7 99.0 99.00
2016 02 16 11 50  77  7.6  9.1  2.42 10.81  6.62  70 1015.4  25.6  26.2  21.7 99.0 99.00
2016 02 16 12 50  82  6.5  8.4  2.40 10.81  6.65  75 1016.3  25.8  26.3  22.5 99.0 99.00
2016 02 16 13 50  83  6.7  8.3  2.29  9.09  6.46  69 1016.3  25.9  26.3  22.9 99.0 99.00
2016 02 16 14 50  81  7.3  9.0  2.56 10.81  6.85  77 1015.7  25.9  26.3  23.2 99.0 99.00
2016 02 16 15 50  82  7.6  9.3  2.40 10.81  6.56  73 1014.8  25.8  26.4  23.0 99.0 99.00
2016 02 16 16 50  74  7.8  9.3  2.68  9.09  6.68  74 1014.0  25.9  26.4  22.9 99.0 99.00
2016 02 16 17 50  81  8.0  9.4  2.37 10.81  6.38  85 1013.3  25.9  26.4  22.7 99.0 99.00
2016 02 16 18 50  81  7.8  9.4  2.30  8.33  6.27  87 1013.0  26.0  26.4  22.8 99.0 99.00
2016 02 16 19 50  82  8.4 10.2  2.50 10.00  6.39  84 1013.0  26.1  26.4  22.5 99.0 99.00
2016 02 16 20 50  83  9.0 11.4  2.37 10.81  6.40  87 1013.4  25.7  26.4  22.3 99.0 99.00
2016 02 16 21 50  84  8.5 10.0  2.37  9.09  6.39  85 1014.1  25.9  26.3  22.2 99.0 99.00
2016 02 16 22 50  78  8.3 10.1  2.31 10.00  6.36  83 1014.5  25.8  26.3  22.7 99.0 99.00
2016 02 16 23 50  77  8.1 10.1  2.27 10.81  6.22  86 1015.0  25.6  26.3  22.7 99.0 99.00
2016 02 17 00 50  85  8.7 10.6  2.19  9.09  6.12  81 1015.4  25.9  26.3  22.4 99.0 99.00
2016 02 17 01 50  82  9.1 10.8  2.28 10.00  6.05  79 1015.4  25.9  26.3  22.3 99.0 99.00
2016 02 17 02 50  86  9.2 10.6  2.43 10.00  6.34  81 1015.3  25.9  26.3  22.2 99.0 99.00
2016 02 17 03 50  86  8.3 10.5  2.40 10.00  6.33  83 1014.9  25.7  26.3  22.5 99.0 99.00
2016 02 17 04 50  79  8.7 12.3  2.56  9.09  6.49  80 1014.4  25.5  26.3  22.2 99.0 99.00
2016 02 17 05 50  87  8.8 10.7  2.50 10.00  6.26  77 1013.6  25.8  26.2  22.0 99.0 99.00
2016 02 17 06 50  88  9.4 10.9  2.49 10.81  6.35  86 1013.3  25.7  26.2  21.8 99.0 99.00
2016 02 17 07 50  86  9.2 11.3  2.44 10.00  6.43  79 1013.4  25.7  26.2  21.9 99.0 99.00
2016 02 17 08 50  91  9.7 11.5  2.54  9.09  6.52  92 1013.9  25.6  26.2  21.8 99.0 99.00
2016 02 17 09 50  86  9.9 11.8  2.44 10.00  6.45  85 1014.4  25.8  26.2  21.5 99.0 99.00
2016 02 17 10 50  85  9.5 11.5  2.44 10.00  6.30  84 1014.9  25.9  26.2  21.6 99.0 99.00
2016 02 17 11 50  84  8.4 10.1  2.54  9.09  6.61  85 1015.8  26.0  26.2  21.9 99.0 99.00
2016 02 17 12 50  83  7.9  9.7  2.55 10.00  6.54  79 1016.5  25.5  26.2  21.4 99.0 99.00
2016 02 17 13 50  84  8.5 10.4  2.44 12.12  6.46 350 1016.6  26.0  26.3  21.8 99.0 99.00
2016 02 17 14 50  90  8.9 10.9  2.56 10.00  6.67  77 1016.0  25.9  26.3  21.7 99.0 99.00
2016 02 17 15 50  91  8.4 10.1  2.52 10.81  6.50  72 1015.3  26.0  26.3  21.7 99.0 99.00
2016 02 17 16 50  93  8.6 10.1  2.40 10.00  6.45  76 1014.6  25.9  26.3  21.6 99.0 99.00
2016 02 17 17 50  95  7.6  8.9  2.61 10.00  6.61  91 1014.2  25.7  26.3  22.0 99.0 99.00
2016 02 17 18 50  86  8.3 10.0  2.75 10.00  6.88  75 1014.0  26.0  26.3  21.3 99.0 99.00
2016 02 17 19 50  89  7.8  9.1  2.77  7.69  6.98  98 1014.2  25.8  26.3  21.7 99.0 99.00
2016 02 17 20 50  90  8.2  9.8  2.39 12.12  6.62 321 1014.5  26.0  26.3  21.0 99.0 99.00
2016 02 17 21 50  78  8.4 10.2  2.72 10.00  7.08  89 1014.7  25.8  26.3  21.0 99.0 99.00
2016 02 17 22 50  91  8.6  9.9  2.66 12.12  7.01 343 1015.3  25.8  26.3  21.1 99.0 99.00
2016 02 17 23 50  84  9.9 11.4  2.77 10.00  6.89  86 1015.8  25.7  26.3  21.0 99.0 99.00
2016 02 18 00 50  81  9.2 11.3  2.51 10.00  6.70  78 1016.2  25.7  26.3  21.2 99.0 99.00
2016 02 18 01 50  84  8.9 10.5  2.73 10.00  6.83  81 1016.6  25.7  26.3  21.1 99.0 99.00
2016 02 18 02 50  87  8.0  9.4  2.81 10.81  6.97  75 1016.5  25.6  26.3  20.9 99.0 99.00
2016 02 18 03 50  79  7.4  9.3  2.70 12.12  6.81  19 1016.2  25.4  26.3  21.6 99.0 99.00
2016 02 18 04 50  77  8.9 11.4  2.50  8.33  6.53  88 1015.5  25.4  26.3  21.4 99.0 99.00
2016 02 18 05 50  80  8.6 10.7  2.55 10.00  6.61  74 1015.0  25.5  26.3  21.6 99.0 99.00
2016 02 18 06 50  81  9.7 11.5  2.63 10.00  6.77  72 1014.4  25.5  26.3  20.5 99.0 99.00
2016 02 18 07 50  83  9.5 11.4  2.43 10.81  6.46  82 1014.2  25.5  26.3  20.7 99.0 99.00
2016 02 18 08 50  92  9.2 10.9  2.60 10.00  6.56  86 1014.7  25.4  26.3  20.7 99.0 99.00
2016 02 18 09 50  86  9.1 10.9  2.84 10.00  6.86  85 1015.3  25.6  26.3  20.7 99.0 99.00
2016 02 18 10 50  84  8.0  9.6  2.56 10.00  6.53  91 1016.1  25.6  26.3  20.8 99.0 99.00
2016 02 18 11 50  99  7.6  8.4  2.70  7.69  6.74  96 1016.6  25.8  26.3  20.9 99.0 99.00
2016 02 18 12 50 101  8.6 10.6  2.72 10.81  6.87  63 1017.1  26.0  26.3  21.3 99.0 99.00
2016 02 18 13 50  91  8.0  9.4  2.42 10.81  6.51  58 1017.4  25.2  26.3  21.7 99.0 99.00
2016 02 18 14 50  93  8.9 10.9  2.56 10.00  6.43  82 1016.8  25.9  26.3  20.9 99.0 99.00
2016 02 18 15 50  95  8.7 13.1  2.42 10.00  6.29  74 1015.8  25.9  26.4  21.4 99.0 99.00
2016 02 18 16 50  92  9.0 11.0  2.44  9.09  6.40  69 1015.0  25.9  26.4  21.1 99.0 99.00
2016 02 18 17 50  90  7.9  9.8  2.25  8.33  6.13 103 1014.4  25.8  26.4  21.3 99.0 99.00
2016 02 18 18 50  84  8.1  9.4  2.42  9.09  6.39  69 1013.9  25.8  26.4  21.1 99.0 99.00
2016 02 18 19 50  89  7.7  9.2  2.62 10.00  6.81  88 1013.5  25.9  26.4  21.0 99.0 99.00
2016 02 18 20 50  85  8.3  9.9  2.25 10.00  6.36  79 1013.3  25.7  26.4  21.5 99.0 99.00
2016 02 18 21 50  87  7.6  8.7  2.41  7.69  6.27  84 1013.7  25.5  26.4  21.0 99.0 99.00
2016 02 18 22 50  82  8.3 10.4  2.38 10.00  6.51  77 1014.2  25.7  26.3  21.7 99.0 99.00
2016 02 18 23 50  79  9.3 11.1  2.47 10.81  6.51  66 1015.0  25.9  26.3  20.5 99.0 99.00
2016 02 19 00 50  82  8.8 10.8  2.55 10.81  6.77  76 1015.5  25.7  26.3  20.5 99.0 99.00
2016 02 19 01 50  77  8.8 10.7  2.56 10.00  6.77  93 1015.7  25.6  26.3  20.8 99.0 99.00
2016 02 19 02 50  74  8.1  9.5  2.57 10.81  6.63  73 1015.6  25.5  26.3  21.0 99.0 99.00
2016 02 19 03 50  82  8.5 10.0  2.63 10.00  6.81  80 1015.1  25.4  26.3  21.2 99.0 99.00
2016 02 19 04 50  82  8.0  9.6  2.58 10.00  6.72  80 1014.8  25.4  26.3  21.1 99.0 99.00
2016 02 19 05 50  82  7.8  9.3  2.55 10.00  6.66  78 1014.2  25.4  26.3  21.1 99.0 99.00
2016 02 19 06 50  85  8.8 10.6  2.55 10.00  6.49  62 1013.8  25.2  26.3  20.8 99.0 99.00
2016 02 19 07 50  90  8.7 10.1  2.44  7.69  6.57  80 1013.5  25.4  26.3  20.8 99.0 99.00
2016 02 19 08 50  83  9.5 11.3  2.85 10.81  6.91  77 1014.0  25.3  26.3  20.9 99.0 99.00
2016 02 19 09 50  87  8.7 10.2  2.58 10.81  6.67  91 1014.5  25.3  26.3  20.6 99.0 99.00
2016 02 19 10 50  93  8.3  9.8  2.72 10.81  7.02  72 1015.1  25.4  26.3  20.6 99.0 99.00
2016 02 19 11 50  92  7.8  9.4  2.53 10.81  6.65  75 1015.5  25.5  26.3  21.3 99.0 99.00
2016 02 19 12 50  92  8.3  9.6  2.85 10.81  7.05  84 1016.2  25.7  26.3  20.9 99.0 99.00
2016 02 19 13 50  91  7.4  8.6  2.68 10.81  6.98  78 1016.7  25.7  26.3  21.2 99.0 99.00
2016 02 19 14 50  94  6.3  7.5  2.49 10.81  6.80  71 1016.5  25.5  26.4  21.3 99.0 99.00
2016 02 19 15 50  93  6.5  7.7  2.33 11.43  6.86  80 1015.6  25.6  26.4  21.4 99.0 99.00
2016 02 19 16 50  89  6.3  7.6  2.48 10.81  6.89  79 1014.5  25.4  26.5  21.3 99.0 99.00
2016 02 19 17 50  92  5.4  7.0  2.45 10.81  6.81  76 1013.5  25.7  26.5  21.0 99.0 99.00
2016 02 19 18 50  92  5.8  7.0  2.63 10.00  7.39  80 1013.1  25.6  26.5  21.0 99.0 99.00
2016 02 19 19 50  87  5.7  6.9  2.33 10.81  7.05  75 1013.2  25.7  26.5  21.3 99.0 99.00
2016 02 19 20 50  97  5.6  7.1  2.51 10.00  7.40  72 1013.5  25.8  26.5  20.9 99.0 99.00
2016 02 19 21 50  88  5.8  7.2  2.26 10.81  7.07  52 1013.6  25.6  26.5  21.1 99.0 99.00
2016 02 19 22 50  87  6.4  7.9  2.51 11.43  7.46  63 1014.0  25.6  26.4  20.9 99.0 99.00
2016 02 19 23 50  85  6.6  8.0  2.50 11.43  7.27  77 1014.5  25.5  26.4  21.2 99.0 99.00
2016 02 20 00 50  97  7.4  8.9  2.73 11.43  7.59  61 1014.6  25.5  26.4  21.1 99.0 99.00
2016 02 20 01 50  97  6.7  8.1  2.43 10.00  7.09  79 1014.9  25.6  26.4  21.0 99.0 99.00
2016 02 20 02 50  98  6.9  8.5  2.76 10.00  7.54  69 1014.7  25.5  26.4  21.0 99.0 99.00
2016 02 20 03 50  95  7.0  8.2  2.74 11.43  7.52  77 1014.3  25.4  26.4  21.1 99.0 99.00
2016 02 20 04 50  97  6.5  7.6  2.53 10.81  7.37  76 1013.8  25.3  26.4  20.5 99.0 99.00
2016 02 20 05 50  91  6.3  7.5  2.76 11.43  7.61  69 1013.6  25.3  26.4  20.7 99.0 99.00
2016 02 20 06 50 102  5.9  7.6  2.77 11.43  7.83  65 1013.1  25.2  26.4  20.5 99.0 99.00
2016 02 20 07 50 104  5.7  7.1  2.60 11.43  7.47  78 1012.6  25.2  26.4  20.8 99.0 99.00
2016 02 20 08 50 102  6.4  8.0  2.79 10.81  7.85  72 1012.2  25.1  26.4  20.9 99.0 99.00
2016 02 20 09 50  97  6.0  7.0  2.81 11.43  7.75  79 1013.0  25.2  26.4  20.6 99.0 99.00
2016 02 20 10 50  99  6.8  7.9  2.71 11.43  7.79  76 1013.6  25.4  26.4  20.9 99.0 99.00
2016 02 20 11 50  94  6.6  7.7  2.90 11.43  7.98  77 1014.1  25.5  26.4  21.0 99.0 99.00
2016 02 20 12 50 107  6.9  8.5  2.66 10.81  7.88  74 1014.8  25.7  26.4  20.9 99.0 99.00
2016 02 20 13 50  98  6.3  7.6  2.55 11.43  7.66  74 1015.1  25.8  26.5  21.3 99.0 99.00
2016 02 20 14 50  92  6.7  7.9  2.77 11.43  7.90  83 1015.0  25.6  26.5  21.1 99.0 99.00
2016 02 20 15 50  91  4.6  6.2  2.78 11.43  7.87  76 1014.5  25.6  26.6  20.2 99.0 99.00
2016 02 20 16 50  90  3.7  4.9  2.65 11.43  7.51  78 1013.6  25.7  26.7  21.0 99.0 99.00
2016 02 20 17 50  87  4.6  6.0  2.74 11.43  7.73  73 1012.5  25.7  26.7  21.4 99.0 99.00
2016 02 20 18 50  84  5.5  7.0  2.71 10.81  7.85  59 1011.9  25.7  26.8  21.2 99.0 99.00
2016 02 20 19 50  88  5.5  6.7  2.71 11.43  7.86  72 1012.1  25.8  26.7  20.7 99.0 99.00
2016 02 20 20 50  99  5.8  7.2  2.63 11.43  7.86  69 1012.4  25.9  26.6  20.5 99.0 99.00
2016 02 20 21 50  93  4.8  6.1  2.60 11.43  7.97  84 1013.1  25.7  26.6  20.9 99.0 99.00
2016 02 20 22 50  90  4.8  6.2  2.44 11.43  7.72  80 1013.9  25.5  26.5  20.9 99.0 99.00
2016 02 20 23 50  79  4.5  5.7  2.96 11.43  8.56  77 1014.1  25.6  26.5  20.7 99.0 99.00
2016 02 21 00 50  84  4.5  6.2  2.90 12.12  8.36  75 1014.3  25.5  26.5  21.0 99.0 99.00
2016 02 21 01 50  83  4.9  6.3  2.99 11.43  8.68  74 1014.5  25.5  26.5  20.9 99.0 99.00
2016 02 21 02 50  77  5.5  6.4  2.74 11.43  8.29  76 1014.5  25.4  26.4  20.5 99.0 99.00
2016 02 21 03 50  85  6.0  7.3  3.00 10.81  8.51  75 1014.0  25.3  26.4  20.4 99.0 99.00
2016 02 21 04 50  84  5.7  7.3  2.86 11.43  8.53  76 1013.3  25.3  26.4  20.6 99.0 99.00
2016 02 21 05 50  90  5.2  6.5  2.71 11.43  8.24  72 1012.6  25.2  26.4  20.7 99.0 99.00
2016 02 21 06 50  80  6.5  8.3  2.90 12.12  8.52  73 1011.9  25.2  26.4  20.7 99.0 99.00
2016 02 21 07 50  91  6.2  7.6  2.56 12.12  7.80  70 1011.7  25.2  26.4  20.8 99.0 99.00
2016 02 21 08 50  82  6.5  8.6  2.55 12.12  7.96  69 1011.8  25.1  26.4  20.6 99.0 99.00
2016 02 21 09 50  90  6.6  8.3  2.68 12.12  7.90  68 1012.4  25.2  26.4  20.6 99.0 99.00
2016 02 21 10 50  88  6.8  8.3  2.85 12.12  8.54  73 1013.0  25.4  26.4  20.8 99.0 99.00
2016 02 21 11 50  91  6.4  7.7  2.96 12.12  8.64  76 1013.5  25.6  26.4  20.8 99.0 99.00
2016 02 21 12 50 105  5.9  7.0  2.61 12.12  7.90  77 1014.0  25.8  26.4  21.0 99.0 99.00
2016 02 21 13 50  98  6.5  7.7  2.93 12.90  8.60  75 1014.2  25.7  26.5  20.7 99.0 99.00
2016 02 21 14 50  86  5.8  7.4  2.71 12.90  8.34  72 1013.6  25.7  26.5  21.3 99.0 99.00
2016 02 21 15 50  94  6.1  7.3  2.81 12.12  8.28  82 1013.0  25.7  26.6  21.2 99.0 99.00
2016 02 21 16 50  90  6.4  7.9  2.95 12.12  8.69  75 1012.2  25.6  26.6  20.9 99.0 99.00
2016 02 21 17 50  91  6.6  7.8  2.85 12.12  8.22  83 1011.3  25.7  26.6  20.9 99.0 99.00
2016 02 21 18 50  87  6.4  7.5  2.90 12.12  8.42  85 1010.9  25.7  26.6  20.8 99.0 99.00
2016 02 21 19 50  85  6.0  7.4  3.05 12.12  8.80  76 1011.1  25.8  26.6  21.0 99.0 99.00
2016 02 21 20 50  79  5.9  7.4  2.81 12.12  8.39  81 1011.5  25.7  26.6  21.0 99.0 99.00
2016 02 21 21 50  87  6.5  8.2  2.49 12.12  7.77  84 1011.7  25.7  26.6  20.6 99.0 99.00
2016 02 21 22 50  92  6.4  8.0  2.78 12.12  8.36  80 1012.4  25.6  26.5  20.5 99.0 99.00
2016 02 21 23 50  93  6.9  8.3  2.73 11.43  8.35  82 1013.2  25.6  26.5  21.0 99.0 99.00
2016 02 22 00 50 100  6.7  7.9  2.49 12.90  7.96  72 1013.6  25.5  26.5  21.0 99.0 99.00
2016 02 22 01 50  81  6.4  8.1  2.77 11.43  8.19  80 1013.7  25.5  26.4  20.6 99.0 99.00
2016 02 22 02 50  90  6.4  8.3  2.51 12.12  7.68  75 1013.7  25.4  26.4  20.8 99.0 99.00
2016 02 22 03 50  82  6.3  7.7  2.60 12.12  7.91  76 1013.4  25.4  26.4  20.7 99.0 99.00
2016 02 22 04 50  86  6.1  7.5  2.58 12.12  7.84  68 1013.0  25.4  26.4  20.9 99.0 99.00
2016 02 22 05 50  78  6.9  8.5  2.53 11.43  7.90  75 1012.3  25.3  26.4  20.7 99.0 99.00
2016 02 22 06 50  87  6.2  7.3  2.58 12.12  7.94  68 1011.9  25.2  26.4  20.8 99.0 99.00
2016 02 22 07 50  84  6.3  7.7  2.58 12.12  7.69  65 1011.7  25.2  26.4  20.1 99.0 99.00
2016 02 22 08 50  86  6.1  7.4  2.76 12.12  8.25  66 1011.9  25.2  26.4  20.7 99.0 99.00
2016 02 22 09 50  81  5.5  7.2  2.55 12.12  7.72  61 1012.5  25.2  26.4  20.9 99.0 99.00
2016 02 22 10 50  85  6.6  9.3  2.52 11.43  7.76  67 1013.2  25.3  26.4  20.4 99.0 99.00
2016 02 22 11 50  95  6.3  7.5  2.44 12.12  7.44  64 1014.0  25.5  26.4  20.7 99.0 99.00
2016 02 22 12 50  98  6.8  8.4  2.59 12.12  7.74  60 1014.5  25.7  26.4  20.3 99.0 99.00
2016 02 22 13 50 100  6.7  7.9  2.67 11.43  7.85  49 1014.8  25.7  26.5  20.3 99.0 99.00
2016 02 22 14 50  95  6.0  7.5  2.59 12.12  7.79  52 1014.3  25.7  26.5  20.7 99.0 99.00
2016 02 22 15 50  92  6.1  7.4  2.88 11.43  8.23  48 1013.8  25.6  26.6  20.4 99.0 99.00
2016 02 22 16 50 106  6.0  7.4  2.93 10.81  8.14  30 1012.8  25.7  26.6  20.6 99.0 99.00
2016 02 22 17 50  95  6.4  7.6  3.10 11.43  8.64  45 1012.1  25.7  26.6  20.4 99.0 99.00
2016 02 22 18 50  94  5.8  7.3  2.96 12.12  8.42  68 1011.8  25.8  26.6  20.5 99.0 99.00
2016 02 22 19 50  89  5.4  6.8  2.98 12.12  8.40  47 1012.1  25.8  26.6  20.6 99.0 99.00
2016 02 22 20 50  86  6.1  7.2  2.82 12.12  8.46  33 1012.3  25.9  26.6  20.9 99.0 99.00
2016 02 22 21 50  80  5.5  6.8  2.92 12.12  8.71  43 1012.9  25.8  26.6  21.4 99.0 99.00
2016 02 22 22 50  78  6.0  7.0  3.10 12.90  8.83   3 1013.6  25.8  26.5  21.5 99.0 99.00
2016 02 22 23 50  89  6.2  7.7  3.13 13.79  9.00  11 1014.2  25.8  26.5  21.7 99.0 99.00
2016 02 23 00 50 102  6.7  8.0  3.01 12.90  8.84   6 1014.6  26.0  26.5  21.6 99.0 99.00
2016 02 23 01 50  90  7.4  8.9  3.21 13.79  8.91 359 1014.9  25.8  26.5  21.9 99.0 99.00
2016 02 23 02 50  98  7.2  9.3  3.41 12.90  8.86  11 1015.1  25.8  26.5  21.8 99.0 99.00
2016 02 23 03 50  92  8.6 10.1  3.19 12.12  8.29  11 1015.0  25.7  26.5  21.7 99.0 99.00
2016 02 23 04 50  91  8.6 10.4  3.06 12.90  7.95   9 1014.4  25.7  26.4  21.2 99.0 99.00
2016 02 23 05 50  97  9.2 10.7  3.17 11.43  7.98  28 1013.6  25.1  26.4  21.5 99.0 99.00
2016 02 23 06 50  88  8.6 10.1  3.25 12.12  8.07  32 1013.4  25.5  26.4  20.9 99.0 99.00
2016 02 23 07 50  83  8.8 10.4  2.93 12.90  7.41  12 1013.4  25.4  26.4  20.9 99.0 99.00
2016 02 23 08 50  88  8.5 10.4  2.92 12.12  7.38  35 1013.8  25.4  26.4  20.9 99.0 99.00
2016 02 23 09 50  88  8.2 10.1  2.88 12.12  7.30  30 1014.7  25.5  26.4  20.7 99.0 99.00
2016 02 23 10 50  80  7.9  9.7  2.65 12.12  6.96  50 1015.5  25.7  26.4  21.1 99.0 99.00
2016 02 23 11 50  77  8.4 10.0  2.84 11.43  7.24  45 1016.3  25.8  26.4  21.0 99.0 99.00
2016 02 23 12 50  86  8.8 10.1  2.60 13.79  7.09   9 1016.7  25.9  26.4  20.5 99.0 99.00
2016 02 23 13 50  85  7.9  9.9  2.86 12.90  7.40  12 1017.0  25.8  26.5  21.3 99.0 99.00
2016 02 23 14 50  79  7.6  9.3  2.47 10.00  6.86  47 1016.6  25.8  26.5  21.2 99.0 99.00
2016 02 23 15 50  85  8.1  9.9  2.97 11.43  7.47  45 1015.9  25.9  26.5  20.9 99.0 99.00
2016 02 23 16 50  87  7.9  9.4  2.76 11.43  7.22  61 1015.3  25.9  26.5  20.7 99.0 99.00
2016 02 23 17 50  89  7.5  8.7  2.65 11.43  7.33  41 1014.5  25.8  26.5  20.8 99.0 99.00
2016 02 23 18 50  80  7.2  8.3  2.51 10.81  7.16  51 1014.1  25.8  26.6  21.1 99.0 99.00
2016 02 23 19 50  83  6.7  8.0  2.74 12.90  7.83   7 1014.2  26.0  26.6  20.9 99.0 99.00
2016 02 23 20 50  81  7.1  8.8  2.35 12.12  6.77  25 1014.7  25.8  26.5  20.7 99.0 99.00
2016 02 23 21 50  81  7.2  8.8  2.54 12.12  7.27  15 1015.0  25.8  26.5  21.0 99.0 99.00
2016 02 23 22 50  85  7.6  9.3  2.58 10.81  7.21  51 1015.5  25.8  26.5  21.1 99.0 99.00
2016 02 23 23 50  83  8.4  9.9  2.61 11.43  7.11  43 1016.1  25.8  26.5  21.0 99.0 99.00
2016 02 24 00 50  76  9.2 10.9  2.53 12.12  7.26  26 1016.4  25.8  26.4  20.7 99.0 99.00
2016 02 24 01 50  84  9.5 11.3  2.64 12.90  7.19  34 1016.6  25.7  26.4  20.5 99.0 99.00
2016 02 24 02 50  80  9.5 11.4  2.40 12.12  6.72  16 1016.4  25.7  26.4  20.7 99.0 99.00
2016 02 24 03 50  83  9.8 11.4  2.75 10.81  7.11  42 1016.2  25.6  26.4  20.3 99.0 99.00
2016 02 24 04 50  73  9.2 11.1  2.62 12.12  6.82   8 1015.7  25.6  26.4  20.5 99.0 99.00
2016 02 24 05 50  82  9.6 11.7  2.63 10.81  6.57  37 1015.0  25.6  26.4  20.5 99.0 99.00
2016 02 24 06 50  82  8.9 10.8  2.28 10.81  6.41  37 1014.4  25.4  26.4  20.5 99.0 99.00
2016 02 24 07 50  84  9.2 10.8  2.53 12.12  6.54  16 1014.3  25.4  26.4  20.5 99.0 99.00
2016 02 24 08 50  87  9.1 11.1  2.67 10.00  6.55  68 1014.4  25.5  26.4  20.4 99.0 99.00
2016 02 24 09 50  93  9.1 10.6  2.54 11.43  6.62  29 1015.1  25.5  26.4  20.5 99.0 99.00
2016 02 24 10 50  89  9.3 11.4  2.53 12.12  6.63   9 1015.7  25.7  26.4  21.0 99.0 99.00
2016 02 24 11 50  82  9.0 11.1  2.41 10.00  6.54  49 1016.6  25.8  26.4  20.8 99.0 99.00
2016 02 24 12 50  82  8.7 10.6  2.53 12.90  6.37  33 1017.4  25.7  26.4  20.7 99.0 99.00
2016 02 24 13 50  79  8.5 11.0  2.50 10.81  6.44  34 1017.8  25.8  26.5  20.4 99.0 99.00
2016 02 24 14 50  90  8.5  9.9  2.66 10.00  6.61  51 1017.5  25.8  26.5  19.8 99.0 99.00
2016 02 24 15 50  86  7.5  9.0  2.36 10.00  6.36  48 1017.0  25.8  26.5  20.8 99.0 99.00
2016 02 24 16 50  91  7.5  9.0  2.40 12.12  6.54  22 1016.3  25.8  26.6  20.1 99.0 99.00
2016 02 24 17 50  81  7.4  8.9  2.53  8.33  6.62  82 1015.4  25.7  26.6  20.4 99.0 99.00
2016 02 24 18 50  85  7.5  9.0  2.42  9.09  6.63  87 1015.1  25.9  26.6  19.8 99.0 99.00
2016 02 24 19 50  81  7.8  8.9  2.32  7.69  6.57  79 1014.9  25.9  26.6  20.1 99.0 99.00
2016 02 24 20 50  82  7.7  9.3  2.49 10.00  6.70  44 1015.0  25.9  26.5  20.3 99.0 99.00
2016 02 24 21 50  77  7.9  9.1  2.42 10.81  6.81  45 1015.2  25.7  26.5  20.6 99.0 99.00
2016 02 24 22 50  76  7.9  9.3  2.40 11.43  6.63  20 1015.9  25.7  26.5  20.9 99.0 99.00
2016 02 24 23 50  70  8.8 10.4  2.25 11.43  6.40  33 1016.2  25.7  26.5  21.0 99.0 99.00
2016 02 25 00 50  72  8.6 10.4  2.18  8.33  6.04  99 1016.7  25.6  26.5  21.2 99.0 99.00
2016 02 25 01 50  64  9.1 10.4  2.51 10.81  6.71  43 1016.8  25.5  26.5  20.8 99.0 99.00
2016 02 25 02 50  65  9.3 11.1  2.34  6.67  6.23  90 1016.7  25.4  26.4  20.2 99.0 99.00
2016 02 25 03 50  65  9.4 10.9  2.36 12.12  6.56  24 1016.5  25.4  26.4  19.6 99.0 99.00
2016 02 25 04 50  64  9.6 11.7  2.40  9.09  6.31  91 1015.8  25.3  26.4  20.3 99.0 99.00
2016 02 25 05 50  69  9.3 10.9  2.50 12.12  6.49  35 1015.4  25.2  26.4  19.5 99.0 99.00
2016 02 25 06 50  66  9.3 11.0  2.51  7.14  6.26  97 1015.0  25.1  26.4  19.4 99.0 99.00
2016 02 25 07 50  69  9.4 10.9  2.57  8.33  6.40  91 1014.6  25.1  26.4  19.4 99.0 99.00
2016 02 25 08 50  74  9.1 11.0  2.45  8.33  6.28 111 1014.7  25.1  26.4  19.3 99.0 99.00
2016 02 25 09 50  70  8.5 10.4  2.46  7.69  6.32  95 1015.2  25.1  26.4  19.4 99.0 99.00
2016 02 25 10 50  81  8.7 10.5  2.18 10.00  6.16  53 1015.8  25.3  26.4  19.4 99.0 99.00
2016 02 25 11 50  76  8.8 10.6  2.33  8.33  6.09 102 1016.2  25.4  26.4  19.6 99.0 99.00
2016 02 25 12 50  80  8.3 10.3  2.27  7.14  6.10  89 1016.5  25.5  26.4  20.1 99.0 99.00
2016 02 25 13 50  77  9.1 10.7  2.38  8.33  6.25 106 1016.6  25.5  26.4  19.5 99.0 99.00
2016 02 25 14 50  83  8.6 10.9  2.49  7.69  6.22  90 1016.4  25.6  26.5  19.5 99.0 99.00
2016 02 25 15 50  75  8.1  9.4  2.22  8.33  5.96  99 1015.7  25.5  26.5  19.7 99.0 99.00
2016 02 25 16 50  77  8.2 10.1  2.29  8.33  6.14 101 1014.9  25.5  26.5  19.4 99.0 99.00
2016 02 25 17 50  77  7.4  8.8  2.32  7.69  6.29  99 1014.2  25.5  26.5  19.2 99.0 99.00
2016 02 25 18 50  75  7.0  9.0  2.24  8.33  6.37  93 1013.9  25.5  26.5  19.4 99.0 99.00
2016 02 25 19 50  74  7.1  8.8  2.30  8.33  6.19  96 1014.0  25.6  26.5  19.2 99.0 99.00
2016 02 25 20 50  76  7.3  8.6  2.24  8.33  6.19  93 1013.7  25.4  26.4  19.3 99.0 99.00
2016 02 25 21 50  71  7.8  9.1  2.12  8.33  6.10  70 1014.0  25.4  26.4  19.6 99.0 99.00
2016 02 25 22 50  70  7.5  8.8  2.04  8.33  6.07  76 1014.7  25.4  26.4  19.9 99.0 99.00
2016 02 25 23 50  65  8.0  9.7  2.13  8.33  6.19  81 1015.3  25.4  26.4  19.5 99.0 99.00
2016 02 26 00 50  68  9.0 10.5  2.09  8.33  6.16  94 1015.6  25.4  26.4  19.5 99.0 99.00
2016 02 26 01 50  65  8.5 10.0  2.14  9.09  6.13  83 1015.9  25.4  26.4  19.9 99.0 99.00
2016 02 26 02 50  74  8.5 10.4  1.93 10.81  5.95  36 1015.7  25.3  26.4  19.4 99.0 99.00
2016 02 26 03 50  71  8.5 10.5  2.18  8.33  6.00  92 1015.7  25.3  26.4  19.3 99.0 99.00
2016 02 26 04 50  72  8.8 10.4  2.06 10.00  5.99  76 1015.1  25.2  26.4  19.1 99.0 99.00
2016 02 26 05 50  70  8.3  9.9  2.22  9.09  6.05  73 1014.6  25.1  26.4  19.0 99.0 99.00
2016 02 26 06 50  75  8.0  9.5  1.95  9.09  5.83  76 1014.3  25.1  26.4  19.4 99.0 99.00
2016 02 26 07 50  73  8.5 10.1  1.99 10.00  6.08  53 1013.9  25.0  26.4  19.8 99.0 99.00
2016 02 26 08 50  76  8.6  9.9  2.01  8.33  5.87 103 1014.1  25.2  26.4  18.9 99.0 99.00
2016 02 26 09 50  82  8.6 10.1  2.00  9.09  5.80  82 1014.3  25.1  26.4  19.3 99.0 99.00
2016 02 26 10 50  80  8.0  9.3  1.99  8.33  6.00  92 1014.9  25.4  26.4  19.4 99.0 99.00
2016 02 26 11 50  79  8.0  9.6  1.95  8.33  5.95  87 1015.5  25.4  26.4  19.7 99.0 99.00
2016 02 26 12 50  77  8.5 10.0  1.96  9.09  5.90  73 1016.1  25.5  26.4  20.2 99.0 99.00
2016 02 26 13 50  74  7.9  9.3  1.96  8.33  5.81  97 1016.3  25.7  26.4  20.0 99.0 99.00
2016 02 26 14 50  78  7.1  8.9  1.93  7.14  5.92  91 1016.2  25.7  26.5  20.1 99.0 99.00
2016 02 26 15 50  79  7.3  8.7  1.85  8.33  5.87 100 1015.4  25.6  26.5  20.2 99.0 99.00
2016 02 26 16 50  76  6.0  7.1  1.78  7.69  5.81 110 1014.8  25.5  26.5  20.5 99.0 99.00
2016 02 26 17 50  76  6.6  8.7  1.77  8.33  5.76 109 1014.1  25.6  26.6  20.6 99.0 99.00
2016 02 26 18 50  74  6.4  7.9  1.78  8.33  5.99 100 1013.8  25.6  26.6  20.6 99.0 99.00
2016 02 26 19 50  77  7.2  9.2  1.84  8.33  6.02  92 1013.7  25.8  26.6  21.1 99.0 99.00
2016 02 26 20 50  79  7.4  9.0  1.86  9.09  6.11  75 1013.9  25.6  26.5  21.2 99.0 99.00
2016 02 26 21 50  76  8.1  9.5  1.84  7.14  5.92  98 1014.2  25.6  26.5  20.8 99.0 99.00
2016 02 26 22 50  76  7.7  9.1  1.81  8.33  5.80  96 1014.6  25.6  26.5  20.7 99.0 99.00
2016 02 26 23 50  81  7.9  9.4  1.85  7.14  5.91  86 1015.2  25.6  26.4  21.3 99.0 99.00
2016 02 27 00 50  84  8.1  9.9  1.88  7.69  5.83  94 1015.9  25.5  26.4  21.0 99.0 99.00
2016 02 27 01 50  73  8.1  9.6  1.97 10.00  5.81  54 1016.0  25.5  26.4  21.4 99.0 99.00
2016 02 27 02 50  71  8.4  9.8  1.90  8.33  5.71  80 1016.3  25.4  26.4  21.2 99.0 99.00
2016 02 27 03 50  78  8.2  9.8  2.06  7.69  5.83  86 1016.1  25.4  26.4  20.8 99.0 99.00
2016 02 27 04 50  74  7.7  9.6  2.08  9.09  6.00  92 1015.6  25.4  26.4  20.6 99.0 99.00
2016 02 27 05 50  78  7.4  8.7  2.04  7.69  5.82 103 1015.0  25.3  26.4  20.6 99.0 99.00
2016 02 27 06 50  77  7.5  9.1  2.01  8.33  5.97  87 1014.4  25.3  26.4  21.1 99.0 99.00
2016 02 27 07 50  80  7.5  9.1  1.99  8.33  6.19  90 1014.5  25.2  26.4  20.8 99.0 99.00
2016 02 27 08 50  83  7.3  8.5  1.86  8.33  5.90  98 1014.7  25.2  26.4  21.3 99.0 99.00
2016 02 27 09 50  82  7.2  8.7  1.91  8.33  6.04 110 1015.1  25.4  26.4  21.1 99.0 99.00
2016 02 27 10 50  81  6.8  7.9  1.76  7.69  5.88  91 1015.9  25.5  26.4  21.5 99.0 99.00
2016 02 27 11 50 103  7.4 10.7  1.73  8.33  5.73  90 1016.6  24.8  26.4  21.8 99.0 99.00
2016 02 27 12 50  95  9.1 10.4  1.84  7.69  5.67  96 1016.9  25.9  26.4  21.5 99.0 99.00
2016 02 27 13 50  98  9.2 10.9  1.84  7.69  5.58  78 1017.1  25.9  26.4  20.9 99.0 99.00
2016 02 27 14 50  96  7.8  9.6  2.01  9.09  5.71  90 1016.8  25.9  26.5  21.5 99.0 99.00
2016 02 27 15 50  97  7.4  8.8  1.76  9.09  5.54  76 1016.2  25.9  26.5  21.2 99.0 99.00
2016 02 27 16 50  95  7.6  8.7  1.89  7.14  5.66  99 1015.6  25.8  26.5  21.5 99.0 99.00
2016 02 27 17 50  97  8.5 10.1  1.85  7.69  5.58  90 1014.8  26.0  26.5  21.2 99.0 99.00
2016 02 27 18 50  89  8.3  9.8  1.84  7.69  5.67  94 1014.6  26.1  26.5  21.2 99.0 99.00
2016 02 27 19 50  92  7.8  9.1  1.84  9.09  5.71  91 1014.9  26.1  26.5  21.5 99.0 99.00
2016 02 27 20 50  92  8.7 10.2  1.88  8.33  5.71  98 1015.0  26.1  26.5  21.6 99.0 99.00
2016 02 27 21 50  86  8.5 10.0  1.86  7.69  5.70  92 1015.3  25.9  26.4  21.5 99.0 99.00
2016 02 27 22 50  85  8.1 10.2  1.82  9.09  5.81  96 1015.4  25.9  26.4  21.9 99.0 99.00
2016 02 27 23 50  89  8.5  9.8  2.12  9.09  6.05  85 1015.8  25.9  26.4  21.8 99.0 99.00
2016 02 28 00 50  93  8.4  9.9  1.91  7.69  5.74 105 1016.3  25.9  26.4  21.7 99.0 99.00
2016 02 28 01 50  86  8.2 10.2  2.00  8.33  5.91  93 1016.6  25.9  26.3  22.1 99.0 99.00
2016 02 28 02 50  85  9.5 11.3  1.80  6.67  5.49 104 1016.5  25.9  26.4  21.6 99.0 99.00
2016 02 28 03 50  88  9.5 11.4  2.05  8.33  5.78  98 1016.2  25.8  26.3  21.5 99.0 99.00
2016 02 28 04 50  85  9.1 10.5  2.17  7.69  5.71 106 1015.4  25.6  26.3  21.4 99.0 99.00
2016 02 28 05 50  85  9.0 10.6  2.05  7.14  5.88 109 1014.9  25.6  26.3  21.4 99.0 99.00
2016 02 28 06 50  85 10.5 12.7  2.24  8.33  6.02  90 1014.1  25.7  26.3  21.2 99.0 99.00
2016 02 28 07 50  79  9.4 11.4  2.32  8.33  6.00  97 1014.1  25.7  26.3  21.5 99.0 99.00
2016 02 28 08 50  78 10.8 12.9  2.08  8.33  5.71  97 1014.1  25.6  26.3  21.2 99.0 99.00
2016 02 28 09 50  82 10.4 12.7  2.35  8.33  5.87  92 1014.6  25.8  26.3  20.9 99.0 99.00
2016 02 28 10 50  85  9.7 12.4  2.55  8.33  6.27  96 1015.2  25.8  26.3  21.3 99.0 99.00
2016 02 28 11 50  85 10.1 12.1  2.36  7.14  6.00 104 1015.7  26.0  26.3  21.1 99.0 99.00
2016 02 28 13 50  91 10.1 12.1  2.60  8.33  6.14  87 1016.5  26.2  26.4  20.7 99.0 99.00
2016 02 28 14 50  85  9.1 10.7  2.37  8.33  5.95  89 1016.2  26.0  26.4  21.3 99.0 99.00
2016 02 28 15 50  84  9.6 11.4  2.46  8.33  6.11  99 1015.4  26.1  26.4  20.4 99.0 99.00
2016 02 28 16 50  84  8.9 10.7  2.62  9.09  6.18  87 1014.8  26.0  26.4  21.0 99.0 99.00
2016 02 28 17 50  91  8.5  9.9  2.66  8.33  6.32 106 1014.1  26.0  26.4  20.8 99.0 99.00
2016 02 28 18 50  86  8.5 10.3  2.59  9.09  6.42  96 1013.6  26.0  26.4  20.9 99.0 99.00
2016 02 28 19 50  87  8.3  9.8  2.44  8.33  6.33  94 1013.5  25.9  26.4  20.8 99.0 99.00
2016 02 28 20 50  74  8.3  9.7  2.63  8.33  6.62  98 1013.9  25.9  26.4  21.1 99.0 99.00
2016 02 28 21 50  69  7.8  9.6  2.59 10.00  6.71  78 1014.7  25.8  26.4  21.3 99.0 99.00
2016 02 28 22 50  71  7.4  9.4  2.44  9.09  6.44  91 1015.0  25.8  26.3  21.4 99.0 99.00
2016 02 28 23 50  66  7.4  8.9  2.49  9.09  6.65  93 1015.9  25.8  26.3  21.4 99.0 99.00
2016 02 29 00 50  70  8.1  9.6  2.48 10.00  6.60  78 1016.3  25.7  26.3  21.4 99.0 99.00
2016 02 29 01 50  58  7.4  8.9  2.52  9.09  6.53  95 1016.6  25.7  26.3  21.8 99.0 99.00
2016 02 29 02 50  73  7.6  9.1  2.45 10.00  6.49  81 1016.7  25.7  26.3  21.5 99.0 99.00
2016 02 29 03 50  66  7.2  8.3  2.20  9.09  6.26  81 1016.5  25.6  26.3  21.7 99.0 99.00
2016 02 29 04 50  70  7.3  8.7  2.20 10.00  6.40  78 1015.7  25.5  26.3  21.2 99.0 99.00
2016 02 29 05 50  74  6.7  7.7  2.13  8.33  6.41  90 1014.9  25.4  26.3  21.1 99.0 99.00
2016 02 29 06 50  80  7.5  8.8  2.04  8.33  6.39  83 1014.2  25.4  26.3  21.5 99.0 99.00
2016 02 29 07 50  79  7.4  8.8  2.19 10.00  6.59  72 1014.2  25.3  26.3  21.4 99.0 99.00
2016 02 29 08 50  80  6.6  8.2  2.15  9.09  6.47  84 1014.9  25.4  26.3  21.5 99.0 99.00
2016 02 29 09 50  72  6.7  7.7  2.34 10.00  6.92  72 1015.2  25.4  26.3  21.6 99.0 99.00
2016 02 29 10 50  76  6.1  7.6  2.01 10.00  6.50  75 1015.9  25.5  26.3  21.5 99.0 99.00
2016 02 29 11 50  87  6.3  7.9  2.15 10.00  6.73  76 1016.3  25.7  26.3  21.5 99.0 99.00
2016 02 29 12 50  87  6.6  7.9  2.04 10.00  6.58  86 1016.6  25.8  26.4  21.5 99.0 99.00
2016 02 29 13 50  84  6.6  8.0  1.93 10.00  6.64  78 1016.8  25.8  26.4  21.7 99.0 99.00
2016 02 29 14 50  82  6.1  7.1  1.98  8.33  6.44  79 1016.6  25.8  26.4  21.6 99.0 99.00
2016 02 29 15 50  96  6.7  7.8  2.06  9.09  6.68  84 1015.7  25.8  26.5  21.7 99.0 99.00
2016 02 29 16 50  97  6.5  7.9  1.94 10.00  6.44  80 1014.6  25.8  26.5  21.7 99.0 99.00
2016 02 29 17 50 101  7.0  8.4  2.18  9.09  6.80  92 1013.5  25.9  26.6  21.6 99.0 99.00
2016 02 29 18 50  96  7.7  9.0  1.83 10.00  6.43  75 1012.9  25.8  26.6  21.6 99.0 99.00
2016 02 29 19 50  93  6.5  7.6  1.77 10.81  6.33  31 1013.0  25.9  26.5  21.8 99.0 99.00
2016 02 29 20 50  99  6.6  7.4  1.89 10.00  6.57  63 1013.3  25.9  26.5  21.8 99.0 99.00
2016 02 29 21 50 104  5.7  7.0  2.10 10.00  6.54  84 1014.0  25.8  26.4  22.0 99.0 99.00
2016 02 29 22 50  95  5.5  6.7  1.86  9.09  6.38  84 1014.8  25.8  26.4  21.9 99.0 99.00
