#YY  MM DD hh mm WDIR WSPD GST  WVHT   DPD   APD MWD   PRES  ATMP  WTMP  DEWP  VIS  TIDE
#yr  mo dy hr mn degT m/s  m/s     m   sec   sec deg    hPa  degC  degC  degC  nmi    ft
2016 04 30 23 50  82  6.8  8.0  1.53  8.33  5.56 104 1014.6  26.6  27.0  22.2 99.0 99.00
2016 05 01 00 50  80  6.8  7.8  1.64  8.33  5.67  93 1015.3  26.5  27.0  22.1 99.0 99.00
2016 05 01 01 50  76  6.2  7.5  1.57  8.33  5.66 107 1015.8  26.6  27.0  22.1 99.0 99.00
2016 05 01 02 50  82  6.7  7.8  1.61  9.09  5.74  90 1015.2  26.5  26.9  22.2 99.0 99.00
2016 05 01 03 50  88  6.8  7.7  1.62  8.33  5.74 103 1014.5  26.4  26.9  21.7 99.0 99.00
2016 05 01 04 50  80  6.2  7.7  1.63  8.33  5.66  98 1014.0  26.4  26.9  22.1 99.0 99.00
2016 05 01 05 50  74  6.3  7.5  1.54  7.69  5.70  90 1013.7  26.3  26.9  22.0 99.0 99.00
2016 05 01 06 50  79  6.0  7.0  1.63  8.33  5.84 113 1013.3  26.3  26.9  21.9 99.0 99.00
2016 05 01 07 50  75  6.5  7.4  1.50  9.09  5.62  93 1013.3  26.2  26.9  21.8 99.0 99.00
2016 05 01 08 50  66  6.6  7.7  1.51  8.33  5.73  95 1013.8  26.3  26.9  22.1 99.0 99.00
2016 05 01 09 50  72  7.9  9.5  1.52  9.09  5.64  77 1013.7  26.3  26.9  22.2 99.0 99.00
2016 05 01 10 50  84  6.7  8.0  1.58  9.09  5.56  83 1014.7  26.3  26.9  21.6 99.0 99.00
2016 05 01 11 50  87  6.5  8.0  1.54  8.33  5.60 102 1015.4  26.4  26.9  22.2 99.0 99.00
2016 05 01 12 50  77  6.4  7.5  1.39  8.33  5.41  85 1015.5  26.6  26.9  22.1 99.0 99.00
2016 05 01 13 50  78  5.7  7.0  1.51  8.33  5.67  99 1015.6  26.7  27.0  21.6 99.0 99.00
2016 05 01 14 50  85  4.6  5.6  1.44  6.67  5.51  89 1015.6  26.6  27.1  22.2 99.0 99.00
2016 05 01 15 50  71  3.6  4.5  1.42  8.33  5.63 109 1015.2  26.5  27.1  22.1 99.0 99.00
2016 05 01 16 50  65  3.9  4.7  1.44  7.69  5.76 107 1014.8  26.6  27.2  21.4 99.0 99.00
2016 05 01 17 50  52  4.1  5.1  1.51  8.33  5.92 101 1014.5  26.6  27.3  21.5 99.0 99.00
2016 05 01 18 50  36  4.4  5.3  1.43  8.33  6.00 111 1014.2  26.5  27.2  22.1 99.0 99.00
2016 05 01 19 50  59  4.8  5.4  1.39  8.33  5.91 125 1013.7  26.4  27.2  22.0 99.0 99.00
2016 05 01 20 50  54  5.0  5.9  1.29  8.33  5.92 112 1014.1  26.4  27.1  22.4 99.0 99.00
2016 05 01 21 50  54  6.4  7.4  1.30  8.33  5.76  89 1014.3  26.4  27.1  22.1 99.0 99.00
2016 05 01 22 50  58  6.7  8.0  1.35  9.09  5.78  55 1014.7  26.4  27.0  22.2 99.0 99.00
2016 05 01 23 50  55  8.0  9.6  1.26 10.00  5.55  25 1014.5  26.4  27.0  22.6 99.0 99.00
2016 05 02 00 50  62  8.1  9.7  1.33  7.69  5.12 103 1015.1  26.4  27.0  22.1 99.0 99.00
2016 05 02 01 50  65  7.0  8.5  1.39  7.69  5.21 101 1015.9  26.5  26.9  22.4 99.0 99.00
2016 05 02 02 50  57  7.0  8.0  1.39 10.00  5.25  24 1015.6  26.4  26.9  22.0 99.0 99.00
2016 05 02 03 50  50  6.8  8.0  1.37  7.69  5.11  84 1015.0  26.3  26.9  21.9 99.0 99.00
2016 05 02 04 50  64  6.0  7.1  1.27  8.33  5.13  76 1014.4  26.2  26.9  21.3 99.0 99.00
2016 05 02 05 50  68  6.6  7.6  1.32  9.09  5.06  46 1013.7  26.2  26.9  21.4 99.0 99.00
2016 05 02 06 50  58  6.8  8.1  1.35 10.00  5.42  31 1013.1  26.2  26.9  21.3 99.0 99.00
2016 05 02 07 50  67  5.6  6.6  1.34 10.00  5.24  26 1013.9  26.2  26.9  21.2 99.0 99.00
2016 05 02 08 50  70  6.6  7.5  1.31 10.00  5.37  43 1013.5  26.2  26.9  21.6 99.0 99.00
2016 05 02 09 50  68  6.2  7.5  1.31  9.09  5.30  52 1013.8  26.2  26.9  21.9 99.0 99.00
2016 05 02 10 50  73  5.0  6.5  1.36  9.09  5.59  52 1015.0  26.3  26.9  21.7 99.0 99.00
2016 05 02 11 50  71  5.2  6.3  1.31 10.00  5.55  30 1015.4  26.4  26.9  22.0 99.0 99.00
2016 05 02 12 50  75  5.3  6.2  1.30  8.33  5.57 103 1015.5  26.6  26.9  22.2 99.0 99.00
2016 05 02 13 50  71  6.6  7.7  1.26  8.33  5.37 124 1015.0  26.5  27.0  22.4 99.0 99.00
2016 05 02 14 50  54  5.5  6.7  1.24 10.00  5.34  63 1015.0  26.3  27.1  22.9 99.0 99.00
2016 05 02 15 50  73  6.6  7.4  1.28  9.09  5.19  44 1014.7  26.6  27.1  22.3 99.0 99.00
2016 05 02 16 50  77  6.6  7.6  1.31  9.09  5.17  60 1014.0  26.5  27.1  22.0 99.0 99.00
2016 05 02 17 50  62  5.6  6.5  1.31  8.33  5.16  98 1013.8  26.6  27.2  21.7 99.0 99.00
2016 05 02 18 50  67  4.9  6.1  1.36  9.09  5.34  48 1014.0  26.6  27.2  21.3 99.0 99.00
2016 05 02 19 50  64  5.3  6.0  1.25  9.09  5.31  49 1014.1  26.6  27.2  21.3 99.0 99.00
2016 05 02 20 50  67  5.5  6.6  1.28  9.09  5.52  46 1014.4  26.6  27.1  21.5 99.0 99.00
2016 05 02 21 50  58  5.0  5.9  1.28 10.00  5.61  41 1015.2  26.6  27.1  21.6 99.0 99.00
2016 05 02 22 50  60  5.0  6.1  1.32  9.09  5.50  48 1015.7  26.6  27.1  22.0 99.0 99.00
2016 05 02 23 50  58  5.5  6.3  1.30  8.33  5.65  79 1016.3  26.5  27.0  22.1 99.0 99.00
2016 05 03 00 50  68  5.3  7.0  1.24  9.09  5.57  60 1016.7  25.8  27.0  22.4 99.0 99.00
2016 05 03 01 50  38  7.2  8.6  1.30 10.00  5.32  45 1016.7  26.5  27.0  22.5 99.0 99.00
2016 05 03 02 50  47  7.4  8.8  1.41 10.00  5.46  56 1016.3  26.4  27.0  22.3 99.0 99.00
2016 05 03 03 50  41  6.9  8.2  1.37 10.00  5.17  58 1015.5  26.4  27.0  22.2 99.0 99.00
2016 05 03 04 50  55  6.8  8.0  1.40 10.00  5.33  53 1014.8  26.3  26.9  22.3 99.0 99.00
2016 05 03 05 50  60  6.1  7.1  1.40 10.00  5.29  51 1014.0  26.1  26.9  22.3 99.0 99.00
2016 05 03 06 50  66  7.5  9.3  1.30  8.33  5.30  84 1013.6  26.2  26.9  22.1 99.0 99.00
2016 05 03 07 50  92  6.0  7.7  1.40  8.33  5.57  89 1014.4  25.9  26.9  22.6 99.0 99.00
2016 05 03 08 50  95  6.8  8.0  1.34 10.00  5.23  48 1014.9  25.7  26.9  22.0 99.0 99.00
2016 05 03 09 50  90  6.1  7.0  1.35  9.09  5.38  46 1015.4  26.2  26.9  20.6 99.0 99.00
2016 05 03 10 50  83  5.0  6.2  1.29 10.00  5.47  52 1015.9  26.4  26.9  22.0 99.0 99.00
2016 05 03 11 50  84  5.5  6.4  1.21  9.09  5.24  63 1016.1  26.5  26.9  21.5 99.0 99.00
2016 05 03 12 50  79  5.7  6.6  1.33 10.00  5.65  60 1016.3  26.5  27.0  21.9 99.0 99.00
2016 05 03 14 50  72  5.9  7.1  1.19  9.09  5.33  52 1015.9  26.6  27.1  22.2 99.0 99.00
2016 05 03 15 50  68  4.6  5.6  1.35  9.09  5.72  55 1015.5  26.6  27.2  22.1 99.0 99.00
2016 05 03 16 50  72  5.1  6.1  1.31  9.09  5.47  69 1014.8  26.6  27.3  22.1 99.0 99.00
2016 05 03 17 50  70  4.5  5.0  1.20 10.00  5.60  57 1014.5  26.7  27.3  21.6 99.0 99.00
2016 05 03 18 50  80  5.7  6.7  1.18  9.09  5.59  39 1013.5  26.6  27.4  22.2 99.0 99.00
2016 05 03 19 50  85  5.1  6.0  1.22 10.00  5.70  40 1013.5  26.6  27.3  21.9 99.0 99.00
2016 05 03 20 50  69  5.4  6.8  1.18  7.69  5.63  80 1013.8  26.7  27.2  22.1 99.0 99.00
2016 05 03 21 50  76  5.1  6.2  1.20  9.09  5.64  57 1014.5  26.6  27.2  22.0 99.0 99.00
2016 05 03 22 50  70  5.1  6.0  1.26 10.00  5.75  48 1015.1  26.7  27.1  21.8 99.0 99.00
2016 05 03 23 50  75  6.0  7.1  1.17 10.00  5.58  52 1015.4  26.7  27.1  21.8 99.0 99.00
2016 05 04 00 50  79  5.3  6.4  1.19  8.33  5.45  72 1016.0  26.6  27.1  22.2 99.0 99.00
2016 05 04 01 50  79  5.3  6.0  1.18 10.00  5.37  44 1016.1  26.6  27.1  21.9 99.0 99.00
2016 05 04 02 50  81  6.2  7.2  1.13  9.09  5.53  60 1015.3  26.5  27.1  22.3 99.0 99.00
2016 05 04 03 50  68  4.7  6.2  1.16  9.09  5.54  71 1014.8  26.3  27.0  22.4 99.0 99.00
2016 05 04 04 50  70  5.7  7.2  1.12  8.33  5.26  67 1013.8  26.4  27.0  22.4 99.0 99.00
2016 05 04 05 50  61  6.1  7.1  1.19  7.69  5.20  88 1013.3  26.4  27.0  21.7 99.0 99.00
2016 05 04 06 50  43  6.5  8.0  1.21  8.33  5.18  86 1013.1  26.1  27.0  22.3 99.0 99.00
2016 05 04 07 50  62  6.0  7.1  1.20  9.09  5.27  67 1013.2  26.4  27.0  22.3 99.0 99.00
2016 05 04 08 50  59  5.3  6.4  1.12  6.67  5.06  72 1013.9  26.2  27.0  22.4 99.0 99.00
2016 05 04 09 50  74  6.6  7.8  1.17  9.09  5.41  60 1014.0  26.5  26.9  22.5 99.0 99.00
2016 05 04 10 50  75  6.5  7.5  1.23  6.67  5.05  87 1014.7  26.5  26.9  22.4 99.0 99.00
2016 05 04 11 50  62  6.5  7.7  1.20  8.33  5.11  74 1015.1  26.7  27.0  22.9 99.0 99.00
2016 05 04 12 50  72  6.1  7.1  1.26  8.33  5.10  86 1015.3  26.7  27.0  22.6 99.0 99.00
2016 05 04 13 50  76  6.6  7.4  1.32  9.09  5.11  49 1015.3  26.6  27.1  22.6 99.0 99.00
2016 05 04 14 50  72  7.4  8.3  1.28  6.25  4.95  75 1015.1  26.2  27.1  22.9 99.0 99.00
2016 05 04 15 50  70  5.9  6.9  1.35  9.09  5.08  66 1014.8  26.3  27.1  22.1 99.0 99.00
2016 05 04 16 50  87  5.5  6.6  1.36  5.26  5.20  64 1013.8  26.4  27.2  22.6 99.0 99.00
2016 05 04 17 50  92  4.9  5.8  1.27  5.88  5.12  72 1013.4  26.6  27.3  22.1 99.0 99.00
2016 05 04 18 50  78  4.3  5.0  1.12  5.00  4.96  78 1013.2  26.4  27.3  22.7 99.0 99.00
2016 05 04 19 50  85  4.8  5.7  1.10  8.33  5.33  79 1013.2  26.4  27.3  22.6 99.0 99.00
2016 05 04 20 50  76  4.7  5.6  1.14  9.09  5.33  61 1013.8  26.5  27.3  23.0 99.0 99.00
2016 05 04 21 50  74  4.9  5.9  1.11  5.56  5.30  75 1014.2  26.5  27.2  22.0 99.0 99.00
2016 05 04 22 50 100  5.4  6.2  1.18  9.09  5.47  82 1014.2  26.1  27.1  22.8 99.0 99.00
2016 05 04 23 50  82  4.9  5.7  1.16  8.33  5.61  83 1014.6  26.3  27.1  23.2 99.0 99.00
2016 05 05 00 50 103  4.0  4.6  1.10  7.69  5.52  86 1015.4  26.7  27.1  23.4 99.0 99.00
2016 05 05 01 50  85  5.7  6.6  1.16  9.09  5.65  90 1015.3  26.6  27.1  23.4 99.0 99.00
2016 05 05 02 50  93  6.0  6.9  1.10  6.25  5.20  69 1015.3  26.7  27.1  23.3 99.0 99.00
2016 05 05 03 50  90  5.8  7.0  1.11  8.33  5.04  87 1014.5  26.6  27.1  23.2 99.0 99.00
2016 05 05 04 50  95  5.7  6.6  1.12  9.09  5.07  89 1013.6  26.6  27.0  23.1 99.0 99.00
2016 05 05 05 50  98  6.0  6.8  1.14  5.88  5.23  57 1012.9  26.5  27.0  22.8 99.0 99.00
2016 05 05 06 50 103  6.4  7.4  1.15  8.33  5.29  65 1012.7  26.5  27.0  23.1 99.0 99.00
2016 05 05 07 50 103  5.6  6.3  1.11  6.67  4.91  89 1013.2  26.5  27.0  22.5 99.0 99.00
2016 05 05 08 50 110  5.3  6.5  1.16  9.09  5.06  69 1013.7  26.6  27.0  22.8 99.0 99.00
2016 05 05 09 50 102  6.0  7.3  1.09  6.25  5.08  67 1014.3  26.6  27.0  22.8 99.0 99.00
2016 05 05 10 50 113  5.1  5.6  1.20  8.33  5.21  95 1015.4  26.8  27.0  22.9 99.0 99.00
2016 05 05 11 50  91  5.0  5.6  1.16  7.69  5.22  79 1015.8  26.8  27.0  23.1 99.0 99.00
2016 05 05 12 50  96  5.6  6.7  1.19  9.09  5.24  82 1015.8  26.7  27.0  23.0 99.0 99.00
2016 05 05 13 50  98  6.9  7.6  1.29  6.25  5.36  82 1015.9  26.6  27.0  23.2 99.0 99.00
2016 05 05 14 50  93  5.8  6.8  1.25  9.09  5.29  31 1016.0  26.8  27.1  23.5 99.0 99.00
2016 05 05 15 50  87  6.8  7.7  1.32  8.33  5.42  95 1015.4  26.9  27.1  23.4 99.0 99.00
2016 05 05 16 50  80  7.1  8.4  1.33  6.25  5.10  67 1014.8  26.8  27.1  23.4 99.0 99.00
2016 05 05 17 50  81  6.8  8.0  1.54  6.25  5.38  62 1014.3  26.8  27.1  23.7 99.0 99.00
2016 05 05 18 50  71  6.9  8.8  1.38  6.25  5.01  75 1013.7  26.8  27.1  23.7 99.0 99.00
2016 05 05 19 50  99  6.4  7.4  1.43  6.25  5.11  52 1013.8  26.6  27.1  23.8 99.0 99.00
2016 05 05 20 50  89  7.1  8.5  1.51  6.25  5.15  76 1013.7  26.6  27.1  23.1 99.0 99.00
2016 05 05 21 50  87  7.4  8.8  1.54  6.67  5.28  62 1014.3  26.7  27.0  22.8 99.0 99.00
2016 05 05 22 50  83  6.8  8.0  1.49  6.67  5.35  66 1015.0  26.6  27.0  23.4 99.0 99.00
2016 05 05 23 50  88  6.9  8.2  1.47  6.67  5.39  80 1015.5  26.6  27.0  23.9 99.0 99.00
2016 05 06 00 50  87  7.4  9.0  1.62  6.67  5.49  70 1015.8  25.6  27.0  22.7 99.0 99.00
2016 05 06 01 50  85  6.1  8.1  1.42  6.67  5.23  71 1016.2  26.7  27.0  24.4 99.0 99.00
2016 05 06 02 50  76  7.7  9.1  1.56  7.14  5.45 106 1015.8  26.8  27.0  24.0 99.0 99.00
2016 05 06 03 50  89  7.3  8.3  1.51  6.67  5.20  82 1015.1  26.8  27.0  24.3 99.0 99.00
2016 05 06 04 50  95  7.4  8.5  1.56  6.67  5.24  82 1014.3  26.7  27.0  24.0 99.0 99.00
2016 05 06 05 50 107  7.6  8.9  1.65  6.25  5.32  65 1013.3  26.7  27.0  23.8 99.0 99.00
2016 05 06 06 50 112  7.1  8.4  1.65  6.67  5.49  89 1013.1  26.7  27.0  23.8 99.0 99.00
2016 05 06 07 50 103  7.2  8.5  1.60  6.25  5.45  72 1013.3  26.7  26.9  23.7 99.0 99.00
2016 05 06 08 50 105  7.6  9.6  1.55  6.67  5.40  70 1013.6  26.8  26.9  23.6 99.0 99.00
2016 05 06 10 50 104  7.4  8.5  1.69  6.67  5.56  72 1015.1  27.0  26.9  23.5 99.0 99.00
2016 05 06 11 50 106  7.1  8.3  1.78  7.69  5.61  85 1015.7  27.1  27.0  23.6 99.0 99.00
2016 05 06 12 50  99  7.3  8.8  1.79  7.14  5.52  87 1016.2  27.1  27.0  23.7 99.0 99.00
2016 05 06 14 50 100  6.5  7.9  1.77  6.25  5.57  91 1016.4  27.2  27.1  24.1 99.0 99.00
2016 05 06 15 50  99  5.8  6.8  1.75  6.67  5.66  81 1016.3  26.9  27.2  24.0 99.0 99.00
2016 05 06 16 50  95  6.2  7.8  1.76  6.67  5.69  90 1015.3  27.1  27.3  24.2 99.0 99.00
2016 05 06 17 50 107  6.5  7.5  1.65  7.14  5.38 115 1014.5  27.2  27.3  23.7 99.0 99.00
2016 05 06 18 50  99  7.3  8.4  1.65  8.33  5.68 102 1014.2  27.2  27.3  23.7 99.0 99.00
2016 05 06 19 50  98  7.6  9.0  1.67  7.14  5.47  97 1014.1  27.2  27.3  23.8 99.0 99.00
2016 05 06 20 50  93  7.1  8.3  1.72  7.69  5.57 103 1014.4  27.2  27.2  23.9 99.0 99.00
2016 05 06 21 50  90  7.4  8.5  1.78  6.67  5.77 102 1014.8  27.1  27.1  23.9 99.0 99.00
2016 05 06 22 50  90  7.5  8.7  1.89  7.14  5.82 110 1015.3  27.1  27.1  23.5 99.0 99.00
2016 05 06 23 50  87  8.6 10.2  1.90  7.69  5.76 104 1015.9  27.0  27.1  23.5 99.0 99.00
2016 05 07 00 50  85  8.3  9.8  2.13  7.14  5.94 118 1016.5  27.0  27.1  23.8 99.0 99.00
2016 05 07 01 50  91  8.4  9.6  2.01  6.67  5.66 105 1016.5  27.0  27.1  23.6 99.0 99.00
2016 05 07 03 50  97  8.5  9.9  1.92  8.33  5.77 116 1015.5  26.9  27.0  23.2 99.0 99.00
2016 05 07 04 50  92  8.2  9.5  1.89  7.14  5.58 121 1014.8  26.8  27.0  23.5 99.0 99.00
2016 05 07 05 50  97  8.0  9.7  1.92  7.14  5.77 103 1014.4  26.8  27.0  23.0 99.0 99.00
2016 05 07 06 50  99  8.2  9.6  1.79  7.14  5.61 101 1014.4  26.7  27.0  22.9 99.0 99.00
2016 05 07 07 50  99  7.5  9.2  2.03  7.69  5.82 108 1014.3  26.7  27.0  23.3 99.0 99.00
2016 05 07 08 50  96  7.1  8.8  1.99  7.14  5.96 108 1014.5  26.7  27.0  23.1 99.0 99.00
2016 05 07 09 50  99  7.2  8.3  2.05  7.14  6.02 114 1014.9  26.8  27.0  22.8 99.0 99.00
2016 05 07 10 50 103  6.4  7.8  2.20  8.33  6.13  99 1015.4  27.0  27.0  23.0 99.0 99.00
2016 05 07 11 50 103  6.9  8.1  2.13  7.14  6.38 111 1015.8  27.0  27.0  23.2 99.0 99.00
2016 05 07 12 50 102  7.2  8.8  2.26  9.09  6.42  76 1016.2  27.0  27.0  23.2 99.0 99.00
2016 05 07 13 50  79  6.5  7.9  2.06  7.14  6.19 100 1016.0  26.4  27.1  23.3 99.0 99.00
2016 05 07 14 50  90 10.1 12.4  2.18  7.69  6.20  97 1015.6  26.0  27.1  23.6 99.0 99.00
2016 05 07 15 50 112  6.5  7.7  2.24  7.69  6.16 101 1015.6  26.1  27.1  23.4 99.0 99.00
2016 05 07 16 50  98 10.3 12.1  2.20  7.69  5.90  99 1014.6  26.2  27.1  23.5 99.0 99.00
2016 05 07 17 50  98  8.9 10.7  2.47  8.33  6.11  89 1014.3  26.3  27.1  23.0 99.0 99.00
2016 05 07 18 50 100  7.5  9.7  2.32  7.69  5.97  92 1014.0  26.4  27.1  23.1 99.0 99.00
2016 05 07 19 50  88  6.9  8.0  2.19  6.67  6.00  96 1013.7  25.4  27.1  23.2 99.0 99.00
2016 05 07 20 50  99 10.1 13.0  2.37  7.69  6.23  88 1013.8  25.5  27.1  23.3 99.0 99.00
2016 05 07 21 50  81  9.8 11.4  2.38  7.69  6.04  95 1014.1  26.6  27.0  22.4 99.0 99.00
2016 05 07 22 50  74 10.1 11.6  2.35  7.69  5.97  85 1014.4  26.8  27.0  22.3 99.0 99.00
2016 05 07 23 50  74  9.2 11.5  2.55  8.33  6.05  87 1015.0  26.8  27.0  22.1 99.0 99.00
2016 05 08 00 50  73  9.2 11.2  2.55  7.69  6.11  82 1015.4  26.7  27.0  22.1 99.0 99.00
2016 05 08 01 50  79  9.2 10.7  2.68  7.69  6.33  80 1015.8  26.6  27.0  21.9 99.0 99.00
2016 05 08 02 50  82  9.1 11.0  2.52  8.33  6.23  86 1015.6  26.5  27.0  21.6 99.0 99.00
2016 05 08 03 50  80  8.6 10.5  2.51  9.09  6.22  81 1015.3  26.5  26.9  21.7 99.0 99.00
2016 05 08 04 50  83  8.3 10.4  2.41 10.00  6.09  67 1014.5  26.4  26.9  21.6 99.0 99.00
2016 05 08 05 50  85  7.7  9.1  2.50  9.09  6.45  60 1013.9  26.4  26.9  21.5 99.0 99.00
2016 05 08 06 50  83  8.5  9.8  2.49  9.09  6.54  72 1013.3  26.3  26.9  21.6 99.0 99.00
2016 05 08 07 50  79  8.2  9.7  2.34  9.09  6.47  83 1013.1  26.3  26.9  21.7 99.0 99.00
2016 05 08 08 50  95  8.2 10.7  2.58  9.09  6.64  72 1013.5  25.5  26.9  21.6 99.0 99.00
2016 05 08 09 50  77  8.3  9.8  2.37  9.09  6.59  78 1013.9  26.3  26.9  21.9 99.0 99.00
2016 05 08 10 50  77  8.7 10.1  2.33 10.00  6.32  63 1014.3  26.4  26.9  22.2 99.0 99.00
2016 05 08 11 50  78  8.3  9.9  2.47  9.09  6.30  80 1014.8  26.6  26.9  21.8 99.0 99.00
2016 05 08 12 50  82  8.0  9.7  2.35  8.33  6.13  79 1015.3  26.6  27.0  21.7 99.0 99.00
2016 05 08 13 50  88  7.7  9.0  2.29  9.09  6.17  66 1015.4  26.7  27.0  21.3 99.0 99.00
2016 05 08 14 50  79  7.1  8.3  2.50  8.33  6.61  80 1015.2  26.6  27.0  22.0 99.0 99.00
2016 05 08 15 50  83  6.9  8.3  2.26  9.09  6.38  66 1015.1  26.6  27.1  21.3 99.0 99.00
2016 05 08 16 50  78  6.8  8.0  2.17  9.09  6.39  70 1014.7  26.6  27.1  21.5 99.0 99.00
2016 05 08 17 50  85  6.4  7.5  2.26  9.09  6.37  85 1014.0  26.6  27.1  21.2 99.0 99.00
2016 05 08 18 50  81  6.6  8.0  2.18  9.09  6.36  62 1013.4  26.6  27.2  21.3 99.0 99.00
2016 05 08 19 50  81  6.5  7.6  1.97  9.09  6.29  81 1013.2  26.7  27.2  21.6 99.0 99.00
2016 05 08 20 50  79  6.7  8.2  2.05  9.09  6.56  66 1013.2  26.7  27.1  21.4 99.0 99.00
2016 05 08 21 50  80  7.4  8.8  2.03  9.09  6.37  75 1013.2  26.6  27.1  21.6 99.0 99.00
2016 05 08 22 50  72  8.1  9.7  2.23  8.33  6.45  82 1013.5  26.5  27.0  21.5 99.0 99.00
2016 05 09 00 50  70  7.6  9.7  2.11  8.33  6.16  65 1014.6  26.6  27.0  21.7 99.0 99.00
2016 05 09 01 50  51  7.8  9.9  2.29  9.09  6.24  72 1014.9  26.3  26.9  21.7 99.0 99.00
2016 05 09 02 50  71  8.1  9.5  2.32  8.33  6.32  87 1014.7  26.5  26.9  21.2 99.0 99.00
2016 05 09 03 50  60  8.4 10.1  2.12  9.09  5.88  69 1014.4  26.1  26.9  22.1 99.0 99.00
2016 05 09 04 50  69  8.7 10.7  2.33  9.09  6.31  81 1013.8  26.2  26.9  21.6 99.0 99.00
2016 05 09 05 50  76  7.7  9.0  2.22  8.33  6.12  73 1013.6  26.2  26.9  21.1 99.0 99.00
2016 05 09 06 50  75  8.2  9.9  2.12  9.09  5.93  65 1013.6  26.2  26.9  21.4 99.0 99.00
2016 05 09 07 50  83  7.9  9.6  2.26  8.33  6.24  88 1013.7  26.2  26.9  21.0 99.0 99.00
2016 05 09 08 50  78  8.2  9.9  2.09  9.09  6.11  78 1013.7  26.1  26.9  21.5 99.0 99.00
2016 05 09 09 50  78  8.1  9.8  2.07  9.09  5.82  79 1014.3  26.3  26.9  21.4 99.0 99.00
2016 05 09 11 50  71  9.0 10.6  2.15  8.33  5.87  78 1015.2  26.6  27.0  21.3 99.0 99.00
2016 05 09 12 50  76  8.2 10.0  2.03  9.09  5.78  79 1015.8  26.7  27.0  21.6 99.0 99.00
2016 05 09 14 50  71  8.7 10.2  2.03  9.09  5.83  95 1015.5  26.5  27.0  22.2 99.0 99.00
2016 05 09 15 50  75  8.8 10.8  1.94  7.14  5.40  79 1015.2  26.7  27.1  21.8 99.0 99.00
2016 05 09 16 50  75  9.1 10.4  2.08  8.33  5.61  79 1014.8  26.7  27.1  21.5 99.0 99.00
2016 05 09 17 50  82  8.0  9.6  2.14  8.33  5.89  91 1014.3  26.7  27.1  21.7 99.0 99.00
2016 05 09 18 50  84  7.3  9.0  2.04  9.09  5.89  71 1014.0  26.8  27.1  22.1 99.0 99.00
2016 05 09 19 50  82  8.2  9.4  1.92  8.33  5.66  96 1013.6  26.7  27.1  21.6 99.0 99.00
2016 05 09 20 50  81  8.2  9.8  1.74  9.09  5.51  88 1013.4  26.7  27.1  21.9 99.0 99.00
2016 05 09 21 50  80  8.3  9.7  2.00  8.33  5.69  81 1013.8  26.7  27.0  22.0 99.0 99.00
2016 05 09 22 50  75  8.7 10.8  1.92  9.09  5.73  85 1014.0  26.6  27.0  21.8 99.0 99.00
2016 05 09 23 50  82  8.6 10.5  2.08  9.09  5.72  84 1014.6  26.6  27.0  21.6 99.0 99.00
2016 05 10 00 50  79  8.0  9.5  1.97  8.33  5.56  92 1015.2  26.7  27.0  21.8 99.0 99.00
2016 05 10 01 50  81  8.5 10.3  1.97  8.33  5.59  79 1015.3  26.6  27.0  21.8 99.0 99.00
2016 05 10 02 50  80  8.8 10.8  1.95  8.33  5.63  80 1015.4  26.6  27.0  21.2 99.0 99.00
2016 05 10 03 50  66  8.5  9.8  1.95  9.09  5.78  81 1014.8  26.4  27.0  21.8 99.0 99.00
2016 05 10 04 50  63  8.7 10.7  1.92  8.33  5.58  85 1014.1  26.2  26.9  22.1 99.0 99.00
2016 05 10 05 50  73  8.7  9.9  2.02  9.09  5.74  84 1013.5  26.1  26.9  22.0 99.0 99.00
2016 05 10 06 50  67  8.6 10.1  1.95  9.09  5.79  85 1013.3  26.3  26.9  21.8 99.0 99.00
2016 05 10 07 50  75  7.6  9.7  2.07  7.69  5.96  69 1013.5  26.3  26.9  21.7 99.0 99.00
2016 05 10 08 50  76  7.7  9.2  2.00  8.33  5.85  86 1013.7  25.8  26.9  21.6 99.0 99.00
2016 05 10 09 50  72  8.5 10.2  1.90  8.33  5.71  96 1014.1  26.1  26.9  22.4 99.0 99.00
2016 05 10 10 50  69  7.9  9.6  1.91  8.33  5.54  79 1014.9  26.4  26.9  22.1 99.0 99.00
2016 05 10 11 50  62  7.4  9.1  2.00  8.33  5.74  71 1015.2  25.9  26.9  22.6 99.0 99.00
2016 05 10 12 50  72  9.3 11.6  2.10  8.33  5.76  80 1015.4  26.0  27.0  22.4 99.0 99.00
2016 05 10 13 50  74  8.5  9.9  2.12  9.09  5.69  76 1015.5  26.3  27.0  22.2 99.0 99.00
2016 05 10 14 50  59  7.3  8.8  2.18  8.33  5.84  70 1015.6  26.1  27.1  23.0 99.0 99.00
2016 05 10 15 50  84  7.8  9.6  2.05  8.33  5.69  69 1015.3  26.2  27.1  22.6 99.0 99.00
2016 05 10 16 50  67  9.4 12.2  1.96  8.33  5.64  75 1014.7  26.4  27.1  22.9 99.0 99.00
2016 05 10 17 50  65  8.5 10.7  1.98  8.33  5.58  67 1014.3  25.6  27.1  22.8 99.0 99.00
2016 05 10 18 50  75 10.2 12.6  2.06  7.69  5.85  80 1013.7  25.4  27.1  23.1 99.0 99.00
2016 05 10 19 50  70  9.2 10.6  2.23  8.33  5.72  79 1013.8  25.1  27.1  22.8 99.0 99.00
2016 05 10 20 50  88 10.3 15.1  2.24  9.09  5.66  70 1014.0  25.3  27.0  23.1 99.0 99.00
2016 05 10 21 50  88 10.6 13.4  2.42  6.67  5.73  74 1014.3  25.9  27.0  22.5 99.0 99.00
2016 05 10 22 50  81 10.7 12.9  2.29  7.14  5.74  73 1014.8  25.6  27.0  22.4 99.0 99.00
2016 05 10 23 50  81  8.7 10.4  2.31  8.33  5.68  74 1015.3  26.5  27.0  21.7 99.0 99.00
2016 05 11 00 50  77 10.1 11.8  2.28  8.33  5.81  76 1015.7  26.8  27.0  22.0 99.0 99.00
2016 05 11 01 50  75  9.2 10.7  2.17  8.33  5.70  75 1015.9  27.0  27.0  21.7 99.0 99.00
2016 05 11 02 50  75  9.8 11.5  2.34  7.69  5.99  72 1015.4  26.8  26.9  21.6 99.0 99.00
2016 05 11 03 50  75  9.3 11.0  2.25  8.33  5.79  80 1015.1  26.7  26.9  22.1 99.0 99.00
2016 05 11 04 50  69  9.1 10.7  2.14  8.33  5.62  76 1014.6  26.6  26.9  22.3 99.0 99.00
2016 05 11 05 50  70  9.6 11.8  2.19  8.33  5.54  68 1014.0  26.5  26.9  22.3 99.0 99.00
2016 05 11 06 50  70  9.6 11.0  2.39  8.33  6.02  64 1014.1  26.3  26.9  21.4 99.0 99.00
2016 05 11 07 50  68  9.1 10.6  2.25  8.33  5.71  79 1014.3  26.3  26.9  21.4 99.0 99.00
2016 05 11 08 50  71  8.8 10.6  2.08  8.33  5.57  66 1014.6  26.3  26.9  21.4 99.0 99.00
2016 05 11 09 50  68  8.8 10.3  2.12  7.69  5.64  76 1015.1  26.3  26.9  21.5 99.0 99.00
2016 05 11 10 50  73  8.0  9.6  2.11  8.33  5.89  72 1015.6  26.5  26.9  21.6 99.0 99.00
2016 05 11 11 50  67  8.1  9.5  2.06  8.33  5.90  74 1015.6  26.4  26.9  21.8 99.0 99.00
2016 05 11 12 50  75  7.8  9.5  1.94  8.33  5.72  82 1015.8  26.4  27.0  21.7 99.0 99.00
2016 05 11 13 50  72  7.6  9.0  1.95  8.33  5.63  78 1016.0  26.5  27.0  21.6 99.0 99.00
2016 05 11 14 50  71  7.4  8.7  2.00  8.33  5.79  69 1015.6  26.4  27.1  21.7 99.0 99.00
2016 05 11 15 50  72  7.1  8.7  1.91  7.14  5.78  77 1015.5  26.5  27.1  21.7 99.0 99.00
2016 05 11 16 50  80  7.4  8.8  1.94  8.33  5.83  87 1014.7  26.6  27.1  21.7 99.0 99.00
2016 05 11 17 50  78  7.7  9.2  1.86  8.33  5.70  76 1014.1  26.6  27.1  21.8 99.0 99.00
2016 05 11 18 50  77  7.3  8.7  1.88  8.33  5.75  70 1013.8  26.6  27.1  21.7 99.0 99.00
2016 05 11 19 50  71  8.0  9.1  1.81  7.69  5.64  83 1013.8  26.6  27.1  22.0 99.0 99.00
2016 05 11 20 50  70  7.7  9.0  1.74  8.33  5.67  83 1013.9  26.6  27.1  22.0 99.0 99.00
2016 05 11 21 50  75  7.2  8.5  1.76  7.69  5.56  87 1014.3  26.6  27.1  22.3 99.0 99.00
2016 05 11 22 50  72  7.8  9.1  1.77  7.69  5.46  72 1014.8  26.2  27.1  22.2 99.0 99.00
2016 05 11 23 50  74  8.8 11.5  1.67  7.69  5.51  90 1015.4  26.5  27.0  22.4 99.0 99.00
2016 05 12 00 50  75  9.2 10.6  1.90  8.33  5.48  83 1016.0  26.1  27.0  22.2 99.0 99.00
2016 05 12 01 50  64  8.1  9.5  1.71  8.33  5.48  75 1016.5  26.2  27.0  22.3 99.0 99.00
2016 05 12 02 50  71  8.3  9.8  1.82  7.69  5.48  67 1016.6  26.3  27.0  22.3 99.0 99.00
2016 05 12 04 50  67  8.1 10.0  1.80  7.69  5.45  70 1015.3  25.8  26.9  22.6 99.0 99.00
2016 05 12 05 50  66  8.5 10.1  1.83  7.69  5.55  62 1014.9  26.3  26.9  21.9 99.0 99.00
2016 05 12 06 50  63  8.3  9.5  1.83  8.33  5.58  74 1014.8  26.0  26.9  22.6 99.0 99.00
2016 05 12 07 50  65  8.4  9.8  1.80  7.69  5.46  78 1014.4  26.1  26.9  22.5 99.0 99.00
2016 05 12 08 50  67  8.7 10.1  1.86  8.33  5.67  76 1014.4  25.8  26.9  22.5 99.0 99.00
2016 05 12 09 50  73  8.6 10.1  1.76  7.69  5.47  77 1014.7  26.2  26.9  22.5 99.0 99.00
2016 05 12 10 50 119  6.4  7.9  1.88  8.33  5.58  78 1015.2  25.4  26.9  23.1 99.0 99.00
2016 05 12 11 50 118  6.9  9.1  1.90  7.69  5.40  63 1015.6  24.9  26.9  22.7 99.0 99.00
2016 05 12 12 50 107  6.2  7.1  1.94  7.69  5.49  82 1015.7  25.1  27.0  22.6 99.0 99.00
2016 05 12 14 50  66  7.2  8.5  1.85  7.69  5.62  74 1015.4  25.8  27.0  23.1 99.0 99.00
2016 05 12 15 50  84  7.4  8.8  1.81  7.69  5.67  73 1014.9  26.7  27.1  22.5 99.0 99.00
2016 05 12 16 50  81  7.3  8.6  1.70  7.69  5.46  74 1014.4  26.9  27.1  22.8 99.0 99.00
2016 05 12 17 50  88  7.2  8.4  1.82  7.69  5.58  68 1014.1  27.0  27.1  22.0 99.0 99.00
2016 05 12 19 50 109  7.7 10.9  1.72  7.69  5.46  68 1014.1  25.2  27.1  22.8 99.0 99.00
2016 05 12 20 50 101  6.3  7.5  1.77  8.33  5.77  78 1014.5  26.6  27.1  23.0 99.0 99.00
2016 05 12 21 50  88  8.3  9.7  1.80  7.69  5.62  72 1015.1  26.2  27.0  22.8 99.0 99.00
2016 05 12 22 50  88  6.6  9.3  1.67  7.14  5.41  76 1015.7  26.5  27.0  23.4 99.0 99.00
2016 05 12 23 50 111  8.4  9.9  1.82  7.69  5.64  86 1016.2  26.4  27.0  22.5 99.0 99.00
2016 05 13 00 50 100  6.1  7.0  1.80  7.69  5.69  78 1016.8  26.7  27.0  22.5 99.0 99.00
2016 05 13 01 50  74  9.1 11.0  1.74  7.69  5.58  73 1016.9  25.3  27.0  22.2 99.0 99.00
2016 05 13 02 50  87  9.2 13.0  1.75  7.69  5.60  78 1016.7  25.8  27.0  22.1 99.0 99.00
2016 05 13 03 50  83  7.1  8.5  1.75  7.69  5.41  64 1016.0  26.6  27.0  22.2 99.0 99.00
2016 05 13 04 50  89  7.1  8.3  1.71  7.14  5.65  74 1015.3  26.6  27.0  22.8 99.0 99.00
2016 05 13 05 50  97  6.9  7.9  1.66  7.14  5.52  83 1014.8  26.6  27.0  22.7 99.0 99.00
2016 05 13 06 50  95  6.5  7.7  1.68  7.69  5.67  73 1014.5  26.5  27.0  22.9 99.0 99.00
2016 05 13 07 50 118  6.2  7.5  1.67  7.69  5.69  76 1014.9  26.4  26.9  22.8 99.0 99.00
2016 05 13 08 50 105  5.9  6.8  1.54  7.14  5.60  82 1015.0  26.4  26.9  22.3 99.0 99.00
2016 05 13 09 50 100  5.9  6.8  1.59  7.69  5.76  76 1015.5  26.5  26.9  22.6 99.0 99.00
2016 05 13 10 50  91  5.3  6.5  1.59  7.14  5.87  77 1016.0  26.7  27.0  22.4 99.0 99.00
2016 05 13 11 50  89  5.7  6.6  1.50  7.69  5.73  78 1016.3  26.6  27.0  22.6 99.0 99.00
2016 05 13 12 50  86  5.4  6.4  1.52  7.14  6.00  92 1016.9  26.6  27.1  22.7 99.0 99.00
2016 05 13 13 50  81  5.6  6.5  1.44  7.69  5.78  93 1016.8  26.6  27.1  22.5 99.0 99.00
2016 05 13 14 50  83  5.3  6.2  1.50  7.69  6.11  99 1016.7  26.7  27.2  22.3 99.0 99.00
2016 05 13 15 50  72  4.8  5.9  1.50  7.69  6.23  84 1016.4  26.7  27.3  22.5 99.0 99.00
2016 05 13 16 50  75  5.0  6.1  1.55 14.81  6.21  74 1015.9  26.6  27.4  22.6 99.0 99.00
2016 05 13 17 50  76  5.3  6.4  1.52 14.81  6.28  32 1015.3  26.7  27.4  22.7 99.0 99.00
2016 05 13 18 50  64  5.7  6.6  1.57 14.81  6.51  52 1015.0  26.8  27.4  22.7 99.0 99.00
2016 05 13 19 50  61  6.0  7.3  1.64 14.81  6.70  60 1014.8  26.9  27.4  22.6 99.0 99.00
2016 05 13 20 50  64  6.0  7.2  1.66 12.90  6.65  54 1015.1  26.9  27.4  22.4 99.0 99.00
2016 05 13 21 50  74  6.6  7.8  1.74 13.79  6.89  57 1015.6  26.7  27.3  22.8 99.0 99.00
2016 05 13 22 50  72  5.8  7.0  1.77 13.79  6.81  53 1016.1  26.7  27.3  22.4 99.0 99.00
2016 05 13 23 50  76  6.4  7.4  1.62 12.90  6.81  44 1016.6  26.7  27.2  22.5 99.0 99.00
2016 05 14 00 50  79  7.2  8.6  1.90 13.79  6.96  48 1016.7  26.6  27.2  22.3 99.0 99.00
2016 05 14 01 50  75  6.4  8.0  1.70 14.81  6.67  34 1016.8  26.6  27.1  22.6 99.0 99.00
2016 05 14 02 50  82  6.4  7.8  1.85 13.79  6.96  54 1016.6  26.5  27.1  22.6 99.0 99.00
2016 05 14 03 50  77  6.1  7.3  1.70 12.90  6.73  50 1016.0  26.5  27.1  22.6 99.0 99.00
2016 05 14 04 50  89  6.5  7.4  1.80 13.79  7.20  45 1015.6  26.4  27.1  22.6 99.0 99.00
2016 05 14 05 50  78  6.2  7.2  1.88 13.79  7.23  47 1015.0  26.4  27.1  22.9 99.0 99.00
2016 05 14 06 50  78  6.5  7.7  1.82 12.12  7.03  43 1014.9  26.4  27.0  22.7 99.0 99.00
2016 05 14 07 50  99  5.5  6.6  1.82 13.79  6.95  47 1015.1  26.4  27.0  22.6 99.0 99.00
2016 05 14 08 50  99  5.7  6.6  1.68 13.79  6.28  32 1015.4  26.4  27.0  22.8 99.0 99.00
2016 05 14 09 50  93  6.2  7.3  1.76 13.79  6.76  50 1015.8  26.5  27.0  22.3 99.0 99.00
2016 05 14 10 50  96  5.9  6.8  1.70 13.79  6.89  46 1016.3  26.7  27.0  22.5 99.0 99.00
2016 05 14 11 50  98  6.4  7.6  1.75 13.79  6.73  49 1016.3  26.8  27.1  22.8 99.0 99.00
2016 05 14 12 50  99  6.6  7.7  1.65 12.90  6.31  30 1016.7  26.8  27.1  22.5 99.0 99.00
2016 05 14 13 50  98  6.4  7.4  1.65 13.79  6.28  44 1016.8  26.8  27.2  22.5 99.0 99.00
2016 05 14 14 50  94  6.9  8.2  1.61 13.79  6.26  45 1016.4  26.8  27.2  22.5 99.0 99.00
2016 05 14 15 50  97  6.4  7.5  1.55 12.90  5.92  43 1015.9  26.8  27.3  22.7 99.0 99.00
2016 05 14 16 50 102  6.5  7.4  1.54 12.90  6.03  39 1015.6  26.8  27.3  22.3 99.0 99.00
2016 05 14 17 50  94  6.0  7.8  1.57 13.79  5.93  45 1015.2  26.9  27.3  22.2 99.0 99.00
2016 05 14 18 50  92  6.7  7.8  1.56 12.90  5.98  53 1015.0  27.0  27.3  22.4 99.0 99.00
2016 05 14 19 50  88  6.6  7.7  1.54 12.90  5.95  40 1014.8  27.0  27.3  22.1 99.0 99.00
2016 05 14 20 50  83  6.5  7.7  1.62 12.90  6.08  52 1014.8  27.0  27.3  22.4 99.0 99.00
2016 05 14 21 50  84  5.9  7.1  1.52 12.90  5.88  55 1015.6  26.9  27.2  22.6 99.0 99.00
2016 05 14 22 50  82  7.0  8.0  1.52 12.90  6.11  61 1016.1  26.9  27.2  22.4 99.0 99.00
2016 05 14 23 50  88  5.7  6.6  1.55 12.12  6.27  47 1016.6  26.8  27.1  22.7 99.0 99.00
2016 05 15 00 50  93  6.5  7.8  1.46 10.81  5.99  57 1016.9  26.6  27.1  23.0 99.0 99.00
2016 05 15 01 50  94  7.3  8.7  1.54 12.12  5.88  44 1017.3  26.9  27.1  22.6 99.0 99.00
2016 05 15 02 50  95  6.6  7.9  1.56 12.12  5.83  42 1017.4  26.8  27.1  22.8 99.0 99.00
2016 05 15 03 50  97  6.9  7.8  1.42 12.12  5.62  49 1016.6  26.8  27.1  22.7 99.0 99.00
2016 05 15 04 50  80  6.6  7.5  1.40 10.81  5.59  62 1016.0  26.6  27.1  22.9 99.0 99.00
2016 05 15 05 50 104  7.1  8.2  1.37 12.12  5.52  41 1015.6  26.6  27.1  22.3 99.0 99.00
2016 05 15 06 50  95  7.5  9.1  1.40 12.12  5.69  31 1015.4  26.5  27.1  22.4 99.0 99.00
2016 05 15 07 50  95  6.7  8.2  1.54 12.12  5.66  56 1015.7  26.6  27.1  22.4 99.0 99.00
2016 05 15 08 50  89  7.8  8.8  1.44 12.12  5.36  39 1015.8  26.6  27.1  22.2 99.0 99.00
2016 05 15 09 50  95  8.2  9.6  1.55 12.12  5.46  27 1016.2  26.5  27.1  22.4 99.0 99.00
2016 05 15 10 50 100  7.7  8.8  1.59  6.67  5.47  91 1016.9  26.8  27.1  22.3 99.0 99.00
2016 05 15 11 50 102  7.8  9.2  1.58 11.43  5.28  71 1017.2  26.8  27.1  22.5 99.0 99.00
2016 05 15 12 50  91  7.6  9.4  1.63  6.25  5.26  98 1017.6  26.9  27.1  22.4 99.0 99.00
2016 05 15 13 50  97  7.2  8.4  1.53  6.25  5.28  97 1017.3  27.0  27.2  22.2 99.0 99.00
2016 05 15 14 50  92  8.0  9.0  1.44 10.81  5.32  45 1017.0  26.9  27.2  22.2 99.0 99.00
2016 05 15 15 50  86  7.5  8.7  1.63  5.56  5.21  97 1016.9  26.9  27.2  22.3 99.0 99.00
2016 05 15 16 50  85  7.8  9.3  1.60 11.43  5.45  44 1016.2  27.0  27.3  22.1 99.0 99.00
2016 05 15 17 50  82  8.0  9.6  1.59  5.88  5.24 105 1015.5  26.9  27.3  22.1 99.0 99.00
2016 05 15 18 50  85  7.1  8.2  1.63  6.25  5.31  98 1015.2  27.1  27.3  22.2 99.0 99.00
2016 05 15 19 50  74  7.1  8.5  1.52  7.14  5.16  99 1015.1  27.0  27.3  22.4 99.0 99.00
2016 05 15 20 50  83  7.1  8.4  1.56  6.67  5.21  81 1015.3  26.9  27.3  22.8 99.0 99.00
2016 05 15 21 50  90  7.9  9.1  1.65  6.67  5.44  97 1015.7  26.8  27.2  22.5 99.0 99.00
2016 05 15 22 50  86  8.0  9.7  1.72  6.67  5.46 102 1016.4  26.9  27.2  22.8 99.0 99.00
2016 05 15 23 50  83  8.2  9.5  1.65  6.25  5.29  92 1017.2  26.9  27.2  22.9 99.0 99.00
2016 05 16 00 50  86  8.3  9.3  1.58  6.67  5.24  85 1017.6  26.8  27.1  22.9 99.0 99.00
2016 05 16 01 50  78  8.2  9.7  1.65  7.14  5.27 107 1018.1  26.9  27.1  22.9 99.0 99.00
2016 05 16 02 50  74  9.1 10.7  1.62  6.25  5.09  97 1017.7  26.9  27.1  23.2 99.0 99.00
2016 05 16 03 50  80  8.5  9.9  1.77  7.14  5.20 104 1017.4  26.9  27.1  23.4 99.0 99.00
2016 05 16 04 50  84  9.2 10.6  1.72  7.14  5.10 103 1016.4  26.9  27.1  23.3 99.0 99.00
2016 05 16 05 50  91  9.0 10.6  1.73  7.14  5.21  97 1015.9  26.8  27.1  23.0 99.0 99.00
2016 05 16 06 50  91  8.6  9.9  1.82  6.67  5.20 105 1015.7  26.8  27.1  23.1 99.0 99.00
2016 05 16 07 50  82  8.7 10.0  1.80  7.14  5.32 110 1015.9  26.7  27.1  22.9 99.0 99.00
2016 05 16 08 50  81  8.9 10.6  1.77  7.14  5.33 107 1016.2  26.7  27.1  23.3 99.0 99.00
2016 05 16 09 50  81  8.4  9.9  1.87  7.14  5.41  95 1016.8  26.8  27.1  23.3 99.0 99.00
2016 05 16 10 50  85  8.9 10.9  1.90  7.69  5.46 106 1017.2  27.1  27.1  22.9 99.0 99.00
2016 05 16 11 50  86  9.9 12.0  1.92  6.67  5.31 102 1017.5  26.7  27.1  23.0 99.0 99.00
2016 05 16 12 50  80  8.5  9.7  1.86  7.14  5.32 103 1018.0  26.7  27.1  23.3 99.0 99.00
2016 05 16 13 50  82  9.8 11.9  2.00  7.69  5.54  99 1017.5  26.3  27.2  23.0 99.0 99.00
2016 05 16 14 50  73  7.6  9.3  2.07  7.14  5.43  95 1017.4  26.7  27.2  22.6 99.0 99.00
2016 05 16 15 50  74  6.0  7.4  1.93  7.14  5.65 108 1017.2  27.0  27.3  23.4 99.0 99.00
2016 05 16 16 50  76  7.1  8.3  1.88  7.69  5.61 107 1016.6  27.2  27.3  23.5 99.0 99.00
2016 05 16 17 50  74  7.3  8.6  1.95  7.14  5.66  97 1016.1  27.1  27.3  23.5 99.0 99.00
2016 05 16 18 50  75  7.9  9.5  1.75  7.69  5.50 106 1015.8  27.2  27.3  23.3 99.0 99.00
2016 05 16 19 50  77  9.8 11.5  1.92  7.14  5.40 103 1015.6  27.0  27.3  23.3 99.0 99.00
2016 05 16 20 50  73  9.2 11.4  1.97  7.69  5.49  97 1015.9  27.1  27.3  23.0 99.0 99.00
2016 05 16 21 50  80 10.6 12.0  2.01  7.14  5.26  97 1016.4  26.2  27.3  23.1 99.0 99.00
2016 05 16 22 50  68  7.6  9.2  2.06  7.14  5.62 103 1017.0  25.0  27.2  23.3 99.0 99.00
2016 05 16 23 50  70  9.3 10.9  1.95  7.69  5.50 103 1017.4  26.2  27.2  23.5 99.0 99.00
2016 05 17 00 50  78  9.6 11.2  1.99  7.69  5.67 104 1018.0  26.2  27.2  23.6 99.0 99.00
2016 05 17 01 50  80  9.1 10.9  1.82  8.33  5.47 107 1018.1  27.0  27.2  23.8 99.0 99.00
2016 05 17 02 50  81 10.3 12.0  2.03  7.69  5.52 111 1017.6  26.9  27.2  23.6 99.0 99.00
2016 05 17 03 50  82  9.9 11.7  2.14  7.69  5.52  99 1017.1  27.0  27.2  23.1 99.0 99.00
2016 05 17 04 50  87 10.7 12.0  2.15  7.14  5.55 104 1016.6  26.7  27.2  23.2 99.0 99.00
2016 05 17 05 50  82  9.4 11.0  2.22  7.69  5.63  94 1016.3  26.7  27.2  23.4 99.0 99.00
2016 05 17 06 50  85  9.3 11.1  2.45  7.69  5.93 105 1016.0  26.8  27.1  23.2 99.0 99.00
2016 05 17 07 50  89  9.4 11.4  2.29  7.69  5.72  97 1016.2  26.8  27.1  23.5 99.0 99.00
2016 05 17 08 50  93  9.4 10.9  2.29  8.33  6.04 108 1016.1  26.6  27.1  23.2 99.0 99.00
2016 05 17 09 50  79  9.1 11.5  2.32  7.69  5.90 101 1016.6  26.6  27.1  23.0 99.0 99.00
2016 05 17 10 50  86 10.0 11.8  2.39  7.69  5.91 104 1017.2  26.9  27.1  22.3 99.0 99.00
2016 05 17 11 50  78  9.6 11.3  2.29  8.33  5.81 101 1017.8  27.0  27.1  22.3 99.0 99.00
2016 05 17 12 50  70  9.3 11.1  2.32  7.69  5.68  97 1018.0  26.9  27.2  22.7 99.0 99.00
2016 05 17 13 50  75  9.0 10.6  2.21  8.33  5.83  88 1018.0  26.9  27.2  22.4 99.0 99.00
2016 05 17 14 50  81  8.5 10.2  2.39  8.33  5.96  91 1017.7  27.0  27.2  22.4 99.0 99.00
2016 05 17 15 50  74  8.3  9.8  2.23  8.33  5.98  96 1017.3  27.0  27.3  22.5 99.0 99.00
2016 05 17 16 50  79  8.4  9.8  2.34  8.33  5.93  91 1016.5  26.9  27.3  22.5 99.0 99.00
2016 05 17 17 50  71  8.0  9.7  2.06  8.33  5.67 108 1015.8  26.8  27.3  22.9 99.0 99.00
2016 05 17 18 50  77  8.9 11.3  2.39  8.33  6.24 105 1015.2  27.0  27.3  22.3 99.0 99.00
2016 05 17 19 50  67  8.6 10.0  2.17  8.33  5.82 103 1015.3  26.7  27.3  23.1 99.0 99.00
2016 05 17 20 50  70  8.5 10.4  2.12  7.69  5.71 105 1015.2  26.8  27.3  23.0 99.0 99.00
2016 05 17 21 50  80  8.4 10.0  2.22  8.33  5.85  97 1015.6  26.6  27.2  23.5 99.0 99.00
2016 05 17 22 50  69  9.6 11.4  2.02  7.69  5.73  93 1015.9  26.8  27.2  22.8 99.0 99.00
2016 05 17 23 50  74 10.6 12.3  2.13  8.33  5.73 104 1016.5  26.5  27.2  22.8 99.0 99.00
2016 05 18 00 50  71 10.1 12.5  2.34  8.33  5.77 100 1016.8  26.9  27.2  22.7 99.0 99.00
2016 05 18 01 50  75  9.8 11.6  2.20  8.33  5.85  94 1017.3  27.0  27.2  22.4 99.0 99.00
2016 05 18 02 50  81  9.5 11.3  2.25  8.33  5.79 103 1017.1  26.9  27.1  22.3 99.0 99.00
2016 05 18 03 50  79  9.5 11.0  2.15  7.69  5.72  92 1016.4  26.7  27.1  22.1 99.0 99.00
2016 05 18 04 50  78  8.6 10.8  2.20  8.33  5.82 102 1015.6  26.7  27.1  22.0 99.0 99.00
2016 05 18 05 50  80  8.6  9.9  2.12  7.69  5.61  98 1015.2  26.6  27.1  22.1 99.0 99.00
2016 05 18 06 50  79  8.1 10.0  2.20  7.69  5.91  91 1014.8  26.4  27.1  22.5 99.0 99.00
2016 05 18 07 50  85  8.1  9.2  2.14  9.09  5.77 103 1014.9  26.7  27.1  22.3 99.0 99.00
2016 05 18 08 50  77  7.3  9.1  2.16  8.33  5.97  93 1015.2  26.7  27.1  22.5 99.0 99.00
2016 05 18 09 50  87  8.3 10.8  2.36  8.33  6.27 104 1015.6  25.6  27.1  22.5 99.0 99.00
2016 05 18 10 50  79  9.5 11.2  2.45  8.33  6.09 108 1015.9  27.0  27.1  22.2 99.0 99.00
2016 05 18 11 50  78  9.3 11.1  2.30  8.33  5.85  98 1016.7  26.9  27.1  22.4 99.0 99.00
2016 05 18 12 50  85  9.8 11.6  2.19  8.33  5.74 103 1016.7  26.9  27.1  22.1 99.0 99.00
2016 05 18 13 50  79  8.6 10.2  2.45  8.33  5.90  97 1017.0  27.0  27.2  22.3 99.0 99.00
2016 05 18 14 50  77  8.7 10.7  2.39  8.33  6.11  97 1016.8  27.0  27.2  21.8 99.0 99.00
2016 05 18 15 50  75  8.4  9.9  2.25  8.33  5.86  98 1016.2  26.9  27.2  22.1 99.0 99.00
2016 05 18 16 50  80  8.8 10.4  2.50  8.33  6.31  86 1015.3  27.0  27.2  21.5 99.0 99.00
2016 05 18 17 50  84  8.1  9.6  2.33  7.69  6.09  94 1014.9  27.0  27.3  22.1 99.0 99.00
2016 05 18 18 50  86  7.8  9.4  2.15  8.33  5.83  92 1014.5  26.9  27.2  22.5 99.0 99.00
2016 05 18 19 50  83  8.3  9.9  2.18  8.33  6.04 103 1014.4  27.0  27.2  22.1 99.0 99.00
2016 05 18 20 50  77  8.2 10.7  2.13  8.33  5.98  96 1014.6  26.9  27.2  22.7 99.0 99.00
2016 05 18 21 50  80  8.1  9.6  2.17  7.69  5.88 100 1015.2  26.9  27.2  22.3 99.0 99.00
2016 05 18 22 50  81  9.2 10.9  2.13  8.33  5.90  92 1015.7  27.0  27.2  21.9 99.0 99.00
2016 05 18 23 50  82  8.7 10.1  2.10  8.33  5.82  98 1016.4  26.9  27.2  22.4 99.0 99.00
2016 05 19 00 50  84  8.8 10.3  2.18  8.33  5.92  96 1016.8  26.9  27.1  22.3 99.0 99.00
2016 05 19 01 50  80  8.6 10.1  2.43  8.33  6.15  87 1016.9  26.8  27.1  22.1 99.0 99.00
2016 05 19 02 50  81  8.7 10.0  2.00  8.33  5.67  96 1016.6  26.7  27.1  22.5 99.0 99.00
2016 05 19 03 50  82  8.4 10.0  2.15  8.33  6.02  85 1015.8  26.8  27.1  22.4 99.0 99.00
2016 05 19 04 50  80  8.3  9.7  2.22  8.33  6.01  97 1015.1  26.7  27.1  22.2 99.0 99.00
2016 05 19 05 50  71  8.5  9.9  2.10  8.33  6.08  92 1014.8  26.6  27.1  22.5 99.0 99.00
2016 05 19 06 50  69  8.7 11.0  2.20  9.09  5.85  99 1014.5  26.6  27.1  22.3 99.0 99.00
2016 05 19 07 50  74  8.8 10.4  2.06  8.33  5.77  92 1014.6  26.6  27.1  21.9 99.0 99.00
2016 05 19 08 50  66  8.3  9.8  2.14  9.09  5.82  99 1015.2  26.5  27.1  22.3 99.0 99.00
2016 05 19 09 50  71  8.5 10.2  2.26  8.33  6.18  94 1015.8  26.7  27.1  22.5 99.0 99.00
2016 05 19 10 50  71  9.2 10.7  2.29  8.33  6.01  98 1016.3  26.8  27.1  22.3 99.0 99.00
2016 05 19 11 50  74  8.8 10.9  2.25  8.33  5.98  93 1016.9  26.8  27.1  22.6 99.0 99.00
2016 05 19 12 50  73  9.1 10.6  2.13  7.69  5.75  91 1017.1  26.9  27.1  22.3 99.0 99.00
2016 05 19 13 50  76  8.5 10.0  2.06  8.33  5.56  97 1017.0  26.9  27.2  22.7 99.0 99.00
2016 05 19 14 50  72  8.7 10.7  2.26  9.09  6.02  91 1016.8  26.9  27.2  22.7 99.0 99.00
2016 05 19 15 50  78  8.0  9.3  2.22  8.33  6.02  87 1016.5  27.0  27.2  22.8 99.0 99.00
2016 05 19 16 50  75  7.8  9.5  2.18  8.33  5.79  94 1015.8  27.0  27.2  22.7 99.0 99.00
2016 05 19 17 50  81  8.5 10.1  2.05  8.33  5.97  87 1015.0  27.0  27.3  22.4 99.0 99.00
2016 05 19 18 50  79  8.3  9.8  2.26  8.33  5.93  92 1014.5  27.0  27.3  22.9 99.0 99.00
2016 05 19 19 50  81  8.2  9.8  2.21  8.33  5.89  87 1014.4  27.0  27.3  22.9 99.0 99.00
2016 05 19 20 50  79  8.4 10.1  2.14  9.09  5.91  96 1014.5  27.0  27.3  22.9 99.0 99.00
2016 05 19 21 50  80  8.3 10.1  2.13  8.33  5.90  83 1015.2  27.1  27.3  22.1 99.0 99.00
2016 05 19 22 50  78  8.7 10.4  2.22  9.09  6.04  91 1015.8  27.1  27.2  21.8 99.0 99.00
2016 05 19 23 50  87  8.4 10.1  2.19  9.09  5.98  91 1016.7  27.0  27.2  22.6 99.0 99.00
2016 05 20 00 50  77  8.8 10.4  2.31  9.09  6.06  82 1017.2  26.9  27.2  22.4 99.0 99.00
2016 05 20 01 50  74  8.3 10.5  2.24  9.09  6.15  89 1017.3  26.9  27.2  22.8 99.0 99.00
2016 05 20 02 50  75  7.6  9.1  2.23  9.09  6.09  84 1017.3  26.8  27.2  22.9 99.0 99.00
2016 05 20 03 50  74  8.2 10.0  2.14  9.09  5.93  88 1016.5  26.7  27.2  23.2 99.0 99.00
2016 05 20 04 50  78  8.7 10.4  2.15  8.33  5.85  85 1015.9  26.7  27.2  23.0 99.0 99.00
2016 05 20 05 50  73  8.5 10.1  2.18  9.09  6.02  90 1015.5  26.6  27.1  22.8 99.0 99.00
2016 05 20 06 50  58  7.8  9.3  2.09  9.09  5.78  86 1015.3  26.6  27.1  23.0 99.0 99.00
2016 05 20 07 50  62  8.8 10.5  2.03  8.33  5.76  94 1015.5  26.5  27.1  23.2 99.0 99.00
2016 05 20 08 50  69  9.4 11.3  2.15  9.09  5.91  88 1015.7  26.6  27.1  23.1 99.0 99.00
2016 05 20 09 50  67  9.4 11.2  2.08  9.09  5.72  90 1016.2  26.7  27.1  23.2 99.0 99.00
2016 05 20 10 50  65  9.9 12.0  2.23  9.09  5.83  86 1016.7  26.7  27.1  23.0 99.0 99.00
2016 05 20 11 50  66 10.2 12.4  2.35  8.33  5.84  91 1017.4  26.8  27.2  22.9 99.0 99.00
2016 05 20 12 50  72  9.4 11.8  2.36  8.33  5.75  85 1017.6  26.9  27.2  22.9 99.0 99.00
2016 05 20 13 50  75  9.1 10.5  2.34  8.33  5.91  88 1017.9  26.9  27.2  22.8 99.0 99.00
2016 05 20 14 50  73  8.6 10.6  2.38  9.09  6.17  83 1017.6  27.0  27.3  23.1 99.0 99.00
2016 05 20 15 50  80  7.9  9.5  2.37  8.33  6.17  98 1017.3  26.8  27.3  23.1 99.0 99.00
2016 05 20 16 50  75  9.6 11.6  2.30  8.33  5.91  86 1016.5  27.1  27.3  23.0 99.0 99.00
2016 05 20 17 50  78  9.5 11.1  2.41  9.09  6.12  89 1015.8  27.1  27.3  23.0 99.0 99.00
2016 05 20 18 50  74  9.0 10.8  2.39  9.09  6.00  93 1015.7  27.0  27.3  22.9 99.0 99.00
2016 05 20 19 50  79  9.3 11.3  2.31  8.33  5.92  91 1015.8  27.2  27.3  22.0 99.0 99.00
2016 05 20 20 50  79  8.4 10.6  2.37  8.33  6.01  93 1016.2  27.0  27.3  22.9 99.0 99.00
2016 05 20 21 50  80  8.7 10.8  2.33  8.33  6.09  94 1016.6  26.9  27.3  23.5 99.0 99.00
2016 05 20 22 50  89  8.7 10.4  2.40  9.09  6.09  89 1017.0  26.9  27.3  23.2 99.0 99.00
2016 05 20 23 50  86  8.6 10.2  2.32  8.33  6.06  92 1017.6  26.9  27.3  23.5 99.0 99.00
2016 05 21 00 50  91  8.3 10.1  2.43  9.09  6.23  89 1017.9  27.0  27.2  23.2 99.0 99.00
2016 05 21 01 50  95  7.8  9.1  2.21  9.09  5.81  71 1018.0  26.9  27.2  23.3 99.0 99.00
2016 05 21 02 50  84  8.3  9.6  2.22  8.33  6.08  88 1017.3  26.7  27.2  23.6 99.0 99.00
2016 05 21 03 50  77  8.8 10.4  2.38  9.09  6.38  84 1016.6  26.8  27.2  23.7 99.0 99.00
2016 05 21 04 50  84  8.2  9.5  2.18  9.09  6.06  84 1015.9  26.8  27.2  23.2 99.0 99.00
2016 05 21 05 50  61  8.9 10.9  2.19  9.09  6.05  89 1015.3  26.6  27.2  23.9 99.0 99.00
2016 05 21 06 50  91  8.8 10.6  2.10  9.09  5.88  83 1015.3  26.5  27.2  23.5 99.0 99.00
2016 05 21 07 50  78  9.0 10.6  2.26  7.69  6.08  94 1015.6  26.7  27.2  23.1 99.0 99.00
2016 05 21 08 50  75  8.2  9.5  2.36  9.09  6.10  81 1016.1  26.7  27.2  23.1 99.0 99.00
2016 05 21 09 50  70  9.7 11.9  2.16  9.09  5.88  93 1016.7  25.2  27.2  23.0 99.0 99.00
2016 05 21 10 50  92  8.9 10.7  2.15  9.09  5.86  78 1017.0  25.6  27.2  23.3 99.0 99.00
2016 05 21 11 50  81  9.6 11.6  2.23  9.09  6.04  71 1017.2  26.9  27.2  23.5 99.0 99.00
2016 05 21 12 50  81  9.5 10.9  2.27  8.33  5.86  88 1017.3  27.0  27.2  23.0 99.0 99.00
2016 05 21 13 50  73  9.0 10.9  2.24  9.09  5.98  72 1017.5  27.0  27.3  22.7 99.0 99.00
2016 05 21 14 50  72  9.7 11.3  2.07  8.33  5.80  86 1017.1  27.0  27.3  22.9 99.0 99.00
2016 05 21 15 50  70  9.6 11.5  2.11 10.00  5.91  69 1016.6  27.0  27.4  22.8 99.0 99.00
2016 05 21 16 50  76  8.1 10.0  2.16  9.09  6.02  77 1016.1  27.0  27.4  23.4 99.0 99.00
2016 05 21 17 50  74  8.4 10.0  2.22  8.33  6.00  86 1015.4  27.1  27.4  23.0 99.0 99.00
2016 05 21 18 50  71  8.5  9.9  2.13  8.33  5.92  84 1015.5  27.1  27.4  22.7 99.0 99.00
2016 05 21 19 50  74  8.3  9.9  2.11  8.33  5.88  92 1015.2  27.1  27.4  22.7 99.0 99.00
2016 05 21 20 50  75  8.2  9.5  2.12  9.09  5.90  83 1015.6  27.1  27.4  22.6 99.0 99.00
2016 05 21 21 50  77  8.4  9.8  2.17  7.69  6.00  87 1016.0  27.0  27.4  22.6 99.0 99.00
2016 05 21 22 50  80  7.8  9.3  2.29  9.09  6.20  75 1016.3  27.0  27.3  22.6 99.0 99.00
2016 05 21 23 50  83  8.1  9.6  2.07  8.33  5.98  79 1016.9  27.0  27.3  22.7 99.0 99.00
2016 05 22 00 50  76  8.8 10.5  2.10  8.33  5.90  88 1017.1  26.9  27.3  23.1 99.0 99.00
2016 05 22 01 50  60  9.0 10.6  2.06  9.09  5.81  82 1017.3  26.8  27.3  22.9 99.0 99.00
2016 05 22 02 50  60  8.0  9.8  2.09  9.09  5.87  71 1017.2  26.9  27.3  22.9 99.0 99.00
2016 05 22 03 50  61  7.7  9.1  2.11  9.09  5.85  81 1016.7  26.8  27.3  22.9 99.0 99.00
2016 05 22 04 50  70  8.1  9.6  1.93  8.33  5.81  90 1015.9  27.0  27.3  22.3 99.0 99.00
2016 05 22 05 50  77  8.5 10.9  2.08  8.33  5.89  88 1015.4  26.7  27.3  22.9 99.0 99.00
2016 05 22 06 50  70  8.5 10.3  2.09  9.09  5.83  80 1015.3  26.6  27.3  22.6 99.0 99.00
2016 05 22 07 50  66  8.7 10.9  1.94  8.33  5.62  88 1015.0  26.6  27.2  22.7 99.0 99.00
2016 05 22 08 50  68  8.8 10.3  2.05  8.33  5.74  79 1015.4  26.7  27.2  22.5 99.0 99.00
2016 05 22 09 50  75  9.2 10.6  1.92  7.69  5.50  84 1016.0  26.8  27.2  22.3 99.0 99.00
2016 05 22 10 50  80  9.3 11.3  1.94  8.33  5.54  91 1016.4  26.8  27.2  22.8 99.0 99.00
2016 05 22 11 50  76  9.3 10.7  1.91  8.33  5.51  89 1016.8  26.9  27.3  22.6 99.0 99.00
2016 05 22 12 50  81  9.2 10.6  2.00  8.33  5.53  89 1017.2  27.1  27.3  22.4 99.0 99.00
2016 05 22 13 50  77  8.4 10.2  1.87  9.09  5.45  88 1017.4  26.9  27.3  23.0 99.0 99.00
2016 05 22 14 50  88 11.4 14.1  1.94  7.69  5.59  88 1016.9  26.8  27.3  22.2 99.0 99.00
2016 05 22 15 50  77  8.9 10.7  1.87  7.69  5.36  92 1016.8  27.0  27.4  22.9 99.0 99.00
2016 05 22 16 50  79  8.9 10.5  2.01  8.33  5.51  88 1016.3  27.1  27.4  22.7 99.0 99.00
2016 05 22 17 50  83  8.9 10.3  2.02  8.33  5.37  92 1015.6  27.0  27.4  22.7 99.0 99.00
2016 05 22 18 50  89  8.5  9.9  1.88  7.69  5.60  83 1015.3  27.0  27.4  22.5 99.0 99.00
2016 05 22 19 50  85  7.8  9.0  1.88  7.69  5.61  99 1015.2  27.0  27.4  23.0 99.0 99.00
2016 05 22 20 50  86  7.2  9.4  1.73  6.67  5.59  95 1015.8  27.0  27.4  22.6 99.0 99.00
2016 05 22 21 50  85  7.4  8.9  1.69  8.33  5.42  81 1015.9  27.0  27.4  22.7 99.0 99.00
2016 05 22 22 50  79  7.3  8.8  1.61  7.14  5.35  96 1016.4  27.0  27.3  22.8 99.0 99.00
2016 05 22 23 50  76  7.7  8.8  1.64  7.14  5.59 103 1017.0  26.9  27.3  22.7 99.0 99.00
2016 05 23 00 50  74  8.3  9.8  1.78  8.33  5.60 102 1017.3  26.8  27.3  22.8 99.0 99.00
2016 05 23 01 50  79  8.4 10.0  1.70  8.33  5.60  83 1017.5  26.9  27.3  23.0 99.0 99.00
2016 05 23 02 50  77  8.3 10.0  1.75  7.14  5.50 101 1017.3  26.8  27.3  23.0 99.0 99.00
2016 05 23 03 50  87  8.5 10.3  1.73  9.09  5.41  82 1017.0  26.8  27.3  22.8 99.0 99.00
2016 05 23 04 50  80  7.9  9.6  1.75  9.09  5.53  86 1016.5  26.8  27.3  22.8 99.0 99.00
2016 05 23 05 50  83  7.4  9.4  1.60  7.69  5.24  94 1016.2  26.7  27.2  22.8 99.0 99.00
2016 05 23 06 50  80  7.2  8.8  1.67  7.69  5.60  84 1016.1  26.6  27.2  22.7 99.0 99.00
2016 05 23 07 50  81  6.9  7.9  1.58  8.33  5.48  71 1016.5  26.6  27.2  22.4 99.0 99.00
2016 05 23 08 50  83  6.0  7.3  1.55  9.09  5.56  79 1017.0  26.8  27.2  22.6 99.0 99.00
2016 05 23 09 50  88  6.5  7.7  1.57  7.69  5.61  89 1017.5  26.8  27.2  23.0 99.0 99.00
2016 05 23 10 50  82  7.7  8.9  1.44  8.33  5.37  95 1017.9  27.0  27.2  22.9 99.0 99.00
2016 05 23 11 50  83  6.4  7.9  1.48  8.33  5.39  96 1018.5  26.8  27.3  23.0 99.0 99.00
2016 05 23 12 50  75  7.1  8.2  1.56  7.69  5.48  91 1018.9  26.9  27.3  22.9 99.0 99.00
2016 05 23 13 50  88  7.8  9.4  1.47  8.33  5.25  80 1018.9  26.9  27.3  23.0 99.0 99.00
2016 05 23 14 50  79  8.4 10.1  1.56  8.33  5.43  85 1018.7  27.1  27.4  22.3 99.0 99.00
2016 05 23 15 50  86  8.1  9.6  1.56  7.14  5.26 103 1018.5  26.9  27.4  22.3 99.0 99.00
2016 05 23 16 50  85  8.1  9.6  1.66  9.09  5.29  87 1018.0  26.9  27.4  22.2 99.0 99.00
2016 05 23 17 50  79  8.5 10.2  1.58  7.14  5.13  91 1017.3  26.9  27.4  22.1 99.0 99.00
2016 05 23 18 50  80  8.8 10.1  1.63  6.67  5.27  91 1016.8  26.9  27.4  21.8 99.0 99.00
2016 05 23 19 50  72  8.2  9.9  1.58  6.25  5.04  80 1016.6  27.0  27.4  21.9 99.0 99.00
2016 05 23 20 50  73  8.8 10.8  1.80  7.69  5.47  86 1016.4  26.8  27.4  21.9 99.0 99.00
2016 05 23 21 50  74  8.7 10.0  1.64  6.67  5.10  90 1016.6  26.8  27.3  21.9 99.0 99.00
2016 05 23 22 50  67  8.8 10.7  1.62  6.67  5.06  96 1017.4  26.8  27.3  21.5 99.0 99.00
2016 05 23 23 50  70  8.7 10.1  1.73  7.14  5.18  91 1018.0  26.8  27.3  21.4 99.0 99.00
2016 05 24 00 50  72  8.7 10.3  1.70  6.67  5.13 107 1018.3  26.8  27.3  21.6 99.0 99.00
2016 05 24 01 50  72  8.7 10.4  1.73  6.67  5.15  91 1018.6  26.7  27.3  21.5 99.0 99.00
2016 05 24 02 50  81  9.4 10.9  1.77  7.69  5.19  99 1018.4  26.7  27.3  21.3 99.0 99.00
2016 05 24 03 50  74  8.2 10.0  1.67  6.67  5.19  98 1018.2  26.6  27.2  21.8 99.0 99.00
2016 05 24 04 50  78  7.5  9.3  1.66  6.25  5.03 100 1017.6  26.6  27.2  21.2 99.0 99.00
2016 05 24 05 50  74  7.5  9.2  1.65  7.69  5.26  86 1017.0  26.5  27.2  21.6 99.0 99.00
2016 05 24 06 50  65  6.6  9.5  1.72  6.67  5.28  92 1017.1  26.3  27.2  21.9 99.0 99.00
2016 05 24 07 50  67  7.3  8.7  1.67  8.33  5.26  82 1017.2  26.4  27.2  21.8 99.0 99.00
2016 05 24 08 50  71  6.9  8.5  1.79  7.69  5.31  94 1017.5  26.1  27.2  21.8 99.0 99.00
2016 05 24 09 50  69  6.9  8.2  1.54  7.14  5.11 101 1017.8  26.6  27.2  21.4 99.0 99.00
2016 05 24 10 50  70  6.6  8.2  1.63  7.14  5.33  89 1018.0  26.7  27.2  21.4 99.0 99.00
2016 05 24 11 50  72  7.2  8.8  1.43  7.14  5.28  95 1018.4  26.7  27.3  21.6 99.0 99.00
2016 05 24 12 50  69  6.7  8.2  1.48  7.69  5.36  94 1018.9  26.7  27.3  21.5 99.0 99.00
2016 05 24 13 50  74  7.0  8.0  1.53  7.14  5.29  97 1018.6  26.7  27.4  21.6 99.0 99.00
2016 05 24 14 50  59  6.9  8.0  1.56  7.14  5.41  92 1018.4  26.5  27.4  21.9 99.0 99.00
2016 05 24 15 50  80  6.7  8.7  1.58  7.14  5.31  91 1018.0  26.8  27.4  21.4 99.0 99.00
2016 05 24 16 50  83  7.1  8.5  1.50  7.69  5.30  88 1017.6  26.9  27.4  21.3 99.0 99.00
2016 05 24 17 50  75  6.1  7.4  1.51  7.69  5.30  98 1017.2  26.9  27.4  21.7 99.0 99.00
2016 05 24 18 50  73  6.6  8.1  1.59  7.69  5.45  97 1016.7  26.9  27.5  22.1 99.0 99.00
2016 05 24 19 50  86  6.7  7.7  1.59  7.14  5.48 105 1016.4  26.8  27.4  21.7 99.0 99.00
2016 05 24 20 50  72  6.6  7.9  1.42  7.14  5.47  88 1016.4  26.9  27.4  22.0 99.0 99.00
2016 05 24 21 50  73  6.9  8.3  1.50  7.69  5.57  93 1016.5  26.8  27.4  22.0 99.0 99.00
2016 05 24 22 50  73  7.0  8.5  1.68  7.69  5.56  86 1016.9  26.7  27.4  22.0 99.0 99.00
2016 05 24 23 50  67  5.9  7.5  1.63  7.69  5.68  93 1017.3  26.1  27.3  22.4 99.0 99.00
2016 05 25 00 50  70  6.7  7.6  1.65  6.67  5.63  86 1017.4  25.8  27.3  22.1 99.0 99.00
2016 05 25 01 50  83  6.8  8.0  1.69  7.14  6.03  84 1017.7  26.7  27.3  21.9 99.0 99.00
2016 05 25 02 50  76  7.0  8.4  1.87 12.90  6.05  19 1017.6  26.6  27.3  22.2 99.0 99.00
2016 05 25 03 50  78  7.5  9.2  1.80 13.79  5.84  28 1016.9  26.5  27.3  22.2 99.0 99.00
2016 05 25 04 50  87  7.6  9.2  1.88  6.67  5.93 102 1016.3  26.6  27.2  22.0 99.0 99.00
2016 05 25 05 50  89  5.9  7.3  1.87  7.69  5.78  78 1016.0  26.5  27.2  22.1 99.0 99.00
2016 05 25 06 50  97  6.7  8.0  1.84  7.69  5.93  86 1015.7  26.5  27.2  21.8 99.0 99.00
2016 05 25 07 50  94  6.7  8.2  1.94  7.69  6.19  82 1015.7  26.5  27.2  22.2 99.0 99.00
2016 05 25 08 50  96  6.7  7.8  1.93 12.12  6.10  23 1015.9  26.6  27.2  21.8 99.0 99.00
2016 05 25 09 50  98  7.5  8.6  1.93 12.90  6.33  18 1016.1  26.7  27.2  21.7 99.0 99.00
2016 05 25 10 50  98  6.8  8.8  2.16  7.69  6.50  75 1016.4  26.8  27.2  22.2 99.0 99.00
2016 05 25 11 50  91  7.0  8.4  2.07  7.69  6.38  69 1016.5  26.8  27.2  22.2 99.0 99.00
2016 05 25 12 50 100  7.2  8.2  2.18  8.33  6.69  82 1016.5  26.9  27.3  22.2 99.0 99.00
2016 05 25 13 50 100  6.7  8.1  1.85  8.33  6.09  78 1016.7  26.9  27.3  22.6 99.0 99.00
2016 05 25 14 50  96  7.6  8.6  1.86 14.81  6.23  56 1016.3  26.9  27.4  22.3 99.0 99.00
2016 05 25 15 50 103  7.0  8.3  2.04  7.14  6.37  71 1015.8  26.9  27.4  22.7 99.0 99.00
2016 05 25 16 50  96  6.7  8.3  2.00  8.33  6.11  74 1015.5  27.0  27.4  22.9 99.0 99.00
2016 05 25 17 50  99  8.3  9.8  1.93  7.69  5.98  75 1015.0  27.0  27.4  22.7 99.0 99.00
2016 05 25 18 50 101  7.4  8.7  1.97  7.69  6.08  88 1014.7  27.1  27.4  22.9 99.0 99.00
2016 05 25 19 50  95  7.5  8.7  1.98  7.69  6.09  91 1014.5  27.2  27.4  22.8 99.0 99.00
2016 05 25 20 50  94  6.5  8.1  2.01  8.33  6.21  90 1014.4  27.1  27.4  22.8 99.0 99.00
2016 05 25 21 50  89  7.2  8.5  2.02  8.33  6.41  87 1014.6  27.0  27.4  22.6 99.0 99.00
2016 05 25 22 50  93  7.7  9.0  2.17  8.33  6.57  90 1015.1  27.0  27.4  22.4 99.0 99.00
2016 05 25 23 50  87  7.9  9.4  1.98  8.33  6.09  89 1015.6  27.0  27.3  22.6 99.0 99.00
2016 05 26 00 50  93  7.8  9.2  2.17  8.33  6.33  87 1015.7  26.9  27.3  22.4 99.0 99.00
2016 05 26 01 50  89  7.6  8.9  1.95  7.69  5.90  75 1015.5  26.9  27.3  22.8 99.0 99.00
2016 05 26 02 50  85  7.8  9.0  1.85  8.33  5.93  85 1015.5  26.8  27.3  22.8 99.0 99.00
2016 05 26 03 50  86  7.7  9.5  2.01  7.69  6.18  90 1014.8  26.8  27.2  23.0 99.0 99.00
2016 05 26 04 50  89  7.9  9.0  2.04  8.33  6.10  94 1014.1  26.6  27.2  22.7 99.0 99.00
2016 05 26 05 50  83  7.6  9.5  2.25  7.69  6.26  87 1013.7  26.6  27.2  23.0 99.0 99.00
2016 05 26 06 50  81  7.3  8.7  1.97  8.33  6.01  92 1013.6  26.6  27.2  22.8 99.0 99.00
2016 05 26 07 50  86  7.1  8.8  2.02  8.33  6.14  85 1013.9  26.6  27.2  23.1 99.0 99.00
2016 05 26 08 50  98  7.5  8.6  1.93  7.69  6.14  96 1014.0  26.7  27.2  22.9 99.0 99.00
2016 05 26 09 50  94  7.1  8.7  1.93  7.69  6.15  82 1014.4  26.8  27.2  23.2 99.0 99.00
2016 05 26 10 50  95  6.8  8.6  2.00  8.33  5.99  98 1014.8  27.0  27.2  23.3 99.0 99.00
2016 05 26 11 50  92  8.4 10.0  1.96  8.33  6.03  84 1014.9  27.0  27.3  23.1 99.0 99.00
2016 05 26 12 50 107  7.6  9.3  1.95  8.33  6.00  92 1015.4  27.0  27.3  23.2 99.0 99.00
2016 05 26 13 50 104  7.4  8.9  2.01  8.33  6.14  84 1015.6  27.1  27.4  23.4 99.0 99.00
2016 05 26 14 50 102  7.1  8.2  1.82  8.33  5.86  79 1015.6  27.1  27.4  23.3 99.0 99.00
2016 05 26 15 50 103  6.7  7.9  1.90  7.69  6.07  80 1015.3  27.1  27.5  23.4 99.0 99.00
2016 05 26 16 50 113  6.2  7.8  1.87  8.33  6.02  88 1014.6  27.2  27.6  23.3 99.0 99.00
2016 05 26 17 50 109  6.8  8.2  1.95  8.33  6.13  88 1014.0  27.2  27.6  23.2 99.0 99.00
2016 05 26 18 50 104  6.2  7.3  2.04  7.69  6.48  89 1013.4  27.2  27.6  23.3 99.0 99.00
2016 05 26 19 50 103  5.5  6.8  1.92  8.33  6.35  97 1013.1  27.3  27.7  23.4 99.0 99.00
2016 05 26 20 50  98  5.1  5.9  1.77  8.33  6.08  87 1013.5  27.2  27.7  23.5 99.0 99.00
2016 05 26 21 50  88  5.7  6.8  1.96  8.33  6.32  82 1013.9  27.1  27.6  23.5 99.0 99.00
2016 05 26 22 50  82  5.7  7.0  1.79  7.69  6.18  98 1014.5  27.1  27.6  24.0 99.0 99.00
2016 05 26 23 50  81  6.1  7.1  2.05  8.33  6.50  86 1015.2  27.1  27.6  24.0 99.0 99.00
2016 05 27 00 50  84  6.1  7.2  1.87  8.33  6.24  84 1015.5  26.8  27.6  24.0 99.0 99.00
2016 05 27 01 50  88  5.7  6.7  1.80  8.33  6.26  88 1015.8  26.9  27.6  24.0 99.0 99.00
2016 05 27 02 50  78  5.9  6.9  1.79  8.33  6.25  76 1015.4  26.9  27.6  24.1 99.0 99.00
2016 05 27 03 50  78  5.9  7.2  1.77  7.69  6.08  82 1014.8  27.0  27.6  23.9 99.0 99.00
2016 05 27 04 50  82  6.9  7.9  1.68  8.33  5.88  84 1014.1  26.9  27.6  23.5 99.0 99.00
2016 05 27 05 50  82  6.9  8.2  1.86  8.33  6.04  87 1013.6  26.8  27.6  23.4 99.0 99.00
2016 05 27 06 50  87  7.1  8.5  1.74  7.69  5.91  81 1013.7  26.8  27.6  23.3 99.0 99.00
2016 05 27 07 50  81  7.1  8.4  1.86  8.33  5.99  71 1014.0  26.8  27.6  23.4 99.0 99.00
2016 05 27 08 50  83  7.5  8.9  1.93  8.33  5.93  90 1014.1  26.8  27.6  23.2 99.0 99.00
2016 05 27 09 50  87  8.4  9.8  1.85  8.33  6.05  84 1014.3  26.7  27.5  23.5 99.0 99.00
2016 05 27 10 50  94  6.7  8.4  1.68  8.33  5.63  87 1015.0  27.1  27.5  23.7 99.0 99.00
2016 05 27 11 50  94  7.2  8.4  1.69  8.33  5.66  84 1015.1  27.1  27.6  23.5 99.0 99.00
2016 05 27 12 50  91  7.4  9.0  1.75  7.69  5.72  72 1015.4  27.1  27.6  23.3 99.0 99.00
2016 05 27 13 50  93  8.0  9.6  1.69  8.33  5.64  88 1015.4  27.2  27.7  23.5 99.0 99.00
2016 05 27 14 50  98  7.1  8.0  1.74  8.33  5.54  95 1015.3  27.1  27.8  23.6 99.0 99.00
2016 05 27 15 50  97  7.2  8.5  1.67  8.33  5.52  85 1015.2  27.2  27.8  23.7 99.0 99.00
2016 05 27 16 50  98  6.5  8.0  1.58  7.69  5.24  83 1014.7  27.3  27.9  23.5 99.0 99.00
2016 05 27 17 50  91  6.8  8.2  1.62  8.33  5.34 102 1014.2  27.3  27.9  23.6 99.0 99.00
2016 05 27 18 50  88  6.4  7.7  1.68  8.33  5.60  88 1013.9  27.3  28.0  23.5 99.0 99.00
2016 05 27 19 50  87  6.9  8.1  1.61  8.33  5.63  92 1013.7  27.3  28.0  23.3 99.0 99.00
2016 05 27 20 50  91  7.6  9.0  1.72  8.33  5.56  94 1014.0  27.3  28.0  23.4 99.0 99.00
2016 05 27 21 50  90  8.1  9.3  1.66  8.33  5.64  88 1014.4  27.2  27.9  23.1 99.0 99.00
2016 05 27 22 50  90  7.4  8.7  1.67  8.33  5.55  83 1015.1  27.2  27.9  23.2 99.0 99.00
2016 05 27 23 50  92  7.6  8.7  1.72  7.69  5.50  86 1015.7  27.2  27.8  23.4 99.0 99.00
2016 05 28 00 50  89  8.1  9.5  1.61  8.33  5.45  88 1015.9  27.1  27.8  23.1 99.0 99.00
2016 05 28 01 50  95  7.8  9.8  1.62  8.33  5.37  97 1016.4  27.2  27.8  23.0 99.0 99.00
2016 05 28 02 50  96  7.5  8.6  1.57  7.69  5.29  92 1016.4  27.1  27.7  23.1 99.0 99.00
2016 05 28 03 50 101  7.1  8.8  1.55  7.69  5.25  83 1015.5  27.0  27.7  23.2 99.0 99.00
2016 05 28 04 50  92  8.0  9.6  1.71  7.69  5.47  79 1014.6  26.8  27.6  22.9 99.0 99.00
2016 05 28 05 50  99  8.0  9.5  1.56  7.69  5.34  85 1014.2  26.8  27.6  22.9 99.0 99.00
2016 05 28 06 50  92  7.4 10.4  1.59  8.33  5.25  88 1014.3  26.7  27.6  23.5 99.0 99.00
2016 05 28 07 50 104  8.8 10.4  1.67  7.69  5.38  88 1014.2  26.9  27.6  22.7 99.0 99.00
2016 05 28 08 50 109  7.9  9.6  1.67  7.69  5.41  95 1014.8  27.0  27.6  23.1 99.0 99.00
2016 05 28 09 50 106  6.6  8.7  1.59  7.69  5.44  86 1015.6  26.9  27.6  23.3 99.0 99.00
2016 05 28 10 50 112  7.0  7.9  1.72  7.69  5.46  99 1016.2  26.9  27.6  23.1 99.0 99.00
2016 05 28 11 50 104  6.5  7.5  1.61  7.69  5.46  88 1016.5  27.0  27.6  23.6 99.0 99.00
2016 05 28 12 50 117  6.9  7.9  1.61  7.69  5.37  80 1016.8  27.3  27.7  23.0 99.0 99.00
2016 05 28 13 50 118  7.1  8.4  1.59  8.33  5.36 103 1016.9  27.4  27.7  23.1 99.0 99.00
2016 05 28 14 50 128  6.7  7.9  1.62  7.69  5.39  83 1016.7  27.4  27.7  23.4 99.0 99.00
2016 05 28 15 50 130  8.0  9.3  1.60  7.69  5.51  76 1016.2  27.4  27.8  23.5 99.0 99.00
2016 05 28 16 50 126  7.4  8.4  1.72  8.33  5.47  90 1016.1  27.5  27.8  23.3 99.0 99.00
2016 05 28 17 50 122  7.4  8.6  1.75  7.14  5.50  91 1015.4  27.5  27.9  23.4 99.0 99.00
2016 05 28 18 50 122  6.5  7.5  1.71  7.69  5.52  84 1015.5  27.5  27.8  23.4 99.0 99.00
2016 05 28 19 50 128  6.8  8.0  1.74  7.69  5.55  83 1015.4  27.6  27.9  23.2 99.0 99.00
2016 05 28 20 50 115  6.6  7.7  1.66  7.69  5.56  86 1015.7  27.5  27.9  23.0 99.0 99.00
2016 05 28 21 50 102  7.3  8.4  1.76  7.14  5.79  89 1015.9  27.3  27.8  23.1 99.0 99.00
2016 05 28 22 50  97  7.7  9.1  1.85  6.67  5.77  97 1016.2  27.3  27.9  23.1 99.0 99.00
2016 05 28 23 50  94  8.4 10.2  1.60  7.14  5.54 106 1016.6  27.3  27.8  23.3 99.0 99.00
2016 05 29 00 50  88  8.2  9.3  1.83  7.69  5.69  88 1016.7  27.2  27.8  22.9 99.0 99.00
2016 05 29 01 50  88  8.8 10.3  1.71  7.14  5.55  81 1017.0  27.1  27.8  23.0 99.0 99.00
2016 05 29 02 50  89  8.5 10.1  2.04  7.69  5.92 100 1017.0  27.2  27.8  22.9 99.0 99.00
2016 05 29 03 50  88  8.7 12.1  1.97  7.69  5.61  90 1016.6  27.0  27.7  22.8 99.0 99.00
2016 05 29 04 50  93  8.6  9.8  1.97  7.14  5.67  97 1015.7  27.0  27.7  22.8 99.0 99.00
2016 05 29 05 50  89  8.8 10.8  2.08  7.14  5.86  86 1015.2  26.9  27.7  23.3 99.0 99.00
2016 05 29 06 50  89  9.6 10.9  1.91  7.69  5.58  88 1014.9  27.0  27.7  22.9 99.0 99.00
2016 05 29 07 50  98  9.8 11.7  1.90  8.33  5.60  95 1015.4  27.1  27.6  22.1 99.0 99.00
2016 05 29 08 50 102  9.6 10.9  1.97  7.69  5.59  95 1015.7  27.0  27.6  21.7 99.0 99.00
2016 05 29 09 50 100  8.9 10.7  1.91  7.69  5.66  97 1016.2  27.0  27.6  22.4 99.0 99.00
2016 05 29 10 50  97  8.8 10.5  2.09  7.69  5.75  91 1016.4  27.2  27.6  22.7 99.0 99.00
2016 05 29 11 50  98  8.4 10.1  2.00  7.14  5.56  84 1016.7  27.2  27.7  22.5 99.0 99.00
2016 05 29 12 50 101  8.1  9.6  1.96  7.69  5.45  97 1016.8  27.2  27.7  22.7 99.0 99.00
2016 05 29 13 50  97  8.2  9.6  2.05  7.69  5.73  93 1016.6  27.3  27.8  22.6 99.0 99.00
2016 05 29 14 50 102  8.0  9.6  1.94  7.14  5.50  97 1016.3  27.3  27.9  22.6 99.0 99.00
2016 05 29 15 50 105  8.3 10.0  1.86  7.69  5.61  99 1016.1  27.2  27.9  22.5 99.0 99.00
2016 05 29 16 50  99  8.5 10.0  1.87  7.69  5.52 107 1015.5  27.3  27.9  22.5 99.0 99.00
2016 05 29 17 50  96  7.6  8.8  2.06  7.69  5.75  93 1015.2  27.3  27.9  22.9 99.0 99.00
2016 05 29 18 50  92  8.1  9.5  1.99  7.69  5.75 107 1015.0  27.3  27.9  22.2 99.0 99.00
2016 05 29 19 50  94  7.6  9.1  2.03  7.69  5.70 100 1014.8  27.3  27.9  22.3 99.0 99.00
2016 05 29 20 50  94  7.7  9.8  1.94  7.69  5.75  97 1014.8  27.3  27.9  22.6 99.0 99.00
2016 05 29 21 50  90  7.8  9.0  1.75  7.69  5.70  94 1015.1  27.2  27.9  23.0 99.0 99.00
2016 05 29 22 50  96  8.5 10.1  1.80  8.33  5.76 103 1015.3  27.2  27.8  22.6 99.0 99.00
2016 05 29 23 50  91  8.0  9.7  1.89  7.69  5.63  95 1015.9  27.2  27.8  22.9 99.0 99.00
2016 05 30 00 50  87  8.5  9.7  1.85  7.69  5.65 100 1016.0  27.1  27.8  22.7 99.0 99.00
2016 05 30 01 50  82  9.1 10.6  1.93  7.69  5.64  98 1016.2  27.1  27.7  22.3 99.0 99.00
2016 05 30 02 50  78  9.1 11.1  1.83  7.69  5.62  93 1015.8  27.1  27.7  22.9 99.0 99.00
2016 05 30 03 50  86  9.5 11.1  1.84  8.33  5.59 105 1014.9  27.0  27.7  22.9 99.0 99.00
2016 05 30 04 50  87  7.8  9.3  2.04  7.69  5.67 103 1014.5  27.0  27.7  23.1 99.0 99.00
2016 05 30 05 50  90  7.1  8.7  1.93  7.69  5.53  99 1014.2  26.9  27.6  23.0 99.0 99.00
2016 05 30 06 50  92  7.3  9.0  1.91  7.69  5.71 103 1014.2  26.7  27.6  23.1 99.0 99.00
2016 05 30 07 50  94  9.7 11.4  2.07  8.33  5.85 118 1014.2  27.0  27.6  23.0 99.0 99.00
2016 05 30 08 50  96  8.4  9.9  2.07  7.69  5.78 106 1014.7  26.9  27.5  22.8 99.0 99.00
2016 05 30 09 50  86  8.7  9.8  1.94  8.33  5.64 100 1014.9  27.0  27.5  22.5 99.0 99.00
2016 05 30 10 50  78  8.3 10.0  1.97  8.33  5.69 110 1015.4  27.1  27.5  22.5 99.0 99.00
2016 05 30 11 50  74  9.6 11.6  2.09  8.33  5.67 107 1015.4  27.1  27.6  22.7 99.0 99.00
2016 05 30 12 50  77  9.8 11.7  2.16  7.69  5.80 105 1015.5  27.3  27.6  22.9 99.0 99.00
2016 05 30 13 50  75  8.3  9.9  2.39  8.33  5.89 112 1015.2  27.3  27.6  22.9 99.0 99.00
2016 05 30 14 50  77  8.5 10.5  2.36  7.69  5.99 108 1014.9  27.3  27.7  23.4 99.0 99.00
2016 05 30 15 50  72  8.9 10.9  2.25  8.33  5.94 107 1014.9  26.9  27.7  23.4 99.0 99.00
2016 05 30 16 50  76  9.2 10.9  2.18  8.33  5.74 104 1014.4  27.2  27.8  23.2 99.0 99.00
2016 05 30 17 50  94  8.8 11.7  2.24  7.69  5.67 116 1014.0  25.4  27.8  22.8 99.0 99.00
2016 05 30 18 50  74  9.5 11.4  2.20  7.69  5.96 104 1013.7  27.3  27.7  22.8 99.0 99.00
2016 05 30 19 50  76  9.2 10.7  2.43  8.33  6.19 113 1013.3  27.2  27.7  22.9 99.0 99.00
2016 05 30 20 50  73  8.4 10.2  2.44  8.33  6.09 107 1013.9  27.3  27.7  23.1 99.0 99.00
2016 05 30 21 50  77  9.0 10.9  2.25  8.33  6.02 108 1013.9  27.3  27.7  23.2 99.0 99.00
2016 05 30 22 50  74  8.5 10.3  2.15  8.33  5.90  99 1014.3  27.4  27.7  23.2 99.0 99.00
2016 05 30 23 50  72  9.9 11.7  2.25  8.33  5.97 109 1015.0  27.2  27.7  23.3 99.0 99.00
2016 05 31 00 50  70  9.2 10.6  2.27  7.69  5.79 102 1015.3  27.2  27.7  23.1 99.0 99.00
2016 05 31 01 50  60  9.5 11.0  2.35  7.69  5.87  88 1015.4  26.2  27.7  22.7 99.0 99.00
2016 05 31 02 50  76  9.6 11.8  2.40  8.33  6.18 104 1015.1  27.2  27.6  23.6 99.0 99.00
2016 05 31 03 50  71  9.9 11.8  2.21  7.69  5.70 108 1014.3  27.2  27.6  23.1 99.0 99.00
2016 05 31 04 50  68 10.1 11.9  2.27  8.33  5.85 104 1013.6  27.0  27.6  23.3 99.0 99.00
2016 05 31 05 50  74  8.3 10.2  2.12  7.69  5.80  99 1013.3  26.8  27.6  23.9 99.0 99.00
2016 05 31 06 50  73  8.5 10.4  2.28  8.33  6.01 104 1013.3  26.8  27.6  24.0 99.0 99.00
2016 05 31 07 50  77 10.2 11.4  2.22  7.69  5.75  95 1013.1  27.0  27.5  23.4 99.0 99.00
2016 05 31 08 50  91 10.4 13.6  2.31  8.33  5.97  97 1013.6  26.8  27.5  23.5 99.0 99.00
2016 05 31 09 50  84 10.5 13.6  2.26  8.33  6.09 106 1014.1  25.8  27.5  23.5 99.0 99.00
2016 05 31 10 50  82  9.5 11.4  2.30  8.33  6.05 107 1014.2  26.5  27.5  24.0 99.0 99.00
2016 05 31 11 50  72  9.5 10.9  2.37  7.69  6.06  98 1014.5  26.2  27.6  23.9 99.0 99.00
2016 05 31 12 50  72  8.4 10.0  2.31  8.33  5.94  91 1014.8  26.5  27.6  23.9 99.0 99.00
2016 05 31 13 50  68  7.4  8.7  2.36  8.33  5.97  89 1014.8  26.7  27.7  23.8 99.0 99.00
2016 05 31 14 50  64  9.1 11.1  2.37  8.33  6.18  96 1014.3  27.2  27.7  23.9 99.0 99.00
2016 05 31 15 50  74  9.9 11.7  2.33  8.33  5.91 100 1014.2  25.1  27.7  23.8 99.0 99.00
2016 05 31 16 50  55  8.8 10.5  2.21  7.69  5.79  84 1013.5  26.5  27.8  24.0 99.0 99.00
2016 05 31 17 50  85  9.6 12.0  2.09  9.09  5.81  95 1013.3  27.1  27.8  24.1 99.0 99.00
2016 05 31 18 50  97  9.1 10.7  2.49  8.33  6.03 100 1012.6  26.2  27.7  23.8 99.0 99.00
2016 05 31 19 50  76  9.3 11.3  2.42  7.69  5.92 100 1012.2  27.4  27.7  24.0 99.0 99.00
2016 05 31 20 50  76  9.6 11.4  2.27  8.33  5.74  95 1012.8  27.4  27.7  23.8 99.0 99.00
2016 05 31 21 50  77  9.4 11.1  2.29  8.33  5.83 100 1013.3  27.4  27.7  23.9 99.0 99.00
2016 05 31 22 50  75  9.4 11.0  2.24  7.69  5.90  92 1013.9  27.4  27.7  23.7 99.0 99.00
