#YY  MM DD hh mm WDIR WSPD GST  WVHT   DPD   APD MWD   PRES  ATMP  WTMP  DEWP  VIS  TIDE
#yr  mo dy hr mn degT m/s  m/s     m   sec   sec deg    hPa  degC  degC  degC  nmi    ft
2016 04 30 23 50 356  7.2  9.1  1.01  8.33  4.85  94 1017.6  21.2  21.0  18.2 99.0 99.00
2016 05 01 00 50   2  8.0  9.0  1.09  8.33  4.60  80 1018.6  21.1  20.9  17.7 99.0 99.00
2016 05 01 01 50   3  9.0 10.3  1.17  5.00  4.50 322 1019.0  20.9  20.9  17.4 99.0 99.00
2016 05 01 02 50   6  8.2  9.5  1.44  5.00  4.79 338 1019.1  20.7  20.9  17.3 99.0 99.00
2016 05 01 03 50   9  7.6  8.7  1.35  6.25  4.75 296 1019.2  20.7  20.8  16.9 99.0 99.00
2016 05 01 04 50  10  7.3  8.7  1.29  5.88  4.73 327 1019.0  20.5  20.8  16.8 99.0 99.00
2016 05 01 05 50   9  6.9  7.8  1.25  6.25  4.80 317 1018.6  20.5  20.8  16.7 99.0 99.00
2016 05 01 06 50   1  6.9  8.5  1.32  5.88  5.03 318 1018.7  20.5  20.7  16.8 99.0 99.00
2016 05 01 07 50 359  7.1  8.5  1.38  8.33  5.32   8 1018.8  20.5  20.7  16.3 99.0 99.00
2016 05 01 08 50   8  6.4  7.5  1.62  8.33  5.76 359 1019.1  20.4  20.7  16.0 99.0 99.00
2016 05 01 09 50  10  5.9  7.2  1.86  8.33  6.19 355 1019.4  20.4  20.7  15.8 99.0 99.00
2016 05 01 10 50   5  5.2  6.5  1.82  8.33  6.19 353 1020.1  20.4  20.6  16.0 99.0 99.00
2016 05 01 11 50  10  5.2  6.3  1.85  8.33  6.14 355 1020.5  20.4  20.7  16.1 99.0 99.00
2016 05 01 12 50   3  4.3  5.7  1.68  7.14  6.07 353 1021.0  20.4  20.7  15.6 99.0 99.00
2016 05 01 13 50   1  4.1  5.1  1.66  7.69  6.14   6 1021.3  20.4  20.8  16.1 99.0 99.00
2016 05 01 14 50 167  0.0  0.1 99.00 99.00 99.00 999 1021.4  24.5  20.8  18.0 99.0 99.00
2016 05 01 15 50 348  0.1  0.5  1.79  8.33  7.26  58 1021.5  25.7  21.4  17.9 99.0 99.00
2016 05 01 16 50 350  0.1  0.6  1.60  6.67  6.95   9 1020.7  25.8  22.0  17.0 99.0 99.00
2016 05 01 18 50  31  2.9  4.2 99.00 99.00 99.00 999 1020.9  22.3  22.0  15.9 99.0 99.00
2016 05 01 19 50  25  3.2  3.9  1.39  9.09  6.06  21 1020.8  20.5  21.2  15.3 99.0 99.00
2016 05 01 20 50  21  3.5  4.3  1.27  7.69  5.86  23 1021.0  20.5  21.3  15.2 99.0 99.00
2016 05 01 21 50  24  3.2  4.2  1.32  8.33  5.95  29 1021.2  20.4  21.3  15.1 99.0 99.00
2016 05 01 22 50  20  3.8  4.6  1.37  9.09  6.08  24 1021.3  20.3  21.2  15.5 99.0 99.00
2016 05 01 23 50  31  4.5  5.6  1.23  9.09  5.88  27 1021.5  20.3  21.2  15.1 99.0 99.00
2016 05 02 00 50  42  4.1  5.0  1.31  9.09  6.13  32 1021.9  20.3  21.1  15.3 99.0 99.00
2016 05 02 01 50  57  4.2  5.2  1.20  9.09  5.81  27 1022.0  20.3  21.1  15.4 99.0 99.00
2016 05 02 02 50  85  3.9  5.1  1.28 10.00  6.27  22 1021.9  20.2  21.1  16.7 99.0 99.00
2016 05 02 03 50  76  3.4  4.3  1.39 10.00  6.70  34 1021.7  20.3  21.1  16.8 99.0 99.00
2016 05 02 04 50 107  3.0  3.6  1.49  9.09  6.88  37 1021.3  20.2  21.0  16.8 99.0 99.00
2016 05 02 05 50 117  2.9  3.7  1.44  9.09  7.02  30 1020.8  20.2  21.0  17.0 99.0 99.00
2016 05 02 06 50 145  1.5  2.4  1.64 10.81  7.70  33 1020.8  20.2  21.0  17.2 99.0 99.00
2016 05 02 07 50 141  1.9  2.6  1.53 10.81  7.62  23 1020.3  20.2  21.0  17.3 99.0 99.00
2016 05 02 08 50 173  1.1  2.2  1.54 10.81  7.74  27 1020.8  20.2  20.9  17.0 99.0 99.00
2016 05 02 09 50 163  0.9  1.4  1.59 10.81  7.79  16 1021.0  20.3  20.9  17.0 99.0 99.00
2016 05 02 10 50 177  1.8  5.1  1.51 10.81  7.79  25 1021.7  20.6  20.9  15.2 99.0 99.00
2016 05 02 11 50 236  3.0  4.1  1.45 10.81  7.50  25 1022.0  20.6  20.9  15.2 99.0 99.00
2016 05 02 12 50 215  0.7  1.7  1.29 10.00  7.41  31 1022.0  20.9  21.1  15.1 99.0 99.00
2016 05 02 13 50 169  0.8  1.4  1.47 10.00  7.58  28 1022.4  20.8  21.5  15.4 99.0 99.00
2016 05 02 14 50 240  0.8  1.4  1.30 10.81  7.35  13 1022.7  20.8  22.0  15.3 99.0 99.00
2016 05 02 15 50 249  0.3  0.9  1.42 10.00  7.67  29 1022.6  21.0  22.8  15.5 99.0 99.00
2016 05 02 16 50 209  0.4  0.9  1.19 10.00  7.37  41 1022.3  21.3  23.9  15.5 99.0 99.00
2016 05 02 17 50 151  0.7  1.6  1.17  9.09  7.15  34 1022.2  21.5  22.5  15.8 99.0 99.00
2016 05 02 18 50 132  1.1  2.0  1.13 10.00  7.33  25 1021.9  21.4  22.8  15.9 99.0 99.00
2016 05 02 19 50 157  1.3  2.2  1.21 10.00  7.68  32 1021.3  21.4  22.8  16.0 99.0 99.00
2016 05 02 21 50 154  2.9  3.8  1.11 10.00  7.32  41 1020.9  21.3  22.4  16.5 99.0 99.00
2016 05 02 22 50 150  4.3  4.9  1.12  9.09  7.55  37 1020.8  21.3  22.1  16.6 99.0 99.00
2016 05 02 23 50 157  4.4  5.2  1.04  9.09  7.36  44 1021.0  21.3  21.7  16.9 99.0 99.00
2016 05 03 00 50 156  5.0  5.8  1.02  9.09  6.90  55 1021.1  21.3  21.5  17.3 99.0 99.00
2016 05 03 01 50 158  5.0  6.2  1.00  9.09  6.38  83 1021.3  21.3  21.4  17.8 99.0 99.00
2016 05 03 02 50 172  4.5  5.9  0.99  9.09  6.45  47 1021.6  21.3  21.3  18.4 99.0 99.00
2016 05 03 03 50 170  5.8  6.7  0.97  9.09  5.99  52 1021.1  21.3  21.2  18.4 99.0 99.00
2016 05 03 04 50 167  6.7  7.7  1.01  9.09  5.80  72 1020.5  21.3  21.2  18.2 99.0 99.00
2016 05 03 05 50 178  6.6  7.8  1.02  8.33  5.20  48 1019.8  21.3  21.1  17.9 99.0 99.00
2016 05 03 06 50 172  5.5  6.8  1.01  9.09  5.35  51 1019.6  21.2  21.1  18.3 99.0 99.00
2016 05 03 07 50 189  6.3  7.6  0.96  9.09  4.85  82 1019.5  21.4  21.1  17.3 99.0 99.00
2016 05 03 08 50 196  5.2  6.1  0.96  9.09  4.87  80 1019.6  21.3  21.1  17.5 99.0 99.00
2016 05 03 09 50 187  4.6  5.8  1.02  9.09  5.29  77 1019.6  21.1  21.0  18.7 99.0 99.00
2016 05 03 10 50 173  4.3  5.1  1.01  9.09  5.44  69 1019.7  21.2  21.1  18.9 99.0 99.00
2016 05 03 11 50 168  4.1  4.8  0.96  9.09  5.58  70 1019.7  21.2  21.1  19.3 99.0 99.00
2016 05 03 12 50 151  4.8  5.8  1.02  9.09  5.76  51 1019.4  21.2  21.1  19.0 99.0 99.00
2016 05 03 14 50 168  6.2  7.2  0.87  9.09  5.08  66 1018.9  21.4  21.2  19.0 99.0 99.00
2016 05 03 15 50 167  6.1  7.3  0.95  8.33  5.59  61 1018.6  21.4  21.3  19.0 99.0 99.00
2016 05 03 16 50 164  6.1  7.2  0.99  9.09  5.28  65 1018.0  21.5  21.3  19.2 99.0 99.00
2016 05 03 17 50 167  5.4  6.6  0.99  9.09  5.26  61 1017.9  21.6  21.4  19.3 99.0 99.00
2016 05 03 18 50 168  5.9  6.7  0.97  9.09  4.96  57 1017.4  21.7  21.4  19.5 99.0 99.00
2016 05 03 19 50 165  5.6  6.7  1.05  9.09  5.29  62 1017.0  21.7  21.4  19.6 99.0 99.00
2016 05 03 20 50 165  5.3  6.7  0.88  8.33  4.93  91 1016.8  21.7  21.4  20.0 99.0 99.00
2016 05 03 21 50 159  5.8  6.7  0.99  9.09  5.30  75 1016.8  21.7  21.4  20.1 99.0 99.00
2016 05 03 22 50 156  6.2  7.3  0.87  8.33  4.91 104 1016.6  21.6  21.3  20.2 99.0 99.00
2016 05 03 23 50 159  6.7  8.2  0.96  9.09  5.04  88 1016.7  21.7  21.3  20.5 99.0 99.00
2016 05 04 00 50 159  7.0  8.4  0.92  9.09  4.74  71 1016.6  21.7  21.3  20.6 99.0 99.00
2016 05 04 01 50 167  7.6  9.0  1.03  9.09  4.62  97 1016.6  21.7  21.2  20.5 99.0 99.00
2016 05 04 02 50 172  7.7  9.2  1.03  9.09  4.65  90 1016.1  21.7  21.2  20.7 99.0 99.00
2016 05 04 03 50 170  8.3 10.1  1.03  8.33  4.65  96 1015.2  21.7  21.2  20.7 99.0 99.00
2016 05 04 04 50 175  8.1  9.7  1.08  9.09  4.48  82 1014.8  21.7  21.1  20.8 99.0 99.00
2016 05 04 05 50 175  7.8  9.6  1.20  9.09  4.70  93 1014.0  21.7  21.1  21.0 99.0 99.00
2016 05 04 06 50 179  7.6  9.0  1.15  9.09  4.72  88 1013.6  21.7  21.1  21.1 99.0 99.00
2016 05 04 07 50 181  6.4  7.5  1.16  9.09  4.80  96 1013.5  21.6  21.1  21.2 99.0 99.00
2016 05 04 08 50 181  5.2  6.2  1.11  4.55  4.81 175 1013.5  21.6  21.1  21.5 99.0 99.00
2016 05 04 09 50 173  5.5  6.5  1.11  8.33  5.04  99 1013.0  21.6  21.1  21.5 99.0 99.00
2016 05 04 10 50 170  6.9  8.1  1.11  8.33  5.10  86 1012.7  21.8  21.1  21.7 99.0 99.00
2016 05 04 11 50 253  8.3 11.4  1.11  9.09  4.77  95 1013.7  19.0  21.1  19.0 99.0 99.00
2016 05 04 12 50 255  5.2  6.5  1.10  9.09  4.92  99 1013.7  19.0  21.1  18.7 99.0 99.00
2016 05 04 13 50 221  1.5  1.9  1.11  9.09  5.17  95 1012.8  19.3  21.0  18.8 99.0 99.00
2016 05 04 14 50 130  2.6  3.3  0.93  9.09  5.21  90 1012.7  19.0  21.0  18.7 99.0 99.00
2016 05 04 15 50 122  4.6  5.6  0.96  9.09  5.57  96 1012.3  19.6  21.0  19.4 99.0 99.00
2016 05 04 16 50 147  6.6  8.0  1.02  9.09  5.64  96 1011.8  20.5  21.0  20.1 99.0 99.00
2016 05 04 17 50 142  7.2  9.2  1.00  9.09  5.27 109 1010.8  20.7  21.1  20.7 99.0 99.00
2016 05 04 18 50 140  2.6  3.6  1.12  8.33  5.43  93 1010.8  20.5  21.0  20.5 99.0 99.00
2016 05 04 19 50 138  2.6  3.3  1.20  5.56  5.37 178 1010.1  20.6  21.0  20.6 99.0 99.00
2016 05 04 20 50 198  5.4  6.9  1.55  5.88  5.34 171 1009.6  20.5  21.0  20.5 99.0 99.00
2016 05 04 21 50 135  6.9  7.9  1.62  6.25  5.33 166 1008.7  21.1  21.0  20.6 99.0 99.00
2016 05 04 22 50 124  5.6  6.6  1.64  5.88  5.15 179 1008.7  21.1  21.0  20.8 99.0 99.00
2016 05 04 23 50 184  6.3  7.3  1.58  6.25  5.29 175 1009.0  21.8  21.0  20.7 99.0 99.00
2016 05 05 00 50 188  6.1  7.4  1.62  5.88  5.23 192 1009.7  21.6  21.0  20.0 99.0 99.00
2016 05 05 01 50 184  7.7  8.7  1.41  6.67  5.10 205 1009.4  21.4  21.0  20.8 99.0 99.00
2016 05 05 02 50 182  8.1  9.8  1.43  5.88  4.84 180 1009.2  21.4  21.0  20.8 99.0 99.00
2016 05 05 03 50 176  8.0  9.2  1.39  5.88  4.90 177 1008.3  21.1  21.0  20.6 99.0 99.00
2016 05 05 04 50 156  9.5 11.3  1.57  6.67  5.11 214 1007.0  21.1  21.0  20.2 99.0 99.00
2016 05 05 05 50 169 10.2 12.0  1.63  6.67  4.97 211 1005.8  21.5  21.0  21.1 99.0 99.00
2016 05 05 06 50 174  8.1  9.4  1.58  7.14  4.99 216 1005.3  21.2  21.0  19.8 99.0 99.00
2016 05 05 07 50 158  8.5 10.2  1.49  6.67  5.14 199 1004.8  21.2  21.0  19.8 99.0 99.00
2016 05 05 08 50 161  8.5 10.9  1.48  7.14  5.13 195 1004.4  20.4  21.0  19.8 99.0 99.00
2016 05 05 09 50 193 14.6 18.5  1.65  7.14  5.27 199 1003.9  22.4  21.0  20.9 99.0 99.00
2016 05 05 10 50 185 10.2 12.0  1.95  7.14  5.41 185 1003.9  21.0  21.0  19.8 99.0 99.00
2016 05 05 11 50 165  9.5 11.2  2.12  7.14  5.57 200 1004.1  21.2  21.0  19.9 99.0 99.00
2016 05 05 12 50 156  7.9  9.6  1.92  7.14  5.49 185 1003.8  21.0  21.0  20.2 99.0 99.00
2016 05 05 13 50 156 10.2 12.8  2.03  7.14  5.79 186 1003.0  21.9  21.0  21.6 99.0 99.00
2016 05 05 14 50 173 13.8 17.2  2.20  7.14  5.56 174 1002.3  23.4  21.0  22.0 99.0 99.00
2016 05 05 15 50 187 12.7 16.3  2.50  7.14  5.74 173 1003.1  21.6  20.9  21.3 99.0 99.00
2016 05 05 16 50 169 10.8 13.2  3.49  7.69  6.40 168 1002.4  22.2  20.9  21.4 99.0 99.00
2016 05 05 17 50 168 12.8 16.4  3.22  7.69  6.22 167 1001.4  22.2  21.0  20.8 99.0 99.00
2016 05 05 18 50 179 12.1 14.4  3.62  8.33  6.67 163 1001.6  22.5  21.0  20.9 99.0 99.00
2016 05 05 19 50 195 12.6 15.8  3.40  8.33  6.50 172 1001.7  22.8  21.0  20.9 99.0 99.00
2016 05 05 20 50 205 11.8 14.3  3.41  9.09  6.67 161 1002.6  22.5  21.0  19.9 99.0 99.00
2016 05 05 21 50 216  8.4 10.1  3.41  8.33  6.68 168 1003.6  22.2  21.0  20.5 99.0 99.00
2016 05 05 22 50 216  6.4  7.4  3.21  8.33  6.77 158 1004.5  21.9  21.0  20.3 99.0 99.00
2016 05 05 23 50 210  5.9  7.0  3.21  9.09  6.88 171 1005.8  21.7  21.0  19.7 99.0 99.00
2016 05 06 00 50 215  5.6  6.6  3.43  9.09  7.15 168 1006.6  21.5  20.9  19.6 99.0 99.00
2016 05 06 01 50 212  5.3  6.7  3.01  9.09  7.06 164 1007.1  21.5  20.9  19.6 99.0 99.00
2016 05 06 02 50 208  4.7  5.9  3.05  9.09  7.05 159 1007.1  21.5  20.9  19.6 99.0 99.00
2016 05 06 03 50 186  4.1  5.1  2.97  9.09  7.28 171 1007.1  21.1  20.9  20.0 99.0 99.00
2016 05 06 04 50 193  3.9  4.8  2.80  9.09  7.30 168 1007.2  21.5  20.9  20.3 99.0 99.00
2016 05 06 05 50 201  4.7  5.9  2.54  9.09  6.98 168 1006.9  21.3  20.9  21.0 99.0 99.00
2016 05 06 06 50 182  4.0  5.2  2.56  9.09  7.00 165 1006.7  21.1  21.0  20.9 99.0 99.00
2016 05 06 07 50 194  4.3  5.6  2.62  8.33  6.99 162 1006.7  21.1  21.0  20.5 99.0 99.00
2016 05 06 08 50 191  3.7  4.5  2.59  9.09  6.97 169 1007.2  21.1  21.0  20.6 99.0 99.00
2016 05 06 09 50 194  3.9  4.9  2.37  7.69  6.61 163 1007.7  21.1  21.0  20.6 99.0 99.00
2016 05 06 10 50 186  3.7  4.6  2.61  9.09  7.15 196 1008.3  21.1  21.0  20.5 99.0 99.00
2016 05 06 11 50 169  4.0  5.1  2.56  8.33  6.80 169 1008.8  21.2  21.0  20.6 99.0 99.00
2016 05 06 12 50 201  3.7  5.0  2.74  8.33  6.94 174 1009.6  21.5  21.1  20.2 99.0 99.00
2016 05 06 14 50 215  2.5  3.1  2.19  8.33  6.43 183 1010.6  21.6  21.3  18.5 99.0 99.00
2016 05 06 15 50 176  2.5  3.3  2.44  8.33  6.76 190 1010.8  21.8  21.6  18.0 99.0 99.00
2016 05 06 16 50 144  4.1  5.0  2.46  7.69  6.68 200 1010.4  21.8  21.6  17.7 99.0 99.00
2016 05 06 17 50 170  3.5  4.2  2.59  8.33  6.99 220 1010.4  22.0  21.9  17.4 99.0 99.00
2016 05 06 18 50 202  3.9  4.8  2.50  8.33  7.02 207 1010.2  22.1  21.8  17.7 99.0 99.00
2016 05 06 19 50 219  4.0  4.9  2.69  8.33  7.10 223 1010.2  22.3  21.8  16.8 99.0 99.00
2016 05 06 20 50 250  3.6  4.7  2.78  8.33  7.11 226 1010.2  22.2  21.8  16.6 99.0 99.00
2016 05 06 21 50 240  2.9  3.7  2.49  9.09  6.82 240 1010.4  22.0  21.8  17.4 99.0 99.00
2016 05 06 22 50 237  2.5  3.1  2.51  7.69  7.09 212 1010.4  21.9  21.7  16.8 99.0 99.00
2016 05 06 23 50 189  1.0  1.7  2.16  8.33  6.83 196 1010.7  21.6  21.8  16.4 99.0 99.00
2016 05 07 00 50 189  1.4  2.2  2.38  7.69  7.15 196 1011.4  21.6  21.6  16.5 99.0 99.00
2016 05 07 01 50 135  1.7  2.8  2.44  8.33  7.06 199 1011.7  21.5  21.7  16.8 99.0 99.00
2016 05 07 02 50 139  0.2  0.6  2.36  8.33  7.15 184 1011.6  21.4  21.6  16.8 99.0 99.00
2016 05 07 03 50 129  0.2  1.0  2.15  8.33  6.88 216 1011.4  21.3  21.6  16.9 99.0 99.00
2016 05 07 04 50 315  1.1  2.0  2.26  7.69  7.08 173 1011.1  21.3  21.5  17.0 99.0 99.00
2016 05 07 05 50 358  1.2  1.9  2.04  8.33  6.95 180 1010.0  21.1  21.4  16.9 99.0 99.00
2016 05 07 06 50  54  2.1  2.8  1.95  9.09  6.87 234 1009.2  21.1  21.3  16.8 99.0 99.00
2016 05 07 07 50  80  2.8  3.5  2.08  7.69  7.03 179 1009.5  21.2  21.4  16.7 99.0 99.00
2016 05 07 08 50  92  2.7  3.4  2.13  7.69  6.97 167 1009.2  21.2  21.3  17.1 99.0 99.00
2016 05 07 09 50 104  2.5  3.6  2.40  8.33  7.19 144 1009.2  21.2  21.3  17.2 99.0 99.00
2016 05 07 10 50 101  4.1  5.3  2.05  8.33  6.92 155 1009.5  21.1  21.2  19.1 99.0 99.00
2016 05 07 11 50 118  2.0  2.8  1.92  8.33  6.78 143 1009.8  21.5  21.3  19.3 99.0 99.00
2016 05 07 12 50 153  4.1  5.5  1.86  8.33  6.70 131 1010.1  21.4  21.4  19.4 99.0 99.00
2016 05 07 13 50 178  4.1  5.0  1.76  8.33  6.43 158 1010.3  20.9  21.4  18.7 99.0 99.00
2016 05 07 14 50 241  1.8  2.6  1.90  7.69  6.55 160 1010.4  21.0  21.5  18.5 99.0 99.00
2016 05 07 15 50 301  2.5  3.4  1.85  7.69  6.67 166 1010.8  21.3  21.9  18.4 99.0 99.00
2016 05 07 16 50 291  3.0  3.6  1.90  8.33  6.84 162 1010.8  21.3  22.0  18.0 99.0 99.00
2016 05 07 17 50 269  3.5  4.1  1.67  8.33  6.66 140 1010.6  21.5  22.2  17.3 99.0 99.00
2016 05 07 18 50 275  3.9  4.9  1.93  7.69  6.87 163 1010.2  21.7  22.3  16.3 99.0 99.00
2016 05 07 19 50 274  3.6  4.5  1.89  8.33  6.87 145 1010.1  21.6  22.1  17.1 99.0 99.00
2016 05 07 20 50 285  4.8  5.8  1.66  8.33  6.65 173 1010.3  21.7  21.9  15.8 99.0 99.00
2016 05 07 21 50 308  4.1  5.1  1.66  8.33  6.33 138 1010.5  21.6  21.8  16.0 99.0 99.00
2016 05 07 22 50 280  4.3  5.3  1.77  8.33  6.60 129 1010.8  21.5  21.6  15.0 99.0 99.00
2016 05 07 23 50 268  4.6  5.5  1.75  7.69  6.45 162 1011.5  21.4  21.5  15.0 99.0 99.00
2016 05 08 00 50 262  4.5  6.1  1.48  7.69  6.16 173 1012.0  21.4  21.6  14.6 99.0 99.00
2016 05 08 01 50 246  4.1  4.9  1.65  7.69  6.57 148 1012.4  21.5  21.4  14.0 99.0 99.00
2016 05 08 02 50 268  5.6  6.9  1.54  8.33  6.38 128 1012.6  21.2  21.4  15.3 99.0 99.00
2016 05 08 03 50 256  5.6  7.1  1.54  8.33  6.30 128 1013.0  21.1  21.2  14.4 99.0 99.00
2016 05 08 04 50 244  6.2  7.5  1.53  8.33  6.15 145 1012.7  21.0  21.1  15.2 99.0 99.00
2016 05 08 05 50 262  7.4  8.8  1.44  7.14  5.57 144 1012.4  21.0  21.1  14.4 99.0 99.00
2016 05 08 06 50 257  7.7  9.1  1.56  7.69  5.77 172 1012.5  21.1  21.1  14.8 99.0 99.00
2016 05 08 07 50 263  8.5 11.1  1.62  7.69  5.58 164 1012.7  21.2  21.2  15.4 99.0 99.00
2016 05 08 08 50 265  8.5 10.1  1.66  7.69  5.43 164 1012.9  21.1  21.3  14.6 99.0 99.00
2016 05 08 09 50 266  7.3  8.7  1.86  8.33  5.63 134 1013.6  21.2  21.2  15.2 99.0 99.00
2016 05 08 10 50 265  7.2  8.6  1.84  7.69  5.69 168 1014.3  21.3  21.2  15.2 99.0 99.00
2016 05 08 11 50 267  7.1  8.5  1.67  8.33  5.59 145 1014.8  21.4  21.2  15.1 99.0 99.00
2016 05 08 12 50 258  6.6  8.3  1.71  7.69  5.58 153 1015.5  21.5  21.2  15.9 99.0 99.00
2016 05 08 13 50 241  6.3  7.7  1.75  8.33  5.72 134 1015.9  21.5  21.3  16.9 99.0 99.00
2016 05 08 14 50 245  6.5  7.8  1.76  8.33  5.87 128 1016.6  21.8  21.3  16.0 99.0 99.00
2016 05 08 15 50 241  6.7  7.9  1.69  8.33  5.65 131 1017.1  21.9  21.4  16.5 99.0 99.00
2016 05 08 16 50 235  6.8  8.5  1.67  6.67  5.60 277 1017.4  21.8  21.4  17.5 99.0 99.00
2016 05 08 17 50 231  7.1  8.4  1.56  6.67  5.28 275 1017.3  21.8  21.5  17.7 99.0 99.00
2016 05 08 18 50 235  7.1  8.8  1.66  8.33  5.59 116 1016.9  21.9  21.5  17.8 99.0 99.00
2016 05 08 19 50 236  7.1  8.3  1.61  8.33  5.38 136 1016.6  21.9  21.6  18.2 99.0 99.00
2016 05 08 20 50 251  6.7  8.0  1.57  9.09  5.41 124 1016.3  22.1  21.6  17.4 99.0 99.00
2016 05 08 21 50 249  6.8  8.1  1.47  9.09  5.43 114 1016.4  22.0  21.6  17.7 99.0 99.00
2016 05 08 22 50 257  6.8  8.2  1.54  9.09  5.42 123 1016.8  22.0  21.6  17.3 99.0 99.00
2016 05 08 23 50 253  4.8  6.0  1.52  9.09  5.60 108 1017.3  21.9  21.6  17.7 99.0 99.00
2016 05 09 00 50 248  4.3  5.4  1.42  8.33  5.63 120 1018.2  21.8  21.5  18.1 99.0 99.00
2016 05 09 01 50 205  3.5  4.1  1.55  9.09  6.04 101 1018.8  21.7  21.5  18.8 99.0 99.00
2016 05 09 02 50 192  4.9  5.8  1.57  8.33  6.11 110 1019.3  21.5  21.5  19.1 99.0 99.00
2016 05 09 03 50 196  5.3  6.2  1.52  9.09  6.18 101 1019.8  21.6  21.5  19.0 99.0 99.00
2016 05 09 04 50 195  6.3  7.6  1.63  8.33  6.16 100 1019.6  21.5  21.5  18.9 99.0 99.00
2016 05 09 05 50 203  6.6  7.7  1.55  6.67  5.86 264 1019.5  21.4  21.5  18.9 99.0 99.00
2016 05 09 06 50 206  6.6  7.7  1.51  8.33  5.85 121 1019.5  21.5  21.5  18.7 99.0 99.00
2016 05 09 07 50 214  6.5  7.5  1.55  8.33  5.85 126 1020.0  21.6  21.4  18.7 99.0 99.00
2016 05 09 08 50 212  6.7  7.9  1.63  6.67  5.84 277 1020.0  21.6  21.4  18.7 99.0 99.00
2016 05 09 09 50 214  6.6  7.6  1.79  9.09  5.99 105 1020.4  21.6  21.4  18.9 99.0 99.00
2016 05 09 10 50 223  6.1  7.3  1.70  9.09  5.98 109 1021.2  21.7  21.4  19.2 99.0 99.00
2016 05 09 11 50 232  6.4  7.9  1.73  9.09  6.12  96 1021.8  21.8  21.4  18.9 99.0 99.00
2016 05 09 12 50 236  5.9  7.0  1.70 10.00  6.25  93 1022.2  21.8  21.4  19.0 99.0 99.00
2016 05 09 14 50 248  4.8  5.8  1.77  9.09  6.56 109 1022.5  21.9  21.6  19.3 99.0 99.00
2016 05 09 15 50 244  4.7  5.6  2.01  9.09  6.72 104 1022.5  21.9  21.7  19.2 99.0 99.00
2016 05 09 16 50 244  4.5  5.6  1.74  9.09  6.55 109 1022.3  22.1  21.8  19.4 99.0 99.00
2016 05 09 17 50 221  4.6  5.5  1.80  9.09  6.72  94 1022.1  22.1  22.0  19.5 99.0 99.00
2016 05 09 18 50 218  3.8  4.6  1.68  9.09  6.66 102 1021.9  22.2  22.1  19.7 99.0 99.00
2016 05 09 19 50 229  3.7  4.5  1.54  9.09  6.51 103 1022.1  22.3  22.3  20.0 99.0 99.00
2016 05 09 20 50 255  3.6  4.3  1.60  9.09  6.70 100 1022.2  22.4  22.2  20.1 99.0 99.00
2016 05 09 21 50 231  2.7  3.5  1.64 10.00  6.81 100 1022.3  22.4  22.3  20.3 99.0 99.00
2016 05 09 22 50 237  2.9  3.8  1.46  9.09  6.80  91 1022.6  22.3  22.2  20.6 99.0 99.00
2016 05 09 23 50 252  1.9  2.7  1.44  9.09  6.67 104 1023.0  22.0  22.1  20.8 99.0 99.00
2016 05 10 00 50 200  1.3  1.7  1.51 10.00  7.06 100 1023.5  21.9  22.1  20.9 99.0 99.00
2016 05 10 01 50 218  1.9  2.6  1.34  9.09  6.80 100 1024.4  21.9  22.1  21.1 99.0 99.00
2016 05 10 02 50 203  2.8  3.4  1.75 10.00  7.51  90 1024.5  21.8  22.0  21.0 99.0 99.00
2016 05 10 03 50 201  2.3  2.7  1.80 10.00  7.43  90 1024.2  21.7  22.0  21.0 99.0 99.00
2016 05 10 04 50 179  3.2  3.7  1.64 10.00  7.22 101 1024.0  21.6  21.9  21.0 99.0 99.00
2016 05 10 05 50 177  3.4  4.0  1.53  9.09  7.17  92 1023.3  21.4  21.9  20.9 99.0 99.00
2016 05 10 06 50 186  3.2  3.8  1.62  9.09  7.10 100 1023.1  21.4  21.8  20.8 99.0 99.00
2016 05 10 07 50 179  3.3  3.8  1.66  9.09  7.13  91 1022.6  21.3  21.7  20.8 99.0 99.00
2016 05 10 08 50 196  2.3  2.8  1.50 10.00  7.17  98 1022.8  21.3  21.6  20.7 99.0 99.00
2016 05 10 09 50 200  2.0  2.4  1.44  9.09  7.03  99 1023.1  21.2  21.7  20.6 99.0 99.00
2016 05 10 10 50 229  1.4  2.0  1.28 10.00  6.77 101 1024.1  21.4  21.7  20.3 99.0 99.00
2016 05 10 11 50 226  1.2  1.6  1.37  9.09  6.87 100 1024.4  21.5  21.8  20.3 99.0 99.00
2016 05 10 12 50 201  1.1  1.6  1.29  8.33  6.64 103 1024.5  21.5  22.0  20.4 99.0 99.00
2016 05 10 13 50 220  1.0  1.4  1.43  9.09  7.16  97 1024.8  21.7  22.5  20.4 99.0 99.00
2016 05 10 14 50 243  1.1  1.7  1.39  9.09  7.05  98 1025.4  21.8  22.9  20.3 99.0 99.00
2016 05 10 15 50 190  1.5  2.1  1.30  9.09  6.99  92 1025.4  22.1  23.3  20.3 99.0 99.00
2016 05 10 16 50 173  1.3  1.9  1.31  9.09  7.23  90 1025.2  22.3  23.8  20.1 99.0 99.00
2016 05 10 17 50 163  1.4  2.0  1.31  9.09  7.33  99 1024.7  22.6  24.2  19.6 99.0 99.00
2016 05 10 18 50 156  2.6  3.4  1.23  9.09  7.00  86 1024.3  22.7  23.9  19.4 99.0 99.00
2016 05 10 19 50 160  2.9  3.5  1.22  9.09  7.00  96 1023.7  22.9  23.9  19.3 99.0 99.00
2016 05 10 20 50 195  1.0  1.7  1.13  9.09  6.81  82 1024.0  23.1  23.8  19.0 99.0 99.00
2016 05 10 21 50 274  0.5  0.8  1.20  8.33  7.08  91 1024.1  23.3  23.8  19.5 99.0 99.00
2016 05 10 22 50 284  0.9  1.5  1.07  9.09  6.72  94 1024.1  22.8  23.7  19.2 99.0 99.00
2016 05 10 23 50 319  1.0  1.7  1.06  8.33  6.69  96 1024.2  22.6  23.1  19.5 99.0 99.00
2016 05 11 00 50 341  2.0  2.6  1.12  9.09  6.81 111 1024.4  22.5  23.1  19.8 99.0 99.00
2016 05 11 01 50 354  1.2  1.7  0.96  9.09  6.52  94 1024.6  22.3  22.8  19.8 99.0 99.00
2016 05 11 02 50 341  2.9  3.6  1.05  9.09  6.70 111 1024.5  22.3  22.8  19.0 99.0 99.00
2016 05 11 03 50 328  2.8  3.7  1.18  9.09  7.07 107 1024.3  22.0  22.6  20.0 99.0 99.00
2016 05 11 04 50   5  0.4  0.8  1.13  8.33  7.05 118 1023.6  21.7  22.4  19.7 99.0 99.00
2016 05 11 05 50 141  3.1  3.7  1.06  9.09  6.82 100 1022.8  21.6  22.3  20.1 99.0 99.00
2016 05 11 06 50 160  3.9  4.7  1.08  7.69  6.79  94 1022.4  21.8  22.3  19.7 99.0 99.00
2016 05 11 07 50 163  5.1  5.8  1.11  9.09  6.71 105 1021.9  21.9  22.3  18.9 99.0 99.00
2016 05 11 08 50 162  5.5  6.7  1.09  8.33  6.58 111 1021.4  22.0  22.2  19.0 99.0 99.00
2016 05 11 09 50 178  1.6  2.1  1.00  9.09  6.20 109 1022.4  22.1  22.2  17.9 99.0 99.00
2016 05 11 10 50 354  0.4  0.7  1.12  9.09  6.80 102 1022.8  22.4  22.3  18.1 99.0 99.00
2016 05 11 11 50 290  1.3  1.7  1.03  9.09  6.67 116 1023.4  22.2  22.3  18.4 99.0 99.00
2016 05 11 12 50 285  1.5  2.2  1.05  7.69  6.70 121 1023.5  22.2  22.4  18.9 99.0 99.00
2016 05 11 13 50 296  1.6  2.1  1.08  8.33  6.91 116 1023.3  22.2  22.6  18.8 99.0 99.00
2016 05 11 14 50 316  3.6  4.1  1.00  9.09  6.60 117 1023.0  22.1  22.7  19.4 99.0 99.00
2016 05 11 15 50 302  2.8  3.6  1.05  9.09  6.85 127 1023.0  22.3  22.6  18.4 99.0 99.00
2016 05 11 16 50 319  3.0  3.8  0.93  8.33  6.62 113 1022.6  22.2  22.8  19.7 99.0 99.00
2016 05 11 17 50 317  2.4  3.1  1.03  9.09  6.76 111 1022.6  22.5  22.8  18.5 99.0 99.00
2016 05 11 18 50 350  1.9  2.7  0.96  9.09  6.49 113 1022.5  22.3  22.9  19.5 99.0 99.00
2016 05 11 19 50 359  2.6  3.2  0.99  8.33  6.61 112 1022.1  22.3  22.9  19.8 99.0 99.00
2016 05 11 20 50  21  1.2  1.7  0.92  9.09  6.39 108 1022.1  22.4  22.9  19.4 99.0 99.00
2016 05 11 21 50  23  2.4  2.8  0.88  9.09  6.12 114 1021.8  22.5  22.8  19.4 99.0 99.00
2016 05 11 22 50  36  1.2  1.6  0.92  8.33  6.37 102 1021.6  22.5  22.7  19.0 99.0 99.00
2016 05 11 23 50  34  0.5  0.9  0.91  9.09  6.27 106 1021.9  22.1  22.6  18.9 99.0 99.00
2016 05 12 00 50  40  0.4  0.6  0.87  8.33  6.25  96 1022.1  21.9  22.6  19.0 99.0 99.00
2016 05 12 01 50 167  0.1  0.4  0.99  8.33  6.63 114 1022.2  21.6  22.5  18.9 99.0 99.00
2016 05 12 02 50 228  1.8  2.3  1.01  9.09  6.82 106 1022.4  21.8  22.5  19.4 99.0 99.00
2016 05 12 03 50 256  1.5  2.1  1.01  8.33  6.99 104 1022.0  21.7  22.6  19.6 99.0 99.00
2016 05 12 04 50 270  1.7  2.2  1.02  8.33  6.86 110 1021.6  21.6  22.6  19.8 99.0 99.00
2016 05 12 05 50 305  1.8  2.6  0.94  9.09  6.82 112 1021.1  21.5  22.7  19.6 99.0 99.00
2016 05 12 06 50 305  0.9  1.3  0.96  8.33  6.83 104 1020.5  21.4  22.6  19.1 99.0 99.00
2016 05 12 07 50 334  1.4  2.0  0.97  8.33  6.80 121 1020.4  21.2  22.5  19.6 99.0 99.00
2016 05 12 08 50 351  1.9  2.6  0.86  9.09  6.74 118 1020.4  21.3  22.6  19.1 99.0 99.00
2016 05 12 09 50 358  2.1  2.8  0.97  8.33  7.03 121 1020.5  21.3  22.5  18.5 99.0 99.00
2016 05 12 10 50   4  1.9  2.4  0.87  8.33  6.83 119 1021.2  21.5  22.5  19.2 99.0 99.00
2016 05 12 11 50   4  1.9  2.5  0.82  8.33  6.82 119 1021.4  21.5  22.5  19.4 99.0 99.00
2016 05 12 12 50  19  1.6  2.0  0.87  8.33  6.92 121 1021.6  21.6  22.6  19.4 99.0 99.00
2016 05 12 14 50 167  0.1  0.2  0.88 10.00  6.98 125 1021.5  22.1  23.8  19.0 99.0 99.00
2016 05 12 15 50 229  0.6  1.4  0.93  8.33  6.89 109 1021.7  22.3  25.0  18.5 99.0 99.00
2016 05 12 16 50 286  0.4  1.1  0.88  8.33  6.85 121 1021.5  22.5  25.7  18.4 99.0 99.00
2016 05 12 17 50  34  1.1  2.1  0.83  9.09  6.76 123 1020.8  22.6  26.4  17.8 99.0 99.00
2016 05 12 18 50  83  1.8  3.2  0.79  8.33  6.66 108 1020.5  22.8  26.0  17.8 99.0 99.00
2016 05 12 19 50 118  2.1  3.0  0.86  9.09  6.88 105 1020.0  22.9  25.9  18.3 99.0 99.00
2016 05 12 20 50  76  0.2  0.6  0.84  8.33  6.76 121 1020.3  23.3  24.4  17.3 99.0 99.00
2016 05 12 21 50 143  1.7  2.4  0.80  8.33  6.83 111 1020.1  23.1  23.8  17.1 99.0 99.00
2016 05 12 22 50 145  2.4  3.4  0.78  9.09  6.89 128 1019.7  23.0  24.5  17.8 99.0 99.00
2016 05 12 23 50 158  4.1  4.8  0.80 10.00  7.01  80 1019.6  22.9  23.1  17.5 99.0 99.00
2016 05 13 00 50 167  3.2  3.7  0.86  8.33  7.18 120 1019.9  22.9  23.6  17.6 99.0 99.00
2016 05 13 01 50 175  3.2  3.7  0.80  9.09  7.06 124 1020.4  22.8  23.2  17.7 99.0 99.00
2016 05 13 02 50 183  4.8  5.6  0.82  8.33  7.13 125 1020.1  22.7  22.9  18.4 99.0 99.00
2016 05 13 03 50 188  5.0  5.8  0.76  8.33  6.81  97 1019.7  22.5  22.7  18.7 99.0 99.00
2016 05 13 04 50 192  4.4  5.3  0.79  7.69  6.25 118 1019.5  22.4  22.6  19.1 99.0 99.00
2016 05 13 05 50 197  4.1  4.7  0.89  9.09  6.01 102 1019.1  22.3  22.6  19.5 99.0 99.00
2016 05 13 06 50 205  3.8  4.3  0.82  8.33  6.02 128 1018.9  22.2  22.5  19.3 99.0 99.00
2016 05 13 07 50 205  2.9  3.7  0.87  7.69  5.98 121 1018.5  22.1  22.5  19.3 99.0 99.00
2016 05 13 08 50 195  2.8  3.3  0.85  7.14  6.26 128 1018.5  22.0  22.4  19.3 99.0 99.00
2016 05 13 09 50 200  3.9  4.5  0.86  8.33  6.47 129 1019.1  22.1  22.5  19.7 99.0 99.00
2016 05 13 10 50 198  3.9  4.6  0.85  9.09  6.53 134 1019.5  22.2  22.5  19.8 99.0 99.00
2016 05 13 11 50 205  3.2  3.8  0.85  9.09  6.66 130 1019.6  22.3  22.6  19.9 99.0 99.00
2016 05 13 12 50 191  3.6  4.2  0.79  9.09  6.66 123 1019.7  22.3  22.6  20.1 99.0 99.00
2016 05 13 13 50 188  3.3  3.9  0.84  8.33  6.92 131 1019.7  22.3  22.7  20.2 99.0 99.00
2016 05 13 14 50 185  3.1  3.8  0.81  7.69  7.10 121 1019.6  22.4  22.8  20.1 99.0 99.00
2016 05 13 16 50 161  3.5  4.2  0.82  7.69  7.13 117 1019.0  22.6  23.1  20.8 99.0 99.00
2016 05 13 17 50 167  3.9  4.6  0.84  8.33  6.92 130 1018.7  22.8  23.2  20.8 99.0 99.00
2016 05 13 18 50 175  4.4  5.3  0.81  8.33  6.69 117 1018.3  22.9  23.2  20.5 99.0 99.00
2016 05 13 19 50 174  4.1  4.8  0.83 13.79  6.65   6 1018.2  23.1  23.4  20.4 99.0 99.00
2016 05 13 20 50 168  4.5  5.2  0.92 13.79  6.80  36 1017.6  23.1  23.3  20.8 99.0 99.00
2016 05 13 21 50 165  4.1  5.0  0.87 13.79  6.32  39 1017.4  23.2  23.3  21.1 99.0 99.00
2016 05 13 22 50 165  5.1  6.3  0.86 13.79  5.93  43 1017.4  23.2  23.2  21.5 99.0 99.00
2016 05 13 23 50 158  5.5  6.1  0.83  8.33  5.65 119 1017.3  23.2  23.2  21.6 99.0 99.00
2016 05 14 00 50 166  7.2  8.2  0.92 13.79  5.66  46 1017.3  23.3  23.2  22.1 99.0 99.00
2016 05 14 01 50 173  6.4  8.0  0.89 13.79  5.19  34 1017.3  23.2  23.3  22.2 99.0 99.00
2016 05 14 02 50 169  6.5  8.0  0.96 13.79  5.31  76 1016.8  23.1  23.1  22.3 99.0 99.00
2016 05 14 03 50 175  7.6  9.1  1.01 12.90  5.19  70 1016.6  23.2  23.0  22.4 99.0 99.00
2016 05 14 04 50 178  6.8  8.0  1.00 12.90  5.10  54 1016.3  23.1  22.9  22.4 99.0 99.00
2016 05 14 05 50 177  6.2  7.6  1.07 12.90  5.30  62 1015.7  23.0  22.7  22.4 99.0 99.00
2016 05 14 06 50 177  7.3  8.7  1.02 12.90  5.01  45 1014.6  23.0  22.6  22.5 99.0 99.00
2016 05 14 07 50 182  8.0  9.2  1.05 12.90  4.95  65 1014.1  23.0  22.6  22.5 99.0 99.00
2016 05 14 08 50 186  8.2  9.6  1.10 12.90  4.91  41 1014.3  23.1  22.4  22.6 99.0 99.00
2016 05 14 09 50 188  7.3  8.4  1.07  9.09  4.88 125 1014.5  23.0  22.4  22.6 99.0 99.00
2016 05 14 10 50 195  8.3 10.1  1.12  8.33  4.88 121 1014.9  23.1  22.5  22.5 99.0 99.00
2016 05 14 11 50 201  7.3  8.8  1.15 12.90  4.83  72 1015.0  23.1  22.4  22.4 99.0 99.00
2016 05 14 12 50 200  5.1  6.0  1.16  7.69  4.91 116 1015.4  23.0  22.4  22.5 99.0 99.00
2016 05 14 13 50 199  8.6  9.8  1.14 12.90  4.76  55 1014.6  22.4  22.4  20.6 99.0 99.00
2016 05 14 14 50 191  7.2  8.4  1.18 12.90  4.74  46 1014.8  22.8  22.4  21.5 99.0 99.00
2016 05 14 15 50 202  7.1  8.8  1.12  5.00  4.70 175 1014.8  22.9  22.5  21.1 99.0 99.00
2016 05 14 16 50 206  8.2  9.9  1.15  4.76  4.78 172 1014.8  22.8  22.6  20.8 99.0 99.00
2016 05 14 17 50 207  7.1  8.1  1.12  5.26  4.76 183 1014.7  22.8  22.6  21.2 99.0 99.00
2016 05 14 18 50 211  6.6  7.9  1.15  5.00  4.74 206 1014.3  23.0  22.7  21.5 99.0 99.00
2016 05 14 19 50 209  6.9  8.3  1.15  5.26  4.77 177 1013.6  23.0  22.7  21.3 99.0 99.00
2016 05 14 20 50 204  6.5  7.4  1.12  5.56  4.89 188 1013.5  23.0  22.7  21.5 99.0 99.00
2016 05 14 21 50 197  6.7  7.8  1.08  5.56  4.74 179 1013.7  23.0  22.7  21.7 99.0 99.00
2016 05 14 22 50 203  6.7  8.3  1.09  5.56  4.67 201 1014.2  23.0  22.7  21.7 99.0 99.00
2016 05 14 23 50 200  6.4  7.7  1.18  5.56  4.78 190 1014.7  22.9  22.7  21.6 99.0 99.00
2016 05 15 00 50 204  7.0  8.6  1.21  5.56  4.78 184 1014.7  22.8  22.7  21.9 99.0 99.00
2016 05 15 01 50 204  6.6  7.7  1.24  5.26  4.85 190 1014.9  22.8  22.6  22.1 99.0 99.00
2016 05 15 02 50 210  5.9  7.2  1.18  5.26  4.86 196 1015.0  22.7  22.6  22.1 99.0 99.00
2016 05 15 03 50 208  6.5  7.8  1.19  5.56  4.87 180 1014.8  22.7  22.6  22.0 99.0 99.00
2016 05 15 04 50 206  6.9  8.2  1.15  5.88  4.70 149 1014.5  22.8  22.5  21.7 99.0 99.00
2016 05 15 05 50 212  7.1  9.0  1.15  5.26  4.65 183 1014.0  22.9  22.5  21.8 99.0 99.00
2016 05 15 06 50 220  7.5  8.5  1.16  5.88  4.74 154 1013.8  22.8  22.5  22.2 99.0 99.00
2016 05 15 07 50 220  7.4  8.8  1.19  5.88  4.77 169 1013.7  22.8  22.5  22.3 99.0 99.00
2016 05 15 08 50 226  7.3  8.8  1.20  5.56  4.77 173 1014.0  22.9  22.5  22.2 99.0 99.00
2016 05 15 09 50 221  6.5  7.6  1.13  5.88  4.67 158 1014.6  22.9  22.5  22.2 99.0 99.00
2016 05 15 10 50 231  7.3  9.2  1.23  5.88  4.81 162 1015.2  23.1  22.5  22.4 99.0 99.00
2016 05 15 11 50 219  7.2  8.3  1.22  5.56  4.73 173 1015.5  23.1  22.5  22.3 99.0 99.00
2016 05 15 12 50 215  7.6  9.1  1.30  6.25  4.73 159 1015.6  23.1  22.6  22.4 99.0 99.00
2016 05 15 13 50 221  8.0  9.1  1.30  5.88  4.77 191 1015.7  23.1  22.6  22.3 99.0 99.00
2016 05 15 14 50 214  7.7  8.9  1.37  5.56  4.83 195 1015.5  23.2  22.6  22.3 99.0 99.00
2016 05 15 15 50 213  8.2 10.2  1.33  6.25  4.87 207 1015.2  23.2  22.7  22.3 99.0 99.00
2016 05 15 16 50 225  7.5  8.6  1.32  5.88  4.77 243 1015.2  23.2  22.7  22.1 99.0 99.00
2016 05 15 17 50 239  8.1  9.6  1.44  6.25  4.98 243 1015.2  23.4  22.7  21.3 99.0 99.00
2016 05 15 18 50 238  7.2  8.6  1.45  5.88  4.97 227 1015.2  23.3  22.8  22.0 99.0 99.00
2016 05 15 19 50 246  7.9  9.2  1.48  5.88  5.09 208 1015.2  23.5  22.8  21.4 99.0 99.00
2016 05 15 20 50 249  7.4  8.5  1.59  6.67  5.21 262 1015.1  23.5  22.8  21.2 99.0 99.00
2016 05 15 21 50 235  5.6  6.8  1.30  5.88  4.85 239 1015.8  23.5  22.8  21.1 99.0 99.00
2016 05 15 22 50 232  5.4  6.3  1.46  7.14  5.09 254 1016.1  23.4  22.8  21.5 99.0 99.00
2016 05 15 23 50 226  4.9  6.0  1.42  7.14  5.33 267 1016.4  23.2  22.8  21.6 99.0 99.00
2016 05 16 00 50 224  5.1  6.0  1.39  5.88  5.37 228 1017.0  23.2  22.8  21.8 99.0 99.00
2016 05 16 01 50 212  5.0  5.6  1.33  6.25  5.24 226 1017.6  23.1  22.8  21.9 99.0 99.00
2016 05 16 02 50 208  5.1  6.2  1.32  7.14  5.18 267 1017.8  23.1  22.8  22.1 99.0 99.00
2016 05 16 03 50 211  5.4  6.4  1.27  7.69  5.19 274 1018.0  23.1  22.8  22.3 99.0 99.00
2016 05 16 04 50 210  5.4  6.6  1.34  7.69  5.26 283 1018.2  23.0  22.8  22.5 99.0 99.00
2016 05 16 05 50 216  6.5  7.8  1.34  6.67  5.27 260 1017.7  23.1  22.8  22.5 99.0 99.00
2016 05 16 06 50 226  5.9  7.3  1.42  5.88  5.33 190 1017.8  23.0  22.7  22.5 99.0 99.00
2016 05 16 07 50 245  6.0  7.2  1.35  7.14  5.25 263 1018.1  23.0  22.7  22.4 99.0 99.00
2016 05 16 08 50 244  5.1  6.0  1.48  7.14  5.32 249 1018.4  22.9  22.7  22.3 99.0 99.00
2016 05 16 09 50 252  4.6  5.4  1.41  7.14  5.40 207 1019.0  22.8  22.7  22.2 99.0 99.00
2016 05 16 10 50 357  5.5  6.6  1.34  5.88  5.19 219 1019.9  22.4  22.7  21.1 99.0 99.00
2016 05 16 11 50   9  5.8  6.8  1.21  7.14  5.31 256 1020.7  22.4  22.7  20.2 99.0 99.00
2016 05 16 12 50  20  5.4  6.3  1.22  7.14  5.31 235 1021.3  22.3  22.7  19.7 99.0 99.00
2016 05 16 13 50  23  5.5  6.8  1.21  7.69  5.40 264 1021.6  22.2  22.8  19.1 99.0 99.00
2016 05 16 14 50  37  7.3  8.6  1.24  7.14  5.37 268 1021.8  21.7  22.8  18.7 99.0 99.00
2016 05 16 15 50  42  7.0  8.3  1.30  7.69  4.95 295 1022.3  21.6  22.8  18.3 99.0 99.00
2016 05 16 16 50  46  6.5  7.3  1.39  7.69  5.25 293 1022.5  21.6  22.9  18.0 99.0 99.00
2016 05 16 17 50  44  5.8  7.0  1.33  7.14  5.35 269 1022.6  21.7  23.0  17.9 99.0 99.00
2016 05 16 18 50  38  6.0  6.8  1.33  8.33  5.45 307 1022.5  21.7  23.1  17.8 99.0 99.00
2016 05 16 19 50  33  5.8  7.3  1.34  7.69  5.44 296 1022.6  21.7  23.1  17.5 99.0 99.00
2016 05 16 20 50  44  5.8  6.9  1.47  7.14  5.58 300 1022.7  21.7  23.0  17.2 99.0 99.00
2016 05 16 21 50  51  6.5  7.4  1.45  7.14  5.57 301 1023.1  21.6  23.0  17.0 99.0 99.00
2016 05 16 22 50  58  5.7  6.7  1.31  7.14  5.40 329 1023.5  21.7  22.9  17.0 99.0 99.00
2016 05 16 23 50  61  5.2  6.2  1.41  7.14  5.70 317 1024.1  21.7  22.9  17.4 99.0 99.00
2016 05 17 00 50  60  5.7  6.8  1.43  7.69  5.88 326 1024.4  21.7  22.9  17.3 99.0 99.00
2016 05 17 01 50  59  5.9  7.2  1.43  7.69  5.72 328 1024.6  21.8  22.9  17.5 99.0 99.00
2016 05 17 02 50  73  5.3  6.4  1.36  7.69  5.70 333 1024.9  21.8  22.8  17.4 99.0 99.00
2016 05 17 03 50  74  5.1  6.3  1.42  8.33  5.86 341 1024.9  21.9  22.8  17.5 99.0 99.00
2016 05 17 04 50  87  4.1  5.0  1.36  8.33  5.79 340 1025.1  21.9  22.8  17.1 99.0 99.00
2016 05 17 05 50  89  4.7  5.8  1.49  7.69  6.06 334 1024.4  21.9  22.8  17.2 99.0 99.00
2016 05 17 06 50  62  4.7  5.7  1.30  7.69  5.83 345 1024.3  21.9  22.8  17.4 99.0 99.00
2016 05 17 07 50  82  4.3  5.0  1.29  8.33  5.67 339 1024.2  21.9  22.8  17.4 99.0 99.00
2016 05 17 08 50  61  5.3  6.5  1.22  7.69  5.68 341 1024.2  21.9  22.7  17.3 99.0 99.00
2016 05 17 09 50  60  5.6  6.5  1.23  8.33  5.75 335 1024.5  21.9  22.7  17.1 99.0 99.00
2016 05 17 10 50  69  6.2  8.1  1.31  7.69  5.80 333 1025.2  22.0  22.7  16.9 99.0 99.00
2016 05 17 11 50  75  6.6  7.7  1.32  7.69  5.60 338 1025.7  22.0  22.7  16.6 99.0 99.00
2016 05 17 12 50  81  6.6  8.0  1.18  8.33  5.30 334 1025.7  22.0  22.7  16.8 99.0 99.00
2016 05 17 13 50  82  7.1  8.2  1.28  8.33  5.29 344 1025.8  22.1  22.7  16.7 99.0 99.00
2016 05 17 14 50  87  8.0  9.2  1.42  7.14  5.33 338 1025.7  22.1  22.7  17.0 99.0 99.00
2016 05 17 15 50  93  7.9  9.4  1.41  7.69  5.04 348 1025.7  22.2  22.8  17.7 99.0 99.00
2016 05 17 16 50  91  7.5  8.6  1.49  9.09  5.46 350 1025.3  22.2  22.8  17.7 99.0 99.00
2016 05 17 17 50  95  7.5  9.4  1.64  9.09  5.55 346 1024.6  22.3  22.9  18.3 99.0 99.00
2016 05 17 18 50  99  7.3  8.7  1.49  9.09  5.37 354 1023.9  22.5  22.9  19.0 99.0 99.00
2016 05 17 19 50 105  7.0  8.4  1.58  8.33  5.48 337 1023.4  22.7  22.9  19.1 99.0 99.00
2016 05 17 20 50 102  7.1  8.2  1.55  8.33  5.54 342 1023.1  22.8  22.9  19.8 99.0 99.00
2016 05 17 21 50 100  6.8  8.0  1.53  8.33  5.60 338 1022.5  22.9  22.9  20.5 99.0 99.00
2016 05 17 22 50 101  7.2  8.8  1.49  9.09  5.56 341 1022.0  23.0  22.9  21.0 99.0 99.00
2016 05 17 23 50 104  6.3  7.7  1.63  9.09  5.69 339 1022.3  23.1  22.9  21.6 99.0 99.00
2016 05 18 00 50  99  5.6  6.6  1.47  7.69  5.57 344 1022.5  23.2  22.8  22.1 99.0 99.00
2016 05 18 01 50 110  5.5  7.2  1.37  7.69  5.40 335 1022.8  23.3  22.8  22.2 99.0 99.00
2016 05 18 02 50 121  6.0  7.0  1.36  8.33  5.50 342 1022.3  23.2  22.7  22.3 99.0 99.00
2016 05 18 03 50 132  5.6  6.7  1.37  8.33  5.40 339 1021.6  23.3  22.7  22.2 99.0 99.00
2016 05 18 04 50 122  4.6  5.7  1.31  7.69  5.55 335 1021.1  23.1  22.8  22.6 99.0 99.00
2016 05 18 05 50 143  4.0  4.8  1.24  7.69  5.51 345 1020.4  23.0  22.7  22.5 99.0 99.00
2016 05 18 06 50 147  3.8  4.5  1.20  5.56  5.35  98 1019.8  22.9  22.7  22.5 99.0 99.00
2016 05 18 07 50 154  5.0  5.8  1.13  5.56  5.34  94 1019.0  22.9  22.7  22.6 99.0 99.00
2016 05 18 08 50 148  4.7  5.7  1.13  6.25  5.06 103 1018.4  21.9  22.7  21.8 99.0 99.00
2016 05 18 09 50 176  5.2  8.2  1.06  5.56  4.93  84 1018.3  22.7  22.7  22.3 99.0 99.00
2016 05 18 10 50 163  7.5  9.3  1.02  5.56  4.50 109 1018.4  23.3  22.7  22.9 99.0 99.00
2016 05 18 11 50 180  7.4  8.3  1.04  5.88  4.46 106 1019.2  23.1  22.7  22.3 99.0 99.00
2016 05 18 12 50 177  6.5  7.8  1.01  5.56  4.59 109 1019.3  23.5  22.7  23.1 99.0 99.00
2016 05 18 13 50 180  7.1  8.3  1.02  5.00  4.41 111 1019.3  23.5  22.7  23.1 99.0 99.00
2016 05 18 14 50 180  6.6  8.0  1.00  5.56  4.39 104 1019.3  23.6  22.8  23.0 99.0 99.00
2016 05 18 15 50 179  7.0  8.3  0.99  5.56  4.32 100 1019.1  23.7  22.8  23.0 99.0 99.00
2016 05 18 16 50 188  7.5  8.9  0.96  4.76  4.21 140 1018.6  23.7  22.9  23.1 99.0 99.00
2016 05 18 17 50 182  7.9  9.3  0.96  4.55  4.11 142 1018.0  23.8  22.9  23.1 99.0 99.00
2016 05 18 18 50 180  8.0  9.6  1.02  5.88  4.27 125 1017.4  23.7  22.9  23.1 99.0 99.00
2016 05 18 19 50 182  8.2  9.7  1.14  4.76  4.33 161 1016.5  23.8  22.9  23.2 99.0 99.00
2016 05 18 20 50 178  8.6 10.8  1.11  5.26  4.27 128 1016.0  23.8  22.9  23.2 99.0 99.00
2016 05 18 21 50 176  8.2  9.1  1.13  5.00  4.32 148 1015.9  23.8  22.9  23.2 99.0 99.00
2016 05 18 22 50 175  8.6 10.3  1.22  5.00  4.35 158 1015.5  23.8  22.9  23.1 99.0 99.00
2016 05 18 23 50 180  9.1 10.6  1.21  4.55  4.22 173 1015.7  23.9  22.9  23.2 99.0 99.00
2016 05 19 00 50 181  8.4 10.1  1.25  5.26  4.34 158 1015.7  23.8  22.9  23.2 99.0 99.00
2016 05 19 01 50 180  8.7 10.6  1.21  5.26  4.30 162 1015.7  23.8  22.9  23.3 99.0 99.00
2016 05 19 02 50 180  9.5 11.3  1.27  5.56  4.30 162 1015.2  23.8  22.9  23.4 99.0 99.00
2016 05 19 03 50 182  9.9 11.4  1.36  5.88  4.50 147 1014.6  23.8  22.9  23.4 99.0 99.00
2016 05 19 04 50 184 10.1 12.0  1.40  5.88  4.63 167 1014.3  23.7  22.9  23.4 99.0 99.00
2016 05 19 05 50 188  9.4 10.9  1.41  5.88  4.63 164 1013.6  23.7  22.9  22.6 99.0 99.00
2016 05 19 06 50 185  9.3 10.9  1.40  5.56  4.61 181 1012.9  23.7  22.9  22.1 99.0 99.00
2016 05 19 07 50 201 10.7 12.7  1.55  5.56  4.82 176 1012.0  23.8  22.9  23.5 99.0 99.00
2016 05 19 08 50 215 11.4 13.6  1.61  5.88  4.75 167 1012.0  23.1  22.9  22.7 99.0 99.00
2016 05 19 09 50 221 10.2 11.8  1.77  6.25  4.95 171 1012.6  23.6  22.9  22.6 99.0 99.00
2016 05 19 10 50 230  8.9 10.5  1.83  6.67  5.22 161 1013.1  23.6  22.9  22.8 99.0 99.00
2016 05 19 11 50 234  8.8 10.7  2.00  6.25  5.37 189 1013.8  23.6  22.9  22.4 99.0 99.00
2016 05 19 12 50 232  7.6  8.8  1.94  7.14  5.44 229 1014.3  23.5  22.9  22.7 99.0 99.00
2016 05 19 13 50 230  6.4  7.5  1.88  7.14  5.50 218 1014.7  23.5  22.9  22.9 99.0 99.00
2016 05 19 14 50 225  6.3  7.9  1.96  6.67  5.77 215 1014.9  23.5  23.0  23.0 99.0 99.00
2016 05 19 15 50 221  6.4  7.9  1.81  6.67  5.70 200 1014.8  23.6  23.0  22.9 99.0 99.00
2016 05 19 16 50 222  6.7  7.6  1.79  6.67  5.66 198 1014.3  23.7  23.1  22.9 99.0 99.00
2016 05 19 17 50 222  6.1  7.3  1.90  7.14  5.68 200 1014.4  23.7  23.2  23.0 99.0 99.00
2016 05 19 18 50 216  6.2  7.3  1.72  7.14  5.52 196 1013.7  23.7  23.3  23.0 99.0 99.00
2016 05 19 19 50 231  7.4  8.8  1.64  7.14  5.48 179 1013.5  23.7  23.3  22.8 99.0 99.00
2016 05 19 20 50 268  7.3  8.9  1.63  6.25  5.32 195 1013.3  23.5  23.2  23.1 99.0 99.00
2016 05 19 21 50 304  6.8  8.3  1.68  7.14  5.50 177 1014.0  23.5  23.2  22.5 99.0 99.00
2016 05 19 22 50 305  7.2  8.6  1.66  7.14  5.45 172 1014.9  23.1  23.2  21.8 99.0 99.00
2016 05 19 23 50 306  6.0  8.0  1.61  7.14  5.41 167 1015.5  23.1  23.1  22.0 99.0 99.00
2016 05 20 00 50 302  6.8  8.3  1.47  6.67  5.30 198 1016.3  23.1  23.1  22.0 99.0 99.00
2016 05 20 01 50 303  5.8  7.1  1.72  7.69  5.73 161 1017.0  23.0  23.1  22.0 99.0 99.00
2016 05 20 02 50 298  4.8  5.9  1.35  7.69  5.36 184 1017.1  22.9  23.0  21.8 99.0 99.00
2016 05 20 03 50 309  4.5  5.3  1.44  7.69  5.50 171 1017.0  22.8  23.0  21.7 99.0 99.00
2016 05 20 04 50 311  5.0  5.9  1.49  7.14  5.74 183 1016.8  22.8  23.0  21.5 99.0 99.00
2016 05 20 05 50 314  5.0  5.7  1.37  7.14  5.75 189 1016.7  22.7  23.1  21.4 99.0 99.00
2016 05 20 06 50 306  5.9  6.9  1.33  7.69  5.72 187 1017.0  22.8  23.0  21.4 99.0 99.00
2016 05 20 07 50 320  6.6  7.8  1.42  7.14  5.84 181 1017.3  22.7  23.0  21.1 99.0 99.00
2016 05 20 08 50 340  6.0  7.0  1.30  7.14  5.49 187 1017.6  22.6  23.0  20.5 99.0 99.00
2016 05 20 09 50 353  4.4  5.7  1.49  7.14  5.69 173 1017.9  22.6  23.0  20.2 99.0 99.00
2016 05 20 10 50 348  3.6  4.5  1.57  7.14  5.86 199 1018.6  22.6  23.0  20.3 99.0 99.00
2016 05 20 11 50 334  3.1  4.0  1.45  7.14  5.94 271 1019.6  22.7  23.0  20.5 99.0 99.00
2016 05 20 12 50 349  3.3  4.1  1.36  7.14  5.78 229 1020.0  22.8  23.1  20.6 99.0 99.00
2016 05 20 13 50 344  3.4  4.2  1.48  6.67  5.93 196 1020.7  22.8  23.2  20.6 99.0 99.00
2016 05 20 14 50 355  4.3  5.1  1.43  7.14  5.96 249 1020.9  22.9  23.3  20.8 99.0 99.00
2016 05 20 15 50  12  3.9  4.6  1.42  7.14  5.95 238 1021.1  23.0  23.5  21.0 99.0 99.00
2016 05 20 16 50  22  2.6  3.3  1.41  7.14  6.07 248 1020.9  23.2  23.6  21.0 99.0 99.00
2016 05 20 17 50  28  2.8  3.5  1.49  7.14  6.20 285 1020.7  23.3  23.8  20.8 99.0 99.00
2016 05 20 18 50  33  3.3  4.0  1.41  7.14  6.17 182 1020.8  23.5  23.8  20.9 99.0 99.00
2016 05 20 19 50  44  3.4  4.5  1.46  8.33  6.20 145 1020.8  23.6  23.8  20.9 99.0 99.00
2016 05 20 20 50  45  3.9  4.6  1.27  6.67  6.03 262 1020.6  23.6  23.7  21.0 99.0 99.00
2016 05 20 21 50  61  5.6  6.4  1.26  7.69  6.17 136 1020.6  23.6  23.7  20.6 99.0 99.00
2016 05 20 22 50  80  5.5  6.3  1.26  8.33  6.18 135 1020.9  23.5  23.6  20.1 99.0 99.00
2016 05 20 23 50  69  5.8  7.2  1.18  7.69  5.91 125 1020.9  23.4  23.5  20.2 99.0 99.00
2016 05 21 00 50  65  5.9  6.9  1.25  8.33  5.98 138 1021.0  23.3  23.4  20.3 99.0 99.00
2016 05 21 01 50  66  5.7  6.8  1.27  7.14  5.84  67 1021.5  23.2  23.4  20.7 99.0 99.00
2016 05 21 02 50  72  5.3  6.3  1.18  6.67  5.81   9 1022.0  23.2  23.3  20.6 99.0 99.00
2016 05 21 03 50  68  5.0  6.2  1.14  9.09  5.72 129 1021.6  23.1  23.3  20.7 99.0 99.00
2016 05 21 05 50 103  6.5  7.8  1.26  7.69  5.76 130 1019.9  23.0  23.2  20.3 99.0 99.00
2016 05 21 06 50 108  6.0  7.2  1.19  8.33  5.53 136 1019.7  23.0  23.1  20.6 99.0 99.00
2016 05 21 07 50 104  6.3  7.6  1.24  7.14  5.55 123 1019.3  23.1  23.1  20.4 99.0 99.00
2016 05 21 08 50 104  6.5  7.7  1.41  8.33  5.50 125 1019.2  23.1  23.1  20.2 99.0 99.00
2016 05 21 09 50 107  6.7  7.9  1.34  6.25  5.31  13 1019.6  23.1  23.1  20.3 99.0 99.00
2016 05 21 10 50 102  7.2  8.4  1.26  6.25  5.20   9 1019.7  23.1  23.0  20.3 99.0 99.00
2016 05 21 11 50 104  7.8  9.1  1.44  8.33  5.46 138 1019.8  23.2  23.1  20.1 99.0 99.00
2016 05 21 12 50 107  7.7  9.0  1.51  9.09  5.49 131 1019.9  23.3  23.1  20.8 99.0 99.00
2016 05 21 13 50 105  7.0  8.3  1.41  7.14  5.22  39 1020.1  23.4  23.1  21.0 99.0 99.00
2016 05 21 14 50 111  8.4  9.8  1.44  8.33  5.16 118 1019.6  23.4  23.2  21.1 99.0 99.00
2016 05 21 15 50 111  7.8  9.9  1.40  7.14  5.00  49 1018.9  23.3  23.2  21.6 99.0 99.00
2016 05 21 16 50 119  8.5 10.3  1.44  8.33  5.21 109 1018.2  23.6  23.3  21.5 99.0 99.00
2016 05 21 17 50 139  7.1 10.0  1.38  9.09  5.05 123 1017.6  22.9  23.3  22.3 99.0 99.00
2016 05 21 18 50 141  7.5  9.4  1.45  9.09  5.38 142 1016.6  23.4  23.3  22.4 99.0 99.00
2016 05 21 19 50 160  6.0  7.3  1.49  9.09  5.34 134 1016.0  23.9  23.3  22.3 99.0 99.00
2016 05 21 20 50 156  6.2  7.0  1.45  9.09  5.38 103 1015.5  24.0  23.5  22.6 99.0 99.00
2016 05 21 21 50 156  6.2  7.2  1.57  5.56  5.65 110 1015.2  23.9  23.4  23.0 99.0 99.00
2016 05 21 22 50 168  6.0  7.8  1.44  8.33  5.42 109 1014.8  23.7  23.4  22.9 99.0 99.00
2016 05 21 23 50 188  6.5  7.6  1.53  9.09  5.70 143 1014.5  23.6  23.4  22.6 99.0 99.00
2016 05 22 00 50 191  6.8  8.1  1.53  8.33  5.74 123 1014.5  23.5  23.4  22.4 99.0 99.00
2016 05 22 01 50 177  6.9  8.4  1.43  8.33  5.62 121 1014.3  23.5  23.3  22.7 99.0 99.00
2016 05 22 02 50 180  6.6  7.9  1.50  9.09  5.66 101 1013.8  23.6  23.3  22.7 99.0 99.00
2016 05 22 03 50 189  6.5  8.0  1.42  9.09  5.50 119 1013.9  23.7  23.3  23.0 99.0 99.00
2016 05 22 04 50 166  7.8  9.2  1.48  9.09  5.53 102 1012.6  23.5  23.3  23.2 99.0 99.00
2016 05 22 05 50 197 10.3 12.3  1.48  9.09  5.24 116 1011.5  22.9  23.3  22.1 99.0 99.00
2016 05 22 06 50 195  9.2 11.0  1.47  8.33  4.96 109 1010.9  23.1  23.2  21.1 99.0 99.00
2016 05 22 07 50 214  8.7 10.6  1.64  4.76  4.95 174 1011.1  23.1  23.2  21.5 99.0 99.00
2016 05 22 08 50 212 10.0 12.0  1.56  9.09  5.04 125 1011.1  23.2  23.2  20.9 99.0 99.00
2016 05 22 09 50 221  9.0 10.4  1.54  4.76  4.82 203 1011.3  23.2  23.2  20.4 99.0 99.00
2016 05 22 10 50 215  6.5  7.9  1.57  5.00  4.89 195 1011.8  23.2  23.2  21.3 99.0 99.00
2016 05 22 11 50 215  7.5  8.9  1.38  5.00  4.94 194 1011.8  23.2  23.2  21.2 99.0 99.00
2016 05 22 12 50 213  7.7  9.5  1.46  9.09  5.04  97 1011.9  23.1  23.2  20.0 99.0 99.00
2016 05 22 13 50 210  7.1  8.0  1.42  8.33  5.15 118 1011.8  23.0  23.2  19.5 99.0 99.00
2016 05 22 14 50 201  7.7  9.6  1.46  9.09  5.14 120 1012.3  23.2  23.2  20.6 99.0 99.00
2016 05 22 15 50 195  8.1  9.1  1.49  9.09  5.13 117 1012.2  23.2  23.1  21.1 99.0 99.00
2016 05 22 16 50 198  7.8  9.0  1.41  8.33  4.89 115 1012.1  23.4  23.2  21.6 99.0 99.00
2016 05 22 17 50 198  7.4  9.1  1.37  8.33  4.87 113 1012.0  23.5  23.2  22.1 99.0 99.00
2016 05 22 18 50 205  7.2  8.8  1.48  9.09  5.18 114 1011.7  23.7  23.3  21.9 99.0 99.00
2016 05 22 19 50 206  6.8  8.4  1.51  8.33  5.13 104 1010.8  23.8  23.3  22.1 99.0 99.00
2016 05 22 20 50 204  8.0  9.3  1.49  9.09  5.30 104 1010.3  23.8  23.4  21.8 99.0 99.00
2016 05 22 21 50 200  6.1  7.4  1.49  5.26  5.20 218 1010.6  23.9  23.4  22.4 99.0 99.00
2016 05 22 22 50 200  5.8  7.1  1.53  5.88  5.37 259 1010.7  23.8  23.4  22.6 99.0 99.00
2016 05 22 23 50 193  6.0  7.3  1.40  8.33  5.24 112 1010.6  23.7  23.4  22.4 99.0 99.00
2016 05 23 00 50 198  5.5  6.5  1.42  9.09  5.41 111 1011.3  23.7  23.4  22.8 99.0 99.00
2016 05 23 01 50 190  5.7  6.6  1.39  9.09  5.35 118 1011.8  23.7  23.4  22.9 99.0 99.00
2016 05 23 02 50 189  5.8  6.6  1.34  9.09  5.35 104 1011.8  23.6  23.4  23.0 99.0 99.00
2016 05 23 03 50 194  5.9  7.1  1.37  5.88  5.45 243 1011.5  23.6  23.4  23.0 99.0 99.00
2016 05 23 04 50 189  5.4  6.5  1.35  5.88  5.31 234 1011.2  23.6  23.4  23.1 99.0 99.00
2016 05 23 05 50 187  4.9  5.7  1.34  6.25  5.46 201 1010.5  23.6  23.4  23.1 99.0 99.00
2016 05 23 06 50 184  5.3  6.4  1.28  6.25  5.36 185 1010.4  23.7  23.4  22.9 99.0 99.00
2016 05 23 07 50 180  6.0  7.0  1.35  6.25  5.49 216 1010.4  23.7  23.4  23.1 99.0 99.00
2016 05 23 08 50 175  6.6  7.5  1.39  9.09  5.49  83 1009.9  23.7  23.4  22.9 99.0 99.00
2016 05 23 09 50 171  7.2  8.6  1.48  9.09  5.56 103 1010.0  23.8  23.4  23.0 99.0 99.00
2016 05 23 10 50 162  7.7  9.1  1.45  6.25  5.21 231 1010.3  23.9  23.4  23.3 99.0 99.00
2016 05 23 11 50 195  8.4 10.3  1.44  8.33  5.18  64 1010.5  23.7  23.4  23.0 99.0 99.00
2016 05 23 12 50 210  7.0  8.4  1.58  9.09  4.95  93 1010.8  24.1  23.4  22.3 99.0 99.00
2016 05 23 13 50 200  7.4  8.8  1.59  8.33  5.08  91 1010.9  23.9  23.4  22.3 99.0 99.00
2016 05 23 14 50 210  7.8  9.1  1.52  6.25  5.17 200 1011.2  24.1  23.5  22.2 99.0 99.00
2016 05 23 15 50 211  8.1  9.9  1.54  6.25  5.06 186 1011.7  24.1  23.5  22.5 99.0 99.00
2016 05 23 16 50 201  7.6  9.6  1.53  6.67  4.92 232 1011.9  24.2  23.6  22.7 99.0 99.00
2016 05 23 17 50 202  7.4  8.7  1.60  6.67  5.26 241 1011.6  24.2  23.6  22.7 99.0 99.00
2016 05 23 18 50 218  8.4 10.1  1.56  6.25  5.07 222 1011.7  24.1  23.6  22.5 99.0 99.00
2016 05 23 19 50 219  6.9  8.3  1.51  5.88  5.23 222 1012.1  24.0  23.6  22.7 99.0 99.00
2016 05 23 20 50 222  7.0  8.3  1.77  5.88  5.58 211 1012.2  24.0  23.7  22.6 99.0 99.00
2016 05 23 21 50 222  6.6  7.6  1.54  6.25  5.40 231 1012.4  23.9  23.6  22.2 99.0 99.00
2016 05 23 22 50 219  6.3  7.4  1.58  6.25  5.53 204 1012.9  24.0  23.6  22.4 99.0 99.00
2016 05 24 00 50 225  4.8  5.7  1.66  6.67  5.97 223 1013.9  23.8  23.6  22.4 99.0 99.00
2016 05 24 01 50 226  5.0  5.9  1.68  6.67  6.00 209 1014.9  23.8  23.6  21.9 99.0 99.00
2016 05 24 02 50 227  5.2  6.4  1.48  6.67  5.84 202 1015.3  23.6  23.6  22.0 99.0 99.00
2016 05 24 03 50 240  6.2  7.3  1.55  6.67  6.00 205 1015.3  23.6  23.6  21.4 99.0 99.00
2016 05 24 04 50 288  4.5  5.8  1.45  6.67  5.77 174 1015.6  23.3  23.5  20.6 99.0 99.00
2016 05 24 05 50 272  2.6  3.2  1.36  6.67  5.75 241 1015.9  23.0  23.5  20.6 99.0 99.00
2016 05 24 06 50 258  1.1  1.8  1.47  6.25  5.96 183 1016.2  23.1  23.5  19.4 99.0 99.00
2016 05 24 07 50 268  1.4  2.1  1.48  6.67  5.94 184 1016.1  23.1  23.5  19.1 99.0 99.00
2016 05 24 08 50 277  1.5  2.2  1.54  7.69  6.08 128 1016.6  23.0  23.5  19.2 99.0 99.00
2016 05 24 09 50 290  1.7  2.4  1.50  8.33  6.12  87 1017.1  22.9  23.5  19.3 99.0 99.00
2016 05 24 10 50 318  0.4  1.0  1.43  6.25  6.24 212 1017.8  22.9  23.5  19.1 99.0 99.00
2016 05 24 11 50 151  0.7  1.2  1.36  7.69  6.10  89 1018.3  23.4  23.5  19.6 99.0 99.00
2016 05 24 12 50 161  1.0  1.6  1.42  7.14  6.21 139 1018.8  23.4  23.9  19.5 99.0 99.00
2016 05 24 13 50 234  1.4  2.0  1.46  8.33  6.26 111 1019.1  23.3  24.3  19.4 99.0 99.00
2016 05 24 14 50 254  2.0  2.5  1.47  5.88  6.25 203 1019.4  23.4  24.5  19.4 99.0 99.00
2016 05 24 15 50 211  1.9  2.8  1.46  8.33  6.19  79 1019.7  23.6  24.8  18.8 99.0 99.00
2016 05 24 16 50 248  1.9  2.8  1.57  6.67  6.34 163 1019.6  23.8  25.3  18.7 99.0 99.00
2016 05 24 17 50 236  2.3  3.2  1.65  6.25  6.32 205 1019.8  24.1  25.4  18.4 99.0 99.00
2016 05 24 18 50 249  2.8  3.8  1.50  6.25  6.04 223 1020.1  24.2  25.3  18.6 99.0 99.00
2016 05 24 19 50 261  2.8  3.5  1.48  6.67  6.29 319 1019.7  24.5  25.1  17.4 99.0 99.00
2016 05 24 20 50 255  2.2  2.8  1.45  5.88  6.17 239 1019.9  24.5  25.0  17.5 99.0 99.00
2016 05 24 21 50 284  1.2  2.2  1.41  7.69  6.28 128 1019.7  24.3  24.8  17.1 99.0 99.00
2016 05 24 22 50 280  2.7  3.7  1.31  8.33  6.16  91 1020.1  24.0  24.6  17.8 99.0 99.00
2016 05 24 23 50 280  2.0  2.6  1.36  9.09  6.35 118 1020.5  23.8  24.6  18.6 99.0 99.00
2016 05 25 00 50 288  2.0  2.7  1.21  7.69  6.15 131 1020.8  23.9  24.4  17.7 99.0 99.00
2016 05 25 01 50 288  1.0  1.5  1.26  7.14  6.25 126 1021.5  23.8  24.4  17.8 99.0 99.00
2016 05 25 02 50 316  0.5  1.0  1.20  6.67  6.29 139 1021.9  23.7  24.3  18.0 99.0 99.00
2016 05 25 03 50 351  2.3  3.2  1.15  7.69  6.34  48 1021.7  23.4  24.1  19.4 99.0 99.00
2016 05 25 04 50 353  1.6  2.2  1.22  7.14  6.36 152 1021.5  23.3  24.1  19.0 99.0 99.00
2016 05 25 05 50 345  2.9  3.6  1.27  7.14  6.32 159 1021.3  23.2  24.1  19.0 99.0 99.00
2016 05 25 06 50  10  2.8  3.9  1.28  8.33  6.53 356 1021.2  23.1  24.1  19.3 99.0 99.00
2016 05 25 07 50   3  3.6  4.5  1.30  6.67  6.56 196 1021.5  23.0  24.1  18.2 99.0 99.00
2016 05 25 08 50  12  4.5  5.5  1.21  7.69  6.28 316 1021.8  23.0  24.2  18.1 99.0 99.00
2016 05 25 09 50   4  4.8  5.8  1.23  6.67  6.43 315 1021.9  22.9  24.1  17.5 99.0 99.00
2016 05 25 10 50   9  4.5  5.3  1.26  7.14  6.28 218 1022.4  22.8  24.1  18.0 99.0 99.00
2016 05 25 11 50   5  5.1  6.2  1.24  7.69  6.22 349 1022.8  22.8  24.1  18.7 99.0 99.00
2016 05 25 12 50   1  6.1  7.3  1.15  7.69  6.00 333 1023.5  22.7  24.1  18.5 99.0 99.00
2016 05 25 13 50  24  5.2  6.2  1.35  7.14  6.11 310 1023.5  22.7  24.1  18.2 99.0 99.00
2016 05 25 14 50  25  5.3  6.4  1.33  6.67  6.04 296 1023.8  22.8  24.2  17.6 99.0 99.00
2016 05 25 15 50  19  5.2  6.3  1.20  6.67  5.82 267 1023.8  22.9  24.2  17.6 99.0 99.00
2016 05 25 16 50  18  5.0  6.0  1.25  6.67  5.84 295 1023.8  23.0  24.3  17.4 99.0 99.00
2016 05 25 17 50  34  5.1  6.4  1.18  7.69  5.67 149 1023.3  23.0  24.4  17.4 99.0 99.00
2016 05 25 18 50  30  5.2  6.2  1.27  6.67  5.86 299 1022.8  23.0  24.4  17.4 99.0 99.00
2016 05 25 19 50  25  5.8  6.9  1.19  7.69  5.55 118 1022.4  23.0  24.3  17.6 99.0 99.00
2016 05 25 20 50  34  5.8  7.2  1.05  7.14  5.36 103 1022.2  23.1  24.4  17.2 99.0 99.00
2016 05 25 21 50  42  5.9  7.1  1.07  6.25  5.35 129 1022.2  23.2  24.4  17.3 99.0 99.00
2016 05 25 22 50  46  5.9  6.9  1.02  9.09  5.24  85 1022.4  23.2  24.3  17.7 99.0 99.00
2016 05 25 23 50  53  5.9  6.7  1.09  6.67  5.53 149 1022.7  23.1  24.3  18.0 99.0 99.00
2016 05 26 00 50  56  6.1  7.1  1.01  6.67  5.13 125 1022.9  23.1  24.3  17.8 99.0 99.00
2016 05 26 01 50  59  5.8  7.0  0.99  8.33  5.10 120 1023.5  23.1  24.3  18.3 99.0 99.00
2016 05 26 02 50  66  5.7  6.9  1.01  7.69  5.21 118 1023.1  23.1  24.2  18.4 99.0 99.00
2016 05 26 03 50  58  6.0  7.0  1.09  7.14  5.08 119 1022.7  23.1  24.2  18.4 99.0 99.00
2016 05 26 04 50  67  6.0  7.2  1.02  7.14  4.82 122 1022.7  23.1  24.2  18.5 99.0 99.00
2016 05 26 05 50  71  5.9  7.3  1.10  6.67  5.02 117 1022.3  23.1  24.2  18.4 99.0 99.00
2016 05 26 06 50  53  5.5  6.9  1.09  7.14  5.01  95 1021.9  23.1  24.1  18.4 99.0 99.00
2016 05 26 07 50  52  6.0  7.1  1.05  6.67  4.98 104 1021.7  23.0  24.2  18.3 99.0 99.00
2016 05 26 08 50  49  5.7  7.3  1.11  6.67  4.97  97 1021.8  23.0  24.1  18.3 99.0 99.00
2016 05 26 09 50  50  6.1  7.2  1.12  7.69  4.93 123 1021.9  22.9  24.1  18.2 99.0 99.00
2016 05 26 10 50  45  6.4  7.8  1.08  5.26  5.00  94 1022.2  23.1  24.1  18.6 99.0 99.00
2016 05 26 11 50  45  7.7  9.3  1.17  7.69  5.10 112 1022.4  23.1  24.1  18.7 99.0 99.00
2016 05 26 12 50  55  7.7  9.1  1.20  6.25  4.89  97 1022.6  23.1  24.1  18.8 99.0 99.00
2016 05 26 13 50  57  7.6  9.2  1.20  6.67  4.85 116 1022.7  23.2  24.1  19.0 99.0 99.00
2016 05 26 14 50  61  7.8  9.4  1.30  7.69  5.07 134 1022.4  23.3  24.1  19.2 99.0 99.00
2016 05 26 15 50  61  8.0  9.5  1.29  5.56  4.80  87 1022.2  23.3  24.1  19.0 99.0 99.00
2016 05 26 16 50  62  8.1  9.6  1.31  5.00  4.88  79 1022.0  23.4  24.1  19.3 99.0 99.00
2016 05 26 17 50  61  8.4  9.6  1.34  4.76  4.76  70 1021.7  23.4  24.1  19.3 99.0 99.00
2016 05 26 18 50  62  8.1  9.4  1.31  4.55  4.72  64 1021.3  23.5  24.1  19.2 99.0 99.00
2016 05 26 19 50  75  8.5 10.2  1.32  5.26  4.61  71 1021.1  23.6  24.1  19.6 99.0 99.00
2016 05 26 20 50  70  8.2  9.4  1.34  5.26  4.68  70 1020.8  23.6  24.1  20.1 99.0 99.00
2016 05 26 21 50  73  7.8  9.2  1.24  7.69  4.68 121 1020.5  23.7  24.2  20.9 99.0 99.00
2016 05 26 22 50  72  8.1  9.3  1.33  5.26  4.59  64 1020.5  23.8  24.2  21.3 99.0 99.00
2016 05 26 23 50  75  8.8 10.2  1.39  5.88  4.79 105 1020.4  23.8  24.2  21.5 99.0 99.00
2016 05 27 00 50 111  7.3  9.4  1.35  6.25  4.92 109 1020.9  23.0  24.2  21.3 99.0 99.00
2016 05 27 01 50  95  6.6  7.5  1.36  7.14  5.06 111 1021.2  23.5  24.3  20.7 99.0 99.00
2016 05 27 02 50 101  7.4  8.8  1.41  5.26  5.27  92 1020.9  23.7  24.3  21.3 99.0 99.00
2016 05 27 03 50  99  7.6  8.9  1.36  5.56  5.08  96 1020.1  24.1  24.3  22.0 99.0 99.00
2016 05 27 04 50  97  7.3  8.8  1.33  7.69  5.10 143 1020.0  24.1  24.3  21.8 99.0 99.00
2016 05 27 05 50  95  6.7  7.6  1.52  7.69  5.18 150 1020.0  24.1  24.3  21.3 99.0 99.00
2016 05 27 06 50  91  5.8  6.8  1.46  7.14  5.25 142 1019.8  24.1  24.2  21.1 99.0 99.00
2016 05 27 07 50  85  5.7  7.0  1.42  7.69  5.34 140 1019.8  24.0  24.2  21.2 99.0 99.00
2016 05 27 08 50  78  6.1  7.3  1.49  7.69  5.61 139 1020.0  24.0  24.2  21.4 99.0 99.00
2016 05 27 09 50  75  6.5  7.8  1.44  6.67  5.38 127 1020.0  24.0  24.2  21.3 99.0 99.00
2016 05 27 10 50  80  7.0  8.5  1.44  7.69  5.49 139 1020.1  24.0  24.2  21.3 99.0 99.00
2016 05 27 11 50  80  7.6  8.8  1.43  7.69  5.23 137 1020.3  24.1  24.2  21.1 99.0 99.00
2016 05 27 12 50  74  7.5  9.0  1.41  7.69  5.26 147 1020.8  24.2  24.2  21.3 99.0 99.00
2016 05 27 13 50  79  8.1  9.6  1.33  6.67  4.93 124 1020.9  24.2  24.2  20.9 99.0 99.00
2016 05 27 14 50  74  8.4  9.9  1.41  5.00  4.97  97 1020.9  24.2  24.2  21.1 99.0 99.00
2016 05 27 15 50  81  8.9 10.8  1.41  7.69  4.86 141 1020.9  24.3  24.3  21.5 99.0 99.00
2016 05 27 16 50  85  8.8 10.6  1.44  7.69  4.89 137 1020.5  24.3  24.3  21.9 99.0 99.00
2016 05 27 17 50  85  9.2 10.5  1.62  5.00  4.77  91 1020.0  24.4  24.3  22.0 99.0 99.00
2016 05 27 18 50  84  6.5  7.7  1.53  5.26  4.94  96 1019.7  24.3  24.3  21.3 99.0 99.00
2016 05 27 19 50  88  7.4  8.9  1.67  6.67  5.10 129 1019.5  24.4  24.3  22.4 99.0 99.00
2016 05 27 20 50 116  8.5  9.8  1.57  5.26  4.94  90 1019.5  24.0  24.3  21.4 99.0 99.00
2016 05 27 21 50 110  9.5 11.0  1.44  5.88  4.63 110 1019.3  24.3  24.3  21.5 99.0 99.00
2016 05 27 22 50 114  9.6 11.6  1.67  5.26  4.79 115 1019.4  24.4  24.2  22.1 99.0 99.00
2016 05 27 23 50 119  9.8 11.4  1.60  5.56  4.74 107 1019.3  24.5  24.2  22.1 99.0 99.00
2016 05 28 00 50 133  9.1 10.7  1.70  7.69  4.98 139 1019.8  24.3  24.2  22.6 99.0 99.00
2016 05 28 01 50 135  8.1  9.7  1.59  5.88  4.86 111 1020.0  24.0  24.2  22.1 99.0 99.00
2016 05 28 02 50 138  8.2  9.4  1.57  7.14  4.89 138 1020.5  24.0  24.2  22.0 99.0 99.00
2016 05 28 03 50 136  7.4  8.9  1.48  5.56  5.11 115 1020.5  24.1  24.1  22.1 99.0 99.00
2016 05 28 04 50 133  6.9  8.4  1.55  6.67  5.40 123 1020.3  24.2  24.0  22.1 99.0 99.00
2016 05 28 05 50 116  7.1  8.2  1.52  7.69  5.42 126 1020.1  24.1  24.0  22.4 99.0 99.00
2016 05 28 06 50 113  7.5  9.0  1.53  7.69  5.55 131 1019.9  24.1  24.0  22.5 99.0 99.00
2016 05 28 07 50  95  6.6  8.1  1.48  7.14  5.38 139 1020.0  23.2  24.0  22.4 99.0 99.00
2016 05 28 08 50 111  7.5  9.9  1.49  7.14  5.38 128 1020.4  24.0  24.0  22.5 99.0 99.00
2016 05 28 09 50 116  7.6  8.8  1.40  6.67  5.07 118 1021.0  24.4  24.0  22.8 99.0 99.00
2016 05 28 10 50 113  7.6  9.6  1.52  8.33  5.23 119 1021.4  24.5  24.0  22.7 99.0 99.00
2016 05 28 11 50 113  8.2  9.5  1.57  6.67  5.07 138 1021.7  24.6  24.0  22.8 99.0 99.00
2016 05 28 12 50 118  7.9  9.0  1.64  6.67  5.10 134 1022.1  24.6  24.0  22.8 99.0 99.00
2016 05 28 13 50 124  7.5  8.9  1.54  8.33  5.05 130 1022.3  24.7  24.1  22.8 99.0 99.00
2016 05 28 14 50 131  7.4  8.7  1.48  6.67  5.02 136 1022.6  24.7  24.1  22.9 99.0 99.00
2016 05 28 15 50 129  7.0  8.5  1.38  7.14  5.02 131 1022.7  24.7  24.1  23.3 99.0 99.00
2016 05 28 16 50 128  7.1  8.1  1.38  7.69  5.01 131 1022.6  24.7  24.2  23.3 99.0 99.00
2016 05 28 17 50 130  7.4  8.8  1.49  6.25  5.01 134 1022.5  24.8  24.2  23.1 99.0 99.00
2016 05 28 18 50 132  7.1  8.5  1.65  7.69  5.20 120 1022.3  24.8  24.3  23.1 99.0 99.00
2016 05 28 19 50 128  6.8  8.0  1.62  7.69  5.19 123 1022.2  24.9  24.3  23.1 99.0 99.00
2016 05 28 20 50 122  7.3  8.4  1.46  6.25  4.88 128 1022.2  24.9  24.3  23.1 99.0 99.00
2016 05 28 21 50 121  7.0  8.6  1.49  8.33  5.14 125 1022.3  24.8  24.3  23.1 99.0 99.00
2016 05 28 22 50 128  7.2  8.3  1.51  7.69  5.28 126 1022.6  24.7  24.3  23.2 99.0 99.00
2016 05 28 23 50 132  6.7  7.7  1.34  6.25  4.84 118 1022.8  24.2  24.3  22.3 99.0 99.00
2016 05 29 00 50 134  7.5  8.8  1.37  5.88  5.09 134 1022.8  24.7  24.3  23.2 99.0 99.00
2016 05 29 01 50 130  7.0  8.4  1.44  6.67  5.24 130 1022.9  24.6  24.2  23.2 99.0 99.00
2016 05 29 02 50 127  7.3  8.9  1.37  7.69  5.15 121 1022.6  24.5  24.2  23.1 99.0 99.00
2016 05 29 03 50 134  7.3  8.3  1.43  7.14  5.06 137 1022.4  24.4  24.2  23.1 99.0 99.00
2016 05 29 04 50 135  7.2  8.2  1.33  7.14  5.12 133 1022.3  24.4  24.2  22.8 99.0 99.00
2016 05 29 06 50 140  6.9  8.2  1.37  7.69  5.11 128 1021.6  24.4  24.2  22.6 99.0 99.00
2016 05 29 07 50 136  6.4  7.8  1.37  8.33  5.26 135 1021.7  24.3  24.1  22.5 99.0 99.00
2016 05 29 08 50 129  6.1  7.3  1.30  5.56  5.10 142 1022.2  24.3  24.1  22.6 99.0 99.00
2016 05 29 09 50 131  6.7  8.2  1.36  7.14  5.17 126 1022.7  24.4  24.1  22.2 99.0 99.00
2016 05 29 10 50 128  6.4  7.6  1.41  6.67  5.08 137 1022.9  24.5  24.1  22.0 99.0 99.00
2016 05 29 11 50 125  7.3  8.8  1.37  7.14  5.10 137 1023.2  24.5  24.1  22.0 99.0 99.00
2016 05 29 12 50 126  7.6  9.2  1.36  6.25  4.96 140 1023.3  24.5  24.2  21.9 99.0 99.00
2016 05 29 13 50 133  7.7  8.8  1.26  6.67  4.83 142 1023.3  24.5  24.2  21.4 99.0 99.00
2016 05 29 14 50 127  6.8  7.8  1.31  7.69  4.90 120 1023.4  24.6  24.3  21.7 99.0 99.00
2016 05 29 15 50 129  7.0  8.2  1.25  5.88  4.68 143 1023.2  24.6  24.4  21.7 99.0 99.00
2016 05 29 16 50 131  7.1  8.3  1.34  7.69  4.96 121 1023.0  24.6  24.4  21.3 99.0 99.00
2016 05 29 17 50 130  6.7  7.8  1.38  8.33  5.08 117 1022.8  24.6  24.5  21.8 99.0 99.00
2016 05 29 18 50 127  7.0  8.2  1.25  5.56  4.89 130 1022.4  24.6  24.5  21.2 99.0 99.00
2016 05 29 19 50 129  6.5  7.5  1.34  7.69  5.04 118 1022.0  24.6  24.5  21.7 99.0 99.00
2016 05 29 20 50 121  6.5  7.6  1.35  6.67  5.02 142 1021.6  24.6  24.5  21.6 99.0 99.00
2016 05 29 21 50 126  6.6  7.5  1.36  7.14  5.16 132 1021.4  24.7  24.4  21.6 99.0 99.00
2016 05 29 22 50 124  6.7  8.0  1.27  7.69  5.23 127 1021.6  24.6  24.4  21.9 99.0 99.00
2016 05 29 23 50 132  6.4  7.7  1.32  8.33  5.16 128 1021.8  24.6  24.4  22.0 99.0 99.00
2016 05 30 00 50 131  6.9  8.1  1.30  6.67  5.05 139 1021.8  24.5  24.3  21.7 99.0 99.00
2016 05 30 01 50 125  6.2  7.4  1.25  7.69  5.07 142 1022.1  24.5  24.3  22.2 99.0 99.00
2016 05 30 02 50 128  7.1  8.1  1.25  6.25  4.93 142 1022.2  24.5  24.3  21.8 99.0 99.00
2016 05 30 03 50 126  6.4  7.7  1.26  7.14  4.96 145 1021.9  24.4  24.3  21.9 99.0 99.00
2016 05 30 04 50 124  7.1  8.2  1.27  7.69  5.17 131 1021.5  24.3  24.3  21.8 99.0 99.00
2016 05 30 05 50 120  7.2  8.7  1.20  6.67  4.92 145 1020.8  24.3  24.2  21.4 99.0 99.00
2016 05 30 06 50 115  7.4  8.6  1.26  7.69  4.93 123 1020.5  24.2  24.2  21.4 99.0 99.00
2016 05 30 07 50 112  7.9  9.7  1.23  7.69  4.76 119 1020.4  24.1  24.2  21.1 99.0 99.00
2016 05 30 08 50 118  8.4  9.8  1.24  7.14  4.72 135 1020.4  24.1  24.2  20.3 99.0 99.00
2016 05 30 09 50 125  9.2 10.7  1.27  7.69  4.76 118 1020.3  24.1  24.1  20.0 99.0 99.00
2016 05 30 10 50 124  9.3 11.0  1.41  6.25  4.73 128 1020.3  24.1  24.1  19.4 99.0 99.00
2016 05 30 11 50 117  9.8 11.6  1.40  7.69  4.58 132 1020.4  24.1  24.1  19.0 99.0 99.00
2016 05 30 12 50 125  9.2 10.8  1.52  7.69  4.75 124 1020.7  24.2  24.2  19.3 99.0 99.00
2016 05 30 13 50 126  9.5 11.3  1.45  5.56  4.53 142 1020.6  24.2  24.2  18.9 99.0 99.00
2016 05 30 14 50 129  9.3 10.9  1.57  7.14  4.79 128 1020.7  24.2  24.2  19.0 99.0 99.00
2016 05 30 15 50 132  8.9 10.6  1.65  6.25  5.08 138 1020.5  24.3  24.2  19.3 99.0 99.00
2016 05 30 16 50 136  8.8 10.5  1.68  7.14  4.85 129 1020.1  24.4  24.3  19.7 99.0 99.00
2016 05 30 17 50 138  9.0 10.7  1.61  5.88  4.93 133 1019.7  24.5  24.3  19.5 99.0 99.00
2016 05 30 18 50 135  8.9 10.4  1.60  6.25  4.93 125 1019.2  24.4  24.3  19.7 99.0 99.00
2016 05 30 19 50 140  8.4 10.0  1.60  5.88  4.88 137 1018.7  24.5  24.3  19.9 99.0 99.00
2016 05 30 20 50 141  7.7  9.2  1.54  6.25  5.05 140 1018.4  24.5  24.3  19.9 99.0 99.00
2016 05 30 21 50 140  7.3  8.7  1.65  6.25  5.15 131 1018.4  24.5  24.3  20.7 99.0 99.00
2016 05 30 22 50 143  7.6  8.8  1.60  7.14  5.27 149 1018.8  24.5  24.2  21.1 99.0 99.00
2016 05 30 23 50 141  7.1  8.8  1.47  6.67  5.07 137 1018.9  24.5  24.3  21.4 99.0 99.00
2016 05 31 00 50 136  7.2  8.7  1.46  6.67  5.12 140 1019.2  24.5  24.2  21.8 99.0 99.00
2016 05 31 01 50 136  7.5  8.8  1.47  6.25  5.06 135 1019.5  24.5  24.2  21.9 99.0 99.00
2016 05 31 02 50 132  7.4  8.4  1.48  7.14  5.18 147 1019.1  24.4  24.2  22.2 99.0 99.00
2016 05 31 03 50 130  7.8  9.6  1.47  7.14  5.14 131 1018.7  24.4  24.2  22.3 99.0 99.00
2016 05 31 04 50 127  8.0  9.5  1.38  7.14  5.22 131 1018.1  24.3  24.2  22.3 99.0 99.00
2016 05 31 05 50 126  8.1  9.6  1.44  7.14  4.91 138 1017.3  24.3  24.2  22.6 99.0 99.00
2016 05 31 06 50 124  7.3  8.8  1.50  7.14  5.07 132 1016.8  24.4  24.2  22.9 99.0 99.00
2016 05 31 07 50 128  7.1  8.9  1.61  7.69  5.21 134 1016.9  24.4  24.2  22.9 99.0 99.00
2016 05 31 08 50 129  7.0  8.1  1.57  6.67  5.17 132 1016.7  24.5  24.2  22.9 99.0 99.00
2016 05 31 09 50 132  8.5 10.0  1.52  7.69  5.15 128 1016.9  23.2  24.1  22.9 99.0 99.00
2016 05 31 10 50 125  7.5  9.0  1.53  7.14  5.25 138 1016.8  23.8  24.1  23.3 99.0 99.00
2016 05 31 11 50 115  8.7 10.5  1.67  6.67  5.21 129 1016.5  24.1  24.1  23.5 99.0 99.00
2016 05 31 12 50 131  8.2 10.1  1.61  7.14  5.16 131 1016.8  24.5  24.1  23.6 99.0 99.00
2016 05 31 13 50 130  8.0  9.6  1.75  7.69  5.20 138 1016.8  24.7  24.1  23.6 99.0 99.00
2016 05 31 14 50 141  8.1  9.6  1.71  7.69  5.32 136 1017.1  24.8  24.2  23.9 99.0 99.00
2016 05 31 15 50 144  7.9  9.2  1.78  7.69  5.33 132 1017.0  24.9  24.3  23.9 99.0 99.00
2016 05 31 16 50 147  7.6  9.0  1.80  7.14  5.41 136 1016.6  25.0  24.3  23.9 99.0 99.00
2016 05 31 17 50 155  7.1  8.2  1.56  7.14  5.16 130 1016.5  25.0  24.4  24.0 99.0 99.00
2016 05 31 18 50 167  6.6  7.9  1.72  8.33  5.60 144 1016.3  24.5  24.3  23.7 99.0 99.00
2016 05 31 19 50 164  7.2  8.5  1.67  7.69  5.46 143 1016.0  24.8  24.3  24.1 99.0 99.00
2016 05 31 20 50 166  6.4  7.5  1.59  6.67  5.48 121 1015.9  24.3  24.3  23.2 99.0 99.00
2016 05 31 21 50 168  6.2  7.2  1.53  7.69  5.31 134 1016.1  24.6  24.3  23.7 99.0 99.00
2016 05 31 22 50 156  3.9  5.3  1.45  7.69  5.35 135 1016.4  24.6  24.3  24.0 99.0 99.00
