#YY  MM DD hh mm WDIR WSPD GST  WVHT   DPD   APD MWD   PRES  ATMP  WTMP  DEWP  VIS  TIDE
#yr  mo dy hr mn degT m/s  m/s     m   sec   sec deg    hPa  degC  degC  degC  nmi    ft
2016 06 30 23 50  80  8.5 10.0  1.78  7.69  5.30  76 1015.7  27.8  28.0  24.6 99.0 99.00
2016 07 01 01 50  83 10.4 12.6  1.88  7.69  5.37  74 1016.4  27.8  28.0  24.6 99.0 99.00
2016 07 01 02 50  79 10.3 12.2  1.78  6.67  5.21  81 1016.2  27.8  27.9  24.6 99.0 99.00
2016 07 01 03 50  77 10.0 11.8  1.96  7.69  5.47  88 1015.6  27.6  27.9  24.6 99.0 99.00
2016 07 01 04 50  78 10.0 12.2  2.02  7.69  5.33  71 1014.9  27.6  27.9  24.6 99.0 99.00
2016 07 01 05 50  83 10.8 12.5  2.12  7.69  5.57  84 1014.4  27.6  27.9  24.5 99.0 99.00
2016 07 01 06 50  79  9.4 11.0  2.27  8.33  5.55  85 1014.8  26.4  27.9  24.4 99.0 99.00
2016 07 01 07 50  77 10.1 12.8  2.37  8.33  5.75  90 1014.7  27.3  27.8  24.8 99.0 99.00
2016 07 01 08 50  84 10.9 13.1  2.50  7.69  5.71  84 1015.0  27.4  27.8  24.1 99.0 99.00
2016 07 01 09 50  79 11.2 14.0  2.51  8.33  5.84  81 1015.5  27.2  27.8  24.4 99.0 99.00
2016 07 01 10 50  79  9.9 11.9  2.66  9.09  5.91  77 1016.4  27.5  27.8  24.6 99.0 99.00
2016 07 01 11 50  82 11.0 13.0  2.69  8.33  6.11  86 1016.7  27.7  27.8  24.1 99.0 99.00
2016 07 01 12 50  75  9.9 12.5  2.66  8.33  6.00  81 1017.2  27.5  27.8  24.0 99.0 99.00
2016 07 01 13 50  75 10.7 12.8  2.70  8.33  6.10  72 1016.9  27.8  27.8  23.6 99.0 99.00
2016 07 01 14 50  75 10.5 12.3  2.86  9.09  6.30  84 1016.8  27.9  27.9  23.6 99.0 99.00
2016 07 01 15 50  75 10.3 12.7  2.79  8.33  6.22  80 1016.6  27.8  27.9  23.4 99.0 99.00
2016 07 01 16 50  80  9.9 11.8  3.14  8.33  6.51  87 1016.2  27.7  27.9  23.0 99.0 99.00
2016 07 01 17 50  76 10.1 12.4  2.83  9.09  6.31  73 1015.6  27.6  27.9  22.7 99.0 99.00
2016 07 01 18 50  81  9.5 11.3  2.91  9.09  6.49  81 1015.4  27.7  27.9  22.4 99.0 99.00
2016 07 01 19 50  79  8.8 10.8  2.64  9.09  6.25  85 1015.3  27.7  27.9  23.1 99.0 99.00
2016 07 01 20 50  77  9.0 10.4  2.61  9.09  6.29  91 1015.5  27.7  27.9  22.7 99.0 99.00
2016 07 01 21 50  75  9.9 12.3  2.56  9.09  6.38  84 1015.5  27.6  27.9  23.3 99.0 99.00
2016 07 01 22 50  79 10.3 12.2  2.53  9.09  6.21  85 1016.0  27.6  27.8  22.5 99.0 99.00
2016 07 01 23 50  77  9.1 11.5  2.70  9.09  6.44  90 1016.5  27.6  27.8  23.0 99.0 99.00
2016 07 02 00 50  80  8.9 10.7  2.59  9.09  6.34  94 1017.0  27.6  27.8  23.5 99.0 99.00
2016 07 02 01 50  89 10.8 12.8  2.53  8.33  6.31  92 1017.4  27.7  27.8  22.7 99.0 99.00
2016 07 02 02 50  82 10.0 11.7  2.83  9.09  6.52  90 1017.2  27.5  27.8  22.4 99.0 99.00
2016 07 02 03 50  69  9.5 11.6  2.72  9.09  6.44  96 1016.8  27.5  27.8  22.4 99.0 99.00
2016 07 02 04 50  69  8.4 10.1  2.61  9.09  6.48  98 1016.0  27.5  27.8  22.0 99.0 99.00
2016 07 02 05 50  61  9.3 11.2  2.57  9.09  6.37  96 1015.4  27.4  27.7  22.9 99.0 99.00
2016 07 02 06 50  82  9.6 12.5  2.64  8.33  6.33  82 1015.4  26.9  27.7  23.6 99.0 99.00
2016 07 02 07 50  81  9.5 11.7  2.66  8.33  6.27  91 1015.4  27.1  27.7  23.0 99.0 99.00
2016 07 02 09 50  80  8.8 10.6  2.75  9.09  6.20  88 1016.3  27.3  27.7  21.9 99.0 99.00
2016 07 02 10 50  66  8.7 10.4  2.55  8.33  6.20  87 1016.8  27.4  27.7  22.4 99.0 99.00
2016 07 02 11 50  68  8.4 10.3  2.69  9.09  6.41  95 1016.9  27.1  27.7  22.7 99.0 99.00
2016 07 02 12 50  61  8.4 10.1  2.90  9.09  6.67  88 1017.2  26.7  27.8  22.8 99.0 99.00
2016 07 02 13 50  65  8.8 10.8  2.63  9.09  6.35  85 1017.1  27.3  27.8  23.3 99.0 99.00
2016 07 02 14 50  71 11.3 13.5  2.67  9.09  6.56  91 1016.6  26.8  27.8  23.2 99.0 99.00
2016 07 02 15 50  73  8.5  9.8  2.74  9.09  6.53  95 1016.4  27.1  27.8  22.7 99.0 99.00
2016 07 02 16 50  67 11.6 15.2  2.48  8.33  6.15  81 1015.7  27.2  27.9  22.5 99.0 99.00
2016 07 02 17 50  69  8.7 10.7  2.85  9.09  6.41  91 1015.5  27.2  27.9  22.0 99.0 99.00
2016 07 02 18 50  66  8.3 10.2  2.90  9.09  6.68  97 1015.0  27.5  27.9  22.8 99.0 99.00
2016 07 02 19 50  68  9.1 11.1  2.63  9.09  6.46  94 1014.7  27.5  27.9  22.6 99.0 99.00
2016 07 02 20 50  70  9.4 10.8  2.61  9.09  6.20  99 1015.0  27.6  27.9  22.5 99.0 99.00
2016 07 02 21 50  72  9.3 11.3  2.55  9.09  6.25  85 1015.3  27.5  27.8  22.7 99.0 99.00
2016 07 02 22 50  70  9.1 11.1  2.71  9.09  6.45  89 1015.8  27.5  27.8  22.7 99.0 99.00
2016 07 02 23 50  73  9.4 11.1  2.54  9.09  6.27  97 1016.4  27.7  27.8  22.7 99.0 99.00
2016 07 03 00 50  77  8.8 10.5  2.94  9.09  6.64  79 1016.8  27.5  27.8  22.8 99.0 99.00
2016 07 03 01 50  66  9.3 12.4  2.36  9.09  6.10  92 1017.2  26.5  27.8  23.6 99.0 99.00
2016 07 03 02 50  61  9.2 11.4  2.48  9.09  6.21  92 1017.0  26.6  27.7  23.1 99.0 99.00
2016 07 03 04 50  72  9.0 11.3  2.47  9.09  6.25  92 1016.3  26.6  27.7  23.2 99.0 99.00
2016 07 03 05 50  88  8.0  9.6  2.67  9.09  6.44  84 1015.8  27.0  27.7  23.9 99.0 99.00
2016 07 03 06 50  72  8.3 10.5  2.82  9.09  6.45  86 1015.7  26.5  27.7  23.6 99.0 99.00
2016 07 03 07 50  77  9.8 12.1  2.44  9.09  6.10  89 1015.4  27.4  27.7  23.4 99.0 99.00
2016 07 03 08 50  76  9.6 11.2  2.62  9.09  6.31  95 1015.7  27.4  27.7  23.1 99.0 99.00
2016 07 03 09 50  77  9.7 11.6  2.56  9.09  6.32  96 1016.3  27.4  27.7  23.2 99.0 99.00
2016 07 03 10 50  75  9.6 11.1  2.58  9.09  6.29  87 1016.7  27.5  27.7  23.0 99.0 99.00
2016 07 03 11 50  71  9.8 11.9  2.28  9.09  5.85  91 1016.7  27.5  27.7  23.2 99.0 99.00
2016 07 03 12 50  74 10.0 11.7  2.65  9.09  6.36  90 1017.1  27.5  27.7  23.1 99.0 99.00
2016 07 03 13 50  85  9.6 11.9  2.55  7.69  6.14  85 1017.5  27.6  27.8  23.2 99.0 99.00
2016 07 03 14 50  79  8.8 10.4  2.36 10.00  6.03  87 1017.4  27.6  27.8  23.2 99.0 99.00
2016 07 03 15 50  77  8.3  9.8  2.36  9.09  6.09  83 1017.1  27.7  27.8  23.2 99.0 99.00
2016 07 03 16 50  83 10.2 13.1  2.35  9.09  6.15  95 1016.4  27.3  27.8  23.9 99.0 99.00
2016 07 03 17 50  79  7.9  9.2  2.54  9.09  6.62  87 1016.1  27.2  27.8  23.8 99.0 99.00
2016 07 03 18 50  65  7.5  8.7  2.36  9.09  6.26  92 1015.7  27.1  27.8  23.8 99.0 99.00
2016 07 03 19 50  75  8.6 10.4  2.27  9.09  6.33  85 1015.5  27.6  27.8  23.7 99.0 99.00
2016 07 03 20 50  59  8.5 10.4  2.25  9.09  6.08  85 1015.7  27.0  27.8  24.2 99.0 99.00
2016 07 03 21 50  67  7.4  9.4  2.37  9.09  6.12  95 1016.2  26.8  27.8  24.4 99.0 99.00
2016 07 03 22 50  83  8.3 10.1  2.24  9.09  6.07  99 1016.3  27.6  27.8  24.2 99.0 99.00
2016 07 03 23 50  77  7.6  9.5  2.25  9.09  6.08  85 1016.6  27.5  27.7  24.3 99.0 99.00
2016 07 04 00 50 100 10.5 12.5  2.45  9.09  6.13  89 1017.2  26.7  27.7  24.0 99.0 99.00
2016 07 04 01 50 115  9.1 11.3  2.48 10.00  6.20  77 1017.8  27.3  27.7  24.3 99.0 99.00
2016 07 04 02 50  94  9.4 11.5  2.32  9.09  5.99  82 1017.9  27.4  27.7  24.4 99.0 99.00
2016 07 04 03 50  93  8.8 11.3  2.34  9.09  6.20  98 1017.1  27.4  27.7  24.7 99.0 99.00
2016 07 04 04 50  92  8.3 10.4  2.58  9.09  6.53  83 1016.6  27.3  27.7  24.8 99.0 99.00
2016 07 04 05 50  89  9.2 12.0  2.43  9.09  6.31  89 1015.8  27.4  27.7  24.8 99.0 99.00
2016 07 04 06 50  87  9.3 11.5  2.50  9.09  6.26  94 1015.7  27.6  27.7  24.8 99.0 99.00
2016 07 04 07 50  80  9.8 11.7  2.56  8.33  6.41  86 1015.5  27.7  27.7  24.7 99.0 99.00
2016 07 04 08 50  87  9.4 11.6  2.79  9.09  6.30  78 1015.9  27.5  27.6  24.6 99.0 99.00
2016 07 04 09 50  89  8.8 10.7  2.61  7.69  6.10  86 1016.4  27.7  27.6  24.8 99.0 99.00
2016 07 04 10 50  84  9.6 11.3  2.78  8.33  6.37  86 1016.8  27.4  27.6  24.7 99.0 99.00
2016 07 04 11 50  87  9.2 11.8  2.61 10.00  6.32 101 1017.2  27.8  27.7  24.7 99.0 99.00
2016 07 04 12 50  77 10.0 12.5  2.46  9.09  6.21  75 1017.5  27.8  27.7  24.7 99.0 99.00
2016 07 04 13 50  81  9.3 11.1  2.51  7.69  6.10  81 1017.5  27.9  27.7  24.7 99.0 99.00
2016 07 04 14 50  81  9.0 10.8  2.65  9.09  6.31  80 1017.5  27.9  27.7  24.7 99.0 99.00
2016 07 04 15 50  85 10.6 12.3  2.66  9.09  6.38  77 1017.1  27.9  27.8  24.4 99.0 99.00
2016 07 04 16 50  81  8.8 10.3  2.54  8.33  6.21  85 1016.8  28.0  27.8  24.4 99.0 99.00
2016 07 04 17 50  78  8.2  9.5  2.69  9.09  6.51  90 1016.3  27.8  27.8  24.7 99.0 99.00
2016 07 04 18 50  81  9.2 10.6  2.55  9.09  6.20  91 1015.6  27.9  27.8  24.3 99.0 99.00
2016 07 04 19 50  84  9.4 11.4  2.32  9.09  6.01 102 1015.1  28.0  27.8  23.9 99.0 99.00
2016 07 04 20 50  79  8.9 10.6  2.31 10.00  6.02 108 1015.0  27.9  27.8  24.2 99.0 99.00
2016 07 04 21 50  74  9.6 11.9  2.39 10.00  5.96 110 1015.4  27.8  27.8  24.1 99.0 99.00
2016 07 04 22 50  78  9.7 12.1  2.64  9.09  6.39  90 1016.0  27.8  27.7  24.0 99.0 99.00
2016 07 04 23 50  80  8.7 10.4  2.48  9.09  6.02  90 1016.7  27.8  27.7  24.1 99.0 99.00
2016 07 05 00 50  74  9.5 11.3  2.50 10.00  6.11  99 1017.3  27.8  27.7  24.1 99.0 99.00
2016 07 05 01 50  72 10.5 12.2  2.47  9.09  6.04  98 1017.6  27.8  27.7  23.9 99.0 99.00
2016 07 05 02 50  71  9.2 11.0  2.48  8.33  6.21  91 1017.9  27.8  27.7  24.3 99.0 99.00
2016 07 05 03 50  79  8.8 10.2  2.63  8.33  6.44  86 1017.6  27.7  27.7  23.9 99.0 99.00
2016 07 05 04 50  68  8.7 10.6  2.57  9.09  6.16  86 1016.6  27.6  27.7  24.2 99.0 99.00
2016 07 05 05 50  70  8.2  9.9  2.51  9.09  6.22  99 1016.1  27.5  27.7  24.3 99.0 99.00
2016 07 05 06 50  72  8.3 10.0  2.53  8.33  6.57  87 1015.6  27.2  27.7  24.4 99.0 99.00
2016 07 05 07 50  83  9.1 10.6  2.34  8.33  6.26  67 1015.7  27.7  27.7  24.0 99.0 99.00
2016 07 05 08 50  86  9.8 11.4  2.27  7.69  5.99  79 1015.7  27.5  27.7  24.1 99.0 99.00
2016 07 05 09 50  72  8.9 10.7  2.32  9.09  6.09  91 1016.1  27.4  27.7  24.2 99.0 99.00
2016 07 05 10 50  74  9.2 11.3  2.36  9.09  6.19 113 1016.4  27.7  27.7  24.1 99.0 99.00
2016 07 05 11 50  92  8.4  9.9  2.42  8.33  6.17  77 1016.9  26.4  27.7  24.4 99.0 99.00
2016 07 05 12 50  88  9.3 12.3  2.44  9.09  6.27  91 1016.8  27.0  27.7  24.7 99.0 99.00
2016 07 05 13 50  71  8.5 10.2  2.44  9.09  6.15  93 1016.7  26.2  27.7  24.4 99.0 99.00
2016 07 05 14 50  86 10.3 12.7  2.56  7.69  6.03 106 1016.6  25.9  27.8  24.4 99.0 99.00
2016 07 05 15 50  77  9.6 11.5  2.45  8.33  5.95  91 1016.0  26.9  27.8  24.5 99.0 99.00
2016 07 05 16 50  66  8.5 10.5  2.42  8.33  6.11  86 1015.6  26.4  27.8  24.4 99.0 99.00
2016 07 05 17 50  81  7.7  9.2  2.44  8.33  6.14 102 1015.1  27.5  27.8  24.5 99.0 99.00
2016 07 05 18 50  68  8.1  9.6  2.43  7.69  6.18  89 1014.7  27.8  27.8  24.0 99.0 99.00
2016 07 05 20 50  65  8.2  9.7  2.21  8.33  6.12  94 1014.5  27.8  27.8  24.0 99.0 99.00
2016 07 05 21 50  69  7.5  8.7  2.27  8.33  6.16 107 1015.0  27.7  27.8  24.3 99.0 99.00
2016 07 05 22 50  59  6.7  8.4  2.32  7.69  5.99  92 1015.4  27.5  27.8  24.6 99.0 99.00
2016 07 05 23 50  60  7.1  8.4  2.13  8.33  6.11  92 1015.7  27.2  27.7  24.7 99.0 99.00
2016 07 06 00 50  73  7.6  9.1  2.19  8.33  6.14  91 1016.2  27.3  27.7  24.7 99.0 99.00
2016 07 06 01 50  75  7.9  9.9  2.20  8.33  6.12  89 1016.5  27.7  27.7  24.1 99.0 99.00
2016 07 06 02 50  70  7.9  9.5  2.25  8.33  6.21  91 1016.6  27.1  27.7  24.4 99.0 99.00
2016 07 06 03 50  86  8.6 11.1  2.21  9.09  6.24  94 1016.3  25.2  27.7  23.6 99.0 99.00
2016 07 06 04 50  77  7.8  9.2  2.15  8.33  6.12  82 1015.5  27.0  27.7  24.2 99.0 99.00
2016 07 06 05 50  82  6.3  7.6  2.12  8.33  5.99  86 1015.1  26.7  27.7  24.7 99.0 99.00
2016 07 06 06 50  72  7.0  8.6  2.21  8.33  6.03  95 1014.9  27.0  27.7  24.4 99.0 99.00
2016 07 06 07 50  92  9.5 11.3  2.11  7.69  5.98  82 1014.9  25.3  27.7  23.8 99.0 99.00
2016 07 06 08 50  61  7.2  9.1  2.14  7.69  6.15  75 1015.1  26.8  27.7  24.3 99.0 99.00
2016 07 06 09 50  55  7.0  8.3  2.16  8.33  6.04  83 1015.7  25.6  27.7  23.9 99.0 99.00
2016 07 06 10 50  48  8.9 10.6  2.01  8.33  6.03  70 1015.7  26.1  27.7  24.3 99.0 99.00
2016 07 06 11 50  59  8.6 10.4  2.19  8.33  5.96  76 1016.2  25.5  27.7  24.3 99.0 99.00
2016 07 06 12 50  69  6.0  7.3  2.07  8.33  5.92  91 1016.6  25.6  27.7  24.1 99.0 99.00
2016 07 06 13 50  72  7.6  9.2  2.00  7.14  5.93  88 1016.6  25.6  27.7  24.2 99.0 99.00
2016 07 06 14 50  95  8.1  9.7  1.97  8.33  6.00  83 1016.7  25.4  27.7  24.0 99.0 99.00
2016 07 06 15 50  91  5.0  5.9  2.14  8.33  6.06  92 1016.3  26.4  27.8  24.2 99.0 99.00
2016 07 06 16 50  69  7.8  9.3  2.06  8.33  6.17 105 1015.3  27.6  27.8  24.1 99.0 99.00
2016 07 06 17 50  69  8.5 10.2  2.15  7.69  5.96  79 1014.7  27.7  27.8  23.8 99.0 99.00
2016 07 06 18 50  62  8.5  9.7  2.09  7.14  5.75  72 1014.4  27.7  27.8  23.8 99.0 99.00
2016 07 06 19 50  70  8.4  9.8  2.22  8.33  6.03  84 1014.2  27.8  27.8  23.7 99.0 99.00
2016 07 06 20 50  81  7.6  9.3  2.05  8.33  5.80  90 1014.4  26.9  27.8  24.2 99.0 99.00
2016 07 06 21 50  86  7.6 10.4  2.16  8.33  6.04  78 1014.9  26.8  27.8  24.2 99.0 99.00
2016 07 06 22 50  70  8.8 10.4  2.16  9.09  6.04  83 1015.0  27.3  27.7  24.0 99.0 99.00
2016 07 06 23 50  67  8.5  9.8  2.08  9.09  5.87  88 1015.6  26.6  27.7  24.0 99.0 99.00
2016 07 07 00 50  61  8.4 10.9  2.20  8.33  5.90  75 1016.1  26.6  27.7  23.4 99.0 99.00
2016 07 07 01 50  80  8.2 10.2  2.09  7.14  5.86  85 1016.6  27.4  27.7  23.6 99.0 99.00
2016 07 07 02 50  77  7.4  9.0  2.07  8.33  5.88  76 1016.6  27.3  27.7  23.9 99.0 99.00
2016 07 07 03 50  93  8.0  9.3  2.02  7.69  5.83  75 1016.0  27.0  27.7  24.0 99.0 99.00
2016 07 07 04 50  92  9.7 12.1  2.02  8.33  5.80  80 1015.4  26.8  27.7  24.0 99.0 99.00
2016 07 07 05 50  88  7.8  9.2  2.17  8.33  6.02  79 1015.0  27.1  27.7  23.5 99.0 99.00
2016 07 07 06 50  85  7.5  8.6  2.15  9.09  5.85  73 1014.9  27.0  27.7  23.8 99.0 99.00
2016 07 07 07 50  87  7.0  8.2  1.95  8.33  5.80  81 1014.9  27.0  27.7  23.7 99.0 99.00
2016 07 07 08 50  83  6.9  8.6  1.84  7.69  5.87  94 1014.9  27.0  27.7  23.7 99.0 99.00
2016 07 07 09 50  97  6.6  8.0  1.99  7.69  6.05  83 1015.6  26.7  27.7  24.1 99.0 99.00
2016 07 07 10 50  87  6.9  8.5  2.06  8.33  6.10  93 1015.9  27.1  27.7  23.8 99.0 99.00
2016 07 07 11 50  92  6.7  8.3  2.07  9.09  6.24  87 1015.9  27.3  27.7  23.6 99.0 99.00
2016 07 07 12 50  91  6.7  7.8  1.87  9.09  5.90  97 1016.3  27.1  27.8  23.8 99.0 99.00
2016 07 07 13 50  98  6.6  8.2  1.86  8.33  5.88  87 1016.6  27.0  27.8  24.2 99.0 99.00
2016 07 07 14 50 102  6.8  8.5  1.87  9.09  6.04  92 1016.5  26.6  27.9  23.2 99.0 99.00
2016 07 07 15 50 123  4.7  5.6  1.75  8.33  6.06  96 1016.3  27.0  28.0  24.0 99.0 99.00
2016 07 07 16 50 109  5.3  6.8  1.76  8.33  5.86  92 1015.7  27.4  28.0  23.5 99.0 99.00
2016 07 07 17 50 105  5.9  7.1  1.85  9.09  6.01  97 1015.7  27.7  28.1  23.6 99.0 99.00
2016 07 07 18 50 106  5.7  6.8  1.80  9.09  5.99  93 1015.4  27.7  28.1  23.6 99.0 99.00
2016 07 07 19 50  88  5.4  6.5  1.92  8.33  6.08  93 1015.2  27.7  28.1  23.8 99.0 99.00
2016 07 07 20 50  88  5.0  5.9  1.93  9.09  6.26  93 1015.3  27.2  28.0  23.9 99.0 99.00
2016 07 07 21 50  78  5.1  6.2  1.79  9.09  6.10 107 1015.7  26.9  28.0  23.7 99.0 99.00
2016 07 07 22 50  84  7.0  8.5  1.75  8.33  6.13  72 1016.2  27.5  28.0  23.8 99.0 99.00
2016 07 07 23 50  78  7.1  8.7  1.86  8.33  5.88  96 1016.8  27.5  27.9  23.8 99.0 99.00
2016 07 08 00 50  78  7.7  9.1  1.83  8.33  5.78  84 1017.2  27.5  27.9  23.7 99.0 99.00
2016 07 08 01 50  78  8.3  9.7  1.75  7.14  5.62  85 1017.5  27.4  27.9  23.8 99.0 99.00
2016 07 08 02 50  82  8.7 10.3  1.97  9.09  6.02 112 1017.4  27.4  27.9  23.2 99.0 99.00
2016 07 08 03 50  82  8.3  9.8  1.77  7.69  5.72  75 1017.1  27.3  27.8  23.0 99.0 99.00
2016 07 08 04 50  81  7.3  8.5  1.84  7.69  5.70  68 1016.6  27.3  27.8  23.2 99.0 99.00
2016 07 08 05 50  79  6.9  8.2  1.94  7.69  5.78 110 1016.4  27.2  27.8  23.0 99.0 99.00
2016 07 08 06 50  78  6.9  8.2  1.88  7.14  5.80  78 1016.5  27.1  27.7  23.1 99.0 99.00
2016 07 08 07 50  89  6.6  8.0  1.84  7.14  5.89  80 1016.5  27.1  27.7  23.0 99.0 99.00
2016 07 08 08 50  79  5.7  6.8  1.73  8.33  5.87 103 1016.5  26.9  27.7  23.3 99.0 99.00
2016 07 08 09 50  81  6.5  7.4  1.62  7.69  5.72  96 1017.0  27.2  27.7  23.0 99.0 99.00
2016 07 08 10 50  76  6.6  7.8  1.94  7.69  5.90  93 1017.4  27.4  27.7  22.7 99.0 99.00
2016 07 08 11 50  81  6.6  8.3  1.77  6.25  5.75  76 1017.6  27.4  27.8  23.1 99.0 99.00
2016 07 08 12 50  79  6.8  8.1  1.60  8.33  5.64 106 1017.7  27.4  27.8  23.0 99.0 99.00
2016 07 08 13 50  86  6.5  7.8  1.69  7.69  5.76  96 1018.0  27.5  27.9  22.8 99.0 99.00
2016 07 08 14 50  78  5.9  6.8  1.57  9.09  5.70  98 1018.1  27.4  28.0  23.2 99.0 99.00
2016 07 08 15 50  66  5.5  6.7  1.66  8.33  5.85  92 1017.8  27.4  28.0  23.2 99.0 99.00
2016 07 08 16 50  68  5.5  6.6  1.62  7.14  5.64  93 1017.4  27.5  28.1  23.4 99.0 99.00
2016 07 08 17 50  63  5.3  6.7  1.56  8.33  5.67  90 1017.0  27.6  28.2  23.7 99.0 99.00
2016 07 08 18 50  62  4.9  6.0  1.52  8.33  5.81 115 1017.0  27.6  28.2  23.9 99.0 99.00
2016 07 08 19 50  57  5.2  6.7  1.47  7.69  5.63 113 1016.7  27.3  28.1  24.4 99.0 99.00
2016 07 08 20 50  62  5.2  6.1  1.40  8.33  5.74 109 1016.7  27.5  28.1  24.2 99.0 99.00
2016 07 08 21 50  68  6.1  7.4  1.53  8.33  5.76  97 1016.8  27.4  28.1  24.1 99.0 99.00
2016 07 08 22 50  74  6.3  7.6  1.41  7.14  5.49 104 1017.2  27.4  28.1  24.0 99.0 99.00
2016 07 08 23 50  69  7.3  9.0  1.58  8.33  5.63  98 1017.5  27.5  27.9  23.8 99.0 99.00
2016 07 09 00 50  69  7.5  9.3  1.47  6.25  5.24  74 1017.9  27.6  27.9  23.8 99.0 99.00
2016 07 09 01 50  83  9.4 11.0  1.57  7.14  5.27 101 1018.1  27.5  27.9  23.4 99.0 99.00
2016 07 09 02 50  76 11.2 13.5  1.52  5.88  4.93  91 1018.3  26.1  27.9  23.8 99.0 99.00
2016 07 09 03 50  87  7.7 10.2  1.69  7.69  5.42 103 1018.0  26.8  27.8  24.3 99.0 99.00
2016 07 09 04 50  79  9.4 11.7  1.63  7.69  5.33  90 1017.0  27.2  27.8  24.2 99.0 99.00
2016 07 09 05 50  74  8.7 10.4  1.64  5.88  5.17  85 1016.2  27.3  27.8  23.9 99.0 99.00
2016 07 09 06 50  80  8.6 10.1  1.68  7.69  5.30 110 1016.1  27.4  27.8  24.1 99.0 99.00
2016 07 09 07 50  77  8.7 10.1  1.72  7.14  5.28  77 1015.8  27.4  27.8  24.0 99.0 99.00
2016 07 09 08 50  70  8.7 10.2  1.65  5.88  5.18  86 1016.2  27.2  27.7  24.3 99.0 99.00
2016 07 09 09 50  82  9.1 10.6  1.80  6.67  5.26  90 1016.9  27.5  27.7  24.2 99.0 99.00
2016 07 09 10 50  78  8.9 11.3  1.79  5.56  5.21  90 1017.0  27.3  27.8  24.4 99.0 99.00
2016 07 09 11 50  83  8.5 10.3  1.76  5.88  5.22  93 1017.2  27.7  27.8  24.5 99.0 99.00
2016 07 09 12 50  82  9.1 10.8  1.88  6.67  5.23  95 1017.0  27.8  27.8  24.5 99.0 99.00
2016 07 09 13 50  89  8.4  9.8  1.75  6.25  5.13  91 1017.3  27.8  27.9  24.7 99.0 99.00
2016 07 09 14 50  83  8.3  9.7  1.95  6.25  5.44  83 1017.3  27.9  27.9  24.9 99.0 99.00
2016 07 09 15 50  82  9.4 12.0  1.96  6.67  5.38 104 1017.2  27.9  27.9  24.5 99.0 99.00
2016 07 09 16 50  84  9.4 11.0  1.99  7.14  5.32  99 1016.9  27.9  28.0  24.7 99.0 99.00
2016 07 09 17 50  88  9.4 12.0  2.01  6.25  5.35  81 1016.1  27.9  28.0  24.2 99.0 99.00
2016 07 09 18 50  84  9.8 11.5  2.16  6.67  5.56  93 1015.5  28.0  28.0  23.9 99.0 99.00
2016 07 09 19 50  83  9.4 10.7  2.20  7.14  5.65 111 1015.5  28.0  28.0  24.1 99.0 99.00
2016 07 09 20 50  81  9.0 10.6  2.16  7.14  5.68  99 1015.9  27.9  27.9  24.1 99.0 99.00
2016 07 09 21 50  81  9.6 11.4  2.07  7.14  5.73  98 1016.3  27.9  27.9  24.1 99.0 99.00
2016 07 09 22 50  79  9.5 11.9  2.17  7.69  5.70  93 1017.0  27.9  27.9  24.0 99.0 99.00
2016 07 09 23 50  73  9.0 11.1  2.10  7.14  5.63  94 1017.5  27.9  27.9  24.5 99.0 99.00
2016 07 10 00 50  73  9.0 11.1  2.20  7.14  5.87 104 1018.2  27.8  27.9  24.2 99.0 99.00
2016 07 10 01 50  80  8.6 10.7  2.09  7.14  5.65 106 1018.4  27.8  27.9  24.2 99.0 99.00
2016 07 10 02 50  77  9.5 11.8  2.34  7.69  5.94  98 1018.3  27.8  27.9  24.2 99.0 99.00
2016 07 10 03 50  76  9.2 11.3  2.16  6.67  5.58  98 1017.9  27.8  27.9  24.1 99.0 99.00
2016 07 10 04 50  81  7.3  8.6  2.13  7.69  5.69 113 1017.1  27.8  27.9  23.8 99.0 99.00
2016 07 10 05 50  74  7.7  9.2  1.95  7.14  5.69 111 1016.6  27.0  27.9  24.1 99.0 99.00
2016 07 10 06 50  67 10.8 13.4  2.04  7.14  5.77 100 1016.4  26.5  27.9  24.7 99.0 99.00
2016 07 10 07 50  81 11.1 13.7  2.13  7.69  5.74  90 1016.6  27.0  27.9  23.8 99.0 99.00
2016 07 10 08 50  74  8.7 10.6  2.16  7.69  5.77  99 1017.0  27.4  27.8  24.0 99.0 99.00
2016 07 10 09 50  77  9.3 11.4  2.41  7.69  6.02  96 1017.2  27.9  27.8  23.2 99.0 99.00
2016 07 10 10 50  81  9.0 10.4  2.39  7.14  6.04  97 1017.5  28.1  27.8  23.1 99.0 99.00
2016 07 10 11 50  74  9.2 11.0  2.16  7.14  5.79  95 1017.7  27.8  27.8  23.7 99.0 99.00
2016 07 10 12 50  70  9.2 10.8  2.15  7.69  5.78  86 1017.6  28.0  27.9  23.4 99.0 99.00
2016 07 10 13 50  68  9.1 10.6  2.22  7.14  5.80  93 1017.5  28.0  27.9  23.4 99.0 99.00
2016 07 10 14 50  76  8.8 10.3  2.21  7.69  5.79  90 1017.3  28.0  28.0  23.2 99.0 99.00
2016 07 10 15 50  70  8.5 10.2  2.10  7.69  5.72 114 1017.0  28.0  28.0  23.3 99.0 99.00
2016 07 10 16 50  62  8.5 10.4  2.20  7.69  5.94  96 1016.3  27.9  28.0  23.8 99.0 99.00
2016 07 10 17 50  66  8.3  9.9  2.27  7.69  5.95 102 1015.8  28.0  28.0  23.7 99.0 99.00
2016 07 10 18 50  66  8.2 10.7  2.09  8.33  5.79 114 1015.3  28.1  28.0  23.3 99.0 99.00
2016 07 10 19 50  71  6.3  9.0  2.01  8.33  5.81 113 1015.4  27.6  28.0  23.9 99.0 99.00
2016 07 10 20 50  50  9.0 11.1  2.23  7.69  6.03 103 1014.9  28.0  28.0  24.0 99.0 99.00
2016 07 10 21 50  53  9.4 11.0  2.18  7.69  6.03 101 1015.2  27.9  28.0  23.8 99.0 99.00
2016 07 10 22 50  52  9.2 10.6  2.13  8.33  5.86  96 1015.6  27.9  28.0  23.8 99.0 99.00
2016 07 10 23 50  53  9.5 11.8  2.16  7.69  5.82  98 1015.7  27.9  28.0  23.3 99.0 99.00
2016 07 11 00 50  54  9.1 10.7  2.28  7.69  5.83  90 1015.9  27.8  28.0  23.2 99.0 99.00
2016 07 11 01 50  53  7.4  9.2  1.98  7.14  5.66  84 1016.4  27.8  27.9  24.0 99.0 99.00
2016 07 11 02 50  43  9.1 12.2  2.15  7.69  5.80  93 1015.8  27.7  27.9  24.2 99.0 99.00
2016 07 11 03 50  49  9.3 10.7  2.11  7.69  5.93  84 1015.1  27.4  27.9  24.2 99.0 99.00
2016 07 11 04 50  57 11.8 14.2  2.07  7.14  5.73  92 1014.4  26.5  27.9  24.3 99.0 99.00
2016 07 11 05 50  73  8.6 10.6  2.09  7.69  5.76  90 1014.1  26.9  27.9  24.3 99.0 99.00
2016 07 11 06 50  77  8.4 10.7  2.12  7.69  5.64  93 1014.0  26.5  27.9  23.7 99.0 99.00
2016 07 11 07 50  74  8.1  9.5  2.16  7.69  5.81  93 1014.3  27.1  27.9  23.7 99.0 99.00
2016 07 11 08 50  96 10.7 12.7  2.08  7.69  5.84  88 1014.5  25.6  27.9  23.6 99.0 99.00
2016 07 11 09 50  79  8.3 10.0  2.07  7.69  5.63  84 1015.0  27.1  27.9  23.5 99.0 99.00
2016 07 11 10 50  87  9.3 11.7  2.18  7.69  5.83  86 1015.0  27.1  27.9  24.0 99.0 99.00
2016 07 11 11 50  81  9.1 11.1  2.21  7.69  5.83  90 1015.1  27.6  27.9  23.4 99.0 99.00
2016 07 11 12 50  85  9.9 11.4  2.15  7.14  5.61  82 1015.4  27.6  27.9  22.5 99.0 99.00
2016 07 11 13 50  82  8.8 10.6  2.31  7.69  5.75  91 1015.1  27.7  27.9  21.9 99.0 99.00
2016 07 11 14 50  83  8.1  9.3  2.14  8.33  5.77 102 1014.9  27.8  28.0  22.0 99.0 99.00
2016 07 11 15 50  84  8.0  9.1  2.08  7.69  5.69  81 1014.6  27.8  28.0  22.2 99.0 99.00
2016 07 11 16 50  77  7.1  8.5  2.02  7.69  5.78 100 1014.2  27.7  28.0  22.4 99.0 99.00
2016 07 11 17 50  75  7.6  9.1  1.88  6.25  5.59  83 1013.7  27.7  28.0  22.8 99.0 99.00
2016 07 11 18 50  69  7.8  9.2  2.01  8.33  5.78  97 1013.2  27.6  28.0  23.1 99.0 99.00
2016 07 11 19 50  72  7.9  9.4  1.82  7.69  5.70  92 1012.9  27.8  28.0  22.9 99.0 99.00
2016 07 11 20 50  70  8.7 10.4  1.86  7.69  5.61  95 1012.8  27.6  28.0  23.1 99.0 99.00
2016 07 11 21 50  82  8.2  9.6  1.94  7.69  5.73  91 1013.1  27.4  28.0  23.1 99.0 99.00
2016 07 11 22 50  73  8.2  9.6  2.05  8.33  6.07  90 1013.5  27.5  27.9  23.2 99.0 99.00
2016 07 11 23 50  66  8.0  9.7  2.03  8.33  6.04  95 1014.0  27.2  27.9  23.4 99.0 99.00
2016 07 12 00 50  88  7.3  9.9  1.84  7.69  5.74 104 1014.6  27.0  27.9  23.6 99.0 99.00
2016 07 12 01 50  90  7.8  9.0  2.00  7.69  5.85  95 1014.7  27.6  27.9  23.6 99.0 99.00
2016 07 12 02 50  76  9.1 11.1  1.92  7.69  5.80  93 1014.6  26.9  27.9  23.4 99.0 99.00
2016 07 12 03 50  87  8.5 10.2  2.01  8.33  5.83 100 1014.5  27.3  27.9  22.7 99.0 99.00
2016 07 12 04 50  83  7.7  8.9  1.99  7.69  5.71  98 1014.0  27.2  27.9  22.8 99.0 99.00
2016 07 12 05 50  72  7.2  8.4  1.99  8.33  5.99 119 1013.6  26.7  27.9  22.9 99.0 99.00
2016 07 12 06 50  74  6.3  7.5  1.89  9.09  5.85 115 1013.1  27.1  27.9  22.6 99.0 99.00
2016 07 12 07 50  75  6.3  7.8  2.00  7.69  6.21 100 1013.2  27.1  27.9  22.7 99.0 99.00
2016 07 12 08 50  66  7.9  9.4  1.99  7.69  5.94 100 1013.3  27.2  27.9  23.3 99.0 99.00
2016 07 12 09 50  79  7.6  9.1  1.92  9.09  5.84 105 1013.8  26.9  27.9  23.7 99.0 99.00
2016 07 12 10 50  95  6.6  7.7  2.16  7.69  6.02  84 1014.2  27.3  27.9  23.1 99.0 99.00
2016 07 12 11 50  93  6.9  8.3  1.95  7.69  6.16  96 1014.4  27.5  27.9  23.1 99.0 99.00
2016 07 12 12 50  89  6.9  8.0  1.83  8.33  5.92  94 1014.6  27.8  28.0  22.7 99.0 99.00
2016 07 12 13 50  84  7.1  8.3  1.79  9.09  5.95 120 1014.7  27.6  28.0  23.1 99.0 99.00
2016 07 12 14 50  85  8.1  9.6  1.86  8.33  5.94 104 1014.4  27.6  28.0  23.1 99.0 99.00
2016 07 12 15 50  97  7.0  8.2  1.94  7.14  5.83  96 1014.4  27.4  28.1  22.8 99.0 99.00
2016 07 12 16 50 102  6.5  7.7  1.96  8.33  5.96  97 1013.9  27.5  28.1  23.4 99.0 99.00
2016 07 12 17 50  85  7.2  8.8  1.90  7.69  5.96  89 1013.5  27.5  28.1  22.9 99.0 99.00
2016 07 12 18 50  88  7.8  9.2  1.90  8.33  5.90  93 1013.1  27.7  28.1  21.7 99.0 99.00
2016 07 12 19 50  82  7.4  8.8  1.95  8.33  6.06 105 1013.2  27.7  28.1  22.4 99.0 99.00
2016 07 12 20 50  80  7.9  9.2  1.93  8.33  5.82 104 1013.4  27.7  28.1  22.4 99.0 99.00
2016 07 12 21 50  77  7.3  9.1  1.92  8.33  5.86  96 1013.9  27.5  28.0  22.7 99.0 99.00
2016 07 12 22 50  77  7.7 10.0  2.08  8.33  6.05  80 1014.2  27.4  28.0  22.6 99.0 99.00
2016 07 12 23 50  75  7.7  8.8  1.89  7.69  5.84  91 1014.9  27.4  28.0  22.5 99.0 99.00
2016 07 13 00 50  69  8.6 11.0  2.00  7.69  6.01  93 1015.5  27.4  27.9  22.3 99.0 99.00
2016 07 13 01 50  68  8.4  9.9  1.94 10.00  5.91 112 1015.9  27.5  27.9  22.6 99.0 99.00
2016 07 13 02 50  72  8.0  9.6  1.89  9.09  5.92  96 1015.9  27.5  27.9  22.5 99.0 99.00
2016 07 13 03 50  72  8.8 10.4  1.86  8.33  5.70  88 1015.2  27.4  27.9  22.4 99.0 99.00
2016 07 13 04 50  74  8.5 10.2  1.95  9.09  5.78 112 1014.8  27.3  27.9  22.5 99.0 99.00
2016 07 13 05 50  76  8.3 10.0  1.99  8.33  5.71  73 1014.3  27.2  27.9  22.4 99.0 99.00
2016 07 13 06 50  70  8.0  9.2  1.87  8.33  5.59  90 1014.0  27.1  27.9  22.2 99.0 99.00
2016 07 13 07 50  75  7.9  9.3  1.86  7.69  5.60  76 1014.2  27.0  27.9  22.1 99.0 99.00
2016 07 13 08 50  75  7.5  8.6  1.73  9.09  5.85  96 1014.6  27.1  27.9  21.9 99.0 99.00
2016 07 13 09 50  75  7.7  9.3  1.71  9.09  5.61 105 1015.0  27.1  27.9  22.3 99.0 99.00
2016 07 13 10 50  85  7.8  9.1  1.70  8.33  5.67  82 1015.3  27.3  27.9  22.0 99.0 99.00
2016 07 13 11 50  85  7.2  8.7  1.65 10.00  5.51  86 1015.5  27.6  27.9  22.2 99.0 99.00
2016 07 13 12 50  85  7.0  8.3  1.74  8.33  5.77  92 1016.0  27.5  27.9  22.7 99.0 99.00
2016 07 13 13 50  78  6.8  8.0  1.64  8.33  5.64  86 1015.9  27.4  28.0  22.3 99.0 99.00
2016 07 13 14 50  69  6.3  7.4  1.71  7.14  5.68  86 1015.5  27.3  28.0  22.6 99.0 99.00
2016 07 13 15 50  65  6.0  7.3  1.61 10.00  5.68 119 1015.1  27.4  28.1  22.9 99.0 99.00
2016 07 13 16 50  68  6.4  7.6  1.63  8.33  5.58  78 1014.9  27.5  28.1  23.2 99.0 99.00
2016 07 13 17 50  68  6.6  8.0  1.51  8.33  5.44  81 1014.4  27.6  28.1  23.4 99.0 99.00
2016 07 13 18 50  66  6.7  8.3  1.56  8.33  5.66  94 1013.7  27.6  28.2  23.2 99.0 99.00
2016 07 13 19 50  57  6.5  7.5  1.50 10.00  5.64 103 1013.6  27.7  28.2  23.4 99.0 99.00
2016 07 13 20 50  56  7.1  8.5  1.42 10.00  5.60 125 1013.8  27.7  28.1  23.5 99.0 99.00
2016 07 13 21 50  62  7.3  8.6  1.51 10.00  5.78 118 1014.3  27.6  28.1  23.4 99.0 99.00
2016 07 13 22 50  65  8.0  9.1  1.56  9.09  5.62 114 1014.6  27.6  28.0  23.3 99.0 99.00
2016 07 13 23 50  76  7.4  8.8  1.48  7.69  5.37  80 1015.1  27.4  28.0  23.4 99.0 99.00
2016 07 14 00 50  70  8.0  9.4  1.54  8.33  5.58  94 1015.3  27.4  28.0  23.8 99.0 99.00
2016 07 14 01 50  68  8.5 10.3  1.41  9.09  5.33 103 1015.4  27.7  28.0  23.7 99.0 99.00
2016 07 14 02 50  63  8.3  9.7  1.49  8.33  5.09  84 1015.2  27.4  28.0  24.1 99.0 99.00
2016 07 14 03 50  69  7.9 10.0  1.44  8.33  5.09 101 1014.6  27.1  27.9  24.4 99.0 99.00
2016 07 14 04 50  69  8.5  9.8  1.50  8.33  5.14 105 1013.9  27.0  27.9  23.7 99.0 99.00
2016 07 14 05 50  59  6.7  8.0  1.63  9.09  5.11 100 1013.7  25.7  27.9  23.9 99.0 99.00
2016 07 14 06 50  68  8.8 10.3  1.46  7.14  5.13  76 1013.3  27.2  27.9  23.7 99.0 99.00
2016 07 14 07 50  95 10.5 12.6  1.49  8.33  5.01 110 1013.4  26.2  27.9  23.8 99.0 99.00
2016 07 14 08 50  70  7.9  9.3  1.53  7.69  5.10  82 1013.5  26.9  27.9  24.3 99.0 99.00
2016 07 14 09 50  76  9.1 10.7  1.70  7.14  5.31  90 1013.8  27.3  27.9  24.3 99.0 99.00
2016 07 14 10 50  71  8.6  9.9  1.75  5.56  5.25  82 1014.2  27.4  27.9  24.3 99.0 99.00
2016 07 14 11 50  69  9.7 11.1  1.67  5.26  5.12  86 1014.3  27.4  28.0  24.2 99.0 99.00
2016 07 14 12 50  72  8.9 10.6  1.67  5.26  5.14  89 1014.7  27.6  28.0  24.0 99.0 99.00
2016 07 14 13 50  76  9.1 10.9  1.79  5.88  5.21  75 1014.7  27.8  28.0  23.9 99.0 99.00
2016 07 14 15 50  77  8.9 10.7  1.78  7.14  5.18 106 1014.1  27.8  28.1  24.0 99.0 99.00
2016 07 14 16 50  76  9.0 10.8  1.88  6.25  5.30  91 1013.6  27.8  28.1  23.9 99.0 99.00
2016 07 14 17 50  70  9.0 10.4  1.96  5.88  5.56  88 1013.0  27.8  28.1  23.8 99.0 99.00
2016 07 14 18 50  71  8.1  9.4  1.84  6.25  5.28  84 1012.7  27.9  28.1  24.1 99.0 99.00
2016 07 14 19 50  65  7.7  9.0  1.74  7.14  5.27  89 1012.7  27.9  28.1  24.3 99.0 99.00
2016 07 14 20 50  69  8.5 10.3  1.77  7.14  5.45  85 1012.5  27.8  28.1  23.8 99.0 99.00
2016 07 14 21 50  63  7.9  9.4  1.80  7.14  5.49  80 1013.0  27.6  28.1  24.6 99.0 99.00
2016 07 14 22 50  69  8.4 10.0  1.84  7.14  5.54  98 1013.5  27.7  28.0  24.2 99.0 99.00
2016 07 14 23 50  67  8.9 10.4  1.82  7.14  5.48  97 1014.0  27.6  28.0  24.3 99.0 99.00
2016 07 15 00 50  65  8.4 10.0  1.81  8.33  5.55 106 1014.4  27.5  28.0  24.7 99.0 99.00
2016 07 15 01 50  67  9.0 10.9  1.88  7.14  5.52  99 1014.6  27.8  28.0  24.6 99.0 99.00
2016 07 15 02 50  73  9.5 11.0  1.89  7.69  5.41 102 1014.3  27.8  28.0  24.0 99.0 99.00
2016 07 15 03 50  69  9.2 10.6  1.93  7.14  5.47  85 1013.6  27.6  28.0  23.7 99.0 99.00
2016 07 15 04 50  72  8.9 10.5  1.74  7.69  5.35  96 1013.0  27.5  27.9  23.3 99.0 99.00
2016 07 15 05 50  76  8.1  9.5  1.91  7.14  5.47  94 1012.1  27.3  27.9  23.5 99.0 99.00
2016 07 15 06 50  76  8.6 10.4  2.01  7.14  5.69  96 1011.8  27.5  27.9  23.4 99.0 99.00
2016 07 15 07 50  68  7.8  9.5  2.03  7.69  5.67  94 1011.8  27.6  27.9  23.4 99.0 99.00
2016 07 15 09 50  75 10.3 11.9  2.05  7.14  5.51  92 1012.4  26.6  27.9  23.3 99.0 99.00
2016 07 15 11 50  74  9.0 10.3  2.00  7.14  5.64  89 1013.1  27.7  27.9  22.9 99.0 99.00
2016 07 15 12 50  80  9.0 11.4  1.90  7.69  5.51  89 1013.4  27.7  28.0  23.0 99.0 99.00
2016 07 15 13 50  77  8.8 10.4  1.88  7.69  5.47  75 1013.7  27.8  28.0  23.0 99.0 99.00
2016 07 15 14 50  74  9.8 11.5  1.97  7.69  5.40  91 1013.2  27.7  28.0  22.8 99.0 99.00
2016 07 15 15 50  75  9.4 10.9  2.06  7.69  5.62  92 1013.2  28.0  28.0  22.9 99.0 99.00
2016 07 15 16 50  87 10.2 12.5  2.05  7.69  5.56  93 1012.8  27.8  28.0  22.7 99.0 99.00
2016 07 15 17 50  80  8.2  9.7  2.01  7.69  5.61  85 1012.6  27.9  28.0  22.6 99.0 99.00
2016 07 15 18 50  81  7.6  8.7  1.92  7.69  5.49  86 1012.4  27.8  28.0  22.4 99.0 99.00
2016 07 15 19 50  73  9.6 11.0  2.06  7.14  5.75  84 1011.7  28.1  28.0  22.6 99.0 99.00
2016 07 15 20 50  68  8.9 10.5  2.12  8.33  5.70  87 1011.9  27.7  28.0  22.8 99.0 99.00
2016 07 15 21 50  70  9.1 10.4  1.89  7.14  5.44  86 1012.3  27.7  28.0  22.7 99.0 99.00
2016 07 15 22 50  69  8.3  9.9  2.06  7.69  5.73  84 1013.2  27.6  28.0  23.4 99.0 99.00
2016 07 15 23 50  77  8.3  9.9  1.85  7.69  5.64  89 1013.7  27.6  28.0  22.6 99.0 99.00
2016 07 16 00 50  73  7.8  9.5  2.01  7.69  5.96  88 1014.2  27.5  27.9  23.0 99.0 99.00
2016 07 16 01 50  70  7.0  8.6  1.69  8.33  5.50  91 1014.3  27.5  27.9  22.8 99.0 99.00
2016 07 16 02 50  66  6.9  8.2  1.80  7.69  5.80  85 1013.8  27.4  27.9  22.8 99.0 99.00
2016 07 16 03 50  71  6.9  8.1  1.75  7.69  5.78  86 1013.3  27.3  27.9  22.6 99.0 99.00
2016 07 16 04 50  73  7.4  9.3  1.82  8.33  5.82  97 1012.9  26.9  27.9  23.4 99.0 99.00
2016 07 16 05 50  78  8.6 10.8  1.71  7.14  5.55  91 1012.7  27.1  27.9  22.9 99.0 99.00
2016 07 16 06 50  56  8.8 10.0  1.78  7.69  5.42  74 1012.5  27.1  27.9  22.2 99.0 99.00
2016 07 16 07 50  61  9.3 11.2  1.80  7.69  5.37  99 1012.6  27.1  27.9  21.8 99.0 99.00
2016 07 16 08 50  66  8.2 10.0  1.90  8.33  5.41  96 1013.1  27.2  27.9  21.6 99.0 99.00
2016 07 16 09 50  75  7.2  8.6  1.81  7.69  5.52  91 1013.6  27.4  27.9  21.5 99.0 99.00
2016 07 16 10 50  72  7.7  9.4  1.78  7.69  5.43  93 1014.2  27.5  27.9  21.6 99.0 99.00
2016 07 16 11 50  63  6.6  7.5  1.89  7.69  5.75  94 1014.4  27.5  27.9  22.0 99.0 99.00
2016 07 16 12 50  69  7.7  9.0  1.75  7.69  5.67  93 1014.6  27.6  27.9  21.0 99.0 99.00
2016 07 16 13 50  68  7.0  8.8  1.89  7.69  5.85  82 1014.9  27.7  28.0  21.8 99.0 99.00
2016 07 16 14 50  73  6.9  8.6  1.90  8.33  5.85  90 1014.9  27.7  28.0  21.3 99.0 99.00
2016 07 16 15 50  63  6.6  8.0  1.74  7.69  5.67  97 1014.4  27.4  28.1  22.3 99.0 99.00
2016 07 16 16 50  63  7.1  8.5  1.66  7.69  5.50  83 1013.9  27.4  28.1  22.0 99.0 99.00
2016 07 16 17 50  58  6.2  7.6  1.80  7.14  5.64  82 1013.6  27.5  28.1  21.8 99.0 99.00
2016 07 16 18 50  63  5.7  6.4  1.72  7.14  5.71  81 1013.1  27.5  28.1  21.6 99.0 99.00
2016 07 16 19 50  63  6.2  7.6  1.77  8.33  5.81  99 1012.9  27.6  28.1  21.2 99.0 99.00
2016 07 16 20 50  59  6.2  7.6  1.52  7.69  5.57  81 1013.0  27.6  28.1  21.7 99.0 99.00
2016 07 16 21 50  56  5.8  6.9  1.55  7.69  5.66  76 1013.5  27.5  28.1  21.4 99.0 99.00
2016 07 16 22 50  54  5.9  7.0  1.59  7.69  5.74  84 1014.0  27.5  28.0  21.5 99.0 99.00
2016 07 16 23 50  43  6.3  7.8  1.64  7.69  5.71  82 1014.6  27.5  28.0  22.0 99.0 99.00
2016 07 17 00 50  56  7.3  8.6  1.61  8.33  5.61  85 1015.2  27.4  27.9  22.0 99.0 99.00
2016 07 17 01 50  53  6.6  8.0  1.64  7.69  5.57  91 1015.7  27.3  27.9  22.0 99.0 99.00
2016 07 17 02 50  55  6.3  7.3  1.55  7.69  5.48  86 1015.7  27.3  27.9  21.8 99.0 99.00
2016 07 17 03 50  54  6.5  7.7  1.57  7.69  5.57  99 1015.0  27.3  27.9  21.5 99.0 99.00
2016 07 17 04 50  28  6.9  8.9  1.56  7.69  5.61  81 1014.4  26.8  27.9  22.3 99.0 99.00
2016 07 17 05 50  44  5.2  6.2  1.62  7.69  5.78  76 1013.8  27.0  27.9  21.8 99.0 99.00
2016 07 17 06 50  20  5.7  7.3  1.44  8.33  5.70  77 1013.6  26.3  27.9  21.9 99.0 99.00
2016 07 17 07 50  27  4.7  5.7  1.38  7.69  5.26  80 1013.7  25.9  27.9  22.2 99.0 99.00
2016 07 17 08 50  77  5.6  7.1  1.49  7.69  5.59  86 1013.7  26.2  27.9  20.5 99.0 99.00
2016 07 17 09 50  57  4.4  5.3  1.55  7.69  5.82  77 1014.0  26.7  27.9  21.6 99.0 99.00
2016 07 17 10 50  81  4.3  5.6  1.43  7.69  5.72  84 1014.6  26.8  27.9  22.0 99.0 99.00
2016 07 17 11 50  78  5.2  6.1  1.40  8.33  5.83  67 1014.9  27.2  27.9  21.8 99.0 99.00
2016 07 17 12 50  87  5.9  7.2  1.49  8.33  5.68  65 1015.0  27.2  28.0  21.6 99.0 99.00
2016 07 17 13 50  93  5.7  6.7  1.44  7.69  5.60  82 1015.0  27.2  28.1  22.3 99.0 99.00
2016 07 17 14 50  98  5.8  7.0  1.48  7.69  5.67  71 1014.9  27.2  28.1  22.3 99.0 99.00
2016 07 17 15 50  96  5.2  6.6  1.41  7.69  5.58  87 1014.7  27.3  28.2  22.1 99.0 99.00
2016 07 17 16 50  93  5.5  6.8  1.44  8.33  5.69  74 1014.5  27.3  28.2  21.8 99.0 99.00
2016 07 17 17 50 101  5.1  6.0  1.43  7.69  5.56  78 1014.3  27.4  28.3  22.0 99.0 99.00
2016 07 17 18 50  94  5.0  5.9  1.33  8.33  5.52  77 1014.0  27.5  28.3  21.4 99.0 99.00
2016 07 17 19 50  92  5.3  6.5  1.38  8.33  5.74  79 1013.8  27.4  28.3  21.7 99.0 99.00
2016 07 17 20 50 101  5.4  6.4  1.35  7.69  5.76  65 1013.8  27.4  28.2  22.1 99.0 99.00
2016 07 17 21 50  92  5.8  7.0  1.30  9.09  5.60  74 1014.0  27.4  28.2  22.5 99.0 99.00
2016 07 17 22 50  88  6.6  8.0  1.28  9.09  5.37  67 1014.3  27.3  28.1  22.2 99.0 99.00
2016 07 17 23 50  90  6.2  7.4  1.37  9.09  5.52  88 1014.8  27.2  28.1  22.4 99.0 99.00
2016 07 18 00 50  95  6.0  7.2  1.37  9.09  5.64  63 1015.3  27.2  28.0  22.4 99.0 99.00
2016 07 18 01 50  77  6.6  8.2  1.35  8.33  5.69  87 1015.8  27.3  28.0  22.7 99.0 99.00
2016 07 18 02 50  87  7.5  9.1  1.31  8.33  5.43  80 1015.5  27.2  28.0  22.9 99.0 99.00
2016 07 18 03 50  90  7.2  8.6  1.41  7.69  5.23  68 1015.1  27.3  28.0  22.2 99.0 99.00
2016 07 18 04 50  96  6.4  7.4  1.29  9.09  5.23  74 1014.5  27.1  27.9  22.3 99.0 99.00
2016 07 18 05 50  83  6.2  7.5  1.33  8.33  5.28  57 1013.8  27.1  27.9  22.4 99.0 99.00
2016 07 18 06 50  86  6.6  8.0  1.39  9.09  5.45  64 1013.6  27.0  27.9  22.3 99.0 99.00
2016 07 18 07 50  82  6.5  7.9  1.32  9.09  5.14  69 1013.7  27.0  27.9  22.3 99.0 99.00
2016 07 18 08 50  92  7.0  8.1  1.41  9.09  5.40  61 1013.9  27.1  27.9  22.4 99.0 99.00
2016 07 18 09 50  90  7.3  8.5  1.31  9.09  5.03  66 1014.5  27.2  27.9  22.3 99.0 99.00
2016 07 18 10 50  97  6.8  8.5  1.48  9.09  5.34  70 1014.9  27.4  27.9  22.4 99.0 99.00
2016 07 18 11 50  95  6.7  8.4  1.47  9.09  5.37  78 1015.3  27.3  27.9  23.1 99.0 99.00
2016 07 18 12 50 100  6.3  8.0  1.40  9.09  5.27  60 1015.8  27.5  28.0  22.6 99.0 99.00
2016 07 18 13 50  91  6.2  7.2  1.52  9.09  5.68  78 1015.6  27.4  28.0  22.7 99.0 99.00
2016 07 18 14 50  90  6.7  7.9  1.35  8.33  5.23  73 1015.3  27.5  28.1  22.5 99.0 99.00
2016 07 18 15 50  90  6.7  8.2  1.45  8.33  5.47  71 1015.2  27.5  28.1  22.6 99.0 99.00
2016 07 18 16 50  84  6.2  7.1  1.41  7.14  5.37  85 1014.7  27.5  28.1  22.8 99.0 99.00
2016 07 18 17 50  83  5.7  7.0  1.38  8.33  5.37  69 1014.2  27.5  28.2  23.2 99.0 99.00
2016 07 18 18 50  88  5.9  6.7  1.34  8.33  5.30  60 1013.8  27.5  28.2  23.1 99.0 99.00
2016 07 18 19 50  83  6.0  7.1  1.33 10.00  5.51  61 1013.8  27.5  28.2  23.3 99.0 99.00
2016 07 18 20 50  84  6.2  7.3  1.37 10.00  5.42  51 1013.9  27.6  28.2  23.3 99.0 99.00
2016 07 18 21 50  81  5.8  6.6  1.40  9.09  5.70  70 1014.1  27.5  28.1  23.4 99.0 99.00
2016 07 18 22 50  75  6.4  7.4  1.36  7.69  5.60  77 1014.5  27.4  28.1  23.7 99.0 99.00
2016 07 18 23 50  71  7.3  8.4  1.36  8.33  5.40  77 1014.9  27.5  28.0  23.7 99.0 99.00
2016 07 19 00 50  72  7.4  8.5  1.40  8.33  5.62  82 1015.4  27.6  28.0  23.8 99.0 99.00
2016 07 19 01 50  75  7.1  8.6  1.49  8.33  5.51  76 1016.0  27.6  28.0  23.7 99.0 99.00
2016 07 19 02 50  76  8.0  9.3  1.43  6.67  5.24  69 1015.7  27.6  28.0  23.7 99.0 99.00
2016 07 19 03 50  88  7.9  9.5  1.52 10.00  5.43  76 1015.0  27.5  28.0  23.7 99.0 99.00
2016 07 19 04 50  84  8.9 10.3  1.54 10.00  5.38  65 1014.3  27.5  28.0  23.7 99.0 99.00
2016 07 19 05 50  80  7.3  8.8  1.62  7.14  5.35  74 1014.1  27.4  28.0  23.3 99.0 99.00
2016 07 19 06 50  80  8.6  9.9  1.58  7.69  5.34  91 1014.0  27.5  28.0  23.0 99.0 99.00
2016 07 19 07 50  84  6.5  7.9  1.64  8.33  5.31  89 1014.2  27.4  28.0  23.7 99.0 99.00
2016 07 19 08 50  68  6.3  7.2  1.45  5.56  5.22  82 1014.3  26.7  27.9  23.1 99.0 99.00
2016 07 19 09 50  79  8.1  9.3  1.55  8.33  5.37  81 1014.6  27.3  28.0  24.0 99.0 99.00
2016 07 19 10 50  76  8.5 10.4  1.57  8.33  5.27  62 1014.7  27.6  28.0  24.4 99.0 99.00
2016 07 19 11 50  64  9.6 11.1  1.66  5.26  5.09  73 1015.0  27.7  28.0  24.1 99.0 99.00
2016 07 19 12 50  65  8.8 10.4  1.85  5.26  5.30  80 1015.5  27.8  28.0  24.2 99.0 99.00
2016 07 19 13 50  69  8.9 10.5  1.86 10.00  5.36  38 1015.7  27.8  28.1  24.0 99.0 99.00
2016 07 19 14 50  69  8.9 11.1  1.92  6.25  5.53  63 1015.5  27.7  28.1  23.9 99.0 99.00
2016 07 19 15 50  74  8.8 10.4  1.93  7.14  5.46  55 1015.4  27.8  28.1  23.9 99.0 99.00
2016 07 19 16 50  76  8.9 10.5  2.12  8.33  5.53  61 1015.0  27.8  28.1  23.5 99.0 99.00
2016 07 19 17 50  71  7.8  9.3  2.10  7.14  5.56  64 1014.6  27.9  28.1  23.9 99.0 99.00
2016 07 19 18 50  66  9.1 10.9  2.02  8.33  5.77  68 1014.2  27.9  28.2  23.8 99.0 99.00
2016 07 19 19 50  70  8.3 10.2  2.12  7.14  5.81  59 1014.1  27.9  28.2  23.9 99.0 99.00
2016 07 19 21 50  77  8.1  9.5  2.11  7.69  5.94  75 1014.7  27.9  28.1  24.2 99.0 99.00
2016 07 19 22 50  77  7.8  9.4  1.98  7.14  5.59  69 1015.1  27.4  28.1  23.9 99.0 99.00
2016 07 19 23 50  74  5.9  7.4  2.17  7.69  6.19  63 1015.8  26.9  28.1  24.4 99.0 99.00
2016 07 20 00 50  79  8.9 10.4  1.96  7.69  5.85  68 1015.8  27.9  28.1  24.5 99.0 99.00
2016 07 20 01 50  76  8.8 10.3  2.17  7.69  5.84  74 1016.3  27.6  28.1  24.7 99.0 99.00
2016 07 20 02 50  79  8.4 10.0  1.98  7.14  5.64  65 1016.2  27.6  28.0  24.9 99.0 99.00
2016 07 20 03 50  86  9.1 10.5  2.07  9.09  5.88  68 1015.5  27.7  28.0  24.5 99.0 99.00
2016 07 20 04 50  81  8.7 10.6  2.04  7.69  5.62  70 1015.0  27.8  28.0  24.5 99.0 99.00
2016 07 20 05 50  76  7.9  9.2  2.11  7.69  5.92  72 1014.6  27.7  28.0  25.0 99.0 99.00
2016 07 20 06 50  88  8.5 10.9  2.11  7.69  5.82  69 1014.6  27.3  28.0  25.0 99.0 99.00
2016 07 20 07 50  81 10.3 12.1  1.98  7.69  5.51  73 1014.4  27.6  28.0  24.6 99.0 99.00
2016 07 20 08 50  79 10.2 11.9  2.22  7.69  5.68  60 1014.8  27.6  28.0  24.5 99.0 99.00
2016 07 20 09 50  75  9.6 11.5  2.06  8.33  5.53  83 1015.2  27.6  28.0  24.6 99.0 99.00
2016 07 20 10 50  75  9.6 11.3  2.36  8.33  5.71  66 1015.4  27.7  28.0  24.7 99.0 99.00
2016 07 20 11 50  80  9.8 11.7  2.13  9.09  5.63  66 1015.8  27.8  28.0  24.4 99.0 99.00
2016 07 20 12 50  79  9.9 11.4  2.25  8.33  5.70  73 1016.2  27.8  28.1  24.3 99.0 99.00
2016 07 20 13 50  76  9.1 10.7  2.23  8.33  5.89  75 1016.3  27.9  28.1  24.1 99.0 99.00
2016 07 20 14 50  68  9.5 10.9  2.17  7.69  5.62  72 1016.1  27.9  28.1  24.0 99.0 99.00
2016 07 20 15 50  69  9.9 11.8  2.22  9.09  5.80  63 1015.7  27.9  28.1  24.1 99.0 99.00
2016 07 20 16 50  72  9.4 11.2  2.14  7.69  5.70  80 1015.4  27.9  28.1  23.7 99.0 99.00
2016 07 20 17 50  70  8.8 11.3  2.05  7.69  5.66  77 1014.9  27.8  28.1  23.9 99.0 99.00
2016 07 20 18 50  71  9.7 11.2  2.32  7.69  5.85  69 1014.6  27.7  28.1  23.4 99.0 99.00
2016 07 20 19 50  75  8.6  9.9  2.13  9.09  5.87  72 1014.7  27.8  28.1  23.4 99.0 99.00
2016 07 20 20 50  76  7.6  9.0  2.13  9.09  5.83  70 1014.8  27.7  28.1  23.5 99.0 99.00
2016 07 20 21 50  73  6.9  8.3  2.16  9.09  6.04  63 1014.9  27.6  28.1  23.7 99.0 99.00
2016 07 20 22 50  73  8.3 10.1  1.99  8.33  5.90  63 1015.2  27.6  28.1  23.4 99.0 99.00
2016 07 20 23 50  73  7.4  8.7  2.01  9.09  5.83  82 1015.8  27.6  28.0  23.1 99.0 99.00
2016 07 21 00 50  76  6.4  7.7  2.00  9.09  6.07  73 1016.1  27.5  28.0  23.5 99.0 99.00
2016 07 21 01 50  72  8.4 10.2  1.89  8.33  5.79  69 1016.3  27.5  28.0  23.4 99.0 99.00
2016 07 21 02 50  67  8.2  9.4  1.95  8.33  5.71  72 1016.4  27.4  28.0  22.8 99.0 99.00
2016 07 21 03 50  63  8.0  9.4  1.89  8.33  5.66  74 1015.9  27.4  28.0  22.8 99.0 99.00
2016 07 21 04 50  68  7.5  9.2  1.89  8.33  5.75  65 1015.6  27.4  28.0  22.9 99.0 99.00
2016 07 21 05 50  59  7.0  7.9  1.80  8.33  5.81  72 1015.2  27.3  28.0  22.9 99.0 99.00
2016 07 21 06 50  72  7.0  8.3  1.79  9.09  5.78  71 1014.7  27.3  28.0  22.8 99.0 99.00
2016 07 21 07 50  64  7.7  9.0  1.90  9.09  5.90  56 1014.6  27.4  27.9  22.8 99.0 99.00
2016 07 21 08 50  63  8.2  9.8  1.88  9.09  5.80  59 1015.0  27.4  27.9  22.6 99.0 99.00
2016 07 21 09 50  60  8.1  9.5  1.90  9.09  5.81  62 1015.1  27.5  27.9  22.0 99.0 99.00
2016 07 21 10 50  73  6.6  7.7  1.80  9.09  5.64  61 1015.5  27.6  27.9  21.9 99.0 99.00
2016 07 21 11 50  73  6.2  7.4  1.66  9.09  5.67  62 1015.9  27.5  28.0  21.9 99.0 99.00
2016 07 21 12 50  58  5.4  6.4  1.54  8.33  5.54  71 1016.3  27.5  28.0  22.4 99.0 99.00
2016 07 21 13 50  68  4.8  6.2  1.57  8.33  5.77  74 1016.1  27.6  28.1  23.2 99.0 99.00
2016 07 21 14 50  72  6.5  7.8  1.50  7.69  5.68  75 1016.0  28.0  28.2  22.4 99.0 99.00
2016 07 21 15 50  74  6.2  7.5  1.47  8.33  5.51  75 1015.5  28.0  28.2  22.7 99.0 99.00
2016 07 21 16 50  51  6.4  7.7  1.68  9.09  5.86  75 1015.0  27.8  28.2  23.3 99.0 99.00
2016 07 21 17 50  43  6.6  7.4  1.65  9.09  5.58  73 1014.5  27.6  28.2  23.5 99.0 99.00
2016 07 21 18 50  49  6.1  7.0  1.50  8.33  5.51  68 1014.0  27.9  28.2  22.5 99.0 99.00
2016 07 21 19 50  62  5.8  6.7  1.53  7.69  5.53  70 1013.6  27.9  28.2  22.5 99.0 99.00
2016 07 21 20 50  52  7.2  8.8  1.64  8.33  5.80  66 1013.5  27.8  28.2  22.6 99.0 99.00
2016 07 21 21 50  58  6.6  7.8  1.41  9.09  5.25  90 1013.6  27.6  28.2  22.7 99.0 99.00
2016 07 21 22 50  60  6.0  7.0  1.51  8.33  5.64  74 1014.0  27.6  28.1  22.8 99.0 99.00
2016 07 21 23 50  56  6.6  7.4  1.37  8.33  5.47  65 1014.6  27.6  28.2  22.8 99.0 99.00
2016 07 22 00 50  50  7.0  7.8  1.43  9.09  5.49  78 1014.9  27.4  28.1  23.0 99.0 99.00
2016 07 22 01 50  46  4.9  5.8  1.33  8.33  5.41  85 1015.5  27.6  28.1  23.1 99.0 99.00
2016 07 22 02 50  56  4.3  6.5  1.40  8.33  5.54  76 1015.4  26.8  28.1  23.6 99.0 99.00
2016 07 22 03 50  76  6.2  7.3  1.44  8.33  5.44  69 1014.9  27.4  28.0  23.2 99.0 99.00
2016 07 22 04 50  75  7.9  9.4  1.41  8.33  5.14  70 1014.0  27.4  28.1  22.8 99.0 99.00
2016 07 22 05 50  76  7.2  8.4  1.32  5.88  4.93  66 1013.6  27.2  28.1  22.8 99.0 99.00
2016 07 22 06 50  75  7.8  8.9  1.38  7.69  4.96  74 1013.3  27.2  28.1  22.7 99.0 99.00
2016 07 22 07 50  77  7.7  8.7  1.37  8.33  4.99  73 1013.6  27.1  28.1  22.5 99.0 99.00
2016 07 22 08 50  87  7.3  8.6  1.43  6.25  5.07  59 1014.0  27.0  28.0  22.8 99.0 99.00
2016 07 22 09 50  75  6.6  8.0  1.30  7.69  4.84  63 1014.4  27.2  28.0  22.6 99.0 99.00
2016 07 22 10 50  87  6.1  7.2  1.32  8.33  5.05  82 1014.6  27.4  28.0  22.4 99.0 99.00
2016 07 22 11 50  75  5.4  6.6  1.37  8.33  5.30  78 1015.0  27.3  28.0  22.7 99.0 99.00
2016 07 22 12 50  76  5.1  6.5  1.25  7.69  5.11  74 1015.3  27.4  28.1  22.2 99.0 99.00
2016 07 22 13 50  75  4.8  6.0  1.20  8.33  5.23  81 1015.3  27.4  28.2  22.2 99.0 99.00
2016 07 22 14 50  79  5.0  6.1  1.22  8.33  5.48  82 1015.1  27.4  28.3  22.4 99.0 99.00
2016 07 22 15 50  73  5.5  6.6  1.22  8.33  5.46  74 1014.8  27.4  28.4  22.5 99.0 99.00
2016 07 22 16 50  80  5.2  6.3  1.21  8.33  5.43  78 1014.6  27.4  28.4  22.6 99.0 99.00
2016 07 22 17 50  64  5.3  6.8  1.12  7.69  5.23  92 1014.2  27.5  28.4  22.8 99.0 99.00
2016 07 22 18 50  81  5.4  6.5  1.09  8.33  5.15  73 1013.7  27.6  28.4  21.9 99.0 99.00
2016 07 22 19 50  75  4.7  5.4  1.10  7.69  5.29  88 1013.4  27.6  28.4  22.5 99.0 99.00
2016 07 22 20 50  70  5.4  6.4  1.10  7.14  5.27  84 1013.8  27.5  28.4  22.4 99.0 99.00
2016 07 22 21 50  73  5.5  6.7  1.14  9.09  5.56  74 1013.8  27.4  28.3  22.8 99.0 99.00
2016 07 22 22 50  74  5.3  6.3  1.00  9.09  5.16  89 1014.1  27.4  28.2  22.5 99.0 99.00
2016 07 22 23 50  72  6.2  7.3  1.11  8.33  5.23  80 1014.6  27.4  28.1  22.4 99.0 99.00
2016 07 23 00 50  75  6.7  7.7  1.06  7.14  5.09  85 1015.0  27.4  28.1  22.8 99.0 99.00
2016 07 23 01 50  75  6.3  7.5  1.11  8.33  4.90  78 1015.3  27.4  28.1  22.8 99.0 99.00
2016 07 23 02 50  74  6.5  7.9  1.10  8.33  4.87 100 1015.4  27.4  28.1  22.6 99.0 99.00
2016 07 23 03 50  84  6.4  7.4  1.16  8.33  4.89  79 1014.9  27.3  28.0  22.4 99.0 99.00
2016 07 23 04 50  80  6.0  7.5  1.18  7.69  5.30  65 1014.4  27.1  28.0  22.8 99.0 99.00
2016 07 23 05 50  46  6.1  9.8  1.23  8.33  5.20  92 1013.7  26.5  28.0  22.8 99.0 99.00
2016 07 23 06 50  47  3.3  4.4  1.19  8.33  4.91  80 1013.5  26.1  28.0  22.0 99.0 99.00
2016 07 23 07 50  81  6.1  7.7  1.29  8.33  5.33  80 1013.1  27.0  28.0  22.7 99.0 99.00
2016 07 23 08 50  85  5.5  7.2  1.21  7.69  5.16  78 1013.4  26.8  28.0  22.9 99.0 99.00
2016 07 23 09 50  69  6.8  8.2  1.23  8.33  4.98  82 1013.5  26.9  28.0  22.9 99.0 99.00
2016 07 23 10 50  75  6.9  8.0  1.30  8.33  4.98  77 1013.8  27.1  28.0  22.6 99.0 99.00
2016 07 23 11 50  89  7.2  8.3  1.25  7.14  4.96  72 1014.2  27.2  28.1  22.6 99.0 99.00
2016 07 23 12 50  96  7.2  8.9  1.31  8.33  5.05  80 1014.7  27.4  28.1  22.6 99.0 99.00
2016 07 23 13 50 102  7.0  8.1  1.26  8.33  5.02  78 1014.7  27.5  28.1  22.8 99.0 99.00
2016 07 23 14 50  96  7.2  8.6  1.29  7.69  4.84  67 1014.6  27.4  28.2  22.9 99.0 99.00
2016 07 23 15 50 106  6.4  7.6  1.27  7.14  4.88  70 1014.5  27.5  28.2  23.0 99.0 99.00
2016 07 23 16 50  92  6.6  7.8  1.29  6.25  4.96  77 1014.2  27.6  28.3  23.1 99.0 99.00
2016 07 23 17 50  95  6.6  7.8  1.30  5.88  4.83  65 1013.9  27.8  28.3  22.7 99.0 99.00
2016 07 23 18 50  87  6.2  7.2  1.43  7.14  5.12  67 1013.6  27.8  28.3  22.9 99.0 99.00
2016 07 23 19 50  83  6.6  7.7  1.36  7.69  4.99  64 1013.4  27.8  28.3  22.7 99.0 99.00
2016 07 23 20 50  70  6.9  8.0  1.42  9.09  5.18  74 1013.5  27.8  28.3  22.8 99.0 99.00
2016 07 23 21 50  78  6.7  7.7  1.40  8.33  5.13  75 1013.9  27.6  28.3  22.8 99.0 99.00
2016 07 23 22 50  68  6.7  7.9  1.23  6.25  5.01  66 1014.4  27.6  28.2  23.0 99.0 99.00
2016 07 23 23 50  71  6.6  8.1  1.31  7.69  5.04  66 1014.9  27.7  28.2  22.7 99.0 99.00
2016 07 24 00 50  78  6.7  8.0  1.25  8.33  5.07  76 1015.5  27.5  28.1  23.3 99.0 99.00
2016 07 24 01 50  78  6.7  8.4  1.21  7.14  5.05  66 1015.7  27.6  28.1  23.2 99.0 99.00
2016 07 24 02 50  82  7.4  9.0  1.30  6.67  5.02  61 1015.5  27.6  28.0  22.9 99.0 99.00
2016 07 24 03 50  73  6.9  8.2  1.26  5.88  4.83  62 1015.1  27.4  28.0  23.1 99.0 99.00
2016 07 24 05 50  57  7.1  8.6  1.29  6.25  5.00  58 1013.8  27.3  28.0  23.2 99.0 99.00
2016 07 24 06 50  60  8.3 10.1  1.28  8.33  4.86  79 1013.7  27.3  28.0  23.0 99.0 99.00
2016 07 24 07 50  64  7.9  8.9  1.30  5.88  4.84  74 1013.7  27.2  28.0  23.0 99.0 99.00
2016 07 24 08 50  72  8.0  9.7  1.36  6.67  4.81  61 1013.9  27.3  28.0  22.8 99.0 99.00
2016 07 24 09 50  68  6.9  8.1  1.30  5.56  4.76  80 1014.2  27.3  28.0  22.9 99.0 99.00
2016 07 24 10 50  75  7.8  9.0  1.31  8.33  4.88  92 1014.5  27.4  28.0  23.2 99.0 99.00
2016 07 24 11 50  77  7.7  9.0  1.43  5.26  4.87  76 1014.6  27.6  28.0  23.0 99.0 99.00
2016 07 24 12 50  80  7.3  8.7  1.31  8.33  4.78  79 1014.9  27.5  28.1  23.2 99.0 99.00
2016 07 24 13 50  71  7.6  8.9  1.44  5.88  4.87  72 1014.5  27.6  28.1  23.3 99.0 99.00
2016 07 24 14 50  82  6.7  7.5  1.43  6.67  4.85  62 1014.3  27.7  28.2  22.7 99.0 99.00
2016 07 24 15 50  86  7.0  8.7  1.31  6.25  4.87  69 1013.8  27.7  28.2  22.8 99.0 99.00
2016 07 24 16 50  76  7.1  8.1  1.27  7.14  4.71  73 1013.7  27.8  28.3  23.0 99.0 99.00
2016 07 24 17 50  69  6.8  8.0  1.28  6.25  4.94  69 1013.3  27.8  28.3  23.2 99.0 99.00
2016 07 24 18 50  73  6.7  7.6  1.29  7.69  4.90  84 1013.2  27.7  28.3  23.1 99.0 99.00
2016 07 24 19 50  66  5.3  6.2  1.22  6.25  4.90  74 1013.1  27.3  28.3  23.7 99.0 99.00
2016 07 24 20 50  73  6.4  7.5  1.32  6.25  5.04  67 1013.3  27.7  28.3  23.2 99.0 99.00
2016 07 24 21 50  70  6.3  7.5  1.13  8.33  5.05  90 1013.5  27.7  28.2  23.1 99.0 99.00
2016 07 24 22 50  72  5.7  7.1  1.27  7.14  5.18  65 1014.0  27.5  28.2  23.5 99.0 99.00
2016 07 24 23 50  73  5.9  7.2  1.11  8.33  4.89  99 1014.5  27.6  28.1  23.6 99.0 99.00
2016 07 25 00 50  57  8.1 10.0  1.19  7.14  4.98  72 1014.6  26.6  28.1  23.2 99.0 99.00
2016 07 25 01 50  62  4.1  5.1  1.23  8.33  5.09  92 1014.9  26.6  28.1  23.8 99.0 99.00
2016 07 25 02 50  73  6.7  8.2  1.23  6.67  5.11  74 1014.3  27.3  28.1  23.9 99.0 99.00
2016 07 25 03 50  71  8.3  9.7  1.27  6.25  4.84  69 1013.8  27.5  28.1  23.1 99.0 99.00
2016 07 25 04 50  74  7.7  8.8  1.22  8.33  4.79  88 1013.3  27.2  28.1  23.4 99.0 99.00
2016 07 25 05 50  72  7.5  8.8  1.29  7.14  4.97  65 1012.8  27.1  28.1  23.4 99.0 99.00
2016 07 25 06 50  80  7.1  8.7  1.21  7.69  4.84  93 1012.4  27.2  28.1  23.2 99.0 99.00
2016 07 25 07 50  85  7.0  8.6  1.31  7.69  5.08  89 1012.4  27.2  28.1  23.2 99.0 99.00
2016 07 25 08 50  83  6.1  7.1  1.30  7.69  5.06  72 1012.8  27.3  28.1  23.3 99.0 99.00
2016 07 25 09 50  83  6.1  7.5  1.25  6.67  5.04  54 1013.1  27.3  28.0  23.3 99.0 99.00
2016 07 25 10 50  77  6.0  7.1  1.27  7.14  5.12  80 1013.4  27.6  28.1  23.5 99.0 99.00
2016 07 25 11 50  74  5.9  8.8  1.19  7.14  4.96  65 1013.9  27.1  28.1  23.8 99.0 99.00
2016 07 25 12 50  91  6.6  7.6  1.31  7.69  4.98  54 1014.0  27.2  28.1  23.7 99.0 99.00
2016 07 25 13 50 105  8.0  9.5  1.30  7.14  5.00  55 1014.2  25.9  28.1  24.1 99.0 99.00
2016 07 25 14 50 109  6.8  7.8  1.31  6.67  4.90  50 1013.9  27.3  28.1  23.9 99.0 99.00
2016 07 25 15 50  99  6.3  7.4  1.33  8.33  4.93  85 1013.5  27.4  28.2  24.1 99.0 99.00
2016 07 25 16 50 110  6.0  6.9  1.33  8.33  4.99  82 1013.1  26.7  28.2  24.4 99.0 99.00
2016 07 25 17 50  92  6.2  7.2  1.36  7.14  5.12  58 1012.7  27.8  28.3  24.6 99.0 99.00
2016 07 25 18 50  90  5.6  6.6  1.35  7.14  5.25  70 1012.6  27.5  28.3  24.3 99.0 99.00
2016 07 25 19 50  81  5.2  6.8  1.37  6.67  5.32  58 1012.4  27.8  28.3  24.8 99.0 99.00
2016 07 25 20 50  69  7.0  8.1  1.48  7.69  5.25  63 1012.4  28.0  28.2  24.6 99.0 99.00
2016 07 25 21 50  79  7.6  8.9  1.42  7.14  5.19  59 1012.9  27.9  28.2  24.4 99.0 99.00
2016 07 25 22 50  77  7.2  8.6  1.54  7.14  5.31  60 1013.3  27.8  28.2  24.4 99.0 99.00
2016 07 25 23 50  77  6.5  7.8  1.53  7.69  5.16  54 1013.7  27.8  28.1  24.5 99.0 99.00
2016 07 26 00 50  76  7.0  8.1  1.47  7.14  5.13  59 1014.3  27.8  28.1  24.4 99.0 99.00
2016 07 26 01 50  72  7.0  8.1  1.52  7.14  5.41  55 1014.7  27.7  28.0  24.6 99.0 99.00
2016 07 26 02 50  69  6.5  8.0  1.47  7.69  5.24  69 1014.7  27.7  28.0  24.5 99.0 99.00
2016 07 26 03 50  72  6.4  7.6  1.48  7.69  5.33  57 1014.5  27.6  28.1  24.4 99.0 99.00
2016 07 26 04 50  71  6.5  7.7  1.46  7.69  5.37  68 1013.8  27.5  28.1  24.4 99.0 99.00
2016 07 26 05 50  74  6.9  8.0  1.33  7.69  5.16  54 1013.4  27.6  28.1  24.2 99.0 99.00
2016 07 26 06 50  67  7.8  9.6  1.42  7.69  5.20  66 1013.2  27.6  28.0  24.4 99.0 99.00
2016 07 26 07 50  70  7.7  8.9  1.31  8.33  5.09  74 1013.4  27.5  28.0  24.1 99.0 99.00
2016 07 26 08 50  67  6.7  7.8  1.34  7.69  4.95  76 1013.5  27.6  28.0  24.5 99.0 99.00
2016 07 26 09 50  71  8.1  9.3  1.38  7.69  4.99  69 1013.8  27.6  28.0  24.2 99.0 99.00
2016 07 26 10 50  62  8.1  9.4  1.48  7.69  5.13  73 1014.0  27.7  28.0  24.3 99.0 99.00
2016 07 26 11 50  62  7.2  8.7  1.49  8.33  4.93  77 1014.1  27.8  28.0  24.1 99.0 99.00
2016 07 26 12 50  69  7.2  8.5  1.41  7.69  5.11  68 1014.3  27.9  28.1  23.9 99.0 99.00
2016 07 26 13 50  52  6.7  8.2  1.51  7.69  5.18  68 1014.2  27.8  28.1  24.2 99.0 99.00
2016 07 26 14 50  61  6.7  7.7  1.42  7.69  5.17  65 1014.0  27.8  28.2  24.3 99.0 99.00
2016 07 26 15 50  55  6.5  7.4  1.43  7.69  5.26  72 1013.7  27.9  28.3  24.1 99.0 99.00
2016 07 26 16 50  62  6.4  7.5  1.38  7.69  5.15  70 1013.1  28.0  28.3  23.9 99.0 99.00
2016 07 26 17 50  58  5.4  6.5  1.30  8.33  5.16  74 1012.5  28.0  28.4  24.4 99.0 99.00
2016 07 26 18 50  53  5.6  6.6  1.25  7.69  5.29  66 1012.3  28.0  28.5  24.4 99.0 99.00
2016 07 26 19 50  40  6.3  7.4  1.28  8.33  5.31  94 1012.2  28.2  28.5  24.3 99.0 99.00
2016 07 26 20 50  33  6.1  7.3  1.21  8.33  5.06  78 1012.6  28.1  28.3  24.6 99.0 99.00
2016 07 26 21 50  41  7.1  8.2  1.20  7.14  5.14  77 1012.9  28.0  28.2  24.7 99.0 99.00
2016 07 26 22 50  44  7.4  8.4  1.29  7.14  5.30  68 1013.3  27.9  28.2  24.4 99.0 99.00
2016 07 26 23 50  45  7.2  8.3  1.27  7.69  5.17  79 1013.9  27.9  28.1  24.3 99.0 99.00
2016 07 27 00 50  42  7.1  8.2  1.25  7.69  4.89  80 1014.3  27.9  28.1  24.1 99.0 99.00
2016 07 27 01 50  51  7.1  8.2  1.15  8.33  4.64  86 1014.7  27.9  28.1  24.3 99.0 99.00
2016 07 27 02 50  46  6.8  7.9  1.18  7.69  4.83  81 1014.6  27.8  28.1  24.1 99.0 99.00
2016 07 27 03 50  53  6.8  7.8  1.21  8.33  4.88  91 1014.0  27.7  28.1  23.9 99.0 99.00
2016 07 27 04 50  53  6.5  7.4  1.09  8.33  4.71  94 1013.5  27.7  28.1  24.1 99.0 99.00
2016 07 27 05 50  51  6.7  7.8  1.13  7.14  4.69  79 1013.1  27.6  28.1  24.0 99.0 99.00
2016 07 27 06 50  62  6.3  7.2  1.17  7.69  4.68  73 1013.1  27.6  28.2  24.0 99.0 99.00
2016 07 27 07 50  52  6.4  7.2  1.21  6.25  4.78  69 1013.1  27.6  28.2  23.8 99.0 99.00
2016 07 27 08 50  46  7.2  8.4  1.19  8.33  4.90  72 1013.2  27.6  28.1  23.9 99.0 99.00
2016 07 27 09 50  53  7.0  8.5  1.28  8.33  5.04  74 1013.6  27.6  28.1  23.8 99.0 99.00
2016 07 27 10 50  55  6.8  8.0  1.32  8.33  5.07  76 1014.1  27.7  28.1  24.0 99.0 99.00
2016 07 27 11 50  60  6.9  8.8  1.24  8.33  4.81  68 1014.1  27.6  28.1  24.1 99.0 99.00
2016 07 27 12 50  68  6.6  7.7  1.32  7.69  4.89  73 1014.4  27.4  28.1  24.0 99.0 99.00
2016 07 27 13 50  72  6.4  7.4  1.31  8.33  4.94  81 1014.5  27.3  28.2  24.0 99.0 99.00
2016 07 27 14 50  77  5.6  6.8  1.25  7.14  4.92  90 1014.1  27.5  28.3  24.1 99.0 99.00
2016 07 27 15 50  72  5.2  6.1  1.20  7.14  4.98  68 1013.9  27.4  28.3  24.3 99.0 99.00
2016 07 27 16 50  82  5.2  6.1  1.24  8.33  5.15  78 1013.4  27.4  28.4  23.9 99.0 99.00
2016 07 27 17 50  65  6.3  7.7  1.14  8.33  5.03  68 1012.8  27.2  28.5  24.0 99.0 99.00
2016 07 27 18 50  70  5.2  6.1  1.20  8.33  5.30  68 1012.6  27.6  28.5  24.0 99.0 99.00
2016 07 27 19 50  67  5.0  5.8  1.18  6.67  5.20  69 1012.5  27.7  28.5  23.9 99.0 99.00
2016 07 27 20 50  64  5.0  5.7  1.15  8.33  5.29  77 1012.6  27.6  28.5  24.0 99.0 99.00
2016 07 27 21 50  47  4.9  5.7  1.17  7.69  5.31  83 1013.1  27.4  28.5  24.5 99.0 99.00
2016 07 27 22 50  63  4.9  5.7  1.07  7.14  5.38  62 1013.5  27.5  28.4  24.6 99.0 99.00
2016 07 27 23 50  75  6.2  7.7  1.09  8.33  5.40  79 1013.9  27.4  28.3  24.1 99.0 99.00
2016 07 28 00 50  87  7.4  8.8  1.17  8.33  5.12  65 1014.2  27.1  28.3  24.3 99.0 99.00
2016 07 28 01 50  82  5.4  6.3  1.14  6.67  5.10  77 1014.6  27.0  28.2  24.3 99.0 99.00
2016 07 28 02 50  71  6.8  8.1  1.27  6.25  5.30  64 1014.3  27.5  28.2  24.1 99.0 99.00
2016 07 28 03 50  58  7.4  8.9  1.25  9.09  5.03  64 1013.6  26.5  28.2  24.3 99.0 99.00
2016 07 28 04 50  61  7.6  8.9  1.28  9.09  4.99  64 1013.3  26.9  28.2  23.8 99.0 99.00
2016 07 28 05 50  63  5.5  6.4  1.27  9.09  4.51  77 1013.0  25.5  28.2  23.8 99.0 99.00
2016 07 28 06 50  77  7.8  9.6  1.24  9.09  5.01  67 1013.0  25.3  28.2  23.6 99.0 99.00
2016 07 28 07 50  83  7.9  9.8  1.40  8.33  5.01  74 1012.9  26.8  28.2  23.2 99.0 99.00
2016 07 28 08 50  83  7.4  8.6  1.36  9.09  5.21  82 1013.3  27.3  28.2  23.9 99.0 99.00
2016 07 28 10 50 100  7.4  8.9  1.38  9.09  5.13  74 1013.9  27.2  28.2  23.7 99.0 99.00
2016 07 28 11 50  91  7.1  8.8  1.52  8.33  5.18  76 1014.3  27.3  28.2  23.8 99.0 99.00
2016 07 28 12 50  86  7.2  9.3  1.52  9.09  5.23  89 1014.4  26.7  28.2  23.3 99.0 99.00
2016 07 28 13 50  74  8.2  9.5  1.53  8.33  5.15  76 1014.3  27.9  28.2  23.2 99.0 99.00
2016 07 28 14 50  73  8.1  9.3  1.43  7.14  4.94  65 1014.1  27.7  28.2  22.5 99.0 99.00
2016 07 28 15 50  72  7.1  8.3  1.46  8.33  5.15  71 1013.6  27.7  28.3  23.1 99.0 99.00
2016 07 28 16 50  74  7.4  8.6  1.60  8.33  5.24  84 1013.4  27.8  28.3  22.9 99.0 99.00
2016 07 28 17 50  70  7.3  8.2  1.68  8.33  5.26  93 1012.8  27.8  28.3  23.1 99.0 99.00
2016 07 28 19 50  64  7.5  8.8  1.52  8.33  5.38  84 1012.4  27.9  28.3  22.9 99.0 99.00
2016 07 28 20 50  65  7.4  8.6  1.51  7.69  5.15  84 1012.6  28.0  28.3  23.6 99.0 99.00
2016 07 28 21 50  72  8.0  9.9  1.61  8.33  5.36  84 1012.9  27.6  28.3  23.6 99.0 99.00
2016 07 28 22 50  65  8.6 10.0  1.62  9.09  5.11  92 1013.1  27.9  28.2  23.2 99.0 99.00
2016 07 28 23 50  71  8.0  9.4  1.68  9.09  5.17  97 1013.6  27.8  28.2  23.8 99.0 99.00
2016 07 29 00 50  64  8.8 10.6  1.76  9.09  5.29  98 1014.0  27.8  28.2  23.9 99.0 99.00
2016 07 29 01 50  61 10.1 12.2  1.82  7.69  5.08  77 1014.0  27.8  28.2  23.4 99.0 99.00
2016 07 29 02 50  67 10.1 11.8  1.74  7.69  5.07  73 1013.8  27.8  28.2  23.1 99.0 99.00
2016 07 29 03 50  67  9.6 11.4  1.91  6.67  5.27  76 1013.3  27.7  28.2  23.0 99.0 99.00
2016 07 29 04 50  60  9.3 10.9  2.05  6.67  5.47  63 1012.7  27.5  28.2  23.1 99.0 99.00
2016 07 29 05 50  62  8.8 11.8  2.00  9.09  5.45 101 1012.4  27.1  28.1  23.5 99.0 99.00
2016 07 29 06 50  63  9.7 11.7  1.96  6.67  5.53  74 1012.1  27.6  28.1  23.0 99.0 99.00
2016 07 29 07 50  49  9.5 11.0  2.02  6.67  5.47  85 1012.2  27.6  28.1  22.5 99.0 99.00
2016 07 29 08 50  54  8.7 10.2  1.86  8.33  5.37  82 1012.3  27.5  28.1  22.4 99.0 99.00
2016 07 29 09 50  63  9.0 10.9  1.94  7.69  5.52  84 1012.7  27.6  28.1  22.6 99.0 99.00
2016 07 29 10 50  58  7.9  9.2  2.01  7.69  5.59  77 1013.1  27.8  28.1  22.6 99.0 99.00
2016 07 29 11 50  54  7.7  8.9  2.02  7.69  5.67  82 1013.3  27.8  28.1  22.8 99.0 99.00
2016 07 29 12 50  55  7.7  8.9  1.99  7.69  5.79  88 1013.3  27.9  28.1  22.7 99.0 99.00
2016 07 29 13 50  50  5.9  8.5  1.98  7.69  5.96  84 1013.2  27.7  28.1  23.5 99.0 99.00
2016 07 29 14 50  52  8.0  9.1  1.87  7.69  5.82  76 1013.2  27.6  28.2  23.1 99.0 99.00
2016 07 29 15 50  59  7.2  8.3  1.82  9.09  5.55  98 1012.8  27.6  28.2  23.4 99.0 99.00
2016 07 29 16 50  62  6.7  8.0  1.79  7.14  5.66  76 1012.0  27.6  28.2  23.8 99.0 99.00
2016 07 29 17 50  61  6.1  7.2  1.68  7.69  5.76  81 1011.4  27.8  28.3  23.9 99.0 99.00
2016 07 29 18 50  54  6.9  7.9  1.73  7.69  5.75  75 1011.0  27.4  28.3  24.1 99.0 99.00
2016 07 29 20 50  78  9.6 13.8  1.92  8.33  5.98  85 1011.3  26.8  28.2  24.0 99.0 99.00
2016 07 29 21 50  71  7.5  9.3  1.95  7.69  5.77  79 1011.5  26.2  28.2  24.0 99.0 99.00
2016 07 29 22 50  67  6.4  7.5  1.97  8.33  6.31  76 1011.9  27.2  28.1  24.4 99.0 99.00
2016 07 29 23 50  68  6.2  7.6  1.79  8.33  5.83  95 1012.0  27.0  28.1  24.4 99.0 99.00
2016 07 30 00 50  65 10.2 12.2  1.96  8.33  6.01  68 1011.8  27.5  28.1  23.8 99.0 99.00
2016 07 30 01 50  73  9.8 12.1  2.10  8.33  5.89  76 1012.1  27.3  28.1  24.7 99.0 99.00
2016 07 30 02 50  68 10.5 12.7  2.13  8.33  5.64  80 1012.0  27.1  28.1  24.9 99.0 99.00
2016 07 30 03 50  74 10.5 12.1  2.37  8.33  5.75  70 1011.1  27.4  28.1  24.4 99.0 99.00
2016 07 30 04 50  66 10.1 11.9  2.34  8.33  5.79  74 1010.6  27.3  28.1  24.4 99.0 99.00
2016 07 30 05 50  66  8.9 11.2  2.38  8.33  5.94  68 1010.0  27.1  28.1  24.6 99.0 99.00
2016 07 30 06 50  83 11.4 13.3  2.48  8.33  6.07  72 1009.5  26.9  28.1  24.6 99.0 99.00
2016 07 30 07 50 110  8.5 10.0  2.38  8.33  5.87  74 1009.9  26.5  28.1  24.7 99.0 99.00
2016 07 30 08 50  82  9.6 11.4  2.33  8.33  5.93  66 1010.1  27.3  28.1  24.6 99.0 99.00
2016 07 30 09 50  81 10.2 12.5  2.65  8.33  6.07  68 1010.8  26.3  28.1  24.5 99.0 99.00
2016 07 30 10 50  81 10.4 12.4  2.71  8.33  6.35  71 1010.9  26.0  28.1  24.0 99.0 99.00
2016 07 30 11 50  85  8.3 10.0  2.62  8.33  6.32  72 1011.5  26.5  28.1  22.8 99.0 99.00
2016 07 30 12 50  84  7.5  9.2  2.48  9.09  6.14  73 1011.7  26.8  28.1  23.5 99.0 99.00
2016 07 30 13 50  81  8.6 10.0  2.39  8.33  6.25  69 1012.0  27.2  28.1  24.2 99.0 99.00
2016 07 30 14 50 116 10.6 12.6  2.53  9.09  6.48  75 1012.0  27.1  28.2  24.6 99.0 99.00
2016 07 30 15 50 118  8.3  9.7  2.37  9.09  6.21  75 1012.1  25.9  28.1  23.9 99.0 99.00
2016 07 30 16 50 129  7.8  9.1  2.37  9.09  6.15  81 1011.9  26.5  28.1  23.7 99.0 99.00
2016 07 30 17 50 113  6.0  7.1  2.38  9.09  6.46  67 1011.7  26.9  28.1  24.3 99.0 99.00
2016 07 30 18 50 126  4.7  5.5  2.60  9.09  6.93  74 1011.6  27.1  28.1  24.2 99.0 99.00
2016 07 30 19 50 119  7.2  8.5  2.06  9.09  6.27  72 1011.2  27.5  28.1  24.6 99.0 99.00
2016 07 30 20 50 112  6.0  6.9  2.23  8.33  6.44  79 1011.5  27.6  28.1  24.7 99.0 99.00
2016 07 30 21 50 107  7.4  8.8  2.08  9.09  6.31  74 1012.0  27.8  28.1  24.5 99.0 99.00
2016 07 30 22 50  95  6.4  7.8  2.15  9.09  6.56  73 1012.7  27.7  28.1  24.8 99.0 99.00
2016 07 30 23 50  92  6.6  8.2  2.22  9.09  6.68  74 1013.4  27.7  28.1  24.9 99.0 99.00
2016 07 31 00 50  83  7.6  9.3  2.24  9.09  6.74  75 1013.7  27.8  28.1  25.1 99.0 99.00
2016 07 31 01 50  83  8.4 10.2  2.11  9.09  6.31  74 1014.1  28.0  28.1  25.1 99.0 99.00
2016 07 31 02 50  79  8.3  9.6  2.21  9.09  6.25  69 1014.0  27.8  28.1  25.0 99.0 99.00
2016 07 31 03 50  82  7.7  9.1  2.16  9.09  6.47  76 1013.7  27.7  28.1  25.2 99.0 99.00
2016 07 31 04 50  87  8.0  9.5  2.02  9.09  6.13  75 1013.1  27.7  28.1  24.9 99.0 99.00
2016 07 31 05 50  85  8.5  9.8  1.99  9.09  6.04  82 1012.5  27.7  28.1  24.7 99.0 99.00
2016 07 31 06 50  82  8.5 10.0  2.04  9.09  6.06  66 1012.5  27.8  28.1  24.7 99.0 99.00
2016 07 31 07 50  79  8.6 10.6  2.10  9.09  6.08  62 1012.7  27.8  28.1  25.0 99.0 99.00
2016 07 31 08 50  83  9.1 11.5  1.92  9.09  5.69  63 1012.7  27.5  28.1  25.0 99.0 99.00
2016 07 31 09 50  91  9.3 10.8  2.10  9.09  5.94  68 1013.2  27.4  28.0  25.0 99.0 99.00
2016 07 31 10 50  98  9.8 11.4  2.13  9.09  5.95  72 1014.0  27.0  28.0  24.1 99.0 99.00
2016 07 31 11 50 105  8.0  9.5  2.20  9.09  6.20  66 1014.3  27.2  28.1  24.8 99.0 99.00
2016 07 31 12 50  99  7.4  8.8  1.93  8.33  5.94  62 1014.4  27.7  28.1  25.2 99.0 99.00
2016 07 31 13 50  89  8.6 10.1  2.09  9.09  5.91  76 1014.4  27.0  28.1  24.6 99.0 99.00
2016 07 31 14 50  76  8.8 10.2  2.13  8.33  6.02  78 1014.1  28.1  28.2  24.8 99.0 99.00
2016 07 31 15 50  69  8.7 10.2  2.01  8.33  5.41  67 1013.8  28.1  28.2  24.8 99.0 99.00
2016 07 31 16 50  69  8.6  9.8  2.05  7.69  5.60  50 1013.3  28.0  28.2  24.6 99.0 99.00
2016 07 31 17 50  65  8.7 10.3  2.17  9.09  5.81  77 1012.5  27.9  28.2  24.5 99.0 99.00
2016 07 31 18 50  65  8.5  9.8  2.13  8.33  5.82  60 1012.2  27.9  28.2  24.3 99.0 99.00
2016 07 31 19 50  63  8.3  9.6  2.01  8.33  5.89  69 1012.1  28.0  28.2  23.8 99.0 99.00
2016 07 31 20 50  62  8.4  9.7  2.10  9.09  5.84  67 1012.2  27.9  28.2  24.2 99.0 99.00
2016 07 31 21 50  62  9.0 10.5  2.10  7.69  5.63  69 1012.6  27.8  28.2  23.3 99.0 99.00
2016 07 31 22 50  66  9.9 11.8  2.05  7.69  5.60  75 1013.1  27.8  28.1  23.0 99.0 99.00
