#YY  MM DD hh mm WDIR WSPD GST  WVHT   DPD   APD MWD   PRES  ATMP  WTMP  DEWP  VIS  TIDE
#yr  mo dy hr mn degT m/s  m/s     m   sec   sec deg    hPa  degC  degC  degC  nmi    ft
2015 12 31 23 50  75 10.0 11.9  2.63  9.09  6.28  91 1016.8  26.5  27.0  22.5 99.0 99.00
2016 01 01 00 50  78 10.1 12.5  2.59  9.09  6.14 109 1017.2  26.5  27.0  22.4 99.0 99.00
2016 01 01 01 50  85 10.2 11.9  2.71  8.33  6.35 100 1017.1  26.3  27.0  22.5 99.0 99.00
2016 01 01 02 50  84 10.2 13.1  2.88  9.09  6.51  89 1016.6  26.3  27.0  22.4 99.0 99.00
2016 01 01 03 50  80 10.4 12.8  2.83  7.69  6.29  80 1016.1  26.4  27.0  22.3 99.0 99.00
2016 01 01 04 50  78 10.1 12.3  3.11  9.09  6.50  99 1015.7  26.1  26.9  22.3 99.0 99.00
2016 01 01 05 50  76 10.4 12.0  2.87  9.09  6.38  91 1015.0  26.2  26.9  21.9 99.0 99.00
2016 01 01 06 50  80 10.2 11.7  2.91  9.09  6.47  95 1014.6  26.3  26.9  21.5 99.0 99.00
2016 01 01 07 50  78 10.1 11.8  3.12  9.09  6.74 101 1014.7  26.3  27.0  21.5 99.0 99.00
2016 01 01 08 50  74  9.6 11.8  2.83  9.09  6.53 110 1015.1  26.2  27.0  21.3 99.0 99.00
2016 01 01 09 50  71 10.0 11.6  2.89  9.09  6.60  97 1015.5  26.2  27.0  21.1 99.0 99.00
2016 01 01 10 50  67  9.9 11.7  2.84  9.09  6.56  97 1016.1  26.4  27.0  21.4 99.0 99.00
2016 01 01 11 50  74 10.0 12.1  2.79  9.09  6.61  86 1017.0  26.5  27.0  21.3 99.0 99.00
2016 01 01 12 50  76  9.2 10.8  2.79  9.09  6.79 104 1017.4  26.6  27.0  21.6 99.0 99.00
2016 01 01 13 50  72  9.3 11.0  2.79  9.09  6.75  95 1017.4  26.4  27.0  21.9 99.0 99.00
2016 01 01 14 50  73  9.6 11.4  3.13  9.09  6.81  99 1017.0  26.4  27.1  21.3 99.0 99.00
2016 01 01 15 50  72  9.5 11.4  2.96  9.09  7.06 112 1016.1  26.4  27.1  21.4 99.0 99.00
2016 01 01 16 50  70  9.2 10.9  3.06  9.09  6.83 100 1015.1  26.4  27.1  21.6 99.0 99.00
2016 01 01 17 50  77  9.3 10.9  2.97  9.09  6.73  90 1014.7  26.5  27.1  20.9 99.0 99.00
2016 01 01 18 50  81  9.6 11.1  2.82  9.09  7.13 103 1014.4  26.5  27.1  20.9 99.0 99.00
2016 01 01 19 50  77  8.7 10.6  3.01  9.09  7.12  99 1014.5  26.5  27.1  21.2 99.0 99.00
2016 01 01 20 50  74  8.9 10.5  3.12  9.09  7.35  90 1015.0  26.3  27.0  21.5 99.0 99.00
2016 01 01 21 50  70  8.5 10.4  3.25 10.00  7.37 101 1015.5  26.4  27.0  21.3 99.0 99.00
2016 01 01 22 50  71  8.7 10.5  3.19  9.09  7.32  95 1015.7  26.4  27.0  21.4 99.0 99.00
2016 01 01 23 50  68  8.9 11.5  3.06 10.00  7.41  92 1016.1  26.2  27.0  21.7 99.0 99.00
2016 01 02 00 50  80  8.9 10.9  2.95  9.09  7.25 106 1016.6  26.4  27.0  21.6 99.0 99.00
2016 01 02 01 50  75  9.2 10.6  2.80 10.00  6.95  82 1016.8  26.4  27.0  21.4 99.0 99.00
2016 01 02 02 50  76  9.1 10.9  2.71  9.09  6.82  91 1016.6  26.4  27.0  21.0 99.0 99.00
2016 01 02 03 50  76  8.7 10.5  2.90 10.00  7.01  86 1016.1  26.3  27.0  21.2 99.0 99.00
2016 01 02 04 50  73  9.0 10.8  3.02 10.00  6.99  89 1015.4  26.2  27.0  21.6 99.0 99.00
2016 01 02 05 50  75  8.9 11.2  2.77  9.09  6.79 101 1014.7  26.1  27.0  21.4 99.0 99.00
2016 01 02 06 50  74  9.2 12.0  2.66  9.09  6.70  93 1014.1  26.1  27.0  21.1 99.0 99.00
2016 01 02 07 50  82  9.1 11.3  3.02 10.00  7.21  68 1014.3  26.2  27.0  21.1 99.0 99.00
2016 01 02 08 50  89  9.1 11.1  2.78  8.33  6.65  84 1014.6  26.1  27.0  20.7 99.0 99.00
2016 01 02 09 50  81  9.4 10.9  2.92  8.33  6.89  89 1014.9  26.1  26.9  20.1 99.0 99.00
2016 01 02 10 50  91  8.8 10.7  2.87  9.09  6.76  95 1015.8  26.3  26.9  20.2 99.0 99.00
2016 01 02 11 50  85  9.0 10.3  2.74 10.00  6.84  80 1016.8  26.4  27.0  20.1 99.0 99.00
2016 01 02 12 50  95  9.4 11.8  2.78  9.09  6.69  97 1017.2  26.6  27.0  20.6 99.0 99.00
2016 01 02 13 50  87  9.5 11.4  2.52 10.00  6.65  88 1017.3  26.6  27.0  20.3 99.0 99.00
2016 01 02 14 50  88  9.0 10.8  2.60  9.09  6.69  76 1016.8  26.5  27.0  20.4 99.0 99.00
2016 01 02 15 50  93  8.9 10.4  2.79  9.09  6.74  89 1016.2  26.6  27.0  19.8 99.0 99.00
2016 01 02 16 50  90  8.1  9.8  2.63  9.09  6.71  96 1015.3  26.5  27.1  19.6 99.0 99.00
2016 01 02 17 50  88  8.3  9.4  2.71  9.09  6.83  83 1014.6  26.4  27.1  19.7 99.0 99.00
2016 01 02 18 50  90  8.5 10.1  2.83  9.09  6.93  95 1014.4  26.4  27.0  20.0 99.0 99.00
2016 01 02 19 50  90  8.0  9.2  2.79  9.09  6.91  99 1014.5  26.6  27.0  19.6 99.0 99.00
2016 01 02 20 50  90  7.9  9.4  2.79  9.09  6.88  98 1014.6  26.4  27.0  20.4 99.0 99.00
2016 01 02 21 50  85  7.8  9.1  2.72  9.09  7.03 107 1015.0  26.4  27.0  20.9 99.0 99.00
2016 01 02 23 50  84  8.6 10.5  2.74 10.00  7.00  77 1016.0  26.5  27.0  20.8 99.0 99.00
2016 01 03 00 50  86  9.0 10.6  2.68  9.09  6.58  90 1016.1  26.5  27.0  21.3 99.0 99.00
2016 01 03 01 50  83  8.8 10.8  2.71  9.09  6.77  96 1016.4  26.4  27.0  21.5 99.0 99.00
2016 01 03 02 50  70  8.7 10.1  2.72 10.00  6.66  76 1016.4  26.0  27.0  21.6 99.0 99.00
2016 01 03 03 50  75  9.7 11.9  2.64  9.09  6.67  98 1016.0  26.0  27.0  21.6 99.0 99.00
2016 01 03 04 50  79  9.2 11.8  2.65  9.09  6.44  92 1015.5  25.4  27.0  21.0 99.0 99.00
2016 01 03 05 50  75  9.8 11.4  2.64  9.09  6.70  93 1014.6  26.2  27.0  20.6 99.0 99.00
2016 01 03 06 50  83  8.9 10.3  2.48  9.09  6.36 101 1014.5  26.1  26.9  20.9 99.0 99.00
2016 01 03 07 50  77  9.5 11.7  2.58  9.09  6.68  94 1014.4  26.1  26.9  20.5 99.0 99.00
2016 01 03 08 50  85  8.8 11.0  2.61  9.09  6.80 100 1014.8  26.1  26.9  20.8 99.0 99.00
2016 01 03 09 50  81  9.0 10.4  2.58  9.09  6.62  97 1015.3  26.2  26.9  20.6 99.0 99.00
2016 01 03 10 50  85  9.9 11.4  2.64  9.09  6.69  92 1015.8  26.4  26.9  20.8 99.0 99.00
2016 01 03 11 50  82  9.2 11.1  2.70  9.09  6.56  96 1016.9  26.5  27.0  20.8 99.0 99.00
2016 01 03 12 50  77  8.4  9.8  2.71  9.09  6.76  98 1017.5  26.5  27.0  21.3 99.0 99.00
2016 01 03 13 50  89  8.7 11.9  2.75  8.33  6.77  92 1017.8  26.6  27.0  21.1 99.0 99.00
2016 01 03 14 50  92  9.8 12.0  2.75  9.09  6.78 100 1017.2  26.6  27.0  20.5 99.0 99.00
2016 01 03 15 50  84  9.0 10.2  2.68 14.81  6.58  32 1016.5  26.5  27.0  20.7 99.0 99.00
2016 01 03 16 50  92  9.2 11.1  2.82  9.09  6.83  88 1015.4  26.5  27.1  20.9 99.0 99.00
2016 01 03 17 50  86  8.7 10.7  2.48  9.09  6.41  92 1015.0  26.5  27.1  20.6 99.0 99.00
2016 01 03 18 50  95  8.2  9.7  2.45  9.09  6.48  88 1015.1  26.6  27.0  20.7 99.0 99.00
2016 01 03 19 50  89  9.0 10.8  2.75  9.09  6.73 100 1015.2  26.6  27.0  20.3 99.0 99.00
2016 01 03 20 50  95  8.6 10.2  2.69  9.09  6.52  98 1015.8  26.5  27.0  20.4 99.0 99.00
2016 01 03 21 50  95  7.9  9.6  2.54  9.09  6.69  86 1016.2  26.5  27.0  21.0 99.0 99.00
2016 01 03 22 50  77  9.6 11.8  2.51  9.09  6.53  85 1016.2  26.4  27.0  21.5 99.0 99.00
2016 01 03 23 50  83  9.7 11.9  2.71 10.00  6.81 109 1016.6  26.4  27.0  21.6 99.0 99.00
2016 01 04 00 50  77  9.4 11.1  2.59  9.09  6.60  92 1017.0  26.3  27.0  21.6 99.0 99.00
2016 01 04 01 50  84 10.7 12.6  2.68  9.09  6.56  84 1016.7  26.2  27.0  21.8 99.0 99.00
2016 01 04 02 50  86  9.5 11.3  2.71  9.09  6.46  87 1016.5  26.0  27.0  22.2 99.0 99.00
2016 01 04 03 50  77  9.7 11.4  2.74  9.09  6.64  85 1016.0  25.8  26.9  22.0 99.0 99.00
2016 01 04 04 50  87 10.1 12.1  2.95  9.09  6.62  99 1015.3  26.2  26.9  20.1 99.0 99.00
2016 01 04 05 50  81  9.5 12.2  2.51  9.09  6.33  93 1014.5  26.2  26.9  21.3 99.0 99.00
2016 01 04 06 50  79  9.7 11.7  2.70  8.33  6.39  91 1013.9  26.0  26.9  20.3 99.0 99.00
2016 01 04 07 50  83 10.6 12.5  2.84  9.09  6.51  82 1014.0  26.1  26.9  20.8 99.0 99.00
2016 01 04 09 50  84  9.1 10.6  2.74  9.09  6.54  92 1015.0  26.2  26.9  20.9 99.0 99.00
2016 01 04 10 50  78  9.3 11.1  2.80  9.09  6.53  93 1015.6  26.3  26.9  21.0 99.0 99.00
2016 01 04 11 50  83 10.1 11.7  2.58  9.09  6.27  92 1016.4  26.5  26.9  21.2 99.0 99.00
2016 01 04 12 50  84 10.4 14.0  2.69  9.09  6.39  87 1016.9  26.4  26.9  21.5 99.0 99.00
2016 01 04 13 50  90 10.2 12.2  2.61  8.33  6.32  92 1017.2  26.3  26.9  21.3 99.0 99.00
2016 01 04 14 50  92  9.7 11.7  2.81  9.09  6.43  88 1016.7  26.5  26.9  20.9 99.0 99.00
2016 01 04 15 50  90 10.1 11.9  2.64  9.09  6.28  91 1016.2  26.7  26.9  20.5 99.0 99.00
2016 01 04 16 50  94  9.8 11.7  2.70  9.09  6.43  97 1015.3  26.7  26.9  20.2 99.0 99.00
2016 01 04 17 50  86  9.8 11.7  2.77  9.09  6.56  97 1014.2  26.6  26.9  20.6 99.0 99.00
2016 01 04 18 50  98 10.0 12.2  2.65  9.09  6.41  89 1014.3  26.7  26.9  20.0 99.0 99.00
2016 01 04 19 50  91 10.1 12.2  2.87  9.09  6.48  89 1014.3  26.7  26.9  20.8 99.0 99.00
2016 01 04 20 50  92  9.8 12.1  2.73  9.09  6.26  87 1015.0  26.7  26.9  20.8 99.0 99.00
2016 01 04 21 50  93  9.4 11.4  2.64  9.09  6.46  92 1015.8  26.7  26.9  20.5 99.0 99.00
2016 01 04 22 50  94  9.0 11.2  2.73  9.09  6.45  95 1016.3  26.5  26.9  20.6 99.0 99.00
2016 01 04 23 50  91  9.2 11.5  2.95  9.09  6.52  93 1016.7  26.5  26.9  21.1 99.0 99.00
2016 01 05 00 50  87  9.8 11.2  2.85  9.09  6.58  96 1016.9  26.5  26.9  20.7 99.0 99.00
2016 01 05 01 50  92  9.9 12.4  2.87  9.09  6.57  98 1016.6  26.5  26.9  21.3 99.0 99.00
2016 01 05 02 50  91 10.6 12.5  2.86  9.09  6.48  90 1016.1  26.4  26.9  20.9 99.0 99.00
2016 01 05 03 50  93 10.5 12.0  2.58  9.09  6.25  90 1015.6  26.3  26.9  21.0 99.0 99.00
2016 01 05 04 50  92  8.5 10.1  2.58  9.09  6.21  89 1015.3  26.2  26.9  20.9 99.0 99.00
2016 01 05 05 50  87  8.1  9.8  2.67  9.09  6.44  97 1014.7  26.1  26.9  20.3 99.0 99.00
2016 01 05 06 50  87  8.8 10.8  2.82  9.09  6.70  87 1014.5  26.1  26.9  20.7 99.0 99.00
2016 01 05 07 50  86 10.7 13.2  2.46  9.09  6.38  89 1014.6  25.9  26.8  21.8 99.0 99.00
2016 01 05 08 50  91  9.2 12.3  2.73  9.09  6.42  91 1015.4  23.9  26.8  20.8 99.0 99.00
2016 01 05 09 50  74  8.0  9.9  2.67  9.09  6.44  94 1016.1  25.0  26.8  21.7 99.0 99.00
2016 01 05 10 50  93 10.2 11.7  2.69  9.09  6.47  98 1016.9  26.6  26.9  19.9 99.0 99.00
2016 01 05 11 50  89 10.2 12.4  2.64  9.09  6.25  90 1017.9  26.5  26.9  21.1 99.0 99.00
2016 01 05 12 50  80 10.2 12.0  3.04  9.09  6.55  97 1018.1  26.3  26.9  20.0 99.0 99.00
2016 01 05 13 50  81  9.2 10.9  2.64  9.09  6.31  75 1018.2  26.2  27.0  21.2 99.0 99.00
2016 01 05 14 50  94  9.0 10.3  2.92  9.09  6.70  91 1017.8  26.6  27.0  21.1 99.0 99.00
2016 01 05 15 50  77 11.7 13.7  2.93  9.09  6.48  96 1016.7  25.2  27.0  20.5 99.0 99.00
2016 01 05 16 50  96  7.8  9.8  2.72  7.69  6.36  94 1016.0  26.1  27.0  21.0 99.0 99.00
2016 01 05 17 50 100  8.5 10.3  2.71  9.09  6.62 100 1015.1  26.6  27.0  21.0 99.0 99.00
2016 01 05 18 50 100  9.1 11.4  2.92  9.09  6.62  92 1014.9  26.7  27.0  20.6 99.0 99.00
2016 01 05 19 50  98  8.4 10.1  3.05  9.09  6.94  96 1015.1  26.7  27.0  20.7 99.0 99.00
2016 01 05 20 50  93  8.8 10.5  2.93  9.09  6.89  95 1015.3  26.6  27.0  20.7 99.0 99.00
2016 01 05 21 50  96  8.9 11.0  2.62 10.00  6.65  87 1015.7  26.5  27.0  20.9 99.0 99.00
2016 01 05 22 50  91  8.1 10.1  2.65  9.09  6.63  87 1016.6  26.5  26.9  21.1 99.0 99.00
2016 01 05 23 50  89  8.1  9.7  2.94  9.09  7.03  95 1016.9  26.5  26.9  21.0 99.0 99.00
2016 01 06 00 50  68  7.6  9.0  2.69 10.00  6.77 100 1017.3  26.3  26.9  22.0 99.0 99.00
2016 01 06 01 50 100 11.6 14.0  2.71 10.00  6.67  88 1017.1  25.0  26.9  21.0 99.0 99.00
2016 01 06 02 50  65  7.1  8.7  3.01  9.09  6.92  98 1017.0  25.5  26.9  21.0 99.0 99.00
2016 01 06 03 50 109  4.9  8.0  2.74 10.00  6.87  88 1016.9  24.7  26.9  21.0 99.0 99.00
2016 01 06 04 50 125  5.7  7.6  2.94 10.00  7.10  85 1016.2  24.8  26.9  20.4 99.0 99.00
2016 01 06 05 50  86  8.9 11.6  2.91  9.09  6.89  93 1015.0  26.3  26.9  21.2 99.0 99.00
2016 01 06 06 50  86  8.7 10.3  2.69 10.00  6.57  96 1014.7  26.0  26.9  20.6 99.0 99.00
2016 01 06 07 50  89 10.1 12.1  2.75 10.00  6.67  89 1014.6  26.3  26.9  20.7 99.0 99.00
2016 01 06 08 50  81 10.1 11.9  2.76 10.00  6.62  84 1015.4  25.8  26.9  21.1 99.0 99.00
2016 01 06 09 50  85  8.9 11.5  2.93 10.00  6.67  90 1015.8  26.1  26.9  20.2 99.0 99.00
2016 01 06 10 50  72  9.0 11.1  2.74 10.00  6.54  93 1016.7  25.9  26.9  20.9 99.0 99.00
2016 01 06 11 50  93  9.4 11.8  2.92 10.00  6.83  88 1017.6  25.6  26.9  20.4 99.0 99.00
2016 01 06 13 50  70  5.9  7.7  2.81 10.00  6.75  91 1018.4  24.2  26.9  21.0 99.0 99.00
2016 01 06 14 50  79  8.4 10.2  3.02 10.00  7.41  86 1017.6  25.7  27.0  22.0 99.0 99.00
2016 01 06 15 50  88  6.6  7.9  2.55 10.00  6.58 101 1016.7  25.2  26.9  20.7 99.0 99.00
2016 01 06 16 50  73  7.9  9.9  2.82 10.00  6.76  89 1015.8  25.7  27.0  21.2 99.0 99.00
2016 01 06 17 50  68  7.5  9.1  2.74 10.00  6.74  91 1015.2  25.6  27.0  21.2 99.0 99.00
2016 01 06 18 50  66  6.5  8.3  2.67 10.00  6.73  84 1014.9  25.9  27.0  21.8 99.0 99.00
2016 01 06 19 50  87  7.2  9.0  2.54  9.09  6.94  89 1015.1  26.2  27.0  21.7 99.0 99.00
2016 01 06 20 50  85  6.6  7.8  2.68 10.00  6.95  92 1015.5  26.1  26.9  21.4 99.0 99.00
2016 01 06 21 50  70  7.2  8.5  2.46 10.00  6.68  90 1015.7  25.9  26.9  21.8 99.0 99.00
2016 01 06 22 50  86  6.6  7.9  2.44 10.00  6.93  92 1016.5  26.3  26.9  21.3 99.0 99.00
2016 01 06 23 50  71  6.6  8.0  2.41  9.09  6.66  92 1017.0  26.2  26.9  21.7 99.0 99.00
2016 01 07 00 50 104  7.8 10.1  2.20  9.09  6.36  88 1017.3  25.6  26.9  21.4 99.0 99.00
2016 01 07 01 50 102  9.6 10.9  2.32 10.00  6.43  93 1016.9  26.3  26.9  21.4 99.0 99.00
2016 01 07 02 50 101  8.7 10.3  2.45 10.00  6.35  92 1016.7  26.2  26.9  21.6 99.0 99.00
2016 01 07 03 50  93  8.8 10.4  2.57 10.00  6.56  87 1016.3  26.2  26.9  21.7 99.0 99.00
2016 01 07 04 50  91  7.9  9.4  2.44 10.00  6.49  90 1015.9  26.2  26.9  21.9 99.0 99.00
2016 01 07 05 50  92  7.8  9.7  2.54 10.00  6.68  89 1015.1  26.1  26.9  22.0 99.0 99.00
2016 01 07 06 50  96  8.8 10.2  2.46 10.00  6.50  86 1014.4  25.9  26.9  22.3 99.0 99.00
2016 01 07 07 50  82  8.4  9.9  2.60 10.00  6.61  91 1014.6  25.6  26.9  21.7 99.0 99.00
2016 01 07 08 50 103  8.2 10.7  2.48 10.00  6.33  84 1014.9  25.2  26.9  21.8 99.0 99.00
2016 01 07 09 50 103  9.3 10.8  2.48  9.09  6.22  86 1015.3  26.1  26.9  21.6 99.0 99.00
2016 01 07 10 50  95  9.1 10.6  2.34 10.00  6.09  90 1016.2  26.2  26.9  22.1 99.0 99.00
2016 01 07 11 50 103  9.1 10.7  2.19 10.00  6.11  86 1017.0  26.3  26.9  21.8 99.0 99.00
2016 01 07 13 50 100  8.8 10.6  2.28 10.00  6.18  91 1017.6  26.5  26.9  21.9 99.0 99.00
2016 01 07 14 50 104  8.9 10.6  2.39 10.00  6.21  98 1017.2  26.5  27.0  21.8 99.0 99.00
2016 01 07 15 50  95  8.6 10.2  2.35 10.00  6.08  94 1016.5  26.4  27.0  22.0 99.0 99.00
2016 01 07 16 50  94  8.1 10.0  2.25  9.09  6.00 102 1015.6  26.5  27.0  21.4 99.0 99.00
2016 01 07 17 50  94  8.4  9.6  2.16 10.00  5.96  93 1014.5  26.3  27.0  21.6 99.0 99.00
2016 01 07 18 50  99  8.3  9.9  2.17  8.33  6.01  91 1014.3  26.4  27.0  21.5 99.0 99.00
2016 01 07 19 50  94  8.3  9.8  2.23 10.00  6.15  91 1014.2  26.5  27.0  21.2 99.0 99.00
2016 01 07 20 50  89  8.1  9.7  2.09 10.00  6.09  94 1014.5  26.3  27.0  21.5 99.0 99.00
2016 01 07 21 50  94  8.0  9.8  2.02  7.14  5.97  91 1014.7  26.2  27.0  21.8 99.0 99.00
2016 01 07 22 50  82  8.2 10.0  2.24 10.00  6.18  91 1015.3  26.3  27.0  21.6 99.0 99.00
2016 01 07 23 50  93  8.3  9.9  2.13 10.00  6.07  87 1015.8  26.2  26.9  21.4 99.0 99.00
2016 01 08 00 50  90  8.5  9.8  2.05  7.69  5.87  98 1016.1  26.1  26.9  21.4 99.0 99.00
2016 01 08 01 50  80  8.8 10.4  2.27  7.69  6.32  99 1016.1  26.1  26.9  21.5 99.0 99.00
2016 01 08 02 50  79  8.6 10.0  2.00  9.09  5.86  99 1016.0  26.1  26.9  20.6 99.0 99.00
2016 01 08 03 50  80  8.0 10.1  2.09  9.09  5.89  95 1015.4  26.0  26.9  21.1 99.0 99.00
2016 01 08 04 50  80  8.1  9.6  1.96  9.09  5.91  89 1014.7  26.0  26.9  21.0 99.0 99.00
2016 01 08 05 50  86  8.3  9.9  2.19  9.09  6.22  84 1014.1  25.9  26.9  20.7 99.0 99.00
2016 01 08 06 50  83  7.4  9.0  2.09  9.09  6.23  92 1013.7  25.8  26.9  20.5 99.0 99.00
2016 01 08 07 50  83  7.2  8.8  2.11  9.09  6.40  85 1013.6  25.8  26.9  20.7 99.0 99.00
2016 01 08 08 50  76  8.5 10.3  2.15 16.00  6.45 353 1013.7  25.7  26.9  21.4 99.0 99.00
2016 01 08 09 50  76  8.5  9.9  2.40 16.00  6.91 354 1013.8  25.7  26.9  20.7 99.0 99.00
2016 01 08 10 50  73  8.5 10.0  2.20 16.00  6.36 337 1014.2  25.9  26.9  20.4 99.0 99.00
2016 01 08 11 50  78  8.3  9.7  2.14 14.81  6.28 341 1015.2  26.1  26.9  20.5 99.0 99.00
2016 01 08 12 50  76  7.6  9.4  2.18 14.81  6.47 350 1015.9  26.1  26.9  20.1 99.0 99.00
2016 01 08 14 50  88  6.5  8.2  2.43 13.79  6.97 342 1015.8  26.0  27.0  20.2 99.0 99.00
2016 01 08 15 50  89  6.7  7.8  2.26 13.79  6.88 357 1014.7  25.9  27.0  20.3 99.0 99.00
2016 01 08 16 50  88  6.1  7.5  2.20 13.79  6.89 346 1013.7  26.0  27.0  20.9 99.0 99.00
2016 01 08 17 50  88  6.6  8.1  2.04 13.79  6.80 351 1013.1  26.0  27.0  20.6 99.0 99.00
2016 01 08 18 50  98  5.6  6.8  2.13 13.79  6.91 352 1013.0  26.1  27.0  20.1 99.0 99.00
2016 01 08 19 50  96  4.9  6.3  2.09 13.79  6.68 347 1013.1  26.0  27.0  20.1 99.0 99.00
2016 01 08 20 50  90  5.2  6.2  2.14 13.79  6.92 335 1013.1  26.0  27.0  19.8 99.0 99.00
2016 01 08 21 50  91  5.2  6.9  1.93 12.90  6.94 343 1013.3  25.9  26.9  19.2 99.0 99.00
2016 01 08 22 50  87  5.2  6.4  1.98 12.12  6.91 350 1013.7  26.0  26.9  19.5 99.0 99.00
2016 01 08 23 50  87  5.3  6.2  1.90 12.90  7.17 350 1014.3  25.9  26.9  19.6 99.0 99.00
2016 01 09 00 50  94  5.0  6.1  1.81 12.90  6.72 360 1015.0  25.9  26.8  20.0 99.0 99.00
2016 01 09 01 50  96  4.1  5.2  1.87  9.09  6.75  86 1015.1  25.8  26.8  19.9 99.0 99.00
2016 01 09 02 50  85  3.5  4.3  1.66 12.90  6.61 339 1014.9  25.7  26.8  19.8 99.0 99.00
2016 01 09 03 50  83  2.5  3.8  1.90 12.90  7.17 356 1014.8  25.7  26.8  19.9 99.0 99.00
2016 01 09 04 50  78  2.7  3.8  1.82 12.90  7.21   2 1014.4  25.6  26.8  20.4 99.0 99.00
2016 01 09 05 50  54  4.3  5.0  1.79 12.90  7.30 338 1013.0  24.8  26.8  21.1 99.0 99.00
2016 01 09 06 50  77  3.9  4.7  1.79 12.12  7.25   4 1012.2  25.0  26.8  21.3 99.0 99.00
2016 01 09 08 50  96  3.2  4.7  1.80 12.12  7.34 359 1012.3  24.9  26.8  21.2 99.0 99.00
2016 01 09 09 50  75  3.3  4.4  1.79 12.12  7.50 350 1012.7  25.0  26.8  21.6 99.0 99.00
2016 01 09 10 50  96  3.5  4.3  1.80 12.12  7.56 338 1013.6  25.4  26.8  21.2 99.0 99.00
2016 01 09 11 50 111  4.5  5.5  1.73 11.43  7.21 350 1014.5  25.7  26.8  21.2 99.0 99.00
2016 01 09 12 50 150  5.1  6.3  1.71 12.12  7.14 344 1015.1  25.2  26.9  21.6 99.0 99.00
2016 01 09 13 50 137  4.3  5.3  1.66 12.12  7.18 338 1015.0  25.4  26.9  21.2 99.0 99.00
2016 01 09 14 50 126  3.7  4.8  1.64 12.12  7.02 360 1015.0  25.5  27.0  21.2 99.0 99.00
2016 01 09 15 50 108  2.3  3.3  1.78 11.43  7.36   1 1014.4  25.6  27.2  21.1 99.0 99.00
2016 01 09 16 50 107  2.5  3.7  1.74 11.43  7.15 354 1013.6  25.8  27.4  20.6 99.0 99.00
2016 01 09 17 50 124  3.1  4.4  1.72 11.43  7.37 353 1013.0  25.8  27.5  20.6 99.0 99.00
2016 01 09 18 50 127  2.0  2.8  1.68 11.43  7.17 346 1012.6  25.7  27.5  20.3 99.0 99.00
2016 01 09 19 50 116  2.7  3.6  1.51  8.33  6.64  91 1012.5  25.5  27.4  21.3 99.0 99.00
2016 01 09 20 50 121  3.1  4.2  1.66 11.43  6.90 359 1012.7  25.4  27.3  21.3 99.0 99.00
2016 01 09 21 50 103  3.1  4.1  1.62 11.43  6.82   9 1013.2  25.4  27.1  20.8 99.0 99.00
2016 01 09 22 50 102  3.8  4.7  1.57 10.81  6.83   4 1013.7  25.4  27.0  20.7 99.0 99.00
2016 01 09 23 50 105  3.6  4.6  1.65 11.43  7.31 358 1014.3  25.4  26.9  21.1 99.0 99.00
2016 01 10 00 50 109  3.3  4.2  1.54 10.81  6.87 357 1014.7  25.5  26.9  21.1 99.0 99.00
2016 01 10 01 50 122  2.8  3.7  1.56 11.43  7.36   6 1014.9  25.6  26.9  20.8 99.0 99.00
2016 01 10 02 50 134  2.7  3.7  1.43 10.81  6.90 357 1014.9  25.7  26.9  20.4 99.0 99.00
2016 01 10 03 50  87  2.8  4.2  1.43 10.81  7.06  10 1014.8  25.3  26.9  21.0 99.0 99.00
2016 01 10 04 50  30  1.2  1.9  1.49 10.81  6.92   4 1014.1  25.4  26.8  21.1 99.0 99.00
2016 01 10 05 50 110  2.6  3.2  1.45 10.81  6.90   8 1013.4  25.6  26.8  20.9 99.0 99.00
2016 01 10 06 50 156  2.5  3.7  1.43 10.81  6.78   2 1012.6  25.4  26.8  21.0 99.0 99.00
2016 01 10 07 50 120  3.5  4.6  1.41 10.81  6.77   2 1012.5  25.7  26.8  20.7 99.0 99.00
2016 01 10 08 50 109  3.7  4.5  1.46 10.00  6.77  26 1012.7  25.6  26.8  20.4 99.0 99.00
2016 01 10 09 50 114  4.2  5.1  1.49 10.00  6.96   7 1013.1  25.7  26.8  20.7 99.0 99.00
2016 01 10 10 50 116  4.0  5.0  1.28  8.33  6.49  97 1014.1  26.0  26.8  20.7 99.0 99.00
2016 01 10 11 50 105  3.7  4.6  1.42  8.33  6.61  84 1015.0  26.0  26.8  21.0 99.0 99.00
2016 01 10 12 50 105  3.5  4.5  1.42 10.00  6.97  24 1015.6  26.3  26.9  20.9 99.0 99.00
2016 01 10 13 50 108  3.0  4.0  1.46  8.33  7.00  80 1015.6  26.1  27.0  20.7 99.0 99.00
2016 01 10 14 50  99  2.9  4.1  1.40  8.33  7.12  76 1015.4  26.0  27.1  20.9 99.0 99.00
2016 01 10 15 50 101  3.2  4.1  1.49 21.05  7.19 323 1014.7  26.1  27.3  21.1 99.0 99.00
2016 01 10 16 50 115  2.3  3.1  1.48 21.05  7.43   1 1013.9  26.0  27.4  20.9 99.0 99.00
2016 01 10 17 50 125  2.5  3.7  1.45 21.05  7.21 356 1013.1  26.1  27.6  20.9 99.0 99.00
2016 01 10 18 50 125  2.2  3.5  1.40 21.05  7.21  24 1012.7  26.1  27.6  20.9 99.0 99.00
2016 01 10 19 50 119  1.4  2.2  1.49 21.05  7.72  55 1012.9  26.2  27.5  20.5 99.0 99.00
2016 01 10 20 50 111  1.3  2.1  1.52 21.05  7.78   5 1013.1  26.2  27.4  20.9 99.0 99.00
2016 01 10 21 50  76  1.6  2.2  1.44 19.05  7.58 352 1013.4  26.0  27.4  21.2 99.0 99.00
2016 01 10 22 50 127  1.1  1.7  1.52 19.05  7.90   1 1013.9  25.9  27.3  20.8 99.0 99.00
2016 01 10 23 50  74  2.5  3.3  1.80 19.05  9.35  19 1014.8  26.0  27.2  21.2 99.0 99.00
2016 01 11 00 50  95  1.6  2.4  1.65 19.05  8.81   9 1015.4  25.9  27.2  20.7 99.0 99.00
2016 01 11 01 50  79  1.5  2.2  1.59 19.05  8.54  17 1015.5  25.9  27.1  20.7 99.0 99.00
2016 01 11 02 50  57  2.3  2.9  1.49 19.05  8.63  51 1015.1  25.8  27.1  21.1 99.0 99.00
2016 01 11 03 50  44  2.1  3.2  1.60 19.05  8.85   9 1015.0  25.7  27.1  21.1 99.0 99.00
2016 01 11 04 50  44  2.7  3.5  1.67 19.05  8.85   1 1014.3  25.6  27.1  21.2 99.0 99.00
2016 01 11 05 50  50  2.3  3.0  1.78 19.05  9.07  31 1013.5  25.4  27.0  21.0 99.0 99.00
2016 01 11 06 50  16  2.5  3.3  1.89 19.05 10.07  29 1013.1  25.3  27.0  20.7 99.0 99.00
2016 01 11 07 50  28  2.3  3.6  1.78 17.39  9.42  40 1013.1  25.3  26.9  20.8 99.0 99.00
2016 01 11 08 50  22  2.6  3.8  1.74 19.05  9.89  13 1013.4  25.3  26.9  20.6 99.0 99.00
2016 01 11 09 50  22  2.6  3.6  1.84 17.39 10.01  19 1013.7  25.2  26.9  20.7 99.0 99.00
2016 01 11 10 50  22  2.8  3.8  1.81 19.05  9.74  46 1014.6  25.5  26.8  20.5 99.0 99.00
2016 01 11 11 50  20  3.1  4.0  1.73 17.39  9.79  33 1015.4  25.5  26.9  20.6 99.0 99.00
2016 01 11 12 50   8  2.6  3.4  1.90 19.05 10.49  21 1015.9  25.6  27.0  20.6 99.0 99.00
2016 01 11 13 50  13  2.3  3.1  1.76 17.39 10.18   9 1016.1  25.6  27.1  20.6 99.0 99.00
2016 01 11 14 50  14  3.2  4.4  1.78 19.05 10.18  52 1015.7  25.6  27.3  21.0 99.0 99.00
2016 01 11 15 50 359  2.6  3.6  1.67 17.39 10.09  17 1014.9  25.7  27.4  20.7 99.0 99.00
2016 01 11 16 50 358  1.9  2.9  1.64 17.39  9.64  26 1013.9  25.8  27.6  20.7 99.0 99.00
2016 01 11 17 50 353  2.3  3.4  1.58 17.39  9.55  19 1013.1  25.9  27.8  20.3 99.0 99.00
2016 01 11 18 50 351  3.1  3.8  1.79 17.39  9.96  43 1012.7  26.0  27.7  20.6 99.0 99.00
2016 01 11 19 50 339  3.7  5.4  1.96 17.39 10.63  22 1012.9  26.1  27.6  21.2 99.0 99.00
2016 01 11 20 50 348  4.2  5.4  1.69 17.39 10.45  33 1013.2  25.9  27.4  20.9 99.0 99.00
2016 01 11 21 50 338  3.8  4.9  1.65 17.39  9.62  15 1013.6  25.8  27.3  21.2 99.0 99.00
2016 01 11 22 50 341  2.8  3.9  1.97 16.00 10.43  15 1014.3  25.8  27.2  21.3 99.0 99.00
2016 01 11 23 50 351  3.3  4.8  1.68 17.39 10.13  13 1014.7  25.8  27.1  21.5 99.0 99.00
2016 01 12 00 50 342  4.6  5.8  1.69 16.00 10.13  18 1015.1  26.1  27.1  21.3 99.0 99.00
2016 01 12 01 50 344  3.8  4.8  1.67 16.00  9.65  15 1015.1  25.9  27.0  21.5 99.0 99.00
2016 01 12 02 50 349  4.1  5.2  1.78 16.00 10.02  22 1014.9  25.8  26.9  21.7 99.0 99.00
2016 01 12 03 50 330  3.0  4.2  1.96 16.00 10.08   9 1014.7  25.7  26.9  21.9 99.0 99.00
2016 01 12 04 50 333  2.9  3.8  2.13 16.00 10.92  12 1014.1  25.7  26.9  21.6 99.0 99.00
2016 01 12 05 50 327  3.1  4.1  1.85 16.00 10.57  39 1013.3  25.6  26.8  21.7 99.0 99.00
2016 01 12 06 50 349  3.4  4.6  1.97 16.00 10.55  23 1012.6  25.4  26.8  21.9 99.0 99.00
2016 01 12 07 50   1  4.0  5.4  1.96 16.00 11.04  15 1012.3  25.6  26.8  22.1 99.0 99.00
2016 01 12 08 50   6  4.8  5.7  2.09 14.81 10.64  30 1012.3  25.5  26.8  21.6 99.0 99.00
2016 01 12 09 50  17  3.9  4.8  2.57 16.00 11.57  26 1012.6  25.4  26.8  21.9 99.0 99.00
2016 01 12 10 50 356  6.1  7.3  2.42 14.81 10.74  16 1013.5  24.6  26.7  21.7 99.0 99.00
2016 01 12 11 50   6  2.0  3.2  2.48 16.00 11.54  14 1014.4  24.6  26.8  22.2 99.0 99.00
2016 01 12 12 50   1  5.6  6.8  2.32 16.00 11.02  22 1014.9  24.4  26.8  22.5 99.0 99.00
2016 01 12 13 50  18  4.3  6.8  2.92 14.81 11.59  12 1015.1  24.8  26.8  22.8 99.0 99.00
2016 01 12 14 50  29  5.6  7.3  2.82 14.81 11.12  18 1014.8  25.7  26.9  22.3 99.0 99.00
2016 01 12 15 50  25  6.7  8.3  3.24 14.81 11.07  22 1013.9  25.3  26.9  22.0 99.0 99.00
2016 01 12 16 50  35  7.5  8.8  3.11 14.81 10.04  25 1012.6  25.1  26.9  22.0 99.0 99.00
2016 01 12 17 50  29  7.9  9.3  3.01 16.00  9.83  21 1012.0  25.5  26.9  21.6 99.0 99.00
2016 01 12 18 50  26  7.3  9.1  3.57 14.81 10.19  22 1011.7  25.8  26.9  21.4 99.0 99.00
2016 01 12 19 50  28  7.5  8.8  3.33 16.00  9.74  20 1011.8  25.7  26.8  20.6 99.0 99.00
2016 01 12 20 50  18  7.0  8.9  3.20 14.81  9.19  30 1012.3  25.8  26.8  20.4 99.0 99.00
2016 01 12 21 50  23  8.1 10.7  3.10 14.81  9.06  25 1012.5  25.6  26.8  20.3 99.0 99.00
2016 01 12 22 50  21  8.5 10.4  3.74 16.00  9.43  20 1012.8  25.7  26.8  20.3 99.0 99.00
2016 01 12 23 50  24  7.6  9.9  3.33 16.00  9.05  29 1013.3  25.8  26.8  20.5 99.0 99.00
2016 01 13 00 50  31  7.6  9.4  3.56 14.81  9.59  26 1013.8  25.7  26.8  20.0 99.0 99.00
2016 01 13 01 50  24  6.9  8.3  3.62 14.81  9.95  31 1014.1  25.6  26.7  19.6 99.0 99.00
2016 01 13 02 50  18  7.3  8.7  3.45 16.00  9.90  24 1014.0  25.4  26.7  18.6 99.0 99.00
2016 01 13 03 50  37  6.8  8.6  3.46 16.00  9.92  31 1013.6  25.3  26.7  19.2 99.0 99.00
2016 01 13 04 50  38  6.4  8.5  3.67 14.81 10.30  30 1013.1  25.2  26.7  19.3 99.0 99.00
2016 01 13 05 50  32  7.5  9.4  3.64 16.00 10.17  24 1012.7  25.2  26.7  19.2 99.0 99.00
2016 01 13 06 50  18  6.8  8.2  3.76 16.00 10.08  22 1012.4  25.1  26.7  17.9 99.0 99.00
2016 01 13 07 50  37  7.1  8.4  3.73 16.00  9.79  27 1012.3  25.1  26.7  18.2 99.0 99.00
2016 01 13 08 50  35  5.3  6.8  3.63 16.00 10.19  31 1012.4  25.1  26.7  17.1 99.0 99.00
2016 01 13 09 50  56  5.5  7.0  3.88 16.00 10.39  26 1012.9  25.1  26.7  18.2 99.0 99.00
2016 01 13 10 50  66  5.1  6.5  3.98 16.00 10.80  35 1013.6  25.6  26.7  17.5 99.0 99.00
2016 01 13 11 50  57  5.8  7.2  3.45 16.00  9.98  29 1014.2  25.6  26.7  18.3 99.0 99.00
2016 01 13 12 50  66  4.8  6.0  3.38 14.81  9.93  30 1014.9  25.6  26.8  18.7 99.0 99.00
2016 01 13 13 50  64  5.0  6.9  3.48 14.81 10.51  32 1015.1  25.6  26.8  18.7 99.0 99.00
2016 01 13 14 50  48  4.4  5.7  3.21 16.00  9.73  30 1014.5  25.8  26.9  17.8 99.0 99.00
2016 01 13 15 50  50  5.0  6.7  3.88 16.00 10.76  32 1013.8  25.7  26.9  18.2 99.0 99.00
2016 01 13 16 50  31  5.4  7.1  3.58 16.00 10.60  34 1013.1  25.8  27.0  17.7 99.0 99.00
2016 01 13 17 50  22  4.9  6.6  3.52 14.81 10.19  35 1012.9  25.9  26.9  17.1 99.0 99.00
2016 01 13 18 50  20  4.8  6.2  3.63 14.81 10.26  35 1012.6  25.9  27.0  17.1 99.0 99.00
2016 01 13 19 50  31  5.6  7.2  4.00 14.81 10.63  34 1012.7  26.1  27.0  17.0 99.0 99.00
2016 01 13 20 50  28  5.9  7.9  3.45 12.90  9.63  28 1013.2  25.9  26.9  17.9 99.0 99.00
2016 01 13 21 50  22  5.9  7.3  3.49 14.81  9.81  28 1013.6  25.7  26.9  18.0 99.0 99.00
2016 01 13 22 50  22  5.9  7.7  3.29 14.81  9.43  25 1014.0  25.7  26.8  18.4 99.0 99.00
2016 01 13 23 50  24  6.5  8.2  3.38 14.81  9.92  27 1014.5  25.6  26.8  19.5 99.0 99.00
2016 01 14 00 50  32  6.4  8.0  3.66 12.90  9.76  32 1014.7  25.7  26.8  18.6 99.0 99.00
2016 01 14 01 50  33  6.7  8.5  3.56 14.81  9.66  33 1014.8  25.8  26.8  17.3 99.0 99.00
2016 01 14 02 50  31  6.4  8.2  3.67 13.79  9.85  28 1014.6  25.8  26.7  17.2 99.0 99.00
2016 01 14 03 50  33  5.6  7.0  3.27 14.81  9.56  34 1014.5  25.7  26.7  16.9 99.0 99.00
2016 01 14 04 50  45  6.0  7.9  3.38 13.79  9.68  30 1013.8  25.5  26.7  18.9 99.0 99.00
2016 01 14 05 50  39  7.4  9.4  3.50 14.81  9.90  33 1013.1  25.0  26.7  19.1 99.0 99.00
2016 01 14 06 50  39  7.1  8.5  3.33 14.81  9.40  31 1012.8  24.8  26.7  19.3 99.0 99.00
2016 01 14 07 50  45  5.8  7.6  2.86 13.79  8.69  41 1012.7  25.1  26.7  17.7 99.0 99.00
2016 01 14 08 50  41  5.7  7.5  3.03 14.81  8.88  33 1012.5  25.2  26.7  17.6 99.0 99.00
2016 01 14 09 50  40  6.5  8.1  3.28 13.79  9.36  33 1012.7  25.2  26.7  18.6 99.0 99.00
2016 01 14 10 50  50  6.5  7.9  3.22 13.79  9.14  33 1013.1  25.5  26.7  17.9 99.0 99.00
2016 01 14 11 50  47  7.3  9.0  3.08 13.79  8.85  35 1014.1  25.0  26.7  19.5 99.0 99.00
2016 01 14 12 50  55  5.7  7.2  2.83 12.12  8.32  30 1014.8  25.4  26.7  17.8 99.0 99.00
2016 01 14 13 50  46  6.1  8.0  3.10 13.79  8.90  41 1015.2  25.2  26.8  19.3 99.0 99.00
2016 01 14 14 50  28  7.5 10.4  3.38 13.79  9.47  37 1015.2  24.9  26.8  20.5 99.0 99.00
2016 01 14 15 50  64  5.6  7.1  2.70 12.90  8.16  38 1014.6  25.1  26.8  18.5 99.0 99.00
2016 01 14 16 50  34  5.1  6.4  3.00 14.81  8.80  27 1013.8  24.9  26.9  18.9 99.0 99.00
2016 01 14 17 50  38  5.2  6.5  2.83 12.12  8.55  41 1013.3  24.9  26.9  20.0 99.0 99.00
2016 01 14 18 50  88  7.4  8.7  2.77 12.90  8.68  37 1013.2  24.3  26.9  21.0 99.0 99.00
2016 01 14 19 50  33  5.4  6.7  2.87 13.79  8.59  41 1013.9  23.0  26.8  20.8 99.0 99.00
2016 01 14 20 50  20  7.4  9.5  2.72 13.79  8.54  45 1013.9  23.5  26.8  20.4 99.0 99.00
2016 01 14 21 50 121  3.9  5.5  2.92 12.90  8.63  34 1014.1  23.2  26.7  21.0 99.0 99.00
2016 01 14 22 50  60  3.2  5.7  2.76 12.12  8.52  31 1014.3  24.8  26.7  19.6 99.0 99.00
2016 01 14 23 50  47  5.2  6.6  2.69 13.79  8.82  37 1014.5  25.3  26.7  19.3 99.0 99.00
2016 01 15 00 50  40  5.4  6.8  2.63 12.90  8.70  35 1014.9  25.4  26.7  19.2 99.0 99.00
2016 01 15 01 50  42  5.4  6.6  2.43 12.90  8.35  41 1015.1  25.4  26.7  19.0 99.0 99.00
2016 01 15 02 50  37  5.5  6.8  2.78 12.90  8.67  43 1015.0  25.2  26.7  19.4 99.0 99.00
2016 01 15 03 50  52  7.3  9.8  2.74 12.90  8.94  45 1014.6  24.9  26.7  20.3 99.0 99.00
2016 01 15 04 50  32  3.1  5.8  2.64 12.12  8.73  43 1014.3  24.6  26.6  19.6 99.0 99.00
2016 01 15 05 50  30  8.2  9.7  2.47 12.12  8.03  34 1013.5  23.7  26.6  20.3 99.0 99.00
2016 01 15 06 50  24  7.2  8.6  2.46 12.90  7.84  42 1013.2  23.6  26.6  20.6 99.0 99.00
2016 01 15 07 50  15  6.9  8.5  2.22 12.12  7.98  42 1013.2  23.5  26.6  20.2 99.0 99.00
2016 01 15 08 50  14  5.9  7.5  2.22 12.90  8.03  24 1013.4  23.5  26.6  20.4 99.0 99.00
2016 01 15 09 50  30  6.9  8.4  2.10 13.79  8.11  42 1013.7  24.5  26.6  19.8 99.0 99.00
2016 01 15 10 50  19  7.4  9.6  2.35 12.12  7.80  40 1014.3  24.0  26.6  21.4 99.0 99.00
2016 01 15 11 50  42  6.5  7.9  2.13 12.12  7.25  33 1015.0  24.7  26.6  20.1 99.0 99.00
2016 01 15 12 50  67  5.7  7.1  1.99 12.12  6.73  34 1015.5  25.0  26.6  19.9 99.0 99.00
2016 01 15 13 50  55  5.7  7.1  2.15 12.90  7.48  37 1015.4  24.7  26.6  20.7 99.0 99.00
2016 01 15 14 50  53  5.9  6.9  2.11 12.12  7.32  32 1015.0  24.4  26.7  20.6 99.0 99.00
2016 01 15 15 50  42  4.6  5.7  2.25 12.12  7.78  33 1014.5  24.6  26.7  20.5 99.0 99.00
2016 01 15 16 50  71  3.4  4.4  1.93 11.43  7.61  31 1013.3  25.0  26.8  20.5 99.0 99.00
2016 01 15 17 50  52  4.2  5.3  2.20 10.00  8.13  40 1012.7  24.8  26.8  20.7 99.0 99.00
2016 01 15 18 50  54  6.2  7.7  1.96 10.81  7.43  36 1012.5  24.4  26.8  21.1 99.0 99.00
2016 01 15 19 50  41  3.8  6.1  2.21 12.12  8.06  41 1012.7  24.8  26.8  20.8 99.0 99.00
2016 01 15 20 50  33  6.0  7.6  2.10 11.43  7.77  44 1013.0  24.4  26.7  21.6 99.0 99.00
2016 01 15 21 50  30  6.2  7.4  2.07 12.90  7.58  45 1013.3  24.4  26.7  22.0 99.0 99.00
2016 01 15 22 50  44  8.5 10.5  1.80 11.43  6.36  41 1013.6  23.3  26.6  21.8 99.0 99.00
2016 01 15 23 50  32  6.8  8.0  1.96 10.00  6.73  47 1014.0  24.3  26.6  21.6 99.0 99.00
2016 01 16 00 50  49  8.2  9.9  2.18 12.12  6.61  43 1014.2  25.0  26.6  21.3 99.0 99.00
2016 01 16 01 50  35  8.6 11.0  1.86 11.43  5.88  49 1014.2  23.7  26.5  21.4 99.0 99.00
2016 01 16 02 50  52  8.9 10.5  2.03 12.12  6.14  47 1014.2  23.6  26.5  21.5 99.0 99.00
2016 01 16 03 50  50  8.1 10.6  2.02 11.43  6.27  47 1013.8  23.9  26.5  21.5 99.0 99.00
2016 01 16 04 50  57  9.7 11.3  2.12 12.12  6.56  41 1013.0  24.7  26.5  21.7 99.0 99.00
2016 01 16 05 50  43  6.8  8.2  2.10 10.81  6.23  47 1012.2  24.5  26.5  21.7 99.0 99.00
2016 01 16 06 50  57  8.6 10.1  2.24 11.43  6.70  40 1011.7  24.6  26.5  22.0 99.0 99.00
2016 01 16 07 50  71  7.9  9.3  2.43 12.12  6.86  40 1011.8  25.1  26.5  21.6 99.0 99.00
2016 01 16 08 50  71  8.9 11.2  2.24 11.43  6.43  49 1011.9  24.7  26.5  21.8 99.0 99.00
2016 01 16 09 50  57  7.3 10.9  2.15 11.43  6.36  53 1012.2  24.2  26.5  21.4 99.0 99.00
2016 01 16 10 50 105  7.7 11.7  2.12 10.00  6.13  41 1013.1  24.0  26.5  22.1 99.0 99.00
2016 01 16 11 50 103  8.4 10.6  2.27 10.81  6.27  45 1013.9  24.4  26.5  21.4 99.0 99.00
2016 01 16 12 50  91  9.4 11.3  2.17  9.09  6.54  41 1014.4  24.6  26.5  22.0 99.0 99.00
2016 01 16 13 50  70  8.6 10.5  2.16 11.43  6.27  45 1014.9  25.7  26.5  21.6 99.0 99.00
2016 01 16 14 50  84  7.9  9.3  2.28 11.43  6.49  37 1014.7  25.4  26.6  21.2 99.0 99.00
2016 01 16 15 50  80  8.5 10.2  2.30 13.79  6.18   8 1014.1  25.1  26.6  21.4 99.0 99.00
2016 01 16 16 50 107  8.3  9.6  2.15 13.79  6.67  11 1013.4  25.6  26.6  21.5 99.0 99.00
2016 01 16 17 50 106  8.6 10.4  2.11 12.12  6.47  33 1012.9  24.7  26.6  22.2 99.0 99.00
2016 01 16 18 50 106  7.1  8.2  2.18 11.43  6.32  38 1012.7  24.6  26.6  21.5 99.0 99.00
2016 01 16 19 50 111  8.3  9.9  2.20 12.90  6.97  20 1012.9  24.4  26.6  21.9 99.0 99.00
2016 01 16 20 50 116  8.3 10.6  2.13 12.12  6.70  32 1013.5  24.1  26.6  21.7 99.0 99.00
2016 01 16 21 50 101  6.9  8.3  2.23 12.90  6.73  20 1013.7  24.7  26.6  21.0 99.0 99.00
2016 01 16 22 50  64  7.3  8.5  2.26 12.90  7.11  27 1014.1  25.2  26.6  21.3 99.0 99.00
2016 01 16 23 50  51  5.7  6.8  2.22 12.90  7.28  21 1014.7  25.1  26.5  21.2 99.0 99.00
2016 01 17 00 50  61  5.3  8.1  2.31 12.90  8.11  19 1015.0  25.3  26.5  21.5 99.0 99.00
2016 01 17 01 50  78  6.9  8.3  2.05 12.90  7.01  40 1014.8  25.9  26.6  21.1 99.0 99.00
2016 01 17 02 50  79  6.6  7.7  2.04 12.12  6.88  27 1014.5  25.8  26.6  21.3 99.0 99.00
2016 01 17 03 50  80  7.3  8.2  2.22 12.12  7.15  32 1014.4  25.7  26.6  20.7 99.0 99.00
2016 01 17 04 50  75  6.9  8.4  2.04 12.12  6.84  40 1013.9  25.6  26.6  20.6 99.0 99.00
2016 01 17 05 50  78  6.6  7.6  2.17 12.12  7.27  11 1013.2  25.5  26.6  20.7 99.0 99.00
2016 01 17 06 50  73  6.7  8.2  1.96 12.90  6.90  29 1012.7  25.5  26.6  20.9 99.0 99.00
2016 01 17 07 50  75  6.8  7.9  2.10 12.12  7.34  22 1012.6  25.4  26.6  20.7 99.0 99.00
2016 01 17 08 50  77  6.4  7.9  2.14 12.12  7.36  23 1013.0  25.4  26.6  20.9 99.0 99.00
2016 01 17 09 50  86  6.1  7.2  2.01 11.43  7.29  18 1013.4  25.4  26.6  21.2 99.0 99.00
2016 01 17 10 50  82  6.2  7.6  1.89 10.81  6.75  32 1014.1  25.7  26.6  20.7 99.0 99.00
2016 01 17 11 50  77  5.5  7.5  1.80 14.81  6.68   9 1014.9  25.7  26.6  20.7 99.0 99.00
2016 01 17 12 50  86  6.3  7.8  1.74 12.12  6.63   9 1015.5  25.9  26.6  20.9 99.0 99.00
2016 01 17 13 50  87  7.0  8.5  1.98 12.12  7.10  14 1015.7  25.8  26.6  20.8 99.0 99.00
2016 01 17 14 50  94  8.3  9.6  2.02 11.43  7.10  21 1015.4  25.4  26.7  21.6 99.0 99.00
2016 01 17 15 50 102 10.2 12.3  1.93 11.43  6.63  28 1014.9  25.2  26.7  21.5 99.0 99.00
2016 01 17 16 50  94  6.5  7.6  1.95 11.43  6.43   8 1014.3  25.3  26.7  21.3 99.0 99.00
2016 01 17 17 50  68 10.5 12.6  1.99 11.43  6.29  20 1013.6  24.7  26.7  21.8 99.0 99.00
2016 01 17 18 50  93  6.5  7.6  1.97 10.81  5.74  25 1013.6  25.7  26.7  19.8 99.0 99.00
2016 01 17 19 50  84  5.5  6.6  2.07 11.43  6.37  23 1013.6  25.5  26.7  20.8 99.0 99.00
2016 01 17 20 50  82  8.1  9.8  1.99 12.90  6.64  22 1014.1  26.1  26.7  20.6 99.0 99.00
2016 01 17 21 50  88  6.8  8.2  1.89 10.00  6.40  19 1014.6  26.0  26.7  20.7 99.0 99.00
2016 01 17 23 50  81  7.0  8.7  1.96 12.12  6.38  19 1015.4  26.1  26.6  20.9 99.0 99.00
2016 01 18 00 50  75  7.2  8.8  1.85 11.43  6.19  15 1015.6  25.8  26.6  20.9 99.0 99.00
2016 01 18 01 50  78  7.6  9.2  1.68 11.43  6.01  13 1015.4  25.9  26.6  20.9 99.0 99.00
2016 01 18 02 50  75  8.4 10.1  1.76 11.43  5.62  25 1014.7  25.8  26.6  20.5 99.0 99.00
2016 01 18 03 50  76  8.2  9.3  1.93 10.81  6.04   7 1014.5  25.7  26.6  20.4 99.0 99.00
2016 01 18 04 50  73  8.4  9.6  1.95 12.90  5.92  48 1014.2  25.7  26.6  20.6 99.0 99.00
2016 01 18 05 50  74  7.9  9.2  1.82 11.43  5.88  19 1013.7  25.7  26.6  20.9 99.0 99.00
2016 01 18 06 50  76  8.0  9.1  1.78 11.43  5.62  16 1013.0  25.6  26.7  20.6 99.0 99.00
2016 01 18 07 50  75  8.2  9.6  1.89 10.00  5.60  25 1012.8  25.6  26.6  20.2 99.0 99.00
2016 01 18 08 50  71  8.9 10.5  1.83 12.12  5.69  23 1012.7  25.6  26.6  20.4 99.0 99.00
2016 01 18 09 50  70  7.9  9.4  1.85 11.43  5.70  47 1012.9  25.6  26.6  20.8 99.0 99.00
2016 01 18 10 50  80  9.5 11.2  1.82 11.43  5.60  34 1013.1  25.9  26.6  20.6 99.0 99.00
2016 01 18 11 50  84  9.2 10.9  1.85 11.43  5.63  27 1014.0  26.0  26.6  20.6 99.0 99.00
2016 01 18 12 50  77  8.3  9.8  1.95 10.81  5.79  16 1014.9  26.0  26.6  21.0 99.0 99.00
2016 01 18 13 50  85  8.2  9.8  1.81 11.43  5.64  28 1015.2  26.2  26.6  20.5 99.0 99.00
2016 01 18 14 50  73  7.5  8.9  1.91 10.81  5.64  34 1015.0  25.8  26.6  21.6 99.0 99.00
2016 01 18 15 50  78  9.1 11.1  1.90 12.12  5.48  27 1014.3  26.2  26.7  21.3 99.0 99.00
2016 01 18 16 50  77  9.2 11.5  2.03 10.81  5.75  32 1013.7  26.2  26.7  21.0 99.0 99.00
2016 01 18 17 50  76  8.7 10.4  2.10 11.43  5.74  34 1013.2  26.1  26.7  21.1 99.0 99.00
2016 01 18 18 50  77  8.1  9.6  1.91  6.25  5.59  66 1012.9  26.1  26.7  21.4 99.0 99.00
2016 01 18 19 50  74  8.3  9.5  2.01  6.67  5.74  63 1013.1  26.2  26.7  21.4 99.0 99.00
2016 01 18 20 50  72  8.4 10.1  2.08  6.67  5.76  69 1013.6  26.1  26.6  21.5 99.0 99.00
2016 01 18 21 50  68  7.8  9.2  1.97  6.25  5.77  80 1014.2  26.1  26.6  21.5 99.0 99.00
2016 01 18 22 50  70  8.6 10.6  1.89  6.67  5.69  68 1014.8  26.1  26.6  21.4 99.0 99.00
2016 01 18 23 50  66  8.0  9.8  1.80  7.14  5.73  60 1015.4  26.0  26.6  21.3 99.0 99.00
2016 01 19 00 50  71  8.6 10.0  1.97  6.67  5.83  54 1015.8  26.1  26.6  21.4 99.0 99.00
2016 01 19 01 50  69  8.7 10.3  1.92 12.12  5.79  29 1015.7  26.0  26.6  21.7 99.0 99.00
2016 01 19 02 50  73  8.7 10.4  1.87 11.43  5.71  55 1015.4  25.9  26.6  21.3 99.0 99.00
2016 01 19 03 50  81  8.6 10.2  2.02  7.14  5.77  73 1015.1  26.0  26.6  21.0 99.0 99.00
2016 01 19 04 50  74  8.0  9.6  1.96  6.67  5.79  69 1014.7  25.9  26.6  21.3 99.0 99.00
2016 01 19 05 50  67  8.4  9.5  1.83  7.14  5.58  77 1013.9  25.8  26.6  21.4 99.0 99.00
2016 01 19 06 50  81  7.5  9.0  1.97  6.67  5.88  78 1013.4  25.9  26.6  21.0 99.0 99.00
2016 01 19 07 50  68  9.0 11.0  1.87  6.67  5.76  80 1013.1  25.8  26.6  21.2 99.0 99.00
2016 01 19 08 50  77  8.3 10.2  1.96  7.14  5.69  71 1013.5  25.8  26.5  21.0 99.0 99.00
2016 01 19 09 50  72  8.4 10.5  1.96  7.14  5.64  86 1014.0  25.8  26.5  20.9 99.0 99.00
2016 01 19 10 50  75  9.2 10.6  2.01  6.67  5.79  78 1014.4  26.0  26.5  20.5 99.0 99.00
2016 01 19 11 50  89 10.3 12.7  1.91  7.14  5.76  82 1015.3  25.4  26.5  20.9 99.0 99.00
2016 01 19 12 50  84  6.5  7.6  2.01  6.67  5.83  91 1016.1  26.0  26.6  21.1 99.0 99.00
2016 01 19 13 50  76  9.1 10.7  1.98  7.14  5.79  74 1016.0  26.3  26.6  20.8 99.0 99.00
2016 01 19 14 50  73  7.8  9.5  1.90  6.67  5.56  66 1015.9  26.1  26.6  21.8 99.0 99.00
2016 01 19 15 50  87  9.3 10.6  2.09  6.67  5.65  73 1014.9  26.2  26.6  21.1 99.0 99.00
2016 01 19 16 50  82  8.3  9.7  1.96  6.67  5.54  76 1014.0  26.2  26.7  21.5 99.0 99.00
2016 01 19 17 50  78  8.0  9.3  2.03  6.67  5.58  93 1013.1  26.2  26.6  21.3 99.0 99.00
2016 01 19 18 50  77  7.5  8.9  1.93  7.14  5.55  83 1013.0  26.3  26.6  21.2 99.0 99.00
2016 01 19 19 50  71  7.2  8.7  1.98  7.14  5.89  82 1013.5  26.3  26.6  21.4 99.0 99.00
2016 01 19 20 50  72  7.7  9.0  2.15  7.14  6.07  84 1013.9  26.3  26.6  21.1 99.0 99.00
2016 01 19 21 50  70  7.4  8.8  1.91  7.14  5.92  80 1014.4  26.1  26.6  21.2 99.0 99.00
2016 01 19 22 50  71  7.3  8.6  1.97  7.14  5.95  81 1014.9  26.1  26.6  21.2 99.0 99.00
2016 01 19 23 50  68  7.6  9.3  2.07  7.14  6.00  84 1015.4  26.0  26.6  21.3 99.0 99.00
2016 01 20 00 50  74  7.6  8.9  2.06  7.69  6.17  74 1015.8  26.1  26.6  21.2 99.0 99.00
2016 01 20 01 50  70  7.9  9.3  2.08  7.69  5.93  88 1015.9  26.0  26.6  21.0 99.0 99.00
2016 01 20 02 50  61  8.1  9.9  2.00  7.69  6.06  85 1015.5  25.9  26.6  21.0 99.0 99.00
2016 01 20 03 50  59  8.0  9.3  2.01  7.14  5.95  86 1015.1  25.8  26.6  21.0 99.0 99.00
2016 01 20 04 50  66  8.6 10.0  2.05  7.69  6.14  78 1014.5  25.8  26.6  20.7 99.0 99.00
2016 01 20 05 50  69  8.2  9.5  2.02  7.69  5.94  81 1013.9  25.7  26.5  20.7 99.0 99.00
2016 01 20 06 50  67  8.1  9.6  1.88  7.14  5.80  83 1013.5  25.7  26.5  20.3 99.0 99.00
2016 01 20 07 50  64  7.1  8.9  1.91  7.14  5.83  78 1013.7  25.6  26.5  20.7 99.0 99.00
2016 01 20 08 50  67  7.7  9.0  1.93  7.69  5.88  79 1013.7  25.6  26.5  20.8 99.0 99.00
2016 01 20 09 50  65  7.5  8.6  1.84  7.69  5.92  68 1014.1  25.7  26.5  21.2 99.0 99.00
2016 01 20 10 50  76  8.1  9.8  1.90  7.69  5.79  82 1014.7  25.8  26.5  21.0 99.0 99.00
2016 01 20 11 50  79  9.6 11.2  1.82  7.69  5.68  86 1015.8  26.0  26.5  21.0 99.0 99.00
2016 01 20 12 50  78  8.0  9.4  1.95  7.14  5.51  84 1016.4  26.1  26.5  21.2 99.0 99.00
2016 01 20 13 50  77  8.2  9.5  1.85  7.69  5.59  72 1016.6  26.1  26.6  21.0 99.0 99.00
2016 01 20 14 50  71  6.6  8.7  1.87  7.69  5.78  87 1016.4  26.0  26.6  21.5 99.0 99.00
2016 01 20 15 50  82  8.4 10.4  1.81  7.69  5.65  85 1015.3  26.1  26.6  21.1 99.0 99.00
2016 01 20 16 50  82  8.2  9.8  1.74  7.69  5.39  91 1014.5  26.2  26.6  20.9 99.0 99.00
2016 01 20 17 50  88  7.8  9.0  1.77  7.14  5.59  91 1014.0  26.2  26.6  20.9 99.0 99.00
2016 01 20 18 50  88  7.2  8.6  1.75  7.14  5.60 100 1013.9  26.1  26.6  21.2 99.0 99.00
2016 01 20 19 50  85  7.0  8.2  1.85  7.69  5.83  91 1014.2  26.2  26.6  21.0 99.0 99.00
2016 01 20 20 50  83  6.7  8.0  1.71  7.14  5.61  98 1014.8  26.2  26.6  21.0 99.0 99.00
2016 01 20 21 50  82  6.7  8.1  1.68  7.69  5.71  89 1015.4  26.0  26.6  21.1 99.0 99.00
2016 01 20 22 50  78  6.8  8.1  1.58  7.14  5.35 108 1016.1  26.2  26.5  21.1 99.0 99.00
2016 01 20 23 50  65  6.8  9.0  1.65  7.69  5.79  95 1016.4  26.1  26.5  21.0 99.0 99.00
2016 01 21 00 50  68  7.8  9.0  1.59  7.69  5.49 118 1016.5  26.0  26.5  21.4 99.0 99.00
2016 01 21 01 50  73  6.9  8.6  1.67  7.14  5.28  83 1016.4  26.0  26.5  21.4 99.0 99.00
2016 01 21 02 50  65  8.2  9.3  1.64  8.33  5.60  95 1015.9  25.8  26.5  21.7 99.0 99.00
2016 01 21 03 50  71  8.5 10.4  1.69  7.14  5.39  95 1015.6  25.8  26.5  21.2 99.0 99.00
2016 01 21 04 50  71  8.0  9.9  1.72  7.69  5.55  91 1015.1  25.8  26.5  21.3 99.0 99.00
2016 01 21 05 50  75  7.9  9.8  1.68  7.14  5.31  88 1014.6  25.8  26.5  21.0 99.0 99.00
2016 01 21 06 50  78  6.6  8.1  1.71  7.69  5.54  85 1014.3  25.7  26.5  20.5 99.0 99.00
2016 01 21 07 50  81  7.8  9.2  1.66  7.69  5.47  94 1014.2  25.7  26.5  20.6 99.0 99.00
2016 01 21 08 50  93  7.3  8.6  1.64  7.14  5.25  96 1014.1  25.7  26.5  19.8 99.0 99.00
2016 01 21 09 50  83  7.1  8.6  1.73  7.69  5.92 108 1014.9  25.7  26.5  20.7 99.0 99.00
2016 01 21 10 50  93  6.4  7.4  1.71  8.33  5.83  96 1015.5  25.8  26.5  20.6 99.0 99.00
2016 01 21 11 50  88  6.1  7.4  1.81  7.69  5.76  98 1016.6  26.1  26.5  20.4 99.0 99.00
2016 01 21 12 50  81  6.5  8.0  1.76  8.33  5.82  89 1017.2  26.1  26.5  20.7 99.0 99.00
2016 01 21 13 50  86  6.5  7.8  1.75  7.14  5.75  88 1017.4  26.2  26.5  20.6 99.0 99.00
2016 01 21 14 50  84  6.3  7.7  1.63  7.69  5.82 111 1017.0  26.1  26.6  21.0 99.0 99.00
2016 01 21 15 50  80  6.7  8.3  1.86  7.69  6.10  97 1016.5  26.2  26.6  20.5 99.0 99.00
2016 01 21 16 50  75  6.7  7.9  1.81 12.12  5.89 344 1015.6  26.1  26.7  20.6 99.0 99.00
2016 01 21 17 50  77  7.0  8.1  1.59 12.12  5.84 345 1014.4  26.1  26.7  20.8 99.0 99.00
2016 01 21 18 50  86  6.6  8.3  1.68 12.12  5.88 331 1014.0  26.1  26.7  20.6 99.0 99.00
2016 01 21 19 50  77  6.4  7.5  1.68 12.12  5.88 351 1014.4  26.2  26.7  20.9 99.0 99.00
2016 01 21 20 50  70  6.3  7.4  1.62 11.43  5.83 346 1015.1  26.1  26.6  20.8 99.0 99.00
2016 01 21 21 50  71  7.2  8.5  1.60  7.69  5.89  91 1015.6  26.0  26.6  20.8 99.0 99.00
2016 01 21 22 50  66  6.3  7.7  1.62 11.43  6.10 349 1016.3  26.0  26.6  20.5 99.0 99.00
2016 01 21 23 50  59  7.4  8.5  1.61 11.43  5.94 344 1016.8  26.0  26.6  20.6 99.0 99.00
2016 01 22 00 50  69  6.9  8.2  1.79 11.43  5.95 344 1017.0  25.9  26.6  20.9 99.0 99.00
2016 01 22 01 50  69  6.8  8.3  1.68 10.81  5.92 351 1017.0  25.9  26.6  20.4 99.0 99.00
2016 01 22 02 50  65  7.1  8.7  1.89 11.43  6.41 335 1016.7  25.8  26.6  20.3 99.0 99.00
2016 01 22 03 50  77  7.2  8.6  1.80 16.00  6.47  12 1016.1  25.7  26.6  20.4 99.0 99.00
2016 01 22 04 50  72  6.9  8.4  1.81 11.43  6.42 352 1015.6  25.6  26.6  20.8 99.0 99.00
2016 01 22 05 50  69  7.9  9.7  2.07 14.81  6.70  11 1014.7  25.6  26.6  20.5 99.0 99.00
2016 01 22 06 50  68  8.3  9.9  2.25 14.81  7.02 358 1014.4  25.6  26.6  19.9 99.0 99.00
2016 01 22 07 50  59  6.5  7.9  2.37 13.79  6.98 350 1014.6  25.5  26.6  20.0 99.0 99.00
2016 01 22 08 50  62  7.8  9.0  2.29 14.81  7.07 355 1015.0  25.6  26.6  20.0 99.0 99.00
2016 01 22 09 50  60  8.1  9.8  2.53 13.79  7.35 357 1015.5  25.7  26.6  19.7 99.0 99.00
2016 01 22 10 50  76  8.6  9.8  2.52 13.79  7.37   6 1016.0  25.9  26.6  19.7 99.0 99.00
2016 01 22 11 50  63  7.1  8.5  2.88 14.81  8.17 358 1016.9  25.8  26.6  20.1 99.0 99.00
2016 01 22 12 50  59  8.2 10.0  2.50 14.81  7.47   1 1017.3  26.0  26.6  20.4 99.0 99.00
2016 01 22 13 50  58  7.2  8.7  3.00 14.81  8.20 352 1017.8  25.0  26.6  20.3 99.0 99.00
2016 01 22 14 50  63  8.0  9.6  3.13 16.00  8.59   1 1017.4  25.9  26.6  19.5 99.0 99.00
2016 01 22 15 50  62  8.0  9.7  2.83 14.81  8.15   7 1016.6  26.0  26.6  20.2 99.0 99.00
2016 01 22 16 50  63  8.7 10.9  2.90 14.81  7.89   2 1015.9  25.9  26.7  20.5 99.0 99.00
2016 01 22 17 50  70  8.3  9.7  2.89 14.81  7.75   1 1015.2  25.4  26.6  21.0 99.0 99.00
2016 01 22 18 50  56  7.5  9.1  3.00 14.81  8.27 356 1014.9  25.7  26.6  20.6 99.0 99.00
2016 01 22 20 50  47  7.9  9.2  2.90 13.79  7.73 358 1015.4  25.8  26.6  20.8 99.0 99.00
2016 01 22 21 50  49  8.6 10.6  2.94 14.81  8.06 349 1015.9  25.8  26.6  20.6 99.0 99.00
2016 01 22 22 50  51  8.4 10.3  3.15 13.79  8.39 358 1016.6  25.8  26.5  20.5 99.0 99.00
2016 01 22 23 50  60  8.5 10.3  3.03 13.79  7.83 356 1017.2  25.8  26.5  20.3 99.0 99.00
2016 01 23 00 50  59  8.0  9.4  2.86 13.79  7.80 354 1017.5  25.8  26.5  20.4 99.0 99.00
2016 01 23 01 50  60  9.2 11.6  2.86 13.79  7.71 357 1017.3  25.3  26.5  21.0 99.0 99.00
2016 01 23 02 50  56  9.5 11.7  2.56 13.79  6.89 360 1017.0  25.7  26.5  20.9 99.0 99.00
2016 01 23 03 50  59  9.7 11.6  3.03 14.81  7.71 359 1016.9  25.6  26.5  20.8 99.0 99.00
2016 01 23 04 50  60  9.5 11.7  2.85 13.79  7.28 351 1016.1  25.6  26.5  20.6 99.0 99.00
2016 01 23 05 50  73  9.2 10.6  2.91 13.79  7.16   1 1015.3  25.7  26.5  20.0 99.0 99.00
2016 01 23 06 50  79  8.7 11.0  2.80 13.79  7.13 357 1014.9  25.5  26.5  20.0 99.0 99.00
2016 01 23 07 50  75  9.3 10.9  2.81 12.90  7.36 353 1014.8  25.5  26.4  19.9 99.0 99.00
2016 01 23 08 50  75  8.5 10.4  2.85 12.90  7.18 351 1015.1  25.6  26.5  19.5 99.0 99.00
2016 01 23 09 50  72  8.5 10.1  2.83 13.79  7.25 356 1015.9  25.6  26.4  19.9 99.0 99.00
2016 01 23 10 50  77  7.6  9.1  2.63 13.79  6.92 351 1016.9  25.7  26.4  20.1 99.0 99.00
2016 01 23 11 50  80  8.5 10.0  2.65 12.90  7.01   4 1017.7  26.0  26.4  19.7 99.0 99.00
2016 01 23 12 50  74  8.2 10.0  2.50 13.79  6.92 358 1018.4  25.9  26.5  19.7 99.0 99.00
2016 01 23 13 50  79  7.9  9.2  2.46 13.79  6.76 360 1018.6  26.0  26.5  19.9 99.0 99.00
2016 01 23 15 50 120  8.3 10.3  2.60 12.90  7.12 353 1017.6  24.4  26.5  21.1 99.0 99.00
2016 01 23 16 50  89  5.0  6.7  2.52 12.90  7.10 359 1016.9  25.1  26.5  21.2 99.0 99.00
2016 01 23 17 50  75  6.1  7.2  2.34 12.90  6.52   2 1016.0  26.0  26.5  18.9 99.0 99.00
2016 01 23 18 50  81  6.6  7.8  2.45 13.79  7.42 350 1015.8  25.5  26.5  19.9 99.0 99.00
2016 01 23 19 50  90  8.0  9.4  2.52 12.12  7.14   1 1015.6  26.0  26.5  20.8 99.0 99.00
2016 01 23 20 50  91  7.4  8.8  2.33 12.90  6.74 360 1016.1  26.1  26.5  20.5 99.0 99.00
2016 01 23 21 50  95  7.0  8.5  2.12 12.12  6.39   1 1016.5  26.0  26.5  20.6 99.0 99.00
2016 01 23 22 50  91  7.1  8.7  2.23 12.90  6.53 354 1016.9  25.9  26.5  20.8 99.0 99.00
2016 01 23 23 50  99  8.0  9.2  2.08 12.90  6.33 352 1017.3  25.9  26.4  20.6 99.0 99.00
2016 01 24 00 50  96  8.0  9.6  2.33 12.90  6.91   2 1017.9  26.0  26.4  21.0 99.0 99.00
2016 01 24 01 50  98  7.9  9.5  2.16 12.90  6.35   3 1018.0  25.9  26.4  20.7 99.0 99.00
2016 01 24 02 50  95  7.6  9.1  2.40 12.12  6.61 344 1018.0  25.9  26.4  20.4 99.0 99.00
2016 01 24 03 50  89  8.1  9.2  2.30 12.90  6.61 344 1017.4  25.8  26.4  20.7 99.0 99.00
2016 01 24 04 50  90  7.8  9.3  2.16 12.12  6.38 352 1016.9  25.7  26.4  20.6 99.0 99.00
2016 01 24 05 50  92  8.1  9.7  2.07 11.43  6.37 353 1016.4  25.7  26.4  20.5 99.0 99.00
2016 01 24 06 50  90  8.4  9.7  2.23 12.12  6.71 356 1015.8  25.7  26.4  20.5 99.0 99.00
2016 01 24 07 50  93  8.4  9.8  2.14 12.12  6.40 349 1015.6  25.6  26.4  20.7 99.0 99.00
2016 01 24 08 50  76  8.7 10.2  2.10 11.43  6.33 358 1015.6  25.7  26.4  21.4 99.0 99.00
2016 01 24 09 50  92  9.2 11.0  2.28 11.43  6.30 349 1015.9  25.8  26.4  21.1 99.0 99.00
2016 01 24 10 50  85  9.7 11.2  2.10 12.12  6.06 355 1016.3  25.8  26.4  20.6 99.0 99.00
2016 01 24 11 50  78  8.3  9.6  2.23 11.43  6.12 357 1017.2  26.1  26.4  20.5 99.0 99.00
2016 01 24 12 50  96  9.7 11.4  2.05 11.43  5.80 351 1017.8  25.8  26.5  20.8 99.0 99.00
2016 01 24 13 50 102  9.1 10.5  2.31  6.67  6.04  89 1017.8  26.3  26.5  20.6 99.0 99.00
2016 01 24 14 50  95 10.1 12.2  2.41  7.14  5.98  95 1017.5  26.2  26.5  20.7 99.0 99.00
2016 01 24 15 50  97  8.9 10.6  2.19 12.90  6.10   4 1016.9  26.2  26.5  20.8 99.0 99.00
2016 01 24 16 50 100  9.0 10.5  2.35  6.25  6.12  90 1016.0  26.2  26.5  20.6 99.0 99.00
2016 01 24 17 50  99  8.5 10.5  2.37 12.90  6.28   8 1015.3  26.2  26.5  20.5 99.0 99.00
2016 01 24 18 50  98  8.6  9.9  2.25  7.69  6.16  96 1014.8  26.1  26.5  20.9 99.0 99.00
2016 01 24 19 50  99  8.7 10.5  2.49  7.69  6.55 104 1014.9  26.2  26.5  20.8 99.0 99.00
2016 01 24 20 50  97  8.4 10.1  2.50  6.67  6.38 100 1015.5  26.2  26.5  21.1 99.0 99.00
2016 01 24 21 50  92  7.9  9.1  2.42  6.67  6.29  98 1016.0  26.1  26.4  21.2 99.0 99.00
2016 01 24 22 50  90  7.3  8.5  2.41  7.69  6.36 100 1016.5  26.2  26.4  21.4 99.0 99.00
2016 01 24 23 50  93  8.1  9.7  2.30 11.43  6.47   4 1017.0  26.2  26.4  21.4 99.0 99.00
2016 01 25 00 50  94  8.6 10.7  2.30 11.43  6.37 356 1017.4  26.1  26.4  21.5 99.0 99.00
2016 01 25 01 50  91  8.3  9.9  2.47  7.69  6.39  99 1017.6  26.1  26.4  21.2 99.0 99.00
2016 01 25 02 50  82  7.0  9.0  2.38 12.12  6.53   2 1017.6  25.8  26.4  21.6 99.0 99.00
2016 01 25 03 50  88  8.3 10.5  2.51  8.33  6.65 104 1017.4  25.9  26.4  21.6 99.0 99.00
2016 01 25 04 50  84  8.5 10.5  2.31 11.43  6.45 355 1017.1  25.9  26.4  21.9 99.0 99.00
2016 01 25 05 50  81  7.9  9.8  2.49  7.69  6.52  99 1016.9  25.8  26.4  21.4 99.0 99.00
2016 01 25 06 50  74  8.9 10.6  2.39  7.69  6.53 110 1016.3  25.6  26.4  21.4 99.0 99.00
2016 01 25 07 50  75  8.5 10.0  2.38 11.43  6.49 360 1016.4  25.8  26.4  21.4 99.0 99.00
2016 01 25 08 50  76  9.8 11.7  2.49  7.69  6.44  97 1016.7  25.8  26.4  21.1 99.0 99.00
2016 01 25 09 50  76  9.3 11.4  2.42  8.33  6.34  98 1017.1  25.9  26.4  21.1 99.0 99.00
2016 01 25 10 50  78  8.8 10.8  2.46  7.69  6.44  97 1017.9  25.9  26.4  20.7 99.0 99.00
2016 01 25 11 50  76  7.9  9.2  2.47  7.69  6.30  94 1018.7  26.2  26.4  21.2 99.0 99.00
2016 01 25 12 50  77  8.6 10.1  2.50  8.33  6.41  96 1019.7  26.0  26.4  21.1 99.0 99.00
2016 01 25 13 50  75  8.1  9.6  2.38  8.33  6.39  85 1020.1  26.1  26.4  21.8 99.0 99.00
2016 01 25 14 50  76  8.7 10.2  2.23  7.69  6.27  93 1020.0  26.3  26.4  21.1 99.0 99.00
2016 01 25 15 50  68  9.1 10.9  2.48 12.12  6.45   9 1019.5  26.2  26.5  21.8 99.0 99.00
2016 01 25 16 50  75  8.9 10.9  2.32  7.69  6.22  95 1018.6  26.2  26.5  21.4 99.0 99.00
2016 01 25 17 50  75  9.2 10.9  2.55  7.69  6.40 104 1017.8  26.2  26.5  21.3 99.0 99.00
2016 01 25 18 50  74  9.2 10.9  2.31 12.12  6.46  14 1017.3  26.2  26.5  21.4 99.0 99.00
2016 01 25 19 50  78  9.2 10.9  2.33 12.12  6.33   4 1017.2  26.2  26.5  21.0 99.0 99.00
2016 01 25 20 50  70  9.8 11.7  2.55  7.69  6.24  86 1017.5  26.1  26.5  21.0 99.0 99.00
2016 01 25 21 50  68  9.5 11.7  2.40  7.69  6.24  90 1017.9  26.0  26.5  21.2 99.0 99.00
2016 01 25 22 50  65  9.6 12.4  2.30  7.14  5.97  90 1018.5  26.0  26.4  21.2 99.0 99.00
2016 01 25 23 50  73  9.9 11.3  2.55 12.12  6.31   3 1019.0  26.0  26.4  20.9 99.0 99.00
2016 01 26 00 50  65  9.2 10.8  2.26  8.33  6.01  97 1019.8  26.1  26.4  21.1 99.0 99.00
2016 01 26 01 50  71  9.5 11.1  2.49  8.33  6.11  95 1019.8  26.0  26.4  21.3 99.0 99.00
2016 01 26 02 50  74  9.1 10.9  2.44  8.33  6.12  99 1019.5  26.0  26.4  21.2 99.0 99.00
2016 01 26 03 50  76  8.6 10.1  2.47  8.33  6.24  91 1019.3  25.9  26.4  20.5 99.0 99.00
2016 01 26 04 50  79 10.2 12.8  2.17  7.69  6.11  92 1018.5  25.9  26.4  21.2 99.0 99.00
2016 01 26 05 50  82  9.1 10.7  2.30  8.33  5.99  88 1017.8  25.8  26.4  20.5 99.0 99.00
2016 01 26 06 50  80 10.1 12.0  2.38  7.69  5.99  96 1017.3  25.7  26.3  20.5 99.0 99.00
2016 01 26 07 50  83  9.5 11.2  2.61  8.33  6.23  92 1017.2  25.7  26.3  20.2 99.0 99.00
2016 01 26 08 50  84 10.1 12.3  2.38  8.33  6.14  90 1017.2  25.8  26.3  20.1 99.0 99.00
2016 01 26 09 50  84 10.4 13.6  2.43  8.33  6.06  86 1017.5  25.8  26.3  20.5 99.0 99.00
2016 01 26 10 50  80  9.8 12.2  2.72  7.69  6.30  86 1018.2  25.8  26.3  20.1 99.0 99.00
2016 01 26 11 50  80  9.5 12.0  2.58  8.33  6.23  99 1019.4  26.0  26.2  20.5 99.0 99.00
2016 01 26 12 50  79  9.2 11.3  2.59  8.33  6.06  84 1020.2  26.0  26.3  20.4 99.0 99.00
2016 01 26 13 50  74  9.4 11.3  2.60  8.33  6.10  87 1020.2  26.1  26.3  20.8 99.0 99.00
2016 01 26 14 50  71 10.1 12.6  2.83  8.33  6.35  91 1019.8  26.1  26.3  20.9 99.0 99.00
2016 01 26 15 50  70 10.3 12.7  2.70  8.33  6.17  97 1019.1  26.0  26.3  20.9 99.0 99.00
2016 01 26 16 50  73 10.5 12.1  2.77  8.33  6.45  87 1018.5  26.2  26.3  20.1 99.0 99.00
2016 01 26 17 50  73 10.7 13.2  2.54  8.33  6.25  90 1017.5  26.0  26.3  20.6 99.0 99.00
2016 01 26 18 50  70  9.7 11.5  2.82  8.33  6.36 100 1017.2  26.1  26.3  20.9 99.0 99.00
2016 01 26 19 50  78 10.3 12.2  2.96  8.33  6.52  81 1017.2  26.1  26.3  20.4 99.0 99.00
2016 01 26 21 50  75 10.1 12.6  2.86  8.33  6.62  94 1017.5  26.0  26.3  20.3 99.0 99.00
2016 01 26 22 50  73  9.9 11.7  3.07  8.33  6.89  86 1018.3  26.0  26.3  19.9 99.0 99.00
2016 01 26 23 50  69 10.2 12.3  3.06  7.69  6.97  93 1018.8  26.0  26.2  20.1 99.0 99.00
2016 01 27 00 50  72  9.7 11.8  3.10  8.33  6.75  84 1019.3  26.0  26.2  20.1 99.0 99.00
2016 01 27 01 50  70  9.9 11.7  3.02  8.33  6.66  87 1019.3  25.9  26.2  20.1 99.0 99.00
2016 01 27 02 50  68  9.8 11.9  3.04  8.33  6.68  86 1019.3  25.9  26.2  19.8 99.0 99.00
2016 01 27 03 50  68  9.5 11.3  3.07  8.33  6.68  85 1018.8  25.8  26.2  19.7 99.0 99.00
2016 01 27 05 50  68  9.6 11.6  2.96  9.09  6.71  82 1017.3  25.7  26.1  20.1 99.0 99.00
2016 01 27 06 50  70  9.3 12.5  3.09  8.33  6.72  94 1017.0  25.4  26.1  19.9 99.0 99.00
2016 01 27 07 50  62  9.7 11.6  3.02  9.09  6.78  79 1016.5  25.6  26.1  20.2 99.0 99.00
2016 01 27 08 50  52  8.4 10.6  3.09  8.33  6.92  82 1017.0  25.3  26.1  21.0 99.0 99.00
2016 01 27 09 50  73 10.2 12.4  3.01  9.09  6.65  92 1017.1  25.9  26.1  19.3 99.0 99.00
2016 01 27 10 50  73  9.8 12.4  3.05  8.33  6.75  78 1017.6  25.5  26.1  20.2 99.0 99.00
2016 01 27 11 50  80  9.2 11.5  3.05  9.09  6.67  89 1018.4  25.9  26.1  19.5 99.0 99.00
2016 01 27 12 50  83 11.9 14.7  3.04  9.09  6.80  82 1018.9  24.2  26.1  20.4 99.0 99.00
2016 01 27 13 50  78  8.6 10.9  3.10  9.09  6.97  78 1019.2  26.3  26.1  18.8 99.0 99.00
2016 01 27 14 50  79 10.3 11.8  3.26  9.09  6.87  80 1018.6  26.2  26.1  19.1 99.0 99.00
2016 01 27 15 50  78  9.4 11.7  3.09  8.33  6.76  86 1017.8  26.0  26.1  19.5 99.0 99.00
2016 01 27 16 50  65  9.0 11.4  3.09  9.09  6.78  89 1017.1  26.0  26.1  19.9 99.0 99.00
2016 01 27 17 50  76  8.6 10.7  3.13  9.09  6.92  86 1016.3  26.0  26.1  19.4 99.0 99.00
2016 01 27 18 50  76  8.1  9.9  2.94  9.09  6.86  91 1015.7  26.0  26.2  19.9 99.0 99.00
2016 01 27 19 50  75  8.0  9.7  2.88  9.09  6.86  85 1015.6  25.9  26.2  20.1 99.0 99.00
2016 01 27 20 50  77  8.5 10.0  2.71  9.09  6.79  92 1015.8  25.9  26.1  20.1 99.0 99.00
2016 01 27 21 50  78  8.4 10.3  2.56  9.09  6.68  83 1016.0  25.9  26.1  19.9 99.0 99.00
2016 01 27 22 50  75  8.1 10.0  2.63  9.09  6.65  82 1016.5  25.9  26.1  20.1 99.0 99.00
2016 01 27 23 50  71  8.1  9.6  2.68  9.09  6.86  85 1017.2  25.8  26.1  20.0 99.0 99.00
2016 01 28 00 50  76  7.7  9.7  2.55  9.09  6.65  83 1017.7  25.8  26.1  20.6 99.0 99.00
2016 01 28 01 50  89  7.8  9.1  2.61  9.09  6.62  93 1017.8  25.8  26.1  20.0 99.0 99.00
2016 01 28 02 50  90  8.6 10.4  2.55  9.09  6.56  64 1017.8  25.8  26.1  19.3 99.0 99.00
2016 01 28 03 50  85  8.7 10.1  2.52  8.33  6.70  84 1017.8  25.8  26.1  18.9 99.0 99.00
2016 01 28 04 50  82  7.5  9.5  2.38  9.09  6.50  82 1017.6  25.6  26.1  19.3 99.0 99.00
2016 01 28 05 50  72  8.1  9.6  2.44  9.09  6.51  85 1017.0  25.7  26.1  18.7 99.0 99.00
2016 01 28 06 50 110  5.8  7.8  2.48  8.33  6.54  84 1016.6  24.9  26.1  19.6 99.0 99.00
2016 01 28 07 50  85  7.7  9.5  2.55  9.09  6.80  83 1016.5  25.3  26.0  19.8 99.0 99.00
2016 01 28 08 50  88  8.0  9.9  2.19  8.33  6.53  82 1016.6  25.4  26.0  19.1 99.0 99.00
2016 01 28 09 50  81  8.4  9.8  2.36  9.09  6.51  79 1016.8  25.5  26.0  19.3 99.0 99.00
2016 01 28 10 50  95  8.8 10.6  2.59  9.09  6.71  95 1017.1  25.8  26.0  18.5 99.0 99.00
2016 01 28 11 50  96  8.9 10.7  2.47  8.33  6.68  85 1017.7  25.9  26.1  18.6 99.0 99.00
2016 01 28 12 50  94  7.6  9.0  2.53  9.09  6.66  85 1018.4  25.6  26.1  20.3 99.0 99.00
2016 01 28 13 50  83  7.8  9.1  2.39  8.33  6.46 102 1018.4  25.6  26.1  19.8 99.0 99.00
2016 01 28 14 50  90  7.5  9.4  2.45  8.33  6.55  92 1018.0  25.7  26.2  19.3 99.0 99.00
2016 01 28 15 50  84  7.0  8.3  2.30  8.33  6.42  89 1017.4  25.6  26.2  19.5 99.0 99.00
2016 01 28 16 50  83  7.2  8.9  2.40  7.14  6.41  97 1016.4  25.7  26.2  19.4 99.0 99.00
2016 01 28 17 50  89  6.6  7.7  2.51  8.33  6.71  84 1015.6  25.6  26.3  18.9 99.0 99.00
2016 01 28 18 50  78  7.2  8.5  2.18  8.33  6.57  78 1014.9  25.7  26.3  19.1 99.0 99.00
2016 01 28 19 50  78  6.8  8.1  2.25  9.09  6.64  84 1014.9  25.6  26.2  19.8 99.0 99.00
2016 01 28 20 50  74  6.8  8.1  2.36  9.09  6.85  80 1015.3  25.6  26.2  20.1 99.0 99.00
2016 01 28 21 50  78  6.6  8.0  2.36  9.09  6.82  83 1015.7  25.6  26.2  20.5 99.0 99.00
2016 01 28 22 50  86  6.5  8.3  2.32  9.09  6.59  79 1016.1  25.6  26.2  20.4 99.0 99.00
2016 01 28 23 50  93  7.0  8.4  2.05  9.09  6.28  80 1016.4  25.6  26.2  19.6 99.0 99.00
2016 01 29 00 50  92  7.1  8.8  2.36  9.09  6.62  86 1016.9  25.6  26.2  19.6 99.0 99.00
2016 01 29 01 50  88  7.3  8.9  2.13  9.09  6.42  82 1017.1  25.6  26.1  20.2 99.0 99.00
2016 01 29 02 50  90  7.4  9.1  2.18  9.09  6.44  79 1017.3  25.6  26.1  20.4 99.0 99.00
2016 01 29 03 50  90  7.3  8.5  2.15  9.09  6.31  75 1017.2  25.6  26.1  19.5 99.0 99.00
2016 01 29 04 50  89  6.8  8.3  2.22  9.09  6.35  73 1016.6  25.6  26.1  19.1 99.0 99.00
2016 01 29 05 50  89  7.4  8.8  2.35  8.33  6.52  92 1015.7  25.3  26.1  19.6 99.0 99.00
2016 01 29 06 50  96  7.6  9.5  2.26  9.09  6.46  81 1015.1  25.4  26.1  19.8 99.0 99.00
2016 01 29 07 50  89  7.7  9.3  2.21  9.09  6.34  84 1015.0  25.3  26.1  19.7 99.0 99.00
2016 01 29 08 50  84  7.0  8.2  2.34  8.33  6.52  78 1015.1  25.3  26.1  20.0 99.0 99.00
2016 01 29 09 50 100  9.2 11.8  2.15  9.09  6.30  80 1015.3  25.3  26.1  20.2 99.0 99.00
2016 01 29 10 50  83  7.1  8.5  2.27  8.33  6.39  81 1015.9  25.0  26.1  20.2 99.0 99.00
2016 01 29 11 50  66  6.2  7.4  2.07  9.09  6.27  74 1016.6  24.4  26.1  20.7 99.0 99.00
2016 01 29 12 50  94  8.3  9.9  2.15  8.33  6.52  80 1016.9  25.9  26.1  19.6 99.0 99.00
2016 01 29 13 50  93  8.2 10.4  2.11  8.33  6.28  70 1017.0  25.8  26.2  19.7 99.0 99.00
2016 01 29 14 50  88  7.1  8.3  2.24  8.33  6.45  70 1016.7  25.8  26.2  20.0 99.0 99.00
2016 01 29 15 50  96  7.4  8.6  2.21  8.33  6.19  82 1016.3  25.8  26.2  19.7 99.0 99.00
2016 01 29 16 50  88  6.9  8.6  2.03  9.09  6.24  77 1015.7  25.8  26.3  19.7 99.0 99.00
2016 01 29 17 50  91  6.7  8.1  2.20  9.09  6.37  75 1014.7  25.9  26.3  20.0 99.0 99.00
2016 01 29 18 50  88  7.4  9.3  2.15  9.09  6.13  90 1014.1  25.8  26.3  20.4 99.0 99.00
2016 01 29 19 50  85  8.3  9.7  2.34  8.33  6.39  68 1013.9  25.8  26.3  20.4 99.0 99.00
2016 01 29 20 50  85  8.1  9.6  2.09  8.33  6.07  77 1014.1  25.7  26.3  20.3 99.0 99.00
2016 01 29 21 50  86  7.9  9.3  2.13  8.33  6.19  75 1014.3  25.7  26.3  20.9 99.0 99.00
2016 01 29 22 50  84  8.1  9.7  2.26  8.33  6.40  68 1014.9  25.7  26.3  20.2 99.0 99.00
2016 01 29 23 50  90  7.9  9.2  2.15  9.09  6.36  69 1015.7  25.7  26.2  20.1 99.0 99.00
2016 01 30 00 50  88  7.6  9.1  2.07  9.09  6.18  76 1016.3  25.7  26.2  20.4 99.0 99.00
2016 01 30 01 50  81  7.9  9.0  2.07  9.09  6.37  78 1016.6  25.7  26.2  20.0 99.0 99.00
2016 01 30 02 50  78  6.4  7.6  2.16  9.09  6.44  86 1016.9  25.6  26.2  20.5 99.0 99.00
2016 01 30 03 50  90  6.5  7.9  2.07  9.09  6.28  68 1016.9  25.6  26.2  19.9 99.0 99.00
2016 01 30 04 50  23  4.2  5.3  2.30  8.33  6.51  73 1016.5  24.0  26.2  20.0 99.0 99.00
2016 01 30 05 50  88  6.8  8.3  2.37  9.09  6.61  68 1015.5  25.5  26.2  20.3 99.0 99.00
2016 01 30 06 50  96  5.7  6.8  2.19  9.09  6.35  63 1015.1  25.4  26.2  20.3 99.0 99.00
2016 01 30 07 50  87  7.9  9.8  2.11  8.33  6.31  83 1014.7  25.4  26.3  19.9 99.0 99.00
2016 01 30 08 50  87  7.5  8.9  2.13  9.09  6.24  69 1015.1  25.4  26.3  20.4 99.0 99.00
2016 01 30 09 50  89  7.9  9.6  2.22  9.09  6.45  65 1015.5  25.5  26.3  20.4 99.0 99.00
2016 01 30 11 50  88  8.8 10.2  2.42  9.09  6.66  64 1016.6  25.7  26.3  20.2 99.0 99.00
2016 01 30 12 50  92  7.5  8.9  2.09  8.33  6.17  70 1017.4  25.9  26.3  20.5 99.0 99.00
2016 01 30 13 50  93  7.6  8.8  2.19  8.33  6.27  73 1017.3  26.0  26.4  20.5 99.0 99.00
2016 01 30 14 50  87  7.7  9.2  2.26  9.09  6.28  57 1017.0  25.9  26.4  20.4 99.0 99.00
2016 01 30 15 50  89  7.3  8.8  2.19  9.09  6.28  50 1016.4  25.9  26.4  20.4 99.0 99.00
2016 01 30 16 50  81  6.6  8.0  2.16  8.33  6.05  83 1015.6  25.9  26.5  20.7 99.0 99.00
2016 01 30 17 50  78  6.3  8.6  2.24  9.09  6.42  56 1014.9  25.9  26.5  21.1 99.0 99.00
2016 01 30 18 50  79  6.8  7.9  2.17  8.33  6.34  72 1014.5  26.0  26.5  20.6 99.0 99.00
2016 01 30 19 50  80  7.3  8.6  2.33  9.09  6.35  53 1014.4  26.0  26.5  21.0 99.0 99.00
2016 01 30 20 50  78  7.4  9.2  2.35  9.09  6.52  52 1015.1  25.9  26.5  20.9 99.0 99.00
2016 01 30 21 50  74  7.7  9.2  2.31  9.09  6.53  70 1015.7  25.8  26.4  21.2 99.0 99.00
2016 01 30 22 50  72  8.0  9.3  2.22  8.33  6.57  80 1016.2  25.8  26.4  20.8 99.0 99.00
2016 01 30 23 50  78  7.2  8.5  2.14  8.33  6.49  61 1016.8  25.9  26.4  20.7 99.0 99.00
2016 01 31 00 50  73  7.9  9.4  2.36  9.09  6.58  64 1017.1  25.9  26.4  20.9 99.0 99.00
2016 01 31 01 50  71  7.9 10.3  2.21  8.33  6.31  73 1017.1  25.8  26.3  20.9 99.0 99.00
2016 01 31 02 50  68  7.6  9.3  2.47  9.09  6.49  54 1016.8  25.6  26.3  21.1 99.0 99.00
2016 01 31 03 50  83  8.8 10.4  2.46  9.09  6.54  51 1016.6  25.7  26.3  20.8 99.0 99.00
2016 01 31 04 50  77  8.9 10.4  2.48  9.09  6.37  61 1015.9  25.6  26.3  20.5 99.0 99.00
2016 01 31 05 50  73  8.4 10.0  2.43  9.09  6.28  61 1015.3  25.4  26.3  20.4 99.0 99.00
2016 01 31 06 50  72  8.0  9.6  2.50  9.09  6.31  76 1015.0  25.4  26.3  20.2 99.0 99.00
2016 01 31 07 50  76  7.5  9.3  2.52  8.33  6.37  78 1014.9  25.4  26.3  20.0 99.0 99.00
2016 01 31 08 50  87  6.7  8.0  2.21  9.09  6.10  73 1015.4  25.4  26.3  20.1 99.0 99.00
2016 01 31 09 50  76  7.9  9.3  2.25  9.09  6.33  64 1015.6  25.4  26.3  20.3 99.0 99.00
2016 01 31 10 50  71  7.9  9.2  2.13  9.09  6.29  74 1015.9  25.4  26.3  20.2 99.0 99.00
2016 01 31 11 50  78  7.7  9.2  2.27  9.09  6.46  76 1016.5  25.7  26.3  20.6 99.0 99.00
2016 01 31 12 50  80  8.6  9.9  2.31  9.09  6.38  84 1017.2  25.3  26.3  20.3 99.0 99.00
2016 01 31 13 50  78  6.4  7.5  2.23  9.09  6.41  68 1017.7  25.5  26.3  20.8 99.0 99.00
2016 01 31 14 50  88  7.5  8.9  2.28  9.09  6.48  65 1017.2  25.9  26.3  20.6 99.0 99.00
2016 01 31 15 50  90  7.4  8.5  2.40  9.09  6.46  69 1016.5  25.9  26.4  20.4 99.0 99.00
2016 01 31 16 50  80  6.7  8.6  2.29  9.09  6.15  68 1015.8  25.8  26.4  20.9 99.0 99.00
2016 01 31 17 50  89  7.1  8.6  2.29 10.00  6.35  62 1014.8  25.8  26.4  20.6 99.0 99.00
2016 01 31 18 50  84  6.4  7.7  2.27  8.33  6.22  77 1014.5  25.8  26.4  21.0 99.0 99.00
2016 01 31 19 50  90  6.8  7.9  2.27  9.09  6.47  70 1014.8  26.0  26.4  20.8 99.0 99.00
2016 01 31 20 50  88  6.8  8.2  2.20  9.09  6.28  78 1015.1  25.9  26.4  20.9 99.0 99.00
2016 01 31 21 50  83  7.1  8.5  2.10  9.09  6.37  86 1015.5  25.8  26.4  20.8 99.0 99.00
2016 01 31 22 50  78  6.5  7.8  2.20  9.09  6.46  76 1016.0  25.8  26.4  20.8 99.0 99.00
