#YY  MM DD hh mm WDIR WSPD GST  WVHT   DPD   APD MWD   PRES  ATMP  WTMP  DEWP  VIS  TIDE
#yr  mo dy hr mn degT m/s  m/s     m   sec   sec deg    hPa  degC  degC  degC  nmi    ft
2015 12 31 23 50  75 11.9 16.4  3.67  9.09  7.12  91 1012.1  27.7  27.3  24.0 99.0 99.00
2016 01 01 00 50  71 13.4 16.7  3.26  9.09  6.74  93 1012.6  27.6  27.3  23.9 99.0 99.00
2016 01 01 01 50  73 11.7 14.2  3.35  8.33  6.74 110 1013.0  27.6  27.4  24.1 99.0 99.00
2016 01 01 02 50  79 12.5 15.2  3.61  9.09  7.01  92 1013.2  27.5  27.4  23.8 99.0 99.00
2016 01 01 03 50  82 11.5 16.0  3.41  8.33  6.80  95 1013.3  27.3  27.4  23.9 99.0 99.00
2016 01 01 04 50  77 12.6 15.8  3.60  9.09  7.08  98 1012.7  27.3  27.4  23.7 99.0 99.00
2016 01 01 05 50  80 11.9 14.4  3.61  9.09  6.97 103 1012.2  27.5  27.4  23.8 99.0 99.00
2016 01 01 06 50  78 11.9 14.8  3.82  9.09  7.32  98 1011.5  27.3  27.5  23.8 99.0 99.00
2016 01 01 07 50  78 12.0 15.9  3.70  9.09  7.11 108 1010.9  27.4  27.5  23.7 99.0 99.00
2016 01 01 08 50  79 12.2 15.7  3.69  9.09  7.09 100 1010.9  27.4  27.5  23.7 99.0 99.00
2016 01 01 09 50  80 12.5 15.4  3.65  9.09  7.09  89 1011.2  27.6  27.5  22.9 99.0 99.00
2016 01 01 10 50  77 12.2 15.3  3.23 10.00  6.80  99 1011.8  27.5  27.5  23.4 99.0 99.00
2016 01 01 11 50  80 13.0 16.4  3.74  8.33  7.08 102 1012.4  27.5  27.5  22.9 99.0 99.00
2016 01 01 12 50  81 13.2 16.0  3.74  9.09  7.22  90 1013.0  27.7  27.5  23.3 99.0 99.00
2016 01 01 13 50  86 11.3 14.1  3.55  9.09  7.04  99 1013.7  27.7  27.5  23.4 99.0 99.00
2016 01 01 14 50  84 12.4 15.2  3.55  9.09  6.95 100 1013.7  27.9  27.5  23.4 99.0 99.00
2016 01 01 15 50  87 12.0 14.6  3.62  8.33  6.80  98 1013.5  27.9  27.5  23.2 99.0 99.00
2016 01 01 16 50  88 12.0 14.8  3.52  9.09  6.82 111 1012.9  27.8  27.5  23.2 99.0 99.00
2016 01 01 17 50  81 10.6 13.2  3.57  9.09  7.03 104 1012.1  27.8  27.6  23.5 99.0 99.00
2016 01 01 18 50  84 10.5 12.6  3.66  9.09  7.10 109 1011.7  27.7  27.6  23.2 99.0 99.00
2016 01 01 19 50  80 10.1 12.7  3.59  9.09  6.95 103 1011.3  27.5  27.6  23.5 99.0 99.00
2016 01 01 20 50  79 11.4 13.6  3.38  9.09  6.88 107 1011.0  27.7  27.6  23.2 99.0 99.00
2016 01 01 21 50  75 10.8 13.0  3.26  9.09  6.96 102 1011.4  27.7  27.6  23.6 99.0 99.00
2016 01 01 22 50  79 11.1 14.3  3.20 10.00  6.81 101 1011.7  27.6  27.6  23.4 99.0 99.00
2016 01 01 23 50  79 10.9 13.2  3.10  9.09  6.71  96 1012.1  27.7  27.7  23.7 99.0 99.00
2016 01 02 00 50  81 11.8 14.7  2.98  9.09  6.79 105 1012.5  27.7  27.6  23.7 99.0 99.00
2016 01 02 01 50  82 11.7 14.1  3.29  9.09  6.69  95 1013.2  27.7  27.6  23.7 99.0 99.00
2016 01 02 02 50  80 11.0 13.7  3.35  9.09  6.73 100 1013.6  27.6  27.6  23.5 99.0 99.00
2016 01 02 03 50  75 10.8 14.1  3.20  9.09  6.94 101 1013.4  27.5  27.6  23.6 99.0 99.00
2016 01 02 04 50  71  9.9 12.1  3.22  9.09  6.79 108 1013.2  27.5  27.6  23.9 99.0 99.00
2016 01 02 05 50  83 10.8 13.7  3.14  9.09  6.71 119 1012.8  26.3  27.6  24.1 99.0 99.00
2016 01 02 06 50  81 12.0 14.8  2.96  9.09  6.50 106 1011.9  27.1  27.6  23.8 99.0 99.00
2016 01 02 07 50  73 11.2 13.7  3.22  9.09  6.86 111 1011.4  27.1  27.6  23.9 99.0 99.00
2016 01 02 08 50  75 12.1 14.9  3.08  8.33  6.51 110 1011.5  27.4  27.6  23.4 99.0 99.00
2016 01 02 09 50  73 11.7 14.7  3.36  9.09  6.86 112 1011.7  27.1  27.6  23.7 99.0 99.00
2016 01 02 10 50  65 10.8 14.1  3.15  9.09  6.61 116 1012.0  27.2  27.6  23.9 99.0 99.00
2016 01 02 11 50  78 10.2 12.2  3.07  8.33  6.58 104 1012.8  26.9  27.6  23.8 99.0 99.00
2016 01 02 12 50  72 11.2 13.3  2.88  8.33  6.36  99 1013.6  27.1  27.5  23.7 99.0 99.00
2016 01 02 13 50  77 11.4 15.1  3.50  9.09  6.98  96 1014.6  25.7  27.5  22.8 99.0 99.00
2016 01 02 14 50  76 10.8 13.2  3.46  9.09  6.79 105 1014.8  27.6  27.5  23.9 99.0 99.00
2016 01 02 15 50  77 11.1 13.5  3.20  9.09  6.54 105 1014.6  27.7  27.6  23.8 99.0 99.00
2016 01 02 16 50  80 11.2 14.1  3.47  9.09  6.74 101 1013.9  27.7  27.6  23.3 99.0 99.00
2016 01 02 17 50  81 11.3 14.0  3.24  9.09  6.68 113 1012.9  27.7  27.6  23.0 99.0 99.00
2016 01 02 18 50  81 10.8 13.0  2.93  8.33  6.54  99 1012.1  27.6  27.6  23.4 99.0 99.00
2016 01 02 19 50  80 10.4 13.0  3.36  9.09  6.87 109 1011.6  27.6  27.6  23.3 99.0 99.00
2016 01 02 20 50  75 10.2 11.7  3.00  9.09  6.69 108 1011.4  27.6  27.6  23.6 99.0 99.00
2016 01 02 21 50  82 10.5 12.5  3.08  9.09  6.62 112 1011.4  27.6  27.6  23.7 99.0 99.00
2016 01 02 22 50  83 10.3 12.3  2.92  9.09  6.36 114 1011.8  27.5  27.6  23.4 99.0 99.00
2016 01 02 23 50  80 10.2 12.5  3.01  9.09  6.42 104 1012.2  27.4  27.6  24.2 99.0 99.00
2016 01 03 00 50  79 10.3 12.1  2.81  9.09  6.35 101 1012.5  27.6  27.6  23.8 99.0 99.00
2016 01 03 01 50  90 11.1 13.7  2.52  8.33  6.02 105 1012.9  27.4  27.6  23.9 99.0 99.00
2016 01 03 02 50  80 11.1 13.2  2.81  9.09  6.32 100 1013.0  27.4  27.6  23.8 99.0 99.00
2016 01 03 03 50  81 10.4 12.1  2.67  9.09  6.12 104 1012.7  27.4  27.6  24.0 99.0 99.00
2016 01 03 04 50  83 10.0 12.3  2.68  9.09  6.17 102 1012.5  27.4  27.6  23.9 99.0 99.00
2016 01 03 05 50  83  9.9 11.6  2.79  8.33  6.07 113 1012.2  27.4  27.6  23.7 99.0 99.00
2016 01 03 06 50  78 10.3 12.2  2.79  9.09  6.35 114 1011.5  27.4  27.5  23.6 99.0 99.00
2016 01 03 07 50  80 10.7 12.8  2.70  9.09  6.19 118 1011.0  27.4  27.5  23.7 99.0 99.00
2016 01 03 08 50  84 10.2 11.7  2.51  7.69  5.92 111 1011.0  27.4  27.5  23.5 99.0 99.00
2016 01 03 09 50  84 10.7 12.6  2.56  8.33  5.98 102 1011.1  27.4  27.5  23.5 99.0 99.00
2016 01 03 10 50  81 11.0 13.1  2.64  9.09  6.04 113 1011.4  27.5  27.5  23.3 99.0 99.00
2016 01 03 11 50  86 10.2 12.4  2.41  8.33  5.95 112 1012.3  27.5  27.5  23.7 99.0 99.00
2016 01 03 12 50  88 10.7 12.9  2.45  8.33  5.84 111 1013.0  27.6  27.5  23.7 99.0 99.00
2016 01 03 13 50  87 10.0 12.1  2.62  7.69  5.90 107 1013.7  27.8  27.5  23.9 99.0 99.00
2016 01 03 14 50  80 10.3 12.1  2.59  8.33  5.88 118 1013.8  27.6  27.5  24.2 99.0 99.00
2016 01 03 15 50  91 12.9 16.1  2.57  8.33  6.09 111 1013.4  27.3  27.6  23.8 99.0 99.00
2016 01 03 16 50  85 10.9 13.1  2.71  8.33  5.92 108 1012.7  27.6  27.6  24.0 99.0 99.00
2016 01 03 17 50  90 10.8 12.9  2.63  7.69  5.88 110 1011.9  27.6  27.6  23.6 99.0 99.00
2016 01 03 18 50  99  8.1 10.1  2.47  7.69  5.86 113 1011.3  27.0  27.6  23.9 99.0 99.00
2016 01 03 19 50  79 10.2 12.5  2.43  8.33  5.87 112 1010.8  27.6  27.6  23.7 99.0 99.00
2016 01 03 20 50  91  9.7 11.5  2.63  8.33  6.05 102 1010.7  26.7  27.6  23.4 99.0 99.00
2016 01 03 21 50  93  8.8 11.4  2.54  8.33  6.13 117 1011.1  26.3  27.6  23.6 99.0 99.00
2016 01 03 22 50  85  9.5 11.9  2.64  8.33  6.10 113 1011.2  27.3  27.6  24.0 99.0 99.00
2016 01 03 23 50  89 10.3 12.5  2.80  8.33  6.29 105 1011.6  26.9  27.6  24.4 99.0 99.00
2016 01 04 00 50  87 10.5 13.2  2.54  8.33  5.99 104 1012.2  26.9  27.6  23.4 99.0 99.00
2016 01 04 01 50  81  9.4 11.0  2.43  8.33  5.86 115 1012.8  27.2  27.5  24.4 99.0 99.00
2016 01 04 02 50  74  9.4 11.2  2.44  8.33  5.98 110 1013.0  27.0  27.5  24.7 99.0 99.00
2016 01 04 03 50  87 10.2 12.5  2.53  8.33  5.87 117 1012.9  27.5  27.5  23.9 99.0 99.00
2016 01 04 04 50  82  9.9 12.8  2.59  8.33  6.15 110 1012.3  27.3  27.5  24.2 99.0 99.00
2016 01 04 05 50  85 10.0 11.8  2.40  9.09  5.88 112 1011.6  27.4  27.5  23.7 99.0 99.00
2016 01 04 06 50  82 10.8 12.8  2.52  8.33  6.11 113 1010.7  27.3  27.5  23.6 99.0 99.00
2016 01 04 07 50  80 10.3 12.2  2.63  8.33  6.10 104 1010.3  27.2  27.6  23.9 99.0 99.00
2016 01 04 08 50  82 10.1 12.0  2.49  8.33  5.94 115 1010.4  27.1  27.6  23.4 99.0 99.00
2016 01 04 09 50  88 10.1 12.4  2.65  8.33  6.27 107 1010.6  27.2  27.6  23.4 99.0 99.00
2016 01 04 10 50  86 10.0 12.6  2.55  8.33  6.12 109 1010.9  27.2  27.6  23.6 99.0 99.00
2016 01 04 11 50  88 10.3 12.5  2.45  8.33  5.95 109 1011.9  27.3  27.6  23.2 99.0 99.00
2016 01 04 12 50  83  9.8 11.6  2.76  8.33  6.31 114 1012.9  27.4  27.6  23.3 99.0 99.00
2016 01 04 13 50  87  9.1 10.4  2.76  8.33  6.27 111 1013.4  27.6  27.6  23.1 99.0 99.00
2016 01 04 14 50  86  9.1 11.5  2.81  8.33  6.20 112 1013.7  27.5  27.6  23.6 99.0 99.00
2016 01 04 15 50  95  9.9 12.0  2.71  8.33  6.21 112 1013.1  27.7  27.6  23.2 99.0 99.00
2016 01 04 16 50  98  9.5 12.3  2.39  8.33  5.90 101 1012.5  27.6  27.6  23.3 99.0 99.00
2016 01 04 17 50  92  9.3 11.2  2.40  8.33  5.89 106 1012.0  27.6  27.7  23.0 99.0 99.00
2016 01 04 18 50  92  8.8 10.6  2.50  8.33  6.16 113 1011.2  27.5  27.7  23.3 99.0 99.00
2016 01 04 19 50  89  7.5  8.8  2.27  8.33  5.92 112 1011.2  27.5  27.7  23.8 99.0 99.00
2016 01 04 20 50  80  7.7  9.5  2.07  7.69  5.81 111 1011.2  27.6  27.7  23.2 99.0 99.00
2016 01 04 21 50  87  7.7  8.9  2.20  7.69  5.97 118 1011.3  27.5  27.7  23.4 99.0 99.00
2016 01 04 22 50  86  8.1  9.6  2.07  8.33  5.91 111 1011.5  27.4  27.7  23.7 99.0 99.00
2016 01 04 23 50  79  8.6 10.2  2.15  7.14  5.76 112 1012.0  27.4  27.7  23.9 99.0 99.00
2016 01 05 00 50  85  8.3  9.9  1.95  8.33  5.65 106 1012.7  27.4  27.7  24.0 99.0 99.00
2016 01 05 01 50  84  9.0 10.7  2.10  7.69  5.73 126 1013.0  27.4  27.7  24.2 99.0 99.00
2016 01 05 02 50  80  8.6 11.0  2.15  7.69  5.73 111 1013.6  27.4  27.7  24.1 99.0 99.00
2016 01 05 03 50  71  8.1 10.2  1.92  7.69  5.61 116 1013.7  27.3  27.7  24.0 99.0 99.00
2016 01 05 04 50  69  8.1  9.6  1.94  7.69  5.69 117 1013.8  27.3  27.6  24.0 99.0 99.00
2016 01 05 05 50  72  8.8 10.3  2.04  7.69  5.65 110 1013.3  27.2  27.6  23.9 99.0 99.00
2016 01 05 06 50  72  8.9 10.3  1.78  7.14  5.49 103 1012.4  27.1  27.6  23.9 99.0 99.00
2016 01 05 07 50  69  9.4 10.8  1.76  7.69  5.43 100 1011.9  27.1  27.6  24.0 99.0 99.00
2016 01 05 08 50  69  8.9 10.5  1.67  7.69  5.28 107 1012.4  27.2  27.6  23.8 99.0 99.00
2016 01 05 09 50  67  7.9  9.6  1.80  7.14  5.44 109 1012.9  27.2  27.6  23.9 99.0 99.00
2016 01 05 10 50  76  8.1  9.5  1.91  7.14  5.48 110 1013.5  27.2  27.6  23.5 99.0 99.00
2016 01 05 11 50  74  7.9  9.2  1.76  7.69  5.58 117 1014.1  27.2  27.6  23.6 99.0 99.00
2016 01 05 12 50  74  8.1  9.5  1.96  7.69  5.76 114 1014.9  27.5  27.6  24.1 99.0 99.00
2016 01 05 13 50  71  7.3  8.8  1.76  7.14  5.53 115 1015.7  27.1  27.6  24.1 99.0 99.00
2016 01 05 14 50  73  7.7  8.9  1.90  7.14  5.43 113 1015.8  27.6  27.6  24.0 99.0 99.00
2016 01 05 15 50  73  7.9  9.1  1.80  7.14  5.29 114 1015.1  27.5  27.7  24.0 99.0 99.00
2016 01 05 16 50  79  8.9 10.5  1.59  6.25  5.08 111 1014.3  27.5  27.7  24.2 99.0 99.00
2016 01 05 17 50  70  7.9  9.2  1.61  7.14  4.98 100 1013.5  27.4  27.7  24.2 99.0 99.00
2016 01 05 18 50  81  7.7  9.0  1.49  7.14  4.92 115 1012.7  27.4  27.7  24.0 99.0 99.00
2016 01 05 19 50  79  8.3  9.6  1.57  7.14  5.02 123 1011.9  27.5  27.8  24.2 99.0 99.00
2016 01 05 20 50  75  7.7  9.1  1.55  7.14  5.03 113 1011.9  27.5  27.8  24.3 99.0 99.00
2016 01 05 21 50  81  7.1  9.1  1.46  7.14  4.93 111 1012.2  27.5  27.8  24.4 99.0 99.00
2016 01 05 22 50  79  8.2  9.7  1.56  7.14  5.01 114 1012.2  27.4  27.7  24.3 99.0 99.00
2016 01 05 23 50  71  8.3  9.7  1.49  6.67  5.15 111 1012.9  27.4  27.7  24.3 99.0 99.00
2016 01 06 00 50  67  8.5  9.6  1.59  7.14  5.05 111 1013.7  27.4  27.7  24.3 99.0 99.00
2016 01 06 01 50  70  8.0  9.6  1.60  5.88  5.06 110 1014.4  27.5  27.7  24.3 99.0 99.00
2016 01 06 02 50  62  7.2  8.6  1.55  7.14  5.02 106 1014.9  27.4  27.7  24.3 99.0 99.00
2016 01 06 03 50  68  7.4  8.8  1.63  6.67  5.00 114 1014.9  27.4  27.7  24.3 99.0 99.00
2016 01 06 04 50  71  7.8  9.4  1.45  6.67  4.90 114 1014.2  27.3  27.7  24.4 99.0 99.00
2016 01 06 05 50  67  7.9  9.0  1.44  5.88  4.81 116 1013.9  27.3  27.7  24.4 99.0 99.00
2016 01 06 06 50  69  8.0  9.2  1.41  5.88  4.84 113 1013.2  27.2  27.7  24.1 99.0 99.00
2016 01 06 07 50  69  7.7  9.2  1.52  7.14  5.03 105 1013.1  27.2  27.7  24.1 99.0 99.00
2016 01 06 08 50  76  8.9 10.3  1.46  6.25  4.89 117 1012.6  27.2  27.7  24.1 99.0 99.00
2016 01 06 09 50  76  7.4  8.9  1.43  5.88  4.69  91 1013.4  27.2  27.7  24.4 99.0 99.00
2016 01 06 10 50  71  7.5  8.7  1.45  6.67  4.83 121 1014.0  27.2  27.7  24.2 99.0 99.00
2016 01 06 11 50  66  7.6  9.5  1.47  7.14  4.92 109 1014.7  27.2  27.7  24.2 99.0 99.00
2016 01 06 13 50  67  7.4  8.5  1.46  6.67  4.98 116 1016.4  27.6  27.7  24.2 99.0 99.00
2016 01 06 14 50  66  7.6  8.9  1.40  5.88  4.85 119 1016.4  27.6  27.7  24.3 99.0 99.00
2016 01 06 15 50  72  7.2  8.5  1.40  7.14  4.87  96 1016.3  27.6  27.7  24.0 99.0 99.00
2016 01 06 16 50  69  7.2  8.4  1.36  6.67  4.95 108 1015.3  27.5  27.8  24.3 99.0 99.00
2016 01 06 17 50  76  7.9  8.9  1.42  6.25  5.00 109 1014.2  27.4  27.8  23.8 99.0 99.00
2016 01 06 18 50  83  6.6  8.3  1.26  6.67  4.80 114 1013.3  27.4  27.8  24.0 99.0 99.00
2016 01 06 19 50  85  7.5  8.7  1.31  6.25  4.78 110 1012.6  27.4  27.8  24.1 99.0 99.00
2016 01 06 20 50  94  7.7  9.0  1.39  6.67  4.86 106 1012.2  27.6  27.8  23.8 99.0 99.00
2016 01 06 21 50  89  7.7  8.6  1.33  6.67  4.76 116 1012.4  27.5  27.8  23.8 99.0 99.00
2016 01 06 22 50  79  6.6  7.6  1.41  7.14  4.92 107 1012.7  27.3  27.8  23.8 99.0 99.00
2016 01 06 23 50  82  6.4  7.6  1.37  6.67  4.98 112 1013.3  27.3  27.7  23.5 99.0 99.00
2016 01 07 00 50  70  6.6  8.0  1.31  6.67  4.99 109 1014.1  27.3  27.7  23.6 99.0 99.00
2016 01 07 01 50  69  6.4  7.5  1.29  7.14  4.92 104 1014.8  27.3  27.7  23.9 99.0 99.00
2016 01 07 02 50  69  6.9  8.1  1.31  7.14  4.97 107 1015.2  27.3  27.7  23.5 99.0 99.00
2016 01 07 03 50  68  6.8  7.9  1.29  7.14  4.89 100 1015.0  27.2  27.7  23.5 99.0 99.00
2016 01 07 04 50  70  7.3  8.8  1.25  7.69  4.78  95 1014.4  27.1  27.7  23.6 99.0 99.00
2016 01 07 05 50  73  7.3  8.7  1.14  6.67  4.78 107 1013.9  27.1  27.7  23.5 99.0 99.00
2016 01 07 06 50  78  7.5  8.5  1.18  7.14  4.87  98 1013.1  27.0  27.7  23.2 99.0 99.00
2016 01 07 07 50  70  7.2  8.6  1.23  7.14  4.76  99 1012.7  26.9  27.7  23.7 99.0 99.00
2016 01 07 08 50  70  6.9  8.3  1.25  6.67  4.90 107 1012.6  27.0  27.7  23.9 99.0 99.00
2016 01 07 09 50  76  7.4  8.4  1.27  7.69  4.84 103 1012.7  27.0  27.7  23.6 99.0 99.00
2016 01 07 10 50  74  7.1  8.3  1.23  7.14  4.84  90 1013.1  27.0  27.7  23.6 99.0 99.00
2016 01 07 11 50  69  7.0  8.0  1.27  7.14  4.82 104 1013.8  27.1  27.7  23.7 99.0 99.00
2016 01 07 12 50  68  6.9  8.2  1.28  7.14  4.91 103 1014.8  27.3  27.7  23.6 99.0 99.00
2016 01 07 13 50  70  7.1  8.3  1.28  7.14  4.92  99 1015.2  27.4  27.7  23.8 99.0 99.00
2016 01 07 14 50  73  6.3  7.3  1.22  7.14  4.74  99 1015.6  27.5  27.7  23.8 99.0 99.00
2016 01 07 15 50  73  7.6  9.2  1.17  7.14  4.76  97 1015.0  27.4  27.7  23.7 99.0 99.00
2016 01 07 16 50  74  6.9  8.4  1.18  6.25  4.54 111 1014.3  27.4  27.7  23.8 99.0 99.00
2016 01 07 17 50  68  7.6  8.8  1.21  6.67  4.55  99 1013.3  27.3  27.8  23.4 99.0 99.00
2016 01 07 18 50  70  6.8  7.9  1.22  6.67  4.70  98 1012.4  27.3  27.8  23.6 99.0 99.00
2016 01 07 19 50  70  7.0  8.1  1.15  7.14  4.60  99 1011.7  27.3  27.8  23.4 99.0 99.00
2016 01 07 20 50  71  6.2  7.2  1.15  7.14  4.65 100 1011.8  27.3  27.8  23.9 99.0 99.00
2016 01 07 21 50  75  6.4  7.4  1.21  6.67  4.78 107 1011.9  27.4  27.8  23.8 99.0 99.00
2016 01 07 22 50  77  7.3  8.5  1.17  6.67  4.73 111 1011.9  27.3  27.8  23.8 99.0 99.00
2016 01 07 23 50  72  7.0  8.1  1.17  6.67  4.67 100 1012.5  27.3  27.7  24.0 99.0 99.00
2016 01 08 00 50  76  7.0  8.4  1.11  6.25  4.62  95 1013.1  27.3  27.7  24.0 99.0 99.00
2016 01 08 01 50  76  6.9  8.2  1.08  6.25  4.51 110 1013.7  27.2  27.7  23.7 99.0 99.00
2016 01 08 02 50  79  5.7  6.8  1.13  6.67  4.62 106 1014.3  27.3  27.7  24.1 99.0 99.00
2016 01 08 03 50  72  5.8  6.9  1.10  6.67  4.65 108 1014.1  27.3  27.7  23.9 99.0 99.00
2016 01 08 04 50  73  6.5  7.3  1.15  6.67  4.62 106 1014.0  27.2  27.7  24.0 99.0 99.00
2016 01 08 05 50  80  7.1  8.9  1.20  6.67  4.73 109 1013.2  27.0  27.7  23.8 99.0 99.00
2016 01 08 06 50  77  7.1  8.3  1.07  6.67  4.57 110 1012.5  27.0  27.6  23.6 99.0 99.00
2016 01 08 07 50  69  6.9  8.0  1.17  6.67  4.66 106 1011.9  26.9  27.6  23.7 99.0 99.00
2016 01 08 08 50  72  6.7  7.8  1.13  6.67  4.81 110 1011.8  26.9  27.6  23.6 99.0 99.00
2016 01 08 09 50  71  7.4  8.5  1.16  6.67  4.64 110 1012.1  27.0  27.6  23.7 99.0 99.00
2016 01 08 10 50  74  6.8  7.7  1.10  5.88  4.55 103 1012.4  26.9  27.6  23.6 99.0 99.00
2016 01 08 11 50  69  7.5  8.6  1.20  7.14  4.84 104 1012.9  27.0  27.6  23.6 99.0 99.00
2016 01 08 12 50  73  7.3  8.1  1.10  6.67  4.66 117 1013.7  27.2  27.6  23.5 99.0 99.00
2016 01 08 13 50  77  7.5  8.7  1.15  6.67  4.65 102 1014.3  27.4  27.6  23.4 99.0 99.00
2016 01 08 14 50  76  7.4  8.5  1.26  6.67  4.73 110 1014.5  27.4  27.6  23.5 99.0 99.00
2016 01 08 15 50  80  7.3  8.6  1.13  6.25  4.57 107 1014.3  27.4  27.6  23.5 99.0 99.00
2016 01 08 16 50  77  7.5  8.5  1.15  6.67  4.52 106 1013.7  27.3  27.7  23.6 99.0 99.00
2016 01 08 17 50  76  7.1  8.2  1.11  6.67  4.42 109 1012.9  27.3  27.7  23.7 99.0 99.00
2016 01 08 18 50  79  7.6  8.5  1.13  6.25  4.54 102 1011.8  27.3  27.7  23.3 99.0 99.00
2016 01 08 19 50  78  7.0  8.0  1.14  6.25  4.57  96 1011.3  27.4  27.8  23.7 99.0 99.00
2016 01 08 20 50  81  6.8  8.2  1.18  6.25  4.61 108 1011.2  27.5  27.7  23.8 99.0 99.00
2016 01 08 21 50  79  7.5  8.5  1.18  6.25  4.64 107 1011.1  27.4  27.7  23.7 99.0 99.00
2016 01 08 22 50  78  6.7  8.0  1.15  6.67  4.75 106 1011.4  27.3  27.6  23.7 99.0 99.00
2016 01 08 23 50  78  7.1  8.4  1.13  6.25  4.66 116 1011.9  27.2  27.6  23.7 99.0 99.00
2016 01 09 00 50  75  7.3  8.4  1.14  5.88  4.72 113 1012.5  27.2  27.5  23.9 99.0 99.00
2016 01 09 01 50  75  7.4  8.5  1.19  5.88  4.69 115 1013.0  27.2  27.5  23.5 99.0 99.00
2016 01 09 02 50  75  7.3  8.5  1.25  5.00  4.60 117 1013.5  27.2  27.5  23.7 99.0 99.00
2016 01 09 03 50  69  7.0  8.1  1.16  6.67  4.74 113 1013.5  27.1  27.5  24.0 99.0 99.00
2016 01 09 04 50  73  7.3  8.2  1.23  6.25  4.70 109 1012.9  27.1  27.5  23.7 99.0 99.00
2016 01 09 05 50  71  6.8  8.4  1.19  6.25  4.62 108 1012.5  27.0  27.5  23.8 99.0 99.00
2016 01 09 06 50  68  7.7  8.9  1.15  6.25  4.62 118 1011.7  26.9  27.5  23.5 99.0 99.00
2016 01 09 07 50  74  7.2  8.8  1.19  6.25  4.73 108 1011.2  26.9  27.5  23.4 99.0 99.00
2016 01 09 08 50  69  7.1  7.9  1.19  6.67  4.75 113 1011.1  26.8  27.5  23.5 99.0 99.00
2016 01 09 09 50  80  6.7  8.0  1.18  6.67  4.66 102 1011.4  26.9  27.5  23.6 99.0 99.00
2016 01 09 10 50  82  6.9  8.0  1.23  6.25  4.80 105 1011.6  26.9  27.5  23.7 99.0 99.00
2016 01 09 11 50  76  6.9  8.4  1.21  6.25  4.63 107 1012.2  27.0  27.5  23.8 99.0 99.00
2016 01 09 12 50  71  8.2  9.3  1.18  6.25  4.62 106 1012.9  27.1  27.5  23.9 99.0 99.00
2016 01 09 13 50  78  7.9  8.9  1.19  5.26  4.56 121 1013.8  27.4  27.5  23.3 99.0 99.00
2016 01 09 14 50  80  6.8  7.9  1.24  6.25  4.61 102 1014.1  27.4  27.5  23.6 99.0 99.00
2016 01 09 15 50  80  7.9  9.1  1.25  6.25  4.65 105 1014.0  27.4  27.5  23.6 99.0 99.00
2016 01 09 16 50  84  7.5  9.1  1.21  7.14  4.64 108 1013.5  27.4  27.6  23.7 99.0 99.00
2016 01 09 17 50  87  7.6  9.1  1.24  6.67  4.57 106 1012.5  27.4  27.6  23.2 99.0 99.00
2016 01 09 18 50  87  7.1  8.2  1.25  5.00  4.54 112 1011.7  27.4  27.6  23.5 99.0 99.00
2016 01 09 19 50  88  7.4  8.6  1.22  6.25  4.64 121 1011.2  27.4  27.7  23.3 99.0 99.00
2016 01 09 20 50  82  8.0  9.2  1.23  6.25  4.51 104 1011.1  27.3  27.7  23.7 99.0 99.00
2016 01 09 21 50  84  7.7  9.3  1.26  5.88  4.40 122 1011.3  27.4  27.6  23.3 99.0 99.00
2016 01 09 22 50  85  7.8  9.8  1.34  5.56  4.59 111 1011.5  27.3  27.6  23.1 99.0 99.00
2016 01 09 23 50  82  8.1  9.5  1.15  6.67  4.44 113 1011.8  27.2  27.6  23.1 99.0 99.00
2016 01 10 00 50  84  7.8  9.0  1.15  6.25  4.42 110 1012.7  27.3  27.7  23.1 99.0 99.00
2016 01 10 01 50  87  7.8  9.2  1.16  5.26  4.56 111 1013.1  27.2  27.6  23.3 99.0 99.00
2016 01 10 02 50  83  7.9  9.2  1.13  6.25  4.47 119 1013.3  27.2  27.6  23.4 99.0 99.00
2016 01 10 03 50  82  7.5  8.8  1.21  6.25  4.45 120 1013.0  27.1  27.6  23.5 99.0 99.00
2016 01 10 04 50  78  7.1  8.5  1.19  5.88  4.51 112 1012.8  27.1  27.6  24.0 99.0 99.00
2016 01 10 05 50  76  7.4  8.8  1.25  5.88  4.73 117 1012.4  27.1  27.6  23.6 99.0 99.00
2016 01 10 06 50  74  7.5  8.8  1.26  5.88  4.56 116 1011.8  27.0  27.6  23.5 99.0 99.00
2016 01 10 07 50  67  8.3  9.9  1.23  5.56  4.51 113 1011.2  26.9  27.6  23.6 99.0 99.00
2016 01 10 08 50  71  8.9 10.4  1.21  5.88  4.38 119 1011.2  27.0  27.6  22.9 99.0 99.00
2016 01 10 09 50  80  8.6  9.9  1.29  5.88  4.41 112 1011.7  27.0  27.6  23.0 99.0 99.00
2016 01 10 10 50  76  8.8 10.3  1.27  5.56  4.44 119 1012.1  27.0  27.6  23.2 99.0 99.00
2016 01 10 11 50  79  8.1  9.4  1.29  5.00  4.39 102 1013.0  27.1  27.6  23.2 99.0 99.00
2016 01 10 12 50  84  8.1  9.6  1.32  5.56  4.43 111 1014.0  27.4  27.6  23.1 99.0 99.00
2016 01 10 13 50  84  8.2 10.1  1.27  5.26  4.55  99 1014.7  27.4  27.6  23.1 99.0 99.00
2016 01 10 14 50  82  8.4  9.7  1.33  5.88  4.58 103 1014.9  27.5  27.6  22.9 99.0 99.00
2016 01 10 15 50  82  8.1  9.5  1.38  5.56  4.66 105 1014.8  27.4  27.6  22.9 99.0 99.00
2016 01 10 16 50  78  8.2  9.5  1.23  5.56  4.39 112 1014.1  27.3  27.6  22.9 99.0 99.00
2016 01 10 17 50  80  7.6  9.0  1.22  5.88  4.46 113 1013.4  27.3  27.7  23.0 99.0 99.00
2016 01 10 18 50  74  7.5  8.8  1.31  5.88  4.57 110 1012.7  27.3  27.7  23.1 99.0 99.00
2016 01 10 19 50  62  7.7  9.0  1.28  5.88  4.63 121 1012.3  27.3  27.7  23.5 99.0 99.00
2016 01 10 20 50  75  8.5 10.0  1.21  5.56  4.42  97 1012.0  27.4  27.7  22.9 99.0 99.00
2016 01 10 21 50  74  7.8  9.0  1.28  5.56  4.54 115 1012.5  27.4  27.7  23.3 99.0 99.00
2016 01 10 22 50  71  7.5  8.5  1.16  5.88  4.46 109 1013.0  27.3  27.6  23.4 99.0 99.00
2016 01 10 23 50  70  7.0  8.6  1.18  5.88  4.53 109 1013.5  27.3  27.6  23.6 99.0 99.00
2016 01 11 00 50  71  7.3  8.4  1.27  5.88  4.48 105 1014.3  27.3  27.6  23.6 99.0 99.00
2016 01 11 01 50  83  9.1 10.6  1.19  5.88  4.48 119 1015.0  26.8  27.6  23.7 99.0 99.00
2016 01 11 02 50  82  7.3  8.5  1.14  6.25  4.32 114 1015.3  27.1  27.6  23.4 99.0 99.00
2016 01 11 03 50  73  7.3  8.6  1.13  5.56  4.45  99 1015.1  27.1  27.6  23.4 99.0 99.00
2016 01 11 04 50  66  7.3  8.6  1.19  5.88  4.47  98 1015.0  27.1  27.6  23.3 99.0 99.00
2016 01 11 05 50  67  8.0  9.3  1.18  5.88  4.52 105 1014.4  27.1  27.6  23.2 99.0 99.00
2016 01 11 06 50  64  7.9  9.5  1.13  5.56  4.37 106 1014.0  27.0  27.5  23.0 99.0 99.00
2016 01 11 07 50  60  8.3  9.7  1.13  5.56  4.21  97 1013.5  26.9  27.5  22.9 99.0 99.00
2016 01 11 08 50  61  8.1  9.4  1.24  6.25  4.39  94 1013.6  26.9  27.5  23.3 99.0 99.00
2016 01 11 09 50  61  7.9  9.5  1.34  5.88  4.68  84 1013.7  26.8  27.5  23.2 99.0 99.00
2016 01 11 10 50  67  8.1 10.0  1.31  6.25  4.56  81 1013.8  26.9  27.5  23.5 99.0 99.00
2016 01 11 11 50  66  8.6  9.7  1.30  6.25  4.49  81 1014.5  27.0  27.5  23.2 99.0 99.00
2016 01 11 12 50  70  9.0 10.6  1.29  6.25  4.62  82 1015.3  27.3  27.5  23.2 99.0 99.00
2016 01 11 13 50  69  8.8  9.9  1.42  6.25  4.53  80 1016.0  27.4  27.5  23.6 99.0 99.00
2016 01 11 14 50  76  8.9 11.2  1.38  6.25  4.45  79 1015.9  27.2  27.6  23.3 99.0 99.00
2016 01 11 15 50  69  8.2  9.6  1.36  5.56  4.52  92 1015.8  27.3  27.6  23.8 99.0 99.00
2016 01 11 16 50  70  8.4  9.9  1.35  5.26  4.51  93 1015.3  27.4  27.6  23.6 99.0 99.00
2016 01 11 17 50  72  8.9 10.7  1.36  5.56  4.52  93 1014.2  27.4  27.6  23.9 99.0 99.00
2016 01 11 18 50  78  8.1  9.3  1.43  5.88  4.57  95 1013.1  27.4  27.6  23.8 99.0 99.00
2016 01 11 19 50  75  8.7 10.0  1.34  4.76  4.43  82 1012.5  27.4  27.7  24.1 99.0 99.00
2016 01 11 20 50  84  9.0 10.4  1.34  5.88  4.50  96 1012.3  27.6  27.7  23.7 99.0 99.00
2016 01 11 21 50  83  8.6 10.3  1.46  5.56  4.45  93 1012.4  27.5  27.6  23.9 99.0 99.00
2016 01 11 22 50  84  9.4 10.8  1.32  5.00  4.23  90 1012.8  27.3  27.6  23.6 99.0 99.00
2016 01 11 23 50  89  9.5 10.8  1.35  5.56  4.41  89 1013.2  27.3  27.6  23.6 99.0 99.00
2016 01 12 00 50  87  9.6 11.4  1.40  5.56  4.43  85 1013.5  27.2  27.6  23.8 99.0 99.00
2016 01 12 01 50  89  9.2 10.7  1.45  5.88  4.49  86 1014.2  27.3  27.6  23.8 99.0 99.00
2016 01 12 02 50  83  9.1 10.3  1.38  5.26  4.37  91 1014.5  27.1  27.6  23.4 99.0 99.00
2016 01 12 03 50  87  7.6  9.3  1.41  5.88  4.54  84 1014.8  27.1  27.6  23.5 99.0 99.00
2016 01 12 04 50  87  8.0  9.4  1.35  5.88  4.57  86 1014.4  27.1  27.6  23.5 99.0 99.00
2016 01 12 05 50  94  8.2  9.9  1.28  5.88  4.42  90 1014.0  27.2  27.6  23.6 99.0 99.00
2016 01 12 06 50  85  7.6  9.1  1.39  6.25  4.47  86 1013.5  27.1  27.5  23.4 99.0 99.00
2016 01 12 07 50  88  7.9  9.2  1.38  5.88  4.65  87 1012.8  27.0  27.5  23.0 99.0 99.00
2016 01 12 08 50  83  8.9 10.1  1.32  5.88  4.52  93 1012.7  27.0  27.5  22.9 99.0 99.00
2016 01 12 09 50  65  6.5  8.3  1.34  6.25  4.62  86 1013.1  25.7  27.5  23.4 99.0 99.00
2016 01 12 10 50  74  8.5  9.8  1.35  5.88  4.62  98 1013.3  27.0  27.5  23.2 99.0 99.00
2016 01 12 11 50  86  6.3  7.5  1.42  6.25  4.66  89 1014.2  27.1  27.5  22.9 99.0 99.00
2016 01 12 12 50  70  7.3  9.5  1.28  5.26  4.49 102 1015.1  26.2  27.5  23.7 99.0 99.00
2016 01 12 13 50  84  7.9  9.4  1.29  6.67  4.58  84 1015.9  27.6  27.6  23.1 99.0 99.00
2016 01 12 14 50  84  8.3  9.8  1.31  6.67  4.54  90 1016.1  27.5  27.6  22.9 99.0 99.00
2016 01 12 15 50  79  8.0  9.7  1.34  5.88  4.49 104 1015.8  27.1  27.6  23.0 99.0 99.00
2016 01 12 16 50  87  8.0 10.0  1.45  6.25  4.62  94 1015.3  27.3  27.6  23.6 99.0 99.00
2016 01 12 17 50  82  7.5  9.0  1.31  6.25  4.63 100 1014.2  27.4  27.7  23.2 99.0 99.00
2016 01 12 18 50  89  8.0  9.7  1.30  5.56  4.65 105 1013.4  27.3  27.7  23.0 99.0 99.00
2016 01 12 19 50  90  7.9  9.3  1.36  6.67  4.64 103 1013.0  27.5  27.7  22.7 99.0 99.00
2016 01 12 20 50  81  7.2  8.6  1.38  5.56  4.60 115 1012.9  27.5  27.7  23.1 99.0 99.00
2016 01 12 21 50  76  7.9  9.5  1.33  6.67  4.74  94 1013.0  27.5  27.7  22.6 99.0 99.00
2016 01 12 22 50  72  8.1  9.4  1.37  6.25  4.66 101 1013.5  27.4  27.6  22.8 99.0 99.00
2016 01 12 23 50  75  7.6  9.2  1.37  5.56  4.62 108 1013.8  27.2  27.6  23.3 99.0 99.00
2016 01 13 00 50  79  8.3  9.3  1.35  6.25  4.66 108 1014.4  27.3  27.6  22.8 99.0 99.00
2016 01 13 01 50  78  8.0  9.2  1.40  6.25  4.72 101 1014.9  27.3  27.6  22.9 99.0 99.00
2016 01 13 02 50  83  7.4  8.5  1.30  6.25  4.68 101 1015.1  27.2  27.6  23.0 99.0 99.00
2016 01 13 03 50  79  7.7  8.9  1.36  6.25  4.67  96 1014.9  26.8  27.6  24.0 99.0 99.00
2016 01 13 04 50  83  6.7  8.0  1.31  6.25  4.68 107 1014.9  27.0  27.6  23.5 99.0 99.00
2016 01 13 05 50  78  6.3  7.4  1.29  6.67  4.69 106 1014.5  26.9  27.6  23.4 99.0 99.00
2016 01 13 06 50  64  6.7  7.8  1.32  6.67  4.94 106 1014.0  26.7  27.6  23.4 99.0 99.00
2016 01 13 07 50  72  7.2  8.3  1.30  6.25  4.80 103 1013.4  26.8  27.5  22.9 99.0 99.00
2016 01 13 08 50  69  7.8  9.3  1.31  6.67  4.84  88 1013.3  26.8  27.5  23.0 99.0 99.00
2016 01 13 09 50  68  7.8  8.9  1.29  6.25  4.71  82 1013.7  26.8  27.5  23.2 99.0 99.00
2016 01 13 10 50  73  8.1  9.3  1.32  6.67  4.85  98 1013.8  26.9  27.5  23.2 99.0 99.00
2016 01 13 11 50  69  8.9 10.3  1.46  6.25  4.92  85 1014.2  27.0  27.5  23.0 99.0 99.00
2016 01 13 12 50  65  8.0 10.7  1.37  6.25  4.68  82 1015.2  27.0  27.5  23.5 99.0 99.00
2016 01 13 13 50  70  8.7 10.6  1.35  6.25  4.51  89 1015.9  27.3  27.5  23.3 99.0 99.00
2016 01 13 14 50  70  8.6 10.1  1.40  6.25  4.58  92 1016.2  27.3  27.5  23.2 99.0 99.00
2016 01 13 15 50  78  8.4 11.4  1.45  6.25  4.56  97 1016.0  26.5  27.6  23.5 99.0 99.00
2016 01 13 16 50  91  7.6  8.9  1.34  6.25  4.65  89 1015.2  27.2  27.6  23.2 99.0 99.00
2016 01 13 17 50  86  7.7  8.7  1.37  5.88  4.69  92 1014.4  27.1  27.6  23.1 99.0 99.00
2016 01 13 18 50  85  7.4  9.1  1.37  6.25  4.64  99 1013.4  27.1  27.7  22.9 99.0 99.00
2016 01 13 19 50  83  7.4  8.8  1.23  5.26  4.50 104 1012.9  27.1  27.6  23.1 99.0 99.00
2016 01 13 20 50  85  6.2  7.4  1.21  5.88  4.60  95 1012.9  26.7  27.6  22.7 99.0 99.00
2016 01 13 21 50  89  5.9  6.9  1.19  5.88  4.82  96 1012.8  27.0  27.6  23.0 99.0 99.00
2016 01 13 22 50  84  6.2  7.4  1.23  5.88  4.64  96 1013.2  27.1  27.6  23.2 99.0 99.00
2016 01 13 23 50  76  6.6  7.7  1.12  5.88  4.72 100 1013.5  27.1  27.6  23.1 99.0 99.00
2016 01 14 00 50  59  5.6  7.3  1.13  6.25  4.49 106 1014.1  25.3  27.6  23.1 99.0 99.00
2016 01 14 01 50  69  5.1  6.1  1.10  6.25  4.62 111 1014.7  26.7  27.6  22.4 99.0 99.00
2016 01 14 02 50  69  6.1  7.0  1.07  5.88  4.59 113 1015.0  26.7  27.6  23.4 99.0 99.00
2016 01 14 03 50  67  5.9  7.0  1.01  5.88  4.57 106 1014.7  26.9  27.6  23.8 99.0 99.00
2016 01 14 04 50  70  6.9  8.1  1.04  6.25  4.52 110 1014.2  26.8  27.5  23.6 99.0 99.00
2016 01 14 05 50  60  7.3  8.5  1.03  5.88  4.32  90 1013.9  26.9  27.6  23.4 99.0 99.00
2016 01 14 06 50  64  7.2  8.3  1.02  5.56  4.25 105 1013.2  26.9  27.6  23.1 99.0 99.00
2016 01 14 07 50  69  8.0  9.3  1.02  6.25  4.20 100 1012.8  26.9  27.6  23.5 99.0 99.00
2016 01 14 08 50  72  8.5  9.6  1.07  5.88  4.21 105 1012.7  26.8  27.5  23.2 99.0 99.00
2016 01 14 09 50  72  8.7 10.2  1.21  5.88  4.37  99 1013.0  26.7  27.5  23.6 99.0 99.00
2016 01 14 10 50  81  8.1  9.8  1.15  4.17  4.23  85 1013.7  26.8  27.5  23.7 99.0 99.00
2016 01 14 11 50  79  7.5  8.5  1.21  5.26  4.49  92 1014.3  26.8  27.5  23.4 99.0 99.00
2016 01 14 12 50  82  8.4  9.6  1.20  5.88  4.38  96 1015.1  27.2  27.5  23.3 99.0 99.00
2016 01 14 13 50  80  8.3  9.7  1.19  5.88  4.40  96 1015.7  27.4  27.5  23.2 99.0 99.00
2016 01 14 14 50  81  8.3  9.5  1.20  5.56  4.39 107 1016.1  27.3  27.6  23.1 99.0 99.00
2016 01 14 15 50  84  8.4  9.6  1.17  4.35  4.26  84 1015.9  27.3  27.6  23.1 99.0 99.00
2016 01 14 16 50  80  8.8 10.1  1.20  5.56  4.39  90 1015.0  27.2  27.6  22.8 99.0 99.00
2016 01 14 17 50  83  8.6  9.7  1.20  5.00  4.36 103 1014.2  27.2  27.6  22.8 99.0 99.00
2016 01 14 18 50  89  7.5  8.8  1.23  6.25  4.31 100 1013.3  27.2  27.7  22.9 99.0 99.00
2016 01 14 19 50  82  7.2  8.1  1.18  5.56  4.40 112 1012.8  27.1  27.7  22.8 99.0 99.00
2016 01 14 20 50  91  8.1  9.3  1.15  5.88  4.49 111 1012.5  27.1  27.7  23.0 99.0 99.00
2016 01 14 21 50  89  8.6  9.9  1.11  5.56  4.25 118 1012.5  27.2  27.7  22.8 99.0 99.00
2016 01 14 22 50  83  8.5  9.9  1.17  5.56  4.20 109 1013.0  27.2  27.6  22.6 99.0 99.00
2016 01 14 23 50  81  8.7 10.2  1.27  5.56  4.36 111 1013.4  27.2  27.6  22.7 99.0 99.00
2016 01 15 00 50  85  8.9 10.3  1.22  4.76  4.16  97 1014.0  27.1  27.6  22.9 99.0 99.00
2016 01 15 01 50  81  8.3  9.6  1.24  5.26  4.28  96 1014.5  27.1  27.5  22.7 99.0 99.00
2016 01 15 02 50  83  8.8 10.2  1.32  5.56  4.38 104 1014.7  27.1  27.5  23.0 99.0 99.00
2016 01 15 03 50  80  9.1 10.6  1.33  4.55  4.34  93 1014.4  27.0  27.5  23.1 99.0 99.00
2016 01 15 04 50  83  9.3 11.0  1.40  5.88  4.53  92 1013.8  26.9  27.5  22.8 99.0 99.00
2016 01 15 05 50  82  9.3 11.2  1.37  5.26  4.50  99 1013.1  26.9  27.5  23.1 99.0 99.00
2016 01 15 06 50  86 10.2 12.0  1.35  5.88  4.41  94 1012.1  26.8  27.5  23.1 99.0 99.00
2016 01 15 07 50  87  9.8 11.4  1.49  5.00  4.44  94 1011.7  26.8  27.5  21.7 99.0 99.00
2016 01 15 08 50  86  9.5 10.8  1.39  5.56  4.35  95 1011.7  26.8  27.5  21.5 99.0 99.00
2016 01 15 09 50  88  9.6 11.1  1.38  5.56  4.46  88 1011.9  26.8  27.5  21.8 99.0 99.00
2016 01 15 10 50  84  9.4 11.7  1.54  5.88  4.62  98 1012.5  26.9  27.5  22.1 99.0 99.00
2016 01 15 11 50  89 10.1 12.2  1.52  5.88  4.54  95 1012.6  26.9  27.5  21.8 99.0 99.00
2016 01 15 12 50  83 10.4 12.3  1.58  6.67  4.78 101 1013.3  27.2  27.5  22.2 99.0 99.00
2016 01 15 13 50  86 10.2 12.3  1.70  6.67  4.85  96 1013.8  27.3  27.5  22.5 99.0 99.00
2016 01 15 14 50  90 10.0 12.3  1.67  6.25  4.69  99 1013.9  27.4  27.5  22.5 99.0 99.00
2016 01 15 15 50  89 10.0 11.5  1.63  5.56  4.63 102 1013.6  27.2  27.5  22.6 99.0 99.00
2016 01 15 16 50 100  9.8 11.1  1.75  6.67  4.96  94 1013.0  27.3  27.6  22.5 99.0 99.00
2016 01 15 17 50  95  9.8 11.7  1.76  6.67  4.84 102 1011.7  27.2  27.6  22.8 99.0 99.00
2016 01 15 18 50  92  9.5 10.9  1.66  5.88  4.83 109 1011.0  27.2  27.6  21.9 99.0 99.00
2016 01 15 19 50  91  8.9 10.3  1.69  6.25  4.79 101 1010.7  27.2  27.6  22.3 99.0 99.00
2016 01 15 20 50  85  9.5 11.0  1.81  6.67  4.94  99 1010.6  27.3  27.6  22.2 99.0 99.00
2016 01 15 21 50  89  9.2 10.8  1.67  6.25  4.79 102 1010.7  27.3  27.6  22.3 99.0 99.00
2016 01 15 22 50  89  9.1 10.7  1.64  5.56  4.83  96 1011.1  27.1  27.6  22.5 99.0 99.00
2016 01 15 23 50  91  8.5 10.1  1.58  5.56  4.84  96 1011.4  27.1  27.6  22.8 99.0 99.00
2016 01 16 00 50  86  8.3 10.2  1.59  6.67  4.86  97 1011.9  27.0  27.6  23.0 99.0 99.00
2016 01 16 01 50  88  9.2 10.6  1.42  7.14  4.65  98 1012.3  27.0  27.6  22.8 99.0 99.00
2016 01 16 02 50  85  8.7 10.3  1.45  6.67  4.64 103 1012.4  26.9  27.5  22.9 99.0 99.00
2016 01 16 03 50  84  8.4 10.3  1.44  6.67  4.69  95 1012.4  26.9  27.5  23.2 99.0 99.00
2016 01 16 04 50  84  9.2 11.0  1.54  6.67  4.77 102 1012.0  26.9  27.5  23.2 99.0 99.00
2016 01 16 05 50  87  8.5 10.4  1.50  6.67  4.57 103 1011.5  26.9  27.4  23.3 99.0 99.00
2016 01 16 06 50  82  9.5 11.3  1.39  6.25  4.56  93 1010.8  26.8  27.4  23.1 99.0 99.00
2016 01 16 07 50  82  9.3 10.8  1.53  6.25  4.68 100 1010.3  26.9  27.4  22.6 99.0 99.00
2016 01 16 08 50  79  9.3 10.6  1.58  5.88  4.57  94 1010.5  26.8  27.4  22.5 99.0 99.00
2016 01 16 09 50  79  8.8 10.0  1.54  6.25  4.61 101 1011.2  26.8  27.4  22.4 99.0 99.00
2016 01 16 10 50  80  8.4 10.0  1.52  5.88  4.72 105 1011.8  26.8  27.4  22.7 99.0 99.00
2016 01 16 11 50  76  7.9  9.0  1.47  5.56  4.65 100 1012.7  26.8  27.4  22.4 99.0 99.00
2016 01 16 12 50  86  9.0 10.8  1.31  5.88  4.50  90 1013.8  27.2  27.4  22.2 99.0 99.00
2016 01 16 13 50  83  9.0 11.0  1.27  4.76  4.24  92 1014.6  27.3  27.4  21.9 99.0 99.00
2016 01 16 14 50  86  9.2 10.5  1.40  6.67  4.51 115 1014.8  27.4  27.4  21.6 99.0 99.00
2016 01 16 15 50  83  9.2 11.1  1.43  5.88  4.38  98 1014.5  27.3  27.4  21.7 99.0 99.00
2016 01 16 16 50  86  7.8  9.1  1.33  6.25  4.43  99 1013.8  27.2  27.4  22.0 99.0 99.00
2016 01 16 17 50  89  8.3  9.8  1.34  6.25  4.47  85 1012.6  27.2  27.5  22.0 99.0 99.00
2016 01 16 18 50  86  8.8 10.0  1.30  5.26  4.49 100 1011.7  27.3  27.5  21.8 99.0 99.00
2016 01 16 19 50  88  9.3 10.6  1.29  6.25  4.53  91 1011.1  27.3  27.5  22.1 99.0 99.00
2016 01 16 20 50  90  9.1 10.7  1.37  6.25  4.37  94 1010.6  27.4  27.5  22.6 99.0 99.00
2016 01 16 21 50  97  9.7 11.4  1.33  5.00  4.20  99 1010.7  27.3  27.5  22.9 99.0 99.00
2016 01 16 22 50  98 10.5 11.9  1.28  5.88  4.31  96 1010.9  27.3  27.5  22.1 99.0 99.00
2016 01 16 23 50  93 11.1 13.1  1.35  6.67  4.38 112 1011.2  27.4  27.5  21.4 99.0 99.00
2016 01 17 00 50  98 10.1 12.0  1.43  6.25  4.23 109 1011.9  27.2  27.5  21.7 99.0 99.00
2016 01 17 01 50  93  9.5 11.1  1.54  5.00  4.39 103 1012.4  27.2  27.5  22.3 99.0 99.00
2016 01 17 02 50  99  9.4 11.3  1.58  5.00  4.45 102 1012.7  27.2  27.5  22.2 99.0 99.00
2016 01 17 03 50  93  9.2 10.8  1.71  6.25  4.91 111 1012.7  27.1  27.5  22.3 99.0 99.00
2016 01 17 04 50  96  9.5 11.3  1.68  5.26  4.68 102 1012.2  27.0  27.5  22.6 99.0 99.00
2016 01 17 05 50 104  9.8 11.5  1.66  5.88  4.66 108 1011.9  26.9  27.5  22.6 99.0 99.00
2016 01 17 06 50 102 10.0 11.3  1.67  6.67  4.68 116 1011.3  27.0  27.5  21.7 99.0 99.00
2016 01 17 07 50  98  9.1 10.5  1.62  6.67  4.68 105 1010.9  26.8  27.5  21.8 99.0 99.00
2016 01 17 08 50  99  8.1  9.1  1.74  6.25  4.96 101 1011.3  26.8  27.5  21.6 99.0 99.00
2016 01 17 09 50 100  7.4  8.7  1.60  6.67  4.88 101 1012.0  26.8  27.5  22.0 99.0 99.00
2016 01 17 10 50 100  7.6  9.6  1.60  7.14  4.95 112 1012.4  26.8  27.5  22.0 99.0 99.00
2016 01 17 11 50 105  7.7  8.8  1.65  6.67  5.02 106 1013.1  26.8  27.4  22.1 99.0 99.00
2016 01 17 12 50 106  8.0  9.2  1.43  6.67  4.94 105 1013.9  27.2  27.4  22.3 99.0 99.00
2016 01 17 13 50 102  8.3  9.7  1.36  7.14  4.72 107 1014.6  27.2  27.4  22.2 99.0 99.00
2016 01 17 14 50 102  8.3  9.7  1.38  6.25  4.75 102 1014.8  27.3  27.4  22.4 99.0 99.00
2016 01 17 15 50 109  8.9  9.9  1.34  6.67  4.43 102 1014.7  27.2  27.5  22.5 99.0 99.00
2016 01 17 16 50 103  7.7  8.9  1.31  6.25  4.62 104 1014.3  27.1  27.5  22.6 99.0 99.00
2016 01 17 17 50 101  7.0  8.0  1.32  7.14  4.63 118 1013.6  27.2  27.6  22.7 99.0 99.00
2016 01 17 18 50  99  7.9  9.3  1.24  6.67  4.60 106 1012.7  27.2  27.6  22.6 99.0 99.00
2016 01 17 19 50 102  8.7 10.3  1.28  6.67  4.51 106 1011.6  27.2  27.6  22.8 99.0 99.00
2016 01 17 20 50 100  8.6  9.8  1.19  6.67  4.35 118 1011.4  27.3  27.6  22.8 99.0 99.00
2016 01 17 21 50  98  8.1  9.7  1.33  6.67  4.58 109 1011.4  27.3  27.6  22.8 99.0 99.00
2016 01 17 22 50  91  9.0 10.4  1.36  7.14  4.56 115 1011.6  27.1  27.5  22.6 99.0 99.00
2016 01 17 23 50  90  8.5 10.1  1.35  6.67  4.43 127 1012.0  27.1  27.5  22.5 99.0 99.00
2016 01 18 00 50  98  8.1 10.0  1.27  6.67  4.43 116 1012.8  27.0  27.5  22.4 99.0 99.00
2016 01 18 01 50  80  7.4  8.8  1.32  6.67  4.54 102 1013.7  27.1  27.5  22.4 99.0 99.00
2016 01 18 02 50  77  7.6  9.1  1.33  6.25  4.57 111 1014.2  27.0  27.4  21.5 99.0 99.00
2016 01 18 03 50  80  6.8  8.3  1.31  6.67  4.69 119 1014.3  27.0  27.4  22.0 99.0 99.00
2016 01 18 04 50  78  7.3  8.8  1.31  6.67  4.71 109 1013.8  26.9  27.4  21.9 99.0 99.00
2016 01 18 05 50  63  6.9  8.0  1.37  6.67  4.96 112 1013.3  26.7  27.4  21.7 99.0 99.00
2016 01 18 06 50  63  6.6  7.8  1.20  6.67  4.53 116 1012.8  26.8  27.4  21.5 99.0 99.00
2016 01 18 07 50  52  7.3  9.1  1.24  6.25  4.60 110 1012.1  26.8  27.4  22.1 99.0 99.00
2016 01 18 08 50  64  7.8  9.1  1.24  6.25  4.65 112 1011.8  26.7  27.4  22.0 99.0 99.00
2016 01 18 09 50  68  7.2  8.5  1.29  6.25  4.71 108 1012.2  26.8  27.4  22.0 99.0 99.00
2016 01 18 10 50  72  8.0  9.1  1.27  6.67  4.56 113 1012.5  26.8  27.4  22.2 99.0 99.00
2016 01 18 11 50  72  8.2  9.3  1.34  6.25  4.46 105 1013.0  26.8  27.4  22.4 99.0 99.00
2016 01 18 12 50  86  7.3  8.7  1.23  6.67  4.36 120 1014.2  27.1  27.4  22.2 99.0 99.00
2016 01 18 13 50  87  8.4  9.9  1.25  6.25  4.45 111 1014.9  27.3  27.4  21.9 99.0 99.00
2016 01 18 14 50  85  7.3  9.0  1.24  6.67  4.41 104 1015.6  27.2  27.4  21.9 99.0 99.00
2016 01 18 15 50  78  7.6  9.3  1.25  5.88  4.56 114 1015.7  27.3  27.4  21.7 99.0 99.00
2016 01 18 16 50  90  7.2  8.1  1.25  6.67  4.55 109 1015.0  27.2  27.5  21.6 99.0 99.00
2016 01 18 17 50  90  6.7  7.8  1.16  6.67  4.50 114 1014.4  27.2  27.5  21.6 99.0 99.00
2016 01 18 18 50  79  6.7  7.8  1.07  6.25  4.46 117 1013.5  27.1  27.6  22.1 99.0 99.00
2016 01 18 19 50  79  6.9  7.8  1.02  6.67  4.37 122 1012.9  27.2  27.6  22.0 99.0 99.00
2016 01 18 20 50  76  7.0  7.8  1.02  6.67  4.37 130 1013.0  27.3  27.6  21.9 99.0 99.00
2016 01 18 21 50  64  7.2  8.6  1.05  6.25  4.33 112 1013.3  27.3  27.6  21.6 99.0 99.00
2016 01 18 22 50  70  7.7  9.0  1.06  5.88  4.32 126 1013.8  27.2  27.5  21.9 99.0 99.00
2016 01 18 23 50  59  7.4  9.2  1.03  6.25  4.23 116 1014.3  27.2  27.5  21.8 99.0 99.00
2016 01 19 00 50  55  7.9  9.0  1.09  6.25  4.20 107 1015.5  27.2  27.5  22.2 99.0 99.00
2016 01 19 01 50  62  7.9  9.5  1.15  6.25  4.25 118 1016.2  27.1  27.5  21.8 99.0 99.00
2016 01 19 02 50  63  8.3  9.6  1.10  6.67  4.18  98 1016.7  27.2  27.5  21.5 99.0 99.00
2016 01 19 03 50  65  8.1  9.6  1.12  4.55  4.13  95 1016.7  27.2  27.5  21.8 99.0 99.00
2016 01 19 04 50  64  8.0  9.5  1.14  4.55  4.14  92 1016.6  27.1  27.5  22.3 99.0 99.00
2016 01 19 05 50  60  8.0  9.2  1.07  4.35  4.16  89 1015.9  26.9  27.4  22.0 99.0 99.00
2016 01 19 06 50  57  7.5  9.3  1.11  4.55  4.14  93 1015.3  26.8  27.4  22.2 99.0 99.00
2016 01 19 07 50  50  7.6  8.9  1.05  4.35  4.07  94 1014.7  26.8  27.4  21.5 99.0 99.00
2016 01 19 08 50  44  8.3 10.1  1.09  5.26  4.25 101 1014.8  26.9  27.4  21.8 99.0 99.00
2016 01 19 09 50  40  8.7 10.1  1.12  4.76  4.16  98 1015.1  26.7  27.4  22.2 99.0 99.00
2016 01 19 10 50  46  9.1 10.8  1.11  5.88  4.23 102 1015.4  26.8  27.4  22.5 99.0 99.00
2016 01 19 11 50  46  8.5 10.2  1.20  5.26  4.15 112 1016.1  26.8  27.4  22.6 99.0 99.00
2016 01 19 12 50  47  8.7 10.3  1.23  5.00  4.30 101 1017.3  27.1  27.4  22.6 99.0 99.00
2016 01 19 13 50  55  8.8 10.4  1.32  4.76  4.18  80 1018.0  27.3  27.4  22.4 99.0 99.00
2016 01 19 14 50  60  8.4  9.8  1.32  4.55  4.18  67 1018.0  27.2  27.4  22.5 99.0 99.00
2016 01 19 15 50  55  8.9 10.4  1.29  4.55  4.26  65 1017.4  27.2  27.4  22.7 99.0 99.00
2016 01 19 16 50  59  9.5 10.6  1.29  5.00  4.16  73 1016.4  27.2  27.5  22.4 99.0 99.00
2016 01 19 17 50  59  8.9 10.5  1.25  6.25  4.21 125 1015.3  27.2  27.5  22.6 99.0 99.00
2016 01 19 18 50  53  8.0  9.3  1.27  5.88  4.25 108 1014.4  27.1  27.5  22.7 99.0 99.00
2016 01 19 19 50  55  8.1  9.7  1.21  6.67  4.25 131 1013.9  27.3  27.5  22.9 99.0 99.00
2016 01 19 20 50  57  8.8 10.4  1.26  5.56  4.40 102 1013.7  27.3  27.5  22.8 99.0 99.00
2016 01 19 21 50  57  8.4  9.7  1.27  5.88  4.31 110 1014.2  27.3  27.5  22.9 99.0 99.00
2016 01 19 22 50  54  8.5  9.8  1.27  5.88  4.30 112 1014.3  27.1  27.5  22.5 99.0 99.00
2016 01 19 23 50  63  8.4 10.0  1.17  5.88  4.18  98 1014.7  27.2  27.5  22.5 99.0 99.00
2016 01 20 00 50  70  8.9 10.4  1.23  4.76  4.19  84 1015.3  27.2  27.5  22.2 99.0 99.00
2016 01 20 01 50  66  9.1 10.9  1.32  5.88  4.22 102 1016.0  27.3  27.5  22.1 99.0 99.00
2016 01 20 02 50  77  9.3 11.0  1.31  5.56  4.28  94 1015.9  27.1  27.5  22.3 99.0 99.00
2016 01 20 03 50  69  8.9 10.1  1.27  6.25  4.25  94 1015.8  26.9  27.5  22.6 99.0 99.00
2016 01 20 04 50  68  8.7 10.3  1.30  4.76  4.42  95 1015.6  26.9  27.5  22.7 99.0 99.00
2016 01 20 05 50  59  8.8 10.2  1.37  5.00  4.41  90 1014.9  26.9  27.5  22.9 99.0 99.00
2016 01 20 06 50  61  8.4 10.0  1.31  5.88  4.36 103 1014.2  26.8  27.5  23.0 99.0 99.00
2016 01 20 07 50  68  8.8 10.8  1.39  6.67  4.47 102 1013.7  26.9  27.5  23.0 99.0 99.00
2016 01 20 08 50  65  8.6  9.6  1.39  6.67  4.73  93 1013.7  26.9  27.5  22.6 99.0 99.00
2016 01 20 09 50  70  8.3  9.5  1.42  6.67  4.61 104 1014.1  26.9  27.5  22.7 99.0 99.00
2016 01 20 10 50  67  8.3  9.6  1.29  6.67  4.54 111 1014.6  26.9  27.5  22.7 99.0 99.00
2016 01 20 11 50  63  8.5  9.6  1.49  6.67  4.76  99 1015.1  27.0  27.5  22.4 99.0 99.00
2016 01 20 12 50  68  8.6 10.2  1.39  6.25  4.69  98 1015.8  27.2  27.5  22.0 99.0 99.00
2016 01 20 13 50  67  8.0  9.2  1.52  6.67  4.94  91 1016.6  27.3  27.5  22.4 99.0 99.00
2016 01 20 14 50  70  8.0  9.6  1.37  6.67  4.54  82 1016.8  27.3  27.5  22.6 99.0 99.00
2016 01 20 15 50  64  7.9  9.2  1.39  6.67  4.61  88 1016.7  27.2  27.5  22.7 99.0 99.00
2016 01 20 16 50  56  8.1  9.6  1.33  6.67  4.57  82 1015.9  27.2  27.6  22.8 99.0 99.00
2016 01 20 17 50  59  7.6  9.7  1.42  6.67  4.76  65 1014.9  27.2  27.6  22.8 99.0 99.00
2016 01 20 18 50  74  8.6 10.1  1.37  6.67  4.63  88 1013.9  26.9  27.6  23.2 99.0 99.00
2016 01 20 19 50  56  8.5 10.6  1.33  6.67  4.66  72 1013.2  25.7  27.6  23.3 99.0 99.00
2016 01 20 20 50  34  7.6  9.2  1.31  6.25  4.71  65 1013.1  25.1  27.5  22.4 99.0 99.00
2016 01 20 21 50  46  9.7 11.9  1.25  5.26  4.46  75 1013.4  25.2  27.5  22.9 99.0 99.00
2016 01 20 22 50  50 10.2 12.1  1.26  5.88  4.42  77 1013.6  25.4  27.5  22.9 99.0 99.00
2016 01 20 23 50  61  8.5 10.3  1.62  4.76  4.50  81 1013.8  25.4  27.5  22.6 99.0 99.00
2016 01 21 00 50  65 10.0 11.8  1.43  5.26  4.56  68 1014.0  26.9  27.5  22.2 99.0 99.00
2016 01 21 01 50  63 10.4 12.2  1.42  6.25  4.49  85 1014.6  26.8  27.5  23.0 99.0 99.00
2016 01 21 02 50  79  9.5 11.0  1.46  6.67  4.46  65 1014.8  26.6  27.5  23.6 99.0 99.00
2016 01 21 03 50  68  9.0 11.0  1.54  6.67  4.74  61 1014.7  26.5  27.5  23.4 99.0 99.00
2016 01 21 04 50  76 10.6 13.3  1.55  6.67  4.68  67 1014.4  26.5  27.5  23.1 99.0 99.00
2016 01 21 05 50  74 10.3 12.4  1.53  6.25  4.49  68 1014.2  25.4  27.5  22.6 99.0 99.00
2016 01 21 06 50  63  9.6 11.3  1.56  6.67  4.79  61 1013.2  27.0  27.5  22.2 99.0 99.00
2016 01 21 07 50  67  9.2 10.9  1.45  6.25  4.73  67 1012.8  26.7  27.5  23.2 99.0 99.00
2016 01 21 08 50  62  9.5 11.1  1.50  7.14  4.63  73 1012.9  26.6  27.5  23.3 99.0 99.00
2016 01 21 09 50  68  9.4 10.8  1.49  5.56  4.57  73 1013.2  26.8  27.5  22.9 99.0 99.00
2016 01 21 10 50  82  9.8 11.4  1.39  6.67  4.46  75 1013.4  26.9  27.5  22.8 99.0 99.00
2016 01 21 11 50  79  9.0 10.6  1.39  5.26  4.45  85 1014.1  26.9  27.5  23.0 99.0 99.00
2016 01 21 12 50  81  8.9 10.8  1.38  5.56  4.46  88 1015.0  27.1  27.5  23.3 99.0 99.00
2016 01 21 14 50  72  8.5 10.1  1.43  5.88  4.63  92 1016.3  27.2  27.4  23.4 99.0 99.00
2016 01 21 15 50  84  9.8 11.6  1.51  5.26  4.63  77 1015.9  27.3  27.4  23.2 99.0 99.00
2016 01 21 16 50  88  9.4 10.9  1.60  6.67  4.56  87 1015.1  27.2  27.4  23.3 99.0 99.00
2016 01 21 17 50  91  8.8 10.1  1.56  6.67  4.64  87 1014.0  27.2  27.5  22.7 99.0 99.00
2016 01 21 18 50  84 10.3 12.0  1.61  6.67  4.74  76 1012.9  27.3  27.5  22.5 99.0 99.00
2016 01 21 19 50  84  9.8 11.1  1.79  5.88  5.01  80 1012.3  27.2  27.5  22.6 99.0 99.00
2016 01 21 20 50  79  8.9 11.3  1.79  6.67  5.03  81 1012.2  27.1  27.5  22.9 99.0 99.00
2016 01 21 21 50  73  8.9 10.2  1.68  6.25  5.00  82 1012.2  27.1  27.5  22.9 99.0 99.00
2016 01 21 22 50  79  9.3 10.9  1.62  6.67  4.81  79 1012.3  27.0  27.5  22.8 99.0 99.00
2016 01 21 23 50  77  9.9 11.6  1.58  6.67  4.80  87 1012.8  27.2  27.4  22.6 99.0 99.00
2016 01 22 00 50  78 10.0 11.8  1.57  6.25  4.68  85 1013.4  26.9  27.4  22.9 99.0 99.00
2016 01 22 01 50  77  9.8 11.6  1.65  6.25  4.82  79 1014.1  27.0  27.4  22.7 99.0 99.00
2016 01 22 02 50  75  9.9 11.7  1.61  6.25  4.64  85 1014.2  27.0  27.4  22.9 99.0 99.00
2016 01 22 03 50  78  9.8 11.5  1.65  6.67  4.73  71 1013.8  26.9  27.4  22.5 99.0 99.00
2016 01 22 04 50  75 10.2 12.2  1.80  6.25  4.92  90 1013.5  26.8  27.4  21.6 99.0 99.00
2016 01 22 06 50  75  9.1 10.8  1.68  7.14  4.80  79 1012.2  26.6  27.4  21.7 99.0 99.00
2016 01 22 07 50  67  8.8 10.3  1.67  6.67  4.86  93 1011.9  26.7  27.4  22.3 99.0 99.00
2016 01 22 08 50  73  8.7 10.6  1.62  6.25  4.94  96 1012.2  26.7  27.4  22.4 99.0 99.00
2016 01 22 09 50  78  9.0 10.5  1.67  6.67  4.91  90 1012.5  26.8  27.4  22.1 99.0 99.00
2016 01 22 10 50  81  9.2 10.6  1.63  6.25  4.84  89 1012.9  26.6  27.4  21.9 99.0 99.00
2016 01 22 11 50  83  9.0 10.5  1.59  6.25  4.75  90 1013.4  26.7  27.4  22.1 99.0 99.00
2016 01 22 12 50  82  9.4 11.3  1.72  6.67  4.97  93 1013.9  27.0  27.4  22.5 99.0 99.00
2016 01 22 13 50  84 10.1 11.9  1.72  6.25  4.89  87 1014.3  27.2  27.4  23.0 99.0 99.00
2016 01 22 14 50  88  9.6 10.8  1.60  6.25  4.71 103 1014.4  27.3  27.4  22.8 99.0 99.00
2016 01 22 15 50  90 10.3 11.9  1.63  6.25  4.68  95 1013.8  27.2  27.4  23.3 99.0 99.00
2016 01 22 16 50  91  9.4 11.2  1.61  6.25  4.71  97 1013.1  27.1  27.4  23.7 99.0 99.00
2016 01 22 17 50 101  8.7  9.9  1.71  6.25  4.73  85 1012.1  27.2  27.5  23.4 99.0 99.00
2016 01 22 18 50 108  9.2 10.9  1.70  6.67  4.81  99 1010.9  27.1  27.5  23.4 99.0 99.00
2016 01 22 19 50 110  8.2  9.8  1.65  6.25  4.82 101 1010.7  27.1  27.5  23.0 99.0 99.00
2016 01 22 20 50 114  8.7 10.2  1.51  6.67  4.70  74 1010.5  27.3  27.5  22.8 99.0 99.00
2016 01 22 21 50 108  8.7 10.0  1.58  6.25  4.89  85 1010.7  27.1  27.5  23.0 99.0 99.00
2016 01 22 22 50 105  8.1  9.3  1.71  6.25  5.09 101 1011.5  27.1  27.5  23.2 99.0 99.00
2016 01 22 23 50 105  7.4  8.8  1.59  6.67  5.05 109 1011.8  27.0  27.5  23.4 99.0 99.00
2016 01 23 00 50  96  7.9  9.3  1.58  6.67  5.01 114 1012.8  27.2  27.4  23.2 99.0 99.00
2016 01 23 01 50  94  6.7  7.9  1.58  6.67  5.10 119 1013.5  27.1  27.4  23.4 99.0 99.00
2016 01 23 02 50  86  8.2 10.1  1.52  7.14  5.06 106 1013.5  27.2  27.4  23.6 99.0 99.00
2016 01 23 03 50  88  7.5  8.6  1.57  7.14  5.17 117 1013.5  27.1  27.4  23.1 99.0 99.00
2016 01 23 04 50  88  7.1  8.3  1.65  6.25  5.22  97 1013.2  27.0  27.4  23.6 99.0 99.00
2016 01 23 05 50  85  8.9 10.2  1.53  7.14  4.88  94 1012.3  27.0  27.4  23.0 99.0 99.00
2016 01 23 06 50  85  9.1 11.3  1.45  7.14  4.79  90 1011.6  26.8  27.3  23.1 99.0 99.00
2016 01 23 07 50  87  7.2  8.4  1.47  6.67  4.71 106 1011.4  26.8  27.3  23.2 99.0 99.00
2016 01 23 08 50  90  7.5  8.9  1.40  7.14  4.72  81 1011.4  26.8  27.3  22.8 99.0 99.00
2016 01 23 09 50  97  7.6  9.6  1.43  7.14  4.95  87 1011.4  26.9  27.3  23.0 99.0 99.00
2016 01 23 10 50  99  7.0  8.8  1.49  7.14  4.90  87 1012.0  26.8  27.3  23.0 99.0 99.00
2016 01 23 11 50 102  6.7  8.1  1.36  6.25  4.83  82 1012.8  26.9  27.3  22.8 99.0 99.00
2016 01 23 12 50 107  7.8  9.2  1.34  7.14  5.06  95 1013.8  27.3  27.3  22.1 99.0 99.00
2016 01 23 13 50 104  7.4  8.5  1.38  7.14  4.92  89 1014.6  27.3  27.3  22.4 99.0 99.00
2016 01 23 14 50 112  6.8  8.0  1.43  7.14  5.06 101 1014.8  27.2  27.3  22.4 99.0 99.00
2016 01 23 15 50 115  6.0  7.2  1.34  7.14  4.89  89 1014.9  27.2  27.4  22.4 99.0 99.00
2016 01 23 16 50 110  6.5  7.5  1.57  7.14  5.18  98 1014.0  27.1  27.4  22.2 99.0 99.00
2016 01 23 17 50 108  6.3  7.2  1.41  7.14  5.14 107 1013.0  27.1  27.5  22.5 99.0 99.00
2016 01 23 18 50 111  5.6  6.7  1.41  7.14  5.15  98 1012.4  27.0  27.6  22.4 99.0 99.00
2016 01 23 19 50 115  5.3  6.2  1.39  7.14  5.27  99 1011.9  27.0  27.6  22.5 99.0 99.00
2016 01 23 20 50 109  5.1  5.8  1.36  7.14  5.20 102 1011.8  27.1  27.6  22.4 99.0 99.00
2016 01 23 21 50 107  4.8  6.0  1.33  7.14  5.22  99 1011.9  27.1  27.5  22.5 99.0 99.00
2016 01 23 22 50 101  3.7  5.8  1.43  7.14  5.37 102 1012.4  26.9  27.5  22.8 99.0 99.00
2016 01 23 23 50  97  5.3  6.4  1.48  7.14  5.62  99 1012.8  27.0  27.5  23.0 99.0 99.00
2016 01 24 00 50 101  4.9  5.7  1.40  7.14  5.52 105 1013.4  26.9  27.4  23.2 99.0 99.00
2016 01 24 01 50  93  5.0  5.7  1.35  6.67  5.53 105 1013.9  27.0  27.4  22.9 99.0 99.00
2016 01 24 02 50  89  5.5  6.3  1.25  7.14  5.34 101 1014.1  26.9  27.4  22.9 99.0 99.00
2016 01 24 03 50  95  5.2  6.1  1.22  6.67  5.28 104 1014.1  26.9  27.4  22.6 99.0 99.00
2016 01 24 04 50  90  4.2  5.4  1.26  6.67  5.52 104 1014.0  26.8  27.3  23.0 99.0 99.00
2016 01 24 05 50  79  4.3  4.8  1.25  7.14  5.56 108 1013.6  26.7  27.3  22.5 99.0 99.00
2016 01 24 06 50  80  4.6  5.8  1.30  7.69  5.62 102 1012.6  26.6  27.3  22.4 99.0 99.00
2016 01 24 07 50  92  4.7  5.6  1.21  7.14  5.47  90 1012.0  26.6  27.3  22.7 99.0 99.00
2016 01 24 08 50  80  4.5  5.4  1.26  7.14  5.64 104 1011.9  26.5  27.3  22.6 99.0 99.00
2016 01 24 09 50  72  4.6  5.6  1.13  7.69  5.55 103 1012.3  26.5  27.3  22.6 99.0 99.00
2016 01 24 10 50  73  4.9  6.1  1.11  7.14  5.37  85 1013.0  26.6  27.3  22.5 99.0 99.00
2016 01 24 11 50  72  5.0  5.9  1.11  7.69  5.48 104 1013.6  26.6  27.3  22.3 99.0 99.00
2016 01 24 12 50  82  5.3  6.3  1.20  7.69  5.42  92 1014.5  26.9  27.3  22.1 99.0 99.00
2016 01 24 13 50  82  5.1  6.1  1.15  7.69  5.54  93 1015.6  27.1  27.3  22.2 99.0 99.00
2016 01 24 14 50  82  4.7  5.3  1.03  8.33  5.18  86 1015.9  27.1  27.4  22.6 99.0 99.00
2016 01 24 15 50  81  4.7  5.5  1.14  8.33  5.47  93 1015.6  27.1  27.5  22.5 99.0 99.00
2016 01 24 16 50  72  4.5  5.2  0.98  8.33  5.22  88 1015.3  27.0  27.6  22.4 99.0 99.00
2016 01 24 17 50  70  4.0  4.7  1.09  8.33  5.40  77 1014.5  27.1  27.7  22.5 99.0 99.00
2016 01 24 18 50  67  4.1  4.7  1.07  8.33  5.59  93 1013.6  27.1  27.8  22.4 99.0 99.00
2016 01 24 19 50  73  4.5  5.4  1.07  8.33  5.52  75 1012.8  27.1  27.8  22.6 99.0 99.00
2016 01 24 20 50  51  4.2  5.0  1.07  8.33  5.86  75 1013.2  27.3  27.8  22.7 99.0 99.00
2016 01 24 21 50  56  4.2  5.1  1.36  9.09  6.44 295 1013.4  27.3  27.8  22.8 99.0 99.00
2016 01 24 22 50  57  4.0  4.7  1.55  8.33  6.64  70 1013.7  27.1  27.7  22.6 99.0 99.00
2016 01 24 23 50  50  4.6  5.2  1.61 10.00  6.89 293 1014.0  27.1  27.7  22.9 99.0 99.00
2016 01 25 00 50  41  5.8  7.1  1.53  9.09  6.68 291 1014.5  27.0  27.7  23.1 99.0 99.00
2016 01 25 01 50  54  5.7  6.4  1.63  9.09  6.39 314 1015.2  27.0  27.7  23.1 99.0 99.00
2016 01 25 02 50  50  5.4  6.2  1.63  8.33  5.95 297 1015.9  27.1  27.6  22.5 99.0 99.00
2016 01 25 03 50  37  5.8  7.1  1.73  9.09  6.10 306 1015.7  26.5  27.6  23.6 99.0 99.00
2016 01 25 04 50  54  6.2  7.5  1.60  8.33  5.56 326 1015.3  26.7  27.5  23.8 99.0 99.00
2016 01 25 05 50  59  6.4  7.3  1.73  6.67  5.70 330 1015.4  26.8  27.6  22.7 99.0 99.00
2016 01 25 06 50  69  6.5  7.2  1.70  7.69  5.77 299 1014.6  26.9  27.6  22.8 99.0 99.00
2016 01 25 07 50  69  7.3  8.2  1.78  7.69  5.92 335 1014.4  26.8  27.5  22.1 99.0 99.00
2016 01 25 08 50  71  7.3  8.5  1.64  7.14  5.71 331 1014.1  26.8  27.5  22.3 99.0 99.00
2016 01 25 09 50  71  7.7  9.1  1.59  7.14  5.55 342 1014.4  26.8  27.5  22.1 99.0 99.00
2016 01 25 10 50  67  8.3  9.6  1.57  7.14  5.24 347 1014.8  26.9  27.5  22.4 99.0 99.00
2016 01 25 11 50  66  8.9 10.3  1.56  7.14  5.10 340 1015.3  26.9  27.5  22.3 99.0 99.00
2016 01 25 12 50  62  8.9 10.4  1.60  7.14  5.12 344 1016.5  27.2  27.5  22.6 99.0 99.00
2016 01 25 13 50  64  9.8 11.8  1.55  7.69  4.90 338 1017.1  27.3  27.5  22.8 99.0 99.00
2016 01 25 14 50  76  9.4 11.1  1.55  8.33  4.83 330 1017.4  27.3  27.5  23.0 99.0 99.00
2016 01 25 15 50  83  9.2 11.0  1.59  7.69  4.86   1 1017.3  27.4  27.5  23.2 99.0 99.00
2016 01 25 16 50  81  9.0 10.4  1.73  7.69  5.06  34 1016.4  27.3  27.5  23.1 99.0 99.00
2016 01 25 17 50  85  8.9 10.7  1.64  8.33  4.98 348 1015.7  27.1  27.6  23.1 99.0 99.00
2016 01 25 18 50  83  9.0 10.3  1.65  7.69  5.07   5 1015.0  27.4  27.6  22.6 99.0 99.00
2016 01 25 19 50  79  9.9 11.4  1.66  7.69  4.87  27 1014.4  27.4  27.6  22.3 99.0 99.00
2016 01 25 20 50  87 10.1 12.1  1.55  7.14  4.72   6 1014.3  27.5  27.6  22.3 99.0 99.00
2016 01 25 21 50  80  9.6 11.2  1.63  7.69  4.71  64 1014.5  27.4  27.6  22.6 99.0 99.00
2016 01 25 22 50  81 10.4 12.4  1.74  7.69  4.91  44 1014.7  27.4  27.6  22.2 99.0 99.00
2016 01 25 23 50  81 10.7 12.6  1.66  5.88  4.82  73 1015.1  27.4  27.5  22.4 99.0 99.00
2016 01 26 00 50  80 11.0 12.9  1.77  5.88  4.85  87 1015.7  27.4  27.5  22.5 99.0 99.00
2016 01 26 01 50  82 11.0 12.8  1.78  6.25  4.78  94 1016.2  27.4  27.5  22.5 99.0 99.00
2016 01 26 02 50  83 10.9 12.8  1.82  5.56  4.82  93 1016.6  27.4  27.5  23.0 99.0 99.00
2016 01 26 03 50  88 12.0 14.1  1.94  5.56  4.94  87 1016.5  27.4  27.5  21.9 99.0 99.00
2016 01 26 04 50  85 12.1 14.5  1.89  6.25  4.82 100 1016.0  27.4  27.5  21.7 99.0 99.00
2016 01 26 05 50  86 12.6 16.6  2.18  6.67  5.09  94 1015.5  27.2  27.5  22.0 99.0 99.00
2016 01 26 06 50  88 11.7 14.6  2.31  6.67  5.16  95 1014.9  27.2  27.4  22.4 99.0 99.00
2016 01 26 07 50  83 11.5 13.7  2.46  7.69  5.33  69 1014.1  27.1  27.4  22.9 99.0 99.00
2016 01 26 08 50  80 12.6 15.4  2.37  7.14  5.26  85 1013.8  27.1  27.4  22.4 99.0 99.00
2016 01 26 09 50  82 12.4 15.0  2.78  7.69  5.68  85 1014.2  27.1  27.4  22.2 99.0 99.00
2016 01 26 10 50  81 12.1 14.7  2.42  7.14  5.58  81 1014.7  27.2  27.4  22.8 99.0 99.00
2016 01 26 11 50  83 11.9 15.0  2.85  7.14  5.76  93 1015.3  27.3  27.4  23.2 99.0 99.00
2016 01 26 12 50  86 12.2 14.5  2.67  7.14  5.72  94 1016.1  27.4  27.3  23.0 99.0 99.00
2016 01 26 13 50  80 12.2 15.1  2.50  7.69  5.57  95 1016.9  27.4  27.3  23.0 99.0 99.00
2016 01 26 14 50  85 11.4 13.6  2.55  7.69  5.79  95 1017.3  27.6  27.3  23.2 99.0 99.00
2016 01 26 15 50  83 12.3 14.7  2.29  8.33  5.42 101 1016.9  27.6  27.3  23.1 99.0 99.00
2016 01 26 16 50  93 13.3 16.5  2.73  7.69  5.71  92 1016.2  27.4  27.3  23.0 99.0 99.00
2016 01 26 17 50  85 11.2 14.2  2.76  7.69  5.72  96 1015.6  27.3  27.3  22.7 99.0 99.00
2016 01 26 18 50  92 12.4 14.5  2.61  8.33  5.67  73 1014.8  27.5  27.3  22.8 99.0 99.00
2016 01 26 19 50  89 11.6 14.1  2.75  8.33  5.75  85 1014.0  27.5  27.3  23.1 99.0 99.00
2016 01 26 20 50  91 11.3 13.8  2.98  8.33  5.97  85 1013.6  27.4  27.3  23.0 99.0 99.00
2016 01 26 21 50  88 11.2 13.1  2.76  8.33  5.90  82 1013.5  27.5  27.3  23.2 99.0 99.00
2016 01 26 22 50  82 11.0 13.0  2.80  8.33  6.08  77 1013.9  27.3  27.3  23.5 99.0 99.00
2016 01 26 23 50  83 11.5 14.6  2.84  8.33  5.90  87 1013.8  27.3  27.3  23.4 99.0 99.00
2016 01 27 00 50  87 12.3 14.8  2.75  8.33  5.70  86 1014.2  27.4  27.3  23.1 99.0 99.00
2016 01 27 01 50  87 12.0 15.1  2.69  8.33  5.73  86 1014.8  27.2  27.3  23.5 99.0 99.00
2016 01 27 02 50  87 11.8 13.8  2.87  8.33  5.94  92 1015.1  27.3  27.3  23.2 99.0 99.00
2016 01 27 03 50  92 12.3 14.8  2.92  8.33  6.00  88 1014.9  27.4  27.3  22.9 99.0 99.00
2016 01 27 04 50  85 12.7 14.8  2.90  9.09  5.86  83 1014.5  27.3  27.3  22.7 99.0 99.00
2016 01 27 05 50  87 12.4 15.1  2.91  8.33  6.11  81 1014.0  27.3  27.3  22.7 99.0 99.00
2016 01 27 06 50  87 12.0 14.2  2.90  7.69  5.84  80 1013.3  27.2  27.3  22.7 99.0 99.00
2016 01 27 07 50  85 11.0 13.5  2.94  8.33  5.96  78 1012.8  27.1  27.4  23.1 99.0 99.00
2016 01 27 08 50  89 12.0 14.7  2.98  8.33  6.06  82 1012.3  27.1  27.4  22.8 99.0 99.00
2016 01 27 09 50  92 12.6 15.1  2.86  7.69  5.82  79 1012.6  27.1  27.4  22.4 99.0 99.00
2016 01 27 10 50  86 12.5 15.3  2.89  9.09  6.00  58 1012.6  26.9  27.4  23.1 99.0 99.00
2016 01 27 11 50  92 11.9 13.8  2.85  9.09  5.90  65 1013.2  27.2  27.4  22.9 99.0 99.00
2016 01 27 12 50  95 12.7 15.6  2.73  8.33  5.78  90 1014.0  27.5  27.3  22.4 99.0 99.00
2016 01 27 13 50  91 12.7 15.2  3.11  9.09  6.17  75 1014.9  27.4  27.4  22.8 99.0 99.00
2016 01 27 14 50  86 10.2 12.8  3.12  8.33  6.24  88 1015.5  27.4  27.4  23.4 99.0 99.00
2016 01 27 15 50  92 11.6 14.4  2.93  8.33  6.05  89 1015.2  27.5  27.4  23.2 99.0 99.00
2016 01 27 16 50  96 11.7 13.8  2.90  8.33  6.00  83 1014.2  27.3  27.4  23.0 99.0 99.00
2016 01 27 17 50  96 11.1 13.0  2.69  7.69  5.82  84 1013.2  27.4  27.4  23.2 99.0 99.00
2016 01 27 18 50  93 10.8 12.5  2.94  8.33  6.34  85 1012.2  27.4  27.4  23.3 99.0 99.00
2016 01 27 19 50  95 11.7 13.6  2.68  8.33  5.93  85 1011.1  27.4  27.4  23.1 99.0 99.00
2016 01 27 20 50  98 10.9 12.5  2.60  8.33  5.97 102 1010.9  27.5  27.4  23.4 99.0 99.00
2016 01 27 21 50  95 11.4 14.1  2.78  8.33  5.94  94 1010.7  27.5  27.4  23.3 99.0 99.00
2016 01 27 22 50  94 11.3 13.4  2.59  8.33  5.83 101 1010.9  27.4  27.4  23.5 99.0 99.00
2016 01 27 23 50  91 12.2 14.3  2.54  8.33  5.73  99 1011.2  27.4  27.4  23.1 99.0 99.00
2016 01 28 00 50  87 12.0 15.5  2.82  8.33  6.04  93 1011.7  27.3  27.4  23.4 99.0 99.00
2016 01 28 01 50  86 13.2 15.9  2.74  7.14  5.86 103 1012.3  27.4  27.4  22.9 99.0 99.00
2016 01 28 02 50  88 12.3 14.9  2.81  7.69  5.84 103 1012.8  27.4  27.4  23.0 99.0 99.00
2016 01 28 03 50  91 12.2 14.2  2.98  8.33  6.08 108 1012.9  27.3  27.4  22.6 99.0 99.00
2016 01 28 04 50  86 12.2 14.5  2.92  8.33  5.99 106 1013.0  27.3  27.4  22.9 99.0 99.00
2016 01 28 05 50  88 11.8 14.3  2.80  8.33  6.14  99 1012.4  27.2  27.4  23.1 99.0 99.00
2016 01 28 06 50  85 11.7 13.8  2.82  8.33  6.07 100 1011.7  27.2  27.4  22.8 99.0 99.00
2016 01 28 07 50  85 12.1 14.4  3.00  8.33  6.26 101 1011.1  27.1  27.4  22.8 99.0 99.00
2016 01 28 08 50  85 11.8 13.7  2.85  8.33  6.19  96 1011.1  27.1  27.4  22.5 99.0 99.00
2016 01 28 09 50  86 11.9 14.6  2.85  8.33  6.08  98 1011.6  27.2  27.4  21.9 99.0 99.00
2016 01 28 10 50  93 12.6 15.2  2.76  7.69  5.97 105 1012.2  27.1  27.4  21.7 99.0 99.00
2016 01 28 11 50  95 12.4 14.6  3.13  8.33  6.40  89 1012.8  27.3  27.4  22.0 99.0 99.00
2016 01 28 12 50  98 12.2 15.0  3.05  8.33  6.20  98 1013.6  27.4  27.4  21.9 99.0 99.00
2016 01 28 13 50  90 11.5 14.5  2.97  9.09  6.20  87 1014.4  27.5  27.4  22.5 99.0 99.00
2016 01 28 14 50  97 11.4 13.9  3.19  8.33  6.48 101 1014.8  27.6  27.4  22.6 99.0 99.00
2016 01 28 15 50  96 11.3 13.5  3.09  9.09  6.26  92 1014.7  27.5  27.4  22.5 99.0 99.00
2016 01 28 16 50 100 10.9 13.7  2.95  8.33  6.27 100 1014.2  27.5  27.4  22.6 99.0 99.00
2016 01 28 17 50 101 10.5 12.5  3.25  8.33  6.51 107 1013.3  27.5  27.4  22.5 99.0 99.00
2016 01 28 18 50  98 10.7 12.7  3.18  9.09  6.50 109 1012.4  27.5  27.4  22.6 99.0 99.00
2016 01 28 19 50  97 10.5 12.7  3.17  8.33  6.55 107 1011.7  27.4  27.4  22.5 99.0 99.00
2016 01 28 20 50 102 10.5 12.7  3.07  8.33  6.49 102 1011.5  27.5  27.4  22.5 99.0 99.00
2016 01 28 21 50  96 10.1 11.8  2.96  9.09  6.59  90 1011.7  27.4  27.4  22.7 99.0 99.00
2016 01 28 22 50  93 10.0 12.2  3.00  9.09  6.49  98 1011.8  27.3  27.4  23.3 99.0 99.00
2016 01 28 23 50  96  9.7 12.1  2.81  9.09  6.47  97 1012.1  27.3  27.4  23.4 99.0 99.00
2016 01 29 00 50  98 10.5 12.7  2.95  9.09  6.48  94 1012.9  27.3  27.4  23.0 99.0 99.00
2016 01 29 01 50  95  9.0 11.7  3.03  9.09  6.60  97 1013.7  27.2  27.4  23.6 99.0 99.00
2016 01 29 02 50  87  9.4 11.3  2.76  8.33  6.43  92 1013.8  27.2  27.4  23.8 99.0 99.00
2016 01 29 03 50  94 10.1 12.4  2.84  9.09  6.48  87 1013.6  27.2  27.4  23.4 99.0 99.00
2016 01 29 04 50  89 10.3 12.5  2.98  9.09  6.46  95 1013.2  27.0  27.4  23.3 99.0 99.00
2016 01 29 05 50  88  9.3 11.4  2.89  9.09  6.65  88 1012.8  27.1  27.4  23.3 99.0 99.00
2016 01 29 06 50  82  8.9 10.8  2.84  9.09  6.51  87 1012.4  27.0  27.4  22.5 99.0 99.00
2016 01 29 07 50  81  7.8  9.9  2.91  9.09  6.68  87 1011.9  27.0  27.4  22.5 99.0 99.00
2016 01 29 08 50  87  7.8  9.5  2.63  9.09  6.50  91 1011.9  26.9  27.4  22.9 99.0 99.00
2016 01 29 09 50  89  8.8 10.2  2.56  9.09  6.56  95 1012.1  26.8  27.4  22.8 99.0 99.00
2016 01 29 10 50  93  7.9  9.4  2.58  9.09  6.47  88 1012.8  26.9  27.3  22.4 99.0 99.00
2016 01 29 11 50  85  7.0  8.2  2.43 10.00  6.45  88 1013.6  26.9  27.3  22.6 99.0 99.00
2016 01 29 12 50  91  7.6  9.5  2.35  9.09  6.42  85 1014.4  27.2  27.3  22.4 99.0 99.00
2016 01 29 13 50  89  7.6  9.0  2.03  9.09  5.97  80 1015.1  27.2  27.3  22.6 99.0 99.00
2016 01 29 14 50  81  7.3  8.6  2.18 10.00  6.02  88 1015.7  27.2  27.4  22.7 99.0 99.00
2016 01 29 15 50  79  7.4  8.7  2.08  9.09  6.20  90 1015.5  27.2  27.4  22.7 99.0 99.00
2016 01 29 16 50  79  6.8  8.2  2.15  9.09  6.36  82 1015.1  27.1  27.4  22.5 99.0 99.00
2016 01 29 17 50  82  7.0  8.2  2.02  7.69  6.12 100 1014.3  27.1  27.5  22.5 99.0 99.00
2016 01 29 18 50  80  6.5  7.6  1.99  9.09  6.03  83 1013.6  27.1  27.5  22.7 99.0 99.00
2016 01 29 19 50  75  6.9  8.1  1.98  9.09  6.08  84 1012.8  27.1  27.5  22.5 99.0 99.00
2016 01 29 20 50  73  6.5  7.7  1.79  8.33  5.96 102 1012.8  27.1  27.5  22.5 99.0 99.00
2016 01 29 21 50  64  7.1  8.1  1.97  9.09  6.39  93 1012.8  27.1  27.5  22.9 99.0 99.00
2016 01 29 22 50  62  6.8  8.5  1.81  9.09  6.11  85 1013.3  27.0  27.5  22.9 99.0 99.00
2016 01 29 23 50  68  7.7  9.3  1.74  9.09  5.74  93 1013.5  26.9  27.5  22.9 99.0 99.00
2016 01 30 00 50  77  7.9  9.2  1.76  9.09  5.83 100 1014.1  27.0  27.4  22.6 99.0 99.00
2016 01 30 01 50  73  7.2  8.6  1.81  9.09  5.82  82 1014.6  26.9  27.4  23.0 99.0 99.00
2016 01 30 02 50  64  7.1  8.3  1.86  8.33  5.80  96 1015.1  26.9  27.4  23.0 99.0 99.00
2016 01 30 03 50  60  7.2  8.9  1.71  9.09  5.74  84 1015.1  26.9  27.4  22.9 99.0 99.00
2016 01 30 04 50  61  7.3  8.8  1.81  8.33  5.89  85 1014.8  26.8  27.4  22.8 99.0 99.00
2016 01 30 05 50  61  8.0  9.9  1.78  8.33  5.82  91 1014.4  26.8  27.4  22.9 99.0 99.00
2016 01 30 06 50  73  8.1  9.8  1.63  8.33  5.31  85 1013.8  26.7  27.4  23.6 99.0 99.00
2016 01 30 07 50  76  7.4  8.7  1.73  9.09  5.43  93 1013.5  26.6  27.4  22.3 99.0 99.00
2016 01 30 08 50  52  6.9  8.5  1.63  7.69  5.33  96 1013.6  26.6  27.4  23.0 99.0 99.00
2016 01 30 09 50  52  8.0  9.8  1.64  8.33  5.33  80 1014.1  26.7  27.4  23.1 99.0 99.00
2016 01 30 10 50  70  7.2  8.6  1.66  8.33  5.19  93 1014.2  26.6  27.4  23.5 99.0 99.00
2016 01 30 11 50  73  8.8 10.5  1.42  7.69  4.89 101 1014.5  26.9  27.4  23.0 99.0 99.00
2016 01 30 12 50  78  9.0 10.3  1.68  7.69  5.21  89 1015.1  26.7  27.4  23.1 99.0 99.00
2016 01 30 13 50  81  9.4 11.9  1.61  8.33  5.02  85 1015.9  27.1  27.4  22.7 99.0 99.00
2016 01 30 14 50  92  9.0 10.5  1.71  8.33  5.11  98 1016.3  27.1  27.4  23.2 99.0 99.00
2016 01 30 15 50  99  7.5  9.5  1.62  7.14  4.93  93 1016.0  27.1  27.4  23.3 99.0 99.00
2016 01 30 16 50 100  7.5  9.0  1.77  7.14  5.26  93 1015.6  27.1  27.4  23.4 99.0 99.00
2016 01 30 17 50 100  9.5 10.9  1.72  6.67  5.21  96 1014.6  27.3  27.4  22.5 99.0 99.00
2016 01 30 18 50  93  7.9  9.3  1.76  7.69  5.19  93 1013.9  27.2  27.4  23.2 99.0 99.00
2016 01 30 19 50  90  8.1  9.3  1.73  8.33  5.00  89 1013.3  27.1  27.4  23.0 99.0 99.00
2016 01 30 20 50  76  9.0 10.9  1.77  7.69  5.05  85 1013.3  27.3  27.4  22.6 99.0 99.00
2016 01 30 21 50  77  8.9 10.4  1.63  6.25  4.91  90 1013.7  27.3  27.4  22.0 99.0 99.00
2016 01 30 22 50  69  8.6  9.8  1.66  6.25  4.94  99 1014.0  27.1  27.4  22.3 99.0 99.00
2016 01 30 23 50  66  8.1 10.0  1.64  6.67  5.08  96 1014.6  27.0  27.3  22.0 99.0 99.00
2016 01 31 00 50  66  9.2 10.9  1.71  6.67  5.17  90 1015.1  27.0  27.3  21.6 99.0 99.00
2016 01 31 01 50  64  9.4 10.9  1.64  6.25  5.03  99 1015.7  27.0  27.3  21.8 99.0 99.00
2016 01 31 02 50  69  9.4 11.3  1.68  6.25  5.00  96 1015.9  27.0  27.3  21.9 99.0 99.00
2016 01 31 03 50  70  9.2 10.9  1.63  6.67  4.89  90 1015.7  26.9  27.3  22.1 99.0 99.00
2016 01 31 04 50  62  8.4  9.7  1.58  6.67  4.84  92 1015.3  26.8  27.3  22.3 99.0 99.00
2016 01 31 05 50  74  9.2 11.4  1.59  7.69  4.97  93 1014.7  26.8  27.3  21.9 99.0 99.00
2016 01 31 06 50  76  8.4 10.1  1.73  5.88  4.95 101 1014.1  26.7  27.3  22.2 99.0 99.00
2016 01 31 07 50  69  9.3 11.0  1.65  6.25  4.82 106 1013.7  26.7  27.3  22.2 99.0 99.00
2016 01 31 08 50  82  9.3 10.9  1.73  7.14  5.00  92 1013.6  26.8  27.3  22.2 99.0 99.00
2016 01 31 09 50  77  9.9 11.4  1.73  6.25  4.89  98 1013.8  26.7  27.3  22.1 99.0 99.00
2016 01 31 10 50  77  9.4 11.2  1.77  5.88  5.09  85 1014.4  26.8  27.3  22.6 99.0 99.00
2016 01 31 11 50  77  9.1 11.0  1.80  6.25  4.99  91 1015.1  26.8  27.3  22.1 99.0 99.00
2016 01 31 12 50  77  9.5 11.1  1.80  6.67  5.08  96 1015.9  26.9  27.3  22.1 99.0 99.00
2016 01 31 13 50  85  9.4 10.8  1.69  6.67  4.80  89 1016.6  27.1  27.3  22.3 99.0 99.00
2016 01 31 14 50  86  9.4 11.8  1.75  7.14  4.99  90 1016.6  27.1  27.3  22.6 99.0 99.00
2016 01 31 15 50  89  9.2 11.6  1.76  6.67  5.01  96 1016.2  27.2  27.3  22.4 99.0 99.00
2016 01 31 16 50  95  8.6 10.3  1.80  6.25  4.90  82 1015.5  27.1  27.4  22.3 99.0 99.00
2016 01 31 17 50  88  8.4  9.6  1.62  6.67  4.86  80 1014.7  27.0  27.4  22.6 99.0 99.00
2016 01 31 18 50  87  8.9 10.9  1.60  7.14  4.86 106 1013.8  27.1  27.4  22.6 99.0 99.00
2016 01 31 19 50  85  8.4 10.0  1.66  6.67  5.11 101 1013.2  27.1  27.4  22.6 99.0 99.00
2016 01 31 20 50  81  9.9 11.8  1.70  6.67  4.89 105 1012.6  27.1  27.4  22.0 99.0 99.00
2016 01 31 21 50  80  9.2 10.9  1.72  7.14  5.02  99 1012.8  27.1  27.4  22.0 99.0 99.00
2016 01 31 22 50  81  9.8 11.6  1.59  6.67  4.90 100 1012.9  27.1  27.4  21.7 99.0 99.00