#YY  MM DD hh mm WDIR WSPD GST  WVHT   DPD   APD MWD   PRES  ATMP  WTMP  DEWP  VIS  TIDE
#yr  mo dy hr mn degT m/s  m/s     m   sec   sec deg    hPa  degC  degC  degC  nmi    ft
2016 02 29 23 50  80  5.4  6.5  0.99  7.69  5.77  41 1022.4  20.5  23.1  11.6 99.0 99.00
2016 03 01 00 50  79  5.1  6.5  1.05  8.33  5.70  95 1022.8  20.6  23.1  12.2 99.0 99.00
2016 03 01 01 50  89  4.8  6.3  1.03  8.33  5.70  80 1022.9  20.6  23.0  12.6 99.0 99.00
2016 03 01 02 50  96  4.3  5.2  0.99  8.33  5.46  90 1023.3  20.6  23.0  12.4 99.0 99.00
2016 03 01 03 50  95  4.0  5.5  1.05  8.33  5.82  71 1023.1  20.6  23.0  12.8 99.0 99.00
2016 03 01 04 50 102  4.0  5.1  1.03  9.09  5.62  81 1022.7  20.7  23.0  12.8 99.0 99.00
2016 03 01 05 50 112  3.5  4.6  1.05  9.09  5.71  78 1022.6  20.7  23.0  12.6 99.0 99.00
2016 03 01 06 50  92  3.6  4.9  1.25  8.33  6.13  89 1022.0  20.7  23.0  12.8 99.0 99.00
2016 03 01 07 50  92  3.3  4.2  1.12  8.33  5.84  79 1021.8  20.8  23.1  12.5 99.0 99.00
2016 03 01 08 50  97  2.8  3.7  1.09  8.33  5.78  72 1021.9  20.9  23.2  12.3 99.0 99.00
2016 03 01 09 50  81  3.3  4.7  1.05  8.33  5.92  97 1022.2  21.0  23.3  12.3 99.0 99.00
2016 03 01 10 50  86  2.0  3.9  1.03  9.09  5.78  80 1022.8  21.1  23.3  11.3 99.0 99.00
2016 03 01 11 50  82  2.0  2.8  1.12 10.00  6.14  92 1023.6  21.4  23.4  10.3 99.0 99.00
2016 03 01 12 50  53  2.1  3.3  1.10  8.33  6.28  81 1024.0  21.7  23.4   9.9 99.0 99.00
2016 03 01 13 50  42  1.6  2.6  1.15  9.09  6.60  81 1024.4  21.5  23.5  10.7 99.0 99.00
2016 03 01 14 50  94  5.5  6.8  1.03 10.00  6.52  75 1024.0  21.4  23.5  12.5 99.0 99.00
2016 03 01 15 50  80  5.2  6.2  1.16  9.09  6.12  80 1023.8  21.4  23.6  12.1 99.0 99.00
2016 03 01 16 50  90  4.8  6.1  1.14 10.00  5.94  80 1023.1  21.4  23.6  11.7 99.0 99.00
2016 03 01 17 50  86  4.8  6.3  1.07 10.00  5.94  79 1022.0  21.3  23.7  11.6 99.0 99.00
2016 03 01 18 50  86  5.3  6.5  1.09  8.33  6.12  65 1021.1  21.3  23.6  12.0 99.0 99.00
2016 03 01 19 50  93  5.1  6.0  1.16 10.00  5.97  73 1021.0  21.3  23.3  11.7 99.0 99.00
2016 03 01 20 50  88  5.1  6.8  1.20 10.00  6.14  73 1021.0  21.2  23.3  11.9 99.0 99.00
2016 03 01 21 50 113  4.9  6.1  1.09 10.00  5.48  78 1021.2  21.4  23.2  11.9 99.0 99.00
2016 03 01 22 50 112  5.8  7.1  1.22  9.09  5.54  56 1021.5  21.4  23.2  12.6 99.0 99.00
2016 03 01 23 50 131  6.1  7.8  1.14 10.00  5.31  67 1021.6  21.5  23.2  13.2 99.0 99.00
2016 03 02 00 50 149  5.3  6.4  1.24  9.09  5.29  68 1021.9  21.7  23.2  14.1 99.0 99.00
2016 03 02 01 50 149  4.7  6.0  1.29  9.09  5.50  44 1022.1  21.9  23.1  14.6 99.0 99.00
2016 03 02 02 50 142  5.3  7.1  1.24  9.09  5.82  60 1022.1  22.1  23.0  14.9 99.0 99.00
2016 03 02 03 50 135  5.3  6.2  1.31 10.00  5.78  74 1021.9  22.2  22.9  15.4 99.0 99.00
2016 03 02 04 50 148  6.0  7.3  1.26  7.69  5.57  15 1021.3  22.4  22.9  15.5 99.0 99.00
2016 03 02 05 50 162  4.8  5.8  1.31 10.00  5.59  93 1021.1  22.5  22.9  14.4 99.0 99.00
2016 03 02 06 50 157  4.7  5.9  1.22  9.09  5.52  75 1020.5  22.5  22.9  15.2 99.0 99.00
2016 03 02 07 50 153  4.6  5.5  1.24 10.00  5.79  79 1019.8  22.5  22.9  15.9 99.0 99.00
2016 03 02 08 50 160  4.7  5.7  1.27 10.00  5.77  76 1019.4  22.6  22.9  14.5 99.0 99.00
2016 03 02 09 50 169  4.8  6.0  1.26 10.00  5.63  90 1019.7  22.6  23.0  15.4 99.0 99.00
2016 03 02 10 50 170  4.6  5.9  1.23 10.00  5.60  77 1019.4  22.6  23.0  16.5 99.0 99.00
2016 03 02 11 50 167  5.6  6.6  1.19  6.67  5.49 151 1020.3  22.9  23.0  16.7 99.0 99.00
2016 03 02 12 50 168  5.3  6.3  1.24 10.00  5.67  86 1020.7  23.1  23.1  17.0 99.0 99.00
2016 03 02 13 50 159  6.7  8.0  1.26  9.09  5.51  96 1020.7  23.2  23.2  17.3 99.0 99.00
2016 03 02 14 50 176  6.0  7.2  1.28 10.00  5.41  84 1020.9  23.2  23.2  17.7 99.0 99.00
2016 03 02 15 50 186  6.1  7.0  1.27 10.00  5.40  70 1020.9  23.2  23.3  17.6 99.0 99.00
2016 03 02 16 50 185  5.8  7.1  1.27  9.09  5.70  90 1020.0  23.3  23.3  17.8 99.0 99.00
2016 03 02 17 50 181  6.0  7.0  1.33  9.09  5.58  92 1019.1  23.3  23.3  17.9 99.0 99.00
2016 03 02 18 50 177  7.1  8.4  1.40 10.00  5.62  78 1017.8  23.3  23.4  18.1 99.0 99.00
2016 03 02 19 50 185  7.4  8.7  1.36  9.09  5.48  86 1017.5  23.3  23.3  18.1 99.0 99.00
2016 03 02 20 50 196  8.3 10.8  1.30  9.09  5.05  93 1017.3  22.6  23.3  17.5 99.0 99.00
2016 03 02 21 50 196  8.7 10.5  1.39  9.09  5.22  86 1017.2  22.2  23.3  18.3 99.0 99.00
2016 03 02 22 50 199  8.2  9.8  1.46  9.09  5.05  97 1017.7  22.0  23.3  19.2 99.0 99.00
2016 03 02 23 50 193  7.0  8.3  1.41  6.25  5.23 135 1017.7  22.3  23.1  19.2 99.0 99.00
2016 03 03 00 50 212  6.9  8.2  1.34  9.09  5.22 109 1018.0  22.8  23.0  18.9 99.0 99.00
2016 03 03 01 50 228  6.3  7.6  1.26 10.00  5.21  73 1018.3  22.9  23.0  18.9 99.0 99.00
2016 03 03 02 50 244  6.4  7.7  1.28 10.00  5.31  80 1018.5  22.7  23.0  19.5 99.0 99.00
2016 03 03 03 50 238  5.3  6.3  1.18  5.88  4.93 128 1018.1  22.6  23.0  19.5 99.0 99.00
2016 03 03 04 50 254  5.4  6.8  1.19  5.88  5.06 128 1018.2  22.6  23.0  19.4 99.0 99.00
2016 03 03 05 50 269  5.8  6.7  1.17  5.88  5.29 141 1017.5  22.5  23.0  19.3 99.0 99.00
2016 03 03 06 50 281  5.6  6.9  1.17 10.00  5.54  91 1017.3  22.4  23.0  19.2 99.0 99.00
2016 03 03 07 50 296  6.0  7.2  1.12 10.00  5.40  96 1017.2  22.4  23.1  19.2 99.0 99.00
2016 03 03 08 50 307  4.2  5.1  1.14 10.00  5.41 102 1017.0  22.4  23.1  19.0 99.0 99.00
2016 03 03 09 50 319  6.0  7.1  1.10 10.00  5.37  95 1017.4  22.5  23.2  18.9 99.0 99.00
2016 03 03 10 50 333  4.8  5.6  1.14  9.09  5.27 106 1017.7  22.4  23.2  18.7 99.0 99.00
2016 03 03 11 50 336  4.1  5.0  1.10 10.00  5.68 107 1018.0  22.5  23.2  18.0 99.0 99.00
2016 03 03 12 50 331  4.4  5.1  1.10  9.09  5.75  99 1018.8  22.5  23.2  17.8 99.0 99.00
2016 03 03 13 50 345  5.0  5.9  1.04  9.09  5.59 116 1019.1  22.5  23.3  17.9 99.0 99.00
2016 03 03 14 50 339  5.5  6.5  1.00 10.00  5.50  82 1019.5  22.6  23.4  18.0 99.0 99.00
2016 03 03 15 50   3  6.3  7.2  1.06 10.00  5.66  96 1019.3  22.4  23.5  18.1 99.0 99.00
2016 03 03 16 50  10  5.9  6.8  1.03 10.00  5.65  59 1019.3  22.5  23.6  17.5 99.0 99.00
2016 03 03 17 50  19  5.7  6.5  1.08 10.00  5.40  49 1018.8  22.6  23.6  16.6 99.0 99.00
2016 03 03 18 50  44  4.4  5.3  1.25 10.00  6.03 345 1018.1  22.6  23.6  16.7 99.0 99.00
2016 03 03 19 50  63  4.2  4.9  1.24 10.00  6.36 328 1017.8  22.4  23.6  17.2 99.0 99.00
2016 03 03 20 50  60  4.1  5.1  1.38 10.00  6.77 338 1017.9  22.4  23.6  17.0 99.0 99.00
2016 03 03 21 50  65  3.6  4.3  1.17  9.09  6.21 356 1018.3  22.4  23.5  16.6 99.0 99.00
2016 03 03 22 50  60  4.1  4.7  1.44  9.09  6.91 360 1018.2  22.4  23.4  16.7 99.0 99.00
2016 03 03 23 50  68  3.8  4.7  1.39  9.09  6.89 341 1018.5  22.5  23.4  16.8 99.0 99.00
2016 03 04 00 50  67  3.6  4.5  1.34  9.09  6.78 315 1018.8  22.6  23.3  16.4 99.0 99.00
2016 03 04 01 50  86  3.4  4.2  1.35  9.09  6.70 352 1018.9  22.7  23.2  16.6 99.0 99.00
2016 03 04 02 50 112  4.4  5.4  1.21  9.09  6.64  61 1018.4  22.7  23.2  17.4 99.0 99.00
2016 03 04 03 50  92  3.5  4.2  1.12  8.33  6.24 299 1018.4  22.8  23.2  17.5 99.0 99.00
2016 03 04 04 50 114  3.2  4.2  1.18  8.33  6.22 352 1018.2  22.9  23.2  17.2 99.0 99.00
2016 03 04 05 50 125  2.5  3.1  1.15  7.69  6.34 314 1017.6  22.8  23.1  17.6 99.0 99.00
2016 03 04 06 50 113  3.2  4.2  1.25  8.33  6.66 339 1016.6  22.7  23.1  17.7 99.0 99.00
2016 03 04 07 50 130  3.6  4.5  1.20 10.00  6.52  77 1015.7  22.7  23.0  18.4 99.0 99.00
2016 03 04 08 50 126  2.7  3.7  1.26  9.09  6.54  94 1015.3  22.7  23.0  18.7 99.0 99.00
2016 03 04 09 50 128  3.4  4.5  1.22  7.69  6.37 333 1015.2  22.9  23.1  18.9 99.0 99.00
2016 03 04 10 50 151  4.3  5.1  1.21  9.09  6.38  35 1015.2  22.9  23.1  19.1 99.0 99.00
2016 03 04 11 50 160  3.4  4.2  1.36  7.69  6.57 352 1015.8  22.9  23.1  19.6 99.0 99.00
2016 03 04 12 50 173  3.1  4.2  1.31  9.09  6.70  11 1016.3  23.0  23.1  19.8 99.0 99.00
2016 03 04 13 50 184  3.9  4.9  1.41  9.09  6.92  10 1016.3  23.4  23.2  20.5 99.0 99.00
2016 03 04 14 50 208  4.9  5.7  1.42 10.00  6.72  22 1016.3  23.4  23.2  20.4 99.0 99.00
2016 03 04 15 50 199  6.0  8.0  1.41  8.33  6.57 358 1015.3  23.4  23.3  20.6 99.0 99.00
2016 03 04 16 50 205  7.5  9.2  1.31  9.09  5.77  28 1014.4  23.4  23.3  20.8 99.0 99.00
2016 03 04 17 50 226  7.3  9.0  1.24 10.00  5.65  39 1014.2  23.6  23.4  21.0 99.0 99.00
2016 03 04 18 50 249  8.1  9.3  1.27  9.09  5.44  16 1014.0  23.7  23.4  20.3 99.0 99.00
2016 03 04 19 50 250  8.4 10.3  1.33  8.33  5.26  11 1013.8  23.6  23.5  20.0 99.0 99.00
2016 03 04 20 50 255  8.1  9.8  1.28  9.09  5.15  60 1013.2  23.6  23.4  20.1 99.0 99.00
2016 03 04 21 50 255  7.4  8.8  1.32 10.00  5.07  53 1013.6  23.6  23.4  20.0 99.0 99.00
2016 03 04 22 50 255  7.4  8.8  1.32  8.33  4.95 352 1014.1  23.4  23.4  20.3 99.0 99.00
2016 03 04 23 50 260  7.8  9.2  1.35  4.35  4.91 233 1014.4  23.4  23.3  20.1 99.0 99.00
2016 03 05 00 50 254  7.2  8.5  1.46  9.09  5.01  65 1014.8  23.4  23.3  20.3 99.0 99.00
2016 03 05 01 50 253  6.5  8.0  1.41  4.76  5.13 240 1015.2  23.3  23.3  20.5 99.0 99.00
2016 03 05 02 50 255  6.2  7.2  1.43  4.76  5.13 233 1015.4  23.3  23.3  20.8 99.0 99.00
2016 03 05 03 50 331  6.2  8.3  1.36 10.00  5.24  67 1015.7  21.8  23.2  19.5 99.0 99.00
2016 03 05 04 50 336  7.3  8.6  1.28  5.00  4.84 250 1015.8  22.0  23.2  18.3 99.0 99.00
2016 03 05 05 50 350  7.3  9.1  1.28  9.09  4.97  59 1015.8  21.8  23.2  17.3 99.0 99.00
2016 03 05 06 50 347  7.9  9.4  1.24  5.00  4.71 284 1015.4  21.5  23.2  16.7 99.0 99.00
2016 03 05 07 50 345  8.0  9.7  1.21  4.76  4.51 266 1015.1  21.3  23.2  15.5 99.0 99.00
2016 03 05 08 50 347  8.7 10.6  1.18  9.09  4.58  84 1015.1  20.9  23.1  15.6 99.0 99.00
2016 03 05 09 50 346  7.0  8.7  1.28  9.09  4.84  70 1015.7  21.0  23.1  14.2 99.0 99.00
2016 03 05 10 50 352  6.6  7.9  1.26  9.09  5.02  57 1016.4  20.9  23.1  14.5 99.0 99.00
2016 03 05 11 50 355  6.1  7.6  1.37  5.56  5.11 327 1017.1  20.8  23.1  13.2 99.0 99.00
2016 03 05 12 50 343  5.1  6.7  1.35  6.25  5.15 313 1018.3  20.8  23.1  13.0 99.0 99.00
2016 03 05 13 50 333  3.6  4.6  1.41  9.09  5.56  48 1018.5  20.8  23.2  11.8 99.0 99.00
2016 03 05 14 50 341  3.0  3.9  1.38  6.25  5.67 321 1019.3  21.0  23.2  10.8 99.0 99.00
2016 03 05 15 50  30  6.2  7.8  1.40  6.25  5.80 314 1019.0  20.9  23.3  13.7 99.0 99.00
2016 03 05 16 50  45  5.6  7.3  1.49 10.00  5.96  30 1018.7  20.7  23.3  13.6 99.0 99.00
2016 03 05 17 50  42  6.8  7.8  1.54 10.00  6.13 344 1017.9  20.7  23.2  13.5 99.0 99.00
2016 03 05 18 50  41  6.4  7.8  1.80  9.09  6.26 325 1017.5  20.5  23.2  12.6 99.0 99.00
2016 03 05 19 50  40  5.3  6.7  2.12  9.09  6.94 321 1017.6  20.7  23.2  12.6 99.0 99.00
2016 03 05 20 50  41  5.1  6.4  2.39 12.90  7.57 348 1017.4  20.6  23.2  12.8 99.0 99.00
2016 03 05 21 50  43  5.4  6.9  2.20 12.90  7.31 354 1017.8  20.4  23.2  13.0 99.0 99.00
2016 03 05 22 50  38  5.8  7.5  2.42 12.12  7.54 352 1018.5  20.4  23.1  13.2 99.0 99.00
2016 03 05 23 50  54  5.4  7.1  2.58 10.81  8.35 338 1018.7  20.4  23.1  13.3 99.0 99.00
2016 03 06 00 50  51  6.2  8.2  2.47 11.43  8.03 338 1018.5  20.3  23.0  13.2 99.0 99.00
2016 03 06 01 50  47  5.2  7.1  2.74 13.79  8.59 347 1019.1  20.3  23.1  12.9 99.0 99.00
2016 03 06 02 50  53  4.3  5.8  3.27 12.90  9.60 347 1019.4  20.4  23.1  13.0 99.0 99.00
2016 03 06 03 50  52  4.5  5.6  2.90 13.79  8.99 359 1019.0  20.3  23.0  13.0 99.0 99.00
2016 03 06 04 50  69  4.3  5.8  2.97 12.12  9.19 349 1018.4  20.3  23.1  13.0 99.0 99.00
2016 03 06 06 50  81  2.4  3.8  3.03 13.79  9.04 355 1018.3  20.4  23.1  13.1 99.0 99.00
2016 03 06 07 50  52  2.9  4.3  3.37 13.79  9.91 357 1017.8  20.4  23.0  13.3 99.0 99.00
2016 03 06 08 50  60  3.3  4.6  2.95 12.12  9.25 360 1017.5  20.4  23.0  13.4 99.0 99.00
2016 03 06 09 50  99  3.5  4.7  3.57 12.90  9.94   1 1017.2  20.5  23.0  13.6 99.0 99.00
2016 03 06 10 50  57  2.4  3.4  3.01 12.12  9.63   2 1017.5  20.7  23.0  13.8 99.0 99.00
2016 03 06 11 50  40  4.1  5.2  3.22 12.12  9.59 360 1017.7  20.7  23.0  14.0 99.0 99.00
2016 03 06 12 50  37  3.3  4.6  2.98 12.12  9.21 359 1018.0  20.8  22.9  14.1 99.0 99.00
2016 03 06 13 50  80  2.3  3.5  2.68 12.12  8.87   5 1018.2  21.1  23.0  13.9 99.0 99.00
2016 03 06 14 50 120  2.6  3.8  2.84 12.90  8.85   1 1017.8  21.1  23.1  14.1 99.0 99.00
2016 03 06 15 50 179  1.4  2.7  2.53 12.12  8.84 355 1017.7  21.5  23.4  14.7 99.0 99.00
2016 03 06 16 50 182  2.6  4.1  2.73 12.90  9.45   3 1016.9  21.5  23.5  14.9 99.0 99.00
2016 03 06 17 50 203  3.1  4.5  2.58 12.12  9.04 349 1015.7  21.8  23.6  14.5 99.0 99.00
2016 03 06 18 50 217  4.2  5.5  2.46 13.79  9.43 357 1015.2  21.9  23.5  15.2 99.0 99.00
2016 03 06 19 50 228  5.0  6.6  2.49 13.79  9.48   9 1014.8  22.3  23.4  15.1 99.0 99.00
2016 03 06 20 50 236  6.0  8.1  2.55 14.81  9.82   4 1014.4  22.4  23.4  15.9 99.0 99.00
2016 03 06 21 50 240  7.1  8.7  2.56 14.81  9.58 353 1014.3  22.4  23.4  15.9 99.0 99.00
2016 03 06 22 50 256 10.6 13.5  2.58 13.79  9.01 356 1014.5  22.1  23.4  15.6 99.0 99.00
2016 03 06 23 50 321 11.3 14.3  2.71 13.79  8.56   8 1015.6  19.4  23.3  16.4 99.0 99.00
2016 03 07 00 50 317 11.9 14.2  2.60 14.81  7.05   9 1016.2  20.7  23.2  13.4 99.0 99.00
2016 03 07 01 50 332 11.8 14.8  2.69 14.81  6.71  15 1017.0  20.3  23.2  12.2 99.0 99.00
2016 03 07 02 50 341 12.6 15.4  2.90 13.79  6.59   7 1017.6  20.0  23.1  11.6 99.0 99.00
2016 03 07 03 50 336 11.4 14.1  2.92 13.79  6.60   6 1018.0  19.9  23.1  12.3 99.0 99.00
2016 03 07 04 50 344 12.1 14.6  3.27 14.81  7.09   7 1018.2  19.7  23.0  11.6 99.0 99.00
2016 03 07 05 50 345 12.3 15.2  3.22 12.90  6.90   6 1018.4  19.3  23.0  11.8 99.0 99.00
2016 03 07 06 50 348 11.8 15.9  3.25 13.79  6.97   6 1018.2  19.1  22.9  10.7 99.0 99.00
2016 03 07 07 50 357 11.2 14.3  3.38  7.69  6.67 341 1018.4  19.1  22.9  10.1 99.0 99.00
2016 03 07 08 50 350 12.4 15.2  3.39 13.79  7.02  12 1018.3  19.3  22.9   9.6 99.0 99.00
2016 03 07 09 50 356 11.4 13.7  3.17  7.69  6.85 348 1018.5  19.5  22.8  10.3 99.0 99.00
2016 03 07 10 50 360 12.3 15.1  3.31  8.33  6.76 348 1019.4  19.6  22.8  11.3 99.0 99.00
2016 03 07 11 50   9 11.6 13.5  3.32 12.90  6.93  12 1020.3  19.8  22.8  11.8 99.0 99.00
2016 03 07 12 50  25 11.5 13.8  3.36  8.33  6.74 350 1021.6  19.9  22.8  10.0 99.0 99.00
2016 03 07 13 50  17 10.1 12.5  3.54  8.33  6.90 355 1022.9  20.1  22.8  10.8 99.0 99.00
2016 03 07 14 50  18  9.6 12.2  3.27  8.33  6.85   3 1023.7  19.9  22.8  11.2 99.0 99.00
2016 03 07 15 50  17  9.9 12.3  3.35  9.09  6.99 358 1023.9  20.0  22.8  12.1 99.0 99.00
2016 03 07 16 50  16  9.2 11.4  3.04  9.09  6.85 357 1023.6  20.2  22.8  11.6 99.0 99.00
2016 03 07 17 50  23  9.4 11.5  3.18  9.09  7.05   2 1023.0  20.2  22.8  12.4 99.0 99.00
2016 03 07 18 50  21 10.1 12.2  3.36 12.90  7.23  21 1022.5  20.0  22.9  12.2 99.0 99.00
2016 03 07 19 50  16  9.8 11.8  3.08  8.33  7.11 360 1022.3  20.2  22.8  11.3 99.0 99.00
2016 03 07 20 50  24  8.8 10.6  2.85  9.09  6.92 360 1022.4  20.2  22.9  10.8 99.0 99.00
2016 03 07 21 50  34  9.0 11.4  2.73 12.12  6.98   5 1022.7  20.2  22.9  11.6 99.0 99.00
2016 03 07 22 50  36  7.9 10.0  2.86 11.43  6.97  12 1023.8  20.0  22.9  10.0 99.0 99.00
2016 03 07 23 50  40  8.8 11.6  2.94  9.09  7.08   7 1023.9  19.9  22.8  10.7 99.0 99.00
2016 03 08 00 50  36  7.5  9.9  2.68  9.09  6.76  10 1024.6  19.8  22.8   9.2 99.0 99.00
2016 03 08 01 50  49  7.9 10.1  2.71  9.09  7.08  17 1024.5  19.8  22.7   9.7 99.0 99.00
2016 03 08 02 50  33  8.3 10.0  2.63 10.00  6.85  13 1024.9  19.8  22.7  11.1 99.0 99.00
2016 03 08 03 50  30  6.9  8.3  3.01 10.00  7.31   8 1025.0  19.8  22.7   9.6 99.0 99.00
2016 03 08 04 50  37  6.6  8.5  2.62  9.09  7.07  12 1024.9  19.7  22.7   9.9 99.0 99.00
2016 03 08 05 50  30  8.0 10.3  2.59 11.43  7.20   9 1024.9  19.5  22.7  10.2 99.0 99.00
2016 03 08 06 50  20  7.4 10.3  2.63  9.09  7.20  19 1024.4  19.4  22.7  10.0 99.0 99.00
2016 03 08 07 50  28  7.8 10.2  2.71 10.00  7.44  10 1023.8  19.2  22.7   9.9 99.0 99.00
2016 03 08 08 50  41  5.7  8.0  2.66 10.00  7.54  17 1023.9  18.9  22.7   9.4 99.0 99.00
2016 03 08 09 50  37  6.4  8.6  2.62 10.00  7.29  18 1024.4  18.8  22.7  10.0 99.0 99.00
2016 03 08 10 50  37  5.7  7.3  2.66 10.81  7.36  21 1024.9  18.8  22.7   9.9 99.0 99.00
2016 03 08 11 50  51  5.7  8.0  2.60 10.00  7.52  10 1025.7  19.1  22.7  10.0 99.0 99.00
2016 03 08 12 50  54  5.1  6.7  2.69 12.12  7.56  29 1026.4  19.5  22.7  10.1 99.0 99.00
2016 03 08 13 50  62  6.6  8.6  2.70 10.00  7.71  24 1026.7  19.7  22.7  11.1 99.0 99.00
2016 03 08 14 50  62  5.8  7.9  2.38 12.12  7.18  24 1027.3  19.3  22.8  10.2 99.0 99.00
2016 03 08 15 50  44  5.0  8.3  2.48 10.81  7.43  32 1027.7  19.3  22.8  10.1 99.0 99.00
2016 03 08 16 50  51  6.1  7.7  2.42 11.43  7.61  27 1027.4  19.5  22.9  10.7 99.0 99.00
2016 03 08 17 50  43  5.4  7.3  2.10 11.43  7.08  30 1027.0  19.5  22.9  10.3 99.0 99.00
2016 03 08 18 50  51  6.3  8.5  2.14 11.43  7.24  30 1026.0  19.6  22.9  10.7 99.0 99.00
2016 03 08 19 50  57  5.5  7.1  2.42 11.43  7.83  33 1025.8  19.7  22.9  10.5 99.0 99.00
2016 03 08 20 50  48  5.7  7.5  2.17 11.43  7.47  30 1025.4  19.8  22.9  11.2 99.0 99.00
2016 03 08 21 50  55  5.2  6.5  2.08 10.00  7.29  23 1025.5  19.7  22.9  11.2 99.0 99.00
2016 03 08 22 50  55  4.5  6.3  2.22 11.43  7.55  29 1025.9  19.6  22.8  11.2 99.0 99.00
2016 03 08 23 50  52  4.8  6.4  2.12 11.43  7.63  33 1026.1  19.7  22.8  11.4 99.0 99.00
2016 03 09 00 50  65  4.9  6.8  2.15 11.43  7.60  21 1026.2  19.7  22.8  11.9 99.0 99.00
2016 03 09 01 50  52  5.2  7.1  2.13 11.43  7.88  33 1026.4  19.7  22.8  11.8 99.0 99.00
2016 03 09 02 50  65  5.5  7.1  2.24 11.43  7.86  33 1026.5  19.8  22.8  12.2 99.0 99.00
2016 03 09 03 50  62  5.5  8.0  2.42 11.43  8.31  41 1026.3  19.7  22.8  12.2 99.0 99.00
2016 03 09 04 50  68  4.6  6.3  2.37 11.43  8.02  30 1026.3  19.6  22.8  12.2 99.0 99.00
2016 03 09 05 50  74  4.4  6.2  2.50 12.12  8.48  36 1025.8  19.6  22.8  12.7 99.0 99.00
2016 03 09 06 50  67  4.4  5.8  2.18 11.43  8.22  33 1025.2  19.6  22.8  13.0 99.0 99.00
2016 03 09 07 50  68  3.5  5.4  2.09 11.43  8.10  32 1025.2  19.6  22.8  12.9 99.0 99.00
2016 03 09 08 50  57  3.9  5.8  2.37 12.12  8.61  27 1025.3  19.7  22.8  12.9 99.0 99.00
2016 03 09 09 50  47  3.0  4.4  2.48 12.90  8.88  34 1026.0  19.6  22.8  12.5 99.0 99.00
2016 03 09 10 50  43  3.4  5.0  2.12 12.12  8.20  42 1026.7  19.8  22.8  12.6 99.0 99.00
2016 03 09 11 50  41  4.2  5.6  1.93 10.00  7.71  31 1027.3  20.0  22.8  12.4 99.0 99.00
2016 03 09 12 50  56  4.1  5.7  2.02 12.12  8.03  31 1027.7  20.0  22.8  12.2 99.0 99.00
2016 03 09 13 50  57  3.9  6.3  2.12 12.12  8.25  30 1028.3  20.1  22.9  12.6 99.0 99.00
2016 03 09 14 50  63  4.8  6.7  1.89 11.43  7.64  37 1028.6  20.2  22.9  12.7 99.0 99.00
2016 03 09 15 50  57  5.7  8.1  2.02 12.12  8.31  44 1028.6  20.2  23.0  12.7 99.0 99.00
2016 03 09 16 50  70  5.7  7.9  1.91 12.12  7.57  26 1028.0  20.3  23.0  13.0 99.0 99.00
2016 03 09 17 50  65  5.5  7.0  2.04 11.43  8.15  32 1027.4  20.4  23.1  13.2 99.0 99.00
2016 03 09 18 50  61  5.3  7.2  2.01 10.81  8.06  48 1026.9  20.5  23.1  13.3 99.0 99.00
2016 03 09 19 50  57  5.2  7.2  2.07 12.12  8.17  38 1026.6  20.6  23.1  13.4 99.0 99.00
2016 03 09 20 50  56  5.3  7.0  2.05 12.12  8.23  35 1026.4  20.8  23.1  13.5 99.0 99.00
2016 03 09 21 50  57  5.5  6.8  2.09 12.90  8.19  40 1026.4  20.7  23.1  13.4 99.0 99.00
2016 03 09 22 50  60  5.5  6.9  2.20 11.43  8.24  36 1026.5  20.8  23.0  13.6 99.0 99.00
2016 03 09 23 50  66  5.6  8.1  2.26 12.90  8.41  44 1026.9  20.9  23.0  13.7 99.0 99.00
2016 03 10 00 50  70  5.2  6.8  1.97 12.12  7.83  32 1027.3  20.8  22.9  13.0 99.0 99.00
2016 03 10 01 50  75  5.5  7.1  2.01 13.79  8.04  38 1027.5  20.9  22.9  13.3 99.0 99.00
2016 03 10 02 50  80  4.9  6.8  1.97 12.90  7.90  39 1027.4  21.0  22.9  13.5 99.0 99.00
2016 03 10 03 50  59  5.3  6.8  2.03 12.90  7.85  44 1027.6  21.1  22.9  13.2 99.0 99.00
2016 03 10 04 50  69  3.7  4.9  2.00 11.43  7.89  39 1027.4  21.1  22.9  13.3 99.0 99.00
2016 03 10 05 50  73  4.6  6.4  1.80 11.43  7.82  47 1027.2  21.2  22.9  14.2 99.0 99.00
2016 03 10 06 50  66  5.9  7.4  2.01 10.81  7.85  45 1026.8  21.2  22.9  13.7 99.0 99.00
2016 03 10 07 50  72  6.3  7.7  2.05 12.12  7.68  37 1026.1  21.2  22.9  13.4 99.0 99.00
2016 03 10 08 50  53  5.6  8.2  2.10 11.43  7.69  39 1026.5  21.1  22.9  13.6 99.0 99.00
2016 03 10 09 50  57  5.6  7.2  2.10 12.12  7.81  43 1026.9  21.1  22.9  12.4 99.0 99.00
2016 03 10 10 50  78  6.6  8.6  1.99 11.43  7.55  55 1026.7  21.2  22.9  13.1 99.0 99.00
2016 03 10 11 50  76  5.9  7.4  1.91 12.90  7.21  38 1027.0  21.2  22.9  14.7 99.0 99.00
2016 03 10 12 50  83  6.8  8.3  1.96 12.12  7.03  37 1027.5  21.5  23.0  14.0 99.0 99.00
2016 03 10 13 50  80  6.0  7.8  1.88 11.43  6.85  34 1028.3  21.5  23.0  13.9 99.0 99.00
2016 03 10 14 50  96  6.6  8.4  1.86 12.12  6.78  45 1028.6  21.7  23.0  13.6 99.0 99.00
2016 03 10 15 50  75  7.0  9.0  1.89 12.12  7.03  43 1028.4  21.8  23.0  14.2 99.0 99.00
2016 03 10 16 50 106  6.4  7.9  1.88 12.90  6.78  47 1027.9  21.7  23.0  14.2 99.0 99.00
2016 03 10 17 50  82  5.2  6.3  1.78 10.00  6.79  42 1027.6  21.7  23.0  14.0 99.0 99.00
2016 03 10 18 50  93  5.2  6.5  1.83 12.90  6.87  37 1027.0  21.9  23.1  14.6 99.0 99.00
2016 03 10 19 50  91  5.6  6.8  1.80 12.12  6.82  44 1026.5  21.9  23.0  14.2 99.0 99.00
2016 03 10 20 50 100  4.7  6.7  1.76 12.12  7.05  39 1026.3  21.9  23.0  14.0 99.0 99.00
2016 03 10 21 50  91  5.3  6.4  1.62 11.43  6.93  47 1026.3  22.2  23.0  14.7 99.0 99.00
2016 03 10 22 50  89  4.6  5.7  1.65 12.12  6.90  40 1026.4  22.0  22.9  14.9 99.0 99.00
2016 03 10 23 50  82  4.0  4.9  1.85 12.12  7.54  41 1026.8  22.0  22.9  15.3 99.0 99.00
2016 03 11 00 50 110  6.0  7.3  1.74 12.90  7.08  32 1026.9  22.1  22.9  14.8 99.0 99.00
2016 03 11 01 50 111  6.2  7.9  1.68 12.12  6.82  48 1027.2  22.0  22.8  14.4 99.0 99.00
2016 03 11 02 50 118  5.7  6.9  1.69 13.79  6.91  36 1027.1  22.1  22.8  15.2 99.0 99.00
2016 03 11 03 50 129  5.2  6.1  1.77 12.90  7.29  47 1027.1  22.2  22.9  15.0 99.0 99.00
2016 03 11 04 50 120  6.0  7.3  1.79 12.90  7.30  57 1026.9  22.2  22.9  15.8 99.0 99.00
2016 03 11 05 50 106  5.9  7.1  1.68 12.90  6.83  31 1026.7  22.0  22.9  16.1 99.0 99.00
2016 03 11 06 50 121  5.9  6.8  1.78 12.90  7.15  49 1026.1  22.0  22.8  15.6 99.0 99.00
2016 03 11 07 50 122  5.2  6.1  1.88 12.12  7.33  35 1025.7  22.1  22.8  16.0 99.0 99.00
2016 03 11 08 50 106  5.0  6.2  1.91 12.90  7.54  41 1025.7  22.0  22.8  16.4 99.0 99.00
2016 03 11 09 50 110  4.1  5.2  1.67 12.12  6.81  46 1026.1  22.0  22.8  15.7 99.0 99.00
2016 03 11 10 50 125  2.8  3.5  1.77 10.81  6.92  46 1026.6  21.9  22.8  14.9 99.0 99.00
2016 03 11 11 50 104  2.1  2.8  1.68 11.43  6.98  45 1027.1  22.3  22.8  14.7 99.0 99.00
2016 03 11 12 50 131  1.6  2.5  1.80 12.12  7.27  38 1027.6  22.7  22.8  14.0 99.0 99.00
2016 03 11 13 50  95  2.6  3.3  1.66 10.81  7.03  38 1027.5  22.3  22.9  14.9 99.0 99.00
2016 03 11 14 50  88  3.0  3.9  1.62 12.12  7.09  50 1027.1  22.2  23.1  15.1 99.0 99.00
2016 03 11 15 50 107  3.2  4.4  1.48 12.90  6.89  48 1026.9  22.2  23.2  14.8 99.0 99.00
2016 03 11 16 50 132  3.5  4.9  1.51 12.12  6.81  53 1026.4  22.2  23.4  15.3 99.0 99.00
2016 03 11 17 50 133  3.9  4.8  1.47 12.12  6.54  36 1025.7  22.2  23.4  15.0 99.0 99.00
2016 03 11 18 50 131  3.5  4.6  1.41 11.43  6.90  47 1024.9  22.2  23.6  14.8 99.0 99.00
2016 03 11 19 50 127  2.9  4.0  1.58 12.12  7.38  55 1024.8  22.2  23.6  14.6 99.0 99.00
2016 03 11 20 50 133  2.8  3.5  1.39 10.00  6.95  52 1024.7  22.3  23.6  14.5 99.0 99.00
2016 03 11 21 50 111  1.9  3.2  1.34 12.12  7.00  59 1025.2  22.4  23.6  14.4 99.0 99.00
2016 03 11 22 50  80  1.7  2.7  1.40 12.12  7.14  48 1025.5  22.1  23.5  14.7 99.0 99.00
2016 03 11 23 50  86  2.3  3.5  1.35 11.43  7.13  65 1025.7  22.0  23.4  15.2 99.0 99.00
2016 03 12 00 50  60  2.2  3.4  1.38 12.12  7.26  71 1026.1  21.9  23.3  14.9 99.0 99.00
2016 03 12 01 50  77  1.8  2.7  1.30 11.43  7.06  52 1026.0  21.9  23.3  15.1 99.0 99.00
2016 03 12 02 50  74  3.2  4.3  1.37 10.81  7.56  59 1026.2  21.9  23.3  15.3 99.0 99.00
2016 03 12 03 50  69  3.4  4.6  1.35 11.43  7.42  50 1026.2  21.7  23.2  15.0 99.0 99.00
2016 03 12 04 50  67  3.0  3.8  1.26 11.43  7.01  49 1026.1  21.7  23.2  15.0 99.0 99.00
2016 03 12 05 50  89  4.1  5.1  1.20 10.81  7.01  61 1025.6  21.6  23.1  14.8 99.0 99.00
2016 03 12 06 50  77  3.0  4.1  1.20 11.43  6.75  48 1025.4  21.5  23.1  14.5 99.0 99.00
2016 03 12 07 50  84  3.6  5.3  1.28 11.43  7.02  61 1024.7  21.5  23.1  14.4 99.0 99.00
2016 03 12 08 50  31  2.7  3.3  1.21 12.12  6.83  58 1025.0  21.4  23.0  14.1 99.0 99.00
2016 03 12 09 50  80  2.2  3.8  1.25 10.81  7.10  75 1024.9  21.4  23.0  13.5 99.0 99.00
2016 03 12 10 50 110  3.1  4.0  1.26 10.81  6.99  66 1025.0  21.6  23.0  13.8 99.0 99.00
2016 03 12 11 50 116  3.3  4.3  1.20 11.43  7.09  66 1025.1  21.6  23.0  13.0 99.0 99.00
2016 03 12 12 50  84  2.7  3.8  1.10 11.43  6.72  63 1025.6  21.7  23.0  13.3 99.0 99.00
2016 03 12 13 50  87  3.7  4.9  1.14 10.81  7.00  86 1025.6  22.0  23.0  12.8 99.0 99.00
2016 03 12 14 50 101  2.2  3.2  1.08 10.81  6.63  81 1025.9  22.0  23.1  12.3 99.0 99.00
2016 03 12 15 50 118  2.8  3.7  1.06 10.00  7.05  70 1026.0  22.0  23.2  13.3 99.0 99.00
2016 03 12 16 50 140  3.0  4.0  0.97 10.00  6.39  80 1025.3  22.0  23.4  13.1 99.0 99.00
2016 03 12 17 50 137  3.4  4.5  1.05  8.33  6.74  80 1024.5  22.0  23.5  13.4 99.0 99.00
2016 03 12 18 50 115  2.4  3.3  1.01 11.43  6.65  65 1024.0  21.9  23.6  13.2 99.0 99.00
2016 03 12 19 50 136  2.6  3.8  0.93 10.00  6.44  69 1023.7  22.0  23.7  13.6 99.0 99.00
2016 03 12 20 50 107  1.8  2.3  0.94 10.00  6.50  74 1023.4  22.1  23.6  13.3 99.0 99.00
2016 03 12 21 50 109  1.9  2.6  0.90  9.09  6.26  92 1023.6  22.0  23.4  13.6 99.0 99.00
2016 03 12 22 50  96  2.8  4.0  0.88  6.67  6.29 116 1023.6  21.9  23.3  14.4 99.0 99.00
2016 03 12 23 50  97  3.2  4.4  0.85 10.00  6.56  59 1023.7  21.8  23.2  14.0 99.0 99.00
2016 03 13 00 50 105  3.4  4.5  0.81 10.81  6.40  56 1023.6  21.7  23.1  14.5 99.0 99.00
2016 03 13 01 50 111  3.6  4.8  0.85  8.33  6.58  91 1023.4  21.7  23.1  14.6 99.0 99.00
2016 03 13 02 50 114  4.2  5.3  0.79  9.09  6.43  81 1023.2  21.7  23.0  15.2 99.0 99.00
2016 03 13 03 50 130  4.0  5.0  0.86  9.09  6.15  60 1022.8  21.7  22.9  15.3 99.0 99.00
2016 03 13 04 50 127  3.9  5.2  0.89  9.09  6.31  58 1022.6  21.7  22.9  15.1 99.0 99.00
2016 03 13 05 50 146  3.1  4.2  0.88  9.09  6.34  62 1022.4  21.8  22.9  15.1 99.0 99.00
2016 03 13 06 50 133  3.2  4.1  0.85  8.33  6.34  60 1022.1  21.7  22.9  15.4 99.0 99.00
2016 03 13 07 50 118  2.8  4.1  0.86  7.69  6.32  78 1021.9  21.7  22.9  15.3 99.0 99.00
2016 03 13 08 50 124  3.4  4.3  0.88  7.69  6.23  83 1021.8  21.7  23.0  15.4 99.0 99.00
2016 03 13 09 50 131  3.1  4.1  0.79  7.69  5.94  55 1022.0  21.8  23.0  15.3 99.0 99.00
2016 03 13 10 50 160  3.2  3.9  0.86  8.33  6.23  92 1022.3  21.8  23.0  15.1 99.0 99.00
2016 03 13 11 50 139  3.9  4.6  0.84  9.09  6.17  52 1022.3  22.0  23.0  15.2 99.0 99.00
2016 03 13 12 50 132  4.7  5.1  0.85  7.14  5.91  88 1022.6  22.2  23.0  15.1 99.0 99.00
2016 03 13 13 50 138  6.3  7.4  0.83  7.69  5.68  66 1022.0  22.2  22.9  15.3 99.0 99.00
2016 03 13 14 50 143  7.4  8.3  0.89  7.69  5.40  63 1021.5  22.2  23.0  15.8 99.0 99.00
2016 03 13 15 50 149  5.9  7.1  0.93  6.67  5.11  45 1021.5  22.3  23.0  16.2 99.0 99.00
2016 03 13 16 50 163  6.0  7.1  0.93  8.33  4.82  85 1021.0  22.4  23.0  16.5 99.0 99.00
2016 03 13 17 50 162  5.8  6.7  0.95  6.67  4.70 105 1020.2  22.5  23.2  16.7 99.0 99.00
2016 03 13 18 50 162  4.9  6.0  0.95  8.33  4.96 102 1019.5  22.7  23.4  16.7 99.0 99.00
2016 03 13 19 50 172  4.6  5.6  0.88  7.14  4.75  97 1019.4  22.8  23.5  17.0 99.0 99.00
2016 03 13 20 50 188  3.2  4.4  0.94  7.14  4.92  95 1019.7  22.9  23.5  17.2 99.0 99.00
2016 03 13 21 50 167  2.8  3.7  0.97  6.25  5.26 119 1019.7  22.9  23.4  17.3 99.0 99.00
2016 03 13 22 50 159  2.3  2.9  0.96  7.14  5.32 106 1019.8  22.7  23.4  17.5 99.0 99.00
2016 03 13 23 50 162  2.1  2.8  0.90  8.33  5.20 109 1020.1  22.7  23.4  17.3 99.0 99.00
2016 03 14 00 50 153  2.3  2.6  0.96  7.69  5.46 124 1020.2  22.8  23.3  17.2 99.0 99.00
2016 03 14 01 50 157  2.9  3.4  0.93  8.33  5.51 113 1020.3  22.9  23.3  17.3 99.0 99.00
2016 03 14 02 50 146  2.6  3.0  0.92  7.69  5.57 135 1020.5  23.0  23.3  17.7 99.0 99.00
2016 03 14 03 50 176  3.5  4.0  0.86  7.69  5.59  94 1020.3  23.1  23.3  17.7 99.0 99.00
2016 03 14 04 50 181  4.0  4.7  0.86  8.33  5.52  96 1020.2  23.0  23.3  17.8 99.0 99.00
2016 03 14 06 50 178  5.9  6.8  0.83  7.69  5.67 117 1019.2  22.9  23.3  18.3 99.0 99.00
2016 03 14 07 50 165  5.4  6.4  0.84  9.09  5.33 116 1018.9  22.9  23.2  18.5 99.0 99.00
2016 03 14 08 50 173  5.3  6.2  0.92  9.09  5.48  99 1019.0  22.8  23.2  18.4 99.0 99.00
2016 03 14 09 50 166  5.2  6.0  0.99  8.33  5.78 101 1019.1  22.8  23.2  18.4 99.0 99.00
2016 03 14 10 50 162  5.9  6.9  0.97  9.09  5.63  94 1019.1  22.9  23.2  18.6 99.0 99.00
2016 03 14 11 50 170  5.7  6.9  0.94  9.09  5.43 105 1019.7  23.0  23.2  18.5 99.0 99.00
2016 03 14 12 50 170  6.0  6.9  1.11  8.33  5.70  84 1020.1  23.1  23.2  18.7 99.0 99.00
2016 03 14 13 50 174  5.8  6.7  1.05  8.33  5.40  91 1020.3  23.2  23.2  18.4 99.0 99.00
2016 03 14 14 50 190  6.7  8.3  1.10  9.09  5.32  72 1020.3  23.4  23.3  18.2 99.0 99.00
2016 03 14 15 50 198  5.7  6.6  1.03  8.33  5.22  72 1020.4  23.4  23.3  18.6 99.0 99.00
2016 03 14 16 50 202  6.1  7.3  1.13  8.33  5.28  78 1019.7  23.5  23.4  18.8 99.0 99.00
2016 03 14 17 50 210  6.3  8.2  1.13 10.00  5.36  57 1019.1  23.3  23.4  18.2 99.0 99.00
2016 03 14 18 50 207  5.8  7.0  1.09 10.00  5.47  59 1018.4  23.6  23.4  19.0 99.0 99.00
2016 03 14 19 50 208  6.7  7.9  1.16 10.00  5.49  49 1018.0  23.7  23.4  18.9 99.0 99.00
2016 03 14 20 50 207  6.1  7.5  1.04 10.00  5.04  46 1018.0  23.5  23.4  19.2 99.0 99.00
2016 03 14 21 50 212  4.9  6.2  1.10 10.00  5.31  56 1017.9  23.6  23.4  19.4 99.0 99.00
2016 03 14 22 50 268  4.7  6.4  1.14  8.33  5.41  84 1018.2  21.7  23.3  19.3 99.0 99.00
2016 03 14 23 50 213  5.0  6.3  1.14  9.09  5.30  86 1018.2  22.0  23.3  18.8 99.0 99.00
2016 03 15 00 50 184  5.4  6.2  1.16  9.09  5.49  63 1017.8  22.9  23.3  18.6 99.0 99.00
2016 03 15 01 50 191  4.7  5.5  1.10 10.00  5.65  61 1018.2  22.7  23.3  19.0 99.0 99.00
2016 03 15 02 50 192  3.0  3.6  1.08 10.00  5.68  79 1017.9  23.1  23.3  18.7 99.0 99.00
2016 03 15 03 50 216  4.1  4.7  1.13 10.81  6.22  62 1017.7  23.1  23.3  19.2 99.0 99.00
2016 03 15 04 50 226  4.5  5.5  1.03 11.43  6.28  51 1017.5  23.2  23.3  19.6 99.0 99.00
2016 03 15 05 50 227  5.5  6.5  1.06 10.81  5.81  66 1017.2  23.3  23.2  19.9 99.0 99.00
2016 03 15 06 50 226  6.1  7.0  1.13 11.43  5.95  47 1016.6  23.1  23.2  20.0 99.0 99.00
2016 03 15 07 50 230  5.7  6.7  1.05 10.81  5.48  60 1016.0  22.9  23.2  20.0 99.0 99.00
2016 03 15 08 50 228  4.9  5.9  1.07 12.90  5.81  56 1015.9  23.0  23.2  19.7 99.0 99.00
2016 03 15 09 50 229  4.7  5.5  1.00 11.43  5.48  50 1016.3  23.0  23.2  19.4 99.0 99.00
2016 03 15 10 50 232  4.8  5.6  1.22 12.90  6.43  47 1016.4  22.9  23.2  19.5 99.0 99.00
2016 03 15 11 50 232  4.9  5.6  1.01 10.81  5.99  39 1016.8  23.1  23.1  19.5 99.0 99.00
2016 03 15 12 50 239  4.4  5.2  1.03 13.79  6.20  47 1017.8  23.2  23.2  19.3 99.0 99.00
2016 03 15 13 50 238  4.6  5.3  0.99 12.12  6.03  49 1018.0  23.2  23.2  19.6 99.0 99.00
2016 03 15 14 50 222  5.4  6.4  0.96 12.90  5.91  49 1017.8  23.3  23.3  19.5 99.0 99.00
2016 03 15 15 50 239  4.9  5.8  0.92 11.43  5.62  52 1018.1  23.3  23.5  19.6 99.0 99.00
2016 03 15 16 50 228  5.5  6.4  0.98 12.90  5.85  57 1017.3  23.4  23.5  19.5 99.0 99.00
2016 03 15 17 50 231  6.0  7.1  0.89 12.90  5.34  52 1016.5  23.4  23.6  19.6 99.0 99.00
2016 03 15 18 50 232  6.4  7.5  0.87 13.79  5.17 134 1015.8  23.5  23.7  19.7 99.0 99.00
2016 03 15 19 50 234  6.7  8.0  0.86  8.33  4.91 120 1015.3  23.5  23.6  19.6 99.0 99.00
2016 03 15 20 50 235  6.4  7.5  0.91 12.90  4.93  50 1015.1  23.6  23.6  19.8 99.0 99.00
2016 03 15 21 50 235  6.1  7.3  0.94 12.90  5.01  62 1015.3  23.6  23.6  20.0 99.0 99.00
2016 03 15 22 50 235  6.0  7.1  0.90 13.79  4.88   8 1015.7  23.5  23.6  20.2 99.0 99.00
2016 03 15 23 50 240  5.8  7.0  1.01 12.90  5.03  72 1016.2  23.4  23.5  20.6 99.0 99.00
2016 03 16 00 50 252  4.8  5.7  1.00 12.90  5.06  19 1016.7  23.5  23.5  20.8 99.0 99.00
2016 03 16 01 50 256  4.6  5.4  1.04 13.79  5.14  40 1016.8  23.5  23.4  20.6 99.0 99.00
2016 03 16 02 50 252  5.6  7.1  0.97  5.00  4.87 277 1016.7  23.4  23.4  20.8 99.0 99.00
2016 03 16 03 50 273  4.7  5.8  1.04 12.90  5.18  47 1016.4  23.3  23.4  21.1 99.0 99.00
2016 03 16 04 50 271  5.6  6.7  1.10  5.26  5.21 282 1016.1  23.1  23.4  20.8 99.0 99.00
2016 03 16 05 50 288  5.3  6.6  1.08  5.56  5.14 305 1015.7  23.1  23.4  20.5 99.0 99.00
2016 03 16 06 50 278  5.9  7.1  1.10  5.88  5.09 297 1014.9  22.9  23.4  20.1 99.0 99.00
2016 03 16 07 50 277  5.4  6.5  1.13  5.56  5.13 290 1014.4  22.8  23.4  19.7 99.0 99.00
2016 03 16 08 50 276  5.5  6.4  1.10  5.26  5.15 278 1014.6  22.8  23.4  19.7 99.0 99.00
2016 03 16 09 50 282  6.6  7.9  1.24  5.56  5.32 255 1015.0  22.9  23.4  19.5 99.0 99.00
2016 03 16 10 50 276  6.5  7.7  1.17  5.56  5.18 281 1015.4  22.9  23.4  19.5 99.0 99.00
2016 03 16 11 50 287  6.4  7.6  1.17 12.12  5.19  38 1016.1  23.0  23.4  19.2 99.0 99.00
2016 03 16 12 50 287  5.2  6.2  1.22 12.12  5.35  47 1016.6  23.1  23.4  19.5 99.0 99.00
2016 03 16 13 50 298  5.1  6.0  1.20 12.12  5.25  40 1017.2  23.1  23.4  19.0 99.0 99.00
2016 03 16 14 50 310  6.0  7.1  1.14 12.12  5.23  53 1017.5  23.2  23.5  18.6 99.0 99.00
2016 03 16 15 50 309  5.6  6.9  1.22  6.25  5.43 307 1017.3  23.2  23.6  18.6 99.0 99.00
2016 03 16 16 50 310  5.0  5.8  1.19 11.43  5.46  47 1017.1  23.3  23.6  18.8 99.0 99.00
2016 03 16 17 50 299  5.2  6.4  1.21  6.25  5.54 285 1016.8  23.3  23.7  18.6 99.0 99.00
2016 03 16 18 50 302  4.6  5.5  1.22 10.81  5.79  28 1016.5  23.4  23.8  18.5 99.0 99.00
2016 03 16 19 50 302  5.0  5.9  1.16  5.88  5.54 300 1016.1  23.4  23.8  18.2 99.0 99.00
2016 03 16 20 50 299  4.8  5.6  1.25 11.43  5.69  55 1016.1  23.5  23.8  17.9 99.0 99.00
2016 03 16 21 50 302  4.7  5.6  1.24 12.90  5.82  50 1016.4  23.6  23.8  18.0 99.0 99.00
2016 03 16 22 50 313  3.6  4.4  1.35 12.90  6.14  70 1016.6  23.2  23.8  18.5 99.0 99.00
2016 03 16 23 50 344  3.8  4.8  1.28 12.12  6.31  52 1016.9  23.0  23.7  18.9 99.0 99.00
2016 03 17 00 50 329  3.0  3.8  1.31 12.12  6.51  52 1017.5  22.7  23.6  18.6 99.0 99.00
2016 03 17 01 50 354  3.1  4.2  1.24 12.12  6.48  48 1017.9  22.7  23.6  18.5 99.0 99.00
2016 03 17 02 50 329  2.5  3.8  1.24  7.14  6.56 321 1018.0  22.8  23.5  17.7 99.0 99.00
2016 03 17 03 50 330  2.4  3.3  1.23 11.43  6.70  42 1017.8  22.5  23.5  17.8 99.0 99.00
2016 03 17 04 50 319  2.1  2.8  1.24 11.43  6.91  54 1017.4  22.5  23.4  17.3 99.0 99.00
2016 03 17 05 50 301  2.2  3.2  1.22 11.43  7.29  36 1017.0  22.4  23.4  17.6 99.0 99.00
2016 03 17 06 50 288  3.1  3.9  1.31 16.00  7.10  75 1016.4  22.3  23.4  17.6 99.0 99.00
2016 03 17 07 50 295  3.1  4.0  1.26 16.00  7.46  79 1016.1  22.2  23.4  17.7 99.0 99.00
2016 03 17 08 50 280  3.4  4.6  1.31 16.00  7.31  56 1016.3  22.2  23.4  18.0 99.0 99.00
2016 03 17 09 50 287  2.6  3.7  1.44 16.00  8.20  61 1016.4  22.1  23.4  17.7 99.0 99.00
2016 03 17 10 50 274  2.6  3.8  1.54 14.81  8.35  69 1017.1  22.1  23.3  17.9 99.0 99.00
2016 03 17 11 50 281  1.9  2.7  1.62 14.81  8.86  65 1017.7  22.3  23.3  17.6 99.0 99.00
2016 03 17 12 50 268  1.2  2.3  1.87 14.81  9.51  51 1018.2  22.5  23.3  17.7 99.0 99.00
2016 03 17 13 50 261  2.3  3.5  1.83 14.81  9.68  49 1018.6  22.5  23.5  17.7 99.0 99.00
2016 03 17 14 50 254  2.6  3.4  1.71 14.81  9.50  54 1018.7  22.6  23.7  18.0 99.0 99.00
2016 03 17 16 50 245  3.7  5.0  1.93 13.79 10.21  51 1018.2  22.8  24.1  17.7 99.0 99.00
2016 03 17 17 50 240  3.9  5.4  2.00 13.79  9.94  47 1017.3  22.9  24.2  17.4 99.0 99.00
2016 03 17 18 50 236  4.1  5.6  2.14 14.81 10.95  34 1016.7  23.0  24.1  17.1 99.0 99.00
2016 03 17 19 50 234  4.0  5.1  2.21 16.00 11.04  51 1016.5  23.2  24.2  17.0 99.0 99.00
2016 03 17 20 50 243  3.8  5.2  2.04 16.00 10.39  61 1016.5  23.4  24.0  17.1 99.0 99.00
2016 03 17 21 50 258  3.4  4.7  2.10 16.00 10.54  47 1016.7  23.3  24.0  17.0 99.0 99.00
2016 03 17 22 50 241  3.7  5.2  1.98 14.81 10.44  33 1017.0  22.9  23.8  17.3 99.0 99.00
2016 03 17 23 50 229  3.2  4.6  2.05 14.81 10.62  49 1017.4  22.9  23.7  17.6 99.0 99.00
2016 03 18 00 50 234  2.8  4.0  2.22 16.00 11.25  59 1017.8  22.9  23.6  17.2 99.0 99.00
2016 03 18 01 50 222  2.7  4.0  2.03 16.00 10.48  69 1018.0  22.8  23.6  16.9 99.0 99.00
2016 03 18 02 50 212  3.3  4.7  2.04 14.81 10.68  54 1017.7  22.8  23.6  17.3 99.0 99.00
2016 03 18 03 50 218  3.8  4.9  1.84 16.00 10.47  56 1017.6  22.6  23.6  16.7 99.0 99.00
2016 03 18 04 50 231  3.3  4.7  2.02 13.79 10.46  43 1017.1  22.6  23.6  16.9 99.0 99.00
2016 03 18 05 50 215  3.7  4.9  2.24 14.81 11.42  49 1016.5  22.6  23.6  16.9 99.0 99.00
2016 03 18 06 50 222  4.5  5.5  1.97 16.00 11.03  54 1015.8  22.6  23.6  16.6 99.0 99.00
2016 03 18 07 50 216  3.0  5.6  1.97 16.00 10.86  54 1015.3  22.6  23.5  16.6 99.0 99.00
2016 03 18 08 50 195  5.0  6.4  2.22 16.00 11.10  44 1015.0  22.5  23.5  16.6 99.0 99.00
2016 03 18 09 50 226  4.4  6.0  1.96 17.39 10.06  38 1015.7  22.4  23.5  16.3 99.0 99.00
2016 03 18 10 50 212  5.9  7.2  2.12 16.00 10.58  44 1015.8  22.5  23.4  16.2 99.0 99.00
2016 03 18 11 50 206  6.9  8.5  2.07 16.00  9.67  49 1016.1  22.7  23.4  16.4 99.0 99.00
2016 03 18 12 50 212  6.7  8.5  2.29 13.79  9.68  52 1016.9  23.0  23.4  16.5 99.0 99.00
2016 03 18 13 50 232  7.4  8.8  2.31 14.81  9.62  53 1017.1  23.1  23.5  16.5 99.0 99.00
2016 03 18 14 50 243  7.5  9.2  2.15 14.81  8.84  49 1017.5  23.3  23.6  16.6 99.0 99.00
2016 03 18 15 50 244  6.8  8.4  2.13 16.00  8.70  43 1017.3  23.3  23.6  16.2 99.0 99.00
2016 03 18 16 50 257  5.5  7.2  2.01 16.00  8.35  63 1016.9  23.2  23.7  17.1 99.0 99.00
2016 03 18 17 50 253  6.2  7.8  2.19 16.00  9.23  41 1016.4  23.3  23.8  16.5 99.0 99.00
2016 03 18 18 50 260  4.9  5.9  1.89 14.81  8.78  45 1015.8  23.2  23.8  16.8 99.0 99.00
2016 03 18 19 50 247  4.6  5.6  1.93 16.00  8.78  53 1015.4  23.3  23.8  17.1 99.0 99.00
2016 03 18 20 50 254  4.2  5.4  1.95 16.00  9.20  50 1015.2  23.3  23.8  17.0 99.0 99.00
2016 03 18 21 50 250  4.0  5.3  1.90 14.81  9.10  52 1015.3  23.3  23.8  17.3 99.0 99.00
2016 03 18 22 50 253  4.4  5.7  1.60 16.00  8.54  54 1015.8  23.2  23.7  17.6 99.0 99.00
2016 03 18 23 50 255  3.4  4.6  1.67 16.00  9.03  39 1016.0  23.2  23.7  17.3 99.0 99.00
2016 03 19 00 50 278  3.0  3.8  1.64 16.00  8.86  50 1016.8  23.2  23.7  17.3 99.0 99.00
2016 03 19 01 50 273  2.2  3.1  1.74 14.81  9.64  36 1017.3  23.1  23.7  16.8 99.0 99.00
2016 03 19 02 50 254  1.3  2.3  2.15 16.00 10.76  43 1017.4  23.0  23.7  16.9 99.0 99.00
2016 03 19 03 50 309  0.6  1.4  1.80 16.00  9.70  43 1017.0  22.9  23.7  17.0 99.0 99.00
2016 03 19 04 50 215  0.3  1.1  1.77 14.81  9.62  47 1016.6  22.8  23.7  16.7 99.0 99.00
2016 03 19 05 50 126  0.2  0.6  1.65 14.81  9.40  77 1016.0  22.6  23.7  16.7 99.0 99.00
2016 03 19 06 50 106  1.0  1.5  1.57 14.81  9.09  64 1015.4  22.6  23.7  16.7 99.0 99.00
2016 03 19 07 50  90  0.7  1.3  1.61 14.81  9.11  66 1015.2  22.5  23.7  16.8 99.0 99.00
2016 03 19 08 50 111  1.3  1.8  1.81 16.00  9.77  70 1015.3  22.5  23.7  16.7 99.0 99.00
2016 03 19 09 50 117  1.5  2.2  1.81 14.81 10.03  60 1015.8  22.6  23.7  17.0 99.0 99.00
2016 03 19 10 50 106  1.9  2.8  1.54 14.81  9.24  69 1016.3  22.6  23.7  16.8 99.0 99.00
2016 03 19 11 50 120  1.9  2.6  1.37 13.79  8.45  53 1016.7  22.9  23.7  16.9 99.0 99.00
2016 03 19 12 50 157  2.5  3.4  1.33 14.81  8.47  29 1016.9  23.2  23.8  17.1 99.0 99.00
2016 03 19 13 50 151  3.5  4.4  1.39 13.79  8.92  47 1016.9  23.2  23.9  17.7 99.0 99.00
2016 03 19 14 50 153  3.5  4.3  1.33 13.79  8.65  43 1016.7  23.2  23.9  18.4 99.0 99.00
2016 03 19 15 50 173  2.9  3.9  1.22 12.90  7.60  54 1016.9  23.4  24.1  19.1 99.0 99.00
2016 03 19 16 50 209  3.1  4.3  1.20 14.81  8.22  50 1016.4  23.3  24.2  19.3 99.0 99.00
2016 03 19 17 50 231  3.3  4.2  1.33 14.81  8.55  56 1015.8  23.4  24.3  18.4 99.0 99.00
2016 03 19 18 50 236  3.8  4.6  1.26 13.79  8.20  50 1015.4  23.5  24.4  18.3 99.0 99.00
2016 03 19 19 50 231  4.1  5.0  1.32 13.79  8.67  32 1014.9  23.7  24.4  18.2 99.0 99.00
2016 03 19 20 50 229  4.7  5.8  1.17 13.79  7.93  40 1014.8  23.9  24.4  18.0 99.0 99.00
2016 03 19 21 50 223  4.0  5.1  1.44 14.81  8.38  56 1015.1  23.8  24.2  18.7 99.0 99.00
2016 03 19 22 50 221  3.8  4.5  1.19 14.81  7.64  25 1015.2  23.6  24.2  19.6 99.0 99.00
2016 03 19 23 50 223  2.6  3.3  1.24 13.79  7.79  59 1015.4  23.6  24.1  19.9 99.0 99.00
2016 03 20 00 50 215  3.6  4.8  1.28 13.79  7.84  47 1016.1  23.8  24.1  20.7 99.0 99.00
2016 03 20 01 50 217  5.0  6.0  1.26 13.79  7.86  45 1016.4  23.8  24.0  21.0 99.0 99.00
2016 03 20 02 50 220  4.4  5.2  1.20 12.90  7.37  31 1016.7  23.8  23.9  21.3 99.0 99.00
2016 03 20 03 50 226  3.9  4.8  1.18 13.79  7.08  34 1016.7  23.8  23.9  21.5 99.0 99.00
2016 03 20 04 50 227  4.1  5.1  1.24 13.79  7.16  50 1016.5  23.8  23.9  21.8 99.0 99.00
2016 03 20 05 50 214  3.9  4.6  1.17 12.90  6.83  43 1015.5  23.6  23.9  21.7 99.0 99.00
2016 03 20 06 50 192  5.3  6.3  1.24 12.12  7.05  40 1014.4  23.6  23.9  21.8 99.0 99.00
2016 03 20 07 50 207  5.8  7.0  1.18 12.90  6.76  57 1014.2  23.7  23.9  21.8 99.0 99.00
2016 03 20 08 50 188  7.0  8.1  1.14 12.90  6.47  46 1013.3  23.6  23.9  21.8 99.0 99.00
2016 03 20 09 50 194  5.7  6.9  1.13 12.90  6.02  46 1014.3  23.7  23.8  21.9 99.0 99.00
2016 03 20 10 50 186  6.5  7.6  1.07 12.90  5.59  55 1014.6  23.6  23.8  21.8 99.0 99.00
2016 03 20 11 50 188  6.6  7.7  0.97 13.79  5.42  20 1014.9  23.7  23.8  21.8 99.0 99.00
2016 03 20 12 50 188  6.6  7.6  1.08 12.90  5.54  48 1015.9  23.8  23.8  21.9 99.0 99.00
2016 03 20 13 50 182  7.1  8.2  1.04 11.43  5.16  41 1016.1  24.0  23.8  21.9 99.0 99.00
2016 03 20 14 50 198  7.4  8.3  1.00 13.79  4.88  54 1016.8  24.1  23.8  21.9 99.0 99.00
2016 03 20 15 50 197  7.2  8.6  1.06 11.43  4.55  66 1016.7  24.2  23.8  21.9 99.0 99.00
2016 03 20 16 50 192  7.5  9.0  1.09 12.90  4.82  44 1015.9  24.2  23.8  21.8 99.0 99.00
2016 03 20 17 50 200  7.8  9.2  1.10 10.81  4.47  55 1015.1  24.3  23.8  21.6 99.0 99.00
2016 03 20 18 50 210  5.9  6.8  1.15 12.90  4.57  46 1014.8  24.3  23.8  21.9 99.0 99.00
2016 03 20 19 50 214  7.3  8.5  1.18  4.76  4.56 175 1014.2  24.4  23.8  21.6 99.0 99.00
2016 03 20 20 50 206  7.8  9.5  1.22 12.90  4.72  71 1013.8  24.3  23.8  21.6 99.0 99.00
2016 03 20 21 50 210  7.4  8.6  1.32  5.00  4.81 167 1014.0  24.2  23.8  21.7 99.0 99.00
2016 03 20 22 50 214  6.1  6.9  1.27  5.00  4.73 167 1014.3  24.2  23.8  22.0 99.0 99.00
2016 03 21 00 50 215  5.9  6.9  1.24  5.56  4.86 166 1015.0  24.1  23.8  22.3 99.0 99.00
2016 03 21 01 50 222  6.5  7.9  1.31  5.88  5.00 163 1015.4  24.1  23.8  22.1 99.0 99.00
2016 03 21 02 50 201  6.0  7.2  1.33  5.56  4.91 173 1014.8  24.1  23.8  22.1 99.0 99.00
2016 03 21 03 50 198  7.2  8.3  1.22  5.56  4.84 165 1014.5  24.1  23.8  22.2 99.0 99.00
2016 03 21 04 50 198  7.9  9.2  1.21  5.88  4.89 165 1013.8  24.1  23.8  22.2 99.0 99.00
2016 03 21 05 50 196  7.4  8.9  1.21  5.88  4.73 169 1013.5  24.0  23.7  22.4 99.0 99.00
2016 03 21 06 50 193  7.8  9.1  1.22  6.25  4.79 168 1012.6  23.9  23.7  22.3 99.0 99.00
2016 03 21 07 50 196  7.8  9.3  1.21  5.88  4.68 166 1012.3  23.9  23.7  22.2 99.0 99.00
2016 03 21 08 50 199  8.1  9.7  1.31  5.88  4.82 167 1012.4  23.9  23.7  22.1 99.0 99.00
2016 03 21 09 50 207  8.6 10.3  1.26  5.88  4.59 157 1012.7  24.0  23.7  22.1 99.0 99.00
2016 03 21 10 50 207  9.2 11.2  1.39  6.25  4.69 175 1012.8  24.0  23.7  21.9 99.0 99.00
2016 03 21 11 50 206  9.3 11.2  1.43  5.88  4.62 158 1012.8  24.0  23.7  21.9 99.0 99.00
2016 03 21 12 50 221 10.0 12.0  1.46  5.88  4.59 188 1013.8  24.2  23.7  22.0 99.0 99.00
2016 03 21 13 50 209 10.8 13.1  1.60  5.88  4.66 175 1013.9  24.3  23.7  22.0 99.0 99.00
2016 03 21 14 50 213 10.8 13.2  1.64  6.25  4.65 175 1014.1  24.4  23.7  22.0 99.0 99.00
2016 03 21 15 50 218 11.2 14.1  1.71  6.25  4.78 167 1014.1  24.5  23.7  22.1 99.0 99.00
2016 03 21 16 50 227 10.8 13.0  1.86  6.25  4.89 180 1014.1  24.4  23.7  22.1 99.0 99.00
2016 03 21 17 50 234 10.2 13.2  1.89  5.88  4.94 189 1013.2  24.3  23.7  22.0 99.0 99.00
2016 03 21 18 50 245 11.8 14.2  1.87  6.25  4.98 200 1013.2  23.5  23.7  20.1 99.0 99.00
2016 03 21 19 50 242 10.2 12.2  1.98  6.25  5.12 196 1013.0  24.0  23.7  19.6 99.0 99.00
2016 03 21 20 50 255 11.1 14.2  1.98  6.25  5.14 200 1013.3  23.7  23.7  20.2 99.0 99.00
2016 03 21 21 50 263  8.9 10.2  1.98  6.25  5.14 196 1014.0  22.3  23.6  19.8 99.0 99.00
2016 03 21 22 50 306  7.7  9.2  1.72  5.88  5.07 202 1015.0  21.7  23.6  19.3 99.0 99.00
2016 03 21 23 50 337  7.9 10.2  1.61  6.67  5.06 180 1015.4  22.5  23.6  18.5 99.0 99.00
2016 03 22 00 50 340  7.9  9.2  1.60  6.67  5.15 204 1016.2  22.4  23.6  17.5 99.0 99.00
2016 03 22 01 50 335  8.4  9.9  1.68  6.25  5.16 228 1017.2  22.1  23.5  17.1 99.0 99.00
2016 03 22 02 50 344  7.1  8.7  1.65  6.67  5.21 211 1018.0  22.1  23.5  16.7 99.0 99.00
2016 03 22 03 50 348  7.7  9.7  1.59  6.25  5.30 268 1018.4  22.0  23.5  16.9 99.0 99.00
2016 03 22 04 50 350  9.0 10.6  1.67  6.25  5.09 288 1018.8  21.2  23.5  16.8 99.0 99.00
2016 03 22 05 50 343  9.7 12.8  1.74  6.25  5.22 267 1018.9  21.4  23.5  15.9 99.0 99.00
2016 03 22 06 50 353 11.1 13.1  1.73  6.25  5.17 302 1018.9  20.9  23.4  15.8 99.0 99.00
2016 03 22 07 50 359 10.9 13.2  1.94  5.88  5.22 317 1019.1  20.7  23.4  15.1 99.0 99.00
2016 03 22 08 50 349 10.5 13.3  2.34  6.67  5.59 308 1019.8  20.4  23.4  14.4 99.0 99.00
2016 03 22 09 50   3 11.4 14.8  2.42  6.25  5.75 340 1020.4  20.0  23.4  13.6 99.0 99.00
2016 03 22 10 50 352 10.2 12.2  2.66  6.67  6.16 334 1021.6  19.8  23.3  12.3 99.0 99.00
2016 03 22 11 50 356 10.0 12.9  2.52  7.69  6.12 338 1022.4  19.7  23.3  11.6 99.0 99.00
2016 03 22 12 50 360  9.5 11.8  2.74  8.33  6.15 359 1023.3  19.5  23.3  10.7 99.0 99.00
2016 03 22 13 50  12  9.0 11.1  2.92 10.00  6.58 353 1024.0  19.7  23.2  10.4 99.0 99.00
2016 03 22 14 50  21  9.2 11.4  3.40 10.00  7.21 328 1024.5  19.8  23.3  10.1 99.0 99.00
2016 03 22 15 50  23  9.0 11.5  3.18 10.00  7.13 333 1024.9  19.8  23.3  10.0 99.0 99.00
2016 03 22 16 50  24  9.9 12.6  2.97 10.00  7.09 329 1024.7  19.8  23.3  10.5 99.0 99.00
2016 03 22 17 50  21  9.2 11.1  3.25  9.09  7.19 339 1024.5  19.5  23.3  10.1 99.0 99.00
2016 03 22 18 50  42  8.0 10.5  3.09 10.00  7.16 350 1024.6  19.7  23.2  10.4 99.0 99.00
2016 03 22 19 50  42  8.5 10.9  3.08  9.09  7.10 335 1024.2  19.8  23.2  10.7 99.0 99.00
2016 03 22 20 50  45  7.5  9.6  2.87 10.00  6.91 341 1024.6  19.9  23.2  10.2 99.0 99.00
2016 03 22 21 50  46  7.7  9.8  2.56  9.09  6.74 341 1025.2  20.2  23.2  10.9 99.0 99.00
2016 03 22 22 50  62  8.3 10.6  2.46  9.09  6.65 341 1025.3  20.3  23.2  11.2 99.0 99.00
2016 03 22 23 50  62  8.8 11.1  2.63  9.09  6.93 337 1025.2  20.5  23.2  11.8 99.0 99.00
2016 03 23 00 50  61  9.1 10.9  2.51  9.09  6.74 340 1026.0  20.5  23.2  12.2 99.0 99.00
2016 03 23 01 50  66  9.1 11.7  2.38  9.09  6.51 351 1026.4  20.6  23.2  12.7 99.0 99.00
2016 03 23 02 50  68  8.6 10.6  2.45 10.00  6.50 354 1026.7  20.4  23.2  11.2 99.0 99.00
2016 03 23 03 50  81  8.2 10.1  2.20 10.00  6.21   3 1026.6  20.5  23.2  11.0 99.0 99.00
2016 03 23 04 50  65  8.7 10.5  2.21  9.09  6.18 354 1026.3  20.4  23.1  12.5 99.0 99.00
2016 03 23 05 50  77  7.4  9.5  2.35 10.00  6.48 359 1025.9  20.5  23.1  11.2 99.0 99.00
2016 03 23 06 50  75  8.4 11.4  2.20  9.09  6.32  12 1025.4  20.6  23.2  12.2 99.0 99.00
2016 03 23 07 50  80  7.2  8.8  2.26  9.09  6.37 359 1025.2  20.5  23.2  11.0 99.0 99.00
2016 03 23 08 50  68  7.7  9.4  1.91 10.00  5.95 351 1024.8  20.5  23.2  11.4 99.0 99.00
2016 03 23 09 50  76  7.3  9.6  1.92  9.09  5.96 351 1024.9  20.8  23.2  12.7 99.0 99.00
2016 03 23 10 50  80  7.9  9.6  1.97 10.00  6.02  12 1025.4  20.9  23.2  12.7 99.0 99.00
2016 03 23 11 50  78  8.8 11.1  2.01  9.09  5.97 360 1026.0  21.3  23.2  14.0 99.0 99.00
2016 03 23 12 50  97  7.5  9.0  1.78 10.00  5.55  10 1026.7  21.6  23.3  12.9 99.0 99.00
2016 03 23 13 50 103  8.0 10.0  1.89  9.09  5.82   1 1027.0  21.8  23.3  12.6 99.0 99.00
2016 03 23 14 50 106  6.5  8.3  1.97  9.09  5.99  11 1027.4  21.8  23.4  12.9 99.0 99.00
2016 03 23 15 50  81  7.5  9.4  1.97 10.00  5.86  14 1027.0  21.6  23.4  13.3 99.0 99.00
2016 03 23 16 50  84  7.4  9.3  1.90  9.09  5.96  19 1026.5  21.7  23.5  13.8 99.0 99.00
2016 03 23 17 50  80  8.1 10.0  1.96  9.09  6.08  16 1025.6  21.8  23.5  14.5 99.0 99.00
2016 03 23 18 50  84  8.1  9.5  2.03 10.00  5.96  17 1024.9  22.0  23.5  15.1 99.0 99.00
2016 03 23 19 50  89  6.5  7.7  2.07  9.09  6.08  25 1024.5  22.0  23.5  14.9 99.0 99.00
2016 03 23 20 50 113  6.1  7.4  1.89  8.33  6.04  21 1024.6  22.3  23.6  14.0 99.0 99.00
2016 03 23 21 50 106  5.9  7.4  1.83  9.09  6.21   5 1024.9  22.5  23.6  13.8 99.0 99.00
2016 03 23 22 50  93  8.2  9.9  1.94  8.33  6.13  61 1024.7  22.2  23.6  16.0 99.0 99.00
2016 03 23 23 50  97  8.4 10.5  1.90 10.00  5.87  21 1024.7  22.1  23.6  16.1 99.0 99.00
2016 03 24 00 50  96  7.7  9.4  2.06  7.69  6.10 107 1025.2  22.1  23.5  16.1 99.0 99.00
2016 03 24 01 50 101  7.4  8.6  2.00 10.00  6.00  10 1025.5  22.2  23.5  16.2 99.0 99.00
2016 03 24 02 50 110  6.8  8.2  2.05  6.67  6.03  90 1025.5  22.3  23.5  16.1 99.0 99.00
2016 03 24 03 50  98  7.5  9.1  1.79  7.14  5.82  93 1025.2  22.4  23.5  16.6 99.0 99.00
2016 03 24 04 50 101  7.4  9.4  1.78  7.14  5.76 111 1024.8  22.5  23.5  17.0 99.0 99.00
2016 03 24 06 50  91  6.9  8.2  1.97  8.33  5.99 116 1023.6  22.3  23.5  17.6 99.0 99.00
2016 03 24 07 50  89  7.4  9.0  2.00  8.33  5.87 109 1022.9  22.3  23.5  17.8 99.0 99.00
2016 03 24 08 50  83  7.0  8.3  1.94  8.33  5.96 117 1022.7  22.3  23.5  18.2 99.0 99.00
2016 03 24 09 50  82  8.3  9.7  1.93  7.69  5.82  98 1022.7  22.6  23.5  18.5 99.0 99.00
2016 03 24 10 50  85  8.3  9.9  1.92  7.69  5.73 120 1022.6  22.7  23.6  18.6 99.0 99.00
2016 03 24 11 50 103  8.3 10.2  1.96  7.69  5.87 113 1023.2  22.0  23.6  18.9 99.0 99.00
2016 03 24 12 50 102  8.1  9.7  1.98  7.14  5.75 106 1023.4  22.0  23.6  19.0 99.0 99.00
2016 03 24 13 50  78  8.2 10.1  1.91  8.33  5.74 128 1023.4  22.0  23.6  19.8 99.0 99.00
2016 03 24 14 50  72  7.2  8.7  2.09  7.69  5.79 114 1023.6  21.7  23.6  19.8 99.0 99.00
2016 03 24 15 50 106  8.9 11.0  2.09  7.69  5.83 113 1023.4  21.8  23.6  19.5 99.0 99.00
2016 03 24 16 50 110 10.6 12.9  1.99  7.69  5.72 117 1022.7  21.9  23.6  20.0 99.0 99.00
2016 03 24 17 50 103  9.8 11.2  2.29  7.69  5.89 121 1021.8  22.0  23.6  19.9 99.0 99.00
2016 03 24 18 50  90  9.4 11.5  2.28  6.67  5.74 113 1020.8  22.5  23.6  20.6 99.0 99.00
2016 03 24 19 50 111 11.1 13.1  2.37  8.33  5.90 108 1020.1  22.7  23.6  20.0 99.0 99.00
2016 03 24 20 50 106 10.6 12.8  2.47  8.33  5.97 119 1020.0  22.7  23.6  20.1 99.0 99.00
2016 03 24 21 50 109 10.4 12.9  2.32  7.14  5.95 108 1020.2  23.2  23.6  20.4 99.0 99.00
2016 03 24 22 50 120 10.9 13.4  2.42  8.33  5.95 114 1019.9  22.4  23.6  20.6 99.0 99.00
2016 03 24 23 50 129 11.4 14.1  2.60  8.33  5.83 121 1019.8  22.4  23.6  20.9 99.0 99.00
2016 03 25 00 50 139 10.5 12.4  2.57  7.69  6.00 122 1020.2  22.8  23.6  21.1 99.0 99.00
2016 03 25 01 50 126  8.7 10.6  2.38  7.14  5.86 114 1020.7  22.9  23.6  20.9 99.0 99.00
2016 03 25 02 50 175  7.4 10.7  2.27  7.69  5.86 117 1020.8  22.1  23.6  20.5 99.0 99.00
2016 03 25 03 50 151  7.7  9.3  2.06  8.33  5.79 118 1020.4  23.5  23.6  21.2 99.0 99.00
2016 03 25 04 50 152  6.5  8.0  2.09  7.69  5.73 111 1020.6  23.6  23.6  21.5 99.0 99.00
2016 03 25 05 50 160  6.1  7.9  1.94  7.69  5.87 109 1020.0  23.8  23.6  21.9 99.0 99.00
2016 03 25 06 50 162  5.8  7.6  1.93  7.14  5.85 109 1019.1  23.8  23.7  22.0 99.0 99.00
2016 03 25 07 50 160  7.0  8.7  2.03  7.14  5.94 111 1018.6  23.7  23.7  22.0 99.0 99.00
2016 03 25 08 50 160  6.0  7.5  1.88  8.33  5.85 112 1018.5  23.8  23.7  21.9 99.0 99.00
2016 03 25 09 50 166  5.8  6.9  1.70  7.69  5.68 113 1018.8  23.8  23.7  21.8 99.0 99.00
2016 03 25 10 50 159  6.5  7.4  1.68  7.69  5.82 101 1019.1  23.9  23.7  21.9 99.0 99.00
2016 03 25 11 50 173  6.4  7.7  1.64  7.14  5.69 108 1019.9  23.9  23.7  21.7 99.0 99.00
2016 03 25 12 50 168  5.8  7.2  1.76  8.33  5.78 106 1020.2  24.0  23.7  21.8 99.0 99.00
2016 03 25 13 50 164  5.0  5.7  1.63  8.33  5.79 121 1020.7  24.0  23.7  21.8 99.0 99.00
2016 03 25 14 50 157  4.7  5.6  1.68  8.33  5.94 116 1021.2  24.1  23.9  21.8 99.0 99.00
2016 03 25 15 50 156  4.3  5.0  1.50  7.14  5.86 105 1021.5  24.2  24.0  22.0 99.0 99.00
2016 03 25 16 50 154  4.3  5.3  1.66  7.14  5.95  93 1021.7  24.3  24.2  22.1 99.0 99.00
2016 03 25 17 50 167  4.4  5.2  1.50  7.69  5.87 101 1021.2  24.3  24.3  22.0 99.0 99.00
2016 03 25 18 50 163  4.8  5.7  1.59  8.33  5.96 108 1020.9  24.5  24.4  22.1 99.0 99.00
2016 03 25 19 50 169  3.8  4.7  1.57  8.33  5.86 122 1020.9  24.5  24.3  22.0 99.0 99.00
2016 03 25 20 50 169  4.2  5.2  1.50  8.33  5.89 109 1020.9  24.4  24.3  22.1 99.0 99.00
2016 03 25 21 50 162  5.0  6.4  1.58  6.67  6.04 117 1021.0  24.3  24.3  22.0 99.0 99.00
2016 03 25 22 50 163  6.4  7.7  1.35  8.33  5.66 113 1020.9  24.2  24.2  21.9 99.0 99.00
2016 03 25 23 50 161  6.3  7.4  1.52  8.33  5.79 112 1021.3  24.2  24.2  22.1 99.0 99.00
2016 03 26 00 50 151  5.6  6.5  1.39  8.33  5.72 111 1021.9  24.1  24.1  22.2 99.0 99.00
2016 03 26 01 50 154  5.5  6.7  1.55  9.09  5.83 130 1022.3  24.1  24.1  22.3 99.0 99.00
2016 03 26 02 50 155  5.4  6.7  1.40  9.09  5.77 118 1022.3  24.1  24.1  22.5 99.0 99.00
2016 03 26 03 50 162  5.5  6.7  1.41  8.33  5.76 111 1022.3  24.2  24.1  22.5 99.0 99.00
2016 03 26 04 50 163  4.9  5.8  1.48  7.69  5.70 119 1022.6  24.2  24.1  22.4 99.0 99.00
2016 03 26 05 50 170  4.1  4.9  1.45  7.69  5.70 118 1022.6  24.2  24.1  22.4 99.0 99.00
2016 03 26 06 50 165  3.9  4.8  1.50  8.33  5.85 117 1022.3  24.1  24.1  22.3 99.0 99.00
2016 03 26 07 50 157  4.1  4.7  1.36  8.33  5.70 116 1022.0  24.1  24.1  22.4 99.0 99.00
2016 03 26 08 50 149  5.4  6.4  1.46  8.33  5.85 123 1021.3  24.0  24.0  22.3 99.0 99.00
2016 03 26 09 50 158  4.7  5.7  1.38  7.69  5.72 114 1022.0  24.0  24.0  22.0 99.0 99.00
2016 03 26 10 50 157  5.3  6.4  1.37  7.69  5.64 112 1022.3  24.0  23.9  22.2 99.0 99.00
2016 03 26 11 50 157  4.5  5.4  1.46  8.33  5.98 113 1023.0  24.2  23.9  22.2 99.0 99.00
2016 03 26 12 50 154  4.7  5.5  1.42  7.14  5.94 114 1023.6  24.3  23.9  22.1 99.0 99.00
2016 03 26 13 50 150  5.9  6.8  1.34  7.69  5.72 125 1023.9  24.3  24.0  22.0 99.0 99.00
2016 03 26 14 50 154  6.3  7.4  1.32  9.09  5.63 114 1024.1  24.3  24.1  22.1 99.0 99.00
2016 03 26 15 50 159  6.7  7.9  1.57  6.67  5.80 131 1023.9  24.4  24.2  22.1 99.0 99.00
2016 03 26 16 50 160  5.8  6.9  1.45  7.69  5.61 127 1024.0  24.5  24.2  21.9 99.0 99.00
2016 03 26 17 50 158  4.6  5.6  1.53  7.14  5.69 119 1023.8  24.5  24.3  22.0 99.0 99.00
2016 03 26 18 50 148  4.1  4.9  1.43  7.14  5.71 120 1023.3  24.5  24.4  22.0 99.0 99.00
2016 03 26 19 50 151  4.5  5.4  1.51  7.14  5.84 128 1023.4  24.5  24.5  22.1 99.0 99.00
2016 03 26 20 50 137  3.8  4.5  1.52  8.33  5.87 126 1023.7  24.6  24.5  22.2 99.0 99.00
2016 03 26 21 50 143  3.8  4.7  1.44  8.33  5.89 113 1024.2  24.6  24.5  22.2 99.0 99.00
2016 03 26 22 50 130  5.0  5.9  1.38  7.14  5.73 118 1024.1  24.4  24.5  22.4 99.0 99.00
2016 03 26 23 50 117  3.7  4.7  1.47  7.14  6.04 143 1024.8  24.3  24.4  22.4 99.0 99.00
2016 03 27 00 50 114  3.8  4.5  1.51  7.69  6.11 120 1025.1  24.2  24.4  22.6 99.0 99.00
2016 03 27 01 50 116  4.7  5.8  1.55  8.33  6.15 127 1025.3  24.1  24.3  22.6 99.0 99.00
2016 03 27 02 50 121  4.6  5.5  1.55  9.09  6.22 129 1025.5  24.1  24.3  22.5 99.0 99.00
2016 03 27 03 50 121  5.3  6.5  1.43  8.33  5.97 114 1025.4  24.1  24.3  22.4 99.0 99.00
2016 03 27 04 50 116  5.3  6.3  1.41  7.69  5.76 130 1025.4  24.1  24.2  22.2 99.0 99.00
2016 03 27 05 50 117  5.5  6.5  1.39  7.69  5.78 123 1025.2  24.0  24.2  22.0 99.0 99.00
2016 03 27 06 50 121  6.1  7.2  1.40  7.69  5.83 114 1024.8  23.9  24.2  21.7 99.0 99.00
2016 03 27 07 50 126  6.1  7.5  1.39  7.69  5.67 128 1024.4  23.9  24.2  21.5 99.0 99.00
2016 03 27 08 50 125  5.7  6.7  1.32  8.33  5.56 126 1024.2  23.9  24.2  21.6 99.0 99.00
2016 03 27 09 50 123  5.6  6.8  1.45  9.09  5.85 128 1024.5  23.9  24.2  21.5 99.0 99.00
2016 03 27 10 50 120  5.4  6.4  1.37  7.14  5.79 133 1024.7  23.8  24.2  21.4 99.0 99.00
2016 03 27 11 50 123  5.8  7.0  1.39  9.09  5.82 122 1025.0  24.1  24.2  21.3 99.0 99.00
2016 03 27 12 50 128  6.3  7.5  1.42  7.69  5.71 137 1025.3  24.2  24.2  21.2 99.0 99.00
2016 03 27 13 50 130  5.8  6.9  1.48  9.09  5.87 119 1025.7  24.2  24.2  21.0 99.0 99.00
2016 03 27 14 50 134  6.0  7.0  1.60  9.09  6.09 114 1025.5  24.2  24.3  21.1 99.0 99.00
2016 03 27 15 50 133  6.5  7.8  1.58  7.69  5.86 133 1025.0  24.2  24.3  21.3 99.0 99.00
2016 03 27 16 50 142  6.7  7.9  1.52  9.09  5.69 122 1024.4  24.2  24.4  21.1 99.0 99.00
2016 03 27 17 50 143  7.3  8.4  1.55  8.33  5.65 118 1023.8  24.3  24.4  20.9 99.0 99.00
2016 03 27 18 50 140  6.6  7.7  1.59  6.67  5.72 117 1023.2  24.3  24.4  20.9 99.0 99.00
2016 03 27 19 50 136  6.9  8.1  1.57  9.09  5.58 127 1022.7  24.3  24.4  20.8 99.0 99.00
2016 03 27 20 50 129  6.2  7.6  1.53  7.69  5.61 128 1022.4  24.3  24.4  21.1 99.0 99.00
2016 03 27 21 50 131  6.4  7.7  1.66  9.09  5.90 128 1022.3  24.3  24.4  21.0 99.0 99.00
2016 03 27 22 50 138  5.8  7.4  1.46  8.33  5.66 120 1022.5  24.2  24.3  21.3 99.0 99.00
2016 03 27 23 50 140  5.5  6.6  1.54  8.33  5.72 136 1022.7  24.1  24.3  21.2 99.0 99.00
2016 03 28 00 50 147  6.2  7.3  1.45  9.09  5.74 118 1023.1  24.4  24.3  20.7 99.0 99.00
2016 03 28 01 50 146  5.8  7.0  1.50  7.69  5.65 128 1023.1  24.3  24.2  20.9 99.0 99.00
2016 03 28 02 50 146  6.8  8.4  1.52  9.09  5.70 116 1022.9  24.3  24.3  20.8 99.0 99.00
2016 03 28 03 50 148  7.2  8.4  1.47  6.67  5.51 130 1022.2  24.2  24.3  21.1 99.0 99.00
2016 03 28 04 50 155  7.3  9.2  1.50  7.69  5.73 129 1021.7  24.1  24.2  20.9 99.0 99.00
2016 03 28 05 50 154  7.5  9.0  1.59  8.33  5.58 128 1020.8  24.1  24.2  21.1 99.0 99.00
2016 03 28 06 50 157  7.5  8.9  1.40  9.09  5.22 112 1019.8  24.1  24.2  21.1 99.0 99.00
2016 03 28 07 50 161  6.5  8.2  1.43  7.14  5.15 130 1019.8  24.1  24.2  21.1 99.0 99.00
2016 03 28 08 50 178  5.5  6.7  1.46  9.09  5.45 126 1020.4  24.1  24.2  21.2 99.0 99.00
2016 03 28 09 50 201  4.4  5.1  1.54  7.69  5.61 123 1021.0  24.2  24.2  21.4 99.0 99.00
2016 03 28 10 50 192  5.0  5.7  1.48  8.33  5.70 102 1021.1  24.2  24.2  21.4 99.0 99.00
2016 03 28 11 50 190  5.6  6.6  1.48  7.14  5.75 133 1021.3  24.1  24.2  21.4 99.0 99.00
2016 03 28 12 50 196  6.1  7.3  1.47  8.33  5.56 107 1021.1  24.3  24.2  21.2 99.0 99.00
2016 03 28 13 50 191  6.4  7.5  1.52  9.09  5.68 117 1020.8  24.3  24.2  21.6 99.0 99.00
2016 03 28 14 50 188  6.9  8.5  1.56  9.09  5.73 120 1020.5  24.3  24.3  21.6 99.0 99.00
2016 03 28 15 50 194  7.5  8.6  1.44 10.00  5.54 115 1020.1  24.5  24.3  21.6 99.0 99.00
2016 03 28 16 50 199  6.4  7.5  1.45  9.09  5.34 110 1020.1  24.5  24.4  21.8 99.0 99.00
2016 03 28 17 50 198  7.6  9.0  1.46  9.09  5.32 108 1019.1  24.6  24.5  21.8 99.0 99.00
2016 03 28 18 50 192  7.8  9.3  1.53  9.09  5.50 118 1018.4  24.6  24.5  21.9 99.0 99.00
2016 03 28 19 50 203  7.1  8.3  1.44  9.09  5.18 107 1018.6  24.6  24.5  22.0 99.0 99.00
2016 03 28 20 50 202  6.7  8.2  1.57  9.09  5.45 105 1018.5  24.6  24.5  22.0 99.0 99.00
2016 03 28 21 50 208  6.1  7.0  1.43  9.09  5.48 111 1018.9  24.6  24.6  22.2 99.0 99.00
2016 03 28 22 50 206  5.3  6.4  1.46  9.09  5.55  96 1019.3  24.5  24.5  22.4 99.0 99.00
2016 03 28 23 50 215  4.8  6.0  1.40  9.09  5.62 105 1019.8  24.5  24.5  22.6 99.0 99.00
2016 03 29 00 50 211  4.4  5.3  1.50  9.09  5.95 112 1020.0  24.4  24.5  22.6 99.0 99.00
2016 03 29 01 50 221  4.7  6.3  1.40 10.00  5.94 108 1019.9  24.4  24.5  22.0 99.0 99.00
2016 03 29 02 50 201  6.5  7.8  1.28  9.09  5.61  93 1019.3  24.3  24.4  22.5 99.0 99.00
2016 03 29 03 50 206  7.0  7.9  1.32 10.00  5.69 115 1019.1  24.4  24.4  22.6 99.0 99.00
2016 03 29 04 50 230  6.5  7.8  1.44 10.00  5.53 106 1019.0  24.5  24.4  21.5 99.0 99.00
2016 03 29 05 50 227  6.8  8.3  1.43 10.00  5.64 115 1018.1  24.4  24.4  22.3 99.0 99.00
2016 03 29 06 50 208  8.2 10.0  1.36  8.33  5.25  94 1016.5  24.2  24.4  21.8 99.0 99.00
2016 03 29 07 50 226  6.5  7.7  1.42  9.09  5.36 120 1017.3  24.1  24.4  21.7 99.0 99.00
2016 03 29 08 50 228  5.1  6.2  1.34 10.00  5.31 119 1017.2  24.2  24.3  21.9 99.0 99.00
2016 03 29 09 50 233  5.5  6.3  1.43  9.09  5.45 108 1017.3  24.2  24.3  21.8 99.0 99.00
2016 03 29 10 50 229  5.7  6.6  1.45  9.09  5.64 114 1017.9  24.2  24.3  21.8 99.0 99.00
2016 03 29 11 50 226  6.1  7.2  1.41  9.09  5.60 115 1018.1  24.3  24.3  22.0 99.0 99.00
2016 03 29 12 50 227  6.4  7.6  1.38 10.00  5.85 109 1018.2  24.5  24.4  22.1 99.0 99.00
2016 03 29 13 50 226  6.0  7.6  1.41 10.00  5.69 116 1018.6  24.5  24.4  22.1 99.0 99.00
2016 03 29 14 50 233  6.0  7.1  1.47  9.09  5.86 109 1019.1  24.5  24.5  22.1 99.0 99.00
2016 03 29 15 50 238  4.1  4.9  1.39 10.00  5.79 113 1019.8  24.5  24.5  22.3 99.0 99.00
2016 03 29 16 50 232  5.9  6.6  1.30 10.00  5.73 117 1018.9  24.5  24.6  22.3 99.0 99.00
2016 03 29 17 50 242  5.9  7.3  1.40 10.00  5.86 115 1018.4  24.6  24.7  22.4 99.0 99.00
2016 03 29 18 50 256  4.2  4.8  1.26  9.09  5.64  99 1017.8  24.6  24.7  22.3 99.0 99.00
2016 03 29 19 50 333  2.4  3.0  1.36 10.00  5.88 114 1017.4  23.7  24.8  20.7 99.0 99.00
2016 03 29 20 50 323  0.8  1.7  1.28 10.00  5.92 109 1017.5  24.4  24.9  20.5 99.0 99.00
2016 03 29 21 50 308  0.6  1.2  1.29 10.00  5.77 111 1017.9  24.6  25.0  20.6 99.0 99.00
2016 03 29 22 50 305  1.3  1.9  1.30 10.00  5.72 119 1018.4  24.0  24.9  20.3 99.0 99.00
2016 03 29 23 50 176  0.2  0.5  1.25  9.09  5.77 116 1018.4  23.9  24.9  20.2 99.0 99.00
2016 03 30 00 50 154  1.4  2.0  1.21 10.00  5.92 117 1018.7  23.9  24.8  20.7 99.0 99.00
2016 03 30 01 50 164  1.1  1.6  1.23  9.09  5.93 104 1018.9  24.0  24.8  21.4 99.0 99.00
2016 03 30 02 50 253  1.6  2.0  1.26 10.00  6.23 107 1018.9  24.0  24.7  21.6 99.0 99.00
2016 03 30 03 50 259  1.9  2.4  1.10  9.09  5.76 103 1018.9  24.1  24.6  21.6 99.0 99.00
2016 03 30 04 50 270  1.4  1.8  1.20 10.00  6.25  94 1019.1  24.1  24.6  21.5 99.0 99.00
2016 03 30 05 50 170  0.2  0.4  1.18  9.09  6.25 111 1018.6  24.0  24.5  21.5 99.0 99.00
2016 03 30 06 50 312  0.1  0.4  1.18 10.00  6.36 120 1018.0  23.9  24.4  21.5 99.0 99.00
2016 03 30 07 50 139  0.8  1.2  1.21  9.09  6.37 105 1017.7  23.8  24.4  21.6 99.0 99.00
2016 03 30 08 50 115  1.7  2.2  1.26  9.09  6.45 114 1017.5  23.8  24.4  21.7 99.0 99.00
2016 03 30 09 50 226  3.6  5.7  1.11  9.09  6.23  89 1018.4  22.5  24.4  20.5 99.0 99.00
2016 03 30 10 50 145  6.3  8.1  1.24 10.00  6.53 103 1018.9  21.3  24.2  19.2 99.0 99.00
2016 03 30 11 50  28 10.3 13.5  1.16  9.09  6.74 100 1020.8  18.8  24.1  17.4 99.0 99.00
2016 03 30 12 50  65  7.3  8.9  1.29  9.09  5.42  99 1021.5  21.2  24.2  18.5 99.0 99.00
2016 03 30 13 50  76  7.0  8.1  1.44 10.00  5.24 117 1021.0  22.0  24.2  17.6 99.0 99.00
2016 03 30 14 50  82  8.7 10.2  1.61  9.09  5.42  91 1020.7  22.1  24.2  18.8 99.0 99.00
2016 03 30 15 50  80 10.4 12.0  1.40  9.09  5.09 104 1020.5  22.6  24.2  19.0 99.0 99.00
2016 03 30 16 50  80  9.5 10.7  1.60  9.09  4.97 103 1020.6  22.3  24.2  19.2 99.0 99.00
2016 03 30 17 50  72  8.3  9.9  1.74  5.00  5.13  35 1020.5  22.7  24.2  19.0 99.0 99.00
2016 03 30 18 50  69  6.7  8.7  1.75 10.00  5.35 110 1021.7  23.0  24.2  17.6 99.0 99.00
2016 03 30 19 50  54  6.5  7.8  1.88 11.43  5.76  17 1021.8  22.7  24.2  18.6 99.0 99.00
2016 03 30 20 50  56  7.7  9.0  1.74 10.81  5.51  26 1021.0  23.0  24.2  17.9 99.0 99.00
2016 03 30 21 50  72  6.4  7.5  1.85 10.81  5.99  17 1021.8  22.9  24.2  18.6 99.0 99.00
2016 03 30 22 50  76  6.0  7.2  2.02 10.81  6.08   7 1022.2  22.8  24.1  18.4 99.0 99.00
2016 03 30 23 50  94  7.4  8.4  1.91 10.81  6.19  12 1021.9  22.7  24.1  19.8 99.0 99.00
2016 03 31 00 50 117  7.7  9.0  1.83  9.09  5.89  70 1022.0  22.8  24.1  18.4 99.0 99.00
2016 03 31 01 50  97  7.1  8.3  2.10 10.00  6.31  48 1021.6  23.2  24.1  18.8 99.0 99.00
2016 03 31 02 50 122  8.6 10.9  2.07  9.09  6.34  31 1021.9  23.0  24.1  19.0 99.0 99.00
2016 03 31 03 50 117  8.2  9.6  2.25 10.00  6.41  22 1021.7  23.4  24.1  18.7 99.0 99.00
2016 03 31 04 50 109  8.7 10.4  2.36 10.00  6.41  32 1020.7  23.6  24.1  19.3 99.0 99.00
2016 03 31 05 50 103  8.2  9.6  2.38 10.00  6.34  43 1020.1  23.6  24.1  19.7 99.0 99.00
2016 03 31 06 50  95  8.2  9.5  2.30  9.09  6.40  65 1019.9  23.7  24.2  18.8 99.0 99.00
2016 03 31 07 50  95  8.7 10.5  2.26 10.00  6.37  49 1019.8  23.8  24.2  19.6 99.0 99.00
2016 03 31 08 50 103  9.2 11.1  2.26  9.09  6.27  28 1020.1  23.9  24.2  19.5 99.0 99.00
2016 03 31 09 50 108  9.4 11.1  2.46  7.69  6.23  10 1020.2  23.9  24.2  18.9 99.0 99.00
2016 03 31 10 50 108  9.1 10.6  2.53 10.00  6.32  14 1020.6  23.0  24.2  19.7 99.0 99.00
2016 03 31 11 50  90  7.2  8.7  2.44 10.00  6.28  11 1021.3  23.4  24.2  20.2 99.0 99.00
2016 03 31 12 50 118  8.0  9.7  2.44  9.09  6.14  27 1021.6  24.2  24.2  19.5 99.0 99.00
2016 03 31 13 50 130  8.2 10.9  2.56 10.00  6.54  28 1021.5  23.8  24.3  19.8 99.0 99.00
2016 03 31 14 50 147  8.3  9.5  2.36 10.00  6.16 357 1021.6  23.4  24.3  19.9 99.0 99.00
2016 03 31 15 50 151  9.1 10.9  2.28  7.69  5.75  34 1021.2  23.0  24.3  19.5 99.0 99.00
2016 03 31 16 50 144  8.0  9.5  2.10  7.69  5.76  38 1020.6  23.6  24.4  19.5 99.0 99.00
2016 03 31 17 50 116  6.7  8.3  2.09  9.09  5.83  72 1020.4  23.3  24.4  20.3 99.0 99.00
2016 03 31 18 50 139  7.0  8.4  2.32  9.09  6.25  42 1019.9  24.1  24.4  20.3 99.0 99.00
2016 03 31 19 50 133  6.9  8.3  2.13  7.14  6.10  83 1019.6  24.3  24.4  20.3 99.0 99.00
2016 03 31 20 50 135  7.0  8.5  2.38  7.69  6.11  71 1019.9  24.3  24.4  20.6 99.0 99.00
2016 03 31 21 50 126  7.4  8.5  2.35  6.67  6.23 129 1020.1  24.3  24.4  20.0 99.0 99.00
2016 03 31 22 50 122  7.5  8.7  2.41  7.69  6.22  73 1020.3  24.2  24.3  20.5 99.0 99.00
