#YY  MM DD hh mm WDIR WSPD GST  WVHT   DPD   APD MWD   PRES  ATMP  WTMP  DEWP  VIS  TIDE
#yr  mo dy hr mn degT m/s  m/s     m   sec   sec deg    hPa  degC  degC  degC  nmi    ft
2016 02 29 23 50  57  8.6 10.3  2.11  9.09  5.99  63 1017.9  25.3  26.7  19.6 99.0 99.00
2016 03 01 00 50  65  8.7 10.1  2.09  7.14  5.92  21 1018.3  25.2  26.7  20.4 99.0 99.00
2016 03 01 01 50  84  7.2  8.6  1.94  7.69  5.84  39 1018.6  24.9  26.7  21.0 99.0 99.00
2016 03 01 02 50  67  8.4  9.6  2.07  7.69  5.89  33 1018.5  25.1  26.7  20.3 99.0 99.00
2016 03 01 03 50  60  8.5 10.5  1.93  7.69  5.73  20 1018.2  25.2  26.7  20.6 99.0 99.00
2016 03 01 04 50  70  8.1  9.7  1.94 10.00  5.79  53 1017.9  25.1  26.7  20.2 99.0 99.00
2016 03 01 05 50  62  8.3 10.3  2.06  7.14  5.85  28 1017.1  24.9  26.7  20.9 99.0 99.00
2016 03 01 06 50  60  8.3  9.8  2.01  8.33  5.84  52 1016.5  25.0  26.7  20.5 99.0 99.00
2016 03 01 07 50  63  8.5 10.0  2.06  7.14  5.75  37 1016.3  25.0  26.7  20.3 99.0 99.00
2016 03 01 08 50  66  8.4  9.5  2.05  9.09  5.61  70 1016.5  25.0  26.7  20.0 99.0 99.00
2016 03 01 09 50  65  8.0  9.5  2.10  9.09  5.86  74 1017.0  25.0  26.7  20.2 99.0 99.00
2016 03 01 10 50  67  8.4  9.9  1.95  8.33  5.80  72 1017.6  25.1  26.6  19.6 99.0 99.00
2016 03 01 11 50  66  8.0  9.6  1.94  8.33  5.75  55 1018.4  25.1  26.6  19.4 99.0 99.00
2016 03 01 12 50  70  7.2  8.6  1.84  9.09  5.71  75 1019.0  25.2  26.6  19.4 99.0 99.00
2016 03 01 13 50  65  7.5  8.8  1.80  9.09  5.79  66 1019.5  25.3  26.7  19.1 99.0 99.00
2016 03 01 14 50  69  7.4  8.6  1.84 10.00  5.86  68 1019.4  25.4  26.7  19.2 99.0 99.00
2016 03 01 15 50  69  7.7  9.2  1.87 10.00  5.86  76 1019.1  25.3  26.7  19.2 99.0 99.00
2016 03 01 16 50  67  7.0  8.6  1.73 10.00  5.59  78 1018.3  25.2  26.7  19.1 99.0 99.00
2016 03 01 17 50  73  6.7  7.9  1.85  9.09  6.05  63 1017.4  25.2  26.8  18.8 99.0 99.00
2016 03 01 18 50  66  8.2 10.5  1.78 10.00  6.02  74 1016.9  24.8  26.9  19.9 99.0 99.00
2016 03 01 19 50  73  4.0  5.2  1.79  7.69  5.92  58 1017.1  24.7  26.8  19.7 99.0 99.00
2016 03 01 20 50  65  7.2  8.8  1.70  9.09  5.71  66 1017.3  24.9  26.8  19.7 99.0 99.00
2016 03 01 21 50  60  9.3 10.7  1.80 10.00  5.62  64 1017.5  24.9  26.7  19.5 99.0 99.00
2016 03 01 22 50  54  9.1 11.0  1.81  8.33  5.45  76 1017.9  24.8  26.7  19.4 99.0 99.00
2016 03 01 23 50  53  9.5 11.0  1.82  9.09  5.53  79 1018.3  24.7  26.7  18.7 99.0 99.00
2016 03 02 00 50  62  8.5 10.1  1.78 10.00  5.55  86 1018.8  24.7  26.7  18.4 99.0 99.00
2016 03 02 01 50  67  8.2  9.5  1.77  9.09  5.58  93 1019.0  24.9  26.7  18.5 99.0 99.00
2016 03 02 02 50  69  8.5  9.9  1.86  9.09  5.78  89 1019.1  24.8  26.7  18.3 99.0 99.00
2016 03 02 03 50  69  7.3  9.3  1.88  9.09  5.63  89 1019.3  24.8  26.7  17.6 99.0 99.00
2016 03 02 04 50  69  7.2  8.4  1.84  9.09  5.91  72 1018.9  24.8  26.7  17.5 99.0 99.00
2016 03 02 05 50  72  7.4  9.3  1.77  9.09  5.69  84 1018.0  24.9  26.6  16.8 99.0 99.00
2016 03 02 06 50  69  6.7  8.0  1.61  8.33  5.59  80 1017.6  24.8  26.6  16.4 99.0 99.00
2016 03 02 07 50  69  7.7  9.3  1.77 10.00  5.78  88 1017.4  24.8  26.6  17.2 99.0 99.00
2016 03 02 08 50  72  7.5  8.9  1.70 10.00  5.74  80 1017.3  24.6  26.6  17.4 99.0 99.00
2016 03 02 09 50  80  8.0  9.5  1.73  8.33  5.61  89 1017.4  24.7  26.7  18.1 99.0 99.00
2016 03 02 10 50  79  8.3 10.0  1.80  9.09  5.65  80 1017.7  24.8  26.6  18.3 99.0 99.00
2016 03 02 11 50  78  8.3  9.6  1.72 10.00  5.53  81 1018.3  24.8  26.6  17.6 99.0 99.00
2016 03 02 12 50  72  7.4  9.0  1.77 10.00  5.66  90 1019.3  25.1  26.7  18.3 99.0 99.00
2016 03 02 13 50  85  6.8  8.4  1.74  9.09  5.72  80 1019.6  25.2  26.7  17.9 99.0 99.00
2016 03 02 14 50  81  7.2  8.6  1.66 10.00  5.72  67 1019.3  25.1  26.7  18.3 99.0 99.00
2016 03 02 15 50  83  7.5  8.6  1.65  9.09  5.65  75 1018.9  25.1  26.7  18.6 99.0 99.00
2016 03 02 16 50  92  6.1  7.5  1.57 10.00  5.59  81 1018.5  25.2  26.7  18.2 99.0 99.00
2016 03 02 17 50  77  6.1  8.6  1.80  9.09  5.79  85 1017.7  25.2  26.8  19.1 99.0 99.00
2016 03 02 18 50  80  6.7  8.0  1.66  9.09  5.67  79 1016.9  25.0  26.8  19.1 99.0 99.00
2016 03 02 19 50  73  6.6  7.7  1.80 10.00  5.66  72 1016.7  24.9  26.8  19.0 99.0 99.00
2016 03 02 20 50  67  6.2  8.1  1.61  6.25  5.64  50 1017.0  25.0  26.8  18.8 99.0 99.00
2016 03 02 21 50  62  5.9  6.9  1.61 10.00  5.75  88 1017.4  25.0  26.8  19.3 99.0 99.00
2016 03 02 22 50  69  6.2  7.8  1.71  6.67  5.82  62 1017.3  25.0  26.8  19.4 99.0 99.00
2016 03 02 23 50  76  7.1  8.3  1.69  9.09  6.00  80 1017.3  24.9  26.8  19.2 99.0 99.00
2016 03 03 00 50  76  7.2  8.5  1.62 10.00  5.69  88 1017.9  25.0  26.8  19.2 99.0 99.00
2016 03 03 01 50  75  7.6  8.9  1.66  6.25  5.77  65 1018.2  24.9  26.8  19.4 99.0 99.00
2016 03 03 02 50  83  7.4  8.6  1.61  9.09  5.86  73 1018.4  24.9  26.8  18.9 99.0 99.00
2016 03 03 03 50  85  6.9  7.9  1.59  9.09  5.56  92 1018.2  25.0  26.7  18.3 99.0 99.00
2016 03 03 04 50  85  7.2  8.6  1.59  9.09  5.75  65 1017.3  25.0  26.7  18.0 99.0 99.00
2016 03 03 05 50  84  6.4  7.8  1.73  9.09  5.81  78 1016.6  24.9  26.7  17.8 99.0 99.00
2016 03 03 06 50  85  6.7  8.3  1.67  8.33  5.73  80 1015.6  24.8  26.7  17.9 99.0 99.00
2016 03 03 07 50  84  6.4  7.8  1.78  9.09  5.99  68 1015.2  24.7  26.6  17.5 99.0 99.00
2016 03 03 08 50  77  6.2  7.5  1.64 10.00  5.85  86 1015.2  24.6  26.6  17.8 99.0 99.00
2016 03 03 09 50  67  6.5  7.7  1.62  6.67  5.77  73 1015.8  24.6  26.6  17.2 99.0 99.00
2016 03 03 10 50  74  6.4  8.0  1.51 10.00  5.74  62 1016.3  24.7  26.6  17.4 99.0 99.00
2016 03 03 11 50  64  6.1  8.0  1.58  9.09  5.88  65 1017.2  24.9  26.6  16.6 99.0 99.00
2016 03 03 12 50  70  6.1  7.2  1.68 10.00  6.03  68 1017.8  25.1  26.6  16.2 99.0 99.00
2016 03 03 13 50  65  5.8  7.1  1.73  9.09  6.18  78 1018.0  25.1  26.6  16.3 99.0 99.00
2016 03 03 14 50  61  4.9  6.2  1.57  9.09  5.90  70 1018.3  25.1  26.6  16.2 99.0 99.00
2016 03 03 15 50  69  5.3  6.5  1.65 10.00  6.14  74 1018.0  25.1  26.7  16.3 99.0 99.00
2016 03 03 16 50  69  5.3  6.5  1.69  9.09  6.29  64 1017.6  25.0  26.7  17.1 99.0 99.00
2016 03 03 17 50  88  4.8  5.8  1.62  9.09  6.23  66 1017.0  25.1  26.7  16.9 99.0 99.00
2016 03 03 18 50  86  4.9  6.0  1.58 10.00  6.33  82 1016.2  25.1  26.8  16.6 99.0 99.00
2016 03 03 19 50  87  5.0  6.2  1.54  8.33  6.18  62 1015.9  25.2  26.7  17.2 99.0 99.00
2016 03 03 20 50  80  5.3  7.0  1.54 10.00  6.21  89 1015.9  25.4  26.7  17.4 99.0 99.00
2016 03 03 21 50  82  6.3  7.6  1.53  8.33  6.27  51 1016.1  25.3  26.7  18.2 99.0 99.00
2016 03 03 22 50  83  6.1  7.4  1.57  9.09  6.07  55 1016.2  25.2  26.6  18.6 99.0 99.00
2016 03 03 23 50  87  6.2  7.8  1.57 10.00  6.10  74 1016.9  25.4  26.6  18.4 99.0 99.00
2016 03 04 00 50  91  7.5  9.2  1.52 10.00  6.01  67 1017.2  25.4  26.6  18.1 99.0 99.00
2016 03 04 01 50  84  6.9  8.2  1.54 10.00  5.55  73 1017.9  25.3  26.5  17.8 99.0 99.00
2016 03 04 02 50  97  6.6  8.0  1.43 10.00  5.57  71 1017.9  25.3  26.5  18.3 99.0 99.00
2016 03 04 03 50  85  6.5  7.9  1.51 10.00  5.92  76 1017.8  25.2  26.5  18.8 99.0 99.00
2016 03 04 04 50  90  7.1  8.4  1.46 10.00  5.63  78 1017.1  25.1  26.5  19.1 99.0 99.00
2016 03 04 05 50  96  8.3 10.3  1.52  9.09  5.79  62 1016.2  24.9  26.5  19.7 99.0 99.00
2016 03 04 06 50 107  7.1  9.5  1.54  8.33  5.39  53 1015.7  24.0  26.5  20.4 99.0 99.00
2016 03 04 07 50 101  8.1  9.5  1.62  9.09  5.40  49 1015.0  24.8  26.5  20.1 99.0 99.00
2016 03 04 08 50  93  9.5 11.4  1.74  9.09  5.36  62 1015.0  24.9  26.5  19.3 99.0 99.00
2016 03 04 09 50  81  8.1  9.6  1.74  8.33  5.45  55 1015.2  25.1  26.5  19.5 99.0 99.00
2016 03 04 10 50  96  9.5 11.0  1.65  9.09  5.34  67 1015.7  25.3  26.5  18.9 99.0 99.00
2016 03 04 11 50  87  9.7 11.8  1.82  6.67  5.41  67 1016.4  25.1  26.4  19.5 99.0 99.00
2016 03 04 12 50  87  9.8 12.1  1.93  9.09  5.50  72 1017.1  25.1  26.5  18.9 99.0 99.00
2016 03 04 13 50  97 10.4 13.0  1.94  6.67  5.38  69 1017.2  25.3  26.5  18.2 99.0 99.00
2016 03 04 14 50  96  9.9 11.8  2.06  5.88  5.43  79 1017.5  25.3  26.5  18.5 99.0 99.00
2016 03 04 15 50 100  9.8 11.4  1.86  7.14  5.38  68 1017.1  25.3  26.5  18.2 99.0 99.00
2016 03 04 16 50 103  9.3 11.1  2.03  7.14  5.60  72 1016.5  25.3  26.5  17.6 99.0 99.00
2016 03 04 17 50 110  7.9  9.7  1.83  9.09  5.50  54 1016.1  25.3  26.6  18.6 99.0 99.00
2016 03 04 18 50 113  8.1  9.4  1.77  7.14  5.56  83 1015.3  25.3  26.6  19.0 99.0 99.00
2016 03 04 19 50 109  7.0  8.3  1.79  7.14  5.58  77 1015.2  25.4  26.7  19.1 99.0 99.00
2016 03 04 20 50 122  7.0  8.2  1.78  7.69  5.90  80 1015.2  25.5  26.7  19.0 99.0 99.00
2016 03 04 21 50 123  7.1  8.2  1.67  9.09  5.47  65 1015.4  25.5  26.6  19.0 99.0 99.00
2016 03 04 22 50 130  6.1  7.2  1.75  7.14  5.74  73 1016.0  25.5  26.6  19.8 99.0 99.00
2016 03 04 23 50 133  6.4  8.2  1.66  7.14  5.57  75 1016.3  25.6  26.6  19.6 99.0 99.00
2016 03 05 00 50 135  6.1  7.1  1.59  6.67  5.64  67 1016.8  25.5  26.6  20.4 99.0 99.00
2016 03 05 01 50 134  5.6  6.8  1.52  6.67  5.60  69 1017.1  25.4  26.6  20.5 99.0 99.00
2016 03 05 02 50 132  6.5  7.6  1.58  9.09  5.72  82 1017.1  25.4  26.6  20.1 99.0 99.00
2016 03 05 03 50 127  6.1  7.1  1.52 10.00  5.84  66 1017.0  25.4  26.6  19.8 99.0 99.00
2016 03 05 04 50 136  5.8  7.1  1.68  7.14  5.99  70 1016.5  25.4  26.5  19.9 99.0 99.00
2016 03 05 05 50 138  6.1  7.0  1.49  7.69  5.81  77 1015.7  25.4  26.5  19.9 99.0 99.00
2016 03 05 06 50 151  5.2  6.4  1.45  9.09  5.70  86 1015.0  25.4  26.5  20.2 99.0 99.00
2016 03 05 07 50 140  5.1  6.2  1.58  7.14  5.83  77 1014.5  25.3  26.5  19.8 99.0 99.00
2016 03 05 08 50 145  5.5  6.5  1.41  7.14  5.68  89 1014.3  25.3  26.5  19.8 99.0 99.00
2016 03 05 09 50 135  4.8  5.7  1.52  9.09  5.90  73 1014.8  25.3  26.5  20.1 99.0 99.00
2016 03 05 10 50 126  4.2  5.1  1.62 10.00  6.07  44 1015.3  25.4  26.5  19.9 99.0 99.00
2016 03 05 11 50  35  5.9  7.5  1.55  9.09  5.60  55 1015.9  23.1  26.5  21.0 99.0 99.00
2016 03 05 12 50  79  6.3  7.5  1.62  9.09  5.64  56 1016.3  24.7  26.5  20.8 99.0 99.00
2016 03 05 13 50  77  6.9  8.1  1.51 10.00  5.53  48 1016.7  24.4  26.5  20.9 99.0 99.00
2016 03 05 14 50 346  1.6  2.5  1.44  9.09  5.74  57 1017.7  22.0  26.0  20.6 99.0 99.00
2016 03 05 15 50 278  3.4  4.9  1.43 10.00  6.10  66 1016.7  23.0  26.4  20.2 99.0 99.00
2016 03 05 16 50 238  3.4  4.3  1.44 10.00  6.12  69 1016.1  23.9  26.5  20.0 99.0 99.00
2016 03 05 17 50 237  4.6  5.5  1.24 10.00  5.98  65 1015.6  24.1  26.6  20.6 99.0 99.00
2016 03 05 18 50 270  3.5  4.4  1.35  9.09  6.31  45 1015.2  23.9  26.6  20.6 99.0 99.00
2016 03 05 19 50 261  1.5  3.0  1.33  9.09  6.17  44 1014.9  23.4  26.6  20.8 99.0 99.00
2016 03 05 20 50 232  4.1  4.8  1.20  8.33  6.02  68 1014.9  23.3  26.6  20.9 99.0 99.00
2016 03 05 21 50 255  1.2  1.8  1.34  9.09  6.57  59 1015.1  23.9  26.5  20.2 99.0 99.00
2016 03 05 22 50  71  0.5  0.9  1.35  9.09  6.48  56 1015.2  24.5  26.5  19.8 99.0 99.00
2016 03 05 23 50 109  0.9  1.4  1.27  9.09  6.48  63 1015.5  24.6  26.5  20.1 99.0 99.00
2016 03 06 00 50  86  0.9  1.5  1.35  9.09  6.37  42 1016.2  24.8  26.5  20.4 99.0 99.00
2016 03 06 01 50  78  2.1  2.8  1.47  9.09  6.75  51 1016.4  24.9  26.4  20.4 99.0 99.00
2016 03 06 02 50  95  2.5  3.4  1.35  9.09  6.50  37 1016.6  25.0  26.4  21.1 99.0 99.00
2016 03 06 03 50  87  3.8  4.9  1.36  9.09  6.40  53 1016.5  25.0  26.4  21.3 99.0 99.00
2016 03 06 04 50  94  3.0  3.8  1.37  6.67  6.22  77 1016.4  24.8  26.4  21.2 99.0 99.00
2016 03 06 05 50 109  3.8  4.7  1.31  9.09  6.28  50 1015.5  25.2  26.4  20.9 99.0 99.00
2016 03 06 06 50 111  3.8  4.9  1.24  9.09  6.51  55 1015.0  25.3  26.4  20.4 99.0 99.00
2016 03 06 07 50 111  5.0  6.3  1.28  9.09  6.22  38 1014.6  25.2  26.4  20.5 99.0 99.00
2016 03 06 08 50 114  5.5  6.7  1.18  7.14  5.80  65 1014.6  25.2  26.4  20.1 99.0 99.00
2016 03 06 09 50 111  4.4  5.6  1.28  9.09  5.94  65 1014.9  25.1  26.3  19.8 99.0 99.00
2016 03 06 10 50 102  4.5  5.6  1.08  7.69  5.65  61 1015.7  25.1  26.3  19.5 99.0 99.00
2016 03 06 11 50  94  5.0  6.0  1.16  6.67  5.70  87 1016.3  25.2  26.3  19.3 99.0 99.00
2016 03 06 12 50 114  5.2  6.8  1.09  9.09  5.71  45 1016.8  25.4  26.3  18.8 99.0 99.00
2016 03 06 13 50 125  5.1  5.9  1.05  7.14  5.50  90 1017.2  25.4  26.4  18.8 99.0 99.00
2016 03 06 14 50 122  5.0  5.8  1.12  9.09  5.75  64 1017.1  25.4  26.4  18.9 99.0 99.00
2016 03 06 15 50 127  5.4  6.3  1.06  8.33  5.55  62 1016.7  25.3  26.4  19.4 99.0 99.00
2016 03 06 16 50 133  5.4  6.8  1.13 16.00  5.92  30 1015.9  25.4  26.5  19.1 99.0 99.00
2016 03 06 17 50 138  5.0  6.1  1.13  9.09  5.97  42 1015.3  25.4  26.5  19.0 99.0 99.00
2016 03 06 18 50 142  5.4  6.4  1.30 16.00  6.56 350 1014.2  25.4  26.6  19.3 99.0 99.00
2016 03 06 19 50 143  5.0  6.1  1.36 16.00  6.85   2 1013.7  25.4  26.5  19.3 99.0 99.00
2016 03 06 20 50 153  4.2  5.2  1.53 14.81  7.80 342 1013.8  25.5  26.5  19.3 99.0 99.00
2016 03 06 21 50 148  3.4  4.6  1.83 14.81  8.78 342 1014.2  25.4  26.5  19.8 99.0 99.00
2016 03 06 22 50 154  3.0  4.2  1.74 13.79  8.95 343 1014.5  25.5  26.5  20.3 99.0 99.00
2016 03 06 23 50 132  3.5  4.9  1.98 13.79  9.74 340 1014.8  25.5  26.4  20.4 99.0 99.00
2016 03 07 00 50 135  4.3  5.2  2.25 13.79 10.03 343 1015.3  25.5  26.4  20.4 99.0 99.00
2016 03 07 01 50 141  3.5  4.9  1.98 13.79  9.33 346 1015.5  25.6  26.4  20.8 99.0 99.00
2016 03 07 02 50 172  6.2  7.8  2.13 13.79  9.41 339 1015.4  24.5  26.4  21.0 99.0 99.00
2016 03 07 03 50 132  3.9  5.0  1.93 13.79  8.98 344 1015.7  22.4  26.3  20.7 99.0 99.00
2016 03 07 04 50 133  1.8  3.1  1.92 12.90  9.48 337 1015.4  22.5  26.2  20.8 99.0 99.00
2016 03 07 05 50 129  0.8  2.3  1.80 13.79  9.16 346 1014.4  22.8  26.2  21.4 99.0 99.00
2016 03 07 06 50 141  1.3  2.6  2.10 13.79  9.51 348 1013.9  23.2  26.2  21.4 99.0 99.00
2016 03 07 07 50 196  3.7  4.7  2.01 13.79  9.27 346 1013.7  23.9  26.3  21.0 99.0 99.00
2016 03 07 08 50 220  1.5  2.3  2.36 12.90 10.00 342 1013.6  23.9  26.3  21.3 99.0 99.00
2016 03 07 09 50 233  2.0  3.0  2.17 12.12  9.82 349 1014.2  24.3  26.3  21.2 99.0 99.00
2016 03 07 10 50 298  3.1  4.2  2.19 13.79 10.06 357 1014.7  24.6  26.3  20.9 99.0 99.00
2016 03 07 11 50 317  4.4  5.7  2.23 12.12 10.23 352 1015.2  24.8  26.3  21.0 99.0 99.00
2016 03 07 12 50 307  3.9  5.1  2.46 12.12 10.54 343 1016.0  24.9  26.4  20.8 99.0 99.00
2016 03 07 13 50 315  3.9  5.1  2.35 12.12 10.37 344 1016.8  25.2  26.5  21.0 99.0 99.00
2016 03 07 14 50 320  4.9  6.0  2.05 12.12  9.68 360 1017.1  25.3  26.6  21.0 99.0 99.00
2016 03 07 15 50 331  5.3  6.5  2.15 11.43  9.58 352 1016.7  25.5  26.6  20.4 99.0 99.00
2016 03 07 16 50 326  5.2  6.6  2.10 12.90  9.05   5 1016.2  25.5  26.6  20.4 99.0 99.00
2016 03 07 17 50 329  5.1  6.5  1.98 12.90  8.63 351 1015.7  25.6  26.7  20.8 99.0 99.00
2016 03 07 18 50 337  5.3  6.6  2.05 12.90  8.79   2 1015.1  25.7  26.6  19.6 99.0 99.00
2016 03 07 19 50 334  6.3  7.8  1.99 12.12  8.60 351 1014.8  25.7  26.6  19.5 99.0 99.00
2016 03 07 20 50 341  6.8  8.1  1.92 14.81  7.85   5 1014.8  25.6  26.6  19.7 99.0 99.00
2016 03 07 21 50 345  6.1  7.7  1.93 10.81  7.68 345 1015.3  25.4  26.5  20.6 99.0 99.00
2016 03 07 22 50  22  9.2 11.2  2.06 12.90  7.69   4 1015.4  24.6  26.5  20.9 99.0 99.00
2016 03 07 23 50  17  9.5 11.5  2.06 11.43  6.36 347 1016.0  24.5  26.4  20.8 99.0 99.00
2016 03 08 00 50  23 10.1 12.1  2.21 12.90  6.27 356 1016.3  24.7  26.4  20.5 99.0 99.00
2016 03 08 01 50  16 10.4 12.4  2.36 13.79  6.14 358 1017.0  24.6  26.4  19.7 99.0 99.00
2016 03 08 02 50  14  9.9 11.5  2.67 12.90  6.53 355 1017.4  24.5  26.4  19.3 99.0 99.00
2016 03 08 03 50  12 10.3 12.0  2.41  7.14  6.13 345 1017.1  24.4  26.3  19.2 99.0 99.00
2016 03 08 04 50  18  9.8 12.0  2.51 12.90  6.17   7 1017.3  24.2  26.3  18.5 99.0 99.00
2016 03 08 05 50  15 10.3 12.3  2.58 12.12  6.30 355 1016.7  23.9  26.3  18.8 99.0 99.00
2016 03 08 06 50  16 10.7 13.1  2.87  8.33  6.38 336 1016.3  23.9  26.3  18.2 99.0 99.00
2016 03 08 07 50  13 10.1 11.6  2.71  8.33  6.54 340 1015.9  23.8  26.2  17.3 99.0 99.00
2016 03 08 08 50  20 10.7 12.4  2.63  8.33  6.32 331 1016.0  23.7  26.2  16.2 99.0 99.00
2016 03 08 09 50  25 11.1 13.2  2.76 12.90  6.83 353 1016.3  23.6  26.2  16.9 99.0 99.00
2016 03 08 10 50  22  9.7 11.4  2.60 12.90  6.38   2 1017.4  23.7  26.2  15.9 99.0 99.00
2016 03 08 11 50  18  9.1 10.7  2.67  8.33  6.58 334 1018.5  23.8  26.2  15.8 99.0 99.00
2016 03 08 12 50  27  9.2 11.1  2.67 12.90  6.65  12 1019.1  23.9  26.2  15.1 99.0 99.00
2016 03 08 13 50  17  9.1 11.5  2.84 10.00  6.86 334 1019.6  23.8  26.3  13.6 99.0 99.00
2016 03 08 14 50  32  8.8 11.1  2.51  9.09  6.73 341 1020.0  24.1  26.3  14.8 99.0 99.00
2016 03 08 15 50  36  9.4 11.4  2.57 10.00  6.41 337 1019.8  24.2  26.3  13.3 99.0 99.00
2016 03 08 16 50  27  9.8 12.0  2.51  9.09  6.52 339 1019.1  24.3  26.3  14.8 99.0 99.00
2016 03 08 17 50  37  9.4 11.4  2.51  9.09  6.41 344 1018.6  24.3  26.3  14.5 99.0 99.00
2016 03 08 18 50  42  9.2 11.2  2.56  9.09  6.59 340 1017.8  24.3  26.3  15.0 99.0 99.00
2016 03 08 19 50  36  9.7 12.2  2.41 10.00  6.44 348 1017.6  24.1  26.3  16.2 99.0 99.00
2016 03 08 20 50  31  9.7 11.6  2.54  9.09  6.41 348 1017.8  24.0  26.3  16.5 99.0 99.00
2016 03 08 21 50  35  9.9 12.0  2.55 10.00  6.30 348 1018.1  23.9  26.3  15.5 99.0 99.00
2016 03 08 22 50  30  9.8 11.7  2.81 10.00  6.79 341 1018.7  24.0  26.3  15.9 99.0 99.00
2016 03 08 23 50  34  8.8 10.4  2.66 10.00  6.56 359 1019.2  24.1  26.3  14.9 99.0 99.00
2016 03 09 00 50  40  7.3  9.6  2.59 10.00  6.68   9 1019.9  24.2  26.3  12.7 99.0 99.00
2016 03 09 01 50  49  6.7  8.5  2.63 10.81  6.85 353 1020.3  24.2  26.3  12.2 99.0 99.00
2016 03 09 02 50  47  8.7 10.8  2.57  9.09  6.78 352 1020.2  24.1  26.3  15.1 99.0 99.00
2016 03 09 03 50  44 10.0 11.9  2.57 11.43  6.60   4 1019.9  24.0  26.3  16.0 99.0 99.00
2016 03 09 04 50  44  9.5 11.8  2.85 11.43  6.90 359 1019.6  24.0  26.3  16.5 99.0 99.00
2016 03 09 05 50  37 10.6 12.4  2.71 10.81  6.50 360 1018.9  23.9  26.3  14.9 99.0 99.00
2016 03 09 06 50  40  9.2 11.0  3.12 11.43  6.99 344 1018.5  24.0  26.3  14.2 99.0 99.00
2016 03 09 07 50  44  9.9 11.9  2.80 11.43  6.64   1 1018.4  23.7  26.3  15.5 99.0 99.00
2016 03 09 08 50  44 10.1 12.6  2.64 11.43  6.27 355 1018.5  23.8  26.3  13.4 99.0 99.00
2016 03 09 09 50  43  9.1 11.0  2.60 10.81  6.38 347 1018.9  23.9  26.3  13.0 99.0 99.00
2016 03 09 10 50  36  9.3 11.4  2.71 11.43  6.59 357 1019.7  23.6  26.3  15.2 99.0 99.00
2016 03 09 11 50  49 10.8 13.3  2.73 12.12  6.43   4 1020.4  23.9  26.3  15.2 99.0 99.00
2016 03 09 12 50  32 11.1 13.5  2.78  7.69  6.20  18 1021.1  23.4  26.3  16.5 99.0 99.00
2016 03 09 13 50  46 10.2 12.2  2.57 12.12  6.19   2 1021.5  23.7  26.3  16.3 99.0 99.00
2016 03 09 14 50  44 10.0 12.3  2.61 12.12  6.43   5 1021.9  24.1  26.3  15.3 99.0 99.00
2016 03 09 15 50  48  9.9 11.5  2.48 12.12  6.39   2 1021.6  24.1  26.3  14.6 99.0 99.00
2016 03 09 16 50  37  9.4 11.5  2.58 11.43  6.57  11 1021.2  24.4  26.3  12.9 99.0 99.00
2016 03 09 17 50  48  9.5 11.1  2.60 11.43  6.54   5 1020.4  24.1  26.3  15.4 99.0 99.00
2016 03 09 18 50  43  9.2 11.8  2.67 11.43  6.80 356 1019.5  24.2  26.3  15.0 99.0 99.00
2016 03 09 19 50  40  8.6 10.1  2.56 12.12  6.56   4 1019.5  24.1  26.3  15.8 99.0 99.00
2016 03 09 20 50  37  8.8 10.9  2.59 12.12  6.74   7 1019.5  24.2  26.3  15.9 99.0 99.00
2016 03 09 21 50  34  9.0 11.0  2.50 12.12  6.64 357 1019.7  24.1  26.3  14.6 99.0 99.00
2016 03 09 22 50  37  8.9 10.8  2.70 12.90  7.19  15 1020.2  24.1  26.3  14.8 99.0 99.00
2016 03 09 23 50  33  8.9 11.1  2.36 13.79  6.59   5 1020.7  24.0  26.2  15.2 99.0 99.00
2016 03 10 00 50  32 10.4 13.3  2.57 10.81  6.56 360 1021.1  24.1  26.2  16.1 99.0 99.00
2016 03 10 01 50  38 10.0 12.0  2.53 13.79  6.41  16 1021.0  24.1  26.3  15.6 99.0 99.00
2016 03 10 02 50  42  9.1 11.3  2.59 13.79  6.48  14 1020.9  24.1  26.2  15.1 99.0 99.00
2016 03 10 03 50  52  8.2 10.2  2.62 12.12  6.73   5 1020.9  24.1  26.2  15.1 99.0 99.00
2016 03 10 04 50  43  8.6 10.6  2.52 12.12  6.81  16 1020.6  24.0  26.2  15.7 99.0 99.00
2016 03 10 05 50  33  7.8  9.5  2.40 12.90  6.64 360 1019.9  24.0  26.2  16.8 99.0 99.00
2016 03 10 06 50  34  8.7 10.5  2.73 13.79  7.57   9 1019.4  23.6  26.1  16.6 99.0 99.00
2016 03 10 07 50  29  8.7 10.6  2.48 10.81  6.70   5 1019.1  23.6  26.1  16.8 99.0 99.00
2016 03 10 08 50  29 10.0 11.8  2.64 12.12  6.80   5 1019.1  23.6  26.1  17.6 99.0 99.00
2016 03 10 09 50  35  9.3 11.9  2.68 10.81  6.64  12 1019.5  23.7  26.1  16.9 99.0 99.00
2016 03 10 10 50  39  8.8 10.3  2.45 12.90  6.80   4 1020.0  23.8  26.1  17.1 99.0 99.00
2016 03 10 11 50  44 10.7 12.7  2.34 10.81  6.46   5 1020.7  23.6  26.1  18.6 99.0 99.00
2016 03 10 12 50  58  8.4 10.5  2.67 10.81  6.43   1 1021.4  23.2  26.1  16.7 99.0 99.00
2016 03 10 13 50  27  9.1 11.3  2.58 12.90  6.37  27 1021.7  22.9  26.1  18.5 99.0 99.00
2016 03 10 14 50  48 10.7 12.8  2.54 12.90  6.71   1 1021.8  24.5  26.1  16.6 99.0 99.00
2016 03 10 15 50  46 10.1 12.7  2.65 12.12  6.42  12 1021.7  24.5  26.1  16.8 99.0 99.00
2016 03 10 16 50  43 10.8 12.5  2.79 12.90  6.37  21 1021.4  24.5  26.1  16.4 99.0 99.00
2016 03 10 17 50  45 10.8 12.6  2.75  6.67  6.17  35 1021.2  24.5  26.1  16.2 99.0 99.00
2016 03 10 18 50  47 10.6 12.6  2.72  7.14  6.10  32 1020.6  24.4  26.1  16.7 99.0 99.00
2016 03 10 19 50  44 10.6 12.5  2.94 12.90  6.48  19 1020.0  24.5  26.1  15.6 99.0 99.00
2016 03 10 20 50  47 10.1 12.2  2.85 13.79  6.61  31 1020.1  24.5  26.0  15.4 99.0 99.00
2016 03 10 21 50  51  9.5 12.0  2.93 12.12  6.80  25 1020.4  24.4  26.0  15.6 99.0 99.00
2016 03 10 22 50  47  9.1 11.4  2.89  7.69  6.60  36 1020.3  24.3  26.0  16.7 99.0 99.00
2016 03 10 23 50  48  9.1 11.3  2.96 12.12  6.99  23 1020.7  24.3  26.0  17.5 99.0 99.00
2016 03 11 00 50  51  9.4 11.6  2.87  7.69  6.59  33 1021.1  24.3  26.0  17.2 99.0 99.00
2016 03 11 01 50  52  9.7 12.3  2.90  7.69  6.56  41 1021.2  24.3  26.0  17.1 99.0 99.00
2016 03 11 02 50  65 10.0 12.2  2.78 12.90  6.58  22 1021.2  24.3  26.0  17.5 99.0 99.00
2016 03 11 03 50  64  9.6 11.7  2.67  7.69  6.44  35 1021.1  24.2  26.0  17.8 99.0 99.00
2016 03 11 04 50  61  9.5 11.6  2.72 12.90  6.56  34 1020.9  24.3  26.1  17.9 99.0 99.00
2016 03 11 05 50  62  9.5 11.4  2.53 12.12  6.30  18 1020.2  24.3  26.1  17.3 99.0 99.00
2016 03 11 06 50  68  9.5 11.6  2.47 12.90  6.43  12 1020.0  24.2  26.1  17.8 99.0 99.00
2016 03 11 07 50  63 10.3 12.2  2.53 12.12  6.48  32 1019.4  24.4  26.1  17.7 99.0 99.00
2016 03 11 08 50  56 10.2 12.1  2.80 12.90  6.82  30 1019.4  24.3  26.1  17.7 99.0 99.00
2016 03 11 09 50  54 10.6 13.0  2.82 13.79  6.72  20 1019.9  24.0  26.1  17.7 99.0 99.00
2016 03 11 10 50  46 10.9 14.1  2.84  7.69  6.48  36 1020.3  23.9  26.1  18.2 99.0 99.00
2016 03 11 11 50  45 11.0 13.3  3.11  8.33  6.55  34 1021.0  23.9  26.2  18.0 99.0 99.00
2016 03 11 12 50  66 10.7 15.3  2.96  7.69  6.55  51 1021.8  24.0  26.2  18.6 99.0 99.00
2016 03 11 13 50  62  9.1 11.0  3.18  7.69  6.82  46 1022.0  24.7  26.2  18.4 99.0 99.00
2016 03 11 14 50  60  9.9 12.3  2.52 13.79  6.36  17 1021.9  24.4  26.2  18.2 99.0 99.00
2016 03 11 15 50  54  9.8 12.1  2.77 12.90  6.68  26 1021.6  24.8  26.2  18.6 99.0 99.00
2016 03 11 16 50  68 10.7 12.9  2.54  7.69  6.19  49 1020.9  24.9  26.2  18.6 99.0 99.00
2016 03 11 17 50  62  9.5 11.9  2.82  8.33  6.32  38 1020.4  25.0  26.2  18.0 99.0 99.00
2016 03 11 18 50  52  9.2 11.2  2.68 13.79  6.44  37 1020.1  25.0  26.2  17.8 99.0 99.00
2016 03 11 19 50  53  8.8 10.1  2.53 13.79  6.59  32 1019.4  25.0  26.3  17.5 99.0 99.00
2016 03 11 20 50  54  9.3 11.1  2.51  8.33  6.50  34 1019.5  25.0  26.3  18.1 99.0 99.00
2016 03 11 21 50  51  9.1 10.6  2.61 12.90  6.57  26 1019.8  24.9  26.3  18.8 99.0 99.00
2016 03 11 22 50  58  9.7 11.5  2.67 12.90  6.57  10 1020.2  25.0  26.3  17.9 99.0 99.00
2016 03 11 23 50  56  9.0 11.5  2.60  7.69  6.44  42 1020.7  25.0  26.3  18.5 99.0 99.00
2016 03 12 00 50  50 10.0 11.7  2.59 12.90  6.39  26 1021.2  24.8  26.3  18.9 99.0 99.00
2016 03 12 01 50  62  9.6 11.3  2.40  7.14  6.20  61 1021.5  24.9  26.3  18.5 99.0 99.00
2016 03 12 02 50  66  9.2 10.9  2.55 12.12  6.23  19 1021.5  24.9  26.3  18.7 99.0 99.00
2016 03 12 03 50  63  8.5 10.5  2.58  7.69  6.37  60 1021.2  24.8  26.3  18.3 99.0 99.00
2016 03 12 04 50  71  9.0 10.8  2.46  7.69  6.26  72 1020.7  24.7  26.2  17.6 99.0 99.00
2016 03 12 05 50  67  9.0 10.7  2.42 12.90  6.29  30 1020.3  24.6  26.2  17.7 99.0 99.00
2016 03 12 06 50  64  9.0 10.4  2.54  7.69  6.43  69 1019.6  24.5  26.2  17.4 99.0 99.00
2016 03 12 07 50  65  8.3 10.7  2.52  7.69  6.54  74 1019.3  24.5  26.2  17.3 99.0 99.00
2016 03 12 08 50  57  8.7 10.7  2.24 11.43  6.12  25 1019.1  24.4  26.2  16.8 99.0 99.00
2016 03 12 09 50  62  9.1 10.5  2.40  8.33  6.46  72 1019.4  24.4  26.2  17.1 99.0 99.00
2016 03 12 10 50  53  9.3 11.1  2.22 12.12  6.36  24 1020.2  24.4  26.2  16.3 99.0 99.00
2016 03 12 11 50  68  8.4  9.8  2.48 12.12  6.54  33 1020.9  24.7  26.2  15.9 99.0 99.00
2016 03 12 12 50  67  7.6  9.2  2.22  7.69  5.95  58 1021.5  24.7  26.3  15.5 99.0 99.00
2016 03 12 13 50  62  7.8  9.3  2.25 11.43  6.21  31 1021.8  24.7  26.3  15.0 99.0 99.00
2016 03 12 14 50  72  7.8  9.4  2.04 12.12  6.26  24 1022.0  24.6  26.3  16.3 99.0 99.00
2016 03 12 15 50  74  7.9  9.4  2.13 11.43  6.34  24 1021.6  24.6  26.4  15.6 99.0 99.00
2016 03 12 16 50  72  7.1  9.0  2.12 12.12  6.36  31 1020.9  24.6  26.4  16.2 99.0 99.00
2016 03 12 17 50  65  6.8  9.3  2.23 10.81  6.51  32 1020.1  24.7  26.5  15.3 99.0 99.00
2016 03 12 18 50  71  6.8  8.8  2.09 11.43  6.41  27 1019.3  24.6  26.5  16.0 99.0 99.00
2016 03 12 19 50  61  6.9  8.7  2.17 10.00  6.58  39 1018.9  24.8  26.5  16.6 99.0 99.00
2016 03 12 20 50  68  6.8  8.5  2.12  8.33  6.41  90 1018.8  24.8  26.5  16.5 99.0 99.00
2016 03 12 21 50  62  7.4  9.5  2.12  9.09  6.61  72 1018.9  24.7  26.5  17.3 99.0 99.00
2016 03 12 22 50  66  7.9  9.2  2.27  8.33  6.58  81 1019.1  24.6  26.5  17.5 99.0 99.00
2016 03 12 23 50  68  7.1  9.9  2.06  9.09  6.29  77 1019.5  24.7  26.5  18.3 99.0 99.00
2016 03 13 00 50  69  7.3  8.8  1.95  9.09  6.11  55 1019.9  24.8  26.4  18.4 99.0 99.00
2016 03 13 01 50  81  6.8  8.0  1.94  9.09  6.16  65 1020.3  24.9  26.4  18.3 99.0 99.00
2016 03 13 02 50  69  6.5  8.1  2.01  8.33  6.11  74 1020.5  24.8  26.4  18.6 99.0 99.00
2016 03 13 03 50  70  7.2  8.4  2.04  9.09  6.17  70 1020.1  24.7  26.4  17.9 99.0 99.00
2016 03 13 04 50  70  6.9  8.5  1.91  9.09  6.24  75 1019.8  24.7  26.4  17.1 99.0 99.00
2016 03 13 05 50  66  7.0  8.3  1.76  9.09  5.93  71 1018.9  24.6  26.4  17.0 99.0 99.00
2016 03 13 06 50  73  6.6  7.9  1.86  8.33  6.32  84 1018.1  24.5  26.4  16.8 99.0 99.00
2016 03 13 07 50  78  6.8  8.0  1.76  8.33  6.07  83 1017.8  24.5  26.4  16.8 99.0 99.00
2016 03 13 08 50  63  7.4  8.6  1.88  8.33  6.25  88 1017.9  24.5  26.4  17.3 99.0 99.00
2016 03 13 09 50  67  6.6  7.9  1.76  8.33  6.20  85 1018.7  24.6  26.5  17.6 99.0 99.00
2016 03 13 10 50  63  6.7  8.0  1.68  8.33  5.86  95 1019.4  24.5  26.4  17.5 99.0 99.00
2016 03 13 11 50  69  7.2  8.4  1.70  8.33  6.03  75 1019.9  24.8  26.4  17.2 99.0 99.00
2016 03 13 12 50  69  7.3  8.6  1.67  8.33  5.87  90 1020.2  24.9  26.5  17.1 99.0 99.00
2016 03 13 13 50  74  7.1  8.8  1.74  8.33  5.91  89 1020.4  24.9  26.5  18.8 99.0 99.00
2016 03 13 14 50  65  7.1  8.3  1.77  8.33  5.94  87 1020.2  24.9  26.6  19.3 99.0 99.00
2016 03 13 15 50  77  8.1  9.6  1.54  8.33  5.31  87 1019.8  24.9  26.6  19.6 99.0 99.00
2016 03 13 16 50  68  7.6  8.8  1.64  8.33  5.72  95 1018.9  24.8  26.6  19.7 99.0 99.00
2016 03 13 17 50  83  7.4  8.6  1.77  8.33  5.76  87 1018.2  25.1  26.6  19.8 99.0 99.00
2016 03 13 18 50  80  7.7  8.7  1.62  7.69  5.55  87 1017.5  25.0  26.6  19.6 99.0 99.00
2016 03 13 19 50  82  7.3  8.7  1.58  8.33  5.33  88 1017.3  25.1  26.6  19.4 99.0 99.00
2016 03 13 20 50  80  7.6  8.6  1.64  8.33  5.36  82 1017.4  25.1  26.5  19.4 99.0 99.00
2016 03 13 21 50  75  7.3  8.4  1.61  8.33  5.61  95 1017.7  25.0  26.5  19.5 99.0 99.00
2016 03 13 22 50  77  6.9  8.1  1.67  7.14  5.65  98 1018.0  25.0  26.5  19.7 99.0 99.00
2016 03 13 23 50  77  7.0  8.5  1.70  8.33  5.73  88 1018.4  24.9  26.5  19.7 99.0 99.00
2016 03 14 00 50  80  6.9  8.8  1.62  9.09  5.56  94 1018.9  25.0  26.5  19.9 99.0 99.00
2016 03 14 01 50  86  7.0  8.2  1.44  9.09  5.43  79 1019.0  25.0  26.4  19.8 99.0 99.00
2016 03 14 02 50  87  6.9  8.4  1.49  7.69  5.53  90 1019.0  25.2  26.4  20.0 99.0 99.00
2016 03 14 03 50  93  6.6  8.0  1.49  8.33  5.59  80 1019.0  25.0  26.5  19.7 99.0 99.00
2016 03 14 04 50  90  5.8  6.8  1.40  8.33  5.54  72 1018.7  24.9  26.4  19.4 99.0 99.00
2016 03 14 05 50  75  6.1  7.2  1.41  9.09  5.55  37 1018.2  24.8  26.4  19.4 99.0 99.00
2016 03 14 06 50  78  6.5  7.4  1.44  8.33  5.82  69 1017.7  24.8  26.4  19.5 99.0 99.00
2016 03 14 07 50  76  6.6  7.7  1.42  9.09  5.62  20 1017.4  24.7  26.4  19.2 99.0 99.00
2016 03 14 08 50  82  6.5  7.5  1.37  7.69  5.71  79 1017.6  24.8  26.4  19.3 99.0 99.00
2016 03 14 09 50  71  7.1  8.5  1.43  8.33  5.83  61 1017.9  24.7  26.4  19.1 99.0 99.00
2016 03 14 10 50  69  6.8  8.3  1.39  8.33  5.54  47 1018.6  24.7  26.4  19.2 99.0 99.00
2016 03 14 11 50  65  7.0  8.2  1.51  9.09  5.78  35 1019.3  24.8  26.4  18.6 99.0 99.00
2016 03 14 12 50  67  7.0  8.5  1.30  8.33  5.25  28 1019.7  24.9  26.5  18.4 99.0 99.00
2016 03 14 13 50  72  6.6  8.3  1.36  8.33  5.63  67 1020.1  25.0  26.5  18.1 99.0 99.00
2016 03 14 14 50  79  6.5  7.7  1.35  8.33  5.51  62 1020.1  25.0  26.5  17.7 99.0 99.00
2016 03 14 15 50  72  6.5  7.7  1.43  8.33  5.64  61 1019.9  25.0  26.5  18.3 99.0 99.00
2016 03 14 16 50  73  6.1  7.4  1.36  7.69  5.43  78 1019.0  25.0  26.6  17.8 99.0 99.00
2016 03 14 17 50  74  5.9  7.2  1.27  9.09  5.52  53 1018.2  25.0  26.6  17.7 99.0 99.00
2016 03 14 18 50  77  5.2  6.6  1.33  7.69  5.76  78 1017.8  24.9  26.7  17.2 99.0 99.00
2016 03 14 19 50  72  5.1  6.3  1.27  8.33  5.60  70 1017.3  25.0  26.7  17.0 99.0 99.00
2016 03 14 20 50  86  5.2  5.9  1.46  8.33  6.13  68 1017.2  25.0  26.6  16.9 99.0 99.00
2016 03 14 21 50  81  4.9  5.9  1.28  7.69  6.11  85 1017.4  25.0  26.7  17.4 99.0 99.00
2016 03 14 22 50  79  5.2  6.2  1.32 10.81  6.11  18 1017.6  24.9  26.6  18.0 99.0 99.00
2016 03 14 23 50  80  5.1  6.2  1.36 10.81  6.34  30 1017.9  24.9  26.5  17.5 99.0 99.00
2016 03 15 00 50  85  4.9  6.0  1.41 10.00  6.34  24 1018.2  24.8  26.5  17.6 99.0 99.00
2016 03 15 01 50  81  4.8  6.0  1.47 10.81  6.64  32 1018.4  24.8  26.5  17.4 99.0 99.00
2016 03 15 02 50  97  5.4  6.9  1.45 10.81  6.81  24 1018.1  24.7  26.5  17.7 99.0 99.00
2016 03 15 03 50  93  5.4  7.2  1.44 11.43  6.78  13 1018.0  24.7  26.5  17.7 99.0 99.00
2016 03 15 04 50  74  5.9  7.5  1.46 10.81  6.94   8 1017.7  24.7  26.5  17.7 99.0 99.00
2016 03 15 05 50  89  4.9  6.1  1.43 11.43  6.78  16 1017.1  24.6  26.4  17.5 99.0 99.00
2016 03 15 06 50  87  4.7  6.2  1.61 12.90  7.21  44 1016.6  24.5  26.4  17.4 99.0 99.00
2016 03 15 07 50  84  5.7  7.1  1.53 12.90  7.46  40 1016.0  24.6  26.4  17.4 99.0 99.00
2016 03 15 08 50  77  4.9  6.1  1.54 12.90  7.12  50 1016.1  24.4  26.4  16.7 99.0 99.00
2016 03 15 09 50  75  4.2  5.3  1.67 12.90  7.41  45 1016.4  24.4  26.4  16.8 99.0 99.00
2016 03 15 10 50  83  3.4  4.9  1.82 12.90  8.13  41 1016.7  24.3  26.4  17.5 99.0 99.00
2016 03 15 11 50  85  4.5  5.8  1.74 14.81  8.23  52 1017.5  24.5  26.4  17.9 99.0 99.00
2016 03 15 12 50  86  4.5  6.2  1.66 12.12  7.43  46 1018.2  24.7  26.5  17.9 99.0 99.00
2016 03 15 13 50  94  4.9  6.2  1.54 12.90  7.65  41 1018.5  24.6  26.5  18.3 99.0 99.00
2016 03 15 14 50 105  5.3  6.4  1.70 12.90  7.54  45 1018.7  24.8  26.5  18.3 99.0 99.00
2016 03 15 15 50  92  4.9  6.3  1.75 13.79  7.44  49 1018.5  24.8  26.5  18.5 99.0 99.00
2016 03 15 16 50 105  4.6  5.8  1.63 12.90  7.30  35 1017.7  24.9  26.6  18.4 99.0 99.00
2016 03 15 17 50 107  3.5  4.5  1.65 12.12  7.65  36 1017.1  24.9  26.8  17.8 99.0 99.00
2016 03 15 18 50  91  3.2  4.3  1.51 12.12  7.53  40 1016.2  25.0  26.8  18.3 99.0 99.00
2016 03 15 19 50 107  3.2  4.5  1.51 12.12  7.29  47 1016.0  25.1  26.9  18.3 99.0 99.00
2016 03 15 20 50 106  3.5  4.6  1.59 13.79  7.79  48 1016.1  25.1  26.9  18.1 99.0 99.00
2016 03 15 21 50 120  3.5  4.5  1.50 12.90  7.45  44 1015.9  25.1  26.8  18.2 99.0 99.00
2016 03 15 22 50 107  2.1  3.1  1.50 12.12  7.62  50 1016.5  25.0  26.7  18.3 99.0 99.00
2016 03 15 23 50  96  2.0  2.6  1.31 14.81  7.17  47 1016.8  25.0  26.7  18.8 99.0 99.00
2016 03 16 00 50 106  2.5  3.2  1.40 12.90  7.06  21 1017.0  25.0  26.7  18.7 99.0 99.00
2016 03 16 01 50 110  2.8  3.7  1.44 14.81  7.46  28 1017.3  25.0  26.7  18.6 99.0 99.00
2016 03 16 02 50 134  5.0  6.1  1.31 13.79  7.33  70 1016.7  25.0  26.7  19.0 99.0 99.00
2016 03 16 03 50 136  2.9  4.4  1.29 14.81  7.43  31 1017.0  24.9  26.6  18.9 99.0 99.00
2016 03 16 04 50  98  2.3  3.0  1.21 14.81  6.95  63 1016.8  24.8  26.6  18.6 99.0 99.00
2016 03 16 05 50 132  2.1  3.0  1.16 13.79  6.83  32 1016.1  24.7  26.6  18.8 99.0 99.00
2016 03 16 06 50 128  1.6  2.2  1.22 14.81  7.16  44 1015.4  24.7  26.6  18.6 99.0 99.00
2016 03 16 07 50 111  1.7  2.5  1.24 12.90  7.31  36 1015.0  24.6  26.6  18.7 99.0 99.00
2016 03 16 08 50 135  1.9  2.5  1.22 12.90  7.08  22 1015.1  24.6  26.6  18.6 99.0 99.00
2016 03 16 09 50 163  1.7  2.8  1.20 13.79  7.29  29 1015.4  24.6  26.6  18.8 99.0 99.00
2016 03 16 10 50 148  2.7  3.5  1.06 12.12  7.03  50 1015.9  24.5  26.6  18.8 99.0 99.00
2016 03 16 11 50 134  2.6  3.3  1.04 13.79  7.02  59 1016.3  25.2  26.5  18.4 99.0 99.00
2016 03 16 12 50 133  3.1  3.9  1.23 13.79  7.24  51 1016.8  25.1  26.5  18.2 99.0 99.00
2016 03 16 13 50 151  2.6  3.5  1.13 13.79  7.30  25 1017.2  25.1  26.6  18.4 99.0 99.00
2016 03 16 14 50 179  2.5  3.3  1.20 12.12  7.30  35 1017.5  25.2  26.9  18.8 99.0 99.00
2016 03 16 15 50 146  3.2  4.4  1.19 11.43  7.52  30 1017.2  25.0  26.8  19.0 99.0 99.00
2016 03 16 16 50 167  3.0  4.0  1.22 14.81  7.16  31 1016.5  25.3  27.0  18.8 99.0 99.00
2016 03 16 17 50 164  2.8  3.5  1.18 12.90  7.38  42 1015.9  25.3  27.0  18.8 99.0 99.00
2016 03 16 18 50 173  2.9  3.8  1.36 12.12  7.82  25 1015.3  25.3  27.1  18.8 99.0 99.00
2016 03 16 19 50 182  2.4  3.3  1.29 11.43  7.43  32 1014.9  25.4  27.1  18.7 99.0 99.00
2016 03 16 20 50 193  1.6  2.4  1.34 12.12  7.84  34 1014.7  25.6  27.1  18.8 99.0 99.00
2016 03 16 21 50 233  1.4  2.0  1.38 12.90  8.11  40 1015.2  25.7  27.0  18.5 99.0 99.00
2016 03 16 22 50 218  0.4  0.9  1.33 12.90  8.12  30 1015.7  25.2  26.9  18.8 99.0 99.00
2016 03 16 23 50 272  0.1  0.5  1.44 12.90  8.34  23 1016.3  25.1  26.8  19.0 99.0 99.00
2016 03 17 00 50 340  0.2  0.9  1.51 12.12  8.41  15 1016.9  25.1  26.7  19.1 99.0 99.00
2016 03 17 01 50 191  0.1  0.6  1.45 13.79  8.24  30 1017.4  25.2  26.7  19.3 99.0 99.00
2016 03 17 02 50 357  2.7  3.7  1.57 12.12  8.45  15 1017.1  25.1  26.7  19.8 99.0 99.00
2016 03 17 03 50  15  1.6  2.4  1.55 12.90  8.45  26 1016.6  24.9  26.7  19.6 99.0 99.00
2016 03 17 04 50   2  1.9  2.8  1.58 12.90  8.94  32 1016.2  24.8  26.6  19.6 99.0 99.00
2016 03 17 05 50  14  1.5  2.1  1.64 12.90  9.03  31 1015.6  24.7  26.7  19.5 99.0 99.00
2016 03 17 06 50 347  1.6  2.5  1.61 12.12  8.74  21 1014.9  24.6  26.6  19.6 99.0 99.00
2016 03 17 07 50   5  1.3  2.1  1.44 12.90  8.92  27 1014.8  24.5  26.6  19.4 99.0 99.00
2016 03 17 08 50  17  1.4  2.5  1.51 12.12  9.13  26 1015.1  24.5  26.6  19.5 99.0 99.00
2016 03 17 09 50  31  1.0  1.8  1.53 12.90  9.33  31 1015.7  24.4  26.6  19.6 99.0 99.00
2016 03 17 10 50  27  0.9  1.5  1.43 12.12  8.83  37 1016.4  24.7  26.6  19.4 99.0 99.00
2016 03 17 11 50  23  1.2  2.2  1.55 11.43  9.47  29 1017.1  25.1  26.6  19.1 99.0 99.00
2016 03 17 12 50  37  1.2  2.2  1.68 12.12 10.01  31 1017.8  25.1  26.7  19.3 99.0 99.00
2016 03 17 13 50  39  0.9  1.8  1.54 14.81  9.86  37 1018.0  25.2  27.1  19.3 99.0 99.00
2016 03 17 14 50  90  1.3  2.0  1.58 14.81  9.82  28 1018.2  25.1  27.5  19.1 99.0 99.00
2016 03 17 15 50  97  1.9  2.8  1.63 14.81 10.06  28 1017.7  25.1  28.0  19.1 99.0 99.00
2016 03 17 16 50 141  0.8  1.6  1.77 14.81 10.59  32 1017.1  25.2  28.9  19.0 99.0 99.00
2016 03 17 17 50  44  0.5  1.9  1.55 14.81 10.39  39 1016.6  25.7  29.7  19.1 99.0 99.00
2016 03 17 18 50 350  0.3  1.3  1.62 14.81 10.50  37 1015.9  25.9  29.8  19.2 99.0 99.00
2016 03 17 19 50  52  1.1  2.5  1.81 14.81 11.34  27 1015.5  25.5  28.7  19.1 99.0 99.00
2016 03 17 20 50 356  1.3  2.1  1.72 13.79 11.14  33 1015.5  25.6  28.7  19.1 99.0 99.00
2016 03 17 21 50  26  1.0  2.5  1.77 12.12 11.13  26 1015.8  25.7  28.4  19.1 99.0 99.00
2016 03 17 22 50   9  2.1  3.3  1.74 14.81 11.43  19 1016.3  25.3  27.6  18.8 99.0 99.00
2016 03 17 23 50  25  2.3  3.9  1.69 12.90 10.90  31 1016.7  25.4  27.3  18.0 99.0 99.00
2016 03 18 00 50  38  2.4  3.6  1.67 16.00 11.03  37 1017.3  25.4  27.6  17.7 99.0 99.00
2016 03 18 01 50  49  2.4  3.2  1.90 16.00 12.00  39 1017.6  25.3  26.9  18.2 99.0 99.00
2016 03 18 02 50  60  3.0  4.1  1.90 16.00 11.71  36 1017.6  25.1  26.7  18.9 99.0 99.00
2016 03 18 03 50  60  3.2  4.9  2.03 14.81 11.92  43 1017.3  25.1  26.6  18.5 99.0 99.00
2016 03 18 04 50  66  3.0  4.0  1.97 16.00 11.99  39 1016.9  25.0  26.5  18.8 99.0 99.00
2016 03 18 05 50  63  4.2  5.8  1.88 16.00 11.66  29 1016.0  24.9  26.5  19.0 99.0 99.00
2016 03 18 06 50  69  3.9  5.0  1.97 16.00 12.08  43 1015.4  24.9  26.5  18.7 99.0 99.00
2016 03 18 07 50  75  3.9  5.0  1.83 14.81 11.10  43 1015.2  24.9  26.5  18.9 99.0 99.00
2016 03 18 08 50  75  4.3  5.6  1.85 16.00 10.92  39 1015.3  24.8  26.5  18.6 99.0 99.00
2016 03 18 09 50  71  5.0  6.5  1.97 14.81 11.54  36 1016.0  24.9  26.5  19.6 99.0 99.00
2016 03 18 10 50  67  4.3  5.5  2.03 16.00 11.08  32 1016.7  24.9  26.5  19.3 99.0 99.00
2016 03 18 11 50  59  5.0  6.1  1.87 14.81 10.19  48 1017.4  24.9  26.6  19.5 99.0 99.00
2016 03 18 12 50 106  5.0  6.4  1.95 16.00  9.79  47 1017.7  25.3  26.7  19.0 99.0 99.00
2016 03 18 13 50 123  4.4  5.5  1.94 16.00 10.10  34 1018.1  25.2  26.7  18.9 99.0 99.00
2016 03 18 14 50 121  4.5  5.6  2.22 16.00 10.77  43 1018.3  25.3  26.9  19.1 99.0 99.00
2016 03 18 15 50 126  5.1  6.8  2.05 13.79 10.24  35 1018.0  25.4  26.9  19.1 99.0 99.00
2016 03 18 16 50 129  4.5  5.8  1.86 17.39  9.72  52 1017.7  25.4  27.0  18.8 99.0 99.00
2016 03 18 17 50 134  4.1  5.4  1.78 16.00  9.29  40 1017.2  25.4  27.1  18.5 99.0 99.00
2016 03 18 18 50 133  4.7  6.0  2.10 16.00 10.33  33 1016.1  25.4  27.0  18.6 99.0 99.00
2016 03 18 19 50 128  3.7  4.6  2.01 14.81 10.17  41 1015.7  25.4  27.0  18.5 99.0 99.00
2016 03 18 20 50 114  3.8  4.7  2.02 14.81 10.08  30 1015.9  25.4  26.9  19.3 99.0 99.00
2016 03 18 21 50 112  3.5  4.9  2.18 16.00 10.42  44 1016.1  25.4  26.9  19.5 99.0 99.00
2016 03 18 22 50 107  4.0  4.7  1.92 14.81 10.17  53 1016.2  25.4  26.8  19.2 99.0 99.00
2016 03 18 23 50 108  4.7  5.7  2.10 16.00 10.34  38 1016.8  25.5  26.7  19.0 99.0 99.00
2016 03 19 00 50 112  5.1  6.0  2.17 16.00 10.16  34 1017.4  25.4  26.7  19.1 99.0 99.00
2016 03 19 01 50 110  4.6  5.9  2.11 16.00  9.90  43 1017.9  25.4  26.6  18.8 99.0 99.00
2016 03 19 02 50 113  4.0  5.1  2.20 14.81  9.94  43 1018.2  25.3  26.6  18.7 99.0 99.00
2016 03 19 03 50 102  4.0  5.1  1.95 16.00  9.46  37 1018.0  25.2  26.6  18.9 99.0 99.00
2016 03 19 04 50 109  4.1  5.3  2.20 14.81  9.87  58 1017.6  25.2  26.6  18.6 99.0 99.00
2016 03 19 05 50 111  4.3  5.4  1.73 16.00  8.82  39 1017.1  25.1  26.5  18.6 99.0 99.00
2016 03 19 06 50 109  4.4  6.0  1.96 14.81  9.38  40 1016.6  25.1  26.5  18.8 99.0 99.00
2016 03 19 07 50  81  4.3  5.2  1.93 14.81  9.56  41 1016.5  25.0  26.5  18.2 99.0 99.00
2016 03 19 08 50  82  4.5  5.7  1.84 16.00  9.52  42 1016.3  24.9  26.5  18.0 99.0 99.00
2016 03 19 09 50  92  5.6  6.8  1.83 14.81  9.51  54 1016.7  24.9  26.5  18.8 99.0 99.00
2016 03 19 10 50 140  8.4 10.0  1.92 14.81  9.74  42 1017.6  23.3  26.5  20.4 99.0 99.00
2016 03 19 11 50 144  6.6  8.3  1.72 14.81  7.63  28 1018.0  23.9  26.5  18.8 99.0 99.00
2016 03 19 12 50 124  3.9  5.1  1.68 16.00  7.86  35 1018.7  24.6  26.5  19.4 99.0 99.00
2016 03 19 13 50 106  3.6  4.7  1.73 16.00  8.67  18 1019.0  24.8  26.6  19.5 99.0 99.00
2016 03 19 14 50 112  6.4  7.8  1.66 14.81  7.85  17 1019.1  25.4  26.6  19.1 99.0 99.00
2016 03 19 15 50 124  6.4  7.7  1.61 14.81  7.03  42 1018.6  25.5  26.7  19.1 99.0 99.00
2016 03 19 16 50 118  5.5  7.1  1.88 14.81  7.45  34 1018.2  25.6  26.7  19.2 99.0 99.00
2016 03 19 17 50 118  5.6  6.6  1.83 14.81  7.66  49 1017.5  25.6  26.8  18.2 99.0 99.00
2016 03 19 18 50 121  5.6  6.5  1.66 13.79  6.95  31 1016.7  25.6  26.8  18.3 99.0 99.00
2016 03 19 19 50 117  6.0  7.0  1.81 14.81  7.57  48 1015.9  25.5  26.8  18.4 99.0 99.00
2016 03 19 20 50 114  5.7  6.9  1.63 14.81  7.06  37 1016.1  25.6  26.8  18.9 99.0 99.00
2016 03 19 21 50 110  6.1  7.2  1.62 14.81  7.13  55 1016.0  25.6  26.7  19.2 99.0 99.00
2016 03 19 22 50 107  5.4  6.7  1.67 14.81  7.22  45 1016.6  25.6  26.7  19.1 99.0 99.00
2016 03 19 23 50 110  5.8  7.0  1.67 13.79  6.96  45 1016.8  25.6  26.7  18.9 99.0 99.00
2016 03 20 00 50 104  5.7  6.8  1.49 14.81  6.48  33 1017.3  25.5  26.6  19.9 99.0 99.00
2016 03 20 01 50 102  6.5  7.5  1.63 13.79  7.08  32 1017.8  25.6  26.6  19.8 99.0 99.00
2016 03 20 02 50 101  6.9  8.5  1.44 13.79  6.42  51 1017.6  25.6  26.6  20.5 99.0 99.00
2016 03 20 03 50 101  6.8  7.8  1.54 14.81  6.35  51 1017.3  25.4  26.6  20.8 99.0 99.00
2016 03 20 04 50 109  6.4  7.7  1.42 14.81  6.18  25 1016.7  25.4  26.6  20.3 99.0 99.00
2016 03 20 05 50 111  5.7  6.8  1.46 13.79  6.41  41 1016.0  25.4  26.6  19.8 99.0 99.00
2016 03 20 06 50 107  4.7  5.6  1.49 13.79  6.67  51 1015.6  25.3  26.7  20.6 99.0 99.00
2016 03 20 07 50 124  6.4  7.7  1.34 13.79  6.50  31 1015.3  25.4  26.7  20.2 99.0 99.00
2016 03 20 08 50 127  5.4  6.7  1.25 13.79  6.02  36 1016.0  25.4  26.7  20.2 99.0 99.00
2016 03 20 09 50 119  6.9  8.5  1.27 13.79  6.24  45 1016.3  25.6  26.6  20.7 99.0 99.00
2016 03 20 10 50 120  8.4  9.8  1.34 13.79  5.71  14 1017.1  25.6  26.6  20.6 99.0 99.00
2016 03 20 11 50 110  9.3 10.8  1.48 13.79  5.40  66 1017.9  25.7  26.6  19.7 99.0 99.00
2016 03 20 12 50 122  8.4  9.8  1.49 13.79  5.45  41 1018.8  25.7  26.6  20.1 99.0 99.00
2016 03 20 13 50 119  8.7 10.1  1.60 12.90  5.33  50 1019.2  25.8  26.6  19.8 99.0 99.00
2016 03 20 14 50 127  7.5  8.8  1.69  5.26  5.30 113 1019.4  25.8  26.6  20.2 99.0 99.00
2016 03 20 15 50 118  6.5  7.6  1.69 13.79  5.59  42 1019.3  25.7  26.7  20.4 99.0 99.00
2016 03 20 16 50 116  6.1  7.2  1.72 13.79  5.79  53 1018.3  25.8  26.8  20.5 99.0 99.00
2016 03 20 17 50 122  6.6  7.7  1.63 13.79  5.61  25 1017.5  25.8  26.8  20.9 99.0 99.00
2016 03 20 18 50 124  6.7  7.7  1.64 12.90  5.67  55 1016.7  25.8  26.8  21.0 99.0 99.00
2016 03 20 19 50 122  7.8  9.4  1.49 12.90  5.55  38 1015.9  25.8  26.9  21.1 99.0 99.00
2016 03 20 20 50 124  7.5  9.2  1.42 12.90  5.24  39 1015.9  26.0  26.8  21.0 99.0 99.00
2016 03 20 21 50 124  7.6  8.9  1.61 12.90  5.79  34 1015.6  25.9  26.8  21.8 99.0 99.00
2016 03 20 22 50 120  6.9  8.3  1.47 12.90  5.22  42 1016.1  25.1  26.8  22.2 99.0 99.00
2016 03 20 23 50 123  7.3  8.7  1.40 12.90  5.48   8 1016.1  25.5  26.8  22.5 99.0 99.00
2016 03 21 00 50 121  6.6  7.9  1.38 12.12  5.26  26 1016.9  25.6  26.8  22.2 99.0 99.00
2016 03 21 01 50 120  6.3  7.5  1.39 12.90  5.38  58 1017.7  25.7  26.8  22.3 99.0 99.00
2016 03 21 02 50 127  5.3  6.4  1.32 12.90  5.40  40 1017.7  25.8  26.8  22.1 99.0 99.00
2016 03 21 03 50 139  5.7  6.9  1.15 12.12  5.31  53 1017.7  25.9  26.8  22.2 99.0 99.00
2016 03 21 04 50 124  6.7  7.6  1.24 12.90  5.32  75 1017.5  26.1  26.7  21.9 99.0 99.00
2016 03 21 05 50 127  7.7  9.7  1.25 12.90  5.15  46 1016.5  26.0  26.7  21.6 99.0 99.00
2016 03 21 06 50 125  7.3  8.5  1.28 12.90  5.19  57 1016.1  25.8  26.7  21.8 99.0 99.00
2016 03 21 07 50 135  7.3  8.8  1.30 12.90  5.00  53 1016.1  25.8  26.7  21.5 99.0 99.00
2016 03 21 08 50 142  6.8  8.2  1.25 12.12  5.09  41 1016.8  25.8  26.7  21.1 99.0 99.00
2016 03 21 09 50 140  6.5  7.7  1.25 12.90  5.04  55 1017.4  25.8  26.7  21.4 99.0 99.00
2016 03 21 10 50 133  6.7  7.8  1.27 12.12  5.19  21 1017.9  25.8  26.7  21.6 99.0 99.00
2016 03 21 11 50 128  7.3  8.9  1.29  5.88  5.14 134 1018.3  26.0  26.7  21.7 99.0 99.00
2016 03 21 12 50 135  7.7  9.1  1.42  6.67  5.18 131 1018.8  26.0  26.7  21.6 99.0 99.00
2016 03 21 13 50 137  8.1  9.5  1.36  6.25  5.08 127 1019.2  26.1  26.7  21.9 99.0 99.00
2016 03 21 14 50 139  7.9  9.5  1.48  6.25  5.21 129 1019.4  26.2  26.7  21.8 99.0 99.00
2016 03 21 15 50 137  8.9 10.7  1.42  6.67  5.05 127 1019.2  26.1  26.7  21.6 99.0 99.00
2016 03 21 16 50 134  7.8  9.2  1.46  6.67  5.03 135 1018.9  26.2  26.8  21.5 99.0 99.00
2016 03 21 17 50 139  7.7  9.3  1.54  7.14  5.15 128 1018.2  26.2  26.8  21.4 99.0 99.00
2016 03 21 18 50 142  8.3 10.4  1.55  6.67  5.23 119 1017.3  26.0  26.8  21.5 99.0 99.00
2016 03 21 19 50 140  7.4  8.5  1.48  6.67  5.11 135 1016.9  26.0  26.8  22.0 99.0 99.00
2016 03 21 20 50 133  6.5  7.7  1.54  7.69  5.17 124 1017.0  25.9  26.8  21.0 99.0 99.00
2016 03 21 21 50 126  6.6  8.1  1.50  7.14  5.36 121 1017.7  26.1  26.8  22.4 99.0 99.00
2016 03 21 22 50 127  7.1  8.3  1.57  6.67  5.46 136 1018.2  26.2  26.8  22.0 99.0 99.00
2016 03 21 23 50 134  6.4  7.3  1.49  7.69  5.38 116 1018.5  26.2  26.8  22.1 99.0 99.00
2016 03 22 00 50 130  7.7  9.2  1.51  7.14  5.34 124 1018.9  26.3  26.8  21.5 99.0 99.00
2016 03 22 01 50 126  7.3  8.5  1.48  7.69  5.33 130 1019.4  26.1  26.8  21.8 99.0 99.00
2016 03 22 02 50 135  6.9  8.4  1.60  7.69  5.64 124 1019.7  26.1  26.7  22.0 99.0 99.00
2016 03 22 03 50 128  6.8  8.2  1.53  7.69  5.49 111 1019.6  26.0  26.7  21.7 99.0 99.00
2016 03 22 04 50 127  5.9  7.0  1.57  7.69  5.65 125 1019.4  25.9  26.7  21.4 99.0 99.00
2016 03 22 05 50 134  6.4  7.4  1.52  7.69  5.69 122 1018.6  25.8  26.7  21.4 99.0 99.00
2016 03 22 06 50 133  5.9  7.1  1.59  8.33  5.76 128 1018.3  25.7  26.8  21.6 99.0 99.00
2016 03 22 07 50 132  6.8  8.1  1.45  8.33  5.53 116 1017.9  25.7  26.7  21.3 99.0 99.00
2016 03 22 08 50 129  6.6  8.3  1.39  7.69  5.46 128 1018.1  25.6  26.7  21.3 99.0 99.00
2016 03 22 09 50 135  6.6  7.7  1.52  8.33  5.78 122 1018.6  25.6  26.7  21.2 99.0 99.00
2016 03 22 10 50 132  6.8  8.0  1.46  8.33  5.72 118 1018.9  25.7  26.7  21.2 99.0 99.00
2016 03 22 11 50 140  6.0  7.0  1.54  7.69  5.60 124 1019.8  25.8  26.7  20.8 99.0 99.00
2016 03 22 12 50 135  6.0  6.9  1.43  8.33  5.64 127 1020.5  25.9  26.7  21.1 99.0 99.00
2016 03 22 13 50 142  6.2  7.2  1.42  8.33  5.55 126 1020.9  25.9  26.7  21.2 99.0 99.00
2016 03 22 14 50 136  5.7  6.7  1.39  8.33  5.71 120 1021.1  25.9  26.8  21.1 99.0 99.00
2016 03 22 15 50 129  4.9  5.9  1.31  7.69  5.63 126 1020.8  25.9  26.9  21.3 99.0 99.00
2016 03 22 16 50 126  5.0  5.9  1.33  7.69  5.67 130 1020.2  25.9  26.9  21.3 99.0 99.00
2016 03 22 17 50 130  5.5  6.6  1.40  8.33  5.74 128 1019.6  25.9  27.0  20.5 99.0 99.00
2016 03 22 18 50 137  5.0  6.0  1.33  7.69  5.63 122 1019.1  26.0  27.1  20.9 99.0 99.00
2016 03 22 19 50 133  3.4  4.6  1.41  8.33  5.87 124 1018.8  26.1  27.1  21.0 99.0 99.00
2016 03 22 20 50 134  3.8  5.0  1.31  8.33  5.86 133 1018.8  26.1  27.1  20.8 99.0 99.00
2016 03 22 21 50 109  3.5  4.5  1.33  8.33  5.85 121 1019.3  26.1  27.0  21.1 99.0 99.00
2016 03 22 22 50 102  3.5  4.6  1.30  8.33  5.94 114 1019.7  26.0  26.9  21.3 99.0 99.00
2016 03 22 23 50  92  3.6  4.5  1.19  8.33  5.66 118 1020.3  26.0  26.9  21.5 99.0 99.00
2016 03 23 00 50  77  4.3  5.1  1.24  8.33  6.02 123 1020.8  26.0  26.9  21.3 99.0 99.00
2016 03 23 01 50  74  4.8  5.8  1.19  8.33  5.91 120 1021.4  26.1  26.9  21.5 99.0 99.00
2016 03 23 02 50  92  4.6  5.6  1.21  9.09  5.77 109 1021.5  25.6  26.9  22.3 99.0 99.00
2016 03 23 03 50  87  5.7  6.6  1.23  8.33  5.76 120 1021.4  25.8  26.9  21.5 99.0 99.00
2016 03 23 04 50  73  5.0  6.0  1.26  7.69  5.71 116 1020.8  25.9  26.9  21.3 99.0 99.00
2016 03 23 05 50  80  7.4  8.8  1.32  8.33  5.94 107 1019.7  25.9  26.8  21.5 99.0 99.00
2016 03 23 06 50  80  7.4  8.7  1.23  8.33  5.35 116 1019.1  25.7  26.8  20.6 99.0 99.00
2016 03 23 07 50  76  6.4  7.4  1.34  8.33  5.51 121 1019.0  25.6  26.8  20.7 99.0 99.00
2016 03 23 08 50  84  7.2  8.3  1.34  8.33  5.42 122 1018.9  25.7  26.7  21.3 99.0 99.00
2016 03 23 09 50  89  8.7 10.4  1.34  8.33  5.08 107 1019.3  25.5  26.7  21.6 99.0 99.00
2016 03 23 10 50  92  7.5  8.7  1.49  8.33  5.15 122 1020.0  25.1  26.7  20.6 99.0 99.00
2016 03 23 11 50  98  6.4  9.8  1.49  8.33  5.73 111 1020.8  25.4  26.7  21.0 99.0 99.00
2016 03 23 12 50  86  7.1  8.2  1.36  9.09  5.54 103 1021.6  25.8  26.7  20.9 99.0 99.00
2016 03 23 13 50  91  7.9  9.5  1.40  7.69  5.31 113 1021.9  25.8  26.8  20.6 99.0 99.00
2016 03 23 14 50  95  7.5  9.0  1.44  9.09  5.22 114 1022.2  25.9  26.8  21.2 99.0 99.00
2016 03 23 15 50  95  7.4  9.1  1.52  9.09  5.25  95 1022.0  25.9  26.8  21.3 99.0 99.00
2016 03 23 16 50  92  8.1  9.0  1.58  8.33  5.57 107 1021.4  25.9  26.9  20.6 99.0 99.00
2016 03 23 17 50  89  7.4  8.9  1.66  8.33  5.52 101 1020.6  25.9  26.9  21.2 99.0 99.00
2016 03 23 18 50  83  7.0  8.6  1.49  8.33  5.24 103 1020.0  26.0  26.9  21.4 99.0 99.00
2016 03 23 19 50  88  7.3  9.0  1.59  8.33  5.56  93 1019.6  26.0  26.9  21.8 99.0 99.00
2016 03 23 20 50  90  7.7  8.5  1.75  8.33  5.90  64 1019.9  26.2  26.9  21.6 99.0 99.00
2016 03 23 21 50  93  7.9  9.4  1.85  8.33  6.06 109 1020.0  26.1  26.9  21.7 99.0 99.00
2016 03 23 22 50  87  7.7  9.1  1.90  7.69  5.96  13 1020.3  26.0  26.8  22.0 99.0 99.00
2016 03 23 23 50  83  8.5 12.5  2.17  8.33  6.39  28 1020.6  25.1  26.8  21.6 99.0 99.00
2016 03 24 00 50 104  7.2  8.7  2.18  8.33  6.29  41 1021.0  25.4  26.8  21.9 99.0 99.00
2016 03 24 01 50 107  7.6  9.4  2.09 10.81  6.14 336 1021.2  25.5  26.7  21.5 99.0 99.00
2016 03 24 02 50 109  6.2  7.4  2.16  9.09  6.26  50 1021.3  25.9  26.7  21.2 99.0 99.00
2016 03 24 03 50 100  7.2  8.8  2.25  8.33  6.38  31 1021.1  26.0  26.7  21.1 99.0 99.00
2016 03 24 04 50  93  7.4  8.8  2.23  9.09  6.32  25 1020.5  25.8  26.7  21.2 99.0 99.00
2016 03 24 05 50  87  6.7  8.1  2.27  9.09  6.53  49 1019.7  25.8  26.7  21.3 99.0 99.00
2016 03 24 06 50  86  6.2  7.9  2.14  8.33  6.45  54 1019.2  25.7  26.7  21.5 99.0 99.00
2016 03 24 07 50  84  7.8  9.0  2.09  9.09  6.30  14 1018.8  25.7  26.7  21.4 99.0 99.00
2016 03 24 08 50  82  7.1  8.5  2.19  8.33  6.39  48 1019.0  25.6  26.7  20.5 99.0 99.00
2016 03 24 09 50  82  8.7 10.0  1.97  9.09  6.01 347 1019.4  25.6  26.7  20.7 99.0 99.00
2016 03 24 10 50  85  8.1  9.4  2.09  9.09  6.11 314 1020.0  25.7  26.7  20.1 99.0 99.00
2016 03 24 11 50  83  9.2 10.5  2.21  9.09  6.33  24 1020.5  25.8  26.7  19.9 99.0 99.00
2016 03 24 12 50  95  8.6 10.5  2.16  8.33  6.05  45 1021.1  25.8  26.7  20.2 99.0 99.00
2016 03 24 13 50  97  8.4 10.2  2.07  9.09  5.80  67 1021.3  25.9  26.7  18.5 99.0 99.00
2016 03 24 14 50  96  7.4  9.1  2.09 10.00  6.11  28 1021.4  25.9  26.7  18.6 99.0 99.00
2016 03 24 15 50  91  8.4  9.9  2.02 10.00  6.07   9 1021.2  25.7  26.8  19.8 99.0 99.00
2016 03 24 16 50  90  7.7  9.1  2.18  9.09  6.24  35 1020.6  25.7  26.8  20.1 99.0 99.00
2016 03 24 17 50  88  7.8  8.9  2.15  9.09  6.35  78 1019.7  25.8  26.8  20.4 99.0 99.00
2016 03 24 18 50  87  7.9  9.8  2.19  9.09  6.36  70 1019.0  25.7  26.9  20.7 99.0 99.00
2016 03 24 19 50  89  7.9  9.2  2.03 10.00  6.09  17 1018.5  25.8  26.9  21.1 99.0 99.00
2016 03 24 20 50  86  8.5  9.8  2.02 10.00  6.19   2 1018.8  25.9  26.9  21.0 99.0 99.00
2016 03 24 21 50  84  8.6 10.7  2.10  9.09  6.08  80 1019.1  25.8  26.8  21.2 99.0 99.00
2016 03 24 22 50  81  8.5  9.9  2.25  9.09  6.25  87 1019.5  25.8  26.8  21.5 99.0 99.00
2016 03 24 23 50  86  9.4 11.0  2.08  9.09  5.93 100 1019.6  25.9  26.8  21.2 99.0 99.00
2016 03 25 00 50  89  9.0 10.7  2.12 10.81  5.98 353 1020.0  25.8  26.8  21.4 99.0 99.00
2016 03 25 01 50  89  9.6 11.4  2.13 10.00  6.07 358 1020.3  25.8  27.0  21.1 99.0 99.00
2016 03 25 02 50  89  9.8 11.5  2.29 10.81  6.07 354 1020.6  25.7  26.8  21.2 99.0 99.00
2016 03 25 03 50  90  9.4 11.0  2.21 10.00  5.89  29 1020.3  25.7  26.8  21.0 99.0 99.00
2016 03 25 04 50  96  8.5 10.2  2.20  7.69  5.91  98 1019.7  25.8  26.8  20.7 99.0 99.00
2016 03 25 05 50  92  8.5 10.1  2.22  9.09  6.07  91 1019.1  25.7  26.8  20.5 99.0 99.00
2016 03 25 06 50  92  8.1  9.7  2.26  8.33  6.08 102 1018.5  25.5  26.7  20.7 99.0 99.00
2016 03 25 07 50  85  9.3 10.8  2.17  8.33  5.91  91 1018.2  25.6  26.7  20.3 99.0 99.00
2016 03 25 08 50  94  8.4 10.5  2.12  7.69  5.81  85 1018.3  25.5  26.7  20.6 99.0 99.00
2016 03 25 09 50  96  9.3 11.1  2.19  9.09  6.04  90 1018.6  25.7  26.7  19.3 99.0 99.00
2016 03 25 10 50  98  9.4 11.3  2.13 10.00  5.86  21 1019.2  25.6  26.7  19.8 99.0 99.00
2016 03 25 11 50  94  9.4 11.1  2.30  7.69  6.07  88 1019.8  25.7  26.7  20.0 99.0 99.00
2016 03 25 12 50 100  9.6 11.5  2.22  9.09  5.88  89 1020.5  25.8  26.7  19.8 99.0 99.00
2016 03 25 13 50  96  9.0 10.7  2.27  7.14  5.92  93 1021.0  25.9  26.8  20.1 99.0 99.00
2016 03 25 14 50  94  9.3 11.3  2.15  9.09  5.97  92 1021.3  25.9  26.8  20.3 99.0 99.00
2016 03 25 15 50  96 10.2 12.2  2.38  8.33  6.22  90 1020.8  26.0  26.8  19.6 99.0 99.00
2016 03 25 16 50  98  8.5 10.2  2.28  8.33  5.90 103 1020.3  26.0  26.8  20.6 99.0 99.00
2016 03 25 17 50  96  9.9 11.9  2.16  9.09  5.94 109 1019.4  26.0  26.9  20.1 99.0 99.00
2016 03 25 18 50  96  9.0 10.9  2.19 10.00  5.95  60 1019.0  25.9  26.9  20.6 99.0 99.00
2016 03 25 19 50  97  8.9 11.0  2.22  9.09  6.11  98 1018.8  26.1  26.9  20.7 99.0 99.00
2016 03 25 20 50  92  8.1 10.0  2.26  9.09  6.05  79 1019.1  26.0  26.9  20.9 99.0 99.00
2016 03 25 21 50  93  8.8 10.6  2.15  9.09  6.14  99 1019.3  26.0  26.8  20.5 99.0 99.00
2016 03 25 22 50  88  8.1 10.1  2.23  8.33  6.18  82 1019.9  26.0  26.8  20.8 99.0 99.00
2016 03 25 23 50  88  9.3 11.6  2.14  9.09  6.00 105 1020.6  26.0  26.8  20.6 99.0 99.00
2016 03 26 00 50  85  9.2 10.6  2.25  9.09  6.00 101 1021.2  26.0  26.8  20.8 99.0 99.00
2016 03 26 01 50  82  8.7 10.4  2.39  9.09  6.18  89 1022.0  25.9  26.8  21.2 99.0 99.00
2016 03 26 02 50  82  8.8 10.4  2.21  8.33  5.94  92 1021.9  26.0  26.8  21.1 99.0 99.00
2016 03 26 03 50  81  9.0 11.0  2.23  7.69  5.96  82 1021.9  25.9  26.8  21.3 99.0 99.00
2016 03 26 04 50  80  9.2 11.3  2.48  9.09  6.23  87 1021.6  25.9  26.8  20.6 99.0 99.00
2016 03 26 05 50  80 10.1 11.9  2.37  9.09  6.04  98 1021.1  25.6  26.8  20.8 99.0 99.00
2016 03 26 06 50  90  9.4 10.9  2.33  9.09  5.92  87 1020.4  25.5  26.8  20.3 99.0 99.00
2016 03 26 07 50  85  9.3 10.5  2.34  8.33  6.09  96 1019.8  25.4  26.8  20.1 99.0 99.00
2016 03 26 08 50  87  9.0 11.1  2.24  9.09  6.09 110 1019.8  25.5  26.8  20.2 99.0 99.00
2016 03 26 09 50  93  9.2 10.6  2.23  9.09  5.91 104 1020.2  25.5  26.8  19.6 99.0 99.00
2016 03 26 10 50  93  8.5 10.6  2.26  8.33  5.91 114 1020.8  25.6  26.8  20.1 99.0 99.00
2016 03 26 11 50  98  9.1 10.6  2.22  9.09  6.01  95 1021.4  25.8  26.8  19.6 99.0 99.00
2016 03 26 12 50  92  9.1 10.5  2.35  9.09  6.03 107 1022.0  25.8  26.8  20.0 99.0 99.00
2016 03 26 13 50  79  8.9 10.4  2.25  8.33  5.98  94 1022.6  24.8  26.8  20.8 99.0 99.00
2016 03 26 14 50  95  9.9 14.0  2.41  9.09  6.18 101 1022.6  24.7  26.8  20.8 99.0 99.00
2016 03 26 15 50  97 10.2 12.7  2.23  8.33  5.79  94 1022.1  26.0  26.8  20.7 99.0 99.00
2016 03 26 16 50  94  9.7 11.5  2.44  8.33  5.90  89 1021.8  25.9  26.8  20.8 99.0 99.00
2016 03 26 17 50  95  9.1 10.7  2.52  9.09  6.10  97 1021.4  26.0  26.9  20.6 99.0 99.00
2016 03 26 18 50  83  8.4 10.2  2.57  8.33  6.27  95 1021.2  25.9  26.9  20.6 99.0 99.00
2016 03 26 19 50  87  9.0 10.5  2.54  9.09  6.29 101 1020.8  26.1  26.9  20.3 99.0 99.00
2016 03 26 20 50  84  8.4  9.9  2.67  9.09  6.54 102 1020.7  26.0  26.9  20.4 99.0 99.00
2016 03 26 21 50  79  7.9  9.2  2.77  9.09  6.63 106 1020.8  25.9  26.9  21.1 99.0 99.00
2016 03 26 22 50  78  9.6 11.1  2.30  9.09  6.22 106 1020.7  25.8  26.8  20.6 99.0 99.00
2016 03 26 23 50  78  9.0 10.6  2.30  9.09  6.28 106 1021.5  25.8  26.8  20.8 99.0 99.00
2016 03 27 00 50  84  9.4 11.2  2.35 10.00  6.43 106 1021.9  25.7  26.8  20.9 99.0 99.00
2016 03 27 01 50  89  9.9 12.0  2.21  9.09  6.02  99 1022.4  25.7  26.8  20.1 99.0 99.00
2016 03 27 02 50  83  8.7 10.6  2.27  7.69  5.98 100 1022.7  25.8  26.8  20.3 99.0 99.00
2016 03 27 03 50  84  7.7  9.3  2.37  9.09  6.22 101 1022.6  25.8  26.8  19.7 99.0 99.00
2016 03 27 04 50  92 11.4 13.4  2.42 10.00  6.36 105 1022.1  24.6  26.8  20.8 99.0 99.00
2016 03 27 05 50  73  6.6  7.9  2.64  9.09  6.40 112 1022.0  24.2  26.8  20.9 99.0 99.00
2016 03 27 06 50  78  8.1  9.8  2.34 10.00  6.40  98 1021.3  25.1  26.8  21.5 99.0 99.00
2016 03 27 07 50  82  8.6 10.2  2.41 10.00  6.44 114 1020.9  25.3  26.8  20.5 99.0 99.00
2016 03 27 08 50  65 11.0 13.0  2.61  9.09  6.52 109 1021.1  23.5  26.8  20.7 99.0 99.00
2016 03 27 09 50  73  7.5  8.9  2.65  9.09  6.34  94 1021.2  24.3  26.8  20.3 99.0 99.00
2016 03 27 10 50  77  8.0  9.9  2.76  9.09  6.82 102 1021.3  25.1  26.8  21.3 99.0 99.00
2016 03 27 11 50  83  8.5 11.7  2.43 10.00  6.68  99 1022.1  25.4  26.8  21.2 99.0 99.00
2016 03 27 12 50  84  9.8 11.8  2.51  9.09  6.41  91 1022.7  25.7  26.8  20.7 99.0 99.00
2016 03 27 13 50  77  9.6 11.3  2.50  9.09  6.39 109 1023.2  25.2  26.8  21.2 99.0 99.00
2016 03 27 14 50 107  9.7 13.3  2.62  9.09  6.41  94 1023.1  24.6  26.8  20.0 99.0 99.00
2016 03 27 15 50  94  9.6 11.3  2.59  8.33  6.23  92 1022.6  25.7  26.8  20.6 99.0 99.00
2016 03 27 16 50  94  9.7 11.9  2.73 10.00  6.59 101 1022.0  25.9  26.8  20.2 99.0 99.00
2016 03 27 17 50  94  9.5 11.4  2.73  9.09  6.40 101 1021.1  25.9  26.8  20.2 99.0 99.00
2016 03 27 18 50  94  9.6 11.2  2.87  9.09  6.60  92 1020.6  26.0  26.8  19.6 99.0 99.00
2016 03 27 19 50  88  8.7 10.2  2.61  9.09  6.38  93 1020.6  26.0  26.8  19.8 99.0 99.00
2016 03 27 20 50  96  8.6 10.2  2.61  9.09  6.48 103 1020.5  26.1  26.9  19.4 99.0 99.00
2016 03 27 21 50  95  8.1  9.6  2.49  9.09  6.53  99 1020.4  26.0  26.9  20.0 99.0 99.00
2016 03 27 22 50  86  8.5 10.1  2.35 10.00  6.23  96 1020.6  25.9  26.8  20.0 99.0 99.00
2016 03 27 23 50  82  7.5  9.1  2.46  9.09  6.32  97 1021.0  25.8  26.8  20.1 99.0 99.00
2016 03 28 00 50  79  7.7  9.3  2.40 10.00  6.43  97 1021.3  25.7  26.8  19.7 99.0 99.00
2016 03 28 01 50  91  8.5 10.1  2.63  9.09  6.76 100 1021.3  25.7  26.8  19.7 99.0 99.00
2016 03 28 02 50  87  8.7 10.5  2.46 10.00  6.62  92 1021.4  25.6  26.8  18.4 99.0 99.00
2016 03 28 03 50  82  7.8  9.0  2.57  9.09  6.74 104 1021.3  25.5  26.8  18.6 99.0 99.00
2016 03 28 04 50  90  7.9  9.6  2.40  9.09  6.60  97 1020.6  25.5  26.7  18.2 99.0 99.00
2016 03 28 05 50  95  7.1  9.0  2.36 10.81  6.58 104 1019.9  25.3  26.7  19.0 99.0 99.00
2016 03 28 06 50  95  7.5  9.0  2.42 10.00  6.88 105 1019.5  25.4  26.7  18.3 99.0 99.00
2016 03 28 07 50  85  6.9  8.5  2.25 10.00  6.50 101 1019.2  25.3  26.7  18.1 99.0 99.00
2016 03 28 08 50  91  7.3  9.0  2.15 10.00  6.53  99 1019.4  25.3  26.7  19.1 99.0 99.00
2016 03 28 09 50  91  6.6  7.9  2.38  9.09  6.77  96 1020.1  25.3  26.7  18.5 99.0 99.00
2016 03 28 10 50  83  6.8  8.2  2.30 10.00  6.97 100 1020.4  25.3  26.7  18.2 99.0 99.00
2016 03 28 11 50  85  6.6  8.6  2.17  9.09  6.89 109 1020.6  25.4  26.7  18.3 99.0 99.00
2016 03 28 12 50  83  6.5  8.9  2.07 10.00  6.54  99 1021.1  25.1  26.7  19.6 99.0 99.00
2016 03 28 13 50  88  9.5 11.7  2.20 10.00  6.64  90 1021.3  24.1  26.8  18.7 99.0 99.00
2016 03 28 14 50  97  8.6 10.1  2.53 10.00  7.26 100 1021.1  25.8  26.8  18.7 99.0 99.00
2016 03 28 15 50  99  8.4 10.0  2.08  9.09  6.18 112 1021.0  25.7  26.9  19.4 99.0 99.00
2016 03 28 16 50 106  8.3  9.8  2.32 10.00  6.48 101 1020.1  25.8  26.9  19.2 99.0 99.00
2016 03 28 17 50 111  8.0 10.0  2.16 10.00  6.24  98 1019.4  25.7  26.9  19.2 99.0 99.00
2016 03 28 18 50 112  8.3 10.7  2.20 10.00  6.09  93 1018.7  25.8  26.9  18.9 99.0 99.00
2016 03 28 19 50 115  7.1  9.2  2.41 10.00  6.31  99 1018.5  25.8  26.9  19.3 99.0 99.00
2016 03 28 20 50  99  6.6  7.7  2.26 10.00  6.47  93 1018.5  25.8  26.9  19.4 99.0 99.00
2016 03 28 21 50  96  7.0  8.5  2.23 10.00  6.57  97 1018.7  25.8  26.9  19.3 99.0 99.00
2016 03 28 22 50  94  6.2  8.2  2.25 10.00  6.77  97 1019.3  25.7  26.9  19.8 99.0 99.00
2016 03 28 23 50  92  6.3  7.7  2.03 10.00  6.35  97 1019.7  25.7  26.9  20.0 99.0 99.00
2016 03 29 00 50  94  6.9  8.3  1.94  9.09  6.07 103 1020.2  25.6  26.8  19.8 99.0 99.00
2016 03 29 01 50  87  6.7  7.6  2.33 10.00  6.77  96 1020.8  25.7  26.8  20.1 99.0 99.00
2016 03 29 02 50 101  6.9  8.3  2.15  9.09  6.50  95 1020.8  25.6  26.9  19.9 99.0 99.00
2016 03 29 03 50  97  6.7  8.0  1.88 10.00  6.22  97 1020.2  25.5  26.8  19.9 99.0 99.00
2016 03 29 04 50  89  7.6  9.1  2.03 10.00  6.36  94 1019.6  25.4  26.8  19.9 99.0 99.00
2016 03 29 05 50  97  8.4 10.7  1.93  9.09  6.36 100 1018.7  25.3  26.8  19.8 99.0 99.00
2016 03 29 06 50 102  8.0  9.6  2.02 10.00  6.28  84 1018.1  25.3  26.8  18.8 99.0 99.00
2016 03 29 07 50  97  8.0  9.6  2.08 10.00  6.22  98 1017.9  25.3  26.8  19.3 99.0 99.00
2016 03 29 08 50  98  8.4  9.7  2.01 10.00  6.06 102 1017.9  25.3  26.8  18.3 99.0 99.00
2016 03 29 09 50 104  7.8  9.2  2.04 10.00  6.08  91 1018.7  25.2  26.8  18.5 99.0 99.00
2016 03 29 10 50 100  7.3  9.0  1.98  9.09  6.16 101 1019.5  25.4  26.8  18.0 99.0 99.00
2016 03 29 11 50  94  7.3  9.5  2.00 10.00  6.22  86 1019.9  25.5  26.8  17.9 99.0 99.00
2016 03 29 12 50 101  8.3  9.9  2.07 10.00  6.33 103 1020.1  25.6  26.9  16.8 99.0 99.00
2016 03 29 13 50 104  8.5  9.9  1.88 10.00  5.87  95 1020.2  25.5  26.8  18.0 99.0 99.00
2016 03 29 14 50 103  7.6  9.3  2.01 10.00  6.25  92 1020.0  25.5  26.8  19.0 99.0 99.00
2016 03 29 15 50 104  7.8  9.0  2.10 10.00  6.19  98 1019.6  25.6  26.9  18.8 99.0 99.00
2016 03 29 16 50  99  7.9  9.6  1.95 10.00  6.19  99 1018.8  25.6  26.9  19.1 99.0 99.00
2016 03 29 17 50  98  7.4  8.7  2.07 10.00  6.48  98 1018.2  25.6  26.9  18.7 99.0 99.00
2016 03 29 18 50 103  7.1  8.4  2.01 10.00  6.28  97 1017.7  25.7  26.9  18.1 99.0 99.00
2016 03 29 19 50 114  6.8  7.9  2.08  9.09  6.41 101 1017.2  25.6  27.0  18.1 99.0 99.00
2016 03 29 20 50 115  7.0  8.3  1.89  9.09  6.21  96 1017.1  25.7  26.9  19.2 99.0 99.00
2016 03 29 21 50 116  7.0  8.7  1.93 10.00  6.40 104 1017.3  25.8  26.9  19.2 99.0 99.00
2016 03 29 22 50 112  7.0  8.3  1.89 10.00  6.34 106 1017.8  25.6  26.9  19.8 99.0 99.00
2016 03 29 23 50 110  6.2  7.6  1.92 10.00  6.30  97 1018.5  25.6  26.9  19.8 99.0 99.00
2016 03 30 00 50 103  6.4  8.0  1.94 10.00  6.43 105 1018.5  25.6  26.8  20.0 99.0 99.00
2016 03 30 01 50 100  6.7  7.7  1.95 10.00  6.45  97 1018.8  25.6  26.8  20.0 99.0 99.00
2016 03 30 02 50 101  7.0  8.6  1.77 10.00  6.20 103 1018.7  25.6  26.8  20.1 99.0 99.00
2016 03 30 03 50  97  6.8  8.0  1.92 10.00  6.41  94 1018.4  25.6  26.8  20.1 99.0 99.00
2016 03 30 04 50  96  6.6  8.0  1.91  9.09  6.35  95 1018.1  25.6  26.7  20.5 99.0 99.00
2016 03 30 05 50 110  7.0  9.1  1.87 10.00  6.20 107 1017.3  25.6  26.8  19.1 99.0 99.00
2016 03 30 06 50  98  6.7  7.8  1.96  8.33  6.23  94 1017.0  25.4  26.8  20.4 99.0 99.00
2016 03 30 07 50 108  7.8  9.5  1.77  9.09  6.20  99 1016.7  25.4  26.7  19.8 99.0 99.00
2016 03 30 08 50 104  7.7  9.1  1.68  9.09  5.79  98 1016.8  25.4  26.8  20.2 99.0 99.00
2016 03 30 09 50  98  8.6  9.6  1.76  9.09  5.89 105 1017.1  25.4  26.8  20.2 99.0 99.00
2016 03 30 10 50 100  8.5 10.1  1.97  9.09  5.82  98 1017.8  25.5  26.8  19.5 99.0 99.00
2016 03 30 11 50 101  8.6 10.6  1.79  9.09  5.75 101 1018.5  25.6  26.8  20.1 99.0 99.00
2016 03 30 12 50 101  8.8 10.5  2.00  9.09  6.06  92 1019.1  25.7  26.8  19.8 99.0 99.00
2016 03 30 13 50 106  8.1 10.0  1.99  9.09  5.83 103 1019.7  25.7  26.8  19.8 99.0 99.00
2016 03 30 14 50 104  8.4 10.1  1.96  9.09  5.69  92 1019.7  25.7  26.8  20.0 99.0 99.00
2016 03 30 15 50 106  7.9  9.6  2.09  9.09  5.91  95 1019.5  25.8  26.8  19.9 99.0 99.00
2016 03 30 16 50 104  7.9  9.8  2.00  9.09  5.78 104 1019.2  25.8  26.8  20.0 99.0 99.00
2016 03 30 17 50 106  7.7  9.2  2.04  8.33  5.84  96 1018.5  25.8  26.8  20.0 99.0 99.00
2016 03 30 18 50 106  7.7  9.0  1.93  9.09  5.82 100 1018.1  25.8  26.8  19.8 99.0 99.00
2016 03 30 19 50 108  7.5  8.7  2.05  8.33  5.96 103 1017.9  25.8  26.8  19.8 99.0 99.00
2016 03 30 20 50 106  7.9  9.2  1.93  9.09  5.90  99 1018.2  25.8  26.8  19.7 99.0 99.00
2016 03 30 21 50 106  8.0  9.2  1.95  9.09  6.07 104 1018.1  25.8  26.8  19.9 99.0 99.00
2016 03 30 22 50 106  7.8  9.5  2.06  7.69  5.96 107 1018.6  25.8  26.8  19.9 99.0 99.00
2016 03 30 23 50  99  7.9  9.2  1.94  8.33  5.87 102 1019.3  25.7  26.8  19.9 99.0 99.00
2016 03 31 00 50  97  7.7  9.6  1.98  9.09  6.02  92 1019.4  25.7  26.7  20.5 99.0 99.00
2016 03 31 01 50  99  7.8  9.2  1.79  6.67  5.78 114 1019.9  25.6  26.7  19.9 99.0 99.00
2016 03 31 02 50  98  8.0  9.8  2.02  7.69  5.96 109 1019.9  25.6  26.7  18.9 99.0 99.00
2016 03 31 03 50  97  8.0  9.7  1.77  8.33  5.79 104 1019.8  25.6  26.7  18.3 99.0 99.00
2016 03 31 04 50  93  8.7 10.4  1.81  9.09  5.89  99 1019.4  25.6  26.7  18.2 99.0 99.00
2016 03 31 05 50  92  8.5 10.0  1.89  9.09  5.84 101 1018.8  25.5  26.7  18.8 99.0 99.00
2016 03 31 06 50  99  7.8 10.1  1.80  8.33  5.87 109 1018.5  25.4  26.7  19.5 99.0 99.00
2016 03 31 07 50  93  9.2 11.4  1.85  7.14  5.74 114 1017.8  25.4  26.7  19.4 99.0 99.00
2016 03 31 08 50  81  8.7 10.2  1.86  9.09  5.70 101 1017.9  25.2  26.7  19.9 99.0 99.00
2016 03 31 09 50  97  9.7 11.3  1.83  7.69  5.51 112 1018.7  25.4  26.7  19.5 99.0 99.00
2016 03 31 10 50  89 10.0 12.1  1.89  7.69  5.65 103 1019.2  25.5  26.8  19.5 99.0 99.00
2016 03 31 11 50  90 10.7 12.4  2.08  7.14  5.74 111 1019.5  25.7  26.8  18.8 99.0 99.00
2016 03 31 12 50  95 10.3 11.9  1.95  6.67  5.45 108 1020.4  25.8  26.8  18.7 99.0 99.00
2016 03 31 14 50  95  9.1 10.9  2.05  7.14  5.67 109 1020.7  25.9  26.9  19.9 99.0 99.00
2016 03 31 15 50  95 10.2 12.0  2.14  7.14  5.78 113 1020.5  25.8  26.9  19.7 99.0 99.00
2016 03 31 16 50  92 10.1 11.6  2.16  7.14  5.66 116 1019.6  25.8  26.9  19.6 99.0 99.00
2016 03 31 17 50  99  8.7 10.4  1.99  7.69  5.62 113 1019.1  25.5  26.9  20.5 99.0 99.00
2016 03 31 18 50  97  9.0 11.2  1.97  7.69  5.61 113 1018.5  25.8  26.9  19.8 99.0 99.00
2016 03 31 19 50  97  8.2 10.4  2.28  7.69  6.11 110 1018.5  25.8  26.9  19.5 99.0 99.00
2016 03 31 20 50 107  8.3  9.7  2.04  7.14  5.70 110 1018.4  26.0  26.9  18.4 99.0 99.00
2016 03 31 21 50 101  8.5 10.5  1.94  8.33  5.68 104 1018.6  25.9  26.8  19.6 99.0 99.00
2016 03 31 22 50 101  9.1 10.6  1.93  8.33  5.63 109 1018.9  25.9  26.8  19.3 99.0 99.00
