#YY  MM DD hh mm WDIR WSPD GST  WVHT   DPD   APD MWD   PRES  ATMP  WTMP  DEWP  VIS  TIDE
#yr  mo dy hr mn degT m/s  m/s     m   sec   sec deg    hPa  degC  degC  degC  nmi    ft
2016 05 31 23 50  86  7.9  9.3  1.32  6.67  4.84 102 1010.1  28.5  28.6  25.3 99.0 99.00
2016 06 01 00 50  89  8.2 10.0  1.33  6.67  4.87 103 1010.7  28.5  28.5  25.3 99.0 99.00
2016 06 01 01 50  90  8.5  9.8  1.41  6.25  4.92 104 1011.5  28.5  28.5  25.4 99.0 99.00
2016 06 01 02 50  88  8.3 10.1  1.44  7.14  4.93 104 1012.0  28.5  28.5  25.4 99.0 99.00
2016 06 01 03 50  87  8.8 10.5  1.47  7.14  4.95  98 1012.0  28.5  28.5  25.3 99.0 99.00
2016 06 01 04 50  78  8.1 10.1  1.49  6.67  4.97  97 1011.7  28.5  28.5  25.5 99.0 99.00
2016 06 01 05 50  79  8.9 10.0  1.70  7.14  5.05 101 1010.9  28.4  28.5  25.5 99.0 99.00
2016 06 01 06 50  86  8.6 10.6  1.52  7.14  5.02  96 1010.2  28.3  28.5  25.6 99.0 99.00
2016 06 01 07 50  88  8.7 10.3  1.56  6.25  4.94  93 1009.6  28.3  28.5  25.0 99.0 99.00
2016 06 01 08 50  87  8.9 10.4  1.58  7.14  4.94  94 1009.9  28.3  28.5  24.9 99.0 99.00
2016 06 01 09 50  96  9.0 10.6  1.53  7.14  4.81 100 1010.6  28.4  28.5  25.2 99.0 99.00
2016 06 01 10 50  94  8.7 10.5  1.67  5.88  5.00  92 1011.4  28.5  28.5  25.0 99.0 99.00
2016 06 01 11 50  99  8.7 10.7  1.59  7.14  5.05 105 1012.4  28.5  28.5  24.8 99.0 99.00
2016 06 01 12 50  92  8.9 10.4  1.71  6.67  5.24  93 1013.0  28.5  28.5  24.8 99.0 99.00
2016 06 01 13 50  90  8.9 10.6  1.67  7.14  5.15  95 1013.3  28.6  28.5  25.0 99.0 99.00
2016 06 01 14 50  88  8.5 10.3  1.62  7.14  5.23 106 1012.7  28.5  28.5  25.5 99.0 99.00
2016 06 01 15 50  92  8.8 10.1  1.75  7.14  5.18 102 1012.7  28.7  28.5  25.4 99.0 99.00
2016 06 01 16 50  86  8.7 10.1  1.81  7.14  5.23  95 1012.4  28.6  28.5  25.4 99.0 99.00
2016 06 01 17 50  84  9.3 11.0  1.85  6.67  5.23 104 1011.4  28.6  28.5  25.4 99.0 99.00
2016 06 01 18 50  91 10.4 12.4  1.70  7.14  4.96 101 1010.6  28.6  28.5  25.5 99.0 99.00
2016 06 01 19 50  92 10.6 13.2  1.82  5.88  5.16  94 1010.2  28.7  28.5  25.6 99.0 99.00
2016 06 01 20 50  90 10.2 12.7  1.72  6.25  4.95 103 1010.1  28.6  28.5  25.6 99.0 99.00
2016 06 01 21 50  92  9.3 11.0  1.80  7.14  5.13 101 1010.6  28.5  28.5  25.6 99.0 99.00
2016 06 01 22 50  94  9.1 11.2  1.95  6.67  5.24  93 1011.3  28.6  28.5  25.4 99.0 99.00
2016 06 01 23 50  87  8.7 10.7  1.82  7.69  5.28  99 1011.5  28.5  28.5  25.6 99.0 99.00
2016 06 02 00 50  82  8.8 10.2  1.83  6.25  5.34  89 1012.0  28.5  28.5  25.8 99.0 99.00
2016 06 02 01 50  79  9.0 10.9  1.79  6.25  5.16  99 1012.3  28.5  28.5  25.9 99.0 99.00
2016 06 02 02 50  70  9.5 11.6  1.96  7.69  5.35  97 1013.0  28.6  28.5  25.8 99.0 99.00
2016 06 02 03 50  72 10.5 12.4  1.89  7.69  5.28  91 1013.3  28.6  28.5  25.6 99.0 99.00
2016 06 02 04 50  73  9.5 11.2  1.91  7.69  5.32  95 1013.0  28.5  28.5  25.9 99.0 99.00
2016 06 02 05 50  74  9.0 11.3  1.98  7.14  5.45  90 1012.4  28.5  28.5  26.0 99.0 99.00
2016 06 02 06 50  80 10.4 13.2  1.98  7.14  5.38  85 1011.5  28.5  28.4  25.8 99.0 99.00
2016 06 02 07 50  82  9.9 11.8  1.92  7.14  5.23  99 1011.4  28.5  28.4  26.1 99.0 99.00
2016 06 02 08 50  92 10.5 12.5  1.83  7.14  5.18  89 1011.5  28.5  28.4  25.9 99.0 99.00
2016 06 02 09 50  98 10.0 12.0  1.98  7.69  5.36  97 1011.6  28.5  28.4  25.8 99.0 99.00
2016 06 02 10 50  93 10.4 13.0  1.92  7.69  5.36  99 1012.2  28.5  28.4  25.8 99.0 99.00
2016 06 02 11 50  96  9.6 11.0  2.14  7.69  5.53  96 1012.9  28.5  28.4  25.8 99.0 99.00
2016 06 02 12 50  92  9.2 10.9  1.90  7.14  5.24  91 1013.0  28.5  28.4  26.0 99.0 99.00
2016 06 02 13 50  90 10.1 11.6  1.93  7.69  5.42  93 1012.8  28.5  28.4  25.9 99.0 99.00
2016 06 02 14 50  91 10.9 13.6  2.09  7.14  5.61  93 1013.1  28.6  28.4  25.9 99.0 99.00
2016 06 02 15 50  92 11.2 13.2  2.01  6.25  5.44  92 1013.1  28.7  28.4  25.7 99.0 99.00
2016 06 02 16 50  87 10.0 11.8  2.07  7.14  5.49  91 1012.9  28.7  28.5  25.6 99.0 99.00
2016 06 02 17 50  86 10.6 12.4  2.11  7.69  5.44  91 1011.9  28.7  28.4  25.9 99.0 99.00
2016 06 02 18 50  87 10.9 13.5  2.24  7.14  5.72  96 1011.5  28.7  28.5  25.6 99.0 99.00
2016 06 02 20 50  84 10.4 12.4  2.19  7.14  5.59  94 1010.8  28.6  28.5  25.6 99.0 99.00
2016 06 02 21 50  80  9.7 11.7  2.25  7.69  5.61  83 1011.1  28.5  28.4  25.7 99.0 99.00
2016 06 02 22 50  83 10.0 11.4  2.30  8.33  5.92  93 1011.4  28.5  28.4  25.8 99.0 99.00
2016 06 02 23 50  82 10.3 12.2  2.04  7.14  5.61 100 1011.8  28.5  28.4  25.7 99.0 99.00
2016 06 03 00 50  79 10.8 13.5  2.34  7.69  5.82  97 1012.3  28.5  28.4  25.8 99.0 99.00
2016 06 03 01 50  81 11.3 13.9  2.54  8.33  5.95  93 1012.6  28.5  28.4  25.6 99.0 99.00
2016 06 03 02 50  82 11.4 13.5  2.21  7.69  5.66  77 1012.9  28.5  28.4  25.6 99.0 99.00
2016 06 03 03 50  76 11.0 13.2  2.15  5.56  5.46  89 1013.2  28.5  28.4  25.6 99.0 99.00
2016 06 03 04 50  84 11.2 13.6  2.25  7.69  5.54 102 1012.9  28.5  28.4  25.7 99.0 99.00
2016 06 03 05 50  86 10.8 13.0  2.58  7.69  5.91  98 1012.5  28.5  28.4  25.7 99.0 99.00
2016 06 03 06 50  95 11.4 13.5  2.36  7.69  5.57  96 1012.4  28.5  28.4  25.1 99.0 99.00
2016 06 03 07 50  88 10.8 13.7  2.25  7.69  5.60  85 1011.6  28.3  28.4  25.4 99.0 99.00
2016 06 03 08 50  90  9.5 11.6  2.50  8.33  5.73  99 1011.7  28.3  28.4  25.4 99.0 99.00
2016 06 03 09 50  90 10.2 12.5  2.46  8.33  5.97  83 1011.6  28.3  28.4  25.4 99.0 99.00
2016 06 03 10 50  88 10.4 12.4  2.29  7.69  5.67  90 1011.9  28.3  28.4  25.6 99.0 99.00
2016 06 03 11 50  94 12.0 14.0  2.45  8.33  5.90  88 1012.5  28.5  28.4  25.4 99.0 99.00
2016 06 03 12 50  89 10.8 12.8  2.44  7.69  5.94  93 1012.8  28.6  28.4  25.7 99.0 99.00
2016 06 03 13 50  93 10.8 12.8  2.50  7.69  6.03  97 1013.5  28.6  28.4  25.7 99.0 99.00
2016 06 03 14 50  91 10.6 12.6  2.55  7.69  5.88  97 1013.7  28.6  28.4  25.7 99.0 99.00
2016 06 03 15 50  95 10.9 13.4  2.73  8.33  6.18  96 1013.7  28.7  28.4  25.3 99.0 99.00
2016 06 03 16 50  92 10.9 13.2  2.80  8.33  6.08 103 1013.2  28.7  28.4  25.5 99.0 99.00
2016 06 03 17 50  95 10.3 13.1  2.58  8.33  5.92 100 1013.0  28.7  28.5  25.5 99.0 99.00
2016 06 03 18 50 103 11.3 13.6  2.51  8.33  5.89  98 1011.6  28.7  28.5  25.3 99.0 99.00
2016 06 03 19 50 100  9.9 11.9  2.47  8.33  5.85 102 1011.7  28.7  28.5  25.6 99.0 99.00
2016 06 03 20 50 100 10.8 13.1  2.47  8.33  5.93  99 1011.4  28.7  28.5  25.4 99.0 99.00
2016 06 03 21 50 101  9.2 10.9  2.46  8.33  5.98 101 1011.7  28.7  28.5  25.6 99.0 99.00
2016 06 03 22 50 102  9.0 11.0  2.17  8.33  5.97 106 1012.1  28.6  28.5  25.7 99.0 99.00
2016 06 03 23 50 100  8.3 10.2  2.25  9.09  5.97 112 1012.6  28.5  28.5  25.7 99.0 99.00
2016 06 04 00 50  92  7.8  9.6  2.19  8.33  6.07  97 1013.3  28.5  28.5  25.9 99.0 99.00
2016 06 04 01 50  90  8.4  9.9  2.20  8.33  5.92  99 1013.9  28.5  28.5  25.9 99.0 99.00
2016 06 04 02 50  87  8.9 11.1  2.21  8.33  5.86 103 1014.3  28.5  28.5  25.9 99.0 99.00
2016 06 04 03 50  86  9.7 11.5  2.09  8.33  5.90  98 1014.2  28.4  28.4  25.9 99.0 99.00
2016 06 04 04 50  84  9.9 11.6  2.14  8.33  5.58  99 1013.6  28.3  28.4  25.8 99.0 99.00
2016 06 04 05 50  82 10.9 12.7  2.08  8.33  5.56  97 1012.6  28.3  28.4  25.6 99.0 99.00
2016 06 04 06 50  93 10.6 12.8  2.08  8.33  5.54  91 1011.9  28.3  28.4  25.4 99.0 99.00
2016 06 04 07 50  91 10.5 13.0  2.12  7.69  5.72  92 1011.2  28.2  28.4  25.5 99.0 99.00
2016 06 04 08 50  90  9.9 11.4  2.07  7.69  5.44  86 1011.4  28.2  28.4  25.5 99.0 99.00
2016 06 04 09 50  92 10.4 12.5  2.06  8.33  5.46  88 1011.6  28.2  28.4  25.3 99.0 99.00
2016 06 04 10 50  94 10.3 12.3  2.09  7.69  5.40  82 1011.8  28.2  28.4  25.5 99.0 99.00
2016 06 04 11 50  91 11.1 13.7  2.07  7.69  5.47  93 1012.1  28.3  28.4  25.6 99.0 99.00
2016 06 04 12 50  93 11.4 13.4  2.44  7.69  5.82  96 1012.4  28.4  28.4  25.5 99.0 99.00
2016 06 04 13 50  96 10.7 14.1  2.33  7.69  5.64  93 1013.0  28.5  28.4  25.4 99.0 99.00
2016 06 04 14 50  96 10.8 13.4  2.47  7.69  5.76 100 1013.0  28.6  28.4  25.3 99.0 99.00
2016 06 04 15 50  99 10.3 11.9  2.33  7.69  5.64  99 1013.1  28.5  28.4  25.4 99.0 99.00
2016 06 04 16 50  98  9.8 11.5  2.37  7.69  5.77  98 1012.9  28.6  28.5  25.6 99.0 99.00
2016 06 04 17 50 102  8.9 10.5  2.38  7.69  5.88 105 1012.6  28.6  28.5  25.6 99.0 99.00
2016 06 04 18 50  95 10.7 12.6  2.27  7.69  5.65  94 1011.6  28.6  28.5  25.5 99.0 99.00
2016 06 04 19 50  95  9.6 11.1  2.25  8.33  5.66  96 1011.2  28.6  28.5  25.6 99.0 99.00
2016 06 04 20 50  93  9.4 12.3  2.13  7.69  5.66  89 1010.9  28.5  28.5  25.7 99.0 99.00
2016 06 04 21 50  89 10.0 12.2  2.10  7.69  5.59 101 1010.5  28.5  28.5  25.6 99.0 99.00
2016 06 04 22 50  93 10.7 12.5  2.25  7.69  5.80  98 1010.6  28.4  28.5  25.5 99.0 99.00
2016 06 05 00 50  92 11.5 13.7  2.48  7.69  6.05  97 1011.6  28.4  28.4  25.2 99.0 99.00
2016 06 05 01 50  84 10.7 12.9  2.37  7.69  5.74 105 1012.1  28.4  28.4  25.6 99.0 99.00
2016 06 05 02 50  85 12.2 14.3  2.72  7.69  5.92 102 1012.0  28.4  28.4  25.4 99.0 99.00
2016 06 05 03 50  86 12.3 15.0  2.63  7.69  5.83  99 1011.5  28.3  28.5  25.3 99.0 99.00
2016 06 05 04 50  82 11.8 14.2  2.53  7.69  5.80 103 1010.7  28.2  28.5  25.2 99.0 99.00
2016 06 05 05 50  88 11.3 13.7  2.68  7.69  5.89  99 1010.4  28.1  28.5  25.1 99.0 99.00
2016 06 05 06 50  94 10.8 13.2  2.69  7.69  5.90  91 1009.8  28.1  28.5  25.1 99.0 99.00
2016 06 05 07 50  94  9.8 12.3  2.55  7.69  5.79 103 1009.7  28.1  28.4  25.1 99.0 99.00
2016 06 05 08 50  97 10.1 11.6  2.65  7.69  5.96  99 1009.8  28.1  28.4  25.0 99.0 99.00
2016 06 05 09 50  98 10.8 12.9  2.39  7.14  5.80 100 1009.8  28.1  28.4  25.1 99.0 99.00
2016 06 05 10 50  97  9.4 11.9  2.28  8.33  5.72  95 1010.3  28.2  28.4  25.4 99.0 99.00
2016 06 05 11 50  99 10.5 12.6  2.45  7.69  5.77  98 1010.6  28.4  28.4  25.2 99.0 99.00
2016 06 05 12 50  97 10.7 12.9  2.33  7.69  5.85 103 1011.4  28.6  28.4  25.1 99.0 99.00
2016 06 05 13 50 100 10.5 12.5  2.30  8.33  5.87 102 1011.9  28.6  28.5  24.8 99.0 99.00
2016 06 05 14 50  96  9.5 11.7  2.77  7.69  6.10 107 1012.3  28.5  28.5  25.3 99.0 99.00
2016 06 05 15 50  94  9.4 11.6  2.43  7.69  5.85  96 1012.0  28.5  28.5  25.4 99.0 99.00
2016 06 05 16 50  94  9.6 11.8  2.33  7.69  5.84 101 1011.7  28.5  28.5  25.8 99.0 99.00
2016 06 05 17 50  94 10.7 12.4  2.46  7.69  5.90  96 1011.2  28.5  28.5  25.4 99.0 99.00
2016 06 05 18 50  95 10.7 13.1  2.38  8.33  5.81  94 1010.8  28.6  28.5  25.3 99.0 99.00
2016 06 05 19 50  89  9.5 11.5  2.29  8.33  5.80 102 1010.4  28.6  28.6  25.5 99.0 99.00
2016 06 05 20 50  95 10.0 12.2  2.22  7.69  5.84 103 1010.0  28.6  28.6  25.4 99.0 99.00
2016 06 05 21 50  86  9.3 11.4  2.30  7.14  5.91  97 1010.3  28.6  28.6  25.5 99.0 99.00
2016 06 05 22 50  93  9.9 12.1  2.12  7.69  5.78 104 1010.7  28.5  28.5  25.2 99.0 99.00
2016 06 05 23 50  85 10.0 12.2  2.26  8.33  5.90 102 1011.0  28.4  28.5  25.4 99.0 99.00
2016 06 06 00 50  79  9.3 11.2  2.31  8.33  5.87 101 1011.9  28.4  28.5  25.7 99.0 99.00
2016 06 06 01 50  76 10.2 11.7  2.21  7.69  5.73  96 1012.0  28.3  28.5  25.8 99.0 99.00
2016 06 06 02 50  72  9.9 12.4  2.39  7.69  5.92  96 1012.5  28.3  28.5  25.7 99.0 99.00
2016 06 06 03 50  76 10.4 13.0  2.29  7.69  5.81 100 1012.5  28.2  28.5  25.6 99.0 99.00
2016 06 06 04 50  79  9.0 11.3  2.39  7.69  5.91  88 1012.6  28.2  28.5  26.0 99.0 99.00
2016 06 06 05 50  81 10.9 13.0  2.35  7.69  5.91  95 1011.8  28.2  28.5  25.6 99.0 99.00
2016 06 06 06 50  85 10.2 11.9  2.22  7.69  5.62  99 1011.3  28.2  28.5  25.3 99.0 99.00
2016 06 06 07 50  88 10.4 12.4  2.19  7.69  5.69  94 1011.2  28.1  28.5  25.3 99.0 99.00
2016 06 06 08 50  94  9.3 10.9  2.03  7.14  5.51  91 1011.6  28.2  28.5  25.2 99.0 99.00
2016 06 06 09 50  93  9.9 11.8  2.16  7.69  5.57 103 1012.0  28.2  28.4  25.1 99.0 99.00
2016 06 06 10 50  88  9.1 10.7  2.14  7.14  5.64  92 1012.6  28.2  28.4  25.3 99.0 99.00
2016 06 06 11 50  94  9.3 11.1  1.93  8.33  5.39 107 1013.3  28.5  28.4  25.2 99.0 99.00
2016 06 06 12 50  91  8.0  9.4  1.94  7.69  5.42 100 1013.8  28.4  28.4  25.6 99.0 99.00
2016 06 06 13 50  92  8.4  9.7  1.92  7.69  5.59  99 1014.3  28.6  28.4  25.4 99.0 99.00
2016 06 06 14 50  94  9.6 11.4  1.98  7.14  5.57  92 1014.5  28.6  28.4  25.2 99.0 99.00
2016 06 06 15 50 105  8.5 10.4  2.00  7.69  5.57  92 1014.6  28.6  28.5  24.8 99.0 99.00
2016 06 06 16 50 106  9.4 11.2  2.19  7.69  5.71 104 1013.9  28.6  28.5  24.8 99.0 99.00
2016 06 06 18 50  93  9.3 11.0  2.30  7.69  5.70  97 1012.6  28.5  28.5  25.2 99.0 99.00
2016 06 06 19 50  92  9.7 11.6  2.24  7.69  5.72  93 1012.2  28.5  28.5  25.2 99.0 99.00
2016 06 06 20 50  81 10.0 12.1  2.26  7.69  5.96 101 1011.5  28.5  28.5  25.2 99.0 99.00
2016 06 06 21 50  87 10.0 12.0  2.31  7.69  5.85  92 1011.3  28.5  28.5  25.4 99.0 99.00
2016 06 06 22 50  92  9.4 11.4  2.06  7.69  5.60  89 1011.5  28.5  28.5  25.2 99.0 99.00
2016 06 06 23 50  88 10.0 11.6  2.19  8.33  5.74  89 1011.6  28.4  28.4  25.2 99.0 99.00
2016 06 07 00 50  89  9.8 12.2  2.23  7.69  5.81 101 1011.9  28.4  28.4  25.4 99.0 99.00
2016 06 07 01 50  95  9.4 10.8  2.15  7.14  5.62  92 1012.5  28.4  28.4  25.3 99.0 99.00
2016 06 07 02 50  97  9.2 10.9  2.32  7.69  5.93  85 1013.2  28.4  28.4  25.4 99.0 99.00
2016 06 07 03 50  95  8.2  9.9  2.28  7.69  5.79  89 1013.7  28.4  28.4  25.5 99.0 99.00
2016 06 07 04 50 101  8.1 10.0  2.04  8.33  5.75  93 1013.5  28.3  28.4  25.7 99.0 99.00
2016 06 07 05 50  95  8.4 10.2  2.26  7.69  5.95  90 1013.2  28.3  28.4  25.5 99.0 99.00
2016 06 07 06 50  97  8.5 10.2  2.10  7.69  5.70  98 1012.5  28.2  28.4  25.5 99.0 99.00
2016 06 07 07 50  86  7.8  9.4  2.09  7.69  5.67  91 1012.4  28.1  28.4  25.4 99.0 99.00
2016 06 07 08 50  93  7.9  9.6  2.13  7.69  5.79  88 1012.7  28.2  28.4  25.3 99.0 99.00
2016 06 07 09 50  92  8.0  9.1  2.22  7.69  6.05  92 1012.7  28.2  28.4  25.2 99.0 99.00
2016 06 07 10 50  97  7.6  9.6  1.98  7.69  5.78  96 1013.1  28.2  28.4  25.2 99.0 99.00
2016 06 07 11 50  85  6.1  7.2  1.90  7.69  5.74  89 1013.4  28.4  28.4  25.5 99.0 99.00
2016 06 07 12 50  83  5.9  7.2  1.89  7.69  5.85  93 1013.9  28.4  28.4  25.5 99.0 99.00
2016 06 07 13 50  83  6.2  7.5  1.98  7.14  5.96  94 1014.1  28.4  28.4  25.7 99.0 99.00
2016 06 07 14 50  88  7.0  8.5  1.91  7.14  5.96 102 1014.1  28.3  28.5  25.5 99.0 99.00
2016 06 07 15 50  95  7.5  8.7  1.81  8.33  5.70  88 1014.1  28.3  28.5  25.6 99.0 99.00
2016 06 07 16 50 103  8.5  9.6  2.08  7.69  5.85  90 1014.1  28.5  28.6  25.5 99.0 99.00
2016 06 07 17 50 106  7.5  9.0  2.01  7.69  5.86  86 1013.6  28.4  28.6  25.6 99.0 99.00
2016 06 07 18 50 106  6.0  7.0  1.85  7.69  5.61  97 1013.0  28.5  28.6  25.7 99.0 99.00
2016 06 07 19 50 112  6.1  7.3  1.85  7.14  5.68  94 1012.5  28.6  28.7  25.8 99.0 99.00
2016 06 07 20 50 110  5.5  7.4  1.91  7.69  5.81  79 1012.2  28.0  28.6  25.7 99.0 99.00
2016 06 07 21 50  99  6.8  8.1  1.71  7.69  5.74  92 1011.8  28.6  28.6  25.9 99.0 99.00
2016 06 07 22 50  95  6.5  7.8  1.77  7.69  5.71  96 1012.1  28.5  28.6  25.7 99.0 99.00
2016 06 07 23 50  86  6.3  7.5  1.80  8.33  5.74  78 1012.4  28.4  28.5  25.9 99.0 99.00
2016 06 08 00 50  84  6.9  7.9  1.68  7.69  5.68  86 1013.0  28.3  28.5  25.7 99.0 99.00
2016 06 08 01 50  82  8.5  9.9  1.77  7.14  5.66  93 1013.6  28.4  28.5  25.7 99.0 99.00
2016 06 08 02 50  80  8.8 10.3  1.79  7.69  5.51  89 1014.0  28.4  28.5  25.5 99.0 99.00
2016 06 08 03 50  85  8.7 10.5  1.83  7.69  5.57  86 1014.4  28.4  28.5  25.5 99.0 99.00
2016 06 08 04 50  87  9.2 10.7  1.93  8.33  5.62  90 1014.3  28.4  28.5  25.7 99.0 99.00
2016 06 08 05 50  94  9.5 11.0  2.02  7.69  5.68  80 1013.7  28.4  28.4  25.4 99.0 99.00
2016 06 08 06 50  91  9.2 10.9  1.99  7.69  5.60  81 1013.3  28.4  28.4  25.4 99.0 99.00
2016 06 08 07 50  93  8.8 10.7  2.09  8.33  5.58  78 1013.0  28.3  28.4  25.6 99.0 99.00
2016 06 08 08 50  97  8.9 10.5  2.05  8.33  5.60  78 1013.1  28.3  28.3  25.4 99.0 99.00
2016 06 08 09 50  93  8.8 10.4  1.89  7.14  5.33  84 1013.4  28.3  28.4  25.4 99.0 99.00
2016 06 08 10 50  99  9.3 11.2  1.83  8.33  5.31  82 1013.4  28.4  28.3  25.2 99.0 99.00
2016 06 08 11 50  99  8.3  9.9  1.88  7.69  5.36  91 1014.1  28.6  28.3  25.3 99.0 99.00
2016 06 08 12 50 103  8.0 10.0  1.90  8.33  5.57  80 1014.5  28.6  28.3  25.2 99.0 99.00
2016 06 08 13 50  99  7.9  9.3  1.70  7.69  5.31  85 1014.6  28.5  28.3  25.4 99.0 99.00
2016 06 08 14 50  99  8.5  9.5  2.04  7.69  5.72  82 1014.6  28.5  28.2  25.4 99.0 99.00
2016 06 08 15 50  96  7.4  9.0  1.87  8.33  5.56  91 1014.5  28.5  28.3  25.6 99.0 99.00
2016 06 08 17 50  99  7.6  8.7  1.71  7.14  5.52  86 1013.8  28.6  28.4  25.8 99.0 99.00
2016 06 08 18 50  98  8.0  9.8  1.82  7.69  5.58  89 1013.3  28.6  28.4  25.6 99.0 99.00
2016 06 08 19 50  96  7.2  8.5  1.87  7.69  5.61  88 1012.7  28.6  28.4  25.8 99.0 99.00
2016 06 08 20 50  88  7.9  9.3  1.83  7.14  5.52  90 1012.3  28.6  28.4  25.7 99.0 99.00
2016 06 08 21 50  90  8.4  9.6  1.79  8.33  5.53  89 1012.5  28.6  28.5  25.7 99.0 99.00
2016 06 08 22 50  86  7.8  9.1  1.71  7.69  5.32 102 1012.8  28.5  28.5  25.8 99.0 99.00
2016 06 08 23 50  86  7.9  9.7  1.64  7.14  5.34  99 1013.2  28.5  28.4  26.1 99.0 99.00
2016 06 09 00 50  81  8.0  9.6  1.69  7.69  5.40 103 1013.9  28.5  28.4  26.0 99.0 99.00
2016 06 09 01 50  85  8.1 10.1  1.57  7.14  5.08 102 1014.7  28.5  28.4  26.0 99.0 99.00
2016 06 09 02 50  81  8.8 10.3  1.60  7.14  5.12  94 1015.3  28.5  28.4  26.0 99.0 99.00
2016 06 09 03 50  82  9.6 11.1  1.68  7.69  5.16  96 1014.9  28.5  28.4  26.0 99.0 99.00
2016 06 09 04 50  81  9.2 10.5  1.81  7.69  5.31  88 1014.3  28.4  28.4  26.0 99.0 99.00
2016 06 09 05 50  84  9.1 11.3  1.79  8.33  5.20  88 1013.9  28.4  28.3  26.1 99.0 99.00
2016 06 09 06 50  87  9.6 11.4  1.85  7.69  5.19  97 1013.3  28.4  28.3  25.8 99.0 99.00
2016 06 09 07 50  87  8.6  9.9  1.86  8.33  5.19  98 1013.2  28.4  28.2  25.8 99.0 99.00
2016 06 09 08 50  96  9.4 11.5  1.86  7.69  5.33 104 1012.7  28.4  28.2  25.8 99.0 99.00
2016 06 09 09 50  94  9.2 11.5  1.90  7.69  5.30  94 1013.2  28.4  28.1  25.8 99.0 99.00
2016 06 09 10 50  96 10.1 12.1  1.97  7.14  5.50 105 1013.6  28.5  28.1  25.5 99.0 99.00
2016 06 09 11 50  95  9.3 11.6  2.05  7.14  5.32  97 1014.3  28.6  28.1  25.4 99.0 99.00
2016 06 09 12 50  96 10.8 13.1  2.12  7.69  5.44  97 1014.8  28.7  28.1  25.1 99.0 99.00
2016 06 09 13 50  93  9.8 11.8  1.99  7.69  5.26 102 1015.1  28.7  28.1  25.4 99.0 99.00
2016 06 09 14 50  94  9.7 11.4  2.06  7.69  5.39 104 1015.6  28.8  28.2  25.4 99.0 99.00
2016 06 09 15 50  90  8.4 10.2  1.98  6.25  5.23 101 1015.7  28.7  28.2  25.9 99.0 99.00
2016 06 09 16 50  90  8.3 10.6  2.03  7.14  5.53 103 1015.5  28.7  28.2  25.5 99.0 99.00
2016 06 09 17 50  85  7.7  8.9  2.00  8.33  5.46 103 1014.7  28.7  28.2  25.7 99.0 99.00
2016 06 09 18 50  88  9.3 11.1  2.07  7.69  5.76 102 1013.9  28.7  28.3  25.3 99.0 99.00
2016 06 09 19 50  86  8.8 10.5  2.05  7.69  5.62 103 1013.4  28.7  28.3  25.5 99.0 99.00
2016 06 09 20 50  87  9.0 10.5  1.95  7.69  5.31 113 1012.5  28.6  28.3  25.5 99.0 99.00
2016 06 09 21 50  85  9.1 11.1  2.17  7.69  5.79 104 1012.5  28.6  28.3  25.4 99.0 99.00
2016 06 09 22 50  78  8.8 11.4  2.14  7.69  5.68 107 1012.8  28.6  28.3  25.6 99.0 99.00
2016 06 09 23 50  77  9.0 11.3  2.24  7.69  5.72 108 1012.7  28.5  28.3  25.6 99.0 99.00
2016 06 10 00 50  80 10.0 11.9  2.10  7.69  5.33 104 1013.4  28.6  28.3  25.5 99.0 99.00
2016 06 10 01 50  76 10.5 12.6  2.21  7.69  5.58 101 1013.9  28.6  28.3  25.6 99.0 99.00
2016 06 10 02 50  84  9.4 11.4  2.13  7.69  5.51  97 1014.6  28.6  28.3  25.7 99.0 99.00
2016 06 10 03 50  86 10.5 12.7  2.19  6.25  5.45  96 1014.7  28.6  28.3  25.5 99.0 99.00
2016 06 10 04 50  84 10.8 12.8  2.23  8.33  5.63 107 1014.4  28.6  28.3  25.5 99.0 99.00
2016 06 10 05 50  83 10.5 12.2  2.42  8.33  5.81  99 1014.1  28.5  28.3  25.3 99.0 99.00
2016 06 10 06 50  89 10.3 11.9  2.34  7.14  5.64  92 1013.8  28.5  28.3  25.0 99.0 99.00
2016 06 10 07 50  90  9.8 12.4  2.30  7.69  5.91 101 1013.6  28.5  28.3  25.1 99.0 99.00
2016 06 10 08 50  91 10.9 12.9  2.31  7.69  5.76 101 1013.6  28.6  28.3  25.0 99.0 99.00
2016 06 10 09 50  90  9.3 11.4  2.37  8.33  5.95 103 1014.0  28.5  28.3  25.2 99.0 99.00
2016 06 10 10 50  89 10.1 12.1  2.47  8.33  5.97  97 1014.0  27.8  28.3  25.1 99.0 99.00
2016 06 10 11 50  87 10.4 12.5  2.41  7.69  5.65  95 1014.6  28.7  28.3  24.9 99.0 99.00
2016 06 10 12 50  89 11.4 13.7  2.38  8.33  5.52  99 1015.2  28.7  28.3  24.9 99.0 99.00
2016 06 10 13 50  91 10.6 14.4  2.56  7.69  5.78  98 1015.7  28.7  28.3  25.1 99.0 99.00
2016 06 10 14 50  90 10.5 12.7  2.64  9.09  5.86 102 1015.7  28.7  28.4  25.0 99.0 99.00
2016 06 10 15 50  90 10.7 12.7  2.69  8.33  5.86 104 1016.1  28.8  28.4  24.9 99.0 99.00
2016 06 10 16 50  89 11.0 12.9  2.72  9.09  6.00 105 1015.5  28.8  28.4  25.0 99.0 99.00
2016 06 10 17 50  88 10.6 12.8  2.67  9.09  6.18  99 1015.0  28.8  28.5  25.0 99.0 99.00
2016 06 10 18 50  88 10.4 12.0  2.69  9.09  6.21 102 1014.3  28.7  28.5  25.0 99.0 99.00
2016 06 10 19 50  87 10.8 13.0  2.76  8.33  6.21 108 1013.9  28.8  28.5  25.0 99.0 99.00
2016 06 10 20 50  87 10.4 12.3  2.57  8.33  6.00 102 1013.8  28.8  28.5  25.0 99.0 99.00
2016 06 10 21 50  83 10.1 12.8  2.51  9.09  6.18 102 1013.9  28.7  28.5  25.2 99.0 99.00
2016 06 10 22 50  85 10.4 12.5  2.60  8.33  6.09 100 1014.1  28.7  28.5  24.8 99.0 99.00
2016 06 10 23 50  86 10.9 12.5  2.41  9.09  5.82 110 1014.4  28.7  28.5  24.9 99.0 99.00
2016 06 11 00 50  83 10.6 13.1  2.66  8.33  6.11 104 1014.7  28.6  28.4  24.9 99.0 99.00
2016 06 11 01 50  76 10.6 13.2  2.28  8.33  5.73  98 1015.0  28.6  28.4  25.2 99.0 99.00
2016 06 11 02 50  81 11.2 14.4  2.62  8.33  5.86  97 1015.1  28.6  28.4  24.8 99.0 99.00
2016 06 11 03 50  78 10.8 12.9  2.47  8.33  5.73 107 1015.5  28.5  28.4  24.9 99.0 99.00
2016 06 11 04 50  80 10.9 13.0  2.39  8.33  5.77 115 1015.5  28.5  28.4  24.9 99.0 99.00
2016 06 11 05 50  82 10.8 12.3  2.57  8.33  6.02 107 1015.5  28.3  28.4  24.9 99.0 99.00
2016 06 11 06 50  83 10.9 13.0  2.50  8.33  5.87 104 1015.0  28.3  28.4  24.9 99.0 99.00
2016 06 11 07 50  85 11.4 13.1  2.62  8.33  6.12 108 1014.7  28.3  28.4  24.7 99.0 99.00
2016 06 11 08 50  87 11.1 13.0  2.48  8.33  5.78 112 1015.1  28.4  28.4  24.5 99.0 99.00
2016 06 11 09 50  84 10.9 13.4  2.74  8.33  6.06 106 1015.3  28.3  28.4  24.5 99.0 99.00
2016 06 11 10 50  87 10.2 13.1  2.67  9.09  6.07 116 1015.8  28.3  28.4  24.6 99.0 99.00
2016 06 11 11 50  84 11.2 13.2  2.39  8.33  5.89 110 1016.1  28.5  28.4  24.7 99.0 99.00
2016 06 11 12 50  84 10.9 12.9  2.54  8.33  5.94 106 1016.8  28.5  28.4  24.9 99.0 99.00
2016 06 11 13 50  85 10.3 12.2  2.78  8.33  6.03 110 1016.9  28.6  28.4  24.8 99.0 99.00
2016 06 11 14 50  89 10.9 12.7  2.75  8.33  5.94 106 1017.0  28.6  28.4  24.5 99.0 99.00
2016 06 11 15 50  95 10.7 12.7  2.80  8.33  6.10 104 1017.0  28.6  28.4  24.4 99.0 99.00
2016 06 11 17 50  89  9.2 11.1  2.39  7.69  5.89 103 1016.3  28.5  28.5  24.6 99.0 99.00
2016 06 11 18 50  91  9.2 11.0  2.24  8.33  5.71 111 1016.1  28.6  28.5  24.5 99.0 99.00
2016 06 11 19 50  90  9.0 10.4  2.32  7.69  5.97 106 1015.6  28.7  28.6  24.5 99.0 99.00
2016 06 11 20 50  88  8.9 10.4  2.19  8.33  5.80  96 1015.4  28.7  28.6  24.3 99.0 99.00
2016 06 11 21 50  71  8.9 10.3  2.00  8.33  5.49 101 1015.1  28.6  28.6  24.6 99.0 99.00
2016 06 11 22 50  65  9.5 10.9  2.08  7.69  5.70 106 1014.9  28.5  28.6  24.5 99.0 99.00
2016 06 11 23 50  76  9.9 11.5  1.92  7.69  5.44 103 1015.6  28.5  28.6  24.4 99.0 99.00
2016 06 12 00 50  77  8.9 11.0  2.13  7.69  5.63 101 1016.4  28.4  28.5  24.7 99.0 99.00
2016 06 12 01 50  76  9.9 11.8  2.04  8.33  5.57 103 1016.8  28.5  28.5  24.4 99.0 99.00
2016 06 12 02 50  80  9.6 10.9  2.08  7.69  5.45 105 1017.3  28.5  28.5  24.6 99.0 99.00
2016 06 12 03 50  82  9.8 11.4  1.92  7.69  5.31 106 1017.3  28.4  28.5  24.4 99.0 99.00
2016 06 12 04 50  77  9.5 11.0  1.83  7.69  5.24 102 1017.1  28.3  28.5  24.4 99.0 99.00
2016 06 12 05 50  78 10.0 11.4  1.89  7.69  5.24  99 1016.7  28.2  28.5  24.4 99.0 99.00
2016 06 12 06 50  82  8.9 10.5  1.92  7.69  5.32 101 1016.3  28.2  28.5  24.5 99.0 99.00
2016 06 12 07 50  77  9.5 10.9  2.19  7.69  5.72  97 1015.8  28.2  28.5  24.0 99.0 99.00
2016 06 12 08 50  75 10.0 11.6  1.90  6.67  5.38 111 1015.7  28.1  28.5  23.8 99.0 99.00
2016 06 12 09 50  79  9.4 10.7  1.94  7.69  5.28 100 1016.4  28.1  28.5  24.3 99.0 99.00
2016 06 12 10 50  87 10.1 12.1  1.82  7.69  5.19  90 1016.4  28.1  28.5  24.1 99.0 99.00
2016 06 12 11 50  89 10.2 12.0  2.11  7.69  5.51 104 1016.5  28.4  28.5  23.7 99.0 99.00
2016 06 12 12 50  88 10.0 11.8  2.01  7.69  5.30 106 1016.4  28.4  28.5  24.0 99.0 99.00
2016 06 12 13 50  95 10.0 12.2  1.87  6.67  5.15 101 1016.1  28.4  28.5  24.2 99.0 99.00
2016 06 12 14 50  88  9.6 11.4  2.10  7.69  5.37 106 1016.1  28.5  28.5  24.4 99.0 99.00
2016 06 12 15 50  94  9.0 10.8  2.04  7.69  5.39  99 1016.0  28.5  28.5  24.3 99.0 99.00
2016 06 12 16 50  86  8.5 10.0  1.97  7.14  5.27 101 1015.8  28.5  28.5  24.4 99.0 99.00
2016 06 12 17 50  88  8.0  9.6  1.99  7.69  5.42 108 1015.3  28.5  28.6  24.6 99.0 99.00
2016 06 12 18 50  81  8.4 10.0  1.89  7.14  5.28  99 1014.8  28.6  28.6  24.6 99.0 99.00
2016 06 12 19 50  87  8.2  9.5  1.99  6.67  5.45 103 1014.3  28.6  28.6  24.5 99.0 99.00
2016 06 12 20 50  76  8.4 10.1  2.03  7.69  5.47 110 1014.3  28.7  28.6  24.8 99.0 99.00
2016 06 12 21 50  72  9.1 10.1  1.91  6.67  5.27 103 1014.5  28.7  28.6  24.7 99.0 99.00
2016 06 12 22 50  67  8.3  9.9  1.85  7.69  5.37 106 1014.8  28.7  28.6  24.9 99.0 99.00
2016 06 12 23 50  71  8.4  9.8  1.82  7.69  5.52 122 1015.3  28.6  28.6  25.1 99.0 99.00
2016 06 13 00 50  67  8.9 10.2  1.96  7.14  5.22 110 1015.7  28.6  28.5  25.1 99.0 99.00
2016 06 13 01 50  65  9.4 10.8  1.85  7.69  5.35 116 1015.9  28.5  28.5  25.1 99.0 99.00
2016 06 13 02 50  76  8.8 11.3  1.89  7.69  5.31 115 1016.1  28.5  28.5  24.9 99.0 99.00
2016 06 13 03 50  76  9.7 11.3  1.92  7.69  5.19 114 1015.7  28.5  28.5  24.8 99.0 99.00
2016 06 13 04 50  74  9.7 11.8  2.07  7.69  5.45 110 1015.1  28.4  28.5  24.9 99.0 99.00
2016 06 13 05 50  76  9.7 11.7  1.78  7.69  5.15 111 1014.4  28.4  28.5  24.6 99.0 99.00
2016 06 13 06 50  81  9.6 11.1  1.86  7.14  5.13 116 1014.0  28.3  28.5  24.1 99.0 99.00
2016 06 13 07 50  85 10.1 11.9  1.98  7.69  5.53 113 1013.8  28.2  28.5  24.2 99.0 99.00
2016 06 13 08 50  83  9.0 10.6  1.96  7.14  5.26 112 1013.4  28.2  28.5  24.3 99.0 99.00
2016 06 13 09 50  83  8.4  9.7  1.97  6.67  5.31 110 1013.4  28.2  28.5  24.7 99.0 99.00
2016 06 13 10 50  84  9.4 10.9  1.99  7.69  5.41 115 1013.6  28.3  28.5  24.9 99.0 99.00
2016 06 13 11 50  83  9.5 10.8  1.99  7.69  5.57 108 1013.9  28.5  28.5  24.9 99.0 99.00
2016 06 13 12 50  81  9.2 11.3  2.06  7.69  5.49 115 1014.2  28.6  28.5  25.2 99.0 99.00
2016 06 13 13 50  80  9.1 10.5  1.97  7.69  5.35 114 1014.5  28.6  28.5  25.2 99.0 99.00
2016 06 13 14 50  75  8.6 10.3  2.00  7.69  5.40 109 1014.6  28.6  28.5  25.3 99.0 99.00
2016 06 13 15 50  80  8.2  9.2  1.98  7.14  5.41 112 1014.8  28.6  28.6  25.4 99.0 99.00
2016 06 13 16 50  85  8.5 10.2  1.86  7.69  5.39 110 1014.6  28.6  28.6  25.5 99.0 99.00
2016 06 13 17 50  88  8.0  9.7  1.93  7.69  5.38 113 1014.0  28.8  28.7  25.4 99.0 99.00
2016 06 13 18 50  83  8.6  9.8  1.94  7.14  5.41 111 1013.1  28.8  28.7  25.3 99.0 99.00
2016 06 13 19 50  83  8.4 10.2  1.95  7.14  5.44 107 1012.4  28.7  28.7  25.3 99.0 99.00
2016 06 13 20 50  79  8.0  9.4  1.77  7.69  5.22 105 1012.1  28.7  28.7  25.5 99.0 99.00
2016 06 13 21 50  82  8.8 10.0  1.91  7.69  5.50 103 1011.8  28.8  28.7  25.3 99.0 99.00
2016 06 13 22 50  74  8.6 10.0  1.94  7.69  5.41 111 1012.3  28.7  28.7  25.6 99.0 99.00
2016 06 13 23 50  71  8.7 10.3  1.83  7.14  5.34 102 1013.0  28.6  28.7  25.5 99.0 99.00
2016 06 14 00 50  79  8.8 10.4  1.86  7.69  5.49  99 1013.8  28.7  28.6  25.5 99.0 99.00
2016 06 14 01 50  78  8.6 10.0  1.97  7.14  5.41 108 1014.5  28.7  28.6  25.5 99.0 99.00
2016 06 14 02 50  77  8.7  9.9  1.84  7.69  5.36 104 1014.6  28.7  28.6  25.8 99.0 99.00
2016 06 14 03 50  80  8.6 10.4  1.99  7.69  5.59 112 1013.9  28.6  28.6  25.6 99.0 99.00
2016 06 14 04 50  77  8.5 10.4  1.91  7.69  5.36 107 1013.8  28.6  28.6  25.7 99.0 99.00
2016 06 14 05 50  74  8.8 10.5  2.11  7.69  5.69 113 1013.0  28.5  28.6  25.7 99.0 99.00
2016 06 14 06 50  79 10.1 11.8  2.06  7.69  5.48 107 1012.7  28.5  28.6  25.2 99.0 99.00
2016 06 14 07 50  88 10.9 12.7  1.97  7.14  5.43 116 1012.4  28.5  28.6  25.1 99.0 99.00
2016 06 14 08 50  86 10.9 13.3  2.15  7.69  5.52 107 1012.0  28.5  28.6  25.2 99.0 99.00
2016 06 14 09 50  96 10.0 12.0  2.11  7.69  5.44 108 1012.6  28.5  28.5  25.2 99.0 99.00
2016 06 14 10 50  97 10.8 13.1  2.17  7.69  5.51 105 1013.0  28.5  28.5  25.1 99.0 99.00
2016 06 14 12 50  92  9.3 11.1  2.40  8.33  5.69  97 1013.8  28.8  28.5  25.3 99.0 99.00
2016 06 14 13 50  92  9.9 11.5  2.35  7.69  5.68 103 1014.0  28.8  28.6  25.1 99.0 99.00
2016 06 14 14 50  93  9.9 11.7  2.32  8.33  5.90 102 1014.6  28.9  28.6  25.4 99.0 99.00
2016 06 14 15 50  94 10.4 12.5  2.51  7.69  6.09 105 1014.8  28.8  28.6  25.5 99.0 99.00
2016 06 14 16 50  96 10.1 12.3  2.39  7.69  5.90  99 1014.7  28.8  28.6  25.4 99.0 99.00
2016 06 14 17 50  98  9.8 11.8  2.27  8.33  5.79  99 1014.4  28.9  28.7  25.6 99.0 99.00
2016 06 14 18 50  95 10.1 11.8  2.79  8.33  6.25 100 1013.8  28.9  28.7  25.6 99.0 99.00
2016 06 14 19 50  91 10.5 13.1  2.49  7.69  5.97 111 1012.7  28.8  28.7  25.6 99.0 99.00
2016 06 14 20 50  92 10.3 12.5  2.36  8.33  5.96 104 1012.6  28.8  28.7  25.6 99.0 99.00
2016 06 14 21 50  93  9.3 11.1  2.74  9.09  6.33 109 1013.1  28.9  28.7  25.7 99.0 99.00
2016 06 14 22 50  89  9.8 12.2  2.69  9.09  6.25 108 1013.2  28.8  28.7  25.8 99.0 99.00
2016 06 14 23 50  89 10.9 13.1  2.51  8.33  5.95 109 1014.0  28.8  28.7  25.6 99.0 99.00
2016 06 15 00 50  86 10.8 13.5  2.57  8.33  6.03  96 1014.7  28.8  28.7  25.7 99.0 99.00
2016 06 15 01 50  86  9.7 11.7  2.34  8.33  5.74 100 1015.7  28.8  28.7  25.6 99.0 99.00
2016 06 15 02 50  88  9.9 11.7  2.47  8.33  5.98  98 1016.4  28.8  28.6  25.5 99.0 99.00
2016 06 15 03 50  90 10.4 12.5  2.38  9.09  5.94 107 1016.4  28.7  28.6  25.7 99.0 99.00
2016 06 15 04 50  93 10.4 12.6  2.47  8.33  5.87 112 1016.0  28.6  28.6  25.5 99.0 99.00
2016 06 15 05 50  90 10.4 12.4  2.43  8.33  5.96 104 1015.0  28.6  28.6  25.6 99.0 99.00
2016 06 15 06 50  95 11.1 13.7  2.65  8.33  6.21 107 1014.1  28.6  28.6  25.4 99.0 99.00
2016 06 15 07 50  94 11.0 13.5  2.46  8.33  5.76 113 1014.0  28.6  28.6  25.5 99.0 99.00
2016 06 15 08 50  98 10.5 13.5  2.60  8.33  6.05 102 1014.1  28.6  28.6  25.4 99.0 99.00
2016 06 15 09 50  98 11.3 13.4  2.82  8.33  6.13 104 1014.3  28.6  28.6  25.2 99.0 99.00
2016 06 15 10 50  98 11.1 13.5  2.93  8.33  6.29 104 1015.0  28.6  28.6  25.1 99.0 99.00
2016 06 15 11 50  95 10.6 12.3  2.90  8.33  6.19  96 1015.9  28.6  28.6  25.2 99.0 99.00
2016 06 15 12 50  94  9.8 11.6  2.72  9.09  6.11  97 1016.5  28.7  28.6  25.4 99.0 99.00
2016 06 15 13 50 100  9.4 11.5  2.96  8.33  6.29 103 1017.4  28.8  28.6  25.2 99.0 99.00
2016 06 15 14 50  98 10.3 12.2  2.80  9.09  6.43  99 1017.6  28.8  28.6  25.4 99.0 99.00
2016 06 15 15 50  97  9.8 12.2  2.84  9.09  6.38 105 1017.5  28.8  28.6  25.4 99.0 99.00
2016 06 15 16 50  92 10.1 12.1  2.86  9.09  6.42 101 1017.1  28.8  28.6  25.4 99.0 99.00
2016 06 15 17 50  90 10.6 13.2  2.94  9.09  6.48  99 1016.2  28.7  28.6  25.5 99.0 99.00
2016 06 15 18 50  88 11.0 13.9  2.83  9.09  6.35 103 1015.4  28.7  28.6  25.5 99.0 99.00
2016 06 15 19 50  85 11.1 13.0  2.70  9.09  6.35 100 1014.6  28.7  28.6  25.6 99.0 99.00
2016 06 15 20 50  86 11.9 14.6  2.80  9.09  6.06 109 1014.3  28.8  28.6  25.5 99.0 99.00
2016 06 15 21 50  80 12.1 14.1  3.08  9.09  6.41 108 1014.2  28.7  28.6  25.5 99.0 99.00
2016 06 15 22 50  81 13.1 15.6  2.87  9.09  6.12 101 1014.1  28.7  28.6  25.3 99.0 99.00
2016 06 15 23 50  79 12.7 14.5  2.98  9.09  6.31 105 1014.4  28.6  28.6  25.5 99.0 99.00
2016 06 16 00 50  76 12.7 15.5  3.06  9.09  6.30  91 1015.1  28.6  28.6  25.4 99.0 99.00
2016 06 16 01 50  74 12.9 15.1  3.17  9.09  6.31  95 1015.6  28.6  28.6  25.3 99.0 99.00
2016 06 16 02 50  77 13.5 16.0  3.00  8.33  6.06  92 1016.0  28.6  28.6  25.0 99.0 99.00
2016 06 16 03 50  79 13.0 15.6  3.19  8.33  6.21 100 1016.2  28.6  28.6  25.0 99.0 99.00
2016 06 16 04 50  80 12.9 15.3  3.09  7.69  6.23  89 1015.9  28.5  28.6  24.8 99.0 99.00
2016 06 16 05 50  81 12.9 15.3  2.86  9.09  6.05 103 1015.3  28.5  28.6  24.8 99.0 99.00
2016 06 16 06 50  79 12.2 14.7  3.29  9.09  6.37  96 1014.7  28.3  28.5  24.8 99.0 99.00
2016 06 16 08 50  92 12.2 14.9  3.00  9.09  6.19 106 1014.7  28.3  28.6  24.9 99.0 99.00
2016 06 16 09 50  91 11.6 14.1  2.98  9.09  6.29  99 1014.8  28.4  28.6  24.9 99.0 99.00
2016 06 16 10 50  91 12.2 14.7  2.94  8.33  6.13  94 1014.8  28.4  28.6  24.7 99.0 99.00
2016 06 16 11 50  90 12.3 15.2  2.83  8.33  6.04 104 1015.5  28.5  28.6  24.7 99.0 99.00
2016 06 16 12 50  93 12.6 15.3  3.07  8.33  6.09  94 1016.0  28.6  28.6  24.6 99.0 99.00
2016 06 16 13 50  95 12.0 14.5  3.05  8.33  6.07 100 1016.7  28.7  28.6  24.7 99.0 99.00
2016 06 16 14 50  95 11.9 13.6  3.06  9.09  6.15  99 1017.2  28.7  28.6  24.6 99.0 99.00
2016 06 16 15 50  94 10.3 12.4  2.87  8.33  6.16 109 1016.9  28.7  28.6  25.0 99.0 99.00
2016 06 16 16 50  91 10.5 12.6  2.89  7.14  6.08  99 1016.3  28.7  28.6  25.2 99.0 99.00
2016 06 16 18 50  89 10.7 13.2  2.65  8.33  6.12 103 1014.5  28.6  28.7  24.5 99.0 99.00
2016 06 16 19 50  85 10.9 12.5  2.73  8.33  6.14 100 1013.8  28.5  28.7  24.2 99.0 99.00
2016 06 16 20 50  84 10.6 13.4  2.51  8.33  6.00 113 1013.4  28.6  28.7  24.4 99.0 99.00
2016 06 16 21 50  80 11.1 12.9  2.59  8.33  5.99 102 1013.3  28.7  28.7  24.2 99.0 99.00
2016 06 16 22 50  80 11.4 13.7  2.56  7.69  5.97 107 1013.5  28.5  28.6  24.7 99.0 99.00
2016 06 16 23 50  82 10.8 13.1  2.69  8.33  6.13 108 1013.8  28.4  28.7  24.6 99.0 99.00
2016 06 17 00 50  79 11.2 13.4  2.61  8.33  5.96 102 1014.4  28.5  28.6  24.7 99.0 99.00
2016 06 17 01 50  75 10.4 12.7  2.60  7.69  5.94 110 1015.2  28.5  28.6  24.8 99.0 99.00
2016 06 17 02 50  73 11.3 13.4  2.59  7.69  5.91 110 1015.4  28.4  28.6  24.8 99.0 99.00
2016 06 17 03 50  79 10.7 12.8  2.60  8.33  5.98 102 1015.7  28.4  28.6  25.0 99.0 99.00
2016 06 17 04 50  78 10.8 12.5  2.49  7.69  5.91 105 1015.2  28.4  28.6  24.7 99.0 99.00
2016 06 17 05 50  76 10.5 12.5  2.33  8.33  5.80 101 1014.2  28.3  28.6  25.0 99.0 99.00
2016 06 17 06 50  78 10.1 12.3  2.26  7.69  5.48 108 1013.6  28.2  28.6  25.3 99.0 99.00
2016 06 17 07 50  80 10.4 12.8  2.38  7.69  5.68  99 1013.2  28.2  28.6  25.0 99.0 99.00
2016 06 17 08 50  79 10.6 12.4  2.21  7.69  5.54  99 1013.2  28.4  28.5  24.8 99.0 99.00
2016 06 17 09 50  84  9.9 11.4  2.56  7.69  5.91 100 1013.6  28.4  28.5  24.8 99.0 99.00
2016 06 17 10 50  83  9.9 11.9  2.36  7.69  5.75 109 1013.9  28.4  28.5  24.7 99.0 99.00
2016 06 17 11 50  82 10.0 12.4  2.33  7.69  5.71  98 1014.1  28.4  28.5  24.6 99.0 99.00
2016 06 17 12 50  83 10.0 12.3  2.40  7.69  5.72 103 1014.5  28.6  28.6  24.5 99.0 99.00
2016 06 17 13 50  88 10.3 12.5  2.43  7.69  5.87 107 1014.3  28.4  28.6  24.9 99.0 99.00
2016 06 17 14 50  86 10.6 12.8  2.28  7.14  5.53  95 1014.4  28.6  28.6  24.3 99.0 99.00
2016 06 17 15 50  81 10.5 13.0  2.34  7.14  5.69  94 1014.4  28.5  28.6  24.6 99.0 99.00
2016 06 17 16 50  85  9.4 10.8  2.27  7.69  5.66 107 1014.3  28.5  28.7  24.8 99.0 99.00
2016 06 17 17 50  84  9.9 12.2  2.53  7.69  5.72  96 1013.8  28.6  28.6  24.8 99.0 99.00
2016 06 17 18 50  81  9.6 11.6  2.17  7.69  5.58 106 1013.3  28.6  28.6  25.0 99.0 99.00
2016 06 17 19 50  76  9.4 11.1  2.24  7.69  5.72 100 1012.6  28.6  28.6  24.8 99.0 99.00
2016 06 17 20 50  80 10.5 12.2  1.98  7.69  5.29 107 1012.2  28.7  28.7  24.1 99.0 99.00
2016 06 17 21 50  75 10.4 12.5  2.46  7.69  5.93  96 1012.1  28.6  28.6  24.1 99.0 99.00
2016 06 17 22 50  84  9.8 11.4  2.37  7.69  5.88  95 1012.3  28.7  28.6  23.7 99.0 99.00
2016 06 17 23 50  80  9.1 10.8  2.49  7.69  5.82 103 1013.1  28.5  28.6  24.4 99.0 99.00
2016 06 18 00 50  89 10.6 12.6  2.45  7.69  5.90 103 1013.3  28.5  28.6  23.8 99.0 99.00
2016 06 18 01 50  80  9.7 12.1  2.31  7.69  5.59 102 1013.6  28.4  28.6  24.2 99.0 99.00
2016 06 18 02 50  83 10.3 12.9  2.37  7.69  5.78 105 1014.0  28.4  28.6  24.3 99.0 99.00
2016 06 18 03 50  87 10.4 12.6  2.28  8.33  5.65 110 1013.9  28.4  28.5  23.9 99.0 99.00
2016 06 18 04 50  81 10.4 12.4  2.30  7.69  5.55 100 1013.3  28.3  28.5  23.9 99.0 99.00
2016 06 18 05 50  83 10.3 12.2  2.54  7.69  5.97  94 1013.0  28.2  28.5  24.2 99.0 99.00
2016 06 18 06 50  84 11.7 13.2  2.33  7.69  5.69 105 1011.9  28.2  28.5  23.7 99.0 99.00
2016 06 18 07 50  86 11.1 13.3  2.39  7.14  5.66  98 1012.1  28.1  28.5  24.3 99.0 99.00
2016 06 18 08 50  94 11.4 13.2  2.44  8.33  5.72  96 1011.9  28.2  28.5  23.9 99.0 99.00
2016 06 18 09 50  92 10.9 13.4  2.40  7.69  5.72 103 1012.1  28.2  28.5  23.9 99.0 99.00
2016 06 18 10 50  90  9.7 11.8  2.37  8.33  5.62  98 1012.8  28.3  28.5  24.0 99.0 99.00
2016 06 18 11 50  87 10.5 12.8  2.50  7.69  5.89 101 1012.9  28.4  28.4  24.2 99.0 99.00
2016 06 18 12 50  88 10.0 11.9  2.50  7.14  5.81 108 1013.6  28.5  28.4  24.6 99.0 99.00
2016 06 18 13 50  92 10.8 12.8  2.48  7.69  5.91  93 1013.7  28.6  28.5  24.2 99.0 99.00
2016 06 18 14 50  92  9.5 11.7  2.31  7.14  5.69 102 1014.1  28.6  28.5  24.7 99.0 99.00
2016 06 18 15 50  95  9.3 10.6  2.56  8.33  6.00 104 1013.9  28.6  28.5  24.9 99.0 99.00
2016 06 18 16 50  87 10.0 11.6  2.45  7.14  5.91 104 1013.5  28.6  28.5  24.8 99.0 99.00
2016 06 18 17 50  88  8.7 10.8  2.55  7.69  5.95 109 1013.4  28.6  28.6  25.3 99.0 99.00
2016 06 18 18 50  83  9.4 10.8  2.39  7.69  5.92  99 1013.1  28.7  28.6  25.1 99.0 99.00
2016 06 18 19 50  82  8.2  9.8  2.31  7.69  5.66 100 1012.8  28.7  28.6  25.3 99.0 99.00
2016 06 18 20 50  78  8.6 10.0  2.34  7.69  5.97 104 1012.5  28.7  28.6  25.3 99.0 99.00
2016 06 18 21 50  78  8.5 10.2  2.27  8.33  5.89 106 1012.2  28.7  28.6  25.4 99.0 99.00
2016 06 18 22 50  82  9.2 10.6  2.28  7.69  5.91 107 1012.1  28.6  28.6  25.3 99.0 99.00
2016 06 18 23 50  75 10.2 12.0  2.63  7.69  6.20 104 1012.7  28.5  28.6  25.4 99.0 99.00
2016 06 19 00 50  79  9.6 12.4  2.47  8.33  5.96 107 1013.5  28.6  28.6  25.3 99.0 99.00
2016 06 19 01 50  79  9.7 11.9  2.60  8.33  6.07 111 1014.1  28.5  28.6  25.4 99.0 99.00
2016 06 19 02 50  78  9.9 12.2  2.40  7.69  5.96 108 1014.5  28.5  28.5  25.2 99.0 99.00
2016 06 19 03 50  78 10.5 12.5  2.26  7.69  5.69 112 1014.2  28.5  28.5  25.0 99.0 99.00
2016 06 19 04 50  79  9.4 12.1  2.52  7.69  6.08  98 1014.3  28.3  28.5  25.2 99.0 99.00
2016 06 19 05 50  86 10.7 13.0  2.74  8.33  6.18 106 1013.4  28.4  28.5  24.7 99.0 99.00
2016 06 19 06 50  81  9.3 11.4  2.37  7.69  5.82 106 1013.1  28.3  28.5  25.1 99.0 99.00
2016 06 19 07 50  83 10.3 11.7  2.39  8.33  5.79 113 1012.6  28.3  28.5  24.7 99.0 99.00
2016 06 19 08 50  82 10.3 11.9  2.45  8.33  5.87 112 1012.5  28.2  28.5  24.8 99.0 99.00
2016 06 19 09 50  86 11.3 13.0  2.44  7.69  5.89 112 1012.9  28.4  28.5  23.9 99.0 99.00
2016 06 19 10 50  81 10.7 13.0  2.39  7.14  5.74 106 1012.8  28.3  28.5  24.3 99.0 99.00
2016 06 19 11 50  84 11.3 14.6  2.70  7.69  6.04 106 1013.4  28.5  28.5  23.9 99.0 99.00
2016 06 19 12 50  84 11.0 13.4  2.54  7.69  5.86 105 1013.6  28.5  28.5  24.1 99.0 99.00
2016 06 19 13 50  82 11.3 12.7  2.53  8.33  5.75 113 1013.8  28.6  28.5  24.0 99.0 99.00
2016 06 19 14 50  84 10.6 13.1  2.86  7.69  6.06 107 1014.0  28.5  28.5  24.2 99.0 99.00
2016 06 19 15 50  85 10.1 12.4  2.84  8.33  6.17 111 1013.9  28.5  28.5  24.3 99.0 99.00
2016 06 19 16 50  85 10.1 13.0  2.64  7.69  6.02 113 1013.7  28.5  28.5  24.5 99.0 99.00
2016 06 19 17 50  83  9.7 11.4  2.82  8.33  6.21 111 1013.2  28.5  28.5  24.7 99.0 99.00
2016 06 19 18 50  83  9.7 11.7  2.67  7.69  6.16 110 1012.7  28.6  28.5  24.6 99.0 99.00
2016 06 19 19 50  77  8.1 10.1  2.20  7.69  5.71 109 1012.6  28.6  28.5  24.9 99.0 99.00
2016 06 19 20 50  71  8.9 10.6  2.45  7.69  6.06 106 1012.0  28.6  28.5  25.3 99.0 99.00
2016 06 19 21 50  70  8.8 11.1  2.52  7.69  6.18 102 1011.8  28.7  28.6  25.5 99.0 99.00
2016 06 19 22 50  71  9.5 11.0  2.22  8.33  5.90 107 1012.0  28.6  28.6  25.1 99.0 99.00
2016 06 19 23 50  73  8.8 10.5  2.46  8.33  6.08 113 1012.5  28.5  28.6  25.5 99.0 99.00
2016 06 20 00 50  69  8.7 10.9  2.29  7.69  5.77 112 1013.4  28.5  28.5  25.4 99.0 99.00
2016 06 20 01 50  67  8.6  9.9  2.31  7.69  6.03 105 1013.8  28.5  28.5  25.5 99.0 99.00
2016 06 20 02 50  62  8.9 10.5  2.24  7.69  5.89 105 1014.6  28.5  28.5  25.5 99.0 99.00
2016 06 20 04 50  66  9.0 11.6  2.01  7.69  5.58 106 1014.4  28.4  28.4  25.7 99.0 99.00
2016 06 20 05 50  66  8.8 10.4  2.23  7.69  5.77 109 1014.0  28.3  28.4  25.6 99.0 99.00
2016 06 20 06 50  69  9.6 11.5  2.32  7.69  5.76 102 1013.4  28.3  28.4  25.5 99.0 99.00
2016 06 20 07 50  70  9.1 11.0  2.31  7.69  5.86  98 1012.8  28.3  28.4  25.6 99.0 99.00
2016 06 20 08 50  66  8.1 10.4  2.14  7.14  5.60 100 1012.5  28.1  28.3  25.6 99.0 99.00
2016 06 20 09 50  74  9.0 10.8  1.97  7.69  5.58 116 1012.5  28.3  28.3  25.5 99.0 99.00
2016 06 20 10 50  75  8.9 10.7  2.21  7.69  5.80 105 1013.2  28.3  28.2  25.2 99.0 99.00
2016 06 20 11 50  73  8.6 10.2  2.16  7.69  5.71 104 1013.6  28.5  28.2  25.3 99.0 99.00
2016 06 20 12 50  79  6.9  8.5  2.01  7.69  5.62 112 1014.1  28.2  28.3  25.4 99.0 99.00
2016 06 20 13 50  70 11.1 13.7  2.35  7.69  5.90 101 1014.0  26.9  28.3  23.6 99.0 99.00
2016 06 20 14 50  82  7.9  9.6  2.20  7.69  5.92 107 1014.1  28.3  28.3  24.9 99.0 99.00
2016 06 20 15 50  84  7.4  9.0  2.13  7.69  5.78  98 1014.0  28.5  28.3  25.4 99.0 99.00
2016 06 20 16 50  84  7.6  9.0  2.28  7.69  6.02  97 1013.5  28.4  28.4  25.2 99.0 99.00
2016 06 20 17 50  81  7.0  8.5  2.16  7.69  5.81  95 1013.1  28.4  28.4  25.5 99.0 99.00
2016 06 20 18 50  64  7.4  9.7  2.21  7.69  6.00  97 1012.5  28.2  28.4  25.3 99.0 99.00
2016 06 20 19 50  81  8.0  9.3  2.09  7.69  5.72  99 1011.8  28.2  28.4  25.2 99.0 99.00
2016 06 20 20 50  64  8.7 10.1  1.88  7.69  5.62  90 1011.4  27.4  28.4  25.2 99.0 99.00
2016 06 20 21 50  73  7.9  9.7  1.98  7.69  5.73  99 1010.9  27.9  28.3  25.3 99.0 99.00
2016 06 20 22 50  68  7.9  9.1  1.95  7.69  5.80 101 1011.2  27.9  28.3  25.6 99.0 99.00
2016 06 20 23 50  63  8.6 10.2  1.85  7.14  5.57  92 1011.9  28.1  28.3  25.7 99.0 99.00
2016 06 21 00 50  70  7.6  9.0  1.80  7.69  5.57  90 1012.4  28.0  28.3  25.6 99.0 99.00
2016 06 21 01 50  80  8.5 10.0  1.86  7.14  5.41  96 1013.0  28.1  28.2  25.3 99.0 99.00
2016 06 21 02 50  75  9.0 10.4  1.75  7.69  5.43  87 1013.4  28.2  28.2  25.6 99.0 99.00
2016 06 21 03 50  75  8.6 10.3  1.90  7.14  5.71  86 1013.4  28.2  28.2  25.6 99.0 99.00
2016 06 21 04 50  82  9.0 10.9  1.91  7.14  5.48 102 1013.0  28.2  28.2  25.4 99.0 99.00
2016 06 21 05 50  89  8.5 10.4  1.80  6.67  5.41  91 1012.9  28.3  28.2  25.8 99.0 99.00
2016 06 21 06 50  91 10.1 11.9  2.15  7.69  5.62  68 1012.4  28.3  28.1  25.8 99.0 99.00
2016 06 21 07 50  92 10.2 12.3  1.92  7.14  5.40  86 1011.7  28.3  28.1  25.8 99.0 99.00
2016 06 21 08 50  89 10.1 12.8  2.19  7.69  5.60  94 1011.8  28.4  28.1  25.8 99.0 99.00
2016 06 21 09 50  95 11.6 13.9  2.15  6.25  5.56  85 1011.6  28.5  28.1  25.4 99.0 99.00
2016 06 21 10 50  74 11.9 14.6  2.33  8.33  5.77  71 1011.9  27.5  28.0  25.2 99.0 99.00
2016 06 21 11 50  91 11.9 14.7  2.57  7.69  5.95  90 1012.3  28.0  28.0  24.9 99.0 99.00
2016 06 21 12 50  94 10.5 12.4  2.62  8.33  6.25  75 1013.0  28.3  28.0  25.6 99.0 99.00
2016 06 21 13 50 101 12.1 15.0  3.10  8.33  6.66  74 1013.4  28.6  28.0  25.3 99.0 99.00
2016 06 21 14 50 105  9.7 11.9  3.45  8.33  6.86  80 1014.0  28.6  27.9  25.5 99.0 99.00
2016 06 21 15 50  99  9.6 11.9  3.27  9.09  6.84  78 1014.0  28.8  28.0  25.3 99.0 99.00
2016 06 21 16 50  95  9.3 11.4  3.28  9.09  6.93  87 1013.9  28.7  28.2  25.7 99.0 99.00
2016 06 21 17 50  89  8.9 11.1  2.80  9.09  6.38  95 1013.4  28.7  28.2  25.9 99.0 99.00
2016 06 21 18 50  85  9.0 11.0  2.82  9.09  6.56  90 1013.1  28.7  28.3  25.8 99.0 99.00
2016 06 21 20 50  86  9.7 12.2  2.62  8.33  6.46  95 1012.0  28.6  28.3  25.8 99.0 99.00
2016 06 21 21 50  84  9.1 11.1  3.05  8.33  6.77  93 1012.2  28.6  28.3  25.8 99.0 99.00
2016 06 21 22 50  81  8.8 10.3  2.55  9.09  6.49  86 1012.4  28.6  28.3  25.9 99.0 99.00
2016 06 21 23 50  84  9.7 12.3  2.94  8.33  6.71  90 1012.9  28.6  28.3  25.6 99.0 99.00
2016 06 22 00 50  82  9.7 11.9  2.64  9.09  6.45 104 1013.4  28.6  28.3  25.6 99.0 99.00
2016 06 22 01 50  84 10.2 12.5  2.56  9.09  6.40  97 1013.4  28.6  28.3  25.7 99.0 99.00
2016 06 22 02 50  83 10.8 13.4  2.82  8.33  6.40 102 1013.8  28.6  28.3  25.4 99.0 99.00
2016 06 22 03 50  83 11.1 13.5  2.72  8.33  6.32  92 1014.0  28.6  28.3  25.3 99.0 99.00
2016 06 22 04 50  89 11.0 14.0  2.92  8.33  6.46  94 1013.6  28.5  28.3  25.1 99.0 99.00
2016 06 22 05 50  86 10.6 12.9  2.55  7.14  6.05  91 1013.3  28.4  28.3  25.0 99.0 99.00
2016 06 22 06 50  85 10.1 13.1  2.83  8.33  6.26 101 1013.2  28.4  28.3  24.7 99.0 99.00
2016 06 22 07 50  91 11.1 13.8  2.62  8.33  6.16  92 1012.5  28.3  28.3  24.3 99.0 99.00
2016 06 22 08 50  91 10.9 13.2  2.64  9.09  6.18  92 1012.4  28.3  28.3  24.7 99.0 99.00
2016 06 22 09 50  89 11.2 13.8  2.68  7.69  6.14  95 1012.8  28.4  28.3  24.6 99.0 99.00
2016 06 22 10 50  89 11.2 13.5  2.80  7.69  6.42 103 1013.3  28.5  28.3  24.3 99.0 99.00
2016 06 22 11 50  88 11.5 14.0  2.79  8.33  6.34  89 1013.7  28.6  28.3  24.2 99.0 99.00
2016 06 22 12 50  90 11.8 14.3  2.83  7.69  6.29 105 1014.0  28.7  28.3  24.1 99.0 99.00
2016 06 22 13 50  87 10.9 14.2  2.85  8.33  6.43  94 1014.2  28.6  28.3  24.5 99.0 99.00
2016 06 22 14 50  90  9.8 12.2  2.68  7.69  6.18 100 1014.6  28.6  28.3  25.0 99.0 99.00
2016 06 22 15 50  93 10.3 12.2  2.74  7.69  6.24  98 1014.7  28.7  28.4  24.4 99.0 99.00
2016 06 22 16 50  95  9.9 11.7  2.70  8.33  6.31 108 1014.4  28.6  28.4  24.3 99.0 99.00
2016 06 22 17 50  89  9.0 10.6  2.64  9.09  6.12 109 1014.4  28.7  28.4  24.5 99.0 99.00
2016 06 22 18 50  92  9.6 11.0  2.79  8.33  6.40 109 1013.9  28.7  28.4  24.4 99.0 99.00
2016 06 22 19 50  90  8.7 10.4  2.54  8.33  6.11 103 1013.7  28.7  28.5  24.5 99.0 99.00
2016 06 22 20 50  89  8.0  9.6  2.52  8.33  6.10 108 1013.7  28.8  28.5  24.3 99.0 99.00
2016 06 22 21 50  88  8.3 10.3  2.46  7.69  6.08 101 1013.5  28.8  28.5  24.5 99.0 99.00
2016 06 22 22 50  76  8.8 10.8  2.42  8.33  6.09  97 1013.6  28.6  28.5  24.8 99.0 99.00
2016 06 22 23 50  77  8.0  9.9  2.31  8.33  6.03 102 1014.4  28.5  28.5  25.0 99.0 99.00
2016 06 23 00 50  77  9.1 10.9  2.31  8.33  6.04  96 1014.8  28.5  28.4  24.5 99.0 99.00
2016 06 23 01 50  75  9.5 11.9  2.43  8.33  6.32 102 1015.0  28.5  28.4  24.9 99.0 99.00
2016 06 23 02 50  85 10.0 11.9  2.47  7.69  6.12 108 1015.4  28.5  28.4  24.4 99.0 99.00
2016 06 23 04 50  85 10.4 13.1  2.28  8.33  5.97  96 1015.2  28.5  28.3  24.5 99.0 99.00
2016 06 23 05 50  80  9.9 11.7  2.38  7.69  5.93 101 1014.6  28.3  28.3  24.7 99.0 99.00
2016 06 23 06 50  79 11.2 13.0  2.17  8.33  5.66  96 1014.1  28.3  28.3  24.2 99.0 99.00
2016 06 23 07 50  81 11.2 13.2  2.29  8.33  5.97  91 1013.7  28.2  28.3  24.1 99.0 99.00
2016 06 23 09 50  84 10.9 13.3  2.48  7.69  5.96 110 1014.0  28.3  28.3  23.3 99.0 99.00
2016 06 23 10 50  87 10.6 12.5  2.55  8.33  6.00 105 1014.3  28.3  28.3  23.1 99.0 99.00
2016 06 23 11 50  85 10.4 12.3  2.58  6.67  6.01  86 1014.7  28.5  28.3  23.7 99.0 99.00
2016 06 23 12 50  89 10.7 13.2  2.73  8.33  6.13 104 1015.2  28.7  28.3  23.5 99.0 99.00
2016 06 23 13 50  90 10.2 12.0  2.92  8.33  6.17 101 1015.6  28.7  28.3  23.9 99.0 99.00
2016 06 23 14 50  88 10.5 12.9  2.68  8.33  6.06 104 1015.8  28.7  28.3  23.7 99.0 99.00
2016 06 23 15 50  92  9.8 11.9  2.86  8.33  6.30 105 1015.7  28.7  28.3  24.0 99.0 99.00
2016 06 23 16 50  97 10.8 12.7  2.88  8.33  6.34 104 1014.8  28.7  28.4  24.1 99.0 99.00
2016 06 23 17 50  92 10.7 12.5  2.56  8.33  6.09 103 1014.2  28.7  28.4  24.1 99.0 99.00
2016 06 23 18 50  93  9.5 11.4  2.89  8.33  6.38 107 1013.5  28.6  28.4  24.3 99.0 99.00
2016 06 23 19 50  95  9.4 11.6  2.55  7.69  6.04  95 1013.0  28.7  28.4  24.2 99.0 99.00
2016 06 23 20 50  91 10.3 12.2  2.90  8.33  6.41  99 1012.4  28.7  28.4  24.3 99.0 99.00
2016 06 23 21 50  88  9.8 11.6  2.51  8.33  6.15 103 1012.5  28.7  28.4  24.5 99.0 99.00
2016 06 23 22 50  80  9.7 11.7  2.70  8.33  6.36 105 1013.2  28.7  28.4  24.3 99.0 99.00
2016 06 23 23 50  73  9.4 11.8  2.63  8.33  6.09 105 1013.8  28.6  28.4  24.7 99.0 99.00
2016 06 24 00 50  67 10.3 12.2  2.52  8.33  6.13 108 1014.3  28.7  28.4  24.7 99.0 99.00
2016 06 24 01 50  78 10.2 12.2  2.62  8.33  6.09 102 1014.5  28.7  28.4  24.7 99.0 99.00
2016 06 24 02 50  77  9.7 11.4  2.68  7.69  6.03 105 1014.9  28.6  28.4  24.8 99.0 99.00
2016 06 24 03 50  74 10.0 11.9  2.49  9.09  6.05 106 1014.6  28.4  28.4  25.0 99.0 99.00
2016 06 24 04 50  77 11.6 14.0  2.75  8.33  6.10 111 1013.9  28.4  28.4  24.9 99.0 99.00
2016 06 24 05 50  80 11.7 13.8  2.63  7.69  6.06 105 1013.5  28.4  28.4  24.6 99.0 99.00
2016 06 24 06 50  87 11.8 14.1  2.67  8.33  6.02 116 1013.0  28.5  28.4  24.6 99.0 99.00
2016 06 24 07 50  86 11.7 13.9  2.87  8.33  6.21  98 1012.6  28.5  28.4  24.7 99.0 99.00
2016 06 24 08 50  88 11.4 13.1  2.78  8.33  6.16 100 1012.7  28.4  28.4  24.6 99.0 99.00
2016 06 24 09 50  87 10.7 12.9  2.72  8.33  6.13 118 1012.9  28.5  28.4  24.5 99.0 99.00
2016 06 24 10 50  89 11.4 13.8  2.81  8.33  6.12  97 1013.1  28.5  28.4  24.3 99.0 99.00
2016 06 24 11 50  90 11.4 13.6  2.87  8.33  6.36 110 1013.4  28.6  28.4  24.4 99.0 99.00
2016 06 24 12 50  91 11.8 14.2  2.82  8.33  6.20 112 1013.7  28.7  28.3  24.4 99.0 99.00
2016 06 24 13 50  91 10.0 12.2  2.62  9.09  6.27 110 1014.6  28.7  28.4  24.6 99.0 99.00
2016 06 24 14 50  89  9.8 11.7  2.67  8.33  6.29 117 1014.2  28.6  28.4  24.8 99.0 99.00
2016 06 24 15 50  87  9.6 11.3  2.52  8.33  6.24 112 1014.3  28.7  28.4  24.8 99.0 99.00
2016 06 24 16 50  85  9.6 11.2  2.87  8.33  6.26 108 1013.9  28.6  28.4  25.0 99.0 99.00
2016 06 24 17 50  79  9.8 11.7  2.58  8.33  6.21 103 1013.6  28.7  28.5  25.1 99.0 99.00
2016 06 24 18 50  78 10.0 11.4  2.57  8.33  6.04 109 1013.2  28.7  28.5  25.3 99.0 99.00
2016 06 24 19 50  79 10.3 13.1  2.56  8.33  6.21 115 1012.7  28.8  28.5  25.2 99.0 99.00
2016 06 24 20 50  79 11.0 13.0  2.47  8.33  6.02 105 1012.4  28.8  28.5  25.0 99.0 99.00
2016 06 24 21 50  77 10.5 12.5  2.53  8.33  5.95 108 1012.3  28.8  28.5  25.0 99.0 99.00
2016 06 24 22 50  70 10.3 12.7  2.77  8.33  6.07 111 1012.6  28.7  28.5  24.9 99.0 99.00
2016 06 24 23 50  75 10.3 12.9  2.72  8.33  6.12 110 1012.8  28.6  28.5  25.0 99.0 99.00
2016 06 25 00 50  74 10.6 13.0  2.47  8.33  6.00 104 1013.6  28.6  28.5  25.0 99.0 99.00
2016 06 25 01 50  79 11.1 13.2  2.86  8.33  6.20 109 1014.2  28.6  28.5  25.1 99.0 99.00
2016 06 25 02 50  75 10.3 13.2  2.85  8.33  6.43 107 1014.6  28.6  28.4  25.1 99.0 99.00
2016 06 25 03 50  75 10.8 13.2  2.83  8.33  6.39 114 1014.5  28.6  28.4  25.1 99.0 99.00
2016 06 25 04 50  78 11.2 13.4  2.82  8.33  6.27 103 1013.7  28.5  28.4  24.8 99.0 99.00
2016 06 25 05 50  78 11.0 14.1  2.63  7.14  5.96  91 1013.1  28.5  28.4  25.0 99.0 99.00
2016 06 25 06 50  79 11.8 14.0  3.05  8.33  6.48 105 1012.8  28.5  28.4  24.6 99.0 99.00
2016 06 25 07 50  75 10.8 13.7  2.77  8.33  6.14 108 1012.5  28.5  28.4  25.0 99.0 99.00
2016 06 25 08 50  80 11.3 13.4  2.81  7.69  6.14  94 1012.1  28.5  28.4  24.9 99.0 99.00
2016 06 25 09 50  84 10.3 12.9  2.79  8.33  6.25 102 1012.0  28.5  28.4  25.2 99.0 99.00
2016 06 25 10 50  88 11.1 12.9  2.76  8.33  6.35 112 1012.3  28.6  28.4  24.8 99.0 99.00
2016 06 25 11 50  88 11.1 13.8  2.80  8.33  6.39  93 1013.3  28.7  28.4  24.7 99.0 99.00
2016 06 25 12 50  93 10.6 12.9  2.81  9.09  6.29  94 1013.7  28.7  28.4  25.0 99.0 99.00
2016 06 25 13 50  95 11.5 13.9  3.07  8.33  6.47 103 1013.8  28.9  28.4  24.6 99.0 99.00
2016 06 25 14 50  93  9.3 11.8  2.89  8.33  6.49  96 1013.8  28.8  28.4  25.2 99.0 99.00
2016 06 25 15 50  89 10.8 13.1  2.95  8.33  6.48 112 1013.7  28.8  28.5  25.1 99.0 99.00
2016 06 25 16 50  84  9.6 11.4  2.83  9.09  6.34 110 1013.5  28.8  28.5  25.4 99.0 99.00
2016 06 25 17 50  91 10.2 12.6  2.94  9.09  6.46  98 1013.3  28.9  28.5  25.3 99.0 99.00
2016 06 25 18 50  85  9.5 11.6  2.73  7.69  6.21 107 1013.1  28.7  28.5  25.6 99.0 99.00
2016 06 25 19 50  83  9.2 10.8  2.89  8.33  6.37 104 1012.6  28.8  28.5  25.5 99.0 99.00
2016 06 25 20 50  78  9.0 10.8  2.64  8.33  6.28 105 1012.3  28.8  28.5  25.6 99.0 99.00
2016 06 25 21 50  75  9.2 10.9  2.78  8.33  6.31  96 1011.9  28.8  28.5  25.8 99.0 99.00
2016 06 25 22 50  78  9.2 12.2  2.71  8.33  6.49 103 1012.3  28.7  28.5  25.8 99.0 99.00
2016 06 25 23 50  78  9.5 12.5  2.55  8.33  6.25 101 1012.8  28.7  28.5  25.5 99.0 99.00
2016 06 26 00 50  79  9.6 11.5  2.52  8.33  6.23 101 1013.6  28.7  28.5  25.5 99.0 99.00
2016 06 26 01 50  72  9.5 12.1  2.65  8.33  6.24 106 1014.3  28.6  28.5  25.7 99.0 99.00
2016 06 26 02 50  79 11.0 13.4  2.63  9.09  6.21 103 1014.8  28.5  28.5  25.4 99.0 99.00
2016 06 26 03 50  74  9.7 11.8  2.63  8.33  6.20 100 1014.6  28.5  28.5  25.7 99.0 99.00
2016 06 26 04 50  74 10.5 12.1  2.84  8.33  6.34 106 1014.1  28.5  28.5  25.6 99.0 99.00
2016 06 26 05 50  75 10.0 12.6  2.61  8.33  6.25 101 1013.4  28.5  28.5  25.7 99.0 99.00
2016 06 26 06 50  72 11.2 12.9  2.40  8.33  6.04  93 1012.8  28.4  28.5  25.5 99.0 99.00
2016 06 26 07 50  85 10.6 12.5  2.57  8.33  6.10 102 1012.6  28.1  28.4  25.0 99.0 99.00
2016 06 26 09 50  89  9.4 11.5  2.50  8.33  5.97  89 1013.0  28.4  28.4  25.1 99.0 99.00
2016 06 26 10 50  86  9.1 10.9  2.77  8.33  6.26  97 1013.0  28.3  28.4  25.3 99.0 99.00
2016 06 26 11 50  91 10.9 13.3  2.41  8.33  5.88  95 1013.3  28.5  28.4  25.0 99.0 99.00
2016 06 26 12 50  88  9.9 11.9  2.47  8.33  5.90  92 1013.5  28.7  28.4  25.1 99.0 99.00
2016 06 26 13 50  90 11.0 13.2  2.46  8.33  6.10 103 1013.7  28.8  28.4  25.1 99.0 99.00
2016 06 26 14 50  90 11.5 13.9  2.70  8.33  6.02 110 1013.6  28.8  28.4  24.8 99.0 99.00
2016 06 26 15 50  86 11.5 14.1  2.78  8.33  6.13 101 1013.7  28.8  28.5  25.0 99.0 99.00
2016 06 26 16 50  90 10.7 13.6  2.71  8.33  6.14 100 1013.5  28.8  28.5  25.1 99.0 99.00
2016 06 26 17 50  88 11.5 13.9  2.74  8.33  6.22 100 1012.8  28.8  28.5  25.0 99.0 99.00
2016 06 26 18 50  87 10.3 12.5  2.76  8.33  6.20 108 1012.8  28.8  28.5  25.2 99.0 99.00
2016 06 26 19 50  84  9.9 12.2  2.72  8.33  6.39 100 1012.6  28.9  28.5  25.1 99.0 99.00
2016 06 26 20 50  85  9.3 11.1  2.67  7.69  6.19 108 1012.3  28.8  28.5  25.4 99.0 99.00
2016 06 26 21 50  86 10.0 12.3  2.45  7.69  5.93 105 1011.9  28.8  28.5  25.0 99.0 99.00
2016 06 26 22 50  84 10.5 12.9  2.32  8.33  5.83 102 1012.1  28.8  28.5  24.9 99.0 99.00
2016 06 26 23 50  76 10.7 12.6  2.33  8.33  5.98 109 1012.7  28.7  28.5  24.8 99.0 99.00
2016 06 27 00 50  75  9.6 12.2  2.38  8.33  5.93 106 1013.3  28.6  28.5  24.8 99.0 99.00
2016 06 27 01 50  81 10.2 13.0  2.34  8.33  5.89  96 1013.5  28.6  28.5  25.1 99.0 99.00
2016 06 27 02 50  78 10.3 12.7  2.23  8.33  5.73 100 1013.9  28.6  28.5  25.1 99.0 99.00
2016 06 27 03 50  72 10.8 13.1  2.25  8.33  5.67  94 1013.9  28.5  28.5  25.2 99.0 99.00
2016 06 27 04 50  74 11.2 13.4  2.51  8.33  6.10 109 1013.0  28.4  28.4  24.7 99.0 99.00
2016 06 27 05 50  70 11.1 13.5  2.28  7.69  5.74 103 1012.1  28.3  28.4  25.1 99.0 99.00
2016 06 27 06 50  81 11.1 13.9  2.25  8.33  5.75 102 1011.7  28.4  28.4  24.6 99.0 99.00
2016 06 27 07 50  86 11.5 13.3  2.33  8.33  5.76 103 1011.3  28.4  28.4  24.6 99.0 99.00
2016 06 27 08 50  85 10.8 13.0  2.48  6.67  5.73  85 1011.5  28.4  28.4  24.8 99.0 99.00
2016 06 27 09 50  84 10.9 13.6  2.44  6.67  5.75  98 1011.6  28.4  28.5  24.7 99.0 99.00
2016 06 27 10 50  89 11.5 14.0  2.53  8.33  5.91 101 1012.0  28.4  28.4  24.4 99.0 99.00
2016 06 27 11 50  91 11.1 13.7  2.49  7.14  5.78 107 1012.7  28.6  28.4  24.2 99.0 99.00
2016 06 27 12 50  90 11.0 13.3  2.45  7.69  5.81 111 1012.6  28.6  28.4  24.6 99.0 99.00
2016 06 27 13 50  87 12.2 14.6  2.44  7.69  5.76  99 1012.8  28.8  28.5  24.2 99.0 99.00
2016 06 27 14 50  84 11.3 14.2  2.65  7.69  6.06 100 1013.0  28.7  28.5  24.4 99.0 99.00
2016 06 27 15 50  86 11.2 13.2  2.61  8.33  6.01 109 1013.0  28.8  28.5  24.4 99.0 99.00
2016 06 27 16 50  84 11.5 14.0  2.58  8.33  5.96 113 1012.6  28.8  28.5  24.3 99.0 99.00
2016 06 27 17 50  78 10.1 11.6  2.52  7.69  5.85 111 1012.5  28.7  28.5  25.1 99.0 99.00
2016 06 27 18 50  79 10.2 12.5  2.63  8.33  6.02 115 1012.1  28.7  28.5  25.3 99.0 99.00
2016 06 27 19 50  80 11.1 13.2  2.56  8.33  6.01 116 1011.4  28.7  28.5  24.9 99.0 99.00
2016 06 27 20 50  83 11.0 13.7  2.54  8.33  5.88 114 1011.0  28.8  28.5  24.4 99.0 99.00
2016 06 27 21 50  85 11.3 12.9  2.47  6.67  5.75  98 1011.2  28.8  28.5  24.2 99.0 99.00
2016 06 27 22 50  87 10.2 12.5  2.65  7.69  5.97 108 1011.7  28.7  28.5  24.5 99.0 99.00
2016 06 27 23 50  81 10.2 12.2  2.46  7.69  5.71 115 1012.0  28.7  28.5  24.1 99.0 99.00
2016 06 28 00 50  83 10.3 12.8  2.32  7.69  5.80 107 1012.5  28.5  28.5  25.1 99.0 99.00
2016 06 28 01 50  80 10.8 13.0  2.60  7.69  6.01 120 1012.8  28.4  28.5  24.1 99.0 99.00
2016 06 28 02 50  78 11.0 13.7  2.43  8.33  5.83 112 1013.3  28.4  28.5  24.4 99.0 99.00
2016 06 28 03 50  79 10.9 13.3  2.41  8.33  5.81 109 1013.5  28.3  28.5  24.5 99.0 99.00
2016 06 28 04 50  78 11.8 14.3  2.53  7.69  5.94 118 1012.8  28.3  28.4  24.3 99.0 99.00
2016 06 28 05 50  74 11.7 13.9  2.61  8.33  5.97 121 1011.9  28.3  28.4  24.2 99.0 99.00
2016 06 28 06 50  80 11.9 14.1  2.54  7.69  5.99 111 1011.2  28.2  28.4  24.0 99.0 99.00
2016 06 28 07 50  86 11.1 13.8  2.91  7.69  6.25 108 1011.0  28.2  28.4  24.3 99.0 99.00
2016 06 28 08 50  84 11.0 13.5  2.63  7.69  5.92 110 1011.0  28.3  28.4  24.7 99.0 99.00
2016 06 28 09 50  84 11.4 13.4  2.58  8.33  5.85 119 1010.8  28.3  28.4  24.6 99.0 99.00
2016 06 28 10 50  91 11.4 14.0  2.38  8.33  5.71 113 1011.3  28.4  28.4  24.5 99.0 99.00
2016 06 28 11 50  86 11.3 12.9  2.48  8.33  5.83 107 1011.8  28.5  28.4  24.6 99.0 99.00
2016 06 28 12 50  90 11.4 13.3  2.65  8.33  5.97 117 1012.0  28.6  28.4  24.6 99.0 99.00
2016 06 28 13 50  89 11.0 13.1  2.58  8.33  5.99 116 1012.7  28.7  28.4  24.9 99.0 99.00
2016 06 28 14 50  83 10.4 12.8  2.68  8.33  6.01 121 1013.0  28.7  28.4  24.9 99.0 99.00
2016 06 28 15 50  88 10.3 12.2  2.62  8.33  5.97 111 1013.0  28.7  28.4  24.9 99.0 99.00
2016 06 28 16 50  87 11.0 12.8  2.56  7.14  6.10 105 1013.0  28.8  28.5  24.6 99.0 99.00
2016 06 28 17 50  84  9.2 11.1  2.79  8.33  6.21 118 1012.7  28.8  28.5  25.0 99.0 99.00
2016 06 28 18 50  79  9.3 11.1  2.57  8.33  5.85 108 1012.1  28.7  28.5  24.9 99.0 99.00
2016 06 28 19 50  76  9.2 11.9  2.38  8.33  5.90 123 1011.6  28.7  28.5  25.3 99.0 99.00
2016 06 28 20 50  79  9.2 11.7  2.36  8.33  5.91 116 1011.6  28.8  28.5  25.2 99.0 99.00
2016 06 28 21 50  77  9.8 12.0  2.46  8.33  5.98 123 1011.2  28.7  28.5  25.3 99.0 99.00
2016 06 28 22 50  77 10.0 12.3  2.41  8.33  5.83 121 1011.2  28.6  28.5  25.1 99.0 99.00
2016 06 28 23 50  75 11.7 14.7  2.29  7.69  5.59 112 1011.6  28.7  28.5  24.7 99.0 99.00
2016 06 29 00 50  76 10.1 12.7  2.44  8.33  5.85 117 1012.0  28.6  28.4  25.0 99.0 99.00
2016 06 29 01 50  77 10.6 13.0  2.28  7.69  5.95 116 1012.6  28.6  28.4  25.1 99.0 99.00
2016 06 29 02 50  79 10.7 12.1  2.40  8.33  5.93 116 1013.0  28.6  28.4  24.7 99.0 99.00
2016 06 29 03 50  82 10.4 12.1  2.22  7.14  5.72 117 1013.2  28.6  28.4  24.8 99.0 99.00
2016 06 29 04 50  80 10.9 12.8  2.28  8.33  5.77 106 1012.9  28.5  28.4  25.0 99.0 99.00
2016 06 29 05 50  85 11.1 13.4  2.43  7.69  5.94 107 1012.3  28.5  28.4  24.7 99.0 99.00
2016 06 29 06 50  92 11.5 13.9  2.55  7.69  5.85 118 1011.8  28.6  28.4  24.4 99.0 99.00
2016 06 29 07 50  85 11.9 14.4  2.54  8.33  5.85 115 1011.2  28.4  28.4  24.5 99.0 99.00
2016 06 29 09 50  85 10.7 14.0  2.74  8.33  6.15 121 1011.1  28.4  28.4  24.8 99.0 99.00
2016 06 29 10 50  87 10.9 12.8  2.44  7.69  5.78 116 1011.6  28.5  28.4  24.5 99.0 99.00
2016 06 29 11 50  89 10.7 13.0  2.79  7.69  6.01 118 1012.0  28.6  28.4  24.6 99.0 99.00
2016 06 29 12 50  88 10.3 12.3  2.63  8.33  5.95 111 1012.5  28.7  28.4  24.8 99.0 99.00
2016 06 29 13 50  89 11.1 13.2  2.67  8.33  6.07 110 1012.9  28.8  28.4  24.4 99.0 99.00
2016 06 29 14 50  91 11.2 13.6  2.76  8.33  6.15 119 1013.3  28.8  28.4  24.3 99.0 99.00
2016 06 29 15 50  89 11.5 14.0  2.66  8.33  6.21 120 1013.2  28.8  28.4  24.4 99.0 99.00
2016 06 29 16 50  89 11.8 14.4  2.56  8.33  5.84 119 1012.9  28.8  28.4  24.4 99.0 99.00
2016 06 29 17 50  86 10.2 12.0  2.63  8.33  6.01 117 1012.7  28.7  28.5  24.8 99.0 99.00
2016 06 29 18 50  85  9.7 12.2  2.78  8.33  6.17 117 1012.4  28.8  28.5  25.1 99.0 99.00
2016 06 29 19 50  78 10.8 13.0  2.66  8.33  6.17 115 1011.5  28.8  28.5  25.1 99.0 99.00
2016 06 29 20 50  78 10.7 12.3  2.42  7.69  5.76 120 1011.0  28.7  28.5  25.3 99.0 99.00
2016 06 29 21 50  72  9.7 11.3  2.50  7.69  5.88 118 1011.1  28.8  28.5  25.6 99.0 99.00
2016 06 29 22 50  74 10.3 12.4  2.51  8.33  5.94 109 1011.1  28.7  28.5  25.6 99.0 99.00
2016 06 29 23 50  75 10.4 12.3  2.33  8.33  5.80 112 1011.3  28.7  28.5  25.6 99.0 99.00
2016 06 30 00 50  76 10.7 13.2  2.32  8.33  5.76 118 1012.2  28.6  28.5  25.4 99.0 99.00
2016 06 30 01 50  75 10.8 14.0  2.44  8.33  5.81 121 1013.2  28.7  28.5  25.5 99.0 99.00
2016 06 30 02 50  80 11.6 13.5  2.53  8.33  5.90 113 1013.0  28.7  28.4  25.4 99.0 99.00
2016 06 30 03 50  76 11.6 15.2  2.68  8.33  6.02 113 1013.2  28.6  28.4  25.5 99.0 99.00
2016 06 30 04 50  88 12.4 14.9  2.76  8.33  6.01 118 1012.1  28.6  28.4  25.1 99.0 99.00
2016 06 30 05 50  83 12.6 15.7  2.70  8.33  6.01 110 1011.7  28.6  28.4  25.2 99.0 99.00
2016 06 30 06 50  87 13.0 15.7  2.92  8.33  6.19 112 1011.4  28.6  28.4  24.7 99.0 99.00
2016 06 30 07 50  86 11.5 13.9  2.88  7.69  6.10 109 1011.2  28.5  28.4  25.1 99.0 99.00
2016 06 30 08 50  85 11.9 14.0  2.63  8.33  5.93 110 1011.2  28.5  28.4  25.1 99.0 99.00
2016 06 30 09 50  83 11.2 13.3  2.62  8.33  6.05 111 1011.5  28.5  28.4  25.0 99.0 99.00
2016 06 30 10 50  81 11.6 13.7  2.57  7.69  5.84 117 1011.7  28.5  28.4  25.0 99.0 99.00
2016 06 30 11 50  79 11.5 14.0  3.01  8.33  6.23 109 1012.3  28.7  28.4  25.1 99.0 99.00
2016 06 30 12 50  80 10.4 12.4  2.77  9.09  5.95 110 1012.7  28.4  28.4  25.4 99.0 99.00
2016 06 30 13 50  88 12.3 14.9  2.71  8.33  6.03 117 1012.7  28.8  28.4  25.0 99.0 99.00
2016 06 30 14 50  85 10.6 13.1  2.87  8.33  6.16 113 1013.3  28.8  28.4  25.5 99.0 99.00
2016 06 30 15 50  82 10.5 12.4  2.74  8.33  6.10 110 1013.3  28.7  28.4  25.7 99.0 99.00
2016 06 30 16 50  82 10.8 12.9  2.76  8.33  6.12 114 1013.0  28.6  28.5  25.7 99.0 99.00
2016 06 30 17 50  84 10.0 13.2  2.54  8.33  5.88 110 1012.7  28.8  28.5  25.7 99.0 99.00
2016 06 30 18 50  81 11.0 12.8  2.73  8.33  6.01 112 1012.1  28.6  28.5  25.7 99.0 99.00
2016 06 30 19 50  83 12.3 14.4  2.83  8.33  6.16 106 1011.4  28.6  28.5  25.4 99.0 99.00
2016 06 30 20 50  85 12.2 14.8  2.88  8.33  6.00 108 1011.3  28.7  28.5  25.2 99.0 99.00
2016 06 30 21 50  85 12.0 14.5  3.03  9.09  6.28 109 1011.2  28.9  28.5  24.8 99.0 99.00
2016 06 30 22 50  83 12.8 15.2  2.78  8.33  5.98  99 1011.2  28.9  28.5  24.8 99.0 99.00