#YY  MM DD hh mm WDIR WSPD GST  WVHT   DPD   APD MWD   PRES  ATMP  WTMP  DEWP  VIS  TIDE
#yr  mo dy hr mn degT m/s  m/s     m   sec   sec deg    hPa  degC  degC  degC  nmi    ft
2016 04 30 23 50  59  6.1  7.0  1.21  7.14  5.20  96 1009.0  28.3  28.5  25.7 99.0 99.00
2016 05 01 00 50  73  7.1  8.1  1.16  6.67  5.01  98 1010.1  28.3  28.5  25.6 99.0 99.00
2016 05 01 01 50  74  6.9  8.0  1.08  6.67  4.79  95 1010.4  28.3  28.4  25.9 99.0 99.00
2016 05 01 02 50  78  7.6  8.8  1.24  6.67  4.92  96 1010.8  28.3  28.4  26.0 99.0 99.00
2016 05 01 03 50  82  6.0  7.0  1.20  6.67  4.64  97 1010.6  28.1  28.4  24.3 99.0 99.00
2016 05 01 04 50  55  6.7  8.2  1.10  7.14  4.67  91 1010.3  27.8  28.4  25.6 99.0 99.00
2016 05 01 05 50  64  7.5  8.8  1.16  7.14  4.80  93 1010.1  28.0  28.3  26.0 99.0 99.00
2016 05 01 06 50  56  8.4  9.8  1.30  6.67  4.48  97 1009.3  27.2  28.3  24.2 99.0 99.00
2016 05 01 07 50  65  8.8 10.7  1.31  6.67  4.51  95 1009.5  27.6  28.3  24.3 99.0 99.00
2016 05 01 08 50  79  9.5 11.8  1.53  5.00  4.69  63 1009.4  27.2  28.2  23.7 99.0 99.00
2016 05 01 09 50  90  9.9 11.2  1.85  5.26  4.96  59 1009.8  27.5  28.2  24.0 99.0 99.00
2016 05 01 10 50  83 10.2 12.4  1.78  6.25  4.89  71 1010.3  27.5  28.2  25.1 99.0 99.00
2016 05 01 11 50  92 10.0 11.9  1.66  7.14  4.90  87 1010.7  27.5  28.2  24.2 99.0 99.00
2016 05 01 12 50  96  8.3 10.1  1.79  6.67  5.16  91 1010.8  28.1  28.2  24.5 99.0 99.00
2016 05 01 13 50  78  7.5  8.5  1.60  6.67  5.03  97 1011.3  27.9  28.2  25.3 99.0 99.00
2016 05 01 14 50  73  6.3  7.3  1.63  7.14  5.17  89 1011.5  28.0  28.3  25.6 99.0 99.00
2016 05 01 15 50  80  8.2  9.6  1.65  7.14  5.21  94 1011.5  28.3  28.3  25.4 99.0 99.00
2016 05 01 16 50  89  8.1  9.5  1.58  6.67  5.26  92 1011.3  28.5  28.4  25.7 99.0 99.00
2016 05 01 17 50  86  7.8  9.3  1.69  6.67  5.23  88 1010.9  28.5  28.4  25.8 99.0 99.00
2016 05 01 18 50  90  7.8  9.1  1.74  7.69  5.45  95 1010.1  28.5  28.4  25.4 99.0 99.00
2016 05 01 19 50  86  6.3  8.2  1.67  7.14  5.40  99 1009.7  28.6  28.5  25.7 99.0 99.00
2016 05 01 20 50  97  7.6  9.1  1.67  7.14  5.43  86 1009.3  28.6  28.5  25.1 99.0 99.00
2016 05 01 21 50  91  7.4  8.3  1.68  7.69  5.40  89 1009.2  28.5  28.5  25.4 99.0 99.00
2016 05 01 22 50  90  8.5 10.2  1.69  7.69  5.43  90 1009.9  28.5  28.4  25.1 99.0 99.00
2016 05 01 23 50  87  8.3  9.5  1.75  7.14  5.34  95 1010.1  28.4  28.4  25.2 99.0 99.00
2016 05 02 00 50  78  8.9 10.7  1.64  7.69  5.30 100 1011.0  28.4  28.4  25.4 99.0 99.00
2016 05 02 01 50  85  8.0  9.5  1.73  7.69  5.39  97 1011.7  28.2  28.3  25.5 99.0 99.00
2016 05 02 02 50  84  8.3 10.1  1.90  7.69  5.55  96 1011.9  28.3  28.3  25.5 99.0 99.00
2016 05 02 03 50  84  8.8 10.4  1.82  7.14  5.30  97 1011.8  28.3  28.3  25.3 99.0 99.00
2016 05 02 04 50  73  8.7 10.7  1.91  7.69  5.47 105 1011.1  28.0  28.2  25.6 99.0 99.00
2016 05 02 05 50  82  8.9 10.5  2.05  7.69  5.52 102 1010.8  28.0  28.2  25.2 99.0 99.00
2016 05 02 06 50  86  8.6 10.4  1.97  7.69  5.44  95 1010.3  28.1  28.2  25.0 99.0 99.00
2016 05 02 07 50  89  8.3 10.0  1.91  8.33  5.46 106 1009.9  28.1  28.2  25.1 99.0 99.00
2016 05 02 08 50  86  7.8  9.2  1.94  7.69  5.54 105 1009.9  27.8  28.2  25.2 99.0 99.00
2016 05 02 09 50  88  7.2  8.3  1.89  7.14  5.53  99 1010.3  27.9  28.2  25.4 99.0 99.00
2016 05 02 10 50  86  7.3  8.4  1.74  8.33  5.38 105 1011.1  27.8  28.2  25.4 99.0 99.00
2016 05 02 11 50  90  8.0  9.8  1.87  8.33  5.66  92 1012.0  28.2  28.2  25.3 99.0 99.00
2016 05 02 12 50  77 13.8 16.5  1.89  8.33  5.41  95 1012.7  25.8  28.2  24.5 99.0 99.00
2016 05 02 13 50  75 11.2 13.6  2.19  7.69  5.35  88 1013.3  26.6  28.1  24.1 99.0 99.00
2016 05 02 14 50  89  9.8 11.8  2.50  7.69  5.64  93 1013.7  27.7  28.1  22.9 99.0 99.00
2016 05 02 15 50  85  8.5  9.8  2.28  8.33  5.66  95 1013.4  27.6  28.2  24.1 99.0 99.00
2016 05 02 16 50  97  9.0 10.6  2.33  8.33  5.84  97 1013.0  27.9  28.2  24.7 99.0 99.00
2016 05 02 17 50  87  8.2  9.7  2.12  8.33  5.79  95 1012.4  27.9  28.3  24.7 99.0 99.00
2016 05 02 18 50  79  7.8  9.7  2.23  8.33  5.95  88 1011.3  27.9  28.3  25.0 99.0 99.00
2016 05 02 19 50  82  7.7  9.0  2.13  8.33  6.04  95 1010.8  28.1  28.4  25.1 99.0 99.00
2016 05 02 20 50  77  7.9  9.3  2.42  7.69  6.33  94 1010.5  28.2  28.4  25.3 99.0 99.00
2016 05 02 21 50  81  9.1 12.3  1.92  8.33  5.88  88 1010.8  27.3  28.4  24.9 99.0 99.00
2016 05 02 22 50  83  8.1 10.1  1.86  8.33  5.74  95 1011.4  28.2  28.4  25.3 99.0 99.00
2016 05 02 23 50  85  8.7 10.2  2.04  8.33  5.88 100 1012.0  28.0  28.3  24.7 99.0 99.00
2016 05 03 00 50  90  9.0 10.4  1.96  8.33  5.75  84 1012.9  28.3  28.3  25.1 99.0 99.00
2016 05 03 01 50  93  9.1 10.8  2.02  8.33  5.69  95 1013.5  28.2  28.3  25.5 99.0 99.00
2016 05 03 02 50 100 10.8 12.7  2.06  8.33  5.67  97 1013.8  28.2  28.3  24.5 99.0 99.00
2016 05 03 03 50 102  9.7 11.2  1.97  8.33  5.57  90 1013.7  28.2  28.3  25.1 99.0 99.00
2016 05 03 04 50  98  9.2 10.8  2.14  8.33  5.68 106 1013.3  28.2  28.3  25.1 99.0 99.00
2016 05 03 05 50 102  9.2 10.9  2.19  8.33  5.77  97 1012.6  28.0  28.2  25.0 99.0 99.00
2016 05 03 06 50 104  9.5 11.1  2.23  8.33  5.68  98 1011.8  28.0  28.3  24.5 99.0 99.00
2016 05 03 07 50 101  8.8 10.3  2.31  7.69  5.80 102 1011.4  27.9  28.2  24.9 99.0 99.00
2016 05 03 09 50  99  8.9 10.6  2.20  8.33  5.82 103 1011.8  28.0  28.2  24.6 99.0 99.00
2016 05 03 10 50  98  9.3 10.9  2.00  6.67  5.61  97 1012.1  28.0  28.2  24.4 99.0 99.00
2016 05 03 11 50  99  8.4  9.8  2.09  8.33  5.87 101 1012.7  28.1  28.2  24.4 99.0 99.00
2016 05 03 12 50 102  8.8 10.2  2.16  8.33  5.89 100 1013.4  28.2  28.2  24.6 99.0 99.00
2016 05 03 14 50  96  7.5  9.1  2.06  8.33  5.80 102 1014.1  28.0  28.2  24.9 99.0 99.00
2016 05 03 15 50 106  8.0  9.5  2.03  9.09  5.79  83 1013.9  28.3  28.3  24.7 99.0 99.00
2016 05 03 16 50  97  7.3  8.5  1.80  7.69  5.47 100 1013.7  28.2  28.3  24.6 99.0 99.00
2016 05 03 17 50  92  7.1  8.4  2.12  7.69  5.93 106 1013.1  28.2  28.3  24.6 99.0 99.00
2016 05 03 18 50  90  7.2  8.3  1.96  7.69  5.74 101 1012.1  28.2  28.4  24.5 99.0 99.00
2016 05 03 19 50  92  6.4  7.5  1.84  7.69  5.72  97 1011.6  28.3  28.4  24.7 99.0 99.00
2016 05 03 20 50  91  6.3  7.6  1.92  8.33  5.93  98 1011.2  28.2  28.4  25.0 99.0 99.00
2016 05 03 21 50  94  7.2  8.2  1.76  8.33  5.70  98 1011.0  28.3  28.4  24.8 99.0 99.00
2016 05 03 22 50  89  6.8  7.9  1.77  8.33  5.75  94 1011.5  28.3  28.5  25.0 99.0 99.00
2016 05 03 23 50  80  7.0  8.7  1.86  7.69  5.88  95 1012.0  28.1  28.4  24.9 99.0 99.00
2016 05 04 00 50  84  7.6  8.6  1.72  7.69  5.88 100 1012.9  28.1  28.4  25.0 99.0 99.00
2016 05 04 01 50  79  7.2  8.6  1.72  7.69  5.57 101 1013.5  28.1  28.4  25.1 99.0 99.00
2016 05 04 02 50  81  7.3  8.7  1.77  7.69  5.71  95 1014.0  28.1  28.4  25.2 99.0 99.00
2016 05 04 03 50  79  7.2  8.3  1.77  7.69  5.67  93 1014.0  28.1  28.3  25.3 99.0 99.00
2016 05 04 04 50  90  7.5  8.8  1.77  7.69  5.67  99 1013.4  28.0  28.3  25.3 99.0 99.00
2016 05 04 05 50  93  7.8  9.1  1.60  7.69  5.53 100 1012.6  28.0  28.3  25.0 99.0 99.00
2016 05 04 06 50  99  6.2  7.5  1.57  7.69  5.35  90 1012.0  28.0  28.3  25.0 99.0 99.00
2016 05 04 07 50 102  6.9  8.2  1.79  7.69  5.72 100 1011.7  27.9  28.3  24.7 99.0 99.00
2016 05 04 08 50  99  6.6  7.8  1.54  7.69  5.33  98 1011.8  27.9  28.3  24.9 99.0 99.00
2016 05 04 09 50 103  6.8  8.1  1.66  7.69  5.56 102 1012.1  28.0  28.3  24.7 99.0 99.00
2016 05 04 10 50 101  6.1  7.2  1.32  7.69  5.21  98 1012.7  27.9  28.3  24.8 99.0 99.00
2016 05 04 11 50  99  6.5  7.8  1.50  7.14  5.24  95 1013.4  28.2  28.3  25.0 99.0 99.00
2016 05 04 12 50  95  7.4  8.6  1.38  7.69  5.22  99 1013.7  28.3  28.2  24.8 99.0 99.00
2016 05 04 13 50 106  7.6  9.5  1.41  7.69  5.12  91 1013.9  28.3  28.3  24.8 99.0 99.00
2016 05 04 14 50 109  7.8  9.6  1.35  7.69  4.97  86 1013.8  28.3  28.3  24.6 99.0 99.00
2016 05 04 15 50 108  7.7  9.1  1.51  6.67  5.08  89 1013.2  28.2  28.4  24.6 99.0 99.00
2016 05 04 16 50 110  7.1  8.2  1.42  7.14  4.97  97 1012.9  28.3  28.4  24.9 99.0 99.00
2016 05 04 17 50 105  7.0  8.2  1.51  7.14  5.07  96 1012.0  28.2  28.4  24.8 99.0 99.00
2016 05 04 18 50 107  7.0  8.1  1.46  7.14  4.97 106 1010.8  28.2  28.5  25.0 99.0 99.00
2016 05 04 19 50 111  6.6  8.2  1.48  7.14  5.10 102 1010.0  28.2  28.5  24.6 99.0 99.00
2016 05 04 20 50 111  6.7  7.6  1.47  7.69  5.12  91 1009.3  28.3  28.5  24.4 99.0 99.00
2016 05 04 21 50 102  6.4  7.6  1.36  6.67  5.12 105 1009.5  28.3  28.5  24.5 99.0 99.00
2016 05 04 22 50 108  6.7  7.9  1.41  7.14  5.12 104 1009.7  28.2  28.5  24.8 99.0 99.00
2016 05 04 23 50  99  6.7  8.2  1.45  7.14  5.28 100 1010.4  28.1  28.5  24.8 99.0 99.00
2016 05 05 00 50  95  6.8  7.7  1.53  7.69  5.39 105 1011.1  28.1  28.4  24.8 99.0 99.00
2016 05 05 01 50  96  6.5  7.7  1.54  7.69  5.43 104 1011.9  28.2  28.4  24.9 99.0 99.00
2016 05 05 02 50  92  7.6  8.7  1.47  7.69  5.34  92 1012.6  28.2  28.4  24.4 99.0 99.00
2016 05 05 03 50  99  7.7  9.3  1.58  7.69  5.40  99 1012.4  28.2  28.4  24.6 99.0 99.00
2016 05 05 04 50  97  7.5  8.6  1.56  7.14  5.18 109 1012.0  28.1  28.4  24.6 99.0 99.00
2016 05 05 05 50  92  7.0  8.2  1.50  7.69  5.13  96 1011.5  28.0  28.3  24.5 99.0 99.00
2016 05 05 06 50  91  7.5  9.0  1.58  7.14  5.37 104 1010.9  28.0  28.3  24.5 99.0 99.00
2016 05 05 07 50 101  6.9  8.5  1.52  7.14  5.26 103 1010.4  27.9  28.3  24.6 99.0 99.00
2016 05 05 08 50  94  6.0  7.3  1.54  6.67  5.19 107 1010.5  27.9  28.3  24.7 99.0 99.00
2016 05 05 09 50 111  7.0  8.2  1.49  7.14  5.14 107 1010.5  27.9  28.3  24.8 99.0 99.00
2016 05 05 10 50 110  6.6  7.5  1.49  6.67  5.23 107 1010.8  27.9  28.3  24.8 99.0 99.00
2016 05 05 11 50 114  6.8  7.9  1.47  7.14  5.35 101 1011.5  28.2  28.3  24.7 99.0 99.00
2016 05 05 12 50 110  6.9  8.2  1.41  7.14  5.16  90 1011.6  28.3  28.3  25.2 99.0 99.00
2016 05 05 13 50 107  6.6  8.4  1.50  7.14  5.19  96 1012.3  28.3  28.4  25.2 99.0 99.00
2016 05 05 14 50 113  6.3  7.3  1.37  7.14  5.03  98 1012.5  28.3  28.4  25.2 99.0 99.00
2016 05 05 15 50 119  7.1  8.0  1.41  7.14  5.14  97 1011.7  28.3  28.5  25.2 99.0 99.00
2016 05 05 16 50 114  5.9  6.8  1.54  6.67  5.37 109 1011.6  28.3  28.5  25.1 99.0 99.00
2016 05 05 17 50 113  6.9  8.1  1.51  6.67  5.34 104 1010.6  28.3  28.6  25.1 99.0 99.00
2016 05 05 18 50 118  7.2  8.3  1.41  7.14  5.15 101 1009.4  28.3  28.6  25.1 99.0 99.00
2016 05 05 19 50 118  7.3  8.7  1.55  7.14  5.26 103 1008.5  28.3  28.6  25.0 99.0 99.00
2016 05 05 20 50 120  6.0  7.1  1.42  7.14  5.13  98 1008.1  28.3  28.6  25.1 99.0 99.00
2016 05 05 21 50 123  5.9  7.3  1.44  7.14  5.22 103 1007.9  28.4  28.6  25.0 99.0 99.00
2016 05 05 22 50 114  4.6  5.6  1.30  7.69  5.31  95 1008.8  28.2  28.6  25.1 99.0 99.00
2016 05 05 23 50 110  3.9  4.7  1.49  7.69  5.46 102 1009.6  28.3  28.6  25.2 99.0 99.00
2016 05 06 00 50  98  3.4  4.1  1.38  7.14  5.41 105 1010.6  28.2  28.6  25.2 99.0 99.00
2016 05 06 01 50  96  4.7  5.5  1.27  7.14  5.29  98 1011.0  28.2  28.5  25.4 99.0 99.00
2016 05 06 02 50  93  4.8  5.6  1.31  7.14  5.52  98 1011.3  28.2  28.5  25.6 99.0 99.00
2016 05 06 03 50 104  5.9  7.0  1.20  7.14  5.34 105 1011.0  28.1  28.5  25.6 99.0 99.00
2016 05 06 04 50  98  5.1  6.2  1.29  6.67  5.47 106 1011.1  28.1  28.5  25.6 99.0 99.00
2016 05 06 05 50 100  5.7  6.6  1.27  7.14  5.34  96 1010.2  28.0  28.5  25.4 99.0 99.00
2016 05 06 06 50 106  5.9  6.7  1.27  7.14  5.45  97 1009.5  27.9  28.5  25.3 99.0 99.00
2016 05 06 07 50 107  6.0  6.9  1.38  6.67  5.65  94 1009.2  28.0  28.5  25.2 99.0 99.00
2016 05 06 08 50 103  6.3  7.3  1.29  7.14  5.37  90 1009.1  27.9  28.5  25.2 99.0 99.00
2016 05 06 09 50 106  5.6  6.5  1.37  7.14  5.50 100 1009.2  27.9  28.4  25.0 99.0 99.00
2016 05 06 10 50 112  5.9  6.9  1.24  7.14  5.18  87 1009.7  27.9  28.4  25.2 99.0 99.00
2016 05 06 11 50 110  5.5  6.4  1.25  7.14  5.31  91 1010.3  28.0  28.4  25.4 99.0 99.00
2016 05 06 14 50 120  6.7  8.2  1.24  7.14  5.07  83 1011.1  28.3  28.5  25.5 99.0 99.00
2016 05 06 15 50 123  6.6  7.8  1.27  7.14  5.18  94 1011.1  28.3  28.5  25.3 99.0 99.00
2016 05 06 16 50 118  5.2  5.7  1.31  7.14  5.18  98 1011.0  28.3  28.6  25.4 99.0 99.00
2016 05 06 17 50 120  4.4  5.3  1.25  7.14  5.03  94 1010.5  28.3  28.7  25.3 99.0 99.00
2016 05 06 18 50 114  4.0  4.9  1.23  6.67  5.14  91 1009.7  28.3  28.8  25.3 99.0 99.00
2016 05 06 19 50 118  4.3  4.9  1.34  7.14  5.42  98 1009.1  28.4  28.9  25.2 99.0 99.00
2016 05 06 20 50 119  3.8  4.5  1.23  7.14  5.39 103 1008.8  28.4  28.9  25.3 99.0 99.00
2016 05 06 21 50 129  1.9  2.6  1.31  7.14  5.54 101 1008.7  28.6  28.9  25.2 99.0 99.00
2016 05 06 22 50 127  1.8  2.5  1.37  7.69  5.69  99 1009.0  28.4  29.0  25.2 99.0 99.00
2016 05 06 23 50 134  0.9  1.2  1.23  7.14  5.60  95 1009.8  28.2  28.9  25.2 99.0 99.00
2016 05 07 00 50  56  0.3  0.7  1.23  7.14  5.58 104 1010.8  28.2  28.8  25.2 99.0 99.00
2016 05 07 01 50 145  1.6  2.2  1.39  7.14  5.92  95 1011.9  28.2  28.8  25.2 99.0 99.00
2016 05 07 02 50 114  0.6  0.9  1.17  7.14  5.76  98 1011.9  28.1  28.8  25.2 99.0 99.00
2016 05 07 03 50  33  0.6  1.1  1.22  7.69  5.83 100 1012.0  28.0  28.8  25.2 99.0 99.00
2016 05 07 04 50  91  0.3  0.7  1.25  7.14  5.76  96 1011.3  27.9  28.8  25.3 99.0 99.00
2016 05 07 05 50 276  0.4  0.8  1.40  7.14  6.03  98 1010.8  27.8  28.7  25.4 99.0 99.00
2016 05 07 06 50 257  1.0  1.6  1.21  7.69  5.91  98 1010.1  27.6  28.7  25.3 99.0 99.00
2016 05 07 07 50 255  2.2  2.9  1.25  7.14  5.97 102 1010.0  27.6  28.7  25.2 99.0 99.00
2016 05 07 08 50 300  1.8  2.6  1.24  7.14  6.00 106 1009.8  27.5  28.7  25.3 99.0 99.00
2016 05 07 09 50 232  1.2  1.6  1.29  7.69  6.11  99 1010.1  27.5  28.6  25.1 99.0 99.00
2016 05 07 10 50 300  0.4  1.0  1.21  7.14  5.93  94 1010.6  27.5  28.6  25.0 99.0 99.00
2016 05 07 11 50 282  0.9  1.5  1.28  7.69  5.97 103 1011.2  28.1  28.6  24.9 99.0 99.00
2016 05 07 12 50  13  0.2  0.6  1.19  7.69  5.99 103 1012.0  28.6  28.7  25.1 99.0 99.00
2016 05 07 13 50 172  0.1  0.6  1.39  7.69  6.34  94 1012.2  29.4  28.9  25.4 99.0 99.00
2016 05 07 14 50 296  1.8  2.3  1.34  7.69  6.13 102 1012.1  28.1  29.6  24.7 99.0 99.00
2016 05 07 15 50 183  0.4  1.1  1.26  7.69  6.34 103 1012.1  28.4  30.2  24.2 99.0 99.00
2016 05 07 16 50 222  0.4  1.7  1.29  7.14  6.19 104 1011.8  28.9  31.0  24.2 99.0 99.00
2016 05 07 17 50 230  1.5  2.6  1.32  7.14  6.20  95 1011.6  28.9  31.4  24.1 99.0 99.00
2016 05 07 18 50 332  0.8  1.6  1.26  7.69  6.25 103 1011.2  29.4  31.9  23.7 99.0 99.00
2016 05 07 19 50  15  1.2  2.5  1.29  7.69  6.28  91 1010.5  29.7  32.4  23.7 99.0 99.00
2016 05 07 20 50 353  2.1  3.1  1.25  8.33  6.23  89 1010.1  29.6  31.5  23.8 99.0 99.00
2016 05 07 21 50 346  3.2  4.1  1.32  7.69  6.44 100 1009.8  29.5  30.3  23.8 99.0 99.00
2016 05 07 22 50 349  3.3  3.8  1.25  7.69  6.06 104 1010.1  29.3  30.0  24.1 99.0 99.00
2016 05 07 23 50 347  3.6  4.2  1.04  7.69  6.02  93 1011.0  29.0  29.5  24.2 99.0 99.00
2016 05 08 00 50  10  3.2  4.0  1.03  7.69  5.88  92 1011.5  28.9  29.2  24.5 99.0 99.00
2016 05 08 01 50  17  3.6  4.3  1.12  7.69  6.07 102 1012.2  28.7  29.0  25.1 99.0 99.00
2016 05 08 02 50  41  3.8  4.5  1.19  7.69  6.03  95 1012.9  28.5  28.9  25.2 99.0 99.00
2016 05 08 03 50  24  3.0  3.7  1.17  7.69  5.70  99 1012.7  28.4  29.0  25.0 99.0 99.00
2016 05 08 04 50  26  4.0  4.7  1.32  7.69  5.70  87 1012.2  28.3  28.9  25.0 99.0 99.00
2016 05 08 05 50  17  2.9  3.7  1.23  7.69  5.68  91 1012.0  28.1  28.9  24.9 99.0 99.00
2016 05 08 06 50 352  4.6  5.2  1.19  7.69  5.75  86 1011.0  28.0  29.0  24.7 99.0 99.00
2016 05 08 07 50   7  4.1  4.6  1.22  7.69  5.71  86 1011.2  28.0  29.0  25.1 99.0 99.00
2016 05 08 08 50  29  4.9  5.7  1.17  7.69  5.69  94 1011.4  28.0  28.9  24.8 99.0 99.00
2016 05 08 09 50  47  5.8  6.8  1.38  7.14  5.89  88 1011.5  28.0  28.8  24.9 99.0 99.00
2016 05 08 10 50  54  5.7  6.7  1.21  7.14  5.42  78 1011.6  28.0  28.7  24.9 99.0 99.00
2016 05 08 11 50  51  5.3  6.1  1.18  7.69  5.41  91 1012.2  28.4  28.6  24.9 99.0 99.00
2016 05 08 12 50  58  4.9  5.6  1.29  7.69  5.54  85 1012.4  28.4  28.6  24.9 99.0 99.00
2016 05 08 13 50  58  5.2  6.3  1.24  7.69  5.43  94 1012.8  28.4  28.7  25.3 99.0 99.00
2016 05 08 14 50  59  5.9  6.8  1.27  7.14  5.38  87 1013.0  28.5  28.7  25.4 99.0 99.00
2016 05 08 15 50  63  6.8  7.8  1.31  7.69  5.17  92 1013.1  28.5  28.8  25.6 99.0 99.00
2016 05 08 16 50  70  6.6  7.7  1.33  7.14  5.16  91 1012.8  28.6  28.8  25.4 99.0 99.00
2016 05 08 17 50  82  5.5  6.7  1.21  7.69  5.19  81 1012.3  28.6  28.9  25.6 99.0 99.00
2016 05 08 18 50  72  5.3  6.2  1.30  6.67  5.09  85 1011.3  28.6  28.9  25.0 99.0 99.00
2016 05 08 19 50  65  4.7  5.5  1.22  7.69  5.20  92 1010.8  28.7  29.0  25.5 99.0 99.00
2016 05 08 20 50  67  4.3  4.9  1.12  7.69  5.08  85 1010.2  28.8  29.2  25.5 99.0 99.00
2016 05 08 21 50  54  5.3  6.0  1.19  7.69  5.38  74 1010.0  28.7  29.1  25.7 99.0 99.00
2016 05 08 22 50  69  7.1  8.2  1.28  8.33  5.39  72 1010.5  28.6  29.1  25.7 99.0 99.00
2016 05 08 23 50  72  6.4  7.4  1.42  7.69  5.54  40 1011.1  28.5  29.0  25.6 99.0 99.00
2016 05 09 00 50  74  6.5  7.7  1.53  7.69  5.62  52 1011.7  28.5  29.0  25.9 99.0 99.00
2016 05 09 01 50  98  6.0  7.0  1.40  8.33  5.34  73 1012.2  28.3  28.9  25.5 99.0 99.00
2016 05 09 02 50  83  5.9  7.2  1.48  7.69  5.60  52 1012.9  28.5  28.9  26.2 99.0 99.00
2016 05 09 03 50  94  8.1  9.6  1.48  8.33  5.40  76 1012.8  28.4  28.9  25.4 99.0 99.00
2016 05 09 04 50 111  6.8  8.0  1.57  7.69  5.38  66 1012.4  28.3  28.8  25.2 99.0 99.00
2016 05 09 05 50 107  7.2  8.7  1.79  7.69  5.74  64 1012.2  28.3  28.8  25.7 99.0 99.00
2016 05 09 06 50 107  5.8  6.9  1.76  7.14  5.69  44 1011.5  28.1  28.8  25.6 99.0 99.00
2016 05 09 07 50 110  7.2  8.5  1.80  7.69  5.86  79 1010.7  28.4  28.8  25.9 99.0 99.00
2016 05 09 08 50 108  7.9  9.6  1.86  7.14  5.89  37 1010.3  28.3  28.8  25.8 99.0 99.00
2016 05 09 09 50 109  8.6 10.1  1.85  7.69  5.76  66 1010.9  28.5  28.8  25.6 99.0 99.00
2016 05 09 10 50 101 10.4 12.6  1.99  7.69  5.50  76 1010.8  28.3  28.7  25.6 99.0 99.00
2016 05 09 11 50  94 12.2 15.6  2.05  7.69  5.48  68 1012.0  28.4  28.7  25.2 99.0 99.00
2016 05 09 12 50   1  8.9 12.3  2.50  7.14  5.60  67 1014.7  26.1  28.7  23.6 99.0 99.00
2016 05 09 14 50  49 16.6 21.3  2.57  7.14  5.80  63 1013.5  26.3  28.5  22.0 99.0 99.00
2016 05 09 15 50  58 13.5 16.1  2.86  7.69  6.01  63 1013.5  26.7  28.5  21.4 99.0 99.00
2016 05 09 16 50  83 12.9 14.8  2.64  7.14  5.81  66 1013.6  27.0  28.5  21.7 99.0 99.00
2016 05 09 17 50  91 14.7 18.0  2.30  7.69  5.52  66 1010.8  27.7  28.5  22.0 99.0 99.00
2016 05 09 18 50  93 15.2 18.5  2.52  7.69  5.38  85 1009.5  28.0  28.5  23.3 99.0 99.00
2016 05 09 19 50 100  9.8 12.5  2.68  7.14  5.62  80 1010.1  27.4  28.5  23.0 99.0 99.00
2016 05 09 20 50  92 10.5 13.0  2.47  7.69  5.53  83 1010.8  26.9  28.4  23.3 99.0 99.00
2016 05 09 21 50 125  6.5  7.6  2.21  6.67  5.57  80 1011.7  27.1  28.4  22.5 99.0 99.00
2016 05 09 22 50  86  6.9  8.2  2.42  7.69  5.91  81 1011.9  27.0  28.4  22.0 99.0 99.00
2016 05 09 23 50  73  6.8  8.3  2.38  7.69  5.78  89 1011.9  26.9  28.4  22.3 99.0 99.00
2016 05 10 00 50  67  6.3  7.4  2.10  7.14  5.69  89 1011.9  27.5  28.4  23.6 99.0 99.00
2016 05 10 01 50  71  7.9  9.3  2.10  7.14  5.84  88 1012.9  28.3  28.4  24.1 99.0 99.00
2016 05 10 02 50  88  8.8 10.4  2.07  6.67  5.79  76 1014.2  28.0  28.4  24.9 99.0 99.00
2016 05 10 03 50  87  8.7 11.0  2.04  7.69  5.58  85 1013.9  28.0  28.3  24.7 99.0 99.00
2016 05 10 04 50  75  8.6 10.1  2.07  8.33  5.76  80 1013.3  28.2  28.4  25.1 99.0 99.00
2016 05 10 05 50  79  9.8 11.7  2.04  7.69  5.62  77 1012.5  28.2  28.4  24.8 99.0 99.00
2016 05 10 06 50  83 10.3 12.8  1.97  8.33  5.55  69 1011.9  28.2  28.4  24.6 99.0 99.00
2016 05 10 07 50  86 10.3 11.9  2.12  7.69  5.69  77 1011.7  28.2  28.3  24.2 99.0 99.00
2016 05 10 08 50  89  9.8 11.6  2.10  7.69  5.68  71 1012.0  28.2  28.3  23.8 99.0 99.00
2016 05 10 09 50  92  9.9 11.9  2.32  8.33  5.80  71 1012.1  28.1  28.3  24.1 99.0 99.00
2016 05 10 10 50  84  9.1 10.4  2.34  7.69  5.80  82 1012.6  28.1  28.3  24.1 99.0 99.00
2016 05 10 11 50  83  8.7 10.0  1.95  7.14  5.52  83 1013.6  28.4  28.3  24.1 99.0 99.00
2016 05 10 12 50  81  9.1 11.5  2.10  7.14  5.66  90 1014.1  28.4  28.3  24.7 99.0 99.00
2016 05 10 13 50  83  8.5 10.3  1.93  7.14  5.42  85 1014.8  28.5  28.3  24.5 99.0 99.00
2016 05 10 14 50  82  9.4 11.1  1.90  6.67  5.54  70 1015.1  28.6  28.3  24.9 99.0 99.00
2016 05 10 15 50  79  8.2 10.0  2.11  7.14  5.64  87 1015.3  28.4  28.4  25.1 99.0 99.00
2016 05 10 16 50  86  8.6 10.3  1.78  7.69  5.34  78 1015.2  28.5  28.4  25.0 99.0 99.00
2016 05 10 17 50  69  7.9  9.3  1.84  7.69  5.25  90 1014.5  28.0  28.4  25.0 99.0 99.00
2016 05 10 18 50  84  7.7  9.2  1.89  7.14  5.52  81 1013.7  28.5  28.5  25.1 99.0 99.00
2016 05 10 19 50  75  6.8  8.6  1.88  7.14  5.48  95 1013.4  28.4  28.5  25.4 99.0 99.00
2016 05 10 20 50  73  8.7 10.1  1.84  6.67  5.39  83 1012.9  28.4  28.5  23.9 99.0 99.00
2016 05 10 21 50  70  7.3  8.4  1.74  6.67  5.35  82 1013.1  28.3  28.5  25.4 99.0 99.00
2016 05 10 22 50  80  8.0  9.6  1.64  7.69  5.30  79 1013.4  28.4  28.5  25.3 99.0 99.00
2016 05 10 23 50  77  9.1 10.5  1.91  7.69  5.57  82 1013.7  28.2  28.5  24.9 99.0 99.00
2016 05 11 00 50  80  8.7 10.3  2.12  7.69  5.60  84 1014.4  27.9  28.4  24.5 99.0 99.00
2016 05 11 01 50  80  8.4 10.1  1.83  6.67  5.20  76 1015.0  28.1  28.4  25.1 99.0 99.00
2016 05 11 02 50  75  8.7 10.4  1.86  7.14  5.30  89 1015.4  28.2  28.4  24.7 99.0 99.00
2016 05 11 03 50  84  8.7 10.6  1.79  7.14  5.36  82 1015.2  28.0  28.4  25.1 99.0 99.00
2016 05 11 04 50  83  8.9 10.2  2.04  7.14  5.55  79 1015.0  27.8  28.3  24.7 99.0 99.00
2016 05 11 05 50  70 10.8 13.1  1.80  7.69  5.36  69 1014.5  26.4  28.3  23.4 99.0 99.00
2016 05 11 06 50  72  8.5 10.2  1.94  7.69  5.48  68 1014.0  27.1  28.3  24.3 99.0 99.00
2016 05 11 07 50  65 10.2 12.2  1.84  7.14  5.21  82 1013.5  27.2  28.3  23.1 99.0 99.00
2016 05 11 08 50  88 11.1 12.8  2.06  7.14  5.46  73 1013.5  27.6  28.3  24.5 99.0 99.00
2016 05 11 09 50 114  7.6  9.1  2.01  7.14  5.28  69 1013.6  26.3  28.3  23.6 99.0 99.00
2016 05 11 10 50  99  8.7 10.4  1.97  7.14  5.43  80 1014.0  27.0  28.3  24.7 99.0 99.00
2016 05 11 11 50 103 10.0 12.2  1.86  7.14  5.24  75 1014.6  28.1  28.3  23.4 99.0 99.00
2016 05 11 12 50  86 10.3 11.8  1.86  7.14  5.25  83 1015.2  27.9  28.3  23.7 99.0 99.00
2016 05 11 13 50  90  8.9 10.3  2.04  6.67  5.43  84 1015.5  27.5  28.3  23.2 99.0 99.00
2016 05 11 14 50  79  9.3 11.1  1.83  6.67  5.13  93 1015.9  27.7  28.3  23.4 99.0 99.00
2016 05 11 15 50  81  8.7 10.7  1.84  6.67  5.27  88 1015.8  27.8  28.3  23.8 99.0 99.00
2016 05 11 16 50  74  8.0  9.2  2.01  7.14  5.50  77 1015.1  27.9  28.4  23.9 99.0 99.00
2016 05 11 17 50  84  9.2 10.9  2.03  7.14  5.62  85 1014.6  27.9  28.4  23.9 99.0 99.00
2016 05 11 18 50  86  9.5 11.4  1.92  7.69  5.37  81 1014.1  27.6  28.4  23.4 99.0 99.00
2016 05 11 19 50  79  8.7 10.5  1.65  7.69  5.27  89 1013.7  28.0  28.4  24.0 99.0 99.00
2016 05 11 20 50  71  8.3  9.8  1.93  7.69  5.35  83 1013.2  27.9  28.4  23.8 99.0 99.00
2016 05 11 21 50  75  9.2 10.3  1.63  6.67  5.09  77 1013.3  28.3  28.4  23.7 99.0 99.00
2016 05 11 22 50  76  8.9 10.4  1.62  7.69  5.10  76 1013.4  28.2  28.4  23.9 99.0 99.00
2016 05 11 23 50  82  9.0 10.7  1.56  7.14  5.16  83 1013.9  28.1  28.4  23.4 99.0 99.00
2016 05 12 00 50  73  7.9  9.5  1.49  6.67  4.90  94 1014.8  28.1  28.3  24.4 99.0 99.00
2016 05 12 01 50  73  7.9  9.5  1.63  7.14  5.20  90 1015.4  28.2  28.3  24.2 99.0 99.00
2016 05 12 02 50  75  7.9  9.2  1.55  7.69  5.10  78 1015.7  28.2  28.3  24.1 99.0 99.00
2016 05 12 03 50  71  8.0  9.2  1.79  7.14  5.30  82 1015.6  28.1  28.3  24.6 99.0 99.00
2016 05 12 04 50  71  8.0  9.4  1.79  7.14  5.37  82 1015.0  28.1  28.3  24.6 99.0 99.00
2016 05 12 05 50  73  8.2  9.6  1.60  7.14  5.26  84 1014.1  28.0  28.3  24.4 99.0 99.00
2016 05 12 06 50  72  8.0  9.5  1.74  7.14  5.36  78 1013.5  28.0  28.3  24.6 99.0 99.00
2016 05 12 07 50  65  8.5  9.9  1.64  7.14  5.25  87 1013.2  27.9  28.3  24.6 99.0 99.00
2016 05 12 08 50  66  8.7 10.1  1.66  7.14  5.16  88 1013.0  27.9  28.3  24.6 99.0 99.00
2016 05 12 09 50  74  8.6  9.9  1.58  7.69  5.24  80 1013.1  28.0  28.3  24.1 99.0 99.00
2016 05 12 10 50  74  9.3 10.7  1.68  7.14  5.33  87 1013.3  28.0  28.3  24.2 99.0 99.00
2016 05 12 11 50  75  8.6 10.6  1.78  7.69  5.51  81 1014.0  27.6  28.3  24.0 99.0 99.00
2016 05 12 12 50  79  8.8 10.6  1.76  7.14  5.38  82 1014.5  28.3  28.3  23.9 99.0 99.00
2016 05 12 14 50  84  8.2 10.1  1.85  7.14  5.36  78 1015.0  28.3  28.3  23.9 99.0 99.00
2016 05 12 15 50  87  8.0  9.7  1.62  7.69  5.25  80 1014.6  28.3  28.3  24.0 99.0 99.00
2016 05 12 16 50  82  7.8  9.7  1.55  7.14  5.13  80 1014.5  28.3  28.4  24.1 99.0 99.00
2016 05 12 17 50  76  7.6  9.8  1.54  7.14  5.09  71 1014.1  28.3  28.4  24.5 99.0 99.00
2016 05 12 18 50  84  7.5  9.2  1.70  6.67  5.17  83 1013.4  28.3  28.4  24.4 99.0 99.00
2016 05 12 20 50  70  7.8  9.1  1.67  6.67  5.11  90 1012.5  28.3  28.5  24.5 99.0 99.00
2016 05 12 21 50  66  7.8  8.9  1.45  6.67  5.09  92 1012.4  28.4  28.4  23.7 99.0 99.00
2016 05 12 22 50  60  8.2  9.4  1.62  7.69  5.27  83 1012.9  28.2  28.4  24.2 99.0 99.00
2016 05 12 23 50  69  8.4 10.0  1.75  6.67  5.28  90 1013.2  28.1  28.4  24.2 99.0 99.00
2016 05 13 00 50  65  8.6 10.2  1.57  6.67  5.07  89 1013.8  28.1  28.4  24.2 99.0 99.00
2016 05 13 01 50  71  8.7 10.0  1.56  7.14  5.06  83 1014.2  28.1  28.4  24.6 99.0 99.00
2016 05 13 02 50  68  9.0 10.4  1.62  6.67  5.07  81 1014.3  28.0  28.3  24.6 99.0 99.00
2016 05 13 03 50  67  9.6 11.2  1.71  6.67  5.12  90 1014.7  28.1  28.3  24.6 99.0 99.00
2016 05 13 04 50  73  9.0 10.5  1.65  7.14  5.00  80 1014.1  28.1  28.3  24.4 99.0 99.00
2016 05 13 05 50  73  6.9  9.0  1.60  7.14  5.04  90 1013.4  27.5  28.3  24.9 99.0 99.00
2016 05 13 06 50  73  8.8 10.9  1.62  6.67  5.01  92 1012.4  27.9  28.3  24.7 99.0 99.00
2016 05 13 07 50  75  9.3 10.6  1.58  7.14  5.00  86 1012.0  27.9  28.3  24.1 99.0 99.00
2016 05 13 08 50  72  8.6 10.3  1.70  6.25  4.97  88 1012.1  27.8  28.3  24.4 99.0 99.00
2016 05 13 09 50  83  9.0 11.4  1.57  6.67  4.85  96 1012.4  27.9  28.2  24.4 99.0 99.00
2016 05 13 10 50  82  8.7 10.1  1.68  6.67  5.06  83 1012.9  27.9  28.2  24.3 99.0 99.00
2016 05 13 11 50  75  8.1 10.0  1.60  5.56  5.06  73 1013.4  28.2  28.2  24.6 99.0 99.00
2016 05 13 12 50  80  8.8 10.3  1.65  7.14  5.05  84 1013.6  28.3  28.2  24.6 99.0 99.00
2016 05 13 13 50  79  8.4  9.7  1.61  6.67  5.03  96 1014.0  28.3  28.3  24.6 99.0 99.00
2016 05 13 14 50  78  8.2  9.8  1.73  6.67  5.27  88 1013.9  28.2  28.3  24.9 99.0 99.00
2016 05 13 15 50  76  8.3  9.9  1.53  7.14  4.85  92 1013.5  28.3  28.3  24.9 99.0 99.00
2016 05 13 16 50  73  9.1 10.8  1.76  6.25  5.24  93 1012.9  28.3  28.3  24.9 99.0 99.00
2016 05 13 17 50  74  8.3  9.6  1.72  7.14  5.07  90 1012.4  28.2  28.3  25.0 99.0 99.00
2016 05 13 18 50  77  7.7  9.2  1.67  7.14  5.07  89 1011.8  28.3  28.4  25.1 99.0 99.00
2016 05 13 19 50  75  7.8  8.8  1.60  7.14  5.12  87 1010.9  28.3  28.4  25.2 99.0 99.00
2016 05 13 20 50  73  7.5  8.8  1.62  6.67  5.10  84 1010.7  28.3  28.4  25.0 99.0 99.00
2016 05 13 21 50  65  7.8  9.0  1.42  6.25  5.01  91 1010.8  28.4  28.4  24.9 99.0 99.00
2016 05 13 22 50  59  8.2  9.3  1.59  6.67  5.17  80 1010.9  28.3  28.4  25.3 99.0 99.00
2016 05 13 23 50  61  7.8  9.8  1.58  6.67  5.06  79 1011.8  28.2  28.4  25.3 99.0 99.00
2016 05 14 00 50  74  7.8  9.3  1.62  6.67  5.25  77 1012.5  28.3  28.4  25.0 99.0 99.00
2016 05 14 01 50  71  8.3 10.3  1.55  6.67  5.18  91 1012.9  28.3  28.4  25.0 99.0 99.00
2016 05 14 02 50  71  8.1  9.8  1.57  7.14  5.16  91 1013.4  28.3  28.4  25.2 99.0 99.00
2016 05 14 03 50  64  8.2  9.5  1.56  7.14  5.19  77 1013.2  28.1  28.3  25.4 99.0 99.00
2016 05 14 04 50  62  8.7 10.5  1.67  7.14  5.32  77 1012.3  28.1  28.3  25.4 99.0 99.00
2016 05 14 05 50  60  8.4 10.6  1.56  7.14  5.22  73 1012.0  28.1  28.3  25.5 99.0 99.00
2016 05 14 06 50  67  9.0 10.4  1.73  7.14  5.23  75 1011.3  28.1  28.3  25.3 99.0 99.00
2016 05 14 07 50  63  9.6 11.1  1.72  7.14  5.27  84 1010.5  28.1  28.3  25.2 99.0 99.00
2016 05 14 08 50  67  9.5 11.4  1.75  7.69  5.17  80 1010.5  28.1  28.3  25.4 99.0 99.00
2016 05 14 09 50  72  9.4 10.9  1.79  6.25  5.11  95 1011.1  28.2  28.3  25.4 99.0 99.00
2016 05 14 10 50  79  9.2 10.6  1.70  7.14  5.07  68 1011.9  28.3  28.3  25.6 99.0 99.00
2016 05 14 11 50  83  9.5 11.7  1.82  7.14  5.28 104 1012.3  28.4  28.3  25.6 99.0 99.00
2016 05 14 12 50  89  9.5 11.4  1.98  7.69  5.41  90 1012.6  28.6  28.3  25.5 99.0 99.00
2016 05 14 13 50  87  9.6 11.4  1.85  7.14  5.23  98 1012.5  28.6  28.3  25.5 99.0 99.00
2016 05 14 14 50  89  9.8 11.4  1.96  6.67  5.36  80 1012.6  28.6  28.3  25.4 99.0 99.00
2016 05 14 15 50  88  9.5 11.6  2.27  7.14  5.72  92 1012.8  28.6  28.3  25.7 99.0 99.00
2016 05 14 16 50  92  9.5 11.0  2.19  7.69  5.55  90 1012.7  28.7  28.3  25.3 99.0 99.00
2016 05 14 17 50  92  9.8 11.8  2.20  7.69  5.62  94 1012.0  28.6  28.4  25.2 99.0 99.00
2016 05 14 18 50  89 10.0 12.3  2.22  7.14  5.70  92 1011.2  28.6  28.4  25.1 99.0 99.00
2016 05 14 19 50  82  9.6 12.2  2.21  7.14  5.68  86 1010.7  28.7  28.4  25.3 99.0 99.00
2016 05 14 20 50  81  9.5 11.1  2.12  6.67  5.38  85 1010.5  28.7  28.4  25.1 99.0 99.00
2016 05 14 21 50  77  9.1 10.8  2.25  7.69  5.80  94 1010.6  28.6  28.4  25.4 99.0 99.00
2016 05 14 22 50  78  9.0 10.9  2.32  7.69  5.87  99 1011.1  28.6  28.4  25.4 99.0 99.00
2016 05 14 23 50  75  9.3 11.2  2.38  7.69  5.89  90 1011.8  28.4  28.3  25.4 99.0 99.00
2016 05 15 00 50  74  9.6 11.7  2.28  8.33  5.91  97 1012.2  28.4  28.3  25.3 99.0 99.00
2016 05 15 01 50  72  8.9 11.1  2.31  7.69  5.74  99 1012.6  28.4  28.3  25.6 99.0 99.00
2016 05 15 02 50  74  9.7 11.6  2.35  8.33  6.04  98 1012.7  28.4  28.3  25.4 99.0 99.00
2016 05 15 03 50  73 10.4 12.3  2.22  7.69  5.78  87 1012.7  28.3  28.3  25.5 99.0 99.00
2016 05 15 04 50  76 10.4 12.5  2.28  8.33  5.79  96 1012.5  28.3  28.3  25.5 99.0 99.00
2016 05 15 05 50  76  9.6 11.6  2.28  8.33  5.83  98 1011.9  28.3  28.3  25.6 99.0 99.00
2016 05 15 06 50  79 10.5 12.8  2.20  8.33  5.64  99 1011.8  28.3  28.3  25.3 99.0 99.00
2016 05 15 07 50  78 10.0 11.9  2.44  8.33  5.95  98 1011.3  28.3  28.3  25.5 99.0 99.00
2016 05 15 08 50  85 10.5 12.6  2.28  8.33  5.53  94 1011.1  28.3  28.3  25.3 99.0 99.00
2016 05 15 09 50  87  8.5 10.2  2.46  8.33  6.06  98 1011.6  28.2  28.3  25.7 99.0 99.00
2016 05 15 10 50  88 10.0 11.8  2.36  7.69  5.89  92 1012.1  28.4  28.3  25.2 99.0 99.00
2016 05 15 11 50  87  9.7 11.7  2.30  7.69  5.82  91 1012.7  28.4  28.3  25.5 99.0 99.00
2016 05 15 12 50  88  9.6 11.7  2.31  8.33  5.84  94 1013.1  28.6  28.3  25.2 99.0 99.00
2016 05 15 13 50  86  8.9 10.5  2.51  7.69  5.99  97 1013.4  28.6  28.3  25.5 99.0 99.00
2016 05 15 14 50  85  8.9 10.7  2.16  8.33  5.81  97 1013.4  28.7  28.3  25.5 99.0 99.00
2016 05 15 15 50  81  9.2 11.1  2.35  8.33  5.95  97 1013.2  28.5  28.3  25.6 99.0 99.00
2016 05 15 16 50  79  8.8 10.9  2.42  7.69  5.94  96 1013.1  28.6  28.4  25.7 99.0 99.00
2016 05 15 17 50  82  8.8 10.5  2.33  8.33  5.79  98 1013.0  28.6  28.4  25.8 99.0 99.00
2016 05 15 18 50  89  9.1 10.5  2.22  7.69  5.75 104 1012.1  28.7  28.4  25.8 99.0 99.00
2016 05 15 19 50  85  9.8 12.5  2.29  7.69  5.86 105 1011.4  28.7  28.4  25.7 99.0 99.00
2016 05 15 20 50  81  9.6 11.4  2.42  7.69  6.04  99 1011.0  28.7  28.4  25.7 99.0 99.00
2016 05 15 21 50  76 10.5 12.2  2.42  8.33  6.02 108 1010.8  28.6  28.4  25.6 99.0 99.00
2016 05 15 22 50  77  9.8 11.5  2.41  7.69  5.97  99 1011.4  28.6  28.4  25.7 99.0 99.00
2016 05 15 23 50  74  9.6 12.0  2.59  9.09  6.31 108 1012.0  28.6  28.4  25.8 99.0 99.00
2016 05 16 00 50  75 10.6 12.7  2.59  9.09  6.17 110 1012.5  28.5  28.4  25.8 99.0 99.00
2016 05 16 01 50  80  9.6 11.4  2.46  8.33  6.06  99 1013.4  28.6  28.3  25.9 99.0 99.00
2016 05 16 02 50  77 10.0 12.6  2.53  8.33  6.07  91 1013.8  28.5  28.3  25.8 99.0 99.00
2016 05 16 03 50  76 10.3 13.5  2.31  7.69  5.79  98 1013.9  28.5  28.3  25.9 99.0 99.00
2016 05 16 04 50  75 11.8 15.2  2.51  8.33  5.94  93 1013.2  28.4  28.3  25.7 99.0 99.00
2016 05 16 05 50  77 10.7 13.2  2.66  7.69  6.22  97 1012.8  28.4  28.3  25.8 99.0 99.00
2016 05 16 06 50  80 11.0 13.3  2.77  8.33  6.04  90 1012.2  28.4  28.3  25.8 99.0 99.00
2016 05 16 07 50  87 12.0 14.3  2.96  8.33  6.30  97 1011.6  28.4  28.3  25.6 99.0 99.00
2016 05 16 08 50  85 10.9 13.2  2.80  8.33  6.28  96 1011.7  28.4  28.3  25.8 99.0 99.00
2016 05 16 09 50  93 11.9 14.2  2.96  8.33  6.12  99 1011.8  28.4  28.3  25.4 99.0 99.00
2016 05 16 10 50  91 11.2 13.6  2.78  8.33  6.02  95 1012.0  28.5  28.3  25.4 99.0 99.00
2016 05 16 11 50  88 11.1 14.1  2.97  8.33  6.22 100 1013.0  28.7  28.3  25.2 99.0 99.00
2016 05 16 12 50  87 10.9 12.3  2.56  8.33  6.14  92 1013.6  28.8  28.3  25.5 99.0 99.00
2016 05 16 13 50  93 11.0 14.8  2.90  7.69  6.26  93 1013.7  28.7  28.3  25.6 99.0 99.00
2016 05 16 14 50  90 10.7 13.1  3.01  7.69  6.43  97 1013.9  28.8  28.3  25.4 99.0 99.00
2016 05 16 15 50  88 11.1 13.5  2.88  8.33  6.18 101 1013.7  28.7  28.4  25.4 99.0 99.00
2016 05 16 16 50  90 12.0 14.5  2.86  8.33  6.24 104 1013.1  28.7  28.4  25.2 99.0 99.00
2016 05 16 17 50  90 12.2 15.0  2.91  8.33  6.29 101 1012.5  28.7  28.4  25.1 99.0 99.00
2016 05 16 18 50  84 11.4 13.9  3.01  9.09  6.47 114 1012.2  28.8  28.4  25.3 99.0 99.00
2016 05 16 19 50  84 10.8 12.9  3.12  9.09  6.49 102 1012.0  28.8  28.4  25.5 99.0 99.00
2016 05 16 20 50  84 10.5 12.7  2.98  8.33  6.62 104 1011.8  28.7  28.4  25.5 99.0 99.00
2016 05 16 21 50  81 11.1 13.7  3.00  8.33  6.27  97 1011.7  28.7  28.4  25.5 99.0 99.00
2016 05 16 22 50  81 11.4 13.8  3.00  9.09  6.38 107 1011.8  28.6  28.4  25.3 99.0 99.00
2016 05 16 23 50  76 11.0 13.5  2.88  8.33  6.32 106 1012.4  28.5  28.4  25.3 99.0 99.00
2016 05 17 00 50  74 11.6 13.9  2.65  9.09  6.08 104 1012.7  28.5  28.4  25.4 99.0 99.00
2016 05 17 02 50  79 11.3 13.9  2.69  8.33  6.14 101 1013.6  28.4  28.3  25.4 99.0 99.00
2016 05 17 03 50  79 12.1 14.3  2.87  8.33  6.19  99 1013.8  28.4  28.3  25.1 99.0 99.00
2016 05 17 04 50  77 11.6 14.1  2.81  9.09  6.30 108 1013.2  28.3  28.3  25.2 99.0 99.00
2016 05 17 05 50  78 12.3 14.5  2.83  8.33  6.25 106 1012.8  28.3  28.3  25.1 99.0 99.00
2016 05 17 06 50  75 11.6 14.3  2.65  8.33  5.97  97 1012.4  28.2  28.3  25.1 99.0 99.00
2016 05 17 07 50  77 12.2 14.6  3.31  8.33  6.65 100 1012.0  28.2  28.3  25.3 99.0 99.00
2016 05 17 08 50  72 11.8 14.2  3.04  8.33  6.45 110 1012.2  28.2  28.3  25.3 99.0 99.00
2016 05 17 09 50  76 12.7 15.4  2.75  8.33  5.97  97 1012.5  28.3  28.3  25.0 99.0 99.00
2016 05 17 10 50  82 12.2 15.2  3.23  8.33  6.47  96 1013.1  28.4  28.3  24.7 99.0 99.00
2016 05 17 11 50  83 11.8 14.1  3.22  8.33  6.31 100 1014.0  28.5  28.3  24.8 99.0 99.00
2016 05 17 12 50  86 11.4 13.8  2.99  8.33  6.22 102 1014.8  28.6  28.3  24.6 99.0 99.00
2016 05 17 13 50  84 11.0 13.1  2.89  9.09  6.21  86 1015.0  28.6  28.3  24.9 99.0 99.00
2016 05 17 14 50  83 11.3 13.4  3.21  8.33  6.49  90 1015.2  28.6  28.3  24.9 99.0 99.00
2016 05 17 15 50  82 10.2 11.7  3.01  8.33  6.40  93 1014.9  28.6  28.3  25.1 99.0 99.00
2016 05 17 16 50  87 11.0 13.1  3.00  9.09  6.41  94 1014.0  28.6  28.4  25.0 99.0 99.00
2016 05 17 17 50  92 11.3 13.8  3.03  8.33  6.47  98 1013.4  28.6  28.4  24.9 99.0 99.00
2016 05 17 18 50  84 10.6 12.4  2.81  9.09  6.20  95 1012.7  28.6  28.4  24.9 99.0 99.00
2016 05 17 19 50  88 11.2 13.6  2.94  8.33  6.45  82 1011.9  28.6  28.4  24.9 99.0 99.00
2016 05 17 20 50  88 11.0 13.6  2.89  8.33  6.24 101 1011.5  28.6  28.4  24.6 99.0 99.00
2016 05 17 21 50  86 10.4 12.7  2.91  8.33  6.23 106 1011.4  28.6  28.4  24.9 99.0 99.00
2016 05 17 22 50  81 10.4 12.1  2.76  8.33  6.31  95 1012.0  28.5  28.4  25.0 99.0 99.00
2016 05 17 23 50  79 10.9 13.2  2.43  9.09  6.07  95 1012.0  28.4  28.4  25.0 99.0 99.00
2016 05 18 00 50  81 10.9 12.8  2.84  8.33  6.35  98 1012.3  28.3  28.4  25.1 99.0 99.00
2016 05 18 01 50  80 11.1 13.0  2.70  8.33  6.26  89 1012.8  28.4  28.3  25.1 99.0 99.00
2016 05 18 02 50  78 11.6 13.8  2.58  8.33  6.07  92 1013.2  28.4  28.3  25.0 99.0 99.00
2016 05 18 03 50  78 11.0 14.0  2.99  8.33  6.34  89 1013.2  28.3  28.3  24.8 99.0 99.00
2016 05 18 04 50  80 10.6 13.2  3.14  8.33  6.56  95 1012.9  28.3  28.3  25.0 99.0 99.00
2016 05 18 05 50  84 10.4 13.5  2.80  8.33  6.16  88 1012.4  28.3  28.3  24.8 99.0 99.00
2016 05 18 06 50  83 10.5 13.0  2.60  8.33  6.09  91 1011.7  28.2  28.3  24.9 99.0 99.00
2016 05 18 07 50  85 10.5 12.7  2.72  8.33  6.14  89 1011.8  28.2  28.3  25.1 99.0 99.00
2016 05 18 08 50  90 11.1 13.5  2.77  7.69  6.04  98 1011.5  28.2  28.3  24.8 99.0 99.00
2016 05 18 09 50  89 10.9 13.0  2.74  7.69  6.11  92 1011.5  28.2  28.3  24.5 99.0 99.00
2016 05 18 10 50  87 10.5 12.9  3.05  7.69  6.35  88 1012.0  28.3  28.3  24.4 99.0 99.00
2016 05 18 11 50  85 10.8 12.8  2.95  8.33  6.32  92 1013.0  28.5  28.3  24.9 99.0 99.00
2016 05 18 12 50  93 10.3 12.7  2.98  8.33  6.29  95 1013.7  28.7  28.3  25.0 99.0 99.00
2016 05 18 13 50  90 10.5 12.6  2.76  8.33  6.12  94 1014.1  28.6  28.3  25.2 99.0 99.00
2016 05 18 14 50  88 10.4 12.4  2.84  8.33  6.25  91 1014.3  28.6  28.4  25.4 99.0 99.00
2016 05 18 15 50  90  9.7 12.3  2.77  8.33  6.38  90 1014.4  28.7  28.4  25.5 99.0 99.00
2016 05 18 16 50  86  9.9 11.6  2.92  8.33  6.41 105 1014.2  28.6  28.4  25.4 99.0 99.00
2016 05 18 17 50  85  9.8 12.1  2.58  8.33  5.98  95 1013.5  28.6  28.4  25.6 99.0 99.00
2016 05 18 18 50  83 10.1 11.6  2.71  8.33  6.22  97 1012.6  28.6  28.4  25.5 99.0 99.00
2016 05 18 19 50  84 10.4 12.7  2.59  8.33  6.13  96 1012.2  28.6  28.4  25.5 99.0 99.00
2016 05 18 20 50  84  9.4 11.2  2.75  9.09  6.37 100 1011.7  28.6  28.4  25.6 99.0 99.00
2016 05 18 21 50  83  9.5 11.4  2.61  8.33  6.16 100 1011.3  28.7  28.4  25.6 99.0 99.00
2016 05 18 22 50  81 10.2 11.8  2.64  8.33  6.27  87 1011.8  28.6  28.4  25.6 99.0 99.00
2016 05 18 23 50  87 10.1 12.6  2.89  8.33  6.39  91 1012.3  28.5  28.4  25.5 99.0 99.00
2016 05 19 00 50  83  9.6 11.8  2.38  8.33  5.78  90 1012.8  28.5  28.4  25.8 99.0 99.00
2016 05 19 01 50  88 10.0 12.1  2.33  8.33  5.72  88 1013.4  28.5  28.4  25.7 99.0 99.00
2016 05 19 02 50  88 10.3 12.1  2.51  8.33  5.95  88 1013.8  28.5  28.3  25.5 99.0 99.00
2016 05 19 03 50  83 10.7 12.6  2.55  8.33  5.95  89 1013.9  28.5  28.3  25.5 99.0 99.00
2016 05 19 04 50  82  9.8 11.7  2.59  8.33  6.00  88 1013.3  28.4  28.3  25.5 99.0 99.00
2016 05 19 05 50  80 10.6 12.5  2.87  8.33  6.15  89 1012.7  28.4  28.3  25.4 99.0 99.00
2016 05 19 06 50  86 10.9 13.0  2.45  8.33  5.83  85 1012.0  28.3  28.3  25.2 99.0 99.00
2016 05 19 07 50  90  9.9 11.8  2.78  8.33  6.11  85 1012.1  28.3  28.3  25.3 99.0 99.00
2016 05 19 08 50  90 10.3 12.0  2.58  8.33  6.15  90 1012.2  28.4  28.3  25.0 99.0 99.00
2016 05 19 09 50  87 10.9 13.5  2.46  8.33  5.93  98 1012.6  28.3  28.3  25.0 99.0 99.00
2016 05 19 10 50  88  9.3 11.2  2.58  8.33  6.09  93 1013.4  28.4  28.3  25.2 99.0 99.00
2016 05 19 11 50  89 11.0 13.1  2.67  8.33  6.19  94 1014.0  28.6  28.3  25.0 99.0 99.00
2016 05 19 12 50  87 10.3 12.3  2.66  8.33  6.04  91 1014.4  28.7  28.3  25.1 99.0 99.00
2016 05 19 13 50  87 10.6 13.0  2.66  8.33  6.19  86 1014.4  28.6  28.3  25.3 99.0 99.00
2016 05 19 14 50  89 10.9 13.1  2.67  8.33  6.18  94 1014.1  28.6  28.3  25.1 99.0 99.00
2016 05 19 15 50  87  9.7 12.1  2.57  8.33  6.02  87 1014.0  28.6  28.3  25.5 99.0 99.00
2016 05 19 16 50  86 10.5 13.0  2.70  7.69  6.16  92 1013.6  28.5  28.3  25.1 99.0 99.00
2016 05 19 17 50  88 10.6 12.7  2.69  8.33  6.17  90 1012.7  28.6  28.4  24.9 99.0 99.00
2016 05 19 18 50  90 10.2 12.4  2.60  8.33  5.87  93 1011.7  28.5  28.4  25.2 99.0 99.00
2016 05 19 19 50  87 10.4 13.3  2.65  8.33  6.05  98 1011.2  28.6  28.4  25.1 99.0 99.00
2016 05 19 20 50  82 10.0 12.1  2.80  8.33  6.29  98 1010.9  28.6  28.4  25.2 99.0 99.00
2016 05 19 21 50  79  9.9 12.1  2.79  8.33  6.16  97 1011.0  28.5  28.4  25.4 99.0 99.00
2016 05 19 22 50  84 10.3 12.4  2.68  8.33  5.99  96 1011.3  28.5  28.4  25.2 99.0 99.00
2016 05 19 23 50  83 10.3 12.7  2.70  8.33  6.05  98 1012.0  28.5  28.4  24.9 99.0 99.00
2016 05 20 00 50  82 10.6 12.4  2.50  8.33  5.88  91 1012.6  28.5  28.3  25.2 99.0 99.00
2016 05 20 01 50  80 10.8 12.9  2.75  8.33  6.18  93 1012.9  28.4  28.3  25.1 99.0 99.00
2016 05 20 02 50  80 10.8 13.2  2.84  8.33  6.41  94 1013.2  28.4  28.3  25.0 99.0 99.00
2016 05 20 03 50  74 10.7 13.1  2.87  8.33  6.21  99 1013.3  28.4  28.3  25.1 99.0 99.00
2016 05 20 04 50  78 10.0 12.2  2.98  8.33  6.29  97 1013.0  28.3  28.3  25.1 99.0 99.00
2016 05 20 05 50  81 10.2 12.0  2.84  7.69  6.29  91 1012.4  28.3  28.3  25.1 99.0 99.00
2016 05 20 06 50  77 10.7 13.0  2.66  8.33  6.11  97 1011.9  28.2  28.3  24.9 99.0 99.00
2016 05 20 07 50  79 10.6 12.8  2.82  8.33  6.28  92 1011.9  28.2  28.3  25.2 99.0 99.00
2016 05 20 08 50  82 11.2 12.8  2.51  8.33  5.85  93 1012.1  28.2  28.3  24.8 99.0 99.00
2016 05 20 09 50  82 11.8 14.1  2.48  7.69  5.80  84 1012.5  28.3  28.3  24.4 99.0 99.00
2016 05 20 10 50  85 12.5 14.8  2.56  7.14  5.95  90 1013.1  28.4  28.3  24.1 99.0 99.00
2016 05 20 11 50  82 11.7 14.3  2.50  7.69  5.92  97 1013.9  28.6  28.3  24.5 99.0 99.00
2016 05 20 12 50  83 10.9 12.9  2.82  8.33  6.27  91 1014.2  28.6  28.3  24.6 99.0 99.00
2016 05 20 13 50  86 11.3 13.4  2.65  7.69  5.95  93 1014.5  28.6  28.3  24.7 99.0 99.00
2016 05 20 14 50  82 11.1 13.8  2.50  8.33  5.98  98 1014.7  28.6  28.3  24.8 99.0 99.00
2016 05 20 15 50  89 11.3 13.3  2.77  7.69  6.00  94 1014.5  28.7  28.3  24.6 99.0 99.00
2016 05 20 16 50  85 10.7 12.6  2.66  8.33  5.97 100 1014.3  28.6  28.3  25.0 99.0 99.00
2016 05 20 17 50  88 11.3 13.5  2.79  8.33  6.19 101 1014.0  28.7  28.3  24.8 99.0 99.00
2016 05 20 18 50  93  9.5 11.7  2.66  8.33  6.08  87 1013.5  28.7  28.4  25.1 99.0 99.00
2016 05 20 19 50  86 10.0 12.2  2.78  8.33  6.30  99 1012.7  28.7  28.4  25.0 99.0 99.00
2016 05 20 20 50  86  9.7 12.2  2.69  8.33  6.07  96 1012.5  28.7  28.4  25.1 99.0 99.00
2016 05 20 21 50  81  9.4 11.2  2.59  8.33  6.13  95 1012.0  28.6  28.4  25.2 99.0 99.00
2016 05 20 22 50  81  9.8 12.0  2.55  8.33  6.11  98 1012.2  28.5  28.4  24.9 99.0 99.00
2016 05 20 23 50  77  9.6 11.5  2.45  8.33  5.93  99 1013.0  28.4  28.3  24.9 99.0 99.00
2016 05 21 00 50  80  9.7 11.8  2.42  8.33  5.72  98 1013.1  28.4  28.3  24.9 99.0 99.00
2016 05 21 01 50  78 10.9 12.8  2.40  8.33  5.77  98 1013.7  28.5  28.3  24.6 99.0 99.00
2016 05 21 02 50  77 10.4 12.7  2.70  8.33  6.16  97 1013.9  28.4  28.3  24.8 99.0 99.00
2016 05 21 03 50  75 10.8 13.2  2.34  8.33  5.92  98 1013.9  28.3  28.3  25.0 99.0 99.00
2016 05 21 04 50  76 10.8 13.3  2.45  8.33  5.84  97 1013.7  28.3  28.3  24.8 99.0 99.00
2016 05 21 05 50  80 10.8 12.8  2.65  8.33  6.12 104 1013.3  28.2  28.3  24.6 99.0 99.00
2016 05 21 06 50  81 10.3 12.8  2.62  8.33  6.06 104 1013.0  28.2  28.3  24.7 99.0 99.00
2016 05 21 07 50  79 10.4 12.9  2.54  7.69  5.80  99 1012.9  28.2  28.3  24.7 99.0 99.00
2016 05 21 08 50  88 11.2 13.5  2.74  8.33  6.26  93 1012.8  28.2  28.3  24.3 99.0 99.00
2016 05 21 09 50  82 11.3 14.0  2.54  8.33  6.04 100 1013.2  28.2  28.3  24.7 99.0 99.00
2016 05 21 10 50  82 11.3 13.8  2.78  8.33  6.20  93 1013.3  28.2  28.3  24.1 99.0 99.00
2016 05 21 11 50  86 11.4 13.6  2.82  8.33  6.25  99 1014.0  28.4  28.3  24.3 99.0 99.00
2016 05 21 12 50  89 12.0 14.1  2.70  8.33  6.19  98 1014.1  28.6  28.3  23.9 99.0 99.00
2016 05 21 13 50  82 10.5 12.2  3.15  8.33  6.55  99 1014.6  28.5  28.3  24.5 99.0 99.00
2016 05 21 14 50  77 11.0 13.4  2.60  8.33  6.14  94 1014.7  28.6  28.3  24.4 99.0 99.00
2016 05 21 15 50  80 11.2 14.1  2.98  8.33  6.32 103 1014.2  28.6  28.3  24.2 99.0 99.00
2016 05 21 16 50  75 10.9 13.1  2.75  8.33  6.12 110 1013.7  28.5  28.3  24.4 99.0 99.00
2016 05 21 17 50  76 10.1 11.6  2.65  8.33  6.09  94 1012.9  28.5  28.4  24.6 99.0 99.00
2016 05 21 18 50  74 10.2 12.6  2.39  8.33  5.87  86 1012.3  28.5  28.4  25.0 99.0 99.00
2016 05 21 19 50  82 10.7 12.5  2.82  8.33  6.26 106 1011.8  28.6  28.4  24.6 99.0 99.00
2016 05 21 20 50  84 10.7 12.8  2.84  8.33  6.21  97 1011.5  28.6  28.4  24.5 99.0 99.00
2016 05 21 21 50  81 10.6 12.9  2.68  8.33  6.16 103 1011.2  28.5  28.4  24.6 99.0 99.00
2016 05 21 22 50  84 10.8 12.9  2.54  7.69  6.03 105 1011.2  28.5  28.4  24.6 99.0 99.00
2016 05 21 23 50  81 10.4 13.3  2.39  8.33  5.86 102 1011.9  28.4  28.4  24.8 99.0 99.00
2016 05 22 00 50  78 10.1 12.0  2.63  8.33  6.16  91 1012.5  28.4  28.4  25.0 99.0 99.00
2016 05 22 01 50  84 10.1 11.8  2.45  8.33  5.79  97 1013.0  28.4  28.4  25.2 99.0 99.00
2016 05 22 02 50  82 10.4 12.4  2.44  7.69  5.90  94 1013.5  28.4  28.3  24.7 99.0 99.00
2016 05 22 03 50  81  9.7 11.6  2.51  8.33  6.00 109 1013.2  28.3  28.3  24.9 99.0 99.00
2016 05 22 04 50  86 10.1 12.4  2.47  8.33  5.94  89 1012.9  28.3  28.3  24.8 99.0 99.00
2016 05 22 05 50  86 10.1 11.6  2.42  8.33  5.92  96 1012.2  28.3  28.3  24.9 99.0 99.00
2016 05 22 06 50  79 10.2 12.5  2.29  8.33  5.84  96 1011.6  28.3  28.3  25.1 99.0 99.00
2016 05 22 07 50  78  8.9 10.9  2.62  8.33  6.36  92 1011.4  28.3  28.3  25.3 99.0 99.00
2016 05 22 08 50  78  9.9 12.1  2.28  8.33  5.86  98 1011.3  28.3  28.3  25.3 99.0 99.00
2016 05 22 09 50  78 10.0 11.8  2.50  8.33  6.23  99 1011.5  28.3  28.3  25.3 99.0 99.00
2016 05 22 10 50  77  8.4  9.9  2.21  8.33  5.89  95 1011.9  28.2  28.3  25.5 99.0 99.00
2016 05 22 11 50  74  9.8 11.8  2.25  7.69  5.95  98 1012.2  28.4  28.3  25.4 99.0 99.00
2016 05 22 12 50  75  9.9 11.5  2.38  9.09  5.96  88 1012.5  28.5  28.3  25.4 99.0 99.00
2016 05 22 13 50  74  8.8 10.5  2.44  8.33  6.10  90 1012.9  28.6  28.3  25.6 99.0 99.00
2016 05 22 14 50  71  9.2 11.6  2.33  8.33  5.92  90 1012.7  28.5  28.4  25.5 99.0 99.00
2016 05 22 15 50  71  8.5 10.7  2.42  7.69  6.09  87 1012.6  28.5  28.4  25.9 99.0 99.00
2016 05 22 16 50  69  8.9 11.5  2.45  8.33  6.24  92 1012.0  28.4  28.4  25.8 99.0 99.00
2016 05 22 17 50  76  9.7 12.5  2.09  8.33  5.71  95 1011.5  28.5  28.5  25.7 99.0 99.00
2016 05 22 18 50  74  9.6 11.1  2.44  7.69  6.14 101 1010.8  28.6  28.5  25.7 99.0 99.00
2016 05 22 19 50  71  9.9 11.8  2.33  8.33  5.90  94 1010.0  28.6  28.5  25.6 99.0 99.00
2016 05 22 20 50  75 10.1 11.8  2.35  8.33  5.96  88 1009.8  28.7  28.5  25.5 99.0 99.00
2016 05 22 21 50  69 10.2 12.2  2.48  8.33  6.04 102 1009.5  28.6  28.5  25.6 99.0 99.00
2016 05 22 22 50  74  9.8 11.5  2.18  8.33  5.58  91 1009.7  28.5  28.5  25.8 99.0 99.00
2016 05 22 23 50  79  8.8 10.5  2.43  8.33  6.06  85 1010.5  28.5  28.5  25.9 99.0 99.00
2016 05 23 00 50  89  9.7 11.6  2.17  8.33  5.66  91 1011.2  28.5  28.4  25.7 99.0 99.00
2016 05 23 01 50  79 10.0 11.7  2.32  8.33  5.95  96 1011.6  28.5  28.4  25.9 99.0 99.00
2016 05 23 02 50  83  9.5 11.5  2.22  8.33  5.66  90 1012.1  28.5  28.4  25.6 99.0 99.00
2016 05 23 03 50  81 10.3 12.2  2.17  8.33  5.63  91 1012.3  28.5  28.4  25.6 99.0 99.00
2016 05 23 04 50  79  9.6 11.2  2.22  7.69  5.75  98 1011.8  28.4  28.4  25.8 99.0 99.00
2016 05 23 05 50  82  9.9 11.8  2.19  8.33  5.76  92 1011.3  28.5  28.4  25.6 99.0 99.00
2016 05 23 06 50  83 10.2 12.3  2.07  7.69  5.58  96 1010.7  28.4  28.4  25.3 99.0 99.00
2016 05 23 07 50  83 10.1 12.4  2.08  8.33  5.56  90 1010.5  28.4  28.4  25.4 99.0 99.00
2016 05 23 08 50  82 10.0 11.8  2.48  8.33  6.02 108 1010.6  28.4  28.4  25.2 99.0 99.00
2016 05 23 09 50  81  8.7 10.5  2.48  7.69  5.97  98 1010.9  28.4  28.4  25.5 99.0 99.00
2016 05 23 10 50  86  9.4 11.1  2.45  8.33  6.14  94 1011.2  28.4  28.4  25.6 99.0 99.00
2016 05 23 11 50  86  8.8 10.6  2.49  9.09  6.13  90 1011.6  28.5  28.4  25.7 99.0 99.00
2016 05 23 12 50  88  7.6  9.0  2.35  9.09  5.95 101 1011.8  28.3  28.4  25.8 99.0 99.00
2016 05 23 13 50  89  9.3 11.3  2.66  9.09  6.28  93 1011.8  28.6  28.4  25.7 99.0 99.00
2016 05 23 14 50  96  9.0 10.6  2.62  9.09  6.34  94 1011.8  28.4  28.4  25.9 99.0 99.00
2016 05 23 15 50  92  9.2 11.1  2.66  9.09  6.35  83 1012.0  28.7  28.5  26.1 99.0 99.00
2016 05 23 16 50  94  9.1 11.1  2.59  9.09  6.46  93 1011.7  28.8  28.5  25.9 99.0 99.00
2016 05 23 17 50  93  8.8 10.6  2.62  8.33  6.24  90 1011.4  28.8  28.5  26.0 99.0 99.00
2016 05 23 18 50  84  7.4  9.0  2.57  9.09  6.29  86 1011.2  28.7  28.5  26.1 99.0 99.00
2016 05 23 19 50  81  7.5  9.1  2.35  9.09  6.15  91 1010.7  28.8  28.5  26.2 99.0 99.00
2016 05 23 20 50  85  7.9 10.4  2.47  8.33  6.26 100 1010.2  28.8  28.5  26.2 99.0 99.00
2016 05 23 21 50  83  9.5 11.3  2.64  8.33  6.59  99 1010.1  28.8  28.5  26.0 99.0 99.00
2016 05 23 22 50  84  8.2 10.5  2.64  8.33  6.66  98 1010.4  28.7  28.5  26.2 99.0 99.00
2016 05 23 23 50  84  8.0  9.9  2.35  9.09  6.24 102 1011.3  28.6  28.5  26.3 99.0 99.00
2016 05 24 00 50  73  8.4 10.2  2.37  7.69  6.20  95 1012.2  28.7  28.5  26.3 99.0 99.00
2016 05 24 01 50  71  8.8 10.7  2.50  8.33  6.44  94 1012.6  28.7  28.5  26.4 99.0 99.00
2016 05 24 02 50  74  9.6 12.1  2.51  9.09  6.30  92 1012.6  28.6  28.5  26.4 99.0 99.00
2016 05 24 03 50  84 10.9 12.9  2.55  9.09  6.37  91 1012.8  28.6  28.5  26.1 99.0 99.00
2016 05 24 04 50  82 10.8 13.0  2.72  9.09  6.45  91 1011.9  28.6  28.5  25.9 99.0 99.00
2016 05 24 05 50  84 10.4 12.3  2.54  9.09  6.20  85 1011.4  28.5  28.5  26.1 99.0 99.00
2016 05 24 06 50  90 10.6 12.7  2.44  9.09  6.00  96 1011.2  28.5  28.5  25.9 99.0 99.00
2016 05 24 07 50  86  9.8 11.8  2.75  9.09  6.20  89 1011.1  28.5  28.5  26.0 99.0 99.00
2016 05 24 08 50  94  9.4 11.8  2.66  9.09  6.43  91 1011.3  28.5  28.5  26.0 99.0 99.00
2016 05 24 09 50  97  9.9 12.0  2.49  9.09  6.06  95 1011.6  28.6  28.5  25.9 99.0 99.00
2016 05 24 10 50  98  9.8 11.6  2.51  9.09  6.25  91 1012.3  28.5  28.5  25.7 99.0 99.00
2016 05 24 11 50  86  9.7 11.6  2.60  9.09  6.40  93 1012.8  28.6  28.5  26.0 99.0 99.00
2016 05 24 12 50  91  9.9 12.7  2.59  8.33  6.26  93 1013.4  28.8  28.5  26.0 99.0 99.00
2016 05 24 13 50  92  9.9 12.1  2.53  8.33  6.22  90 1013.8  28.8  28.5  26.1 99.0 99.00
2016 05 24 14 50  91  9.6 12.2  2.73  9.09  6.37  94 1014.0  28.9  28.5  26.2 99.0 99.00
2016 05 24 15 50  85  8.5 11.3  2.85  9.09  6.53  85 1014.6  28.9  28.5  26.1 99.0 99.00
2016 05 24 16 50  87  9.2 11.5  2.62  9.09  6.21  91 1014.3  28.9  28.5  26.2 99.0 99.00
2016 05 24 17 50  85  8.4 10.0  3.02  9.09  6.87  89 1014.3  28.9  28.6  26.3 99.0 99.00
2016 05 24 18 50  93  8.8 10.4  2.52  9.09  6.31  92 1013.2  28.8  28.6  26.1 99.0 99.00
2016 05 24 19 50  96 10.5 12.2  2.80  9.09  6.63  91 1012.0  28.8  28.6  26.1 99.0 99.00
2016 05 24 20 50  98 11.2 13.5  2.71  8.33  6.34  96 1011.8  28.8  28.6  25.9 99.0 99.00
2016 05 24 21 50  93 10.7 13.1  2.61 10.00  6.37  87 1011.9  28.8  28.6  25.8 99.0 99.00
2016 05 24 22 50  86 10.0 12.5  2.92  9.09  6.51  83 1012.0  28.7  28.5  25.6 99.0 99.00
2016 05 24 23 50  85 10.0 12.5  2.87  9.09  6.53  83 1013.1  28.7  28.5  25.5 99.0 99.00
2016 05 25 00 50  75 10.0 12.6  2.78  9.09  6.52  88 1013.8  28.7  28.5  25.7 99.0 99.00
2016 05 25 01 50  70 10.3 12.5  2.91  9.09  6.55  83 1014.5  28.7  28.5  25.8 99.0 99.00
2016 05 25 02 50  69 10.3 12.1  2.89  9.09  6.41  93 1014.9  28.6  28.5  25.8 99.0 99.00
2016 05 25 03 50  82 10.1 12.2  2.91  9.09  6.57  87 1014.8  28.6  28.5  25.7 99.0 99.00
2016 05 25 04 50  81  9.6 11.9  2.92  9.09  6.62  91 1014.7  28.5  28.5  25.8 99.0 99.00
2016 05 25 05 50  87 10.3 12.7  2.87  9.09  6.31  87 1014.2  28.6  28.5  25.2 99.0 99.00
2016 05 25 06 50  81  9.6 12.1  2.89  9.09  6.44  92 1013.3  28.4  28.5  25.4 99.0 99.00
2016 05 25 07 50  76 11.1 13.4  2.98  9.09  6.38  84 1012.9  28.5  28.5  25.2 99.0 99.00
2016 05 25 08 50  76 12.3 15.3  2.80  9.09  6.38  87 1013.0  28.5  28.5  25.0 99.0 99.00
2016 05 25 09 50  75 11.7 14.0  3.03 10.00  6.42  88 1013.5  28.5  28.5  25.0 99.0 99.00
2016 05 25 10 50  75 11.7 13.9  3.07  9.09  6.41  92 1014.0  28.6  28.5  25.1 99.0 99.00
2016 05 25 11 50  78 11.1 13.9  2.79 10.00  6.26  89 1014.4  28.5  28.5  25.3 99.0 99.00
2016 05 25 12 50  77 11.3 13.7  3.14 10.00  6.69 101 1014.8  28.7  28.5  24.9 99.0 99.00
2016 05 25 13 50  76 11.4 13.6  3.15  8.33  6.62  86 1015.1  28.6  28.5  25.0 99.0 99.00
2016 05 25 14 50  79 10.8 13.6  3.10  9.09  6.58  96 1015.2  28.6  28.5  25.0 99.0 99.00
2016 05 25 15 50  80 11.2 13.3  3.40 10.00  6.84  95 1015.2  28.7  28.5  24.7 99.0 99.00
2016 05 25 16 50  74 10.5 13.1  3.26 10.00  6.78  87 1015.0  28.7  28.5  25.0 99.0 99.00
2016 05 25 17 50  71  9.4 11.4  3.22  9.09  6.52  68 1014.5  28.5  28.5  25.3 99.0 99.00
2016 05 25 18 50  71  9.6 11.9  3.07  9.09  6.66  91 1014.0  28.5  28.5  25.2 99.0 99.00
2016 05 25 19 50  64  7.9  9.8  3.03  8.33  6.58  85 1014.1  28.5  28.5  25.2 99.0 99.00
2016 05 25 20 50  74  8.1  9.7  2.90  9.09  6.55  94 1013.6  28.3  28.5  25.1 99.0 99.00
2016 05 25 21 50  82  6.9  8.2  2.81  9.09  6.73  92 1013.3  28.3  28.5  24.9 99.0 99.00
2016 05 25 22 50 100  7.3  9.1  2.68 10.00  6.51  96 1013.1  28.3  28.5  25.0 99.0 99.00
2016 05 25 23 50 109 10.3 12.0  2.56  9.09  6.49  98 1012.2  28.3  28.5  25.0 99.0 99.00
2016 05 26 00 50 102  7.7  9.6  2.64  8.33  6.46 102 1013.8  28.4  28.5  25.1 99.0 99.00
2016 05 26 01 50  97  7.6  8.9  2.57  7.69  6.44  96 1014.3  28.4  28.5  24.9 99.0 99.00
2016 05 26 02 50  92  7.4  9.1  2.34  8.33  6.29 103 1014.2  28.4  28.5  24.9 99.0 99.00
2016 05 26 03 50  79  6.9  9.0  2.48  9.09  6.41  94 1014.3  28.3  28.5  25.0 99.0 99.00
2016 05 26 04 50  81  7.6  8.7  2.15  9.09  6.08  98 1014.4  28.3  28.5  25.0 99.0 99.00
2016 05 26 05 50  90  7.1  9.0  2.20  9.09  6.35  89 1013.7  28.3  28.5  25.0 99.0 99.00
2016 05 26 06 50  86  7.6  9.4  2.09  8.33  6.16  85 1012.7  28.2  28.5  24.9 99.0 99.00
2016 05 26 07 50  94  8.1 10.0  2.20  9.09  6.12  98 1012.3  28.1  28.5  25.0 99.0 99.00
2016 05 26 08 50  88  9.9 11.6  2.11  8.33  5.94  92 1011.9  28.2  28.4  24.7 99.0 99.00
2016 05 26 09 50  85  9.6 11.9  2.23  8.33  5.92  95 1012.0  28.3  28.4  24.7 99.0 99.00
2016 05 26 10 50  82  9.6 11.4  2.06  9.09  5.80  79 1012.3  28.2  28.4  24.5 99.0 99.00
2016 05 26 11 50  83  9.5 11.0  1.92  8.33  5.55  97 1012.5  28.3  28.4  24.5 99.0 99.00
2016 05 26 12 50  85  9.7 11.4  2.07  8.33  5.81  86 1012.6  28.4  28.4  24.4 99.0 99.00
2016 05 26 13 50  88  9.7 10.9  2.02  8.33  5.63  93 1012.9  28.4  28.5  24.5 99.0 99.00
2016 05 26 14 50  85  9.0 10.9  2.11  8.33  5.77  92 1012.9  28.4  28.5  24.7 99.0 99.00
2016 05 26 15 50  92  8.7 10.1  2.02  8.33  5.58  91 1013.0  28.5  28.5  24.4 99.0 99.00
2016 05 26 16 50  92  8.2  9.7  2.00  8.33  5.76  82 1012.6  28.4  28.5  24.5 99.0 99.00
2016 05 26 17 50  91  8.2  9.8  1.98  8.33  5.60  86 1012.4  28.4  28.5  24.8 99.0 99.00
2016 05 26 18 50  96  8.2  9.6  1.94  8.33  5.52  93 1011.8  28.4  28.5  24.7 99.0 99.00
2016 05 26 19 50  85  8.2  9.5  1.77  7.69  5.42  80 1011.4  28.4  28.5  24.9 99.0 99.00
2016 05 26 20 50  98  8.7 10.0  1.88  7.69  5.49  93 1010.7  28.4  28.5  24.3 99.0 99.00
2016 05 26 21 50  92  8.0  9.5  1.87  7.14  5.46 106 1010.6  28.5  28.5  23.8 99.0 99.00
2016 05 26 22 50  91  7.9  9.3  1.79  7.69  5.47  95 1010.7  28.5  28.5  24.1 99.0 99.00
2016 05 26 23 50  90  8.0  9.5  1.78  6.67  5.37  96 1011.2  28.4  28.5  24.1 99.0 99.00
2016 05 27 00 50  86  7.6  9.1  1.82  7.14  5.52  98 1011.9  28.4  28.5  24.3 99.0 99.00
2016 05 27 01 50  88  7.6  9.3  1.73  6.67  5.56  96 1012.5  28.4  28.5  24.4 99.0 99.00
2016 05 27 02 50  94  6.5  7.7  1.66  7.14  5.45 100 1013.0  28.4  28.5  24.5 99.0 99.00
2016 05 27 03 50  96  7.6  8.7  1.57  7.69  5.27  81 1012.6  28.3  28.5  24.3 99.0 99.00
2016 05 27 04 50  94  6.6  7.7  1.82  7.69  5.64  91 1012.2  28.2  28.5  24.7 99.0 99.00
2016 05 27 05 50 103  7.3  8.5  1.69  7.14  5.40  92 1011.2  28.2  28.5  24.5 99.0 99.00
2016 05 27 06 50 101  6.5  8.3  1.68  6.67  5.40 100 1010.6  28.2  28.5  24.4 99.0 99.00
2016 05 27 07 50 100  7.6  9.1  1.60  7.69  5.23  86 1009.8  28.2  28.5  24.3 99.0 99.00
2016 05 27 08 50  98  7.8  9.4  1.62  5.88  5.36  87 1009.9  28.2  28.5  24.4 99.0 99.00
2016 05 27 09 50  96  8.5 10.0  1.71  7.14  5.35  93 1010.0  28.2  28.4  24.0 99.0 99.00
2016 05 27 10 50  98  8.0  9.4  1.63  6.25  5.20  91 1010.2  28.2  28.4  24.3 99.0 99.00
2016 05 27 11 50  89  9.5 11.0  1.59  7.69  5.20  94 1010.8  28.2  28.4  24.4 99.0 99.00
2016 05 27 12 50  80  8.3  9.6  1.71  7.69  5.28  89 1011.6  28.4  28.4  24.3 99.0 99.00
2016 05 27 13 50  88  7.8  9.4  1.77  7.14  5.34  98 1011.5  28.5  28.4  24.7 99.0 99.00
2016 05 27 14 50  79  8.1  9.5  1.65  7.69  5.16  91 1011.9  28.5  28.5  24.9 99.0 99.00
2016 05 27 15 50  84  7.9  9.5  1.70  7.14  5.20  97 1011.6  28.4  28.5  24.9 99.0 99.00
2016 05 27 16 50  89  7.5  9.3  1.69  7.69  5.30  87 1011.3  28.4  28.5  24.9 99.0 99.00
2016 05 27 17 50  88  8.1  9.8  1.74  7.69  5.33  91 1010.7  28.4  28.5  25.0 99.0 99.00
2016 05 27 18 50  87  8.3  9.6  1.70  7.14  5.16  89 1010.5  28.5  28.5  24.6 99.0 99.00
2016 05 27 19 50  80  7.8  9.6  1.72  7.14  5.26  94 1009.8  28.5  28.5  25.0 99.0 99.00
2016 05 27 20 50  83  7.5  9.2  1.64  6.67  5.26  93 1009.4  28.5  28.5  25.1 99.0 99.00
2016 05 27 21 50  84  7.6  9.0  1.70  7.14  5.32  97 1009.3  28.4  28.6  24.7 99.0 99.00
2016 05 27 22 50  90  8.6  9.9  1.63  7.14  5.26  96 1009.8  28.5  28.5  24.6 99.0 99.00
2016 05 27 23 50  85  7.7  8.8  1.65  7.14  5.28  79 1010.2  28.3  28.5  24.9 99.0 99.00
2016 05 28 00 50  78  7.4  8.8  1.79  6.25  5.45  63 1011.0  28.1  28.5  25.2 99.0 99.00
2016 05 28 01 50  92  8.2  9.7  1.72  7.14  5.49  84 1011.2  28.3  28.5  24.9 99.0 99.00
2016 05 28 02 50  93  7.6  9.2  1.73  7.14  5.46  87 1011.7  28.3  28.5  24.9 99.0 99.00
2016 05 28 03 50  89  8.4  9.6  1.70  6.67  5.30  84 1011.7  28.3  28.5  24.7 99.0 99.00
2016 05 28 04 50  89  8.3  9.5  1.78  6.67  5.32  94 1011.5  28.3  28.5  24.7 99.0 99.00
2016 05 28 05 50  93  7.8  9.7  1.75  6.67  5.20  93 1011.2  28.2  28.5  24.6 99.0 99.00
2016 05 28 06 50  89  8.9 10.5  1.62  7.14  5.10  81 1010.8  28.2  28.5  24.3 99.0 99.00
2016 05 28 07 50  95  8.3 10.0  1.61  7.14  5.18  86 1010.6  28.1  28.5  24.7 99.0 99.00
2016 05 28 08 50 103  9.1 10.7  1.55  7.69  4.97  84 1010.9  28.2  28.4  24.4 99.0 99.00
2016 05 28 09 50  95  7.3  8.4  1.70  6.67  5.35  91 1011.6  28.2  28.4  24.6 99.0 99.00
2016 05 28 10 50  87  7.4  8.5  1.52  6.67  5.10  87 1011.6  28.2  28.4  24.9 99.0 99.00
2016 05 28 11 50  84  7.5  8.6  1.55  5.56  5.07  97 1012.0  28.4  28.4  25.0 99.0 99.00
2016 05 28 12 50  94  7.7  9.2  1.54  6.67  5.16 102 1012.8  28.4  28.4  25.2 99.0 99.00
2016 05 28 13 50  96  7.8  9.3  1.46  6.67  4.97  85 1013.5  28.5  28.5  25.1 99.0 99.00
2016 05 28 14 50  99  7.3  8.7  1.49  7.14  5.10  88 1013.6  28.6  28.5  25.3 99.0 99.00
2016 05 28 15 50  95  7.0  8.2  1.39  6.67  5.03  93 1013.2  28.5  28.5  25.3 99.0 99.00
2016 05 28 16 50  94  6.5  8.2  1.38  7.14  5.05  92 1013.0  28.6  28.6  25.8 99.0 99.00
2016 05 28 17 50  94  7.6  9.2  1.39  7.14  4.95  95 1012.5  28.6  28.6  25.7 99.0 99.00
2016 05 28 18 50  94  7.8  9.6  1.50  6.67  4.97  87 1012.1  28.7  28.7  25.8 99.0 99.00
2016 05 28 19 50  95  6.9  8.7  1.46  7.14  4.89  91 1011.9  28.7  28.7  25.8 99.0 99.00
2016 05 28 20 50  85  7.5  8.7  1.40  6.67  4.92  87 1011.5  28.7  28.7  25.9 99.0 99.00
2016 05 28 21 50  78  7.0  8.3  1.22  6.67  4.80  89 1011.6  28.7  28.7  26.0 99.0 99.00
2016 05 28 22 50  75  7.2  8.3  1.32  6.25  4.86  93 1011.9  28.6  28.7  25.9 99.0 99.00
2016 05 28 23 50  74  6.6  7.8  1.37  6.67  5.03  88 1012.4  28.5  28.6  26.0 99.0 99.00
2016 05 29 00 50  85  7.2  9.1  1.43  6.25  5.08  85 1013.3  28.6  28.6  25.9 99.0 99.00
2016 05 29 01 50  93  7.4  8.6  1.37  7.14  4.98  86 1014.0  28.6  28.6  25.9 99.0 99.00
2016 05 29 02 50  94  7.5  8.8  1.41  6.67  5.01  91 1014.4  28.6  28.6  25.9 99.0 99.00
2016 05 29 03 50  92  6.9  8.3  1.28  6.67  4.75  99 1014.3  28.4  28.6  25.8 99.0 99.00
2016 05 29 04 50  78  7.1  8.8  1.40  6.67  5.08  97 1014.1  28.4  28.6  25.8 99.0 99.00
2016 05 29 05 50  78  6.9  8.2  1.45  6.25  5.07  90 1013.5  28.3  28.5  25.9 99.0 99.00
2016 05 29 06 50  81  7.9  9.2  1.43  6.67  4.97  87 1012.9  28.3  28.5  25.6 99.0 99.00
2016 05 29 07 50  85  7.9  9.7  1.35  6.67  4.75  94 1012.3  28.3  28.5  25.8 99.0 99.00
2016 05 29 08 50  86  7.6  9.0  1.25  7.14  4.82  82 1012.3  28.2  28.5  25.7 99.0 99.00
2016 05 29 09 50  91  7.8  9.2  1.38  7.14  4.96  91 1012.0  28.2  28.5  25.6 99.0 99.00
2016 05 29 10 50  95  6.9  8.0  1.27  6.67  4.80  89 1012.7  28.3  28.5  25.6 99.0 99.00
2016 05 29 11 50 101  7.3  8.9  1.26  6.67  4.78  96 1013.2  28.5  28.5  25.4 99.0 99.00
2016 05 29 12 50  94  6.0  7.3  1.33  6.25  4.73  88 1014.1  28.6  28.5  25.6 99.0 99.00
2016 05 29 13 50  97  6.0  7.6  1.35  6.67  4.98  85 1014.4  28.5  28.5  25.6 99.0 99.00
2016 05 29 14 50  88  7.4  8.6  1.30  6.67  4.93  87 1014.9  28.6  28.6  25.7 99.0 99.00
2016 05 29 15 50  94  7.5  8.7  1.34  6.67  4.94  96 1015.1  28.6  28.6  25.6 99.0 99.00
2016 05 29 16 50  94  7.6  9.1  1.36  5.88  4.91  96 1014.4  28.6  28.6  25.8 99.0 99.00
2016 05 29 17 50  98  7.5  9.2  1.32  6.25  4.90  91 1013.6  28.5  28.7  25.8 99.0 99.00
2016 05 29 18 50  95  6.6  7.9  1.36  5.88  4.94  94 1013.0  28.5  28.7  25.8 99.0 99.00
2016 05 29 19 50 105  9.1 10.5  1.39  5.26  4.88  91 1011.8  28.5  28.7  25.5 99.0 99.00
2016 05 29 20 50  91  7.1  8.2  1.39  6.67  4.85  94 1011.5  28.4  28.7  25.8 99.0 99.00
2016 05 29 21 50  85  6.8  8.2  1.37  6.67  5.03  89 1011.8  28.5  28.7  25.7 99.0 99.00
2016 05 29 22 50  84  5.5  6.7  1.27  7.14  4.95  85 1012.3  28.5  28.7  25.8 99.0 99.00
2016 05 29 23 50  78  6.7  7.8  1.26  7.14  5.13  93 1012.9  28.4  28.6  25.7 99.0 99.00
2016 05 30 00 50  75  6.0  7.0  1.23  6.67  5.04  88 1013.5  28.4  28.6  25.9 99.0 99.00
2016 05 30 01 50  86  7.8  8.7  1.27  7.14  5.15  84 1013.6  28.3  28.6  25.8 99.0 99.00
2016 05 30 02 50  96  8.2  9.9  1.38  7.14  5.15  80 1013.6  28.4  28.6  25.6 99.0 99.00
2016 05 30 03 50  95  8.0  9.6  1.54  7.14  5.44  92 1013.5  28.3  28.6  25.5 99.0 99.00
2016 05 30 04 50  96  8.3  9.4  1.49  6.67  5.14  86 1012.8  28.3  28.6  25.3 99.0 99.00
2016 05 30 05 50  95  8.3  9.5  1.62  7.14  5.21  96 1011.9  28.2  28.5  25.4 99.0 99.00
2016 05 30 06 50  95  8.2  9.6  1.57  7.69  5.23  81 1011.3  28.1  28.5  25.4 99.0 99.00
2016 05 30 07 50  86  8.4  9.4  1.53  7.69  5.18  92 1011.1  28.1  28.5  25.3 99.0 99.00
2016 05 30 08 50  96  7.7  9.3  1.51  8.33  5.13  87 1010.9  28.1  28.5  25.3 99.0 99.00
2016 05 30 09 50  97  8.3  9.8  1.55  7.69  5.30  86 1011.3  28.1  28.5  25.3 99.0 99.00
2016 05 30 10 50  92  8.6 10.3  1.60  7.69  5.30  89 1011.7  28.0  28.5  25.2 99.0 99.00
2016 05 30 11 50  86  7.7  9.4  1.60  8.33  5.28  87 1011.9  27.4  28.5  24.8 99.0 99.00
2016 05 30 12 50  98  8.8 10.6  1.63  8.33  5.35  89 1012.2  28.1  28.5  25.3 99.0 99.00
2016 05 30 13 50  86  8.6 10.4  1.78  9.09  5.52  79 1013.0  28.3  28.5  25.4 99.0 99.00
2016 05 30 14 50  68  8.0  9.4  1.90  8.33  5.31  90 1013.1  27.3  28.5  24.2 99.0 99.00
2016 05 30 15 50  74  7.4  8.7  1.66  7.69  5.27  86 1013.7  27.8  28.5  25.8 99.0 99.00
2016 05 30 16 50  79  6.5  8.0  1.66  6.25  5.24  83 1013.5  28.2  28.5  25.1 99.0 99.00
2016 05 30 17 50  79  5.9  8.0  1.73  8.33  5.46  75 1013.0  28.0  28.5  25.2 99.0 99.00
2016 05 30 18 50  66  3.1  5.0  1.59  5.88  5.32  63 1012.3  27.4  28.5  24.9 99.0 99.00
2016 05 30 19 50 103  4.7  5.5  1.65  7.69  5.46  86 1011.1  27.3  28.5  24.9 99.0 99.00
2016 05 30 20 50 108  2.2  3.1  1.50  5.56  5.28  87 1010.6  27.7  28.5  25.3 99.0 99.00
2016 05 30 21 50 109  7.0  7.9  1.41  6.67  5.38  90 1009.3  27.9  28.5  25.5 99.0 99.00
2016 05 30 22 50  90  7.2  8.9  1.39  5.88  5.13  83 1010.0  28.2  28.5  25.5 99.0 99.00
2016 05 30 23 50  90  8.7 10.2  1.35  7.69  5.24  78 1010.6  28.2  28.5  25.4 99.0 99.00
2016 05 31 00 50  79  8.4  9.9  1.30  8.33  5.02  90 1010.9  28.2  28.5  25.5 99.0 99.00
2016 05 31 01 50  86  8.2  9.6  1.36  7.69  4.95  81 1011.4  28.3  28.5  25.6 99.0 99.00
2016 05 31 02 50  89  7.8  9.2  1.25  8.33  4.62  79 1012.1  28.3  28.5  25.5 99.0 99.00
2016 05 31 03 50  81  7.6  9.3  1.42  5.56  5.01  83 1012.3  28.3  28.5  25.6 99.0 99.00
2016 05 31 04 50  75  8.5  9.8  1.39  5.26  4.92  77 1011.4  28.3  28.5  25.5 99.0 99.00
2016 05 31 05 50  85  8.9 10.6  1.49  5.00  4.86  83 1010.8  28.2  28.5  25.3 99.0 99.00
2016 05 31 06 50  90  8.7 10.0  1.39  5.88  4.76  85 1010.5  28.2  28.5  25.2 99.0 99.00
2016 05 31 07 50  88  8.3  9.6  1.43  5.26  4.68  92 1010.4  28.2  28.5  25.4 99.0 99.00
2016 05 31 08 50  90  9.3 10.7  1.41  5.56  4.76  78 1010.1  28.2  28.5  25.1 99.0 99.00
2016 05 31 09 50  94  8.5 10.0  1.32  5.56  4.65  89 1010.3  28.3  28.4  25.0 99.0 99.00
2016 05 31 10 50  83  8.0  9.7  1.43  5.88  4.93  90 1010.4  28.2  28.4  25.3 99.0 99.00
2016 05 31 11 50  90  9.1 10.9  1.40  6.25  4.75  91 1010.7  28.4  28.4  24.9 99.0 99.00
2016 05 31 12 50  89  8.3 10.1  1.46  5.88  4.73  82 1011.2  28.4  28.4  25.2 99.0 99.00
2016 05 31 13 50  94  9.0 11.2  1.59  6.25  4.87  83 1011.5  28.6  28.4  25.2 99.0 99.00
2016 05 31 14 50  89  7.7  9.3  1.73  5.88  5.09  97 1012.1  28.6  28.5  25.1 99.0 99.00
2016 05 31 15 50  92  7.7  9.0  1.48  5.88  4.98  91 1011.8  28.5  28.5  25.3 99.0 99.00
2016 05 31 16 50  92  7.9  9.3  1.51  6.25  4.99  96 1011.6  28.6  28.5  25.1 99.0 99.00
2016 05 31 17 50  92  7.7  8.9  1.50  6.25  4.82 105 1011.2  28.6  28.6  24.8 99.0 99.00
2016 05 31 18 50  93  8.2 10.1  1.55  5.88  4.91  91 1010.5  28.6  28.6  25.0 99.0 99.00
2016 05 31 19 50  98  8.0  9.3  1.52  6.25  4.83  80 1009.9  28.6  28.6  24.9 99.0 99.00
2016 05 31 20 50  97  7.7  9.0  1.38  5.88  4.70  95 1009.3  28.7  28.6  25.1 99.0 99.00
2016 05 31 21 50  91  7.5  8.7  1.36  5.56  4.74  97 1009.3  28.6  28.6  25.2 99.0 99.00
2016 05 31 22 50  87  7.9  9.3  1.29  5.56  4.84  91 1009.7  28.5  28.6  25.4 99.0 99.00