#YY  MM DD hh mm WDIR WSPD GST  WVHT   DPD   APD MWD   PRES  ATMP  WTMP  DEWP  VIS  TIDE
#yr  mo dy hr mn degT m/s  m/s     m   sec   sec deg    hPa  degC  degC  degC  nmi    ft
2016 03 31 23 50  86  8.7 10.5  1.86  7.69  5.50 116 1022.0  25.2  25.8  20.1 99.0 99.00
2016 04 01 00 50  84  9.2 10.6  1.82  7.69  5.32 104 1022.5  25.2  25.8  19.9 99.0 99.00
2016 04 01 01 50  88  9.6 11.4  1.82  7.69  5.43 116 1022.7  25.0  25.8  20.0 99.0 99.00
2016 04 01 02 50  92  9.8 11.7  1.83  7.14  5.34 111 1022.2  25.1  25.8  19.8 99.0 99.00
2016 04 01 03 50  93  9.6 11.1  1.94  7.14  5.48 104 1021.9  25.1  25.8  19.9 99.0 99.00
2016 04 01 04 50  94  9.6 11.1  2.09  7.69  5.64 112 1021.8  25.1  25.8  20.0 99.0 99.00
2016 04 01 05 50  93  9.7 11.1  2.05  7.14  5.72 117 1021.2  24.9  25.8  19.9 99.0 99.00
2016 04 01 06 50  86  9.5 11.3  2.05 12.12  5.71   7 1020.5  24.9  25.8  20.2 99.0 99.00
2016 04 01 07 50  93  9.5 11.1  1.97  6.67  5.63 114 1020.5  24.9  25.8  20.4 99.0 99.00
2016 04 01 08 50  89  8.7 10.1  2.07  7.69  5.76 108 1020.6  24.8  25.8  20.1 99.0 99.00
2016 04 01 09 50  90  8.9 10.4  2.07 11.43  6.01   1 1021.2  24.8  25.7  20.2 99.0 99.00
2016 04 01 10 50  89  9.0 10.5  2.09 11.43  5.72 350 1021.4  25.1  25.8  19.7 99.0 99.00
2016 04 01 11 50 117  5.7  7.0  2.12 10.81  5.84   1 1022.2  24.4  25.8  20.7 99.0 99.00
2016 04 01 12 50  94  8.8 10.5  2.08 11.43  6.02   3 1022.3  25.1  25.8  20.3 99.0 99.00
2016 04 01 13 50  89  9.1 11.8  2.10 10.81  5.92  10 1022.2  24.9  25.8  21.1 99.0 99.00
2016 04 01 14 50 103  9.2 10.5  2.24 11.43  6.11  20 1022.1  25.1  25.8  20.5 99.0 99.00
2016 04 01 15 50 104  8.6 10.3  2.04 10.81  5.77   9 1021.6  25.3  25.8  20.1 99.0 99.00
2016 04 01 16 50 109  7.2  8.5  2.19  8.33  5.90 118 1021.0  24.7  25.8  19.8 99.0 99.00
2016 04 01 17 50  95  9.1 11.1  2.06  6.67  5.80  99 1020.3  24.7  25.8  20.8 99.0 99.00
2016 04 01 18 50 120  7.4  9.6  2.12 10.00  6.04   8 1020.0  25.1  25.8  20.7 99.0 99.00
2016 04 01 19 50 112  5.1  5.9  2.19  8.33  6.28 107 1019.9  25.3  25.8  20.6 99.0 99.00
2016 04 01 20 50  96  7.4  8.8  2.16  8.33  6.08 125 1019.8  25.2  25.8  21.0 99.0 99.00
2016 04 01 21 50  95  7.2  8.5  2.18  7.69  6.30 121 1020.0  25.5  25.8  21.0 99.0 99.00
2016 04 01 22 50  90  8.3  9.7  2.18  8.33  6.12 113 1020.3  25.1  25.8  21.1 99.0 99.00
2016 04 01 23 50 100  7.9  9.4  2.21  7.14  6.24 122 1020.8  25.2  25.7  20.2 99.0 99.00
2016 04 02 00 50  92  9.2 11.4  2.16  7.69  6.10 111 1021.1  24.6  25.7  19.8 99.0 99.00
2016 04 02 01 50  91  8.8 10.1  2.17  7.14  6.01  98 1021.3  24.9  25.7  19.8 99.0 99.00
2016 04 02 02 50  97  9.1 10.7  2.33  7.14  6.13 103 1021.1  25.0  25.8  20.4 99.0 99.00
2016 04 02 03 50  96  9.4 11.5  2.40  8.33  6.15 104 1020.6  25.1  25.8  20.2 99.0 99.00
2016 04 02 04 50  99  8.7 10.3  2.26  7.69  6.00  99 1020.3  25.0  25.8  20.0 99.0 99.00
2016 04 02 05 50  98  8.8 10.4  2.30  9.09  6.29 101 1019.6  25.1  25.8  19.4 99.0 99.00
2016 04 02 06 50  89  9.2 10.9  2.18  8.33  6.02 112 1019.0  24.8  25.8  19.9 99.0 99.00
2016 04 02 07 50 100  9.1 10.6  2.31  9.09  6.21 102 1018.6  24.7  25.7  19.4 99.0 99.00
2016 04 02 08 50  92  9.3 11.0  2.37  8.33  6.09 104 1018.7  24.8  25.7  19.5 99.0 99.00
2016 04 02 10 50  97  8.7 10.2  2.24  8.33  5.90  91 1019.7  25.2  25.7  19.5 99.0 99.00
2016 04 02 11 50  91  9.4 11.1  2.40  9.09  6.15 111 1020.1  25.2  25.7  19.9 99.0 99.00
2016 04 02 12 50 108  7.5 10.4  2.48  8.33  6.07  93 1020.6  24.8  25.7  20.2 99.0 99.00
2016 04 02 13 50 101 10.2 12.3  2.43  8.33  6.18  74 1020.4  25.3  25.7  19.9 99.0 99.00
2016 04 02 14 50 116  8.5 10.1  2.31  8.33  5.96  91 1020.6  24.9  25.7  20.5 99.0 99.00
2016 04 02 15 50 111  6.9  8.4  2.35  8.33  6.12  87 1020.1  24.3  25.7  20.1 99.0 99.00
2016 04 02 16 50  98  7.8  9.3  2.39  9.09  6.15 122 1019.3  25.2  25.7  19.9 99.0 99.00
2016 04 02 17 50 100  8.6 10.2  2.57  7.69  6.54  96 1018.2  25.5  25.7  18.8 99.0 99.00
2016 04 02 18 50 102  8.2  9.8  2.43  9.09  6.24  94 1017.6  25.4  25.7  18.8 99.0 99.00
2016 04 02 19 50  98  8.3  9.6  2.36  8.33  6.09  86 1017.3  25.6  25.8  18.3 99.0 99.00
2016 04 02 20 50  94  8.1  9.4  2.31  7.69  6.30  77 1017.6  25.4  25.8  18.7 99.0 99.00
2016 04 02 21 50  97  8.0  9.2  2.47  9.09  6.45 104 1017.8  25.3  25.8  19.0 99.0 99.00
2016 04 02 22 50  96  7.5  9.2  2.38  9.09  6.34 102 1018.5  25.3  25.7  19.0 99.0 99.00
2016 04 02 23 50  88  8.0  9.5  2.55  8.33  6.64  92 1018.8  25.0  25.7  19.9 99.0 99.00
2016 04 03 00 50  89  8.5 10.1  2.44  8.33  6.46  97 1019.6  25.2  25.7  19.0 99.0 99.00
2016 04 03 01 50  99  8.0  9.9  2.30  8.33  6.43  95 1020.0  25.2  25.7  18.3 99.0 99.00
2016 04 03 02 50  98  7.0  8.9  2.34  8.33  6.49  96 1020.1  25.1  25.6  18.9 99.0 99.00
2016 04 03 03 50  99  6.9  8.8  2.31  9.09  6.34 109 1019.6  25.0  25.6  18.9 99.0 99.00
2016 04 03 04 50  97  6.0  7.2  2.03  8.33  6.23  91 1019.1  24.9  25.6  19.1 99.0 99.00
2016 04 03 05 50  88  7.6  8.9  2.23  8.33  6.54  86 1018.3  24.4  25.6  19.8 99.0 99.00
2016 04 03 06 50  89  5.8  7.4  2.13 10.00  6.40 113 1017.8  24.2  25.6  20.3 99.0 99.00
2016 04 03 07 50  93  5.9  8.0  2.05  8.33  6.39 102 1017.6  24.3  25.6  20.3 99.0 99.00
2016 04 03 08 50  93  7.6  9.0  2.19  9.09  6.56  97 1017.6  23.8  25.6  20.7 99.0 99.00
2016 04 03 09 50  82  7.1  8.3  2.23  9.09  6.48 105 1018.0  23.4  25.6  20.5 99.0 99.00
2016 04 03 10 50 109  9.1 10.6  2.09  7.69  6.22  84 1018.4  23.8  25.6  20.4 99.0 99.00
2016 04 03 11 50  76  7.8  9.7  2.24  9.09  6.50 106 1019.1  23.6  25.6  20.1 99.0 99.00
2016 04 03 12 50  86  8.6 10.5  2.09 10.00  6.30 109 1019.4  23.4  25.7  20.7 99.0 99.00
2016 04 03 13 50 114  8.5 10.1  2.05 10.00  6.13 100 1019.6  25.2  25.7  20.0 99.0 99.00
2016 04 03 14 50 129  7.9  9.1  2.20  9.09  6.10  84 1019.5  25.1  25.7  20.1 99.0 99.00
2016 04 03 15 50 131  7.6  9.5  2.41  9.09  6.47  88 1019.1  25.4  25.8  19.7 99.0 99.00
2016 04 03 16 50 136  7.9  9.8  2.25  9.09  6.27  94 1018.4  25.6  25.8  20.2 99.0 99.00
2016 04 03 17 50 126  7.9  9.3  2.25  9.09  6.29  97 1017.5  25.5  25.8  20.2 99.0 99.00
2016 04 03 18 50 128  6.9  8.1  2.26  8.33  6.29  87 1017.4  25.6  25.9  19.7 99.0 99.00
2016 04 03 19 50 127  6.3  7.9  2.10  9.09  6.38  99 1017.4  25.6  25.9  19.5 99.0 99.00
2016 04 03 20 50 112  5.1  6.4  2.08  9.09  6.42 113 1017.9  25.6  25.8  20.3 99.0 99.00
2016 04 03 21 50 107  5.6  7.2  2.33  9.09  6.89 112 1018.4  25.4  25.8  20.2 99.0 99.00
2016 04 03 22 50 116  5.3  6.4  1.94  9.09  6.40  97 1019.4  25.2  25.8  20.5 99.0 99.00
2016 04 03 23 50 102  5.3  6.3  2.08 10.00  6.78 110 1020.2  25.3  25.7  20.1 99.0 99.00
2016 04 04 00 50  98  5.7  7.0  1.80 10.00  6.43 104 1020.9  25.4  25.7  20.3 99.0 99.00
2016 04 04 01 50 113  5.6  6.5  2.10  8.33  6.50  88 1020.9  25.2  25.7  20.8 99.0 99.00
2016 04 04 02 50 113  6.5  7.6  1.82  8.33  6.08  78 1020.8  25.1  25.7  20.2 99.0 99.00
2016 04 04 03 50 105  6.3  7.7  1.78  9.09  6.32 107 1020.6  25.1  25.7  20.3 99.0 99.00
2016 04 04 04 50  95  6.5  8.1  1.77 10.00  6.26  99 1020.0  25.1  25.7  20.4 99.0 99.00
2016 04 04 05 50  97  6.4  7.7  1.84  8.33  6.34  88 1019.6  25.0  25.7  20.6 99.0 99.00
2016 04 04 06 50  99  7.0  8.3  1.83 10.00  6.46 113 1018.7  24.7  25.7  20.7 99.0 99.00
2016 04 04 07 50 100  7.6  9.3  1.87 10.00  6.52 112 1018.1  24.5  25.7  20.9 99.0 99.00
2016 04 04 08 50 103  7.3  8.5  1.88  9.09  6.25 100 1018.4  24.6  25.6  20.9 99.0 99.00
2016 04 04 09 50 107  8.2  9.7  1.82  9.09  6.03  95 1018.8  24.9  25.6  20.3 99.0 99.00
2016 04 04 10 50 104  8.2  9.4  1.85  9.09  6.10 106 1019.1  25.2  25.6  20.7 99.0 99.00
2016 04 04 11 50 101  7.9  9.3  1.91  9.09  6.03 115 1020.1  25.4  25.6  20.4 99.0 99.00
2016 04 04 12 50 100  7.4  8.9  2.00  9.09  6.04  95 1020.7  25.5  25.7  20.7 99.0 99.00
2016 04 04 13 50 106  8.4 10.2  1.90  9.09  6.13 113 1020.7  25.4  25.7  20.7 99.0 99.00
2016 04 04 14 50 101  6.9  8.5  2.04  9.09  6.25  96 1020.9  25.5  25.7  20.8 99.0 99.00
2016 04 04 15 50 101  6.7  8.3  2.06 10.00  6.15 117 1020.5  25.5  25.8  20.7 99.0 99.00
2016 04 04 16 50  76  7.5  9.3  1.93  9.09  6.16  92 1019.6  24.8  25.8  21.4 99.0 99.00
2016 04 04 17 50 104  6.2  8.0  2.15  9.09  6.45  95 1018.8  25.1  25.8  21.2 99.0 99.00
2016 04 04 18 50 103  6.7  7.8  1.89  9.09  5.96 111 1018.5  25.6  25.8  20.6 99.0 99.00
2016 04 04 19 50  78  7.0  8.1  1.96  9.09  6.10 107 1018.3  25.0  25.9  20.8 99.0 99.00
2016 04 04 20 50  80  5.8  7.4  2.12  9.09  6.43 104 1018.4  25.3  25.9  21.3 99.0 99.00
2016 04 04 21 50  89  6.4  7.7  1.96 10.00  6.60 111 1018.5  25.1  25.8  21.5 99.0 99.00
2016 04 04 22 50  88  7.6  9.0  2.03  9.09  6.37 109 1018.5  25.1  25.8  21.3 99.0 99.00
2016 04 04 23 50  88  7.7  9.3  2.08  8.33  6.44  90 1019.1  25.1  25.8  21.5 99.0 99.00
2016 04 05 00 50  95  8.7  9.8  2.13 10.00  6.34 102 1019.4  25.2  25.8  21.5 99.0 99.00
2016 04 05 01 50  99  9.1 12.7  1.97  9.09  6.04  91 1019.5  25.2  25.7  21.8 99.0 99.00
2016 04 05 02 50 115  8.8 10.4  1.92 10.00  5.91  97 1019.0  25.1  25.7  21.4 99.0 99.00
2016 04 05 03 50 113  8.6 10.2  2.05  9.09  5.93  85 1018.5  25.0  25.7  21.8 99.0 99.00
2016 04 05 04 50 114  9.5 10.8  1.90 10.00  6.08 104 1017.7  25.0  25.7  21.5 99.0 99.00
2016 04 05 05 50 116  8.4 11.5  2.03  9.09  5.96  82 1017.0  25.0  25.7  21.6 99.0 99.00
2016 04 05 06 50 104  7.6  9.6  2.11  9.09  6.03  92 1016.8  24.4  25.7  21.6 99.0 99.00
2016 04 05 07 50 118  7.6  9.1  1.91  9.09  6.05 101 1016.6  24.8  25.7  21.2 99.0 99.00
2016 04 05 08 50 125  8.4  9.8  1.99  9.09  6.04  90 1017.0  24.9  25.7  21.6 99.0 99.00
2016 04 05 09 50 140  8.5  9.7  2.05 10.00  6.13 100 1017.6  24.8  25.7  21.2 99.0 99.00
2016 04 05 10 50 141  7.0 10.1  1.86  9.09  5.62 104 1018.4  23.5  25.7  21.2 99.0 99.00
2016 04 05 11 50 136  6.8  9.8  2.03 10.00  6.05  93 1018.7  25.1  25.7  21.6 99.0 99.00
2016 04 05 12 50 133  7.7  9.0  2.08 10.00  6.08  98 1019.5  25.7  25.7  21.4 99.0 99.00
2016 04 05 13 50 124  7.4  9.0  2.01 10.00  5.94  93 1019.6  25.6  25.7  21.7 99.0 99.00
2016 04 05 14 50 135  7.5  8.9  2.18  9.09  6.28  88 1019.5  25.6  25.7  21.8 99.0 99.00
2016 04 05 15 50 139  7.4  8.4  2.14 10.00  6.13 101 1019.1  25.6  25.8  21.7 99.0 99.00
2016 04 05 16 50 134  8.5  9.8  2.19 10.00  6.33  85 1018.2  25.6  25.8  21.5 99.0 99.00
2016 04 05 17 50 136  8.2  9.7  2.11  9.09  6.14  83 1017.4  25.6  25.8  21.5 99.0 99.00
2016 04 05 18 50 144  9.1 10.4  2.14  9.09  6.21 106 1016.7  25.7  25.9  21.0 99.0 99.00
2016 04 05 19 50 136  8.1  9.3  2.19 10.00  6.40  86 1016.2  25.7  25.8  21.1 99.0 99.00
2016 04 05 20 50 134  7.1  8.5  2.02 10.00  6.25  89 1016.4  25.7  25.8  21.5 99.0 99.00
2016 04 05 21 50 137  9.5 11.1  2.18 10.00  6.43 113 1016.5  24.4  25.8  21.9 99.0 99.00
2016 04 05 22 50 138  6.7  7.8  2.26 10.00  6.79 100 1017.0  25.2  25.8  21.2 99.0 99.00
2016 04 05 23 50 136  7.9 11.1  2.25 13.79  6.80 337 1017.1  25.5  25.8  21.7 99.0 99.00
2016 04 06 00 50 127  7.8  9.3  2.29 10.00  6.50  88 1017.7  25.2  25.8  21.4 99.0 99.00
2016 04 06 01 50 132  8.6 10.3  2.53 13.79  6.82 336 1017.6  24.6  25.8  22.2 99.0 99.00
2016 04 06 02 50 133  7.2  8.3  2.56 10.00  7.12  90 1017.4  25.0  25.8  21.2 99.0 99.00
2016 04 06 03 50 139  6.6  8.5  2.47 12.12  6.67 340 1017.1  23.4  25.8  21.8 99.0 99.00
2016 04 06 04 50 128  8.5 10.1  2.35 12.90  7.06 335 1015.9  24.0  25.7  22.5 99.0 99.00
2016 04 06 05 50 137  7.9  9.6  2.38 12.12  7.01 325 1015.3  25.0  25.7  21.8 99.0 99.00
2016 04 06 06 50 142  7.3  8.7  2.69 12.12  7.32 343 1014.8  24.9  25.7  21.9 99.0 99.00
2016 04 06 07 50 151  6.8  8.1  2.48 12.12  7.00 340 1015.0  24.8  25.7  22.1 99.0 99.00
2016 04 06 08 50 160  6.0  7.3  2.32 12.12  7.06 328 1015.5  25.0  25.7  22.0 99.0 99.00
2016 04 06 09 50 181  5.4  6.7  2.36 11.43  7.09 336 1015.9  25.0  25.7  22.1 99.0 99.00
2016 04 06 10 50 185  5.3  6.5  2.17 10.00  6.96  82 1016.7  25.2  25.7  21.6 99.0 99.00
2016 04 06 11 50 177  4.2  5.0  2.23 12.12  7.27 334 1017.0  25.6  25.7  21.4 99.0 99.00
2016 04 06 12 50 154  4.2  5.2  2.12 11.43  7.03 331 1017.5  25.4  25.8  22.3 99.0 99.00
2016 04 06 13 50 162  3.7  4.8  2.29 12.12  7.34 350 1017.7  25.4  25.9  22.3 99.0 99.00
2016 04 06 14 50 151  2.3  3.1  2.19 11.43  7.30 343 1017.6  25.6  26.1  22.3 99.0 99.00
2016 04 06 15 50 152  3.9  4.8  2.17 12.12  7.39 360 1017.0  25.4  26.2  22.1 99.0 99.00
2016 04 06 16 50 150  3.9  5.1  2.16 10.81  7.41 357 1016.6  25.5  26.4  22.4 99.0 99.00
2016 04 06 17 50 152  3.1  4.0  2.11 10.00  7.27  61 1015.9  25.7  26.3  21.9 99.0 99.00
2016 04 06 18 50 187  2.1  3.0  2.07 10.81  7.32  23 1015.6  25.8  26.3  21.9 99.0 99.00
2016 04 06 19 50 172  1.8  3.8  1.84 10.00  6.94  33 1015.3  25.6  26.4  21.6 99.0 99.00
2016 04 06 20 50 163  3.9  4.9  2.18  9.09  7.47  78 1015.4  25.4  26.2  22.3 99.0 99.00
2016 04 06 21 50 175  5.9  7.6  2.16  9.09  7.64  67 1015.6  25.0  26.1  22.5 99.0 99.00
2016 04 06 22 50  44  2.7  4.0  1.87  9.09  6.82  88 1016.6  22.2  26.0  19.9 99.0 99.00
2016 04 06 23 50  73  2.4  3.3  1.87  9.09  7.18  66 1016.7  23.4  26.0  19.9 99.0 99.00
2016 04 07 00 50  94  3.2  4.1  1.81 10.00  7.26  53 1017.0  24.2  26.0  20.3 99.0 99.00
2016 04 07 01 50  80  1.6  2.2  1.80 11.43  7.28 357 1017.5  24.4  26.0  20.8 99.0 99.00
2016 04 07 02 50  81  3.2  3.9  1.73  9.09  6.95  44 1017.4  24.6  25.9  20.8 99.0 99.00
2016 04 07 03 50 109  3.3  4.2  1.70  9.09  7.33  83 1017.0  24.6  25.9  21.0 99.0 99.00
2016 04 07 04 50  71  4.9  5.9  1.72  9.09  7.20  88 1016.3  23.9  25.9  21.7 99.0 99.00
2016 04 07 05 50  85  4.2  5.4  1.60  8.33  6.91  80 1015.9  24.5  25.9  20.2 99.0 99.00
2016 04 07 06 50  96  4.3  5.1  1.60  9.09  6.91  89 1015.6  24.4  25.8  20.6 99.0 99.00
2016 04 07 07 50 112  4.4  5.6  1.64 10.81  6.97 356 1015.6  23.8  25.8  21.2 99.0 99.00
2016 04 07 08 50 118  3.9  4.6  1.52 11.43  6.81   9 1015.7  24.1  25.8  21.4 99.0 99.00
2016 04 07 09 50 114  3.4  4.4  1.57  8.33  6.86  81 1016.2  24.3  25.8  21.3 99.0 99.00
2016 04 07 10 50 116  3.7  4.7  1.46  9.09  6.94  54 1017.0  24.8  25.8  21.3 99.0 99.00
2016 04 07 11 50 120  2.3  2.9  1.42  9.09  6.67  95 1017.1  25.0  25.8  21.1 99.0 99.00
2016 04 07 12 50 127  5.4  6.7  1.41  9.09  6.51  24 1017.1  25.3  25.8  21.3 99.0 99.00
2016 04 07 13 50 134  6.6  7.7  1.36  9.09  6.14  62 1017.4  25.3  25.8  21.5 99.0 99.00
2016 04 07 14 50 136  6.3  7.5  1.40  8.33  6.17  89 1017.5  25.5  25.9  21.9 99.0 99.00
2016 04 07 15 50 141  7.2  8.5  1.54  8.33  6.28  85 1017.0  25.2  26.0  22.1 99.0 99.00
2016 04 07 16 50 150  5.2  6.3  1.70  9.09  6.37  66 1016.7  25.3  26.0  20.9 99.0 99.00
2016 04 07 17 50 150  6.0  6.9  1.56  9.09  6.39  67 1016.1  25.6  26.1  21.8 99.0 99.00
2016 04 07 18 50 153  6.2  7.2  1.59  9.09  6.35  52 1015.4  25.8  26.1  21.0 99.0 99.00
2016 04 07 19 50 152  6.4  7.4  1.50  8.33  6.31  69 1015.0  25.6  26.1  21.5 99.0 99.00
2016 04 07 20 50 158  5.8  6.9  1.49  9.09  6.27  50 1015.4  25.7  26.1  21.1 99.0 99.00
2016 04 07 21 50 153  5.9  7.0  1.55  8.33  6.53  83 1015.7  25.8  26.0  20.5 99.0 99.00
2016 04 07 22 50 148  5.9  6.9  1.56  9.09  6.38  62 1016.2  25.6  26.0  20.6 99.0 99.00
2016 04 07 23 50 143  5.9  7.2  1.59  7.14  6.16  11 1016.7  25.5  26.0  20.8 99.0 99.00
2016 04 08 00 50 138  5.6  6.7  1.65  9.09  6.30  51 1017.4  25.5  25.9  21.2 99.0 99.00
2016 04 08 01 50 143  5.8  6.7  1.82  9.09  6.64  71 1017.9  25.4  25.9  20.6 99.0 99.00
2016 04 08 02 50 154  5.5  6.5  1.92  9.09  6.90  54 1017.8  25.4  25.9  20.7 99.0 99.00
2016 04 08 03 50 158  5.4  6.7  2.04 14.81  7.60 339 1017.5  25.4  25.9  20.9 99.0 99.00
2016 04 08 04 50 154  5.1  6.3  2.12 13.79  7.43 349 1016.9  25.2  25.9  21.0 99.0 99.00
2016 04 08 05 50 152  4.8  6.2  2.22 13.79  8.16 339 1016.1  25.2  25.9  20.4 99.0 99.00
2016 04 08 06 50 148  4.7  6.0  2.76 13.79  9.02 337 1015.6  25.1  25.8  20.6 99.0 99.00
2016 04 08 07 50 146  3.7  5.4  3.12 12.90  9.39 341 1015.5  25.1  25.8  20.6 99.0 99.00
2016 04 08 08 50 145  4.0  5.3  3.25 13.79  9.62 350 1015.8  25.0  25.8  20.4 99.0 99.00
2016 04 08 09 50 139  3.9  5.4  3.16 12.90  9.63 348 1016.3  25.1  25.8  20.4 99.0 99.00
2016 04 08 10 50 139  3.3  4.9  3.13 12.90  9.44 336 1017.3  25.6  25.8  20.3 99.0 99.00
2016 04 08 11 50 134  3.6  5.2  3.07 11.43  9.23 334 1017.9  25.8  25.9  20.1 99.0 99.00
2016 04 08 12 50 134  3.5  5.2  2.98 12.90  9.07 349 1018.3  25.6  25.9  20.5 99.0 99.00
2016 04 08 13 50 123  3.6  5.2  2.87 12.12  8.84 348 1018.7  25.6  26.0  20.8 99.0 99.00
2016 04 08 14 50 136  5.6  8.3  2.69 11.43  8.60 344 1018.4  25.6  26.1  20.9 99.0 99.00
2016 04 08 15 50 139  4.5  6.2  2.80 12.90  8.54 341 1018.0  25.2  26.1  20.8 99.0 99.00
2016 04 08 16 50 143  5.5  7.1  2.61 12.12  8.52 355 1017.4  25.6  26.2  21.0 99.0 99.00
2016 04 08 17 50 145  4.6  5.9  2.54 12.12  8.54 346 1016.8  25.8  26.3  21.1 99.0 99.00
2016 04 08 18 50 145  4.4  5.8  2.33 12.90  8.33   6 1016.6  25.8  26.3  20.7 99.0 99.00
2016 04 08 19 50 122  4.0  4.8  2.49 12.12  8.63 351 1016.6  25.9  26.3  20.7 99.0 99.00
2016 04 08 20 50 108  4.0  5.1  2.32 12.12  8.14 349 1016.6  26.0  26.3  21.0 99.0 99.00
2016 04 08 21 50 131  4.4  5.9  2.14 12.12  8.08   6 1016.8  25.5  26.2  21.3 99.0 99.00
2016 04 08 22 50 110  3.9  5.1  2.16 10.81  7.74 352 1017.5  25.3  26.1  21.0 99.0 99.00
2016 04 08 23 50 103  5.2  6.2  2.06 10.00  7.82 360 1018.0  25.2  26.1  21.1 99.0 99.00
2016 04 09 00 50 109  4.7  5.8  2.16 12.12  7.73 360 1018.4  25.4  26.1  20.4 99.0 99.00
2016 04 09 01 50 106  5.5  6.6  2.09 10.81  7.62 357 1018.7  25.4  26.1  20.7 99.0 99.00
2016 04 09 02 50  99  5.6  6.9  2.17 12.12  7.67   3 1019.1  25.3  26.1  20.7 99.0 99.00
2016 04 09 03 50  96  5.6  6.7  2.02 10.81  7.25   5 1018.4  25.2  26.0  20.8 99.0 99.00
2016 04 09 04 50  99  6.4  7.7  2.05 10.81  7.26 353 1017.9  25.3  26.0  20.4 99.0 99.00
2016 04 09 05 50  98  6.9  8.0  1.88 11.43  7.01   8 1017.1  25.1  25.9  20.9 99.0 99.00
2016 04 09 06 50 100  7.2  8.4  1.97 11.43  7.23   4 1016.7  25.0  25.9  20.2 99.0 99.00
2016 04 09 07 50 102  6.6  7.9  1.89 10.81  6.71   7 1016.9  25.1  25.9  20.2 99.0 99.00
2016 04 09 08 50  97  6.6  7.8  1.92 10.00  6.89 359 1017.0  25.1  25.9  20.6 99.0 99.00
2016 04 09 09 50  96  7.1  8.3  1.95 11.43  6.76   7 1017.7  25.0  25.9  20.4 99.0 99.00
2016 04 09 10 50  98  7.0  8.3  1.85 10.81  6.57 359 1018.1  25.3  25.9  20.8 99.0 99.00
2016 04 09 11 50 108  6.4  8.1  1.81 11.43  6.30  13 1018.4  25.0  25.9  20.3 99.0 99.00
2016 04 09 12 50 101  7.3  8.8  1.80 11.43  6.55   2 1018.8  25.4  25.9  20.2 99.0 99.00
2016 04 09 13 50 107  6.5  7.8  1.85 10.81  6.48   2 1018.9  25.5  25.9  20.2 99.0 99.00
2016 04 09 14 50 108  6.5  8.8  1.80 10.00  6.26   6 1018.7  25.6  26.0  20.1 99.0 99.00
2016 04 09 15 50 104  6.9  8.2  1.75  9.09  6.23  17 1018.4  25.6  26.0  20.5 99.0 99.00
2016 04 09 16 50 100  7.1  8.3  1.63 10.00  5.91   8 1017.8  25.6  26.1  20.9 99.0 99.00
2016 04 09 17 50 112  6.9  8.1  1.78 11.43  6.15   6 1017.2  25.7  26.1  21.0 99.0 99.00
2016 04 09 18 50 110  7.5  8.7  1.73 10.81  6.13   8 1016.8  25.8  26.1  21.0 99.0 99.00
2016 04 09 19 50 108  6.8  8.0  1.70 10.81  5.83 360 1016.7  25.9  26.1  20.9 99.0 99.00
2016 04 09 20 50 105  7.4  9.2  1.76 10.81  6.01  19 1016.9  25.8  26.1  20.9 99.0 99.00
2016 04 09 21 50 100  7.0  8.0  1.81 10.81  5.92  24 1017.1  25.7  26.1  21.4 99.0 99.00
2016 04 09 22 50  97  6.8  8.0  1.77 10.00  5.94  25 1017.5  25.6  26.0  21.3 99.0 99.00
2016 04 09 23 50  89  7.8  8.9  1.73  7.69  5.77  61 1017.8  25.5  26.0  21.5 99.0 99.00
2016 04 10 00 50  95  7.8  9.2  1.87 10.00  6.04  16 1018.2  25.6  26.0  21.4 99.0 99.00
2016 04 10 01 50  94  8.1  9.4  1.91 10.00  6.04  17 1018.3  25.5  26.0  21.4 99.0 99.00
2016 04 10 02 50  90  7.9  9.3  1.80 10.00  5.65  25 1018.3  25.4  26.0  21.4 99.0 99.00
2016 04 10 03 50  92  8.4  9.7  1.87 10.00  5.74   8 1017.9  25.3  26.0  21.1 99.0 99.00
2016 04 10 04 50  93  7.4  9.2  1.82  8.33  5.58  68 1017.5  25.1  26.0  21.0 99.0 99.00
2016 04 10 05 50  72  5.9  7.4  1.83 10.00  5.76  18 1017.0  24.5  26.0  21.0 99.0 99.00
2016 04 10 06 50  78 10.0 12.2  1.65 10.00  5.85  21 1016.3  24.4  26.0  21.4 99.0 99.00
2016 04 10 07 50  63  6.8  8.5  1.73  7.69  5.69  59 1016.5  24.2  26.0  21.4 99.0 99.00
2016 04 10 08 50 108  8.3 10.5  1.92  9.09  5.68  37 1016.8  22.9  26.0  20.9 99.0 99.00
2016 04 10 09 50 108  7.8  9.3  1.68  8.33  5.59  60 1017.3  24.9  26.0  20.1 99.0 99.00
2016 04 10 10 50  81  7.2  8.4  1.95 10.00  5.86  31 1017.9  25.2  26.0  21.3 99.0 99.00
2016 04 10 11 50  96  8.4  9.9  1.99  6.67  6.04 107 1018.3  25.8  26.0  20.9 99.0 99.00
2016 04 10 12 50 107  8.4  9.7  1.86  6.25  5.58 111 1018.7  25.6  26.0  20.8 99.0 99.00
2016 04 10 13 50 103  7.0  8.1  1.91  8.33  5.87  77 1019.0  25.6  26.0  20.3 99.0 99.00
2016 04 10 14 50 105  8.6  9.8  1.97  8.33  5.83  86 1018.9  25.9  26.1  21.0 99.0 99.00
2016 04 10 15 50 100  7.8  9.2  2.01  8.33  5.78  79 1018.8  25.8  26.1  21.1 99.0 99.00
2016 04 10 16 50 103  7.1  8.5  1.97  8.33  5.82  96 1018.4  25.7  26.1  20.9 99.0 99.00
2016 04 10 17 50 100  7.0  8.1  1.99  7.14  5.89 104 1018.0  25.8  26.1  20.9 99.0 99.00
2016 04 10 18 50 128  5.3  6.3  2.05  8.33  5.83  88 1017.7  25.4  26.1  21.0 99.0 99.00
2016 04 10 19 50  99  6.4  7.5  2.05  9.09  6.11  52 1017.5  25.8  26.1  20.7 99.0 99.00
2016 04 10 20 50 101  6.4  7.5  1.86  8.33  5.89  73 1017.5  25.8  26.1  20.6 99.0 99.00
2016 04 10 21 50  93  6.3  7.4  1.98  8.33  6.32  87 1017.8  25.6  26.1  20.7 99.0 99.00
2016 04 10 22 50  88  6.3  7.2  1.98  8.33  6.28  84 1018.2  25.4  26.1  20.6 99.0 99.00
2016 04 10 23 50  77  6.4  7.6  2.03  9.09  6.41  58 1018.7  25.4  26.1  20.7 99.0 99.00
2016 04 11 00 50  81  5.8  6.9  1.88  7.69  6.26  98 1019.0  25.4  26.1  20.6 99.0 99.00
2016 04 11 01 50  73  6.7  8.1  1.93  8.33  6.46  88 1019.0  25.3  26.0  20.2 99.0 99.00
2016 04 11 02 50  72  6.2  7.5  1.92  9.09  6.35  67 1019.2  25.3  26.1  20.2 99.0 99.00
2016 04 11 03 50  73  7.1  8.7  1.89  8.33  6.34  90 1018.9  25.1  26.0  20.5 99.0 99.00
2016 04 11 04 50  68  7.8  9.3  1.83  7.69  6.22 112 1018.0  24.9  26.0  20.3 99.0 99.00
2016 04 11 05 50  69  7.6  9.0  1.82  9.09  6.16  76 1017.7  24.9  26.0  20.3 99.0 99.00
2016 04 11 06 50  81  7.4  9.3  1.89  9.09  6.34  70 1017.1  24.8  26.0  20.6 99.0 99.00
2016 04 11 07 50  79  7.9  9.5  1.91  9.09  6.16  83 1016.7  24.9  26.0  20.0 99.0 99.00
2016 04 11 08 50  82  6.6  8.0  1.77  9.09  5.93  96 1017.2  25.0  26.0  19.6 99.0 99.00
2016 04 11 09 50  67  7.1  9.3  1.94  9.09  6.18  77 1017.3  24.6  26.0  20.3 99.0 99.00
2016 04 11 10 50  95  7.2  9.2  1.94  8.33  6.03  76 1017.9  25.1  26.0  20.1 99.0 99.00
2016 04 11 11 50  84  8.0  9.0  1.79  9.09  5.83  62 1018.0  25.4  26.0  19.9 99.0 99.00
2016 04 11 12 50  97  6.8  8.0  1.96  9.09  5.90  72 1018.4  25.5  26.0  20.0 99.0 99.00
2016 04 11 13 50 103  8.2 10.1  1.73  8.33  5.78  86 1018.2  25.4  26.0  20.7 99.0 99.00
2016 04 11 14 50 103  8.6 10.1  1.87  8.33  5.54  79 1017.9  25.3  26.0  20.0 99.0 99.00
2016 04 11 15 50 101  8.5  9.9  1.86  9.09  5.77  64 1017.5  25.4  26.1  19.5 99.0 99.00
2016 04 11 16 50  95  9.2 11.5  1.89  9.09  5.70  75 1017.1  24.9  26.1  20.7 99.0 99.00
2016 04 11 17 50  89  9.2 11.0  1.78  8.33  5.54  87 1016.5  24.7  26.1  21.1 99.0 99.00
2016 04 11 18 50 107  7.5  9.1  2.08  9.09  5.84  70 1016.1  25.2  26.1  19.6 99.0 99.00
2016 04 11 19 50 108  7.5  9.0  1.90  9.09  5.68  55 1015.9  25.3  26.1  19.9 99.0 99.00
2016 04 11 20 50 101  7.0  8.3  1.74  9.09  5.65  77 1015.8  25.3  26.1  20.3 99.0 99.00
2016 04 11 21 50  95  6.0  7.6  1.79  9.09  5.76  78 1016.2  25.2  26.1  20.4 99.0 99.00
2016 04 11 22 50  86  6.4  7.5  1.72  8.33  5.82  92 1016.8  25.2  26.1  20.3 99.0 99.00
2016 04 11 23 50  92  6.1  7.3  1.67  9.09  6.00  86 1017.4  25.2  26.1  20.1 99.0 99.00
2016 04 12 00 50  78  6.1  7.2  1.67  9.09  5.98  81 1017.8  25.1  26.0  20.6 99.0 99.00
2016 04 12 01 50 101  3.5  4.5  1.70  9.09  5.82  80 1018.3  22.4  26.0  19.0 99.0 99.00
2016 04 12 02 50 110  4.9  6.2  1.71  9.09  6.10  78 1017.9  23.5  26.0  20.2 99.0 99.00
2016 04 12 03 50 102  5.9  8.6  1.78  9.09  6.32  85 1017.2  24.6  26.0  20.2 99.0 99.00
2016 04 12 04 50  92  8.7 10.9  1.72  9.09  6.01  88 1016.5  25.0  26.0  20.2 99.0 99.00
2016 04 12 05 50  99  8.9 10.5  1.72  8.33  5.92  77 1015.7  24.8  26.0  20.2 99.0 99.00
2016 04 12 06 50 106  8.5 10.2  1.90  8.33  6.03  74 1015.0  24.9  26.0  19.5 99.0 99.00
2016 04 12 07 50 116  8.0  9.3  1.87 12.90  6.13 324 1015.2  24.8  26.0  20.2 99.0 99.00
2016 04 12 08 50 106  7.8  9.5  2.00 13.79  6.14 344 1015.4  24.8  26.0  19.9 99.0 99.00
2016 04 12 09 50 116  7.4  9.6  2.08 12.90  6.47 353 1015.9  25.1  26.0  20.4 99.0 99.00
2016 04 12 10 50 136  7.6  9.3  2.11 12.90  6.20 344 1016.6  24.6  26.0  19.8 99.0 99.00
2016 04 12 11 50 124  9.3 11.8  2.18  6.67  6.28  82 1016.8  25.3  26.0  19.8 99.0 99.00
2016 04 12 12 50 131  6.3  8.0  2.22 12.90  6.31   4 1017.6  24.3  26.0  17.4 99.0 99.00
2016 04 12 13 50 116  7.1  8.5  2.11 12.90  6.37 348 1017.6  25.4  26.0  19.9 99.0 99.00
2016 04 12 14 50 120  6.6  8.1  2.10 12.12  6.75 332 1017.3  25.4  26.1  20.3 99.0 99.00
2016 04 12 15 50 121  6.3  7.7  1.99 12.90  6.31 314 1017.4  25.5  26.1  19.5 99.0 99.00
2016 04 12 16 50 123  5.9  7.6  1.92 12.90  6.28 312 1016.9  25.5  26.1  20.3 99.0 99.00
2016 04 12 17 50 125  5.7  7.4  1.99 12.12  6.46 333 1015.9  25.5  26.1  19.9 99.0 99.00
2016 04 12 18 50 118  6.4  7.7  2.08 12.12  6.63 330 1015.2  25.5  26.1  20.2 99.0 99.00
2016 04 12 19 50 115  6.2  8.0  2.05 12.12  6.50 337 1015.2  25.5  26.1  20.2 99.0 99.00
2016 04 12 20 50 117  6.1  7.4  2.01 10.81  6.61 331 1015.0  25.5  26.1  20.6 99.0 99.00
2016 04 12 21 50 115  6.2  7.4  1.97 12.12  6.56 331 1015.3  25.4  26.1  20.4 99.0 99.00
2016 04 12 22 50 117  7.4  8.6  1.88  9.09  6.36  59 1015.1  25.4  26.0  20.3 99.0 99.00
2016 04 12 23 50 120  7.3  8.9  1.81 11.43  6.26 344 1015.5  25.4  26.0  20.2 99.0 99.00
2016 04 13 00 50 112  6.8  8.7  1.98 10.00  6.61 342 1015.6  25.3  26.0  20.5 99.0 99.00
2016 04 13 01 50 116  7.5  9.0  1.87 11.43  6.18 326 1015.5  25.2  26.0  20.1 99.0 99.00
2016 04 13 02 50 124  7.5  9.1  1.76  9.09  6.04  36 1015.2  25.3  26.0  20.2 99.0 99.00
2016 04 13 03 50 130  7.8  9.3  1.89  8.33  6.20  61 1015.0  25.2  26.0  20.3 99.0 99.00
2016 04 13 04 50 134  7.4  8.9  1.93  8.33  6.18  71 1014.3  25.2  26.0  20.0 99.0 99.00
2016 04 13 05 50 137  7.1  8.6  1.73  7.69  5.99  89 1013.5  25.2  26.0  20.5 99.0 99.00
2016 04 13 06 50 148  7.4  8.8  1.83  8.33  5.89  60 1013.3  25.0  26.0  20.1 99.0 99.00
2016 04 13 07 50 149  6.3  7.9  1.77  7.14  5.87  90 1013.3  25.0  25.9  20.7 99.0 99.00
2016 04 13 08 50 149  6.8  8.4  1.81  7.69  6.12  93 1013.3  25.1  25.9  20.6 99.0 99.00
2016 04 13 09 50 159  8.6 10.6  1.89  9.09  6.03  52 1013.6  24.5  25.9  19.7 99.0 99.00
2016 04 13 10 50 174 10.1 13.0  1.85  9.09  6.07  69 1014.2  23.6  25.9  20.7 99.0 99.00
2016 04 13 11 50 159  7.2  8.7  1.70 10.81  6.01 360 1014.5  24.2  25.9  21.3 99.0 99.00
2016 04 13 12 50 169  6.0  7.5  1.89  9.09  6.01  58 1015.2  24.9  25.9  20.8 99.0 99.00
2016 04 13 13 50 182  5.9  7.2  1.77 14.81  6.03  66 1014.8  25.3  26.0  21.8 99.0 99.00
2016 04 13 14 50 192  7.9  9.2  1.77  8.33  5.98  55 1014.2  25.8  26.0  20.9 99.0 99.00
2016 04 13 15 50 205  7.7  9.1  1.86  9.09  6.05  53 1014.1  25.9  26.1  21.0 99.0 99.00
2016 04 13 16 50 209  7.2  9.0  1.76  9.09  5.88  28 1013.6  26.0  26.1  20.8 99.0 99.00
2016 04 13 17 50 199  7.8  9.5  1.73  9.09  5.83  46 1012.5  25.9  26.1  20.9 99.0 99.00
2016 04 13 18 50 213  6.4  7.6  1.79  7.14  6.17  89 1012.3  25.9  26.1  21.0 99.0 99.00
2016 04 13 19 50 215  6.3  7.6  1.65  9.09  5.79  40 1011.9  26.1  26.1  21.3 99.0 99.00
2016 04 13 20 50 214  5.8  6.9  1.70  7.69  6.04  67 1011.8  26.3  26.0  21.0 99.0 99.00
2016 04 13 21 50 213  5.3  6.4  1.70  8.33  6.05  31 1012.2  25.8  26.0  21.6 99.0 99.00
2016 04 13 22 50 235  2.4  3.3  1.79  8.33  6.00  54 1012.9  23.9  26.0  20.1 99.0 99.00
2016 04 13 23 50 221  0.7  1.7  1.65  8.33  6.30  47 1012.8  24.7  26.0  20.3 99.0 99.00
2016 04 14 00 50 249  1.6  2.2  1.66  8.33  6.34  51 1013.2  25.0  26.0  21.0 99.0 99.00
2016 04 14 01 50 202  2.5  3.6  1.64  7.69  6.13  84 1013.2  25.0  26.0  21.0 99.0 99.00
2016 04 14 02 50 209  3.2  4.0  1.64  7.14  6.34  53 1013.1  25.0  26.0  21.6 99.0 99.00
2016 04 14 03 50 217  3.0  4.1  1.62  7.14  6.37  72 1012.2  25.0  26.0  21.9 99.0 99.00
2016 04 14 04 50 193  4.2  5.1  1.64 13.79  6.52  16 1011.9  25.1  26.0  21.5 99.0 99.00
2016 04 14 05 50 209  4.9  6.1  1.56 13.79  6.53  23 1011.3  24.4  26.0  20.5 99.0 99.00
2016 04 14 06 50 209  4.6  5.7  1.49  8.33  6.29  61 1011.0  25.0  26.0  21.4 99.0 99.00
2016 04 14 07 50 188  2.7  3.5  1.48  9.09  6.59  34 1011.0  24.8  26.0  21.6 99.0 99.00
2016 04 14 08 50 166  4.8  6.3  1.49  9.09  6.58  52 1011.0  24.6  26.0  21.4 99.0 99.00
2016 04 14 09 50 224  4.8  5.8  1.59  9.09  6.65  35 1011.4  25.2  26.0  21.6 99.0 99.00
2016 04 14 10 50 203  5.9  7.0  1.48  9.09  6.46  35 1012.4  25.0  26.0  21.7 99.0 99.00
2016 04 14 11 50 220  5.2  6.6  1.51  8.33  6.27  73 1012.8  25.2  26.0  21.8 99.0 99.00
2016 04 14 12 50 225  4.7  5.6  1.53  8.33  6.32  59 1013.4  25.4  26.0  22.0 99.0 99.00
2016 04 14 13 50 227  6.5  7.6  1.33  9.09  6.37  55 1013.2  25.5  26.1  21.9 99.0 99.00
2016 04 14 14 50 221  5.5  6.6  1.31  7.69  5.89  67 1013.2  25.4  26.2  21.5 99.0 99.00
2016 04 14 15 50 224  7.0  8.2  1.43  9.09  6.06  48 1012.8  25.4  26.2  21.3 99.0 99.00
2016 04 14 16 50 229  6.8  7.9  1.40  9.09  5.83  31 1012.1  25.6  26.2  21.5 99.0 99.00
2016 04 14 17 50 233  6.3  7.3  1.42  9.09  5.93  34 1011.6  25.7  26.3  21.8 99.0 99.00
2016 04 14 18 50 234  5.8  7.0  1.50  9.09  5.98  23 1011.1  25.8  26.3  22.1 99.0 99.00
2016 04 14 19 50 247  5.2  6.3  1.49  9.09  6.16  37 1011.1  26.1  26.3  21.9 99.0 99.00
2016 04 14 20 50 244  5.3  6.4  1.35 12.90  5.93  62 1011.3  25.8  26.2  22.2 99.0 99.00
2016 04 14 21 50 260  4.7  5.4  1.31  8.33  6.06  73 1011.4  25.8  26.2  21.9 99.0 99.00
2016 04 14 22 50 277  5.0  6.1  1.36  8.33  6.14  30 1012.1  25.7  26.2  22.0 99.0 99.00
2016 04 14 23 50 267  4.8  5.6  1.33  9.09  6.35  60 1012.4  25.7  26.2  21.7 99.0 99.00
2016 04 15 00 50 280  4.0  5.1  1.29  9.09  6.21  48 1012.8  25.7  26.2  21.9 99.0 99.00
2016 04 15 01 50 286  4.0  4.9  1.31  8.33  6.41  77 1013.0  25.6  26.2  21.5 99.0 99.00
2016 04 15 02 50 277  3.8  4.5  1.29  8.33  6.45  78 1013.0  25.6  26.2  21.6 99.0 99.00
2016 04 15 03 50 275  4.0  5.0  1.25  7.69  6.52  76 1012.6  25.4  26.2  21.6 99.0 99.00
2016 04 15 04 50 279  4.1  5.0  1.28  9.09  6.77  62 1012.1  25.4  26.1  21.0 99.0 99.00
2016 04 15 05 50 280  3.9  4.8  1.23  8.33  6.65  36 1011.5  25.3  26.1  20.9 99.0 99.00
2016 04 15 06 50 268  4.0  4.8  1.32 12.90  6.81  24 1010.8  25.1  26.1  21.0 99.0 99.00
2016 04 15 07 50 275  3.9  4.9  1.22 12.12  6.94  55 1010.5  25.2  26.1  20.8 99.0 99.00
2016 04 15 08 50 274  4.4  5.5  1.37  8.33  7.20  54 1010.8  25.1  26.1  20.9 99.0 99.00
2016 04 15 09 50 275  4.1  4.8  1.25 13.79  6.86  64 1011.3  25.3  26.1  20.2 99.0 99.00
2016 04 15 10 50 298  3.5  4.2  1.26 12.90  7.17  31 1012.0  25.7  26.1  20.6 99.0 99.00
2016 04 15 11 50 273  2.5  3.3  1.38 14.81  7.54  50 1012.6  25.6  26.1  20.9 99.0 99.00
2016 04 15 12 50 302  2.7  3.4  1.37 12.90  7.60  46 1013.1  25.6  26.2  20.9 99.0 99.00
2016 04 15 13 50 291  3.2  4.3  1.50 14.81  8.19  56 1013.3  25.5  26.4  20.9 99.0 99.00
2016 04 15 14 50 298  2.7  3.5  1.39 14.81  7.76  42 1013.4  25.6  26.5  20.7 99.0 99.00
2016 04 15 15 50 277  3.1  4.1  1.44 12.90  8.31  37 1013.0  25.6  26.6  20.6 99.0 99.00
2016 04 15 16 50 273  2.9  3.9  1.51 14.81  8.12  49 1012.6  25.8  26.8  20.4 99.0 99.00
2016 04 15 17 50 288  3.3  5.0  1.52 13.79  8.32  43 1012.1  26.0  26.8  20.4 99.0 99.00
2016 04 15 18 50 288  3.0  3.9  1.62 12.90  8.29  55 1011.7  26.1  27.0  20.4 99.0 99.00
2016 04 15 19 50 280  2.9  4.0  1.67 14.81  8.92  50 1011.6  26.3  26.9  20.3 99.0 99.00
2016 04 15 20 50 300  3.1  3.9  1.59 14.81  8.93  53 1011.6  26.1  26.8  20.9 99.0 99.00
2016 04 15 21 50 309  2.3  3.3  1.73 14.81  9.25  56 1012.0  25.9  26.7  20.6 99.0 99.00
2016 04 15 22 50 284  2.7  3.5  1.49 13.79  8.77  44 1012.6  25.6  26.5  20.3 99.0 99.00
2016 04 15 23 50 284  3.1  4.1  1.74 13.79  9.78  61 1013.2  25.5  26.5  20.4 99.0 99.00
2016 04 16 00 50 294  2.8  3.8  1.66 13.79  9.52  55 1013.7  25.6  26.4  20.3 99.0 99.00
2016 04 16 01 50 296  2.6  3.4  1.68 13.79  9.47  50 1014.0  25.5  26.4  20.5 99.0 99.00
2016 04 16 02 50 278  1.9  3.2  1.64 12.90  9.01  55 1013.8  25.4  26.4  20.2 99.0 99.00
2016 04 16 03 50 271  2.4  3.3  1.65 13.79  9.07  42 1013.6  25.4  26.4  19.6 99.0 99.00
2016 04 16 04 50 289  2.6  3.4  1.60 13.79  9.22  47 1012.8  25.3  26.4  20.2 99.0 99.00
2016 04 16 05 50 272  2.1  3.0  1.78 13.79  9.45  57 1011.8  25.0  26.4  20.2 99.0 99.00
2016 04 16 06 50 297  2.6  3.4  1.69 13.79  9.23  48 1011.4  25.0  26.3  20.1 99.0 99.00
2016 04 16 07 50 271  1.8  2.7  1.47 12.12  8.58  46 1011.5  24.9  26.3  19.8 99.0 99.00
2016 04 16 08 50 268  1.8  3.0  1.49 12.90  8.66  43 1012.0  24.9  26.2  19.8 99.0 99.00
2016 04 16 09 50 238  2.0  3.1  1.62 13.79  9.12  59 1012.5  25.0  26.2  19.8 99.0 99.00
2016 04 16 10 50 258  1.8  2.5  1.38 13.79  8.64  61 1013.1  25.6  26.1  19.8 99.0 99.00
2016 04 16 11 50 241  2.7  3.7  1.51 12.90  8.79  43 1013.6  25.3  26.1  19.8 99.0 99.00
2016 04 16 12 50 236  2.5  3.4  1.52 13.79  9.06  25 1013.9  25.4  26.4  19.9 99.0 99.00
2016 04 16 13 50 231  2.5  3.4  1.36 12.90  8.52  46 1014.1  25.4  26.6  19.8 99.0 99.00
2016 04 16 14 50 256  2.7  3.5  1.34 12.90  8.24  45 1013.9  25.6  26.8  19.7 99.0 99.00
2016 04 16 15 50 221  3.0  4.0  1.46 11.43  8.52  42 1013.7  25.6  27.0  19.6 99.0 99.00
2016 04 16 16 50 240  2.7  3.6  1.58 12.90  8.96  50 1013.3  25.8  27.1  20.0 99.0 99.00
2016 04 16 17 50 250  3.0  4.2  1.47 12.90  8.71  39 1012.8  25.9  27.4  20.1 99.0 99.00
2016 04 16 18 50 250  2.4  3.5  1.56 12.90  8.76  36 1012.3  25.9  27.0  20.2 99.0 99.00
2016 04 16 19 50 301  2.1  3.1  1.50 12.12  8.87  60 1011.9  26.2  27.2  20.5 99.0 99.00
2016 04 16 20 50 286  2.2  3.3  1.33 12.90  8.50  42 1012.0  26.5  27.2  19.6 99.0 99.00
2016 04 16 21 50 269  2.5  3.3  1.41 12.90  8.76  38 1012.5  26.0  27.0  20.0 99.0 99.00
2016 04 16 22 50 310  1.2  1.8  1.40 12.90  8.86  36 1012.9  25.7  26.8  20.2 99.0 99.00
2016 04 16 23 50 287  2.1  2.8  1.34 12.90  8.59  41 1013.7  25.8  26.6  19.8 99.0 99.00
2016 04 17 00 50 313  1.6  2.4  1.37 11.43  8.65  38 1014.3  25.8  26.5  20.1 99.0 99.00
2016 04 17 01 50 190  3.8  5.2  1.47 12.90  8.92  40 1014.5  25.0  26.5  20.6 99.0 99.00
2016 04 17 02 50 208  1.5  2.2  1.39 12.90  8.67  48 1014.5  25.1  26.4  20.4 99.0 99.00
2016 04 17 03 50 215  0.7  1.2  1.44 12.90  8.75  33 1014.2  25.2  26.4  20.2 99.0 99.00
2016 04 17 04 50 273  0.5  0.9  1.47 12.12  8.88  37 1013.9  25.2  26.4  20.1 99.0 99.00
2016 04 17 05 50 195  5.3  6.9  1.50 10.81  8.91  23 1013.0  24.1  26.4  19.7 99.0 99.00
2016 04 17 06 50 165  0.8  2.0  1.46 12.90  9.02  21 1012.7  24.9  26.4  19.2 99.0 99.00
2016 04 17 07 50 231  1.3  2.1  1.45 11.43  8.94  32 1012.8  25.1  26.3  19.8 99.0 99.00
2016 04 17 08 50 272  0.6  1.1  1.46 12.12  9.11  40 1013.0  25.0  26.2  20.1 99.0 99.00
2016 04 17 09 50 247  1.6  2.5  1.53 11.43  9.08  39 1013.7  25.2  26.2  20.2 99.0 99.00
2016 04 17 10 50 240  0.6  1.3  1.55 12.12  9.47  33 1014.6  25.9  26.2  20.3 99.0 99.00
2016 04 17 11 50 207  0.5  1.1  1.53 12.90  9.01  32 1015.1  26.2  26.3  20.3 99.0 99.00
2016 04 17 12 50 186  2.6  3.4  1.51 12.12  8.99  20 1015.3  25.7  26.5  20.6 99.0 99.00
2016 04 17 13 50 186  4.4  5.3  1.54 12.90  8.96  47 1015.2  25.8  26.6  20.4 99.0 99.00
2016 04 17 14 50 182  4.9  6.2  1.65 12.12  9.30  35 1014.9  25.7  26.6  20.4 99.0 99.00
2016 04 17 15 50 182  4.6  5.7  1.69 11.43  8.82  21 1014.6  25.8  26.7  20.1 99.0 99.00
2016 04 17 16 50 196  4.0  5.0  1.60 11.43  8.57  30 1014.3  25.9  26.8  20.0 99.0 99.00
2016 04 17 17 50 213  4.3  5.6  1.56 11.43  8.49  18 1013.9  26.1  26.8  20.5 99.0 99.00
2016 04 17 18 50 224  4.2  5.6  1.49 10.81  8.17  30 1013.3  26.2  26.9  20.7 99.0 99.00
2016 04 17 19 50 223  4.5  5.5  1.53 10.81  8.34  36 1013.1  26.3  27.0  21.3 99.0 99.00
2016 04 17 20 50 229  4.1  5.4  1.52 12.12  8.34  26 1013.4  26.4  26.9  21.5 99.0 99.00
2016 04 17 21 50 220  4.7  5.9  1.53 11.43  8.10  30 1013.7  26.3  26.9  21.7 99.0 99.00
2016 04 17 22 50 225  4.5  5.9  1.41 12.12  8.06  11 1014.3  26.1  26.8  21.9 99.0 99.00
2016 04 17 23 50 235  4.5  5.5  1.41 12.12  7.80   8 1014.8  26.3  26.7  21.8 99.0 99.00
2016 04 18 00 50 241  5.5  7.1  1.46 10.81  7.85   5 1015.2  26.3  26.6  21.8 99.0 99.00
2016 04 18 01 50 249  4.5  5.6  1.50 12.12  7.83  29 1015.1  26.1  26.5  21.8 99.0 99.00
2016 04 18 02 50 246  4.7  5.6  1.52 11.43  7.44  21 1014.8  26.2  26.5  21.2 99.0 99.00
2016 04 18 03 50 235  4.9  6.1  1.68 12.12  8.18   7 1014.3  26.0  26.5  21.2 99.0 99.00
2016 04 18 04 50 229  5.4  6.5  1.52 11.43  7.60  17 1013.7  26.0  26.4  21.3 99.0 99.00
2016 04 18 05 50 237  4.9  6.4  1.64 11.43  8.05   4 1013.3  25.8  26.4  21.4 99.0 99.00
2016 04 18 06 50 246  5.3  6.4  1.59 11.43  7.94   7 1013.0  25.9  26.3  21.6 99.0 99.00
2016 04 18 07 50 251  5.3  6.5  1.63 12.12  8.02   2 1012.6  25.9  26.3  21.3 99.0 99.00
2016 04 18 08 50 260  5.6  6.7  1.54 10.81  7.60   1 1012.9  25.9  26.3  21.1 99.0 99.00
2016 04 18 09 50 257  4.9  5.8  1.65 12.12  7.71   5 1013.1  25.9  26.3  21.2 99.0 99.00
2016 04 18 10 50 247  4.8  5.5  1.87 11.43  8.18 356 1013.6  26.2  26.3  20.8 99.0 99.00
2016 04 18 11 50 257  4.3  5.4  1.51 10.81  7.35   3 1014.3  26.1  26.3  21.1 99.0 99.00
2016 04 18 12 50 262  4.2  5.1  1.91 10.81  8.29 360 1014.9  26.1  26.4  21.0 99.0 99.00
2016 04 18 13 50 250  4.3  5.6  1.84 12.12  8.23 354 1015.3  26.1  26.5  21.2 99.0 99.00
2016 04 18 14 50 236  4.2  5.3  1.95 11.43  8.70 354 1014.8  26.1  26.5  21.1 99.0 99.00
2016 04 18 15 50 254  3.9  4.9  1.77 12.12  8.31 349 1014.4  26.1  26.7  21.0 99.0 99.00
2016 04 18 16 50 235  4.0  4.9  1.93 11.43  8.62 354 1014.4  26.3  26.8  21.3 99.0 99.00
2016 04 18 17 50 239  3.9  4.9  1.71 12.12  8.15 347 1014.0  26.4  26.9  21.6 99.0 99.00
2016 04 18 18 50 245  4.4  5.5  1.66 10.81  7.86 357 1013.1  26.5  26.8  21.1 99.0 99.00
2016 04 18 19 50 259  4.7  5.7  1.82 11.43  8.19   4 1012.6  26.3  26.8  21.3 99.0 99.00
2016 04 18 20 50 236  4.5  5.6  1.77 12.12  8.15 351 1013.2  26.2  26.6  21.7 99.0 99.00
2016 04 18 21 50 228  4.1  5.5  1.60 10.81  7.87 358 1013.5  26.3  26.6  21.4 99.0 99.00
2016 04 18 22 50 233  5.0  6.2  1.99 10.81  8.52 347 1013.8  26.2  26.6  21.3 99.0 99.00
2016 04 19 00 50 228  5.3  6.3  1.80 13.79  7.93 345 1014.4  26.2  26.4  22.2 99.0 99.00
2016 04 19 01 50 228  5.5  6.4  1.73 10.81  7.66 354 1014.2  26.1  26.4  21.9 99.0 99.00
2016 04 19 02 50 217  9.1 11.1  1.85 12.90  7.25 359 1013.8  25.8  26.4  22.9 99.0 99.00
2016 04 19 03 50 223  9.1 11.0  1.91 12.90  6.50 340 1013.4  25.4  26.4  22.1 99.0 99.00
2016 04 19 04 50 230  8.0  9.3  1.94 12.12  6.27 327 1012.7  25.6  26.4  20.6 99.0 99.00
2016 04 19 05 50 252  9.3 10.9  1.96 12.12  6.07 341 1012.7  25.5  26.4  20.8 99.0 99.00
2016 04 19 06 50 229  6.4  7.6  2.00 11.43  6.69 336 1011.7  25.1  26.4  20.7 99.0 99.00
2016 04 19 07 50 269  7.2  9.5  1.69 10.81  5.94   5 1011.7  24.8  26.4  21.6 99.0 99.00
2016 04 19 08 50 264  7.5  9.3  1.78 12.12  6.11 343 1012.0  25.1  26.3  21.9 99.0 99.00
2016 04 19 09 50 257  7.8  9.3  1.81 12.12  5.66 350 1012.1  25.4  26.3  20.3 99.0 99.00
2016 04 19 10 50 265  8.3  9.5  1.90 11.43  6.13 347 1013.0  25.6  26.2  20.6 99.0 99.00
2016 04 19 11 50 306  7.8  9.3  1.79 10.00  5.75 350 1013.8  24.4  26.2  21.7 99.0 99.00
2016 04 19 12 50 264  7.0  8.3  1.76 11.43  5.75 350 1014.2  24.2  26.2  20.9 99.0 99.00
2016 04 19 13 50 283  6.5  7.7  1.79 12.12  5.86 339 1014.3  24.9  26.2  21.3 99.0 99.00
2016 04 19 14 50 284  6.4  7.5  1.68 12.12  6.03 343 1014.4  25.4  26.3  20.9 99.0 99.00
2016 04 19 15 50 296  7.0  8.1  1.68 12.90  6.12 343 1014.1  25.7  26.3  19.6 99.0 99.00
2016 04 19 16 50 308  6.3  7.3  1.60 10.00  6.24 344 1013.6  25.7  26.4  19.8 99.0 99.00
2016 04 19 17 50 309  7.1  8.9  1.57 11.43  6.16 349 1013.4  25.8  26.5  19.5 99.0 99.00
2016 04 19 18 50 312  6.8  8.4  1.64 10.81  6.43 348 1013.1  25.8  26.5  19.1 99.0 99.00
2016 04 19 19 50 324  6.6  7.7  1.94 11.43  6.56   3 1012.8  25.9  26.5  17.8 99.0 99.00
2016 04 19 20 50 314  6.1  7.4  1.79 11.43  6.49 351 1013.2  26.0  26.4  18.5 99.0 99.00
2016 04 19 21 50 316  4.7  5.5  1.85 10.81  6.40 344 1013.7  25.8  26.4  18.9 99.0 99.00
2016 04 19 22 50 323  6.2  7.2  1.64 10.81  6.48 353 1013.8  25.6  26.3  18.9 99.0 99.00
2016 04 19 23 50 331  5.8  7.7  1.68 10.81  6.51   2 1014.5  25.5  26.3  18.6 99.0 99.00
2016 04 20 00 50 331  5.4  6.9  1.82 12.12  6.87 351 1014.8  25.4  26.3  17.7 99.0 99.00
2016 04 20 01 50 340  5.3  6.4  1.81 11.43  6.80   8 1015.0  25.3  26.3  17.1 99.0 99.00
2016 04 20 02 50 317  3.4  4.9  1.91 11.43  6.93   2 1015.1  25.2  26.3  17.0 99.0 99.00
2016 04 20 03 50 346  3.1  4.2  1.97 11.43  7.04   5 1014.7  25.0  26.3  17.3 99.0 99.00
2016 04 20 04 50 344  3.7  5.1  1.85 11.43  6.67 359 1013.9  24.9  26.2  16.7 99.0 99.00
2016 04 20 05 50 328  3.5  4.8  1.93 10.81  6.78 358 1013.5  24.9  26.2  16.2 99.0 99.00
2016 04 20 06 50 341  3.3  5.2  1.94 10.81  6.83   4 1013.1  24.7  26.2  17.2 99.0 99.00
2016 04 20 07 50 331  3.7  4.6  2.07 10.00  6.88 343 1013.2  24.9  26.2  15.3 99.0 99.00
2016 04 20 08 50 333  2.7  3.9  2.11 10.00  7.18 352 1013.6  24.6  26.2  16.3 99.0 99.00
2016 04 20 09 50 350  3.5  4.9  1.94 10.81  7.08 354 1013.9  24.8  26.2  16.0 99.0 99.00
2016 04 20 10 50 332  2.7  4.3  1.99 10.81  7.01 350 1014.4  25.2  26.2  15.5 99.0 99.00
2016 04 20 11 50 337  2.8  3.7  1.98 11.43  7.24  12 1014.9  25.1  26.2  15.7 99.0 99.00
2016 04 20 12 50 324  3.2  4.4  1.85 10.81  7.10 351 1015.4  25.3  26.2  13.9 99.0 99.00
2016 04 20 13 50 340  2.1  3.0  1.80 10.81  7.14 350 1015.8  25.3  26.4  13.5 99.0 99.00
2016 04 20 14 50 328  0.8  1.6  1.90  9.09  7.37 340 1015.7  25.3  26.8  14.8 99.0 99.00
2016 04 20 15 50 323  1.0  2.8  1.86 10.81  7.21 352 1015.4  25.4  27.5  14.7 99.0 99.00
2016 04 20 16 50 283  1.5  2.4  1.94 10.00  7.49 349 1015.0  25.4  28.1  15.5 99.0 99.00
2016 04 20 17 50 296  0.8  1.6  1.99  9.09  7.38 345 1014.6  25.7  28.2  15.6 99.0 99.00
2016 04 20 18 50 301  1.5  2.5  2.10  9.09  7.72 341 1014.0  25.8  28.1  16.1 99.0 99.00
2016 04 20 19 50 338  1.6  2.8  1.88  8.33  7.31 333 1013.9  26.0  28.2  16.4 99.0 99.00
2016 04 20 20 50 331  2.6  4.1  1.80 10.00  7.34 338 1013.8  26.0  27.8  16.1 99.0 99.00
2016 04 20 21 50 274  0.7  1.6  1.94 10.00  7.58 344 1013.8  26.4  27.1  15.3 99.0 99.00
2016 04 20 22 50 284  1.6  2.5  1.87 10.00  7.33 347 1014.2  25.3  26.7  15.7 99.0 99.00
2016 04 20 23 50 303  1.3  2.4  1.90  9.09  7.43 344 1014.8  25.3  26.7  15.6 99.0 99.00
2016 04 21 00 50 296  1.7  2.6  1.85 10.00  7.57 349 1015.6  25.3  26.6  14.9 99.0 99.00
2016 04 21 01 50 291  3.0  4.5  1.89 10.00  7.43 338 1015.9  25.3  26.4  15.2 99.0 99.00
2016 04 21 02 50 302  2.8  3.8  1.72  9.09  7.17 357 1015.6  25.2  26.4  16.2 99.0 99.00
2016 04 21 03 50 309  3.5  4.4  1.64  9.09  7.10 344 1015.8  25.1  26.4  17.7 99.0 99.00
2016 04 21 04 50 314  3.9  5.0  1.69 10.00  7.39 348 1015.3  24.9  26.4  17.3 99.0 99.00
2016 04 21 05 50 323  2.6  3.6  1.78 10.00  7.37 334 1014.7  24.8  26.4  17.0 99.0 99.00
2016 04 21 06 50 318  3.6  4.7  1.84  9.09  7.45 349 1014.7  24.8  26.4  17.3 99.0 99.00
2016 04 21 07 50 330  3.7  5.0  1.67  9.09  7.30 338 1014.4  24.7  26.3  17.5 99.0 99.00
2016 04 21 08 50 333  3.3  4.4  1.61 10.00  7.26 336 1014.4  24.6  26.3  17.4 99.0 99.00
2016 04 21 09 50 350  2.0  3.1  1.52  9.09  7.06 350 1015.0  24.7  26.2  17.0 99.0 99.00
2016 04 21 10 50 331  2.0  2.8  1.51 10.00  7.16 339 1015.6  25.3  26.2  16.2 99.0 99.00
2016 04 21 11 50 346  2.2  2.8  1.45  9.09  6.94 340 1016.5  25.2  26.3  17.1 99.0 99.00
2016 04 21 12 50   9  2.6  3.9  1.28 10.00  7.06 352 1016.7  25.1  26.3  17.6 99.0 99.00
2016 04 21 13 50  15  3.6  4.6  1.29  9.09  6.99 354 1017.2  25.1  26.4  17.5 99.0 99.00
2016 04 21 14 50  51  3.1  4.2  1.48 10.00  7.61 352 1017.3  25.1  26.6  17.9 99.0 99.00
2016 04 21 15 50  20  2.6  4.1  1.46  9.09  7.31 351 1017.5  25.1  26.8  17.3 99.0 99.00
2016 04 21 16 50  20  3.1  4.1  1.32  8.33  7.19 338 1017.3  25.3  26.9  18.0 99.0 99.00
2016 04 21 17 50  17  4.0  5.0  1.35 10.00  7.36 355 1016.6  25.2  26.9  17.9 99.0 99.00
2016 04 21 18 50  35  4.0  4.9  1.30  9.09  7.15 347 1016.4  25.5  26.8  17.6 99.0 99.00
2016 04 21 19 50  24  4.9  6.1  1.25  8.33  6.91 345 1016.6  25.3  26.8  18.2 99.0 99.00
2016 04 21 20 50  31  4.8  6.6  1.25  9.09  6.63 342 1016.8  25.3  26.7  18.5 99.0 99.00
2016 04 21 21 50  34  5.6  6.7  1.36  9.09  6.53 334 1017.2  24.9  26.6  18.8 99.0 99.00
2016 04 21 22 50  28  5.7  6.8  1.36  9.09  6.44 345 1017.7  24.8  26.5  18.3 99.0 99.00
2016 04 21 23 50  22  6.2  7.3  1.18  8.33  5.99 343 1018.5  24.8  26.4  18.3 99.0 99.00
2016 04 22 00 50  29  6.1  7.8  1.41  9.09  6.43 355 1019.1  24.7  26.4  18.3 99.0 99.00
2016 04 22 01 50  43  5.3  6.4  1.31  9.09  6.06 349 1019.5  24.8  26.3  17.7 99.0 99.00
2016 04 22 02 50  30  5.0  6.6  1.24 10.00  5.79 344 1019.7  25.0  26.3  16.0 99.0 99.00
2016 04 22 03 50  36  5.5  6.5  1.35 10.00  5.98 336 1019.4  24.8  26.3  16.5 99.0 99.00
2016 04 22 04 50  50  5.5  6.6  1.30  8.33  5.81 347 1018.7  24.8  26.3  16.8 99.0 99.00
2016 04 22 05 50  49  5.5  6.9  1.25  9.09  5.87 353 1018.0  24.7  26.3  16.7 99.0 99.00
2016 04 22 06 50  49  5.6  7.0  1.34  9.09  5.90 336 1017.6  24.6  26.3  17.4 99.0 99.00
2016 04 22 07 50  58  5.9  8.0  1.36  8.33  6.00 352 1017.6  24.6  26.3  17.1 99.0 99.00
2016 04 22 08 50  54  5.3  6.8  1.41 10.00  5.99   2 1018.0  24.6  26.2  17.3 99.0 99.00
2016 04 22 09 50  39  7.1  8.5  1.50  9.09  6.20 340 1018.1  24.8  26.2  17.5 99.0 99.00
2016 04 22 10 50  68  4.8  6.4  1.89  9.09  6.89 345 1019.5  24.8  26.2  18.0 99.0 99.00
2016 04 22 11 50  47  6.3  7.7  1.95  9.09  7.00 346 1019.9  24.7  26.2  18.4 99.0 99.00
2016 04 22 12 50  59  6.8  9.0  2.66 10.81  8.08 344 1020.4  25.0  26.2  18.5 99.0 99.00
2016 04 22 13 50  70  5.9  7.4  2.48 10.81  7.75 345 1020.9  25.1  26.2  18.0 99.0 99.00
2016 04 22 14 50  61  6.8  8.4  2.55 10.81  7.96 343 1020.5  25.1  26.3  17.3 99.0 99.00
2016 04 22 15 50  61  6.7  7.9  3.04 10.00  8.21 349 1020.2  25.1  26.3  17.9 99.0 99.00
2016 04 22 16 50  62  6.7  9.1  2.66 11.43  7.85 343 1019.8  25.1  26.3  18.2 99.0 99.00
2016 04 22 17 50  67  6.4  7.8  2.76 11.43  7.88 344 1019.1  25.1  26.3  17.9 99.0 99.00
2016 04 22 18 50  67  6.8  8.2  2.40 11.43  7.42 338 1018.7  25.1  26.4  18.4 99.0 99.00
2016 04 22 19 50  71  6.9  8.5  2.32 10.81  7.41 342 1018.7  25.0  26.4  17.8 99.0 99.00
2016 04 22 20 50  66  6.3  7.1  2.33 11.43  7.15 343 1018.8  25.0  26.4  18.1 99.0 99.00
2016 04 22 21 50  72  6.8  8.7  2.30 10.81  7.35 351 1018.9  25.0  26.3  18.4 99.0 99.00
2016 04 22 22 50  69  7.2  8.7  2.34 11.43  7.55 348 1018.9  25.1  26.3  18.8 99.0 99.00
2016 04 22 23 50  77  7.1  8.3  2.36 10.81  7.47 350 1019.4  25.1  26.3  18.8 99.0 99.00
2016 04 23 00 50  82  7.5  8.6  2.13 11.43  7.08 358 1019.7  25.1  26.3  19.1 99.0 99.00
2016 04 23 01 50  73  7.0  8.6  2.02 10.81  6.68 351 1020.3  25.1  26.3  19.4 99.0 99.00
2016 04 23 02 50  77  6.6  8.0  2.12 12.12  7.12 348 1020.3  25.1  26.3  19.3 99.0 99.00
2016 04 23 03 50  74  6.6  7.9  2.21 10.81  7.38 345 1019.6  25.2  26.2  20.1 99.0 99.00
2016 04 23 04 50  83  6.7  8.1  2.26 11.43  7.36 350 1018.7  25.0  26.2  20.3 99.0 99.00
2016 04 23 05 50  75  6.8  7.9  2.37 10.81  7.59 351 1018.1  25.0  26.2  20.3 99.0 99.00
2016 04 23 06 50  85  6.5  7.9  2.32 11.43  7.35 358 1017.7  24.9  26.2  20.1 99.0 99.00
2016 04 23 07 50  85  6.4  7.7  2.18 11.43  7.19 356 1017.4  24.9  26.2  20.3 99.0 99.00
2016 04 23 08 50  84  7.0  8.0  2.29 11.43  7.46   4 1017.3  24.9  26.2  20.6 99.0 99.00
2016 04 23 09 50  83  7.3  8.6  2.20 10.00  7.05 354 1017.7  25.0  26.2  20.5 99.0 99.00
2016 04 23 10 50  87  7.1  8.4  2.25 11.43  7.09 351 1017.9  25.1  26.2  20.7 99.0 99.00
2016 04 23 11 50  87  7.8  8.8  2.23 11.43  6.89 356 1018.0  25.2  26.2  20.7 99.0 99.00
2016 04 23 12 50  89  8.0  9.5  2.10 10.81  6.61 350 1018.1  25.2  26.2  20.8 99.0 99.00
2016 04 23 13 50 110  8.0 10.2  2.22 11.43  6.60   4 1018.5  24.2  26.2  21.7 99.0 99.00
2016 04 23 14 50  99  8.7  9.9  2.15 10.81  6.34 358 1018.6  24.2  26.2  21.5 99.0 99.00
2016 04 23 15 50  87  7.9  9.2  2.25 11.43  6.69   2 1018.5  24.5  26.2  21.2 99.0 99.00
2016 04 23 16 50  98  7.8  9.8  2.19 11.43  6.81 358 1018.1  24.0  26.2  20.8 99.0 99.00
2016 04 23 17 50  72  7.8  9.0  2.21 11.43  6.74 349 1017.1  23.6  26.2  21.7 99.0 99.00
2016 04 23 18 50  79  8.5 10.2  2.17 10.81  6.58 358 1016.7  24.2  26.1  21.5 99.0 99.00
2016 04 23 19 50  86  8.8 10.4  2.13 10.81  6.24   3 1016.2  24.3  26.1  21.4 99.0 99.00
2016 04 23 20 50  88  9.2 10.9  2.25 10.81  6.55   1 1015.9  24.5  26.1  21.3 99.0 99.00
2016 04 23 21 50  81  8.7 10.4  2.04 10.81  6.39 356 1016.5  24.4  26.1  21.4 99.0 99.00
2016 04 23 23 50  86  9.0 10.9  2.06 10.00  6.20 350 1017.0  24.7  26.1  21.4 99.0 99.00
2016 04 24 00 50  97  9.3 10.9  2.12 11.43  6.27  13 1016.9  24.6  26.1  21.7 99.0 99.00
2016 04 24 01 50  97 10.4 12.2  1.96 11.43  5.89   8 1016.4  24.4  26.1  21.8 99.0 99.00
2016 04 24 02 50  93  8.7  9.9  1.87 10.81  5.75   5 1017.1  24.6  26.1  22.0 99.0 99.00
2016 04 24 03 50  95  8.6 10.7  1.93 11.43  5.85   9 1016.7  24.7  26.1  22.1 99.0 99.00
2016 04 24 04 50  97  8.1  9.6  1.89 10.81  5.89   5 1016.3  24.6  26.1  22.1 99.0 99.00
2016 04 24 05 50 104  8.0  9.4  2.03 10.81  6.19 359 1015.4  24.7  26.1  22.3 99.0 99.00
2016 04 24 06 50 109  8.6 10.0  2.00 11.43  6.15 360 1014.3  24.8  26.1  22.7 99.0 99.00
2016 04 24 07 50 118  7.0  8.4  2.12 11.43  6.64   7 1014.5  25.0  26.1  22.8 99.0 99.00
2016 04 24 08 50 123  7.2  8.3  2.11 12.12  6.50  13 1014.6  25.2  26.1  22.9 99.0 99.00
2016 04 24 09 50 126  7.2  8.6  2.10 12.90  6.90  25 1014.6  25.4  26.1  22.9 99.0 99.00
2016 04 24 10 50 121  7.0  8.3  2.12 12.90  7.07  17 1014.7  25.5  26.1  23.1 99.0 99.00
2016 04 24 11 50 128  7.0  8.2  2.07 12.90  7.20  10 1015.1  25.7  26.1  23.4 99.0 99.00
2016 04 24 12 50 132  7.2  9.0  2.19 12.90  7.24   5 1015.5  25.8  26.1  23.5 99.0 99.00
2016 04 24 13 50 144  8.0  9.8  2.07 11.43  6.84   5 1015.1  26.2  26.1  23.4 99.0 99.00
2016 04 24 14 50 156  9.1 10.5  2.29 11.43  7.33 360 1014.7  26.2  26.1  23.4 99.0 99.00
2016 04 24 15 50 161  7.5  9.3  2.15 12.12  6.85   8 1014.8  26.2  26.1  23.6 99.0 99.00
2016 04 24 16 50 160  7.4  9.1  2.28 10.00  7.16 355 1014.1  26.3  26.2  23.5 99.0 99.00
2016 04 24 17 50 155  9.6 11.1  2.11 11.43  6.85 354 1012.7  26.2  26.2  23.4 99.0 99.00
2016 04 24 18 50 159  8.4 10.2  2.31 12.12  6.83 360 1012.7  26.2  26.2  23.4 99.0 99.00
2016 04 24 19 50 155  9.5 11.4  2.13 11.43  6.65 353 1011.3  26.1  26.1  23.5 99.0 99.00
2016 04 24 20 50 161  9.0 11.1  2.03 11.43  6.43 352 1011.7  26.2  26.1  23.3 99.0 99.00
2016 04 24 21 50 167  7.9  9.3  1.97 11.43  6.25   2 1012.5  26.1  26.1  23.2 99.0 99.00
2016 04 24 22 50 165  7.9  9.2  1.93 11.43  6.25   6 1012.7  26.2  26.1  23.3 99.0 99.00
2016 04 24 23 50 165  7.9  9.3  1.80 10.81  6.11 346 1013.2  26.1  26.1  23.4 99.0 99.00
2016 04 25 00 50 173  7.5  8.9  1.87 10.81  6.11 355 1013.5  26.2  26.0  23.5 99.0 99.00
2016 04 25 01 50 176  7.3  9.2  1.78 10.81  6.01 348 1013.8  26.1  26.0  23.6 99.0 99.00
2016 04 25 02 50 185  7.6  9.0  1.84 11.43  6.38 355 1013.5  26.1  26.0  23.8 99.0 99.00
2016 04 25 03 50 188  7.9  9.3  1.66  9.09  5.74  19 1012.4  26.1  26.0  24.1 99.0 99.00
2016 04 25 04 50 191  8.4 10.2  1.67 10.00  5.85 346 1011.7  26.0  26.0  24.2 99.0 99.00
2016 04 25 05 50 191  8.6 10.5  1.72 10.81  5.69   7 1010.7  26.1  26.0  23.9 99.0 99.00
2016 04 25 06 50 196  9.4 11.4  1.76 10.81  5.63  17 1010.0  26.2  26.0  23.9 99.0 99.00
2016 04 25 07 50 196 10.2 12.9  1.60  8.33  5.36 127 1009.4  26.2  26.0  24.1 99.0 99.00
2016 04 25 08 50 193 10.5 13.2  1.69  9.09  5.37 120 1009.4  26.2  26.0  24.0 99.0 99.00
2016 04 25 09 50 206  9.1 10.7  1.76  8.33  5.38 125 1010.5  26.3  26.0  24.0 99.0 99.00
2016 04 25 10 50 201  9.7 11.4  1.71  5.26  5.40 198 1010.6  26.4  26.0  24.1 99.0 99.00
2016 04 25 11 50 217  8.9 10.9  1.79  5.56  5.40 164 1011.2  26.4  26.0  24.2 99.0 99.00
2016 04 25 12 50 225  9.1 11.1  1.83  5.00  5.37 197 1011.3  26.5  26.0  24.1 99.0 99.00
2016 04 25 13 50 232  9.4 11.1  1.79  5.26  5.21 205 1011.7  26.6  26.1  24.3 99.0 99.00
2016 04 25 14 50 241  8.9 11.3  1.83  9.09  5.54 355 1011.8  26.6  26.1  24.1 99.0 99.00
2016 04 25 15 50 241  9.4 11.1  1.70 10.00  5.31 347 1011.2  25.9  26.1  23.4 99.0 99.00
2016 04 25 16 50 250 11.3 14.3  1.90  9.09  5.44  25 1011.0  24.9  26.1  22.0 99.0 99.00
2016 04 25 17 50 263  8.3 10.0  1.86  6.25  5.38 232 1010.6  26.2  26.1  23.1 99.0 99.00
2016 04 25 18 50 253  6.9  8.0  1.72  9.09  5.54 146 1010.1  26.2  26.1  23.0 99.0 99.00
2016 04 25 19 50 316  9.6 11.5  1.74  6.25  5.66 246 1010.5  24.9  26.0  22.8 99.0 99.00
2016 04 25 20 50 332  6.3  7.8  1.65  7.69  5.57 189 1011.0  24.5  25.9  22.4 99.0 99.00
2016 04 25 21 50 341  3.7  4.6  1.66  5.88  5.74 249 1011.8  24.0  25.9  22.2 99.0 99.00
2016 04 25 22 50 355  5.5  6.4  1.60  9.09  5.66  41 1011.9  24.6  25.8  21.7 99.0 99.00
2016 04 25 23 50 360  4.2  5.2  1.55  7.14  5.65 202 1012.5  25.0  25.8  21.5 99.0 99.00
2016 04 26 00 50  22  3.1  4.1  1.51  7.69  5.65 131 1012.9  25.0  25.8  22.1 99.0 99.00
2016 04 26 01 50   5  3.3  4.1  1.58  9.09  6.05 152 1013.4  25.1  25.8  21.4 99.0 99.00
2016 04 26 02 50   1  2.1  2.6  1.43  8.33  5.84 146 1013.4  25.0  25.8  21.7 99.0 99.00
2016 04 26 03 50  32  3.5  4.2  1.39  8.33  5.72 131 1012.7  25.3  25.7  21.4 99.0 99.00
2016 04 26 04 50  50  3.6  4.5  1.27  8.33  5.90 155 1012.3  25.1  25.7  21.7 99.0 99.00
2016 04 26 05 50  48  3.6  4.4  1.40  9.09  5.93 122 1011.7  25.1  25.8  21.2 99.0 99.00
2016 04 26 06 50  45  3.4  4.3  1.26  9.09  5.68 145 1011.4  25.1  25.8  21.1 99.0 99.00
2016 04 26 07 50  63  2.8  3.5  1.33  9.09  5.80 144 1011.6  24.9  25.8  20.7 99.0 99.00
2016 04 26 08 50  66  3.1  3.8  1.27  8.33  5.76 173 1011.8  24.9  25.8  21.1 99.0 99.00
2016 04 26 09 50  68  2.9  3.5  1.16  6.25  5.68 160 1012.2  24.9  25.8  20.8 99.0 99.00
2016 04 26 10 50  66  2.6  3.4  1.30  5.56  5.89 203 1012.9  25.4  25.8  20.8 99.0 99.00
2016 04 26 11 50 105  2.9  3.5  1.27  8.33  5.88 148 1013.4  25.4  25.9  20.8 99.0 99.00
2016 04 26 12 50  83  2.4  3.2  1.24  9.09  6.02 131 1013.7  25.5  26.0  20.8 99.0 99.00
2016 04 26 13 50  84  2.2  2.9  1.30  9.09  6.15 137 1014.3  25.6  26.3  20.6 99.0 99.00
2016 04 26 14 50  68  1.9  2.7  1.29  6.67  6.15  23 1014.5  25.6  26.7  20.4 99.0 99.00
2016 04 26 15 50  59  1.9  2.8  1.36  9.09  6.16 158 1014.2  25.7  26.9  19.9 99.0 99.00
2016 04 26 16 50  58  3.3  4.3  1.30  9.09  6.14 143 1013.7  25.6  26.8  20.4 99.0 99.00
2016 04 26 17 50  64  3.5  4.9  1.24  8.33  6.21 146 1013.2  25.7  26.7  19.9 99.0 99.00
2016 04 26 18 50  65  3.8  4.6  1.33  9.09  6.38 135 1013.0  25.6  26.6  19.9 99.0 99.00
2016 04 26 19 50  70  3.5  4.5  1.31  7.69  6.35 158 1012.9  25.7  26.6  20.0 99.0 99.00
2016 04 26 20 50  62  4.3  5.2  1.32  8.33  6.28 152 1013.0  25.5  26.5  20.1 99.0 99.00
2016 04 26 21 50  54  4.3  5.0  1.31  9.09  6.23 142 1013.8  25.5  26.4  20.4 99.0 99.00
2016 04 26 22 50  66  3.7  4.6  1.31  8.33  6.16 129 1014.1  25.5  26.3  20.5 99.0 99.00
2016 04 26 23 50  68  4.3  5.5  1.32  7.69  6.23 134 1014.5  25.5  26.3  20.4 99.0 99.00
2016 04 27 00 50  83  5.2  6.1  1.34  6.25  6.16 355 1014.6  25.5  26.3  20.5 99.0 99.00
2016 04 27 01 50  81  5.1  6.1  1.55 12.12  6.63 343 1015.0  25.6  26.2  20.2 99.0 99.00
2016 04 27 02 50  83  4.8  5.6  1.70 12.12  7.24 340 1015.2  25.6  26.2  20.5 99.0 99.00
2016 04 27 03 50  89  5.6  6.6  1.82 12.12  7.08 352 1014.7  25.6  26.2  20.9 99.0 99.00
2016 04 27 04 50  89  4.5  5.5  2.23 11.43  8.18 346 1014.4  25.5  26.2  20.9 99.0 99.00
2016 04 27 05 50  97  4.4  5.7  2.44 11.43  8.05 346 1014.0  25.4  26.2  21.3 99.0 99.00
2016 04 27 06 50  89  4.5  5.8  2.49 11.43  8.24 344 1013.9  25.4  26.1  21.2 99.0 99.00
2016 04 27 07 50 119  4.9  6.2  2.32 11.43  7.86 346 1014.2  25.3  26.1  21.6 99.0 99.00
2016 04 27 08 50 105  5.4  6.6  2.30 11.43  7.60 340 1014.4  25.3  26.0  21.7 99.0 99.00
2016 04 27 09 50 111  5.5  6.7  2.01 11.43  7.40 341 1014.7  25.3  26.1  21.9 99.0 99.00
2016 04 27 10 50 115  6.8  8.1  2.17 11.43  7.56 340 1014.9  25.4  26.1  22.3 99.0 99.00
2016 04 27 11 50 112  5.5  7.0  2.14 10.81  7.49 336 1015.7  25.6  26.1  22.6 99.0 99.00
2016 04 27 12 50 117  6.3  7.3  2.07 11.43  7.36 354 1015.9  25.7  26.1  23.0 99.0 99.00
2016 04 27 13 50 121  7.0  8.1  1.74 10.00  6.90 343 1016.3  25.7  26.1  23.0 99.0 99.00
2016 04 27 14 50 129  6.1  7.2  2.03 10.00  7.22 347 1016.6  25.9  26.1  23.3 99.0 99.00
2016 04 27 15 50 103  7.4  8.7  1.82 10.81  6.88 345 1015.5  25.8  26.1  23.4 99.0 99.00
2016 04 27 16 50 123  7.2  8.6  1.87 10.81  6.92 354 1015.5  25.8  26.2  23.5 99.0 99.00
2016 04 27 17 50 106  6.0  7.2  1.78 10.81  6.89 350 1015.4  25.8  26.2  23.6 99.0 99.00
2016 04 27 18 50 110  4.4  5.2  1.65 10.81  6.82 353 1015.8  25.9  26.2  23.7 99.0 99.00
2016 04 27 19 50 112  4.0  5.0  1.99 10.81  7.52 349 1015.8  25.9  26.2  23.7 99.0 99.00
2016 04 27 20 50 116  4.1  4.9  1.93 10.81  7.59 357 1016.1  25.9  26.2  23.9 99.0 99.00
2016 04 27 21 50 117  5.7  6.7  1.89 10.00  7.53 348 1016.0  25.9  26.2  24.0 99.0 99.00
2016 04 27 22 50 112  5.5  6.6  1.93 10.00  7.54 353 1015.7  25.9  26.2  24.0 99.0 99.00
2016 04 27 23 50 116  7.1  8.8  1.79 10.81  7.42   9 1015.6  25.9  26.2  24.0 99.0 99.00
2016 04 28 00 50 140  5.7  7.0  1.99 10.81  7.66 356 1016.5  26.0  26.2  24.1 99.0 99.00
2016 04 28 01 50 129  6.8  8.2  1.83 11.43  7.42   1 1016.5  26.0  26.2  24.1 99.0 99.00
2016 04 28 02 50 106  7.6  9.1  2.08 10.00  7.65   4 1016.1  25.9  26.2  24.2 99.0 99.00
2016 04 28 03 50 113  7.1  8.6  1.93 10.81  7.23  12 1016.1  26.0  26.2  24.1 99.0 99.00
2016 04 28 04 50 109  5.8  6.9  1.80 10.00  7.15 352 1016.0  26.0  26.2  23.8 99.0 99.00
2016 04 28 05 50 117  5.3  6.3  1.93 10.00  7.30 357 1015.5  25.8  26.1  23.7 99.0 99.00
2016 04 28 06 50 122  5.4  6.3  1.78  9.09  7.23   4 1015.3  25.8  26.1  23.4 99.0 99.00
2016 04 28 07 50 105  5.4  6.2  1.97 10.81  7.38   5 1015.1  25.9  26.1  23.3 99.0 99.00
2016 04 28 08 50 108  5.2  6.4  1.67 10.00  6.73  11 1015.9  25.9  26.1  23.2 99.0 99.00
2016 04 28 09 50 118  5.4  6.8  1.97 10.00  7.27   5 1016.1  26.0  26.1  23.3 99.0 99.00
2016 04 28 10 50 108  5.9  7.3  1.65 10.00  6.71   4 1016.8  26.0  26.1  23.2 99.0 99.00
2016 04 28 11 50 121  6.4  7.9  1.69 10.00  6.60  20 1017.0  26.1  26.1  23.2 99.0 99.00
2016 04 28 12 50 123  6.0  7.1  1.78 10.00  6.69  29 1017.1  26.1  26.2  23.1 99.0 99.00
2016 04 28 13 50 121  6.7  8.0  1.77 10.00  6.63  20 1017.2  26.4  26.2  23.1 99.0 99.00
2016 04 28 14 50 129  6.5  7.4  1.70 10.81  6.37  16 1017.1  26.2  26.2  23.1 99.0 99.00
2016 04 28 15 50 122  5.9  7.0  1.63  9.09  6.43  15 1017.0  26.2  26.2  23.3 99.0 99.00
2016 04 28 16 50 124  4.7  5.9  1.59 10.00  6.40  17 1017.1  26.3  26.2  23.2 99.0 99.00
2016 04 28 17 50 114  4.6  5.4  1.53 10.00  6.41   8 1016.9  26.2  26.3  23.2 99.0 99.00
2016 04 28 18 50 108  4.6  5.6  1.66 10.00  6.71  31 1016.5  26.2  26.3  23.1 99.0 99.00
2016 04 28 19 50 110  4.1  4.9  1.59 10.00  6.83  27 1016.3  26.1  26.3  23.0 99.0 99.00
2016 04 28 20 50 104  5.3  6.2  1.53 10.00  6.64  13 1016.1  26.0  26.2  23.2 99.0 99.00
2016 04 28 21 50 105  4.9  5.6  1.49 10.00  6.49  22 1016.7  26.1  26.2  23.3 99.0 99.00
2016 04 28 22 50  84  4.4  5.1  1.47  9.09  6.60   5 1017.5  26.1  26.2  23.3 99.0 99.00
2016 04 28 23 50  85  5.6  6.3  1.54 10.81  6.65  19 1017.3  26.0  26.2  23.4 99.0 99.00
2016 04 29 00 50  96  6.7  7.8  1.61 10.81  6.79  32 1017.2  26.0  26.2  23.4 99.0 99.00
2016 04 29 01 50  93  6.7  8.1  1.43  9.09  5.92   8 1017.1  26.0  26.2  23.4 99.0 99.00
2016 04 29 02 50  94  6.7  8.0  1.46 10.81  6.29  36 1016.7  25.9  26.2  23.6 99.0 99.00
2016 04 29 03 50 104  6.3  7.5  1.51  9.09  6.01  67 1016.6  25.9  26.2  23.4 99.0 99.00
2016 04 29 04 50 115  6.5  7.7  1.58 10.81  6.27  26 1015.7  25.9  26.1  23.4 99.0 99.00
2016 04 29 05 50 117  6.1  7.1  1.49 10.00  5.84  37 1015.1  25.8  26.1  23.4 99.0 99.00
2016 04 29 06 50 121  6.5  7.5  1.63  9.09  6.18  62 1014.6  25.7  26.1  23.3 99.0 99.00
2016 04 29 07 50 118  6.7  8.0  1.56 10.00  6.21  38 1014.1  25.8  26.1  23.5 99.0 99.00
2016 04 29 08 50 128  5.6  6.4  1.65  9.09  6.43  59 1014.8  25.8  26.1  23.3 99.0 99.00
2016 04 29 09 50 128  6.0  7.1  1.54 10.00  5.96  31 1014.6  25.8  26.1  23.2 99.0 99.00
2016 04 29 10 50 130  5.2  5.8  1.53 10.00  6.11  41 1015.4  26.0  26.1  23.0 99.0 99.00
2016 04 29 11 50 126  5.0  5.9  1.62  9.09  6.16  54 1015.7  26.1  26.1  23.0 99.0 99.00
2016 04 29 12 50 129  5.2  6.2  1.66 10.00  6.26  45 1016.1  26.1  26.1  23.3 99.0 99.00
2016 04 29 13 50 129  5.3  6.2  1.49  9.09  6.02  61 1016.3  26.1  26.2  22.9 99.0 99.00
2016 04 29 15 50 174  4.2  5.0  1.48  9.09  6.19  72 1016.3  26.1  26.2  23.2 99.0 99.00
2016 04 29 16 50 227  2.4  2.9  1.53 10.00  6.21  32 1016.7  26.0  26.2  23.4 99.0 99.00
2016 04 29 17 50 348  9.3 11.3  1.57  8.33  6.10 105 1015.9  23.1  26.1  21.0 99.0 99.00
2016 04 29 18 50  37  6.3  7.7  1.60  9.09  5.58  66 1015.7  23.2  26.1  21.2 99.0 99.00
2016 04 29 19 50  63  6.5  7.6  1.65  9.09  5.87  58 1015.0  24.2  26.1  20.8 99.0 99.00
2016 04 29 20 50  80  7.4  8.6  1.61  7.14  5.85 138 1014.8  24.2  26.1  21.2 99.0 99.00
2016 04 29 21 50  90  6.0  6.9  1.53  9.09  5.67  74 1015.3  24.5  26.1  21.1 99.0 99.00
2016 04 29 22 50 104  6.0  7.2  1.50 10.81  5.83  37 1015.8  25.0  26.1  20.9 99.0 99.00
2016 04 29 23 50 102  6.0  7.1  1.45  7.69  5.77 114 1015.8  25.2  26.1  21.8 99.0 99.00
2016 04 30 00 50 104  5.7  7.0  1.54  9.09  6.06  93 1016.2  25.3  26.1  21.8 99.0 99.00
2016 04 30 01 50 102  5.0  5.9  1.42  7.69  5.90 112 1016.5  25.4  26.1  22.1 99.0 99.00
2016 04 30 02 50 100  4.9  5.6  1.44  8.33  6.12  79 1016.5  25.5  26.1  22.1 99.0 99.00
2016 04 30 03 50 110  5.3  6.3  1.47 10.00  6.36  36 1016.0  25.5  26.1  22.6 99.0 99.00
2016 04 30 04 50 116  5.4  6.4  1.45 10.00  6.36  40 1015.3  25.4  26.1  22.9 99.0 99.00
2016 04 30 05 50 114  5.2  6.1  1.52 10.00  6.47  45 1014.7  25.4  26.1  23.3 99.0 99.00
2016 04 30 06 50 116  5.2  6.0  1.30  9.09  6.04 354 1014.2  25.4  26.1  23.2 99.0 99.00
2016 04 30 07 50 119  5.0  5.9  1.46  9.09  6.45 110 1014.0  25.5  26.1  23.1 99.0 99.00
2016 04 30 08 50 130  4.6  5.5  1.34  9.09  6.13 104 1014.1  25.7  26.1  22.8 99.0 99.00
2016 04 30 09 50 133  5.1  5.8  1.40 10.00  6.44  36 1014.3  25.8  26.1  22.8 99.0 99.00
2016 04 30 10 50 139  5.4  6.4  1.36  9.09  6.12 101 1015.1  25.8  26.1  23.1 99.0 99.00
2016 04 30 11 50 152  4.5  5.3  1.44  9.09  6.35 103 1015.9  25.9  26.1  22.8 99.0 99.00
2016 04 30 12 50 149  4.1  4.9  1.32  9.09  6.28  30 1015.8  26.0  26.1  22.8 99.0 99.00
2016 04 30 14 50 188  3.7  4.4  1.36  9.09  6.55  58 1016.2  26.1  26.1  22.9 99.0 99.00
2016 04 30 15 50 194  4.7  5.4  1.27  8.33  6.37  99 1015.4  26.0  26.1  22.8 99.0 99.00
2016 04 30 16 50 198  3.6  4.3  1.32  9.09  6.48  86 1015.2  26.2  26.2  22.8 99.0 99.00
2016 04 30 17 50 211  3.3  3.9  1.25  9.09  6.24 140 1015.0  26.2  26.2  22.8 99.0 99.00
2016 04 30 18 50 202  1.4  2.1  1.30  9.09  6.57  92 1014.5  26.1  26.2  22.8 99.0 99.00
2016 04 30 19 50 116  2.0  2.4  1.31  8.33  6.46  97 1014.5  26.1  26.2  22.9 99.0 99.00
2016 04 30 20 50  41  1.5  2.1  1.27  8.33  6.60 106 1015.2  26.0  26.2  22.9 99.0 99.00
2016 04 30 21 50  69  1.4  1.9  1.34  9.09  6.67  96 1015.8  26.0  26.2  22.9 99.0 99.00
2016 04 30 22 50  86  1.4  2.1  1.30  9.09  6.78  95 1015.9  26.0  26.2  23.0 99.0 99.00
