#YY  MM DD hh mm WDIR WSPD GST  WVHT   DPD   APD MWD   PRES  ATMP  WTMP  DEWP  VIS  TIDE
#yr  mo dy hr mn degT m/s  m/s     m   sec   sec deg    hPa  degC  degC  degC  nmi    ft
2016 02 29 23 50  60  6.9  8.4  2.11 10.00  6.57  41 1018.5  24.5  25.8  19.2 99.0 99.00
2016 03 01 00 50  57  6.9  8.3  2.16 10.00  6.59  41 1018.9  24.5  25.8  18.9 99.0 99.00
2016 03 01 01 50  63  6.6  7.6  2.07  9.09  6.59  59 1018.8  24.5  25.8  19.1 99.0 99.00
2016 03 01 02 50  36  8.9 10.4  2.12 10.00  6.62  45 1018.5  23.7  25.8  20.6 99.0 99.00
2016 03 01 03 50  67  7.6  9.6  2.15 10.00  6.25  85 1018.4  23.1  25.8  19.8 99.0 99.00
2016 03 01 04 50  58  8.7 10.4  2.15  9.09  6.10  40 1017.7  23.9  25.8  19.6 99.0 99.00
2016 03 01 05 50  72  8.6 10.7  2.16 10.00  6.26   7 1017.2  23.9  25.8  19.7 99.0 99.00
2016 03 01 06 50  51  7.5  9.2  2.34 10.00  6.24  60 1017.0  24.2  25.8  18.8 99.0 99.00
2016 03 01 07 50  47  7.8  9.0  2.25 10.00  6.38  45 1016.9  24.1  25.8  18.5 99.0 99.00
2016 03 01 08 50  52  7.8  9.8  2.20 10.00  6.33  59 1017.1  24.1  25.8  18.0 99.0 99.00
2016 03 01 09 50  56  7.8  9.2  2.08  9.09  6.13  21 1017.7  24.1  25.8  18.1 99.0 99.00
2016 03 01 10 50  51  7.5  9.5  2.12 10.00  6.45  53 1018.4  24.2  25.8  17.9 99.0 99.00
2016 03 01 11 50  47  7.2  9.1  2.11 10.00  6.20  50 1018.9  24.2  25.8  17.4 99.0 99.00
2016 03 01 12 50  47  7.0  8.7  2.06  9.09  6.24  72 1019.5  24.4  25.8  16.7 99.0 99.00
2016 03 01 13 50  48  8.3  9.8  2.14 10.00  6.36  69 1019.9  24.5  25.8  16.5 99.0 99.00
2016 03 01 14 50  57  7.8  9.1  1.96 10.00  5.97  59 1019.9  24.4  25.8  16.0 99.0 99.00
2016 03 01 15 50  43  6.9  8.4  1.94 10.00  6.04  81 1019.3  24.4  25.9  15.8 99.0 99.00
2016 03 01 16 50  35  6.1  7.5  1.94  9.09  6.06  39 1018.7  24.4  25.9  15.0 99.0 99.00
2016 03 01 17 50  50  6.6  8.5  1.88  9.09  6.03  89 1017.7  24.6  25.9  14.7 99.0 99.00
2016 03 01 18 50  50  8.4  9.9  1.84  9.09  6.27  75 1017.1  24.4  25.9  15.3 99.0 99.00
2016 03 01 19 50  49  8.7 10.4  1.76  9.09  5.78  66 1017.1  24.5  25.9  16.1 99.0 99.00
2016 03 01 20 50  49  8.2  9.9  1.92  9.09  5.78  29 1017.4  24.6  25.8  16.5 99.0 99.00
2016 03 01 21 50  46  8.7 10.9  1.84  9.09  5.97  71 1018.0  24.1  25.8  17.4 99.0 99.00
2016 03 01 22 50  48  9.0 10.5  1.75  9.09  5.50  47 1018.3  23.8  25.8  18.2 99.0 99.00
2016 03 01 23 50  57  9.1 11.0  1.85  8.33  5.76  24 1018.7  23.7  25.8  18.1 99.0 99.00
2016 03 02 00 50  61  8.6 10.4  1.75  8.33  5.44  44 1019.1  23.8  25.8  18.4 99.0 99.00
2016 03 02 01 50  59  8.1  9.4  1.90 10.00  5.70  80 1019.5  23.8  25.8  18.3 99.0 99.00
2016 03 02 02 50  58  9.4 11.7  1.86  9.09  5.68  45 1019.3  24.2  25.8  18.2 99.0 99.00
2016 03 02 03 50  63  9.3 12.3  1.94 10.00  5.60  90 1019.4  24.2  25.8  17.8 99.0 99.00
2016 03 02 04 50  63  9.2 11.8  2.04  9.09  5.69  84 1018.9  24.0  25.8  17.4 99.0 99.00
2016 03 02 05 50  67  9.2 10.4  2.01  9.09  5.64  69 1018.3  24.0  25.7  17.1 99.0 99.00
2016 03 02 06 50  67  8.7 11.4  2.05 10.00  5.65  95 1017.7  24.0  25.7  17.0 99.0 99.00
2016 03 02 07 50  58  8.7 10.7  2.08  6.25  5.62  45 1017.7  23.9  25.7  16.4 99.0 99.00
2016 03 02 08 50  62  9.1 10.9  2.07 10.00  5.72  82 1017.8  23.9  25.7  16.3 99.0 99.00
2016 03 02 09 50  61  8.2  9.4  1.79  7.14  5.35  49 1018.5  23.9  25.7  16.1 99.0 99.00
2016 03 02 10 50  61  7.8  9.9  1.83  9.09  5.53  77 1019.6  24.0  25.7  15.8 99.0 99.00
2016 03 02 11 50  59  7.0  8.4  1.88  8.33  5.84  36 1019.8  24.3  25.7  14.7 99.0 99.00
2016 03 02 12 50  59  6.2  7.5  1.81 10.00  5.89 101 1020.2  24.3  25.7  14.9 99.0 99.00
2016 03 02 13 50  79  6.4  8.1  1.70 10.00  5.88  88 1020.4  24.3  25.7  15.0 99.0 99.00
2016 03 02 14 50  85  6.5  8.1  1.68 10.00  5.63  83 1019.9  24.4  25.7  14.0 99.0 99.00
2016 03 02 15 50  94  6.4  7.4  1.58 10.00  5.75  69 1019.3  24.5  25.8  13.4 99.0 99.00
2016 03 02 16 50  86  6.4  7.9  1.63 10.00  5.73  81 1018.9  24.7  25.8  14.2 99.0 99.00
2016 03 02 17 50  80  5.2  6.8  1.58  8.33  5.64  33 1018.3  24.5  25.8  16.8 99.0 99.00
2016 03 02 18 50  81  6.2  7.6  1.54  9.09  5.75  85 1017.5  24.6  25.8  17.3 99.0 99.00
2016 03 02 19 50  83  7.0  8.1  1.56 10.00  5.85  71 1017.3  24.8  25.8  17.5 99.0 99.00
2016 03 02 20 50  75  7.7  9.0  1.58  7.69  5.58  31 1017.4  24.8  25.8  17.4 99.0 99.00
2016 03 02 21 50  71  7.3  8.5  1.65 10.00  5.60  90 1017.9  24.5  25.7  17.6 99.0 99.00
2016 03 02 22 50  66  8.0  9.4  1.66 10.00  5.63  80 1018.1  24.5  25.7  18.2 99.0 99.00
2016 03 02 23 50  69  8.4  9.8  1.71  9.09  5.56  54 1018.2  24.5  25.7  17.5 99.0 99.00
2016 03 03 00 50  73  7.6  9.0  1.76 10.00  5.87  85 1018.5  24.4  25.7  18.1 99.0 99.00
2016 03 03 01 50  78  7.5  9.1  1.84 10.00  5.76  71 1018.6  24.3  25.7  18.1 99.0 99.00
2016 03 03 02 50  83  7.0  8.4  1.82  9.09  5.77  49 1018.5  24.3  25.7  18.1 99.0 99.00
2016 03 03 03 50  94  6.3  7.7  1.71  9.09  5.74  56 1018.4  24.3  25.7  18.2 99.0 99.00
2016 03 03 04 50  79  7.7 10.3  1.69  9.09  5.66  68 1017.9  23.9  25.6  18.2 99.0 99.00
2016 03 03 05 50  68  9.2 10.9  1.86  8.33  5.77  54 1017.1  23.3  25.6  18.6 99.0 99.00
2016 03 03 06 50  84  7.8  9.7  1.82  8.33  5.73  57 1016.5  24.2  25.6  18.2 99.0 99.00
2016 03 03 07 50  66  8.4 10.1  1.84  7.69  5.58  48 1016.0  24.1  25.6  18.2 99.0 99.00
2016 03 03 08 50  77  8.1 10.0  1.88  9.09  5.59  49 1016.2  24.2  25.6  17.8 99.0 99.00
2016 03 03 09 50  66  8.3 10.4  1.80  9.09  5.80  63 1016.3  24.1  25.6  18.0 99.0 99.00
2016 03 03 10 50  69  8.2  9.5  1.89  9.09  5.79  42 1016.8  24.2  25.6  17.7 99.0 99.00
2016 03 03 11 50  63  8.3  9.9  1.82  9.09  5.75  73 1017.6  24.6  25.6  17.3 99.0 99.00
2016 03 03 12 50  61  8.4  9.6  1.89  9.09  5.72  60 1018.2  24.6  25.6  16.6 99.0 99.00
2016 03 03 13 50  77  8.5 10.3  1.76  9.09  5.54  50 1018.6  24.6  25.6  17.2 99.0 99.00
2016 03 03 14 50  82  7.9  9.7  1.73  9.09  5.61  49 1018.6  24.5  25.6  17.1 99.0 99.00
2016 03 03 15 50  78  7.4  9.6  1.80  9.09  5.73  68 1018.7  24.5  25.7  17.5 99.0 99.00
2016 03 03 16 50  76  8.0  9.4  1.77  6.67  5.58  56 1017.8  24.5  25.7  16.7 99.0 99.00
2016 03 03 17 50  78  7.1  8.9  1.70  9.09  5.65  85 1017.3  24.6  25.7  16.6 99.0 99.00
2016 03 03 18 50  73  7.0  8.8  1.83 10.00  5.80  47 1017.2  24.5  25.7  16.4 99.0 99.00
2016 03 03 19 50  63  6.8  8.4  1.63  9.09  5.75  56 1017.1  24.7  25.7  16.6 99.0 99.00
2016 03 03 20 50  66  7.0  8.7  1.78 10.00  6.13  49 1017.4  24.5  25.7  16.5 99.0 99.00
2016 03 03 21 50  69  6.9  8.9  1.75  6.67  5.96  57 1017.6  24.4  25.6  17.0 99.0 99.00
2016 03 03 22 50  49  6.4  9.1  1.73 10.00  6.05  16 1018.0  23.9  25.6  17.8 99.0 99.00
2016 03 03 23 50  76  7.8  9.1  1.69 10.00  5.90  31 1018.4  24.5  25.6  17.4 99.0 99.00
2016 03 04 00 50  66  7.7  9.5  1.67  9.09  5.63  69 1018.9  24.4  25.6  17.3 99.0 99.00
2016 03 04 01 50  66  8.4 10.4  1.79 10.00  5.69  58 1018.9  24.4  25.6  17.1 99.0 99.00
2016 03 04 02 50  70  7.3  8.5  1.74  9.09  5.75  17 1019.2  24.4  25.6  15.9 99.0 99.00
2016 03 04 03 50  62  7.1  8.8  1.63  9.09  5.58  58 1019.3  24.4  25.6  15.1 99.0 99.00
2016 03 04 04 50  75  6.7  8.2  1.68  9.09  5.70  31 1018.9  24.3  25.6  15.8 99.0 99.00
2016 03 04 05 50  68  7.5  9.2  1.60 10.00  5.49  56 1018.1  24.1  25.6  15.5 99.0 99.00
2016 03 04 06 50  66  7.0  8.9  1.61  9.09  5.60  31 1017.5  24.0  25.6  15.3 99.0 99.00
2016 03 04 07 50  67  6.1  7.4  1.54 10.00  5.73  64 1017.2  23.9  25.5  15.7 99.0 99.00
2016 03 04 08 50  71  6.7  8.1  1.57  9.09  5.52  60 1017.0  23.9  25.5  16.1 99.0 99.00
2016 03 04 09 50  69  6.4  8.2  1.51  9.09  5.50  79 1017.3  23.9  25.6  16.3 99.0 99.00
2016 03 04 10 50  78  7.0  9.0  1.60  9.09  5.70  49 1017.5  23.9  25.6  17.9 99.0 99.00
2016 03 04 11 50  91  9.3 11.1  1.46  9.09  5.56  41 1017.9  24.5  25.6  17.8 99.0 99.00
2016 03 04 12 50  91  9.4 11.1  1.50  9.09  5.04  52 1018.7  24.5  25.6  18.0 99.0 99.00
2016 03 04 13 50  89  8.6 10.4  1.65 10.00  5.34  57 1019.0  24.5  25.6  18.1 99.0 99.00
2016 03 04 14 50  86  8.5 10.6  1.57  9.09  5.24  52 1019.3  24.7  25.6  17.7 99.0 99.00
2016 03 04 15 50  77  8.6 10.4  1.57  9.09  5.18  30 1018.7  24.5  25.6  17.6 99.0 99.00
2016 03 04 16 50  86  8.6 10.1  1.63 10.00  5.11  55 1017.7  24.5  25.6  17.6 99.0 99.00
2016 03 04 17 50  84  8.5  9.8  1.67  8.33  5.25  51 1017.4  24.6  25.6  17.1 99.0 99.00
2016 03 04 18 50  81  8.2 10.0  1.65  9.09  5.26  48 1017.0  24.7  25.6  17.6 99.0 99.00
2016 03 04 19 50  80  8.7 10.6  1.56 10.00  5.23  61 1016.6  24.6  25.6  17.9 99.0 99.00
2016 03 04 20 50  85  8.7 10.2  1.62  5.88  5.13  81 1016.9  24.8  25.6  17.0 99.0 99.00
2016 03 04 21 50  87  8.2 10.0  1.67  9.09  5.33  33 1017.5  24.7  25.6  15.7 99.0 99.00
2016 03 04 22 50  82  6.9  8.3  1.75  9.09  5.39  57 1018.1  24.6  25.6  15.9 99.0 99.00
2016 03 04 23 50  85  6.4  8.3  1.58  9.09  5.34  49 1018.4  24.6  25.5  15.7 99.0 99.00
2016 03 05 00 50 101  6.5  7.9  1.43  9.09  5.27  68 1018.7  24.6  25.5  15.9 99.0 99.00
2016 03 05 01 50  95  7.5  9.6  1.58  6.67  5.59  82 1018.6  24.5  25.5  17.2 99.0 99.00
2016 03 05 02 50  98  7.2  9.1  1.38  9.09  5.39  51 1018.7  24.5  25.5  17.1 99.0 99.00
2016 03 05 03 50  93  6.9  8.3  1.43  9.09  5.31  51 1018.4  24.4  25.5  17.0 99.0 99.00
2016 03 05 04 50  95  6.5  7.9  1.43  9.09  5.62  61 1017.9  24.3  25.5  17.3 99.0 99.00
2016 03 05 05 50 100  5.7  6.9  1.36  8.33  5.30  50 1017.7  24.2  25.5  17.9 99.0 99.00
2016 03 05 06 50  81  5.7  7.0  1.37  9.09  5.55  58 1016.8  24.3  25.5  18.0 99.0 99.00
2016 03 05 07 50  89  6.1  7.8  1.44  8.33  5.48  49 1016.3  24.3  25.5  18.8 99.0 99.00
2016 03 05 08 50  91  6.8  7.8  1.39  7.14  5.29  79 1016.4  24.6  25.5  17.8 99.0 99.00
2016 03 05 09 50  90  6.0  7.2  1.49  9.09  5.47  64 1016.8  24.6  25.5  18.5 99.0 99.00
2016 03 05 10 50  94  6.7  7.9  1.45  9.09  5.37  61 1017.0  24.6  25.5  18.3 99.0 99.00
2016 03 05 12 50 105  6.3  7.3  1.30  7.69  5.47  73 1017.7  24.9  25.5  18.6 99.0 99.00
2016 03 05 13 50 111  5.5  6.7  1.30  6.25  5.52  79 1018.1  24.6  25.6  18.8 99.0 99.00
2016 03 05 14 50  92  5.0  6.2  1.29  6.67  5.48  77 1018.2  24.6  25.6  19.0 99.0 99.00
2016 03 05 15 50  91  5.9  6.8  1.34  6.67  5.66  81 1017.6  24.6  25.7  19.3 99.0 99.00
2016 03 05 16 50  90  5.1  6.2  1.34  7.69  5.67  78 1017.3  24.8  25.7  18.2 99.0 99.00
2016 03 05 17 50 102  5.3  6.5  1.29 10.00  5.69  31 1016.2  24.9  25.7  18.3 99.0 99.00
2016 03 05 18 50  88  4.5  5.7  1.32  8.33  5.74  72 1016.3  24.8  25.8  19.3 99.0 99.00
2016 03 05 19 50  85  4.7  5.9  1.33  6.67  5.64  70 1015.9  24.9  25.8  19.4 99.0 99.00
2016 03 05 20 50  85  5.1  6.0  1.26  7.69  5.89  75 1015.8  25.0  25.7  19.6 99.0 99.00
2016 03 05 21 50  81  4.7  5.9  1.39  6.67  5.99  83 1016.6  24.6  25.7  19.5 99.0 99.00
2016 03 05 22 50  95  4.7  5.7  1.32  7.69  6.09  62 1016.8  24.5  25.6  19.1 99.0 99.00
2016 03 05 23 50  84  5.2  6.2  1.28  9.09  6.12  63 1017.2  24.7  25.6  19.6 99.0 99.00
2016 03 06 00 50  75  5.2  6.7  1.16  9.09  5.82  50 1017.4  24.2  25.5  19.8 99.0 99.00
2016 03 06 01 50 110  5.4  6.3  1.21  9.09  5.75  45 1017.7  24.5  25.5  19.4 99.0 99.00
2016 03 06 02 50 111  6.4  7.2  1.21  8.33  5.90  48 1017.5  24.4  25.5  19.7 99.0 99.00
2016 03 06 03 50  85  5.3  6.5  1.24  8.33  6.00  73 1017.7  24.5  25.5  19.9 99.0 99.00
2016 03 06 04 50  90  4.7  6.2  1.20 10.00  5.77  12 1017.3  24.5  25.5  19.6 99.0 99.00
2016 03 06 05 50  82  4.8  6.0  1.21  9.09  5.99  44 1016.5  24.4  25.4  19.3 99.0 99.00
2016 03 06 06 50 101  5.5  6.5  1.18 10.00  5.77  21 1015.9  24.4  25.4  19.6 99.0 99.00
2016 03 06 07 50 115  4.3  5.1  1.23  9.09  5.84  23 1015.7  24.3  25.4  19.2 99.0 99.00
2016 03 06 08 50 106  5.3  6.4  1.23 10.00  5.80   9 1015.9  24.4  25.4  20.1 99.0 99.00
2016 03 06 09 50  96  6.0  7.1  1.29  9.09  5.71  31 1016.2  24.7  25.4  19.9 99.0 99.00
2016 03 06 10 50 107  7.9  9.1  1.26  9.09  5.43  17 1016.7  24.4  25.4  20.4 99.0 99.00
2016 03 06 11 50 106  6.9  9.2  1.23  8.33  5.14  50 1017.7  24.9  25.4  20.4 99.0 99.00
2016 03 06 12 50 106  7.0  8.1  1.26  9.09  5.18  11 1018.3  25.0  25.4  20.0 99.0 99.00
2016 03 06 13 50  98  7.7  9.4  1.28  7.69  5.22  70 1018.4  25.1  25.4  20.1 99.0 99.00
2016 03 06 14 50 102  8.3  9.6  1.39  7.14  5.21  90 1018.3  25.1  25.4  19.4 99.0 99.00
2016 03 06 15 50 107  7.1  8.3  1.40  9.09  5.18 344 1018.1  25.0  25.5  20.2 99.0 99.00
2016 03 06 16 50 109  7.6  8.8  1.35  9.09  5.36  18 1017.2  25.0  25.5  20.2 99.0 99.00
2016 03 06 17 50 107  7.4  8.4  1.41  8.33  5.23  56 1016.3  25.0  25.6  20.1 99.0 99.00
2016 03 06 18 50 113  7.9  9.6  1.28  5.26  4.94  85 1015.4  25.1  25.6  20.0 99.0 99.00
2016 03 06 19 50 108  6.9  8.0  1.52  6.25  5.18  89 1015.3  24.2  25.5  20.5 99.0 99.00
2016 03 06 20 50  93  8.5 10.2  1.61  7.14  5.25  87 1015.0  24.6  25.5  20.2 99.0 99.00
2016 03 06 21 50  92  8.9 10.3  1.70  6.67  5.23  77 1014.8  24.0  25.5  21.1 99.0 99.00
2016 03 06 22 50  89  5.3  6.4  1.65  6.25  5.45  89 1015.8  23.9  25.5  21.2 99.0 99.00
2016 03 06 23 50  88  3.9  5.0  1.63 16.00  5.94 320 1016.4  24.2  25.4  21.3 99.0 99.00
2016 03 07 00 50 157  2.7  3.4  1.53 16.00  5.92 342 1016.8  24.4  25.4  21.5 99.0 99.00
2016 03 07 01 50 190  3.7  4.4  1.77 16.00  6.72 341 1016.9  24.4  25.4  21.4 99.0 99.00
2016 03 07 02 50 194  5.2  6.6  1.94 14.81  7.46 346 1016.6  24.6  25.4  21.5 99.0 99.00
2016 03 07 03 50 198  4.1  4.9  2.06 14.81  7.89 336 1016.7  24.7  25.4  21.0 99.0 99.00
2016 03 07 04 50 176  4.6  5.5  1.81 14.81  7.52 346 1016.0  24.9  25.4  21.1 99.0 99.00
2016 03 07 05 50 174  5.0  6.0  1.75 14.81  7.54 335 1015.0  24.5  25.4  21.4 99.0 99.00
2016 03 07 06 50 189  5.4  6.6  2.05 14.81  8.07 336 1014.8  24.9  25.4  21.1 99.0 99.00
2016 03 07 07 50 192  5.0  6.4  2.23 13.79  8.30 315 1014.6  24.7  25.4  21.5 99.0 99.00
2016 03 07 08 50 197  6.0  7.3  2.31 13.79  8.73 326 1014.2  24.6  25.4  21.3 99.0 99.00
2016 03 07 09 50 195  6.0  7.1  1.91 13.79  7.93 326 1014.9  24.8  25.4  21.6 99.0 99.00
2016 03 07 10 50 192  6.3  7.8  1.85 12.90  7.51 319 1015.2  25.2  25.4  21.5 99.0 99.00
2016 03 07 11 50 201  7.6  9.1  2.21 13.79  8.52 327 1015.9  25.4  25.3  21.3 99.0 99.00
2016 03 07 12 50 192  6.2  8.1  2.41 12.90  9.10 328 1016.4  25.4  25.4  21.8 99.0 99.00
2016 03 07 14 50 197  7.1  8.4  1.89 11.43  7.68 325 1016.5  25.6  25.4  21.8 99.0 99.00
2016 03 07 15 50 199  7.6  8.7  2.06 13.79  7.77 335 1016.0  25.6  25.4  21.9 99.0 99.00
2016 03 07 16 50 206  7.1  8.5  2.27 12.90  8.27 321 1015.4  25.6  25.4  22.1 99.0 99.00
2016 03 07 17 50 215  7.3  8.5  2.27 12.12  7.93 321 1015.0  25.6  25.4  22.1 99.0 99.00
2016 03 07 18 50 219  6.4  8.2  2.11 12.12  7.52 331 1014.3  25.7  25.5  22.2 99.0 99.00
2016 03 07 19 50 236  7.1  9.0  1.97 12.12  7.40 331 1014.1  25.8  25.5  22.1 99.0 99.00
2016 03 07 20 50 246  6.7  8.0  2.09 12.12  7.47 334 1014.2  25.9  25.5  21.7 99.0 99.00
2016 03 07 21 50 247  6.5  7.5  2.06 12.12  7.43 331 1014.5  25.6  25.4  21.7 99.0 99.00
2016 03 07 22 50 295  6.7  8.4  2.15 12.90  7.76 343 1014.9  25.1  25.4  22.0 99.0 99.00
2016 03 07 23 50 282  5.3  6.3  2.15 12.12  7.51 342 1015.3  25.3  25.4  21.7 99.0 99.00
2016 03 08 00 50 300  4.1  5.8  1.90 12.90  7.11 348 1015.6  25.3  25.4  21.8 99.0 99.00
2016 03 08 01 50 293  4.2  5.2  1.94 12.90  7.28 355 1015.7  25.3  25.4  21.9 99.0 99.00
2016 03 08 02 50 330  5.1  7.3  2.10 13.79  7.60 359 1015.5  24.9  25.4  21.3 99.0 99.00
2016 03 08 03 50 335  4.8  5.9  2.03 12.90  7.64 351 1015.2  24.5  25.4  21.5 99.0 99.00
2016 03 08 04 50 334  6.0  8.4  2.09 11.43  7.81 335 1014.8  24.5  25.4  21.5 99.0 99.00
2016 03 08 05 50 351  6.6  7.7  1.87 12.90  7.07 358 1014.2  22.7  25.4  20.7 99.0 99.00
2016 03 08 06 50  30  2.7  3.5  2.01 12.90  7.71 348 1014.0  23.6  25.4  20.7 99.0 99.00
2016 03 08 07 50   5  8.6 10.5  1.79 12.90  7.20 351 1013.5  23.2  25.4  20.8 99.0 99.00
2016 03 08 08 50 359 11.0 13.4  1.91 12.90  6.77 341 1013.6  24.2  25.4  20.4 99.0 99.00
2016 03 08 09 50   3 10.8 13.6  2.16 12.90  6.43 341 1014.5  24.3  25.4  19.3 99.0 99.00
2016 03 08 10 50  11 11.6 13.8  2.07 12.12  5.86 335 1015.1  24.3  25.4  19.1 99.0 99.00
2016 03 08 11 50  16 10.6 12.9  2.53 12.90  6.28 354 1016.0  24.2  25.4  18.4 99.0 99.00
2016 03 08 12 50  15 10.9 12.7  2.56  6.25  6.20 354 1016.8  24.1  25.4  18.0 99.0 99.00
2016 03 08 13 50  24  9.9 11.9  2.81  6.67  6.23 345 1017.6  24.2  25.5  17.1 99.0 99.00
2016 03 08 14 50  15 10.1 12.2  2.72  6.67  6.35 352 1017.6  24.1  25.5  17.0 99.0 99.00
2016 03 08 15 50  17  9.4 11.9  2.68  7.14  6.32 355 1017.4  24.0  25.5  15.4 99.0 99.00
2016 03 08 16 50  30  8.4 10.5  2.59  7.14  6.49 341 1017.0  24.1  25.5  16.1 99.0 99.00
2016 03 08 17 50  19  9.4 11.2  2.80  7.69  6.65 331 1016.6  24.1  25.6  16.8 99.0 99.00
2016 03 08 18 50  29  8.2 10.1  2.79 12.12  6.71 348 1016.0  24.1  25.6  16.1 99.0 99.00
2016 03 08 19 50  24  8.3 10.4  2.69  7.69  6.68 334 1016.2  24.0  25.6  15.5 99.0 99.00
2016 03 08 20 50  31  8.8 10.5  2.76  7.69  6.60 336 1016.4  23.9  25.6  16.6 99.0 99.00
2016 03 08 21 50  28  9.2 11.3  2.63  7.69  6.52 337 1016.5  23.7  25.6  14.9 99.0 99.00
2016 03 08 22 50  29  9.6 11.5  2.96 10.00  6.81 341 1016.9  23.8  25.6  15.6 99.0 99.00
2016 03 08 23 50  23 10.2 12.4  3.03  9.09  7.03 323 1017.5  23.7  25.5  14.9 99.0 99.00
2016 03 09 00 50  36  9.1 11.2  3.40 10.00  7.52 352 1018.2  23.8  25.5  15.0 99.0 99.00
2016 03 09 01 50  32  8.7 11.2  3.23  9.09  7.28 339 1018.8  23.9  25.5  15.9 99.0 99.00
2016 03 09 02 50  25  9.2 11.7  3.03 10.81  7.29 352 1018.8  23.8  25.5  15.1 99.0 99.00
2016 03 09 03 50  26  8.9 10.9  2.93 10.81  7.20 353 1018.7  23.6  25.5  16.4 99.0 99.00
2016 03 09 04 50  43  9.0 10.5  3.33 10.81  7.21 345 1018.3  23.6  25.5  15.4 99.0 99.00
2016 03 09 05 50  41  8.2  9.7  3.34 10.00  7.25 344 1017.9  23.6  25.5  15.1 99.0 99.00
2016 03 09 06 50  39  9.2 10.7  3.11 10.00  7.16 335 1017.2  23.2  25.5  15.8 99.0 99.00
2016 03 09 07 50  35  9.5 12.0  3.19 11.43  7.24 348 1017.1  23.2  25.5  14.8 99.0 99.00
2016 03 09 08 50  30  8.4 11.2  3.40 11.43  7.57 343 1017.6  23.4  25.4  13.3 99.0 99.00
2016 03 09 09 50  40  7.6  9.6  3.67 11.43  7.92 352 1018.3  23.2  25.4  12.8 99.0 99.00
2016 03 09 10 50  26  9.3 11.6  3.89 11.43  8.06 346 1018.8  23.6  25.4  12.3 99.0 99.00
2016 03 09 11 50  32  8.7 12.1  3.26 12.90  7.46 352 1019.5  23.9  25.5  14.4 99.0 99.00
2016 03 09 12 50  20 10.4 12.2  3.81 12.90  8.44   3 1019.9  22.8  25.5  17.0 99.0 99.00
2016 03 09 13 50  50  6.8  8.7  3.58 13.79  8.09 355 1020.5  22.6  25.5  16.2 99.0 99.00
2016 03 09 14 50  35 11.2 14.0  3.83 12.90  8.15 351 1020.3  22.2  25.5  17.4 99.0 99.00
2016 03 09 15 50  44 10.2 12.5  3.73 12.12  8.15 350 1019.9  23.5  25.5  16.2 99.0 99.00
2016 03 09 16 50  45  8.9 11.3  3.62 13.79  8.18 357 1019.3  23.7  25.5  15.9 99.0 99.00
2016 03 09 17 50  35  9.7 11.7  3.64 12.12  7.93 355 1018.5  23.9  25.5  15.4 99.0 99.00
2016 03 09 18 50  34  8.8 10.7  3.32 13.79  7.57 353 1018.2  23.9  25.5  16.2 99.0 99.00
2016 03 09 19 50  39  8.0  9.9  3.29 12.90  7.46 360 1018.0  23.9  25.5  15.8 99.0 99.00
2016 03 09 20 50  36  7.4  9.3  3.07 12.90  7.43   1 1018.3  24.0  25.5  15.7 99.0 99.00
2016 03 09 21 50  36  7.2  9.5  2.89 12.90  7.46   9 1018.6  23.7  25.5  15.3 99.0 99.00
2016 03 09 22 50  30  6.8  8.6  2.78 13.79  7.40   5 1019.3  23.7  25.5  14.9 99.0 99.00
2016 03 09 23 50  35  7.6  9.2  2.91 12.90  7.55   7 1019.6  23.8  25.4  15.3 99.0 99.00
2016 03 10 00 50  36  7.1  8.5  2.99 12.90  7.97   5 1020.0  23.7  25.4  14.9 99.0 99.00
2016 03 10 01 50  43  7.4  9.2  2.87 12.12  7.92   3 1019.9  23.7  25.4  14.3 99.0 99.00
2016 03 10 02 50  49  7.0  8.4  2.90 12.90  8.16   9 1019.9  23.7  25.4  15.5 99.0 99.00
2016 03 10 03 50  40  6.1  8.1  2.68 11.43  7.82   2 1019.8  23.4  25.4  16.1 99.0 99.00
2016 03 10 04 50  48  5.1  6.5  2.77 11.43  7.86  11 1019.3  23.4  25.4  15.4 99.0 99.00
2016 03 10 05 50  48  5.4  7.0  2.86 12.90  8.16  13 1018.8  23.3  25.4  16.0 99.0 99.00
2016 03 10 06 50  43  5.0  7.2  2.61 12.12  7.81  10 1018.1  23.5  25.4  15.2 99.0 99.00
2016 03 10 07 50  36  3.2  5.2  2.76 13.79  8.14  15 1017.9  23.4  25.4  14.7 99.0 99.00
2016 03 10 08 50  56  3.0  5.1  2.88 12.90  8.23   8 1018.3  22.8  25.4  16.0 99.0 99.00
2016 03 10 09 50 113  5.8  7.5  2.71 12.90  8.02   2 1018.6  21.8  25.4  16.4 99.0 99.00
2016 03 10 10 50  58  2.0  3.2  2.84 12.12  8.15   5 1019.3  23.1  25.4  15.6 99.0 99.00
2016 03 10 11 50  63  5.3  7.0  2.48 12.90  7.79  15 1019.9  23.3  25.4  16.7 99.0 99.00
2016 03 10 12 50  18  6.1  8.0  2.50 12.12  7.88   1 1020.6  21.9  25.4  16.7 99.0 99.00
2016 03 10 13 50  57  4.4  6.0  2.38 12.90  7.80   3 1020.8  23.3  25.4  17.4 99.0 99.00
2016 03 10 14 50 108  4.3  5.2  2.52 13.79  7.59  18 1021.3  23.3  25.4  16.6 99.0 99.00
2016 03 10 15 50  47  4.9  6.7  2.50 12.90  7.62   4 1020.6  23.4  25.4  16.3 99.0 99.00
2016 03 10 16 50  86  7.2  8.9  2.65 13.79  7.79  10 1020.3  22.1  25.4  16.7 99.0 99.00
2016 03 10 17 50  62  8.2  9.8  2.59 13.79  7.82   4 1019.7  23.3  25.4  17.9 99.0 99.00
2016 03 10 18 50  48  7.6  9.6  2.57 12.12  7.50   6 1019.4  23.7  25.4  16.4 99.0 99.00
2016 03 10 19 50  43  8.0 12.4  2.61 13.79  7.30   4 1019.4  23.6  25.3  17.4 99.0 99.00
2016 03 10 20 50  44  8.3 10.4  2.56 12.12  7.24   7 1019.6  23.6  25.3  18.2 99.0 99.00
2016 03 10 21 50  80  9.3 12.0  2.74 12.90  7.21   1 1019.5  23.5  25.4  17.9 99.0 99.00
2016 03 10 22 50  62  9.1 11.8  2.96 12.90  7.67  14 1019.7  23.7  25.4  18.2 99.0 99.00
2016 03 10 23 50  69 10.3 12.8  2.75 13.79  7.10  16 1020.2  23.7  25.4  18.1 99.0 99.00
2016 03 11 00 50  76  9.6 11.3  2.86 12.12  7.09   7 1020.6  24.0  25.4  17.1 99.0 99.00
2016 03 11 01 50  74 10.0 11.8  3.05 12.12  7.09  14 1020.6  23.8  25.4  17.8 99.0 99.00
2016 03 11 02 50  70 10.3 12.2  3.09 12.90  7.04  11 1020.8  23.6  25.4  18.0 99.0 99.00
2016 03 11 03 50  43 10.5 13.0  3.18 12.90  7.20  12 1020.9  22.5  25.4  18.5 99.0 99.00
2016 03 11 04 50  82  7.4 10.6  2.97 13.79  7.00  18 1020.4  23.1  25.4  18.8 99.0 99.00
2016 03 11 05 50  72 10.5 12.4  3.08 13.79  7.25   8 1019.6  23.9  25.3  18.0 99.0 99.00
2016 03 11 06 50  74  9.8 11.8  3.09 13.79  6.79  18 1019.4  24.0  25.3  18.1 99.0 99.00
2016 03 11 07 50  75  9.8 12.2  2.97 12.90  6.73  21 1019.2  23.7  25.3  18.2 99.0 99.00
2016 03 11 08 50  65 10.5 12.5  2.94 13.79  6.82 358 1019.3  23.5  25.3  19.0 99.0 99.00
2016 03 11 09 50  60  8.6 10.8  2.87 12.12  6.63 356 1019.9  22.6  25.3  18.3 99.0 99.00
2016 03 11 10 50  47  9.6 11.7  2.91 13.79  6.97  16 1020.4  23.0  25.2  19.2 99.0 99.00
2016 03 11 11 50  64 10.9 13.2  2.87 13.79  6.68  12 1020.9  23.7  25.2  17.9 99.0 99.00
2016 03 11 12 50  63  9.3 12.2  2.93  7.14  6.53  70 1021.6  23.2  25.3  18.9 99.0 99.00
2016 03 11 13 50  71  9.8 11.5  2.67 13.79  6.69  29 1021.7  24.3  25.3  18.4 99.0 99.00
2016 03 11 14 50  60 10.4 12.0  2.97  7.69  6.62  42 1021.9  24.2  25.3  18.0 99.0 99.00
2016 03 11 15 50  58 10.4 12.1  2.84  7.69  6.55  43 1021.2  24.2  25.3  17.7 99.0 99.00
2016 03 11 16 50  54 10.0 11.8  2.86 12.12  6.65  19 1020.6  24.4  25.3  18.0 99.0 99.00
2016 03 11 17 50  60  9.9 11.4  2.76  8.33  6.62  40 1019.9  24.3  25.4  17.7 99.0 99.00
2016 03 11 18 50  74  9.3 11.4  2.79  8.33  6.53  53 1019.7  24.6  25.4  17.3 99.0 99.00
2016 03 11 19 50  72  9.2 10.9  2.76 12.90  6.74  14 1019.7  24.6  25.4  17.6 99.0 99.00
2016 03 11 20 50  69  8.7 10.4  2.84 12.12  6.71  10 1019.9  24.5  25.4  18.0 99.0 99.00
2016 03 11 21 50  58  8.4  9.8  2.82  7.69  6.62  66 1020.1  24.2  25.4  18.3 99.0 99.00
2016 03 11 22 50  54  7.9  9.3  2.84  7.69  6.69  73 1020.6  24.0  25.4  19.1 99.0 99.00
2016 03 11 23 50  51  8.7 10.8  2.61 11.43  6.58   5 1020.9  24.1  25.4  19.2 99.0 99.00
2016 03 12 00 50  66  8.6 10.3  2.57 11.43  6.56  11 1021.6  24.3  25.4  19.1 99.0 99.00
2016 03 12 01 50  86  8.9 10.3  2.87  8.33  6.82  90 1021.7  24.4  25.3  18.2 99.0 99.00
2016 03 12 02 50  79  8.5 10.2  2.51  9.09  6.64  30 1021.5  24.4  25.3  17.6 99.0 99.00
2016 03 12 03 50  82  8.7 10.0  2.54  8.33  6.53  64 1021.3  24.4  25.3  16.6 99.0 99.00
2016 03 12 04 50  74  8.1  9.7  2.46  7.69  6.42  65 1020.9  24.3  25.3  16.1 99.0 99.00
2016 03 12 05 50  71  7.4  9.1  2.35 12.12  6.48  16 1020.6  24.1  25.3  15.8 99.0 99.00
2016 03 12 06 50  68  6.9  8.5  2.38 11.43  6.60  17 1020.2  24.0  25.3  15.9 99.0 99.00
2016 03 12 07 50  63  6.8  8.3  2.15  8.33  6.51  76 1020.0  23.9  25.3  15.4 99.0 99.00
2016 03 12 08 50  53  7.0  8.3  2.05 11.43  6.35  10 1020.2  23.9  25.3  15.2 99.0 99.00
2016 03 12 09 50  50  7.1  8.8  2.07 11.43  6.45  19 1020.6  23.9  25.3  14.9 99.0 99.00
2016 03 12 10 50  58  6.7  7.9  2.24  7.69  6.42  71 1021.1  24.4  25.3  14.4 99.0 99.00
2016 03 12 11 50  72  5.9  7.2  2.05 11.43  6.53  11 1021.5  24.5  25.3  15.1 99.0 99.00
2016 03 12 12 50  70  5.6  6.9  1.91 11.43  6.25   5 1022.0  24.4  25.3  16.3 99.0 99.00
2016 03 12 13 50  66  6.2  7.9  1.96 11.43  6.47   8 1021.8  24.4  25.4  17.1 99.0 99.00
2016 03 12 14 50  76  6.0  7.3  1.95  7.69  6.37  84 1021.7  24.5  25.4  16.8 99.0 99.00
2016 03 12 15 50  75  6.2  7.3  2.00  7.69  6.31  84 1021.3  24.5  25.4  16.5 99.0 99.00
2016 03 12 16 50  62  6.2  7.2  2.02  7.69  6.43  88 1020.9  24.6  25.5  15.9 99.0 99.00
2016 03 12 17 50  59  6.3  8.2  1.97  8.33  6.54  57 1020.1  24.6  25.5  16.4 99.0 99.00
2016 03 12 18 50  56  5.7  7.1  1.86  8.33  6.32  85 1019.7  24.6  25.5  15.7 99.0 99.00
2016 03 12 19 50  75  5.1  6.2  1.89 10.81  6.53  21 1019.4  24.7  25.5  15.5 99.0 99.00
2016 03 12 20 50  73  5.2  6.4  1.78  9.09  6.35  39 1019.5  24.7  25.5  16.2 99.0 99.00
2016 03 12 21 50  75  5.1  6.5  1.70 10.81  6.34  23 1019.8  24.4  25.4  16.6 99.0 99.00
2016 03 12 22 50  75  5.0  6.2  1.88  9.09  6.45  40 1020.3  24.3  25.4  16.4 99.0 99.00
2016 03 12 23 50  82  5.4  6.7  1.77  8.33  6.35  68 1020.7  24.3  25.4  16.5 99.0 99.00
2016 03 13 00 50  80  5.6  6.9  1.87  8.33  6.41  82 1020.7  24.3  25.4  16.9 99.0 99.00
2016 03 13 01 50  55  7.0  8.9  1.71  8.33  6.07  60 1020.8  24.3  25.4  15.8 99.0 99.00
2016 03 13 02 50  60  6.1  8.4  1.81  7.69  5.97  85 1020.3  24.0  25.4  15.2 99.0 99.00
2016 03 13 03 50  56  5.9  7.4  1.59  8.33  6.02  49 1020.4  23.9  25.3  15.6 99.0 99.00
2016 03 13 04 50  67  5.7  7.6  1.57  8.33  5.94  75 1020.2  23.8  25.3  15.2 99.0 99.00
2016 03 13 05 50  72  5.3  7.4  1.59  7.69  6.00  81 1019.8  23.7  25.3  15.1 99.0 99.00
2016 03 13 06 50  86  4.2  6.7  1.60  7.69  6.08  68 1019.6  23.6  25.3  15.1 99.0 99.00
2016 03 13 07 50  61  6.2  7.8  1.46  8.33  5.93  57 1019.2  23.8  25.3  15.1 99.0 99.00
2016 03 13 08 50  49  6.4  7.9  1.50  8.33  5.71  84 1019.4  23.8  25.3  14.5 99.0 99.00
2016 03 13 09 50  67  5.3  6.9  1.40  8.33  5.85  74 1019.9  23.7  25.3  15.3 99.0 99.00
2016 03 13 10 50  55  5.5  6.7  1.41  8.33  5.84  69 1020.4  24.0  25.3  14.2 99.0 99.00
2016 03 13 11 50  64  5.3  7.2  1.45  8.33  5.78  77 1021.2  23.9  25.3  14.3 99.0 99.00
2016 03 13 12 50  52  6.2  7.4  1.41  7.69  5.74  77 1021.7  23.9  25.3  14.7 99.0 99.00
2016 03 13 13 50  50  5.4  6.8  1.43  9.09  5.65  47 1021.5  24.0  25.3  15.2 99.0 99.00
2016 03 13 14 50  86  6.3  7.6  1.40  8.33  5.59  70 1021.0  24.0  25.4  14.3 99.0 99.00
2016 03 13 15 50  61  4.2  5.1  1.34  7.14  5.59  80 1021.0  24.1  25.4  15.2 99.0 99.00
2016 03 13 16 50  77  4.7  5.8  1.24  8.33  5.78  80 1020.1  24.0  25.5  14.9 99.0 99.00
2016 03 13 17 50  95  4.1  5.4  1.27  7.69  5.61  68 1019.1  23.9  25.5  14.7 99.0 99.00
2016 03 13 18 50  84  3.2  4.3  1.34  7.69  6.00  86 1018.6  24.2  25.6  15.4 99.0 99.00
2016 03 13 19 50  89  3.7  4.6  1.26  7.69  6.13  91 1018.4  24.2  25.6  15.3 99.0 99.00
2016 03 13 20 50  69  3.8  4.8  1.31  7.69  6.34  81 1018.8  24.0  25.5  15.7 99.0 99.00
2016 03 13 21 50  77  3.8  6.4  1.28 11.43  6.29   3 1019.0  24.0  25.5  15.7 99.0 99.00
2016 03 13 22 50  59  5.7  8.1  1.43 10.81  6.57 360 1019.1  23.8  25.4  16.2 99.0 99.00
2016 03 13 23 50  70  5.3  6.6  1.60 10.81  7.08  10 1019.1  23.7  25.4  15.8 99.0 99.00
2016 03 14 00 50  77  4.5  6.1  1.56 10.00  6.82  11 1019.7  23.7  25.4  16.0 99.0 99.00
2016 03 14 01 50  84  4.2  5.3  1.52 10.00  6.80  10 1020.2  23.6  25.4  16.3 99.0 99.00
2016 03 14 02 50  70  3.4  4.6  1.53 10.00  6.77 353 1020.1  23.5  25.4  16.3 99.0 99.00
2016 03 14 03 50  64  3.0  4.1  1.59 10.81  7.18   6 1020.4  23.5  25.4  16.1 99.0 99.00
2016 03 14 04 50  56  3.4  5.1  1.64 10.00  7.23   6 1019.9  23.6  25.3  16.2 99.0 99.00
2016 03 14 05 50  80  4.6  5.8  1.47  9.09  7.03   6 1018.8  23.5  25.3  16.5 99.0 99.00
2016 03 14 06 50  73  5.4  6.6  1.61  9.09  7.16 346 1018.5  23.5  25.3  16.3 99.0 99.00
2016 03 14 07 50  47  4.2  6.2  1.61 10.81  7.26   3 1018.7  23.5  25.3  15.8 99.0 99.00
2016 03 14 08 50  57  1.7  3.0  1.68 10.00  7.61   6 1019.1  23.5  25.3  14.8 99.0 99.00
2016 03 14 09 50  71  3.7  5.3  1.67 10.81  7.46 356 1019.2  23.5  25.3  15.5 99.0 99.00
2016 03 14 10 50  58  2.1  3.8  1.52 10.81  7.15   6 1019.8  23.9  25.3  14.6 99.0 99.00
2016 03 14 11 50  42  4.3  5.9  1.61 10.81  7.41   2 1020.4  23.9  25.3  14.9 99.0 99.00
2016 03 14 12 50  34  1.5  2.8  1.52 10.81  7.57 352 1021.0  23.9  25.4  15.0 99.0 99.00
2016 03 14 13 50  20  2.8  4.0  1.50  8.33  7.13  34 1021.2  24.0  25.4  15.2 99.0 99.00
2016 03 14 14 50   6  2.7  3.8  1.59 10.00  7.42 356 1021.1  24.0  25.6  15.1 99.0 99.00
2016 03 14 15 50  19  1.7  2.6  1.47 10.00  7.40 351 1020.4  23.9  25.7  15.1 99.0 99.00
2016 03 14 16 50 358  1.7  2.7  1.64 13.79  7.64  31 1019.8  24.0  25.9  15.3 99.0 99.00
2016 03 14 17 50  25  1.3  2.5  1.58 11.43  7.71  23 1019.1  24.2  26.2  14.8 99.0 99.00
2016 03 14 18 50 342  2.7  3.6  1.70 13.79  8.09  21 1018.5  24.2  26.3  15.9 99.0 99.00
2016 03 14 19 50   3  3.6  5.6  1.83 12.90  8.30  29 1018.2  24.1  26.2  16.2 99.0 99.00
2016 03 14 20 50 358  3.8  5.2  1.83 11.43  8.64  17 1017.9  24.3  26.0  15.9 99.0 99.00
2016 03 14 21 50  13  4.3  5.6  1.79 12.12  8.63  19 1018.1  24.1  25.8  16.3 99.0 99.00
2016 03 14 22 50  22  5.0  6.7  1.80 13.79  8.60   7 1018.3  23.9  25.6  16.5 99.0 99.00
2016 03 14 23 50  16  5.7  7.2  1.81 12.12  8.44  29 1018.7  24.0  25.6  17.0 99.0 99.00
2016 03 15 00 50  31  6.0  7.6  1.84 13.79  8.53  34 1018.9  24.0  25.5  17.3 99.0 99.00
2016 03 15 01 50  37  6.2  7.4  2.02 12.90  8.01  15 1018.9  24.0  25.4  17.4 99.0 99.00
2016 03 15 02 50  32  5.7  7.0  1.81 13.79  7.43  24 1018.9  23.9  25.4  17.6 99.0 99.00
2016 03 15 03 50  46  5.7  7.1  1.77 12.12  7.55  23 1018.7  24.0  25.4  17.8 99.0 99.00
2016 03 15 04 50  46  5.2  6.5  2.05 12.12  8.11  13 1018.2  24.0  25.4  17.7 99.0 99.00
2016 03 15 05 50  43  4.4  5.5  1.90 11.43  7.98  17 1017.5  23.9  25.4  18.0 99.0 99.00
2016 03 15 06 50  40  3.9  5.7  1.89 12.12  8.13  14 1017.2  23.8  25.3  18.1 99.0 99.00
2016 03 15 07 50  52  4.2  5.1  2.09 16.00  8.78  27 1016.9  23.9  25.3  18.3 99.0 99.00
2016 03 15 08 50  54  4.4  6.0  1.89 12.12  8.04  13 1017.0  23.8  25.3  17.9 99.0 99.00
2016 03 15 09 50  50  4.9  6.4  1.96 13.79  8.56  27 1017.1  23.9  25.3  18.4 99.0 99.00
2016 03 15 10 50  61  4.3  5.2  1.92 14.81  8.35  28 1017.4  24.4  25.3  18.2 99.0 99.00
2016 03 15 11 50  81  5.2  6.8  2.13 14.81  9.07  24 1018.0  24.4  25.3  18.5 99.0 99.00
2016 03 15 12 50  89  5.6  7.1  1.82 14.81  7.89  41 1018.4  24.7  25.3  18.2 99.0 99.00
2016 03 15 13 50  94  5.0  6.0  1.78 13.79  7.68  17 1018.8  24.7  25.4  18.1 99.0 99.00
2016 03 15 14 50  91  4.0  5.2  1.69 13.79  7.62  33 1019.0  24.7  25.4  18.6 99.0 99.00
2016 03 15 15 50  93  3.8  4.7  1.79 13.79  7.62  29 1018.5  24.7  25.5  18.4 99.0 99.00
2016 03 15 16 50 112  3.8  4.6  1.89 13.79  7.79  40 1018.0  24.8  25.7  18.5 99.0 99.00
2016 03 15 17 50  94  2.8  3.6  1.69 12.90  7.63  23 1017.7  24.9  25.9  18.0 99.0 99.00
2016 03 15 18 50  85  2.5  3.5  1.73 12.12  7.61  16 1017.3  24.9  25.9  17.8 99.0 99.00
2016 03 15 19 50  72  3.4  4.1  1.66 13.79  7.58  29 1017.0  24.9  25.9  18.1 99.0 99.00
2016 03 15 20 50  80  3.0  3.8  1.57 13.79  7.63  36 1017.1  25.2  25.8  18.2 99.0 99.00
2016 03 15 21 50  87  3.0  4.3  1.52 13.79  7.41  31 1017.1  24.7  25.7  18.4 99.0 99.00
2016 03 15 22 50  99  2.6  3.5  1.49 12.90  7.47  24 1017.4  24.6  25.6  18.4 99.0 99.00
2016 03 15 23 50  97  2.1  3.3  1.42 12.90  7.30  35 1017.6  24.5  25.6  17.7 99.0 99.00
2016 03 16 00 50  81  3.3  4.2  1.38 12.12  7.28  35 1017.9  24.5  25.6  18.2 99.0 99.00
2016 03 16 01 50  80  3.2  4.3  1.24 13.79  7.09  28 1018.1  24.4  25.5  18.8 99.0 99.00
2016 03 16 02 50  90  3.3  4.3  1.32  9.09  7.19  10 1018.0  24.3  25.5  18.4 99.0 99.00
2016 03 16 03 50 112  3.9  4.8  1.41 12.12  7.48  20 1017.7  24.4  25.5  18.6 99.0 99.00
2016 03 16 04 50 106  4.3  5.1  1.41 13.79  7.37  39 1017.0  24.4  25.5  18.6 99.0 99.00
2016 03 16 05 50 110  3.6  4.7  1.35 12.12  7.22  29 1016.5  24.2  25.4  18.2 99.0 99.00
2016 03 16 06 50 113  4.0  4.9  1.43 13.79  7.56  23 1015.9  24.2  25.4  18.0 99.0 99.00
2016 03 16 07 50 110  3.6  4.7  1.44 12.12  7.61  23 1015.9  24.0  25.4  17.6 99.0 99.00
2016 03 16 08 50 119  4.1  5.1  1.46 13.79  7.72  24 1016.1  24.1  25.4  17.4 99.0 99.00
2016 03 16 09 50 136  3.8  4.6  1.68 12.90  8.30  28 1016.6  24.1  25.4  17.2 99.0 99.00
2016 03 16 10 50 126  5.3  6.8  1.66 11.43  8.33   8 1017.0  24.3  25.4  17.7 99.0 99.00
2016 03 16 11 50 129  5.3  6.1  1.91 13.79  8.38  23 1017.5  24.7  25.4  17.5 99.0 99.00
2016 03 16 12 50 131  5.7  6.7  1.92 12.90  8.35  32 1017.8  24.7  25.4  17.3 99.0 99.00
2016 03 16 13 50 145  6.1  7.3  1.94 13.79  8.38  24 1017.9  24.7  25.4  17.5 99.0 99.00
2016 03 16 14 50 147  6.0  7.4  2.02 11.43  8.59  20 1017.6  24.7  25.4  17.3 99.0 99.00
2016 03 16 15 50 156  6.1  7.3  2.22 13.79  8.75  21 1016.9  24.8  25.5  16.8 99.0 99.00
2016 03 16 16 50 164  4.9  6.4  2.26 12.90  8.68  17 1016.5  24.9  25.5  16.9 99.0 99.00
2016 03 16 17 50 178  4.0  5.2  2.21 12.90  8.64  22 1015.8  25.1  25.6  16.9 99.0 99.00
2016 03 16 18 50 201  3.6  5.1  2.31 12.90  9.49   8 1015.5  25.2  25.7  16.4 99.0 99.00
2016 03 16 19 50 221  3.5  5.1  2.22 13.79  9.16  15 1015.3  25.4  25.7  16.1 99.0 99.00
2016 03 16 20 50 213  2.8  3.8  2.21 12.90  9.52  13 1015.6  25.6  25.6  16.3 99.0 99.00
2016 03 16 21 50 215  2.9  4.3  2.12 13.79  9.22  14 1016.0  25.2  25.6  16.5 99.0 99.00
2016 03 16 22 50 223  2.6  4.1  1.98 12.90  9.21  11 1016.4  25.2  25.5  16.4 99.0 99.00
2016 03 16 23 50 238  3.2  5.0  2.16 12.12  9.79  14 1016.6  25.1  25.5  16.6 99.0 99.00
2016 03 17 00 50 242  3.3  4.2  2.28 12.12  9.75  13 1017.3  25.1  25.5  16.7 99.0 99.00
2016 03 17 01 50 337  2.7  4.6  2.06 13.79  9.85  15 1017.4  24.2  25.5  19.4 99.0 99.00
2016 03 17 02 50 285  2.5  3.3  2.20 14.81 10.10  34 1017.3  24.1  25.5  19.6 99.0 99.00
2016 03 17 03 50 280  2.6  3.4  2.11 12.90  9.53  23 1017.1  24.3  25.4  19.2 99.0 99.00
2016 03 17 04 50 298  2.2  3.0  2.38 16.00 10.49  37 1016.9  24.4  25.4  19.0 99.0 99.00
2016 03 17 05 50 322  1.4  2.2  2.37 13.79 10.54  25 1016.0  24.4  25.4  18.9 99.0 99.00
2016 03 17 06 50 290  1.5  2.4  2.42 14.81 11.23  25 1015.6  23.9  25.4  19.0 99.0 99.00
2016 03 17 07 50 294  0.6  1.2  2.29 14.81 10.75  39 1015.3  24.1  25.4  18.4 99.0 99.00
2016 03 17 08 50 197  0.8  1.7  2.46 13.79 11.16  24 1015.5  24.2  25.4  18.7 99.0 99.00
2016 03 17 09 50 217  4.3  6.1  2.59 16.00 11.28  24 1016.0  22.9  25.4  19.2 99.0 99.00
2016 03 17 10 50 215  4.0  5.1  2.51 14.81 11.71   8 1016.6  23.8  25.4  19.1 99.0 99.00
2016 03 17 11 50 197  3.2  5.0  2.74 14.81 11.80  26 1017.2  24.6  25.4  18.9 99.0 99.00
2016 03 17 12 50 209  2.8  4.7  2.67 14.81 12.13  22 1017.8  24.6  25.4  19.2 99.0 99.00
2016 03 17 13 50 210  2.4  4.5  2.44 12.90 11.52  14 1018.0  24.8  25.6  19.3 99.0 99.00
2016 03 17 14 50 276  3.2  4.5  2.53 16.00 11.78  18 1018.1  24.5  25.7  19.5 99.0 99.00
2016 03 17 15 50 226  3.4  5.2  2.53 14.81 11.89  23 1017.7  24.4  25.9  19.5 99.0 99.00
2016 03 17 16 50 206  1.7  3.0  2.89 16.00 12.37  25 1017.1  24.5  26.1  19.4 99.0 99.00
2016 03 17 17 50 286  3.3  4.5  2.75 16.00 12.13  38 1016.3  25.1  26.4  18.6 99.0 99.00
2016 03 17 18 50 281  3.1  4.2  2.40 16.00 11.68  36 1015.8  25.3  26.2  18.6 99.0 99.00
2016 03 17 19 50 281  3.6  4.7  2.36 16.00 11.76  38 1015.8  25.5  26.3  18.1 99.0 99.00
2016 03 17 20 50 283  3.6  4.5  3.19 16.00 12.73  42 1016.2  25.6  26.1  18.5 99.0 99.00
2016 03 17 21 50 287  3.1  4.6  2.53 16.00 11.89  40 1016.3  25.2  26.0  19.1 99.0 99.00
2016 03 17 22 50 299  3.4  4.2  2.65 16.00 12.35  35 1016.9  24.9  25.9  18.5 99.0 99.00
2016 03 17 23 50 288  2.5  3.6  2.39 17.39 12.00  47 1017.3  24.9  25.8  18.4 99.0 99.00
2016 03 18 00 50 298  3.0  3.8  2.24 17.39 11.59  42 1017.9  24.8  25.7  18.1 99.0 99.00
2016 03 18 01 50 302  2.8  3.8  2.56 16.00 12.55  45 1018.1  24.8  25.7  18.2 99.0 99.00
2016 03 18 02 50 302  2.4  3.0  2.47 17.39 12.25  28 1018.1  24.7  25.7  18.7 99.0 99.00
2016 03 18 03 50 305  2.4  3.6  2.35 16.00 12.23  42 1017.9  24.6  25.6  18.4 99.0 99.00
2016 03 18 04 50 331  2.1  3.0  2.71 16.00 12.37  31 1017.4  24.5  25.6  18.2 99.0 99.00
2016 03 18 05 50 312  1.5  2.1  2.31 16.00 11.38  37 1016.7  24.4  25.6  18.3 99.0 99.00
2016 03 18 06 50 311  0.7  1.8  2.31 16.00 11.46  40 1016.4  24.2  25.6  18.2 99.0 99.00
2016 03 18 07 50   6  1.4  2.3  1.95 16.00 10.44  30 1016.1  24.2  25.5  18.2 99.0 99.00
2016 03 18 08 50   4  0.3  1.1  2.31 16.00 11.00  28 1016.5  24.1  25.5  18.4 99.0 99.00
2016 03 18 09 50 153  0.7  1.4  2.37 14.81 11.02  25 1017.0  24.1  25.5  18.5 99.0 99.00
2016 03 18 10 50 115  1.0  2.0  2.23 16.00 10.77  34 1017.4  25.3  25.5  18.4 99.0 99.00
2016 03 18 11 50 125  2.2  2.8  2.38 16.00 11.26  33 1018.4  25.0  25.5  18.3 99.0 99.00
2016 03 18 12 50 124  1.5  2.1  2.12 16.00 10.87  35 1019.1  25.1  25.7  18.4 99.0 99.00
2016 03 18 13 50 131  1.7  2.8  2.34 16.00 11.24  29 1019.3  24.9  26.0  18.5 99.0 99.00
2016 03 18 14 50 142  3.0  3.9  2.46 16.00 11.87  35 1019.1  24.8  26.2  18.4 99.0 99.00
2016 03 18 15 50 150  3.0  4.5  2.22 14.81 11.38  29 1018.6  24.8  26.3  18.7 99.0 99.00
2016 03 18 17 50 166  3.1  4.2  2.35 16.00 11.19  29 1017.7  25.0  26.3  18.6 99.0 99.00
2016 03 18 18 50 168  2.8  4.4  2.55 14.81 11.87  23 1017.4  25.1  26.3  18.6 99.0 99.00
2016 03 18 19 50 171  3.0  4.3  2.62 16.00 11.94  35 1017.3  25.4  26.4  18.5 99.0 99.00
2016 03 18 20 50 184  1.7  3.1  2.66 16.00 11.86  15 1017.6  25.3  26.3  18.8 99.0 99.00
2016 03 18 21 50 128  1.7  3.2  2.50 16.00 11.50  30 1018.1  25.2  26.1  18.2 99.0 99.00
2016 03 18 22 50 116  2.0  2.9  2.02 13.79 10.30  30 1018.2  25.0  26.1  18.0 99.0 99.00
2016 03 18 23 50 105  2.6  3.5  2.33 16.00 11.30  16 1018.7  24.9  26.0  18.9 99.0 99.00
2016 03 19 00 50  90  2.0  2.7  2.08 14.81 10.45  28 1019.2  24.9  25.9  19.0 99.0 99.00
2016 03 19 01 50  93  2.3  3.5  1.99 16.00 10.54  11 1019.7  24.8  25.9  19.1 99.0 99.00
2016 03 19 02 50 116  2.6  3.6  1.96 14.81 10.22  18 1019.6  24.8  25.9  19.3 99.0 99.00
2016 03 19 03 50 119  3.0  3.9  2.00 14.81 10.89  25 1019.6  24.7  25.8  18.9 99.0 99.00
2016 03 19 04 50 115  3.2  4.2  2.03 14.81 10.39  30 1019.1  24.6  25.8  18.6 99.0 99.00
2016 03 19 05 50 111  3.6  4.6  2.06 14.81 10.09  24 1018.4  24.5  25.8  18.7 99.0 99.00
2016 03 19 06 50 101  3.5  4.3  1.93 14.81  9.79  25 1017.8  24.4  25.7  18.9 99.0 99.00
2016 03 19 07 50 101  3.8  4.9  2.09 14.81 10.28  27 1017.7  24.3  25.7  18.6 99.0 99.00
2016 03 19 08 50 115  4.8  6.1  1.94 14.81  9.69  24 1018.2  24.3  25.7  18.7 99.0 99.00
2016 03 19 09 50  97  4.1  5.2  1.94 14.81  9.71  33 1019.0  24.3  25.6  18.7 99.0 99.00
2016 03 19 11 50 108  4.6  5.6  1.92 14.81  9.28  28 1020.5  24.9  25.6  18.7 99.0 99.00
2016 03 19 12 50 112  5.0  6.2  1.93 13.79  9.05  26 1020.5  25.0  25.7  18.8 99.0 99.00
2016 03 19 13 50 112  5.2  6.3  1.74 14.81  8.14  32 1020.7  25.0  25.8  19.1 99.0 99.00
2016 03 19 14 50 105  5.2  6.2  1.82 13.79  8.48  29 1020.6  25.0  25.8  19.6 99.0 99.00
2016 03 19 15 50 113  5.9  6.6  1.66 13.79  7.90  38 1020.1  25.1  25.9  19.5 99.0 99.00
2016 03 19 16 50 114  5.7  7.0  1.75 14.81  7.89  36 1019.4  25.2  26.0  19.5 99.0 99.00
2016 03 19 17 50 108  5.4  6.8  1.68 13.79  7.82  44 1018.7  25.2  26.0  19.5 99.0 99.00
2016 03 19 18 50 107  5.4  6.6  1.83 12.90  8.04  26 1018.2  25.2  26.0  19.0 99.0 99.00
2016 03 19 19 50 106  5.0  6.2  1.79 13.79  7.77  37 1018.3  25.4  26.0  19.1 99.0 99.00
2016 03 19 20 50  98  5.9  7.3  1.61 13.79  7.57  30 1018.2  25.4  26.0  19.2 99.0 99.00
2016 03 19 21 50  87  5.5  6.6  1.66 12.90  7.26  23 1018.7  25.1  25.9  19.5 99.0 99.00
2016 03 19 22 50  91  6.1  7.1  1.55 13.79  6.77  36 1018.8  25.0  25.9  19.4 99.0 99.00
2016 03 19 23 50  92  6.2  7.6  1.60 13.79  7.20  16 1019.3  24.9  25.9  19.7 99.0 99.00
2016 03 20 00 50  78  6.0  7.2  1.54 13.79  6.75  30 1019.8  25.1  25.9  20.6 99.0 99.00
2016 03 20 01 50  82  6.6  8.0  1.54 12.90  7.01   4 1019.7  25.1  25.9  20.5 99.0 99.00
2016 03 20 02 50  89  6.5  7.7  1.70 13.79  6.92  29 1019.6  25.0  25.9  20.9 99.0 99.00
2016 03 20 03 50  98  7.4  8.5  1.49 12.90  6.45  31 1019.5  24.9  25.8  21.1 99.0 99.00
2016 03 20 04 50  94  7.3  8.5  1.58 12.90  6.04  14 1018.7  24.8  25.8  21.4 99.0 99.00
2016 03 20 05 50  97  7.5  8.5  1.59 13.79  6.04  14 1018.1  24.7  25.7  21.5 99.0 99.00
2016 03 20 06 50  96  7.2  8.7  1.53 12.90  5.78   5 1017.6  24.6  25.8  21.3 99.0 99.00
2016 03 20 07 50  96  7.1  8.4  1.46 13.79  5.64  26 1017.5  24.5  25.7  21.4 99.0 99.00
2016 03 20 08 50  98  7.5  8.8  1.51 12.90  5.45  16 1017.8  24.6  25.7  20.6 99.0 99.00
2016 03 20 09 50 108  7.7  9.2  1.54 13.79  5.54  25 1018.6  25.2  25.7  20.4 99.0 99.00
2016 03 20 10 50  96  8.0  9.4  1.44 12.12  5.41  22 1019.4  24.9  25.7  21.0 99.0 99.00
2016 03 20 11 50 114  7.1  8.5  1.39 12.90  5.26  36 1020.3  24.6  25.7  21.2 99.0 99.00
2016 03 20 12 50 115  7.6  9.7  1.52 12.90  5.40  35 1020.8  24.8  25.7  21.2 99.0 99.00
2016 03 20 13 50 118  6.2  7.4  1.56 12.90  5.47  26 1021.3  25.2  25.8  21.0 99.0 99.00
2016 03 20 14 50 119  9.9 11.9  1.52 12.90  5.72  30 1020.7  25.3  25.8  21.5 99.0 99.00
2016 03 20 15 50 130  7.7  9.3  1.42 12.12  5.18  34 1020.4  25.5  25.8  21.2 99.0 99.00
2016 03 20 16 50 138  8.0  9.7  1.53 12.90  5.19   9 1020.3  25.9  25.8  20.8 99.0 99.00
2016 03 20 17 50 138  8.0  9.5  1.64 12.90  5.50  19 1019.4  25.8  25.8  20.7 99.0 99.00
2016 03 20 18 50 136  7.9  9.1  1.63 12.90  5.22  42 1019.1  25.8  25.8  21.0 99.0 99.00
2016 03 20 19 50 135  7.7  9.1  1.62  5.56  5.25 113 1018.9  25.9  25.8  20.7 99.0 99.00
2016 03 20 20 50 138  7.2  8.3  1.77 12.90  5.47  38 1019.2  25.9  25.8  20.7 99.0 99.00
2016 03 20 21 50 144  6.1  7.2  1.68  6.67  5.44 124 1019.4  25.6  25.8  21.0 99.0 99.00
2016 03 20 22 50 125  6.8  7.9  1.63  6.25  5.65 119 1019.2  25.3  25.7  21.2 99.0 99.00
2016 03 20 23 50 134  6.6  7.9  1.61  6.25  5.36 126 1019.9  25.4  25.7  21.3 99.0 99.00
2016 03 21 00 50 126  6.9  8.3  1.52 12.12  5.40  32 1020.3  25.5  25.7  20.9 99.0 99.00
2016 03 21 01 50 117  6.6  8.0  1.67  7.14  5.62 133 1020.7  25.4  25.7  21.3 99.0 99.00
2016 03 21 02 50 119  7.1  8.1  1.69  6.67  5.76 131 1020.9  25.4  25.7  20.9 99.0 99.00
2016 03 21 03 50 123  6.8  8.0  1.55  6.25  5.57 130 1020.7  25.4  25.7  20.5 99.0 99.00
2016 03 21 04 50 120  6.5  7.8  1.52  6.67  5.54 133 1020.3  25.3  25.7  20.7 99.0 99.00
2016 03 21 05 50 114  8.0  9.4  1.54  7.14  5.49 131 1019.5  25.1  25.6  20.7 99.0 99.00
2016 03 21 06 50 114  7.9  9.7  1.64  7.14  5.52 132 1019.3  25.1  25.6  20.1 99.0 99.00
2016 03 21 07 50 109  7.3  8.5  1.62  7.14  5.40 121 1019.3  25.0  25.7  20.3 99.0 99.00
2016 03 21 08 50 109  6.7  8.0  1.74  7.14  5.42 123 1019.7  25.0  25.6  20.1 99.0 99.00
2016 03 21 09 50 103  7.0  8.7  1.71  7.14  5.53 141 1020.1  24.9  25.6  20.1 99.0 99.00
2016 03 21 10 50 103  7.2  8.5  1.58  7.14  5.44 137 1020.6  25.3  25.6  20.0 99.0 99.00
2016 03 21 11 50 102  7.4  9.0  1.54  7.69  5.49 142 1021.3  25.5  25.6  20.2 99.0 99.00
2016 03 21 12 50 104  8.4 10.0  1.72  7.14  5.65 150 1021.4  25.5  25.7  20.5 99.0 99.00
2016 03 21 13 50 112  7.5  9.4  1.56  7.14  5.42 112 1021.8  25.5  25.7  20.6 99.0 99.00
2016 03 21 14 50 122  7.7  9.1  1.67  7.69  5.33 144 1021.8  25.5  25.7  20.7 99.0 99.00
2016 03 21 15 50 113  7.4  9.1  1.60  7.14  5.36 136 1021.8  25.5  25.8  20.9 99.0 99.00
2016 03 21 16 50 107 10.0 11.6  1.72  7.69  5.45 136 1021.5  23.9  25.8  20.9 99.0 99.00
2016 03 21 17 50 105  7.5  8.7  1.87  7.14  5.42 140 1020.7  24.8  25.8  20.3 99.0 99.00
2016 03 21 18 50  98  7.2  8.7  1.63  7.69  5.25 144 1020.2  24.2  25.8  21.0 99.0 99.00
2016 03 21 19 50 120  7.7  9.5  1.65  6.67  5.47 131 1020.0  25.2  25.8  21.3 99.0 99.00
2016 03 21 20 50 141  4.7  5.5  1.71  7.69  5.47 133 1020.4  24.3  25.8  21.1 99.0 99.00
2016 03 21 21 50 118  8.0 10.3  1.77  7.69  5.65 136 1020.6  25.0  25.8  21.0 99.0 99.00
2016 03 21 22 50 119  7.8  9.8  1.82  7.69  5.64 138 1020.7  25.3  25.7  21.1 99.0 99.00
2016 03 21 23 50 124  8.4 10.3  1.73  7.69  5.57 139 1020.9  25.2  25.7  21.0 99.0 99.00
2016 03 22 00 50 113  7.4  8.7  1.93  7.69  5.75 129 1021.5  25.2  25.7  21.2 99.0 99.00
2016 03 22 02 50  96  6.8  7.9  1.86  8.33  5.81 127 1022.0  24.8  25.7  22.0 99.0 99.00
2016 03 22 03 50 117  7.5  8.7  1.81  8.33  5.70 131 1021.8  25.3  25.7  21.2 99.0 99.00
2016 03 22 04 50 124  7.4  8.7  1.86  8.33  5.83 126 1021.6  25.3  25.7  21.1 99.0 99.00
2016 03 22 05 50 123  7.4  9.3  1.84  8.33  5.68 121 1020.8  25.2  25.6  20.9 99.0 99.00
2016 03 22 06 50 115  6.6  7.8  1.77  7.69  5.68 113 1020.5  25.1  25.6  20.6 99.0 99.00
2016 03 22 07 50 118  7.5  8.9  1.71  7.69  5.69 119 1020.1  24.9  25.6  20.5 99.0 99.00
2016 03 22 08 50 119  7.4  8.5  1.85  8.33  5.72 129 1020.2  24.9  25.6  20.5 99.0 99.00
2016 03 22 09 50 114  6.6  8.4  1.78  8.33  5.79 108 1021.0  25.0  25.6  20.9 99.0 99.00
2016 03 22 10 50 123  6.7  8.2  1.93  8.33  6.06 128 1021.5  25.3  25.6  20.8 99.0 99.00
2016 03 22 11 50 115  6.7  8.4  1.71  9.09  5.91 117 1022.2  25.3  25.6  20.7 99.0 99.00
2016 03 22 12 50 115  6.8  8.0  1.75  7.69  5.67 113 1022.5  25.5  25.6  20.8 99.0 99.00
2016 03 22 13 50 119  7.5  8.7  1.79  8.33  5.81 124 1022.7  25.5  25.7  21.0 99.0 99.00
2016 03 22 14 50 120  7.1  8.2  1.77  8.33  5.75 120 1022.8  25.5  25.7  21.0 99.0 99.00
2016 03 22 15 50 125  6.6  8.0  1.80  7.69  5.69 134 1022.5  25.6  25.8  21.4 99.0 99.00
2016 03 22 16 50 125  6.2  7.3  1.67  8.33  5.58 112 1021.7  25.6  25.8  21.4 99.0 99.00
2016 03 22 17 50 123  6.2  7.3  1.74  8.33  5.82 122 1021.0  25.7  25.9  21.1 99.0 99.00
2016 03 22 18 50 114  5.6  6.5  1.63  8.33  5.73 126 1020.6  25.8  25.9  21.2 99.0 99.00
2016 03 22 19 50 111  5.6  6.5  1.67  8.33  5.74 129 1020.4  25.9  25.9  21.4 99.0 99.00
2016 03 22 20 50 122  6.3  7.9  1.72  8.33  5.92 108 1020.7  25.8  25.9  21.3 99.0 99.00
2016 03 22 21 50 117  6.5  7.5  1.66  8.33  5.86 128 1021.3  25.2  25.8  21.7 99.0 99.00
2016 03 22 22 50 117  6.3  7.4  1.93  8.33  6.28 113 1021.6  25.5  25.8  21.5 99.0 99.00
2016 03 22 23 50 109  6.2  7.1  1.78  8.33  6.00 131 1022.2  25.4  25.7  21.6 99.0 99.00
2016 03 23 00 50 134  7.9  9.2  1.77  8.33  5.96 127 1022.5  24.2  25.7  22.0 99.0 99.00
2016 03 23 01 50 115  8.0  9.6  1.79  8.33  5.76 119 1023.1  23.6  25.7  21.2 99.0 99.00
2016 03 23 02 50  84  7.1  8.1  1.76  8.33  5.74 119 1022.9  24.5  25.7  20.4 99.0 99.00
2016 03 23 03 50  78  5.3  6.4  1.72  9.09  5.94 136 1022.9  25.6  25.7  19.6 99.0 99.00
2016 03 23 04 50  79  5.6  6.9  1.91  8.33  6.14 128 1022.4  25.0  25.7  20.8 99.0 99.00
2016 03 23 05 50  97  5.8  6.7  1.56  9.09  5.60 132 1021.7  25.1  25.7  20.4 99.0 99.00
2016 03 23 06 50 135  5.5  6.5  1.76  8.33  5.97 117 1021.1  24.9  25.7  21.0 99.0 99.00
2016 03 23 07 50 141  3.8  4.8  1.61  9.09  5.89 116 1020.8  24.6  25.7  21.0 99.0 99.00
2016 03 23 08 50 115  2.4  3.2  1.67  8.33  6.00 125 1021.2  24.6  25.7  21.0 99.0 99.00
2016 03 23 09 50  97  7.1  8.0  1.74  8.33  6.18 121 1021.2  25.2  25.7  20.7 99.0 99.00
2016 03 23 10 50 103  7.0  8.7  1.83  9.09  6.11 118 1021.8  25.5  25.7  20.5 99.0 99.00
2016 03 23 11 50 106  6.7  7.8  1.75  8.33  5.88 110 1022.8  25.6  25.7  20.5 99.0 99.00
2016 03 23 12 50  93  6.6  8.7  1.84  8.33  5.98 122 1023.5  25.6  25.7  20.2 99.0 99.00
2016 03 23 13 50  97  6.7  7.9  1.79  8.33  5.88 120 1023.7  25.5  25.7  20.0 99.0 99.00
2016 03 23 14 50  95  6.6  7.9  1.76  8.33  6.02 114 1023.8  25.5  25.7  19.9 99.0 99.00
2016 03 23 15 50  91  7.0  8.3  1.55  8.33  5.62 125 1023.5  25.3  25.8  19.8 99.0 99.00
2016 03 23 16 50  99  7.2  8.2  1.77  9.09  5.90 114 1022.6  25.2  25.8  19.6 99.0 99.00
2016 03 23 17 50  95  5.9  7.3  1.66  9.09  5.53 122 1022.1  25.3  25.9  19.7 99.0 99.00
2016 03 23 18 50  85  6.1  7.2  1.73  8.33  5.81 118 1021.5  25.4  25.9  19.9 99.0 99.00
2016 03 23 19 50  86  5.7  6.7  1.67  8.33  5.94 124 1021.3  25.6  25.9  19.6 99.0 99.00
2016 03 23 20 50  89  5.8  7.2  1.80  8.33  6.13 122 1021.6  25.7  25.9  20.1 99.0 99.00
2016 03 23 21 50  84  6.4  7.6  1.68  9.09  5.98 122 1021.8  25.2  25.8  20.2 99.0 99.00
2016 03 23 22 50  88  7.0  8.1  1.75  8.33  6.03 118 1022.0  25.2  25.8  20.5 99.0 99.00
2016 03 23 23 50  79  6.7  8.3  1.93  9.09  6.47 126 1022.5  25.1  25.8  20.6 99.0 99.00
2016 03 24 00 50  81  7.3  8.5  1.88  9.09  6.23 103 1022.8  25.1  25.7  21.0 99.0 99.00
2016 03 24 01 50  87  7.2  8.4  1.98  9.09  6.13  61 1023.0  25.2  25.7  20.6 99.0 99.00
2016 03 24 02 50  85  8.2  9.3  1.99  8.33  6.28  14 1022.7  25.0  25.7  20.4 99.0 99.00
2016 03 24 03 50  80  7.6  8.9  2.20  9.09  6.43  36 1022.5  25.0  25.7  20.6 99.0 99.00
2016 03 24 04 50  73  7.7  8.8  2.15  9.09  6.38  45 1022.0  25.0  25.7  20.5 99.0 99.00
2016 03 24 05 50  71  7.8  9.2  2.19  9.09  6.33  42 1021.1  24.9  25.7  20.7 99.0 99.00
2016 03 24 06 50  68  8.8 10.6  1.93  7.69  5.82  74 1020.3  24.9  25.7  20.3 99.0 99.00
2016 03 24 07 50  71  9.0 10.6  1.96  8.33  5.93  76 1020.3  24.8  25.7  19.7 99.0 99.00
2016 03 24 08 50  75  9.5 11.5  1.92  8.33  5.71  73 1020.5  24.7  25.7  19.0 99.0 99.00
2016 03 24 09 50  71  8.9 10.9  2.01  8.33  5.82  57 1020.8  24.9  25.7  19.2 99.0 99.00
2016 03 24 10 50  76  8.2  9.8  1.92  8.33  5.70  76 1021.4  25.0  25.7  18.7 99.0 99.00
2016 03 24 11 50  84  8.7 10.4  1.97  9.09  5.77 116 1021.9  25.3  25.7  19.4 99.0 99.00
2016 03 24 12 50  85  8.6 10.1  2.01  9.09  5.81 118 1022.3  25.3  25.7  20.0 99.0 99.00
2016 03 24 13 50  89  8.2  9.5  2.07 10.81  6.06 347 1022.7  25.3  25.7  19.9 99.0 99.00
2016 03 24 14 50  90  8.1  9.7  2.12 10.81  5.93 340 1022.9  25.3  25.7  20.1 99.0 99.00
2016 03 24 15 50  90  7.8  9.3  2.19 10.81  6.32 348 1022.6  25.3  25.7  20.0 99.0 99.00
2016 03 24 16 50  77  7.4  8.9  2.20 10.81  6.29 343 1022.1  25.4  25.8  19.5 99.0 99.00
2016 03 24 17 50  96  8.8 10.6  2.27 10.00  6.26 335 1021.2  25.3  25.8  19.9 99.0 99.00
2016 03 24 18 50  91  7.9  9.7  2.22 10.00  6.33 346 1020.5  25.3  25.8  19.5 99.0 99.00
2016 03 24 19 50  91  7.8  9.1  2.29 10.81  6.50 353 1020.3  25.4  25.8  19.9 99.0 99.00
2016 03 24 20 50  87  7.9  9.5  2.48 10.00  6.76 350 1020.7  25.4  25.8  19.7 99.0 99.00
2016 03 24 21 50  86  8.3  9.7  2.08  9.09  6.26  74 1020.9  25.3  25.7  20.1 99.0 99.00
2016 03 24 22 50  82  8.3  9.7  2.33 10.00  6.48 352 1021.4  25.2  25.7  20.0 99.0 99.00
2016 03 24 23 50  86  8.7 10.6  2.20 10.81  6.23 352 1021.8  25.1  25.7  19.8 99.0 99.00
2016 03 25 00 50  84  8.5 10.1  2.23 10.00  6.41   8 1022.3  25.1  25.7  20.1 99.0 99.00
2016 03 25 01 50  78  8.6 10.9  2.15  9.09  6.13 110 1022.6  25.0  25.7  19.7 99.0 99.00
2016 03 25 02 50  80  8.9 10.9  2.24  9.09  6.26  85 1022.3  25.1  25.7  20.4 99.0 99.00
2016 03 25 03 50  81  9.1 11.2  2.23  9.09  6.09 110 1022.0  24.9  25.7  20.5 99.0 99.00
2016 03 25 04 50  83  8.0  9.6  2.19  9.09  6.20 101 1021.5  24.9  25.7  19.9 99.0 99.00
2016 03 25 05 50  88  8.6  9.9  2.07  9.09  6.18 116 1020.9  25.1  25.7  19.9 99.0 99.00
2016 03 25 06 50  87  9.1 10.7  2.08 10.81  6.11 360 1020.1  24.9  25.7  20.5 99.0 99.00
2016 03 25 07 50  92  9.3 11.0  2.13 10.81  6.04   7 1019.9  25.0  25.6  19.9 99.0 99.00
2016 03 25 08 50  87  9.7 11.5  2.22  8.33  5.94 100 1020.1  24.9  25.6  20.0 99.0 99.00
2016 03 25 09 50  88  8.8 10.7  2.21  7.69  6.11  75 1020.8  24.9  25.6  20.3 99.0 99.00
2016 03 25 10 50  88  9.9 11.3  2.12  9.09  6.04  92 1021.5  25.1  25.6  19.7 99.0 99.00
2016 03 25 11 50  91  9.3 11.3  2.05  8.33  5.58 100 1022.0  25.5  25.6  19.4 99.0 99.00
2016 03 25 12 50  87  9.4 11.5  2.18  9.09  5.88  57 1022.7  25.3  25.6  19.8 99.0 99.00
2016 03 25 13 50  94 10.0 11.5  2.41  8.33  6.28 112 1022.8  25.5  25.6  18.9 99.0 99.00
2016 03 25 14 50  92  9.5 10.9  2.21  9.09  6.01 103 1022.6  25.4  25.7  19.1 99.0 99.00
2016 03 25 15 50  93  8.8 10.7  2.12  8.33  5.78 107 1022.5  25.4  25.7  19.4 99.0 99.00
2016 03 25 16 50  85  8.4  9.9  2.15  8.33  5.99 116 1022.1  25.4  25.7  19.9 99.0 99.00
2016 03 25 17 50  91  8.8 10.5  2.22  9.09  6.02 103 1021.4  25.4  25.7  19.5 99.0 99.00
2016 03 25 18 50  89  9.4 11.1  2.32  9.09  6.06 103 1020.9  25.4  25.7  19.9 99.0 99.00
2016 03 25 19 50  85  8.7 10.9  2.22  9.09  5.96 102 1020.8  25.4  25.7  19.9 99.0 99.00
2016 03 25 20 50  81  9.3 10.8  2.25  8.33  5.96 105 1020.8  25.4  25.7  19.9 99.0 99.00
2016 03 25 21 50  82  9.2 11.0  2.35  9.09  6.09  96 1021.3  25.3  25.7  19.9 99.0 99.00
2016 03 25 22 50  85  8.8 10.4  2.27  9.09  5.97 111 1022.1  25.3  25.7  20.0 99.0 99.00
2016 03 25 23 50  84  9.8 11.4  2.18  9.09  5.90 100 1022.6  25.3  25.6  20.1 99.0 99.00
2016 03 26 00 50  84  9.9 11.7  2.37  9.09  6.03 112 1023.4  25.2  25.6  20.2 99.0 99.00
2016 03 26 01 50  91  9.8 12.0  2.50  8.33  6.14 100 1023.7  25.1  25.6  20.1 99.0 99.00
2016 03 26 02 50  88  9.0 10.4  2.18  8.33  5.78 104 1023.6  25.0  25.6  20.1 99.0 99.00
2016 03 26 03 50  85  9.1 10.9  2.51  7.69  6.21  96 1023.7  25.1  25.6  20.2 99.0 99.00
2016 03 26 04 50  82  9.4 11.3  2.33  8.33  6.06 100 1023.1  25.1  25.6  20.6 99.0 99.00
2016 03 26 05 50  84  9.5 11.6  2.39 10.00  6.08  84 1022.4  25.0  25.6  20.6 99.0 99.00
2016 03 26 06 50  80  9.8 12.3  2.36  9.09  6.17 103 1022.0  24.9  25.6  20.3 99.0 99.00
2016 03 26 07 50  81 12.2 15.2  2.34  9.09  5.85  88 1021.6  24.4  25.6  19.6 99.0 99.00
2016 03 26 08 50 109  8.9 13.0  2.51  9.09  5.96  95 1022.1  24.2  25.6  19.5 99.0 99.00
2016 03 26 09 50  91 10.1 12.1  2.53  9.09  6.35 104 1022.3  25.0  25.6  19.5 99.0 99.00
2016 03 26 10 50  84  9.8 12.6  2.42  7.14  6.12  95 1022.9  25.0  25.6  20.0 99.0 99.00
2016 03 26 11 50 118  9.3 11.4  2.58  7.69  6.00  83 1023.7  24.1  25.6  19.4 99.0 99.00
2016 03 26 12 50  83  8.5 11.1  2.68 10.00  6.29 110 1024.3  23.2  25.6  19.3 99.0 99.00
2016 03 26 13 50  86  8.3 11.0  2.41  9.09  6.15 105 1024.4  24.8  25.6  20.6 99.0 99.00
2016 03 26 14 50  87 10.1 12.2  2.46  7.69  6.14  80 1024.4  25.3  25.6  20.0 99.0 99.00
2016 03 26 15 50  82 11.6 13.3  2.75  7.69  6.11  95 1023.9  24.9  25.6  20.3 99.0 99.00
2016 03 26 16 50  94 11.4 13.3  2.83  7.69  6.39  97 1023.6  24.2  25.6  20.5 99.0 99.00
2016 03 26 17 50  78  9.7 11.3  2.68  9.09  6.11  95 1023.0  24.3  25.6  19.4 99.0 99.00
2016 03 26 18 50  74  9.1 10.9  2.75  8.33  6.33  94 1022.6  22.9  25.6  19.8 99.0 99.00
2016 03 26 19 50  73  9.1 10.9  2.69  9.09  6.47 104 1022.4  24.2  25.6  20.2 99.0 99.00
2016 03 26 20 50  69  9.8 11.8  2.65  9.09  6.19 108 1022.7  24.1  25.6  20.4 99.0 99.00
2016 03 26 21 50  74  7.0  8.5  2.81 10.00  6.62  97 1023.2  23.7  25.6  20.6 99.0 99.00
2016 03 26 22 50  85  7.6  9.0  2.44 10.00  6.34  93 1023.4  24.3  25.6  20.9 99.0 99.00
2016 03 26 23 50  82 10.4 12.2  2.60 10.00  6.42  94 1023.6  25.2  25.6  20.3 99.0 99.00
2016 03 27 00 50  84  9.9 11.9  2.70  9.09  6.24 107 1024.1  25.2  25.6  20.1 99.0 99.00
2016 03 27 01 50  82  9.6 11.6  2.65  9.09  6.19  96 1024.4  25.2  25.6  20.4 99.0 99.00
2016 03 27 02 50  83 10.0 11.6  2.59  9.09  6.23 105 1024.3  25.1  25.6  20.0 99.0 99.00
2016 03 27 03 50  87  9.6 11.7  2.40 10.00  6.01 116 1024.1  25.1  25.6  19.5 99.0 99.00
2016 03 27 04 50  86  9.3 10.9  2.63  9.09  6.38  98 1023.5  25.0  25.6  19.8 99.0 99.00
2016 03 27 06 50  79  9.5 11.5  2.74  9.09  6.56  92 1022.2  24.8  25.5  19.9 99.0 99.00
2016 03 27 07 50  82  9.6 11.6  2.54 10.00  6.45 104 1022.1  24.7  25.5  19.6 99.0 99.00
2016 03 27 08 50  85  9.9 11.6  2.42 10.00  6.34 102 1022.2  24.6  25.5  19.5 99.0 99.00
2016 03 27 09 50  83  9.6 11.5  2.41  9.09  6.25 106 1022.5  24.7  25.5  19.0 99.0 99.00
2016 03 27 10 50  78  8.5 10.6  2.57 10.00  6.47 103 1023.0  24.9  25.5  19.4 99.0 99.00
2016 03 27 11 50  78  8.9 10.4  2.41 10.00  6.24 105 1023.7  25.2  25.6  19.0 99.0 99.00
2016 03 27 12 50  87  8.3  9.9  2.42  9.09  6.39 109 1024.1  25.2  25.6  19.0 99.0 99.00
2016 03 27 13 50  91  8.0  9.4  2.31  9.09  6.26  88 1024.3  25.2  25.6  19.0 99.0 99.00
2016 03 27 14 50  92  8.2  9.9  2.40 10.00  6.55 105 1024.2  25.3  25.6  18.7 99.0 99.00
2016 03 27 15 50  83  7.5  8.5  2.45 10.00  6.59 114 1023.8  25.2  25.6  19.5 99.0 99.00
2016 03 27 16 50  89  7.5  9.1  2.41  9.09  6.45 112 1023.2  25.3  25.7  19.3 99.0 99.00
2016 03 27 17 50  82  8.0  9.7  2.40  9.09  6.49 101 1022.5  25.3  25.6  19.8 99.0 99.00
2016 03 27 18 50  86  8.7 10.3  2.44  9.09  6.52  97 1021.7  25.4  25.7  19.6 99.0 99.00
2016 03 27 19 50  78  8.7 10.4  2.43 10.00  6.49  97 1021.5  25.4  25.7  19.5 99.0 99.00
2016 03 27 20 50  77  8.6 10.4  2.49 10.00  6.56 108 1021.5  25.3  25.7  19.7 99.0 99.00
2016 03 27 21 50  86  8.3 10.1  2.50  9.09  6.64  98 1021.6  25.0  25.7  19.8 99.0 99.00
2016 03 27 22 50  77  8.7 10.2  2.49  9.09  6.41  93 1021.8  24.9  25.6  20.0 99.0 99.00
2016 03 27 23 50  85  8.8 10.6  2.31  9.09  6.12 113 1022.1  24.9  25.6  20.1 99.0 99.00
2016 03 28 00 50  77  8.6 10.1  2.36  8.33  6.33 103 1022.7  24.9  25.6  19.8 99.0 99.00
2016 03 28 01 50  78  8.8 10.5  2.42  9.09  6.38  95 1022.7  25.0  25.6  20.2 99.0 99.00
2016 03 28 02 50  80  8.5 10.0  2.28 10.00  6.14 105 1022.7  25.0  25.6  19.5 99.0 99.00
2016 03 28 03 50  92  8.0 10.2  2.36  9.09  6.39 100 1022.4  24.6  25.6  19.5 99.0 99.00
2016 03 28 04 50  86  8.4 10.2  2.26  9.09  6.36 110 1021.6  24.9  25.6  20.0 99.0 99.00
2016 03 28 05 50  86  9.1 10.5  2.21 10.00  6.40  97 1021.0  24.8  25.6  19.4 99.0 99.00
2016 03 28 06 50  89  8.3 10.0  2.31  9.09  6.30 102 1020.5  24.7  25.6  19.8 99.0 99.00
2016 03 28 07 50  89  9.0 10.8  2.14  9.09  6.04  88 1020.1  24.7  25.6  19.8 99.0 99.00
2016 03 28 08 50  88  9.0 10.9  2.19  9.09  6.04  97 1020.3  24.9  25.6  19.7 99.0 99.00
2016 03 28 09 50  94  9.8 11.2  2.04 10.00  5.92  97 1020.5  24.8  25.6  19.5 99.0 99.00
2016 03 28 10 50  98  8.6 10.4  2.25 10.00  6.10  90 1021.2  25.1  25.6  19.5 99.0 99.00
2016 03 28 11 50  98  8.9 10.4  2.11  9.09  5.86  93 1022.0  25.3  25.6  18.9 99.0 99.00
2016 03 28 12 50  99  8.7  9.9  2.07 10.00  5.93 103 1022.5  25.2  25.6  19.5 99.0 99.00
2016 03 28 13 50  89  8.0  9.3  2.26  9.09  6.18 100 1022.6  25.2  25.7  19.5 99.0 99.00
2016 03 28 14 50  94  8.8 11.1  2.17  9.09  6.03  94 1022.5  25.3  25.7  19.3 99.0 99.00
2016 03 28 15 50  93  8.3 10.0  2.18  9.09  5.95  90 1022.2  25.4  25.7  19.1 99.0 99.00
2016 03 28 16 50  99  8.4 10.0  2.04  9.09  6.03  99 1021.2  25.2  25.8  19.5 99.0 99.00
2016 03 28 17 50  94  8.4 10.0  2.21  9.09  6.09  95 1020.7  25.3  25.8  19.0 99.0 99.00
2016 03 28 18 50  88  7.9  9.6  2.19  9.09  6.08 101 1020.3  25.3  25.8  19.9 99.0 99.00
2016 03 28 19 50  91  7.8  9.3  2.06 10.00  6.04  94 1019.8  25.4  25.8  19.9 99.0 99.00
2016 03 28 20 50  95  8.7  9.9  2.44 10.00  6.55 107 1020.0  25.3  25.7  19.5 99.0 99.00
2016 03 28 21 50  85  7.5  8.8  2.13 10.00  6.10 100 1020.2  25.1  25.7  19.7 99.0 99.00
2016 03 28 22 50  78  8.4 10.6  2.21  9.09  6.26  88 1020.3  25.0  25.7  20.0 99.0 99.00
2016 03 28 23 50  91  8.4 10.2  1.92 10.00  5.90  95 1020.9  25.0  25.7  19.8 99.0 99.00
2016 03 29 00 50  89  8.6 10.4  2.11  9.09  6.02  85 1021.5  25.0  25.7  19.4 99.0 99.00
2016 03 29 01 50  86  8.3  9.9  2.06  9.09  6.00  95 1022.0  25.0  25.7  19.6 99.0 99.00
2016 03 29 02 50  97  7.7  9.1  2.07 10.00  5.98  86 1021.7  24.9  25.7  19.6 99.0 99.00
2016 03 29 03 50  98  8.0  9.7  2.03  9.09  5.99  95 1021.4  24.8  25.7  19.7 99.0 99.00
2016 03 29 04 50  93  7.6  9.1  2.03  9.09  6.15 101 1021.2  24.8  25.7  19.6 99.0 99.00
2016 03 29 05 50  96  8.1  9.7  1.97  9.09  6.04 101 1020.1  24.7  25.6  19.5 99.0 99.00
2016 03 29 06 50  97  7.9  9.6  2.00  9.09  6.01 101 1019.9  24.6  25.6  18.5 99.0 99.00
2016 03 29 07 50  98  7.5  9.3  2.02  9.09  6.02  92 1019.8  24.6  25.6  19.0 99.0 99.00
2016 03 29 08 50 103  7.9  9.7  2.00  9.09  6.16 101 1019.8  24.6  25.6  19.6 99.0 99.00
2016 03 29 09 50  93  8.4  9.8  1.96  9.09  5.89  84 1020.2  24.6  25.6  18.9 99.0 99.00
2016 03 29 10 50  90  9.6 11.9  1.97  9.09  5.91  98 1020.3  24.8  25.6  19.4 99.0 99.00
2016 03 29 11 50 103  9.3 10.8  2.04  9.09  5.90  94 1021.0  25.0  25.6  18.2 99.0 99.00
2016 03 29 12 50  96  9.0 10.5  1.93  9.09  5.79  85 1021.6  25.1  25.6  17.6 99.0 99.00
2016 03 29 13 50  99  8.4  9.6  1.92  9.09  5.73  96 1021.9  25.1  25.7  17.6 99.0 99.00
2016 03 29 14 50  98  7.7  9.2  1.88  8.33  5.73  90 1021.8  25.0  25.7  18.3 99.0 99.00
2016 03 29 15 50  94  7.2  8.8  1.92  9.09  5.90  87 1021.3  25.0  25.7  18.8 99.0 99.00
2016 03 29 16 50 100  7.4  8.9  2.02  9.09  6.14  84 1020.6  25.1  25.8  18.9 99.0 99.00
2016 03 29 17 50 103  7.5  8.8  1.88 10.00  5.85  93 1019.9  25.1  25.8  18.7 99.0 99.00
2016 03 29 18 50 111  7.1  8.3  1.77 10.00  5.79  94 1019.3  25.3  25.8  18.7 99.0 99.00
2016 03 29 19 50 105  6.9  8.0  1.98  9.09  6.12  92 1019.2  25.4  25.8  18.2 99.0 99.00
2016 03 29 20 50 109  6.7  8.1  1.76  9.09  5.88 109 1019.3  25.4  25.8  18.6 99.0 99.00
2016 03 29 21 50 112  7.1  8.3  1.85  9.09  5.98 103 1019.3  25.2  25.8  19.3 99.0 99.00
2016 03 29 22 50 116  7.7  9.1  1.92  8.33  6.25  98 1019.7  25.1  25.8  19.7 99.0 99.00
2016 03 29 23 50 110  7.0  8.7  1.80  9.09  6.03 103 1020.7  25.1  25.8  19.5 99.0 99.00
2016 03 30 00 50  99  7.5  8.7  1.75  8.33  5.78  97 1021.1  25.0  25.8  19.1 99.0 99.00
2016 03 30 01 50 102  7.3  9.0  1.69  7.69  5.90 108 1021.2  25.0  25.8  18.8 99.0 99.00
2016 03 30 02 50  96  7.1  9.3  1.67  9.09  5.81  92 1021.2  24.9  25.8  18.6 99.0 99.00
2016 03 30 03 50 104  7.1  8.8  1.74  9.09  6.01  86 1021.0  24.8  25.8  18.3 99.0 99.00
2016 03 30 04 50 102  7.8  8.8  1.66  7.69  5.97 117 1020.0  24.7  25.8  18.5 99.0 99.00
2016 03 30 05 50 103  7.8  9.6  1.68  9.09  5.80 104 1019.6  24.6  25.8  18.0 99.0 99.00
2016 03 30 06 50 109  6.9  8.6  1.69  9.09  5.71  90 1019.4  24.5  25.8  17.8 99.0 99.00
2016 03 30 07 50  93  6.7  8.2  1.79  9.09  6.18  90 1019.4  24.5  25.8  18.1 99.0 99.00
2016 03 30 08 50 108  6.5  7.7  1.67  7.69  5.82 104 1019.3  24.5  25.8  17.8 99.0 99.00
2016 03 30 09 50 100  7.1  9.2  1.71  9.09  5.89  98 1019.7  24.6  25.8  18.1 99.0 99.00
2016 03 30 10 50 109  7.3  9.1  1.56  8.33  5.64  92 1020.2  24.9  25.8  17.7 99.0 99.00
2016 03 30 11 50 106  5.9  7.7  1.52  9.09  5.65 104 1021.0  25.0  25.8  17.7 99.0 99.00
2016 03 30 12 50 107  6.1  7.5  1.56  9.09  5.68 102 1021.4  25.0  25.8  18.1 99.0 99.00
2016 03 30 13 50 105  6.3  7.4  1.56  9.09  5.99 114 1021.7  24.9  25.8  18.4 99.0 99.00
2016 03 30 14 50 107  6.1  7.1  1.41  9.09  5.53  92 1021.7  25.1  25.9  18.5 99.0 99.00
2016 03 30 15 50 114  5.8  6.9  1.35  8.33  5.72 107 1021.4  25.2  26.0  18.5 99.0 99.00
2016 03 30 16 50 106  5.4  6.7  1.49  9.09  5.78 101 1020.9  25.2  26.0  18.8 99.0 99.00
2016 03 30 17 50 100  5.0  6.1  1.42  8.33  5.73  97 1020.2  25.1  26.1  19.3 99.0 99.00
2016 03 30 18 50  94  5.2  6.1  1.33  9.09  5.68  98 1020.0  25.4  26.1  19.4 99.0 99.00
2016 03 30 19 50  83  5.2  6.4  1.38  9.09  5.88 110 1020.1  25.5  26.0  19.3 99.0 99.00
2016 03 30 20 50  78  5.3  6.2  1.32  8.33  5.79  87 1020.5  25.5  26.0  19.1 99.0 99.00
2016 03 30 21 50  69  5.6  6.7  1.36  7.69  6.01 120 1020.9  25.2  26.0  19.7 99.0 99.00
2016 03 30 22 50  64  6.0  7.0  1.28  8.33  5.61 103 1021.2  25.1  26.0  19.6 99.0 99.00
2016 03 30 23 50  78  6.0  7.2  1.35  6.67  5.71 130 1021.7  25.2  25.9  19.6 99.0 99.00
2016 03 31 00 50  70  6.3  7.3  1.35  8.33  5.73 112 1022.0  25.1  25.9  19.6 99.0 99.00
2016 03 31 01 50  81  6.7  8.4  1.26  8.33  5.60 117 1022.1  25.1  25.9  19.7 99.0 99.00
2016 03 31 02 50  83  7.6  9.0  1.39  9.09  5.83 100 1022.1  25.0  25.9  19.9 99.0 99.00
2016 03 31 03 50  97  7.8  9.1  1.36  9.09  5.31  93 1022.0  25.0  25.9  20.1 99.0 99.00
2016 03 31 04 50 103  9.0 11.0  1.54  9.09  5.36  97 1021.6  24.5  25.8  19.7 99.0 99.00
2016 03 31 05 50 142  7.4  8.8  1.49  8.33  5.14 109 1021.4  23.8  25.8  19.4 99.0 99.00
2016 03 31 06 50  91  7.8  9.2  1.55  8.33  5.58  98 1020.7  24.9  25.8  19.5 99.0 99.00
2016 03 31 07 50 101  7.8  9.2  1.53  7.14  5.30 108 1020.6  24.6  25.8  19.2 99.0 99.00
2016 03 31 08 50 101 10.5 12.2  1.59  7.14  5.17  98 1020.5  24.1  25.8  19.2 99.0 99.00
2016 03 31 09 50 120 11.8 14.1  1.84  8.33  5.09  85 1021.3  22.9  25.8  17.6 99.0 99.00
2016 03 31 10 50 127  1.5  3.5  1.67  8.33  5.42 116 1022.2  23.2  25.8  16.9 99.0 99.00
2016 03 31 11 50  79  6.1  7.3  1.51  7.14  5.41 118 1022.3  24.6  25.8  19.0 99.0 99.00
2016 03 31 12 50 105  7.8  9.4  1.42  7.69  5.49 114 1022.5  25.3  25.8  19.2 99.0 99.00
2016 03 31 13 50 105  8.6 10.2  1.67  7.14  5.36 107 1022.4  25.4  25.8  18.6 99.0 99.00
2016 03 31 14 50  95  8.4 10.1  1.71  7.69  5.26 112 1022.5  25.3  25.8  19.4 99.0 99.00
2016 03 31 15 50 100  8.6 10.4  1.77  7.69  5.33 120 1022.3  25.2  25.9  19.8 99.0 99.00
2016 03 31 16 50  98  8.7 10.8  1.83  6.25  5.25 108 1021.6  25.4  25.9  19.5 99.0 99.00
2016 03 31 17 50  90  9.4 11.0  1.78  6.67  5.34 110 1020.7  25.4  25.9  19.6 99.0 99.00
2016 03 31 18 50  96  9.1 10.4  1.83  6.67  5.31 120 1020.7  25.6  25.9  18.5 99.0 99.00
2016 03 31 19 50  90  8.4  9.8  1.72  6.67  5.40 123 1020.6  25.3  25.9  19.6 99.0 99.00
2016 03 31 20 50  92  8.8 10.9  1.85  6.25  5.29  99 1020.9  25.5  25.9  19.4 99.0 99.00
2016 03 31 21 50  91  8.7 10.4  1.82  6.25  5.39 113 1021.2  25.4  25.8  18.9 99.0 99.00
2016 03 31 22 50  89  9.0 10.7  1.76  6.25  5.31 126 1021.5  25.2  25.8  19.5 99.0 99.00
