#YY  MM DD hh mm WDIR WSPD GST  WVHT   DPD   APD MWD   PRES  ATMP  WTMP  DEWP  VIS  TIDE
#yr  mo dy hr mn degT m/s  m/s     m   sec   sec deg    hPa  degC  degC  degC  nmi    ft
2015 12 31 23 50 141  4.9  5.8  1.48  8.33  5.76 129 1023.2  24.7  24.8  22.4 99.0 99.00
2016 01 01 00 50 149  5.0  6.0  1.28  8.33  5.51 119 1023.5  24.6  24.8  22.2 99.0 99.00
2016 01 01 01 50 150  4.9  5.8  1.40  8.33  5.93 119 1023.6  24.6  24.7  22.3 99.0 99.00
2016 01 01 02 50 147  5.0  6.1  1.34  7.69  5.85 126 1023.5  24.5  24.7  22.3 99.0 99.00
2016 01 01 03 50 151  4.2  5.2  1.32  7.69  5.81 127 1023.3  24.5  24.7  22.4 99.0 99.00
2016 01 01 04 50 155  4.6  5.7  1.39  8.33  5.98 119 1022.7  24.6  24.7  22.2 99.0 99.00
2016 01 01 05 50 152  4.9  5.7  1.38  7.14  5.96 131 1022.1  24.6  24.7  22.1 99.0 99.00
2016 01 01 06 50 158  5.3  6.2  1.21  7.69  5.74 131 1021.5  24.5  24.7  22.0 99.0 99.00
2016 01 01 07 50 161  6.4  7.7  1.22  7.14  5.70 131 1020.8  24.5  24.7  22.0 99.0 99.00
2016 01 01 08 50 168  5.1  6.1  1.24  7.69  5.64 133 1021.1  24.5  24.7  21.8 99.0 99.00
2016 01 01 09 50 166  6.9  7.9  1.25  7.69  5.61 129 1020.8  24.5  24.7  21.7 99.0 99.00
2016 01 01 10 50 173  4.8  6.4  1.23  7.69  5.35 120 1021.4  24.5  24.7  21.8 99.0 99.00
2016 01 01 11 50 172  4.0  4.9  1.24  7.69  5.73 122 1021.8  24.5  24.7  21.4 99.0 99.00
2016 01 01 12 50 172  5.0  6.1  1.20  8.33  5.70 130 1022.0  24.8  24.7  21.2 99.0 99.00
2016 01 01 13 50 178  4.8  5.5  1.20  7.14  5.57 126 1022.5  24.9  24.7  21.4 99.0 99.00
2016 01 01 14 50 181  4.5  5.3  1.22  8.33  5.63 135 1022.6  24.9  24.8  21.4 99.0 99.00
2016 01 01 15 50 181  4.5  5.2  1.29  8.33  5.78 119 1022.0  24.9  24.8  21.4 99.0 99.00
2016 01 01 16 50 176  5.2  5.9  1.24  7.69  5.81 131 1021.0  24.9  24.9  21.6 99.0 99.00
2016 01 01 17 50 186  4.4  5.6  1.22  9.09  5.96 138 1020.3  25.0  25.0  21.6 99.0 99.00
2016 01 01 18 50 187  4.1  4.6  1.30  8.33  6.03 132 1019.7  25.0  25.0  21.6 99.0 99.00
2016 01 01 19 50 179  3.7  4.4  1.31  7.69  6.03 129 1019.5  25.0  25.1  21.6 99.0 99.00
2016 01 01 20 50 182  4.1  4.8  1.34  8.33  6.05 144 1019.4  24.9  25.0  21.7 99.0 99.00
2016 01 01 21 50 195  2.9  3.4  1.39  7.69  6.00 127 1019.6  24.8  25.0  22.0 99.0 99.00
2016 01 01 22 50 198  2.9  3.8  1.37  9.09  6.15 144 1020.1  24.7  24.9  22.1 99.0 99.00
2016 01 01 23 50 201  3.8  4.6  1.34  9.09  6.23 132 1020.3  24.7  24.9  22.1 99.0 99.00
2016 01 02 00 50 207  3.6  4.6  1.30  7.69  6.24 132 1020.6  24.7  24.9  22.1 99.0 99.00
2016 01 02 01 50 202  3.7  4.3  1.30  7.69  6.17 123 1020.6  24.7  24.9  22.1 99.0 99.00
2016 01 02 02 50 198  4.8  6.2  1.40  8.33  6.42 128 1020.2  24.6  24.9  22.4 99.0 99.00
2016 01 02 03 50 203  4.8  5.6  1.41  9.09  6.41 115 1019.9  24.6  24.8  22.4 99.0 99.00
2016 01 02 04 50 210  4.6  5.5  1.31  9.09  6.47 126 1019.4  24.6  24.8  22.3 99.0 99.00
2016 01 02 05 50 212  5.1  5.8  1.38  8.33  6.52 127 1018.9  24.6  24.8  22.3 99.0 99.00
2016 01 02 06 50 216  5.3  6.1  1.47  8.33  6.65 126 1018.3  24.5  24.8  22.1 99.0 99.00
2016 01 02 07 50 231  4.4  5.3  1.37  9.09  6.46 119 1018.0  24.5  24.8  22.2 99.0 99.00
2016 01 02 08 50 231  4.8  5.6  1.44  9.09  6.56 130 1017.7  24.5  24.8  22.2 99.0 99.00
2016 01 02 09 50 228  5.1  6.1  1.41  9.09  6.48 124 1017.7  24.6  24.8  22.3 99.0 99.00
2016 01 02 10 50 225  5.2  5.9  1.31 10.00  6.26 117 1017.9  24.6  24.7  22.3 99.0 99.00
2016 01 02 11 50 210  5.8  7.2  1.52  9.09  6.72 123 1018.1  24.6  24.7  22.3 99.0 99.00
2016 01 02 12 50 217  6.1  7.2  1.46 10.00  6.44 116 1018.7  24.8  24.7  22.2 99.0 99.00
2016 01 02 13 50 211  5.8  7.0  1.45  9.09  6.32 123 1018.8  24.8  24.8  22.2 99.0 99.00
2016 01 02 14 50 215  5.7  6.8  1.44 10.00  6.12 119 1019.2  24.9  24.8  22.2 99.0 99.00
2016 01 02 15 50 223  5.9  7.0  1.45 10.00  6.22 117 1018.9  25.1  24.8  21.9 99.0 99.00
2016 01 02 16 50 220  7.1  8.1  1.47  9.09  6.30 129 1017.7  25.0  24.9  21.8 99.0 99.00
2016 01 02 17 50 226  6.8  8.0  1.44 10.00  5.88 129 1017.1  25.1  24.9  21.9 99.0 99.00
2016 01 02 18 50 223  7.5  8.7  1.52  9.09  5.92 116 1016.4  25.1  24.9  21.7 99.0 99.00
2016 01 02 19 50 227  7.3  8.5  1.56  8.33  5.78 124 1016.2  25.1  24.9  21.7 99.0 99.00
2016 01 02 20 50 223  7.2  8.6  1.53  9.09  5.58 123 1016.1  25.1  24.9  21.5 99.0 99.00
2016 01 02 21 50 224  7.0  8.3  1.45  9.09  5.48 117 1016.5  25.0  24.9  21.7 99.0 99.00
2016 01 02 22 50 228  6.2  7.5  1.34 10.00  5.47 124 1016.8  25.0  24.9  21.9 99.0 99.00
2016 01 02 23 50 227  5.8  6.9  1.43  8.33  5.58 123 1017.1  25.0  24.8  22.1 99.0 99.00
2016 01 03 00 50 231  5.7  6.8  1.46  9.09  5.81 117 1017.7  25.0  24.8  22.2 99.0 99.00
2016 01 03 01 50 243  5.5  6.9  1.34  8.33  5.59 111 1017.9  25.0  24.8  22.1 99.0 99.00
2016 01 03 02 50 248  4.7  5.5  1.36  9.09  5.80 119 1018.0  24.9  24.8  21.7 99.0 99.00
2016 01 03 03 50 278  1.5  2.6  1.44  9.09  6.01 133 1017.6  24.1  24.8  21.7 99.0 99.00
2016 01 03 04 50 216  5.0  5.7  1.37  9.09  5.85 103 1016.9  24.8  24.8  21.7 99.0 99.00
2016 01 03 05 50 205  5.6  6.2  1.35  8.33  5.60 108 1016.4  24.6  24.8  21.8 99.0 99.00
2016 01 03 06 50 202  5.3  6.2  1.38  8.33  5.75 122 1016.1  24.6  24.8  21.5 99.0 99.00
2016 01 03 07 50 196  5.2  6.4  1.33  7.69  5.86  31 1015.7  24.5  24.8  21.7 99.0 99.00
2016 01 03 08 50 193  4.7  6.3  1.36  7.14  5.86   5 1015.6  24.4  24.8  21.7 99.0 99.00
2016 01 03 09 50 187  6.3  7.4  1.39  9.09  5.94 117 1015.3  24.5  24.7  21.9 99.0 99.00
2016 01 03 10 50 188  7.3  8.5  1.32  9.09  5.67 110 1015.6  24.5  24.7  21.9 99.0 99.00
2016 01 03 11 50 193  6.7  8.0  1.45  8.33  5.75 120 1016.1  24.5  24.7  21.8 99.0 99.00
2016 01 03 12 50 185  7.4  8.6  1.34  9.09  5.51 118 1016.6  24.9  24.7  21.8 99.0 99.00
2016 01 03 13 50 189  7.1  8.8  1.52  9.09  5.72 106 1017.2  25.0  24.8  21.6 99.0 99.00
2016 01 03 14 50 192  6.9  8.0  1.38  9.09  5.58 104 1017.3  25.1  24.8  21.7 99.0 99.00
2016 01 03 15 50 187  8.4 10.2  1.42  6.25  5.36 157 1016.7  25.0  24.8  22.0 99.0 99.00
2016 01 03 16 50 194  7.7  9.2  1.51  8.33  5.34  91 1015.8  25.1  24.9  22.1 99.0 99.00
2016 01 03 17 50 196  7.6  9.0  1.41  9.09  5.11 134 1014.8  25.0  24.9  22.1 99.0 99.00
2016 01 03 18 50 196  8.4  9.8  1.44  9.09  5.34 115 1014.2  25.1  24.9  22.0 99.0 99.00
2016 01 03 19 50 197  7.8  9.0  1.44 10.00  5.09 114 1013.9  25.1  24.9  21.7 99.0 99.00
2016 01 03 20 50 207  7.9  8.9  1.48  9.09  5.05 118 1013.9  25.2  24.9  21.1 99.0 99.00
2016 01 03 21 50 200  7.2  8.6  1.47 10.00  5.26  97 1014.0  24.9  24.9  21.9 99.0 99.00
2016 01 03 22 50 199  6.8  8.1  1.46  9.09  5.34 111 1014.2  24.9  24.8  21.9 99.0 99.00
2016 01 03 23 50 198  7.3  8.6  1.34  9.09  4.99 112 1014.3  24.9  24.8  22.0 99.0 99.00
2016 01 04 00 50 192  7.3  8.8  1.36  9.09  5.26 115 1014.7  24.9  24.8  22.2 99.0 99.00
2016 01 04 01 50 191  7.2  8.5  1.46  9.09  5.36  91 1014.7  24.9  24.8  22.3 99.0 99.00
2016 01 04 02 50 189  7.9  9.2  1.45  9.09  5.42 103 1014.2  24.9  24.8  22.5 99.0 99.00
2016 01 04 03 50 198  8.0  9.3  1.47 10.00  5.25 115 1013.8  24.9  24.8  22.3 99.0 99.00
2016 01 04 04 50 191  8.7 10.7  1.46  9.09  5.34  87 1013.0  24.9  24.8  22.4 99.0 99.00
2016 01 04 05 50 210 13.3 17.4  1.52  9.09  5.25  95 1012.1  23.6  24.8  20.9 99.0 99.00
2016 01 04 06 50 203 11.4 14.2  1.72  5.00  5.16 187 1011.8  23.7  24.8  20.5 99.0 99.00
2016 01 04 07 50 196 10.0 11.9  1.83  5.00  5.10 186 1011.1  24.4  24.8  20.1 99.0 99.00
2016 01 04 08 50 201 10.3 12.4  1.79 10.00  5.64 108 1010.9  25.1  24.8  20.9 99.0 99.00
2016 01 04 09 50 201  9.5 11.4  1.93  5.56  5.49 185 1010.7  25.0  24.8  21.8 99.0 99.00
2016 01 04 10 50 198  9.2 11.0  2.00  5.56  5.50 183 1010.8  25.1  24.8  21.8 99.0 99.00
2016 01 04 11 50 215  9.0 11.1  2.02  6.25  5.49 196 1011.2  24.3  24.8  20.3 99.0 99.00
2016 01 04 12 50 241  8.8 11.1  2.04  5.88  5.50 199 1011.9  25.3  24.8  17.8 99.0 99.00
2016 01 04 13 50 206 10.0 12.3  2.06  6.67  5.41 183 1012.2  25.0  24.8  20.8 99.0 99.00
2016 01 04 14 50 209  8.4 10.3  2.03  6.67  5.55 188 1012.5  25.3  24.8  21.7 99.0 99.00
2016 01 04 15 50 221  9.5 11.6  1.97  6.67  5.65 167 1012.0  25.6  24.8  21.9 99.0 99.00
2016 01 04 16 50 215  9.3 12.1  2.32  7.14  5.78 164 1011.0  25.5  24.8  22.1 99.0 99.00
2016 01 04 17 50 223  9.3 10.9  2.28  7.14  5.75 169 1010.3  25.4  24.9  21.9 99.0 99.00
2016 01 04 18 50 224  8.9 10.9  2.15  6.67  5.55 195 1009.9  25.4  24.9  22.1 99.0 99.00
2016 01 04 19 50 275 14.0 16.9  2.15  6.67  5.66 196 1010.0  21.7  24.8  20.0 99.0 99.00
2016 01 04 20 50 257  7.2  8.7  2.34  6.67  5.60 221 1010.3  23.0  24.8  19.8 99.0 99.00
2016 01 04 21 50 242  9.0 10.4  2.12  6.67  5.57 223 1010.9  23.9  24.8  20.0 99.0 99.00
2016 01 04 22 50 256  8.3  9.8  2.33  6.67  5.68 196 1011.5  24.2  24.8  20.3 99.0 99.00
2016 01 04 23 50 278  6.9  9.4  2.11  6.67  5.59 216 1012.0  24.2  24.8  20.2 99.0 99.00
2016 01 05 00 50 266  6.4  8.1  2.33  7.14  5.80 201 1012.9  22.7  24.8  20.0 99.0 99.00
2016 01 05 01 50 304  5.9  7.4  1.99  7.14  5.76 216 1013.5  23.3  24.8  20.2 99.0 99.00
2016 01 05 02 50 321  5.1  6.3  2.02  6.67  5.63 211 1014.2  21.0  24.8  18.7 99.0 99.00
2016 01 05 03 50 283  2.7  3.9  2.03  7.14  5.94 215 1014.4  22.7  24.8  19.6 99.0 99.00
2016 01 05 04 50 326  7.8  8.9  1.88  7.14  5.95 199 1014.1  23.3  24.8  18.7 99.0 99.00
2016 01 05 05 50 342  7.7  9.3  1.96  7.14  5.82 210 1014.0  23.1  24.9  18.5 99.0 99.00
2016 01 05 06 50 334  5.7  7.2  1.82  7.14  5.92 220 1014.5  22.8  24.9  18.3 99.0 99.00
2016 01 05 07 50 346  9.0 11.0  1.82  7.14  5.64 202 1014.4  22.3  24.9  19.2 99.0 99.00
2016 01 05 08 50 353  7.8  9.8  1.72  6.25  5.42 245 1015.1  22.5  24.9  17.8 99.0 99.00
2016 01 05 09 50 343  7.1  9.3  1.76  6.67  5.51 230 1015.5  23.0  24.9  15.9 99.0 99.00
2016 01 05 10 50 356  8.5 10.5  1.62  6.67  5.33 205 1016.6  22.6  24.8  16.8 99.0 99.00
2016 01 05 11 50  10  8.5 10.2  1.86  6.25  5.32 217 1017.3  22.5  24.8  16.3 99.0 99.00
2016 01 05 12 50   3  9.4 11.7  1.78  7.14  5.23 191 1018.6  22.3  24.8  15.3 99.0 99.00
2016 01 05 13 50  13  8.0 10.2  1.88  6.67  5.29 181 1019.5  22.2  24.8  15.9 99.0 99.00
2016 01 05 14 50   8 10.3 12.1  2.08  6.67  5.54 285 1020.1  21.7  24.8  16.1 99.0 99.00
2016 01 05 15 50   4 10.2 12.0  2.30  7.14  5.83 328 1020.5  21.3  24.8  15.7 99.0 99.00
2016 01 05 16 50  21 10.5 12.7  2.29  7.14  5.82 319 1019.5  21.1  24.7  15.7 99.0 99.00
2016 01 05 17 50   8 10.9 13.1  2.48  7.14  5.92 319 1019.3  20.6  24.7  15.1 99.0 99.00
2016 01 05 18 50   9 10.6 12.9  2.53  7.69  6.03 332 1019.3  20.4  24.7  14.9 99.0 99.00
2016 01 05 19 50  14 10.2 12.1  2.53  7.69  5.99 344 1019.7  20.0  24.7  14.4 99.0 99.00
2016 01 05 20 50  14 11.1 14.2  2.96  8.33  6.44 348 1019.9  19.9  24.7  14.3 99.0 99.00
2016 01 05 21 50  18 10.7 13.0  3.28  9.09  6.88 345 1020.7  19.7  24.7  13.8 99.0 99.00
2016 01 05 22 50  26 10.6 12.9  3.49  9.09  7.18 346 1021.2  19.6  24.6  13.1 99.0 99.00
2016 01 05 23 50  36 10.7 13.8  3.31 10.81  7.23 339 1021.2  20.0  24.6  13.6 99.0 99.00
2016 01 06 00 50  34 10.5 13.5  3.17 11.43  6.97 340 1021.9  20.2  24.6  14.0 99.0 99.00
2016 01 06 01 50  42 10.7 13.1  3.57 10.00  7.27 335 1021.8  20.7  24.6  14.7 99.0 99.00
2016 01 06 02 50  52 11.2 13.1  3.30 10.00  6.93 337 1021.6  20.8  24.6  14.6 99.0 99.00
2016 01 06 03 50  54  9.7 11.3  3.11 10.81  6.94 344 1021.8  20.9  24.6  14.3 99.0 99.00
2016 01 06 04 50  63 10.0 12.1  3.03 10.00  6.73 356 1021.5  21.1  24.6  14.9 99.0 99.00
2016 01 06 05 50  53 10.7 12.5  2.86  9.09  6.70 345 1021.0  21.0  24.6  14.8 99.0 99.00
2016 01 06 06 50  58 10.4 12.8  2.87 10.00  6.60 357 1021.0  21.0  24.6  14.7 99.0 99.00
2016 01 06 07 50  62  9.6 11.4  3.03 11.43  6.95 348 1021.1  21.2  24.6  14.5 99.0 99.00
2016 01 06 08 50  55 10.2 12.4  3.15 12.12  7.13 348 1021.2  20.4  24.5  14.7 99.0 99.00
2016 01 06 09 50  52 10.8 12.8  3.29 12.12  7.30 352 1020.7  20.2  24.5  15.6 99.0 99.00
2016 01 06 10 50  68 10.3 12.9  3.33 12.12  7.38 346 1021.3  19.9  24.5  16.1 99.0 99.00
2016 01 06 11 50  90 10.6 12.8  3.38 12.12  7.41 347 1021.5  19.2  24.5  17.4 99.0 99.00
2016 01 06 13 50  88 11.8 14.0  3.17 14.81  7.37 353 1021.3  20.4  24.5  16.4 99.0 99.00
2016 01 06 14 50  85 11.4 13.3  3.35 14.81  7.04 353 1021.5  21.0  24.5  16.9 99.0 99.00
2016 01 06 15 50  84 12.6 15.6  3.48 14.81  7.33 340 1020.6  20.9  24.5  18.0 99.0 99.00
2016 01 06 16 50  74 11.7 14.0  3.48 13.79  7.31 356 1019.7  20.8  24.5  17.5 99.0 99.00
2016 01 06 17 50  79 11.6 14.2  3.54 14.81  7.54 350 1018.3  20.6  24.5  18.1 99.0 99.00
2016 01 06 18 50  78 11.2 13.9  3.65 13.79  7.54   1 1017.5  20.9  24.5  19.1 99.0 99.00
2016 01 06 19 50  82 11.7 14.3  4.11 14.81  7.84 357 1016.8  21.4  24.5  19.3 99.0 99.00
2016 01 06 20 50  93 14.3 17.8  4.17 13.79  7.90   5 1015.6  22.1  24.5  19.9 99.0 99.00
2016 01 06 21 50  88 14.8 17.3  4.53 13.79  7.90 346 1014.4  22.2  24.5  19.9 99.0 99.00
2016 01 06 22 50  97 13.3 16.0  4.68 14.81  8.21 352 1014.4  22.4  24.5  19.8 99.0 99.00
2016 01 06 23 50 101 14.3 16.3  5.05 13.79  8.46 351 1014.2  22.9  24.5  20.2 99.0 99.00
2016 01 07 00 50 105 13.4 16.3  4.68 14.81  7.79 355 1014.5  22.6  24.5  20.2 99.0 99.00
2016 01 07 01 50  99 12.8 15.9  5.13 14.81  8.55   1 1014.7  22.3  24.5  19.8 99.0 99.00
2016 01 07 02 50 104 12.9 15.7  5.09 13.79  8.54   9 1013.8  22.7  24.5  20.5 99.0 99.00
2016 01 07 03 50 123 12.6 15.0  4.93 13.79  8.44   7 1013.3  23.3  24.5  20.9 99.0 99.00
2016 01 07 04 50 134 10.2 13.1  4.89 13.79  8.50   5 1012.8  23.1  24.5  20.6 99.0 99.00
2016 01 07 05 50 169 11.7 14.1  4.75 13.79  8.21  12 1012.2  22.1  24.5  20.1 99.0 99.00
2016 01 07 06 50 149  9.1 11.6  4.55 13.79  8.25  21 1011.0  22.5  24.5  20.7 99.0 99.00
2016 01 07 07 50 150  8.5 11.4  4.68 12.90  8.68  25 1009.6  22.6  24.5  20.7 99.0 99.00
2016 01 07 08 50 158 10.4 13.2  3.99 12.90  7.95  22 1008.1  24.4  24.5  21.6 99.0 99.00
2016 01 07 09 50 182 13.9 17.8  3.97 12.90  8.06  27 1007.1  25.3  24.5  22.0 99.0 99.00
2016 01 07 10 50 192 13.4 17.2  3.96 12.90  7.56  22 1007.4  25.3  24.5  22.2 99.0 99.00
2016 01 07 11 50 209 14.5 18.0  3.96 12.90  7.34  14 1008.1  25.2  24.5  21.9 99.0 99.00
2016 01 07 12 50 221 14.3 18.2  4.49 12.90  7.48  29 1008.8  25.1  24.5  21.1 99.0 99.00
2016 01 07 13 50 231 13.6 17.3  4.20  9.09  7.30 127 1009.4  24.9  24.5  20.1 99.0 99.00
2016 01 07 14 50 243 15.0 18.5  4.53  8.33  7.30 172 1009.5  25.0  24.6  19.5 99.0 99.00
2016 01 07 15 50 245 13.0 16.1  4.46  8.33  7.31 207 1010.0  24.0  24.6  19.7 99.0 99.00
2016 01 07 16 50 247 13.2 16.6  4.56  9.09  7.36 191 1009.2  24.3  24.6  18.9 99.0 99.00
2016 01 07 17 50 249 14.6 17.5  3.69  7.69  6.87 219 1008.5  23.9  24.6  18.8 99.0 99.00
2016 01 07 18 50 262 12.1 15.6  3.92  8.33  7.08 216 1008.4  23.9  24.6  18.5 99.0 99.00
2016 01 07 19 50 259 12.1 14.8  3.81  8.33  7.02 204 1008.2  24.1  24.5  17.8 99.0 99.00
2016 01 07 20 50 268 12.1 14.8  5.03  8.33  7.87 259 1008.7  24.0  24.5  18.0 99.0 99.00
2016 01 07 21 50 272 11.8 14.1  4.37 10.00  7.44 310 1009.0  23.7  24.5  18.3 99.0 99.00
2016 01 07 22 50 257  8.6 10.4  4.69 10.00  7.65 311 1010.1  22.6  24.5  19.6 99.0 99.00
2016 01 07 23 50 275 10.6 12.9  3.86 10.81  7.45 315 1010.4  23.4  24.4  18.5 99.0 99.00
2016 01 08 00 50 278  9.8 11.7  3.78  9.09  7.15 321 1011.3  23.4  24.4  18.2 99.0 99.00
2016 01 08 01 50 286  8.9 10.8  3.41  9.09  6.87 347 1011.7  23.2  24.4  17.6 99.0 99.00
2016 01 08 02 50 282  8.2  9.6  3.17 10.00  7.01 342 1012.0  23.2  24.3  17.5 99.0 99.00
2016 01 08 03 50 281  8.3 10.1  3.00  9.09  6.79 340 1011.9  23.2  24.3  17.3 99.0 99.00
2016 01 08 04 50 274  8.8 10.6  3.24 10.00  6.94 338 1011.6  23.3  24.3  17.6 99.0 99.00
2016 01 08 05 50 275  8.2  9.6  3.27 10.00  7.05 339 1011.6  23.3  24.2  18.0 99.0 99.00
2016 01 08 06 50 285  9.0 11.0  3.22 10.00  7.05 335 1011.4  22.9  24.2  18.2 99.0 99.00
2016 01 08 07 50 295 10.0 12.4  2.97 10.81  7.01 347 1011.4  23.1  24.2  18.0 99.0 99.00
2016 01 08 08 50 292  8.3 10.0  2.93 10.00  6.87 343 1011.5  22.9  24.2  17.5 99.0 99.00
2016 01 08 09 50 293  7.7  9.8  2.74  9.09  6.95 354 1011.8  22.9  24.2  17.6 99.0 99.00
2016 01 08 10 50 301  6.4  7.7  2.54 10.81  6.74 358 1012.7  22.7  24.2  17.4 99.0 99.00
2016 01 08 11 50 297  6.3  7.4  2.29 11.43  6.52  12 1013.0  22.7  24.2  16.8 99.0 99.00
2016 01 08 12 50 305  7.4  9.0  2.27 10.00  6.46  14 1013.8  22.8  24.2  16.7 99.0 99.00
2016 01 08 13 50 293  6.7  8.2  2.43  9.09  6.72  11 1014.2  23.0  24.2  16.6 99.0 99.00
2016 01 08 14 50 301  7.4  8.8  2.30 10.00  6.58  38 1014.6  22.9  24.2  16.7 99.0 99.00
2016 01 08 15 50 310  7.2  9.4  2.17 11.43  6.44 360 1014.5  22.7  24.3  16.6 99.0 99.00
2016 01 08 16 50 321  7.1  9.2  2.31 10.81  6.68  16 1013.9  22.6  24.3  17.5 99.0 99.00
2016 01 08 17 50 319  6.6  8.3  2.38  9.09  6.74  18 1013.0  22.7  24.3  16.7 99.0 99.00
2016 01 08 18 50 325  6.5  8.0  2.34 10.81  6.84  15 1013.0  22.4  24.3  17.3 99.0 99.00
2016 01 08 19 50 337  5.7  7.0  2.30 10.81  6.79  10 1012.9  22.4  24.2  17.3 99.0 99.00
2016 01 08 20 50 329  6.4  7.6  2.40 10.81  6.95   2 1013.2  22.7  24.2  16.8 99.0 99.00
2016 01 08 21 50 327  5.4  6.8  2.46 10.81  7.17  13 1013.6  22.5  24.2  16.7 99.0 99.00
2016 01 08 22 50 335  4.5  5.7  2.31 10.81  7.08  17 1013.8  22.4  24.2  16.5 99.0 99.00
2016 01 08 23 50 337  2.9  4.1  2.34 10.81  7.37  13 1014.4  22.3  24.2  15.8 99.0 99.00
2016 01 09 00 50 314  1.9  2.9  2.64 10.00  7.85   9 1014.7  22.3  24.2  16.1 99.0 99.00
2016 01 09 01 50 321  2.9  4.1  2.78 10.81  8.03  17 1015.1  22.3  24.1  16.3 99.0 99.00
2016 01 09 02 50 342  3.2  4.4  2.67 11.43  8.05   9 1015.3  22.3  24.1  16.6 99.0 99.00
2016 01 09 03 50 352  4.8  6.8  3.02 11.43  8.32  16 1015.0  22.3  24.0  16.4 99.0 99.00
2016 01 09 04 50   1  3.9  5.2  2.84 12.12  8.49  16 1015.1  22.0  24.0  16.7 99.0 99.00
2016 01 09 05 50 358  2.9  4.1  2.90 11.43  8.63  11 1014.9  22.0  24.0  16.4 99.0 99.00
2016 01 09 06 50 358  2.7  4.2  3.06 12.12  8.78  18 1014.6  22.1  24.0  16.0 99.0 99.00
2016 01 09 07 50  19  2.6  4.4  2.90 12.12  8.77  21 1014.3  22.0  24.0  16.1 99.0 99.00
2016 01 09 08 50  24  2.3  3.4  2.63 10.81  8.28  25 1014.3  22.0  24.0  16.0 99.0 99.00
2016 01 09 09 50 324  1.3  2.2  2.90 12.12  8.65  15 1014.4  21.9  24.0  15.9 99.0 99.00
2016 01 09 11 50 340  1.8  3.1  2.72 12.12  8.43  29 1015.1  22.0  23.9  15.9 99.0 99.00
2016 01 09 12 50  16  2.2  3.6  2.85 10.81  8.59  26 1015.8  22.0  24.0  16.1 99.0 99.00
2016 01 09 13 50  33  2.7  4.0  2.65 12.12  8.55  23 1016.1  22.2  24.0  15.6 99.0 99.00
2016 01 09 14 50  49  2.6  3.8  2.76 10.81  8.60  16 1016.6  22.4  24.1  15.6 99.0 99.00
2016 01 09 15 50  97  2.1  3.4  2.62 11.43  8.68   5 1016.3  22.5  24.1  15.6 99.0 99.00
2016 01 09 16 50 100  1.7  2.7  2.66 11.43  8.40   2 1015.9  22.4  24.2  15.7 99.0 99.00
2016 01 09 17 50 158  0.6  1.9  2.60 10.81  8.40  12 1015.7  22.4  24.2  15.7 99.0 99.00
2016 01 09 18 50 101  0.9  2.2  2.52 10.81  8.47  14 1015.3  22.3  24.2  15.8 99.0 99.00
2016 01 09 19 50  28  2.8  3.9  2.43 10.81  8.10  19 1015.0  21.9  24.2  16.4 99.0 99.00
2016 01 09 20 50  46  2.6  3.7  2.41 10.81  8.36  24 1015.5  22.0  24.2  16.7 99.0 99.00
2016 01 09 21 50  71  1.7  3.0  2.65 10.81  8.23  18 1015.8  22.2  24.1  16.6 99.0 99.00
2016 01 09 22 50  79  2.8  3.7  2.44 10.81  8.27  14 1015.8  22.2  24.0  16.7 99.0 99.00
2016 01 09 23 50  80  4.2  5.5  2.60 10.00  8.20   9 1015.9  22.4  24.0  17.0 99.0 99.00
2016 01 10 00 50 109  3.3  4.6  2.23 10.81  7.82  16 1016.2  22.5  23.9  16.9 99.0 99.00
2016 01 10 01 50  80  3.4  4.3  2.29 10.00  7.85  14 1016.4  22.5  24.1  16.7 99.0 99.00
2016 01 10 02 50 100  3.4  4.7  2.61 10.00  8.30  34 1016.7  22.6  24.1  17.1 99.0 99.00
2016 01 10 03 50 127  5.9  7.2  2.89 10.00  8.62  23 1015.8  22.7  24.0  17.3 99.0 99.00
2016 01 10 04 50 153  7.0  8.2  2.70 11.43  8.29   8 1015.3  23.0  23.8  17.8 99.0 99.00
2016 01 10 05 50 170  6.8  8.4  2.73 11.43  8.43  10 1015.2  23.2  23.8  18.3 99.0 99.00
2016 01 10 06 50 169  6.9  8.5  2.54 10.81  8.37  17 1014.7  23.3  23.8  18.4 99.0 99.00
2016 01 10 07 50 185  6.2  8.2  2.41 12.90  7.98  24 1014.8  23.5  23.8  18.3 99.0 99.00
2016 01 10 08 50 181  5.9  7.4  2.47 10.81  8.43  22 1014.8  23.5  23.8  18.6 99.0 99.00
2016 01 10 09 50 185  6.1  7.5  2.78 12.90  8.76  24 1014.7  23.5  23.8  18.7 99.0 99.00
2016 01 10 10 50 186  6.4  7.9  2.57 12.12  8.57  29 1015.1  23.6  23.9  19.0 99.0 99.00
2016 01 10 11 50 190  6.2  7.8  2.35 11.43  8.17  35 1015.4  23.7  23.9  19.4 99.0 99.00
2016 01 10 12 50 198  6.0  7.3  2.37 12.12  8.26  24 1016.2  24.0  23.9  19.6 99.0 99.00
2016 01 10 13 50 198  5.9  7.3  2.15 12.12  7.87  32 1016.8  24.1  24.0  19.9 99.0 99.00
2016 01 10 14 50 198  5.6  7.1  2.17 12.12  8.20  40 1017.0  24.1  24.0  20.5 99.0 99.00
2016 01 10 15 50 189  4.7  5.7  1.83 10.81  7.50  19 1016.9  24.1  24.1  20.6 99.0 99.00
2016 01 10 16 50 199  5.3  6.5  1.87 10.81  8.00  16 1016.3  24.2  24.1  20.7 99.0 99.00
2016 01 10 17 50 203  6.4  8.1  1.84 10.81  7.71  18 1015.3  24.2  24.2  20.8 99.0 99.00
2016 01 10 18 50 208  6.7  8.3  1.81 12.12  7.69  21 1015.0  24.3  24.2  20.8 99.0 99.00
2016 01 10 19 50 216  6.3  7.9  1.82 12.12  7.76  18 1015.1  24.3  24.1  20.9 99.0 99.00
2016 01 10 20 50 214  5.4  7.2  2.14 12.90  8.31  39 1015.7  24.4  24.1  21.2 99.0 99.00
2016 01 10 21 50 216  5.5  7.5  2.17 12.12  8.21  24 1016.0  24.2  24.1  21.6 99.0 99.00
2016 01 10 22 50 209  5.3  6.9  2.07 11.43  7.98  21 1016.2  24.1  24.1  21.9 99.0 99.00
2016 01 10 23 50 211  5.2  6.5  2.05 12.12  7.90  33 1016.6  24.1  24.1  22.0 99.0 99.00
2016 01 11 00 50 206  5.1  6.3  2.39 11.43  8.58  26 1016.9  24.1  24.0  22.1 99.0 99.00
2016 01 11 01 50 205  5.7  8.0  2.40 12.12  8.67  27 1017.1  24.2  24.0  22.3 99.0 99.00
2016 01 11 02 50 209  6.0  7.3  2.23 11.43  8.35  25 1017.3  24.2  24.2  22.3 99.0 99.00
2016 01 11 03 50 216  6.1  7.6  2.33 12.90  8.83  26 1017.2  24.3  24.2  22.3 99.0 99.00
2016 01 11 04 50 220  5.6  7.1  2.68 12.12  9.15  26 1016.9  24.3  24.3  22.3 99.0 99.00
2016 01 11 05 50 215  6.9  8.9  2.51 12.90  9.14  30 1016.2  24.3  24.3  22.1 99.0 99.00
2016 01 11 06 50 219  6.4  8.6  2.79 13.79  9.54  40 1016.2  24.3  24.3  22.0 99.0 99.00
2016 01 11 07 50 220  6.6  8.3  2.87 13.79  9.83  44 1016.0  24.2  24.3  22.0 99.0 99.00
2016 01 11 08 50 219  6.9  8.9  2.88 13.79  9.44  34 1015.6  24.2  24.3  22.0 99.0 99.00
2016 01 11 09 50 223  7.3  9.1  3.32 13.79 10.33  44 1015.5  24.2  24.3  22.1 99.0 99.00
2016 01 11 10 50 224  6.5  9.4  2.81 13.79  9.38  40 1016.1  24.2  24.3  22.1 99.0 99.00
2016 01 11 11 50 228  6.1  8.1  2.73 14.81  9.48  45 1016.5  24.3  24.3  22.2 99.0 99.00
2016 01 11 12 50 223  6.9  9.1  2.69 13.79  8.97  48 1016.9  24.3  24.3  22.3 99.0 99.00
2016 01 11 13 50 221  6.6  8.0  2.82 13.79  9.00  54 1017.5  24.5  24.3  22.3 99.0 99.00
2016 01 11 14 50 212  6.9  8.5  2.64 14.81  8.77  52 1017.6  24.5  24.4  22.0 99.0 99.00
2016 01 11 15 50 229  7.6  9.6  2.82 14.81  9.21  50 1017.3  24.6  24.4  22.1 99.0 99.00
2016 01 11 16 50 242  6.7  8.8  2.59 13.79  8.64  51 1016.6  24.4  24.4  21.7 99.0 99.00
2016 01 11 17 50 342  5.4  6.7  2.71 13.79  8.56  52 1016.3  22.7  24.3  21.1 99.0 99.00
2016 01 11 18 50  17  5.6  6.7  2.54 14.81  8.38  60 1015.9  23.1  24.3  20.4 99.0 99.00
2016 01 11 19 50  17  4.2  5.5  2.63 13.79  9.27  52 1016.4  22.4  24.3  20.2 99.0 99.00
2016 01 11 20 50  28  6.1  7.9  2.87 14.81  9.91  57 1016.5  22.1  24.3  20.3 99.0 99.00
2016 01 11 21 50  22  4.9  5.9  2.38 12.90  8.55  50 1017.1  21.9  24.3  19.8 99.0 99.00
2016 01 11 22 50   3  4.1  5.1  2.54 12.12  8.89  46 1017.9  22.1  24.3  19.8 99.0 99.00
2016 01 11 23 50  40  4.0  4.9  2.36 12.90  9.08  45 1018.5  22.3  24.3  19.8 99.0 99.00
2016 01 12 00 50  35  5.4  7.1  2.32 14.81  8.40  55 1019.0  22.5  24.2  19.8 99.0 99.00
2016 01 12 01 50  30  5.8  7.1  2.64 14.81  8.87  59 1019.2  22.2  24.3  19.5 99.0 99.00
2016 01 12 02 50  32  5.8  7.1  2.94 14.81  9.24  51 1019.2  22.2  24.3  19.5 99.0 99.00
2016 01 12 03 50  36  6.4  7.5  2.67 14.81  8.93  55 1019.0  22.0  24.3  19.9 99.0 99.00
2016 01 12 04 50  72  5.3  6.4  2.72 13.79  9.34  50 1018.7  22.1  24.3  20.1 99.0 99.00
2016 01 12 05 50  70  4.5  5.7  2.82 13.79  9.21  47 1018.3  22.6  24.2  20.1 99.0 99.00
2016 01 12 06 50  78  4.6  5.8  2.86 14.81  9.73  52 1017.7  22.5  24.2  20.0 99.0 99.00
2016 01 12 07 50  93  3.6  5.1  3.10 14.81 10.00  51 1017.8  22.8  24.2  20.0 99.0 99.00
2016 01 12 08 50  87  3.5  4.7  2.82 13.79  9.81  43 1017.6  22.9  24.2  20.1 99.0 99.00
2016 01 12 09 50  54  4.4  5.6  2.77 13.79  9.54  51 1017.7  21.9  24.2  19.8 99.0 99.00
2016 01 12 11 50  63  2.9  3.8  2.61 13.79  9.83  55 1018.6  22.5  24.0  20.1 99.0 99.00
2016 01 12 12 50  61  3.3  4.6  2.41 13.79  9.73  63 1019.1  22.7  24.0  20.3 99.0 99.00
2016 01 12 13 50  75  3.3  5.0  2.32 12.90  9.34  62 1019.3  23.0  24.1  20.4 99.0 99.00
2016 01 12 14 50 102  2.9  4.2  2.39 12.12  9.67  51 1020.1  21.5  23.9  19.5 99.0 99.00
2016 01 12 15 50  10  8.7 10.1  2.45 13.79  9.66  59 1019.7  20.9  23.9  19.4 99.0 99.00
2016 01 12 16 50  22  5.3  6.9  2.22 13.79  7.86  64 1018.8  21.1  24.0  19.2 99.0 99.00
2016 01 12 17 50  83  8.3  9.9  2.34 14.81  8.82  58 1016.6  21.7  24.0  18.8 99.0 99.00
2016 01 12 18 50  86  5.0  6.5  2.24 14.81  8.71  66 1016.0  22.6  24.0  17.7 99.0 99.00
2016 01 12 19 50 292  0.9  1.8  2.24 14.81  9.42  51 1016.6  23.1  24.0  17.0 99.0 99.00
2016 01 12 20 50 292  3.3  4.2  2.17 13.79  9.10  54 1017.4  22.4  23.9  17.8 99.0 99.00
2016 01 12 21 50 203  2.2  3.4  2.56 13.79 10.44  53 1017.9  21.6  23.9  18.7 99.0 99.00
2016 01 12 22 50 196  2.2  3.3  2.00 13.79  9.41  47 1018.0  21.5  23.9  18.8 99.0 99.00
2016 01 12 23 50 209  4.5  5.8  2.06 12.90  9.51  48 1018.3  21.6  23.9  19.1 99.0 99.00
2016 01 13 00 50 205  4.7  6.1  2.26 14.81  9.64  49 1018.6  22.1  24.0  19.4 99.0 99.00
2016 01 13 01 50 197  4.6  5.9  1.83 13.79  8.56  52 1018.2  22.1  24.0  19.4 99.0 99.00
2016 01 13 02 50 217  5.4  7.0  2.05 14.81  9.19  46 1018.6  22.0  24.0  19.0 99.0 99.00
2016 01 13 04 50 242  3.2  4.4  2.01 13.79  8.78  51 1017.9  22.4  24.1  18.3 99.0 99.00
2016 01 13 05 50 347  7.9  9.3  2.19 13.79  8.85  52 1017.3  21.8  24.1  18.6 99.0 99.00
2016 01 13 06 50 350  6.7  8.2  2.27 13.79  8.01  53 1017.5  21.6  24.1  17.8 99.0 99.00
2016 01 13 07 50 341  6.2  7.8  2.18 12.90  7.78  49 1017.5  21.7  24.1  17.1 99.0 99.00
2016 01 13 08 50 345  6.0  7.0  2.41 13.79  8.41  51 1017.4  21.9  24.0  16.9 99.0 99.00
2016 01 13 09 50 336  6.7  8.2  2.30 13.79  8.50  49 1017.8  21.9  23.8  16.5 99.0 99.00
2016 01 13 10 50 342  6.5  8.0  2.10 12.90  8.08  45 1018.5  21.9  23.8  16.1 99.0 99.00
2016 01 13 11 50 333  6.4  8.3  2.25 13.79  8.04  53 1018.8  21.9  23.7  15.7 99.0 99.00
2016 01 13 12 50 327  6.5  8.2  1.93 13.79  7.53  57 1019.3  21.9  23.7  15.1 99.0 99.00
2016 01 13 13 50 344  6.8  8.3  2.08 13.79  7.35  75 1019.8  21.8  23.7  13.6 99.0 99.00
2016 01 13 14 50 345  6.6  8.3  2.01 13.79  7.57  65 1020.6  21.8  23.7  13.0 99.0 99.00
2016 01 13 15 50 346  5.9  7.2  2.09 13.79  7.73  55 1020.6  21.8  23.8  12.9 99.0 99.00
2016 01 13 16 50 348  5.6  7.3  1.92 12.12  7.14  65 1019.8  21.7  23.8  12.6 99.0 99.00
2016 01 13 17 50 342  5.8  7.1  1.85 13.79  7.19  64 1019.0  21.5  23.8  12.9 99.0 99.00
2016 01 13 18 50 353  5.4  7.3  1.80 12.90  7.15  66 1018.4  21.4  23.8  12.6 99.0 99.00
2016 01 13 19 50 352  5.5  7.3  1.85 12.90  7.42  56 1018.4  21.2  23.8  12.8 99.0 99.00
2016 01 13 20 50 360  4.8  6.3  1.96 13.79  7.57  62 1019.1  21.2  23.8  12.5 99.0 99.00
2016 01 13 21 50   4  4.1  5.5  1.92 13.79  7.45  72 1019.0  21.1  23.8  12.2 99.0 99.00
2016 01 13 22 50  16  3.8  5.6  1.84 12.90  7.14  69 1019.1  21.0  23.8  11.6 99.0 99.00
2016 01 13 23 50 359  3.0  4.2  1.91 13.79  7.50  63 1019.5  21.1  23.7  12.0 99.0 99.00
2016 01 14 00 50  20  2.5  3.7  1.71 13.79  7.25  76 1019.8  21.1  23.7  11.7 99.0 99.00
2016 01 14 01 50 359  2.5  4.3  1.85 12.90  7.59  71 1020.4  21.2  23.8  12.0 99.0 99.00
2016 01 14 02 50  13  1.3  2.8  1.87 13.79  7.81  73 1020.2  21.1  23.8  11.4 99.0 99.00
2016 01 14 03 50  91  1.0  2.2  2.00 13.79  7.84  63 1019.7  21.1  23.9  11.6 99.0 99.00
2016 01 14 04 50  96  1.3  2.4  2.02 12.90  7.61  57 1019.2  21.1  23.9  11.7 99.0 99.00
2016 01 14 05 50  37  0.7  1.4  1.91 12.90  7.33  55 1019.3  21.1  23.9  11.7 99.0 99.00
2016 01 14 06 50 335  0.9  2.0  2.07 12.90  7.88  55 1019.3  21.2  23.9  11.6 99.0 99.00
2016 01 14 07 50 357  1.3  2.4  2.18 12.90  8.17  65 1018.6  21.1  23.9  11.6 99.0 99.00
2016 01 14 08 50   2  0.7  1.5  2.08 12.90  7.89  53 1019.2  21.2  23.8  11.5 99.0 99.00
2016 01 14 09 50 327  1.8  3.0  2.03 12.90  8.30  72 1019.5  21.3  23.8  12.4 99.0 99.00
2016 01 14 10 50 347  3.4  5.0  2.20 13.79  8.72  56 1020.0  21.4  23.8  12.9 99.0 99.00
2016 01 14 11 50 332  4.2  5.3  1.98 12.90  8.22  62 1020.2  21.6  23.8  12.1 99.0 99.00
2016 01 14 12 50 334  4.2  6.1  1.83  9.09  8.18 357 1020.8  21.8  23.9  12.5 99.0 99.00
2016 01 14 13 50 344  3.2  4.4  1.89 12.90  8.50  52 1021.4  21.8  23.9  12.6 99.0 99.00
2016 01 14 14 50  29  4.8  6.2  1.68 11.43  8.01  62 1021.6  21.7  24.0  14.1 99.0 99.00
2016 01 14 15 50  24  4.1  6.0  1.87 12.90  8.16  70 1021.8  21.6  24.0  14.3 99.0 99.00
2016 01 14 16 50  33  3.4  4.7  2.05 12.90  8.54  67 1020.9  21.4  23.9  14.2 99.0 99.00
2016 01 14 17 50  43  2.6  3.9  1.90 12.90  8.33  73 1019.7  21.3  23.9  13.7 99.0 99.00
2016 01 14 18 50  41  3.1  4.0  1.89 13.79  8.33  65 1019.1  21.3  23.9  13.4 99.0 99.00
2016 01 14 19 50  23  4.3  5.7  1.70 10.81  7.89  44 1019.4  21.4  23.9  13.9 99.0 99.00
2016 01 14 20 50  40  4.4  5.7  1.85 10.00  8.07   9 1019.4  21.4  23.9  14.0 99.0 99.00
2016 01 14 21 50  55  3.1  4.3  1.91 12.90  8.47  67 1019.9  21.6  23.9  13.8 99.0 99.00
2016 01 14 22 50  38  5.4  7.0  1.74 12.90  8.09  59 1020.2  21.6  23.9  14.8 99.0 99.00
2016 01 14 23 50  43  4.7  6.2  1.92 12.90  7.97  59 1021.0  21.6  23.9  14.6 99.0 99.00
2016 01 15 00 50  45  4.5  5.9  1.85 12.90  7.94  62 1020.9  21.4  23.9  14.6 99.0 99.00
2016 01 15 01 50  83  4.5  5.8  1.76 10.00  7.60  27 1021.1  21.8  23.9  14.6 99.0 99.00
2016 01 15 02 50  96  4.5  5.6  1.79 12.90  7.54  69 1021.1  21.6  23.9  15.1 99.0 99.00
2016 01 15 03 50  83  3.5  4.8  1.80 13.79  7.99  67 1021.4  21.6  23.9  15.1 99.0 99.00
2016 01 15 04 50 130  4.4  5.4  1.73 12.12  7.58  66 1020.8  21.1  23.8  15.5 99.0 99.00
2016 01 15 05 50 166  6.3  7.5  1.70 13.79  7.66  53 1019.6  21.2  23.7  16.2 99.0 99.00
2016 01 15 06 50 163  3.8  5.2  1.65 13.79  7.45  76 1019.5  21.2  23.7  15.9 99.0 99.00
2016 01 15 07 50 121  3.0  4.0  1.59 12.90  7.32  61 1018.8  21.1  23.7  15.5 99.0 99.00
2016 01 15 08 50 102  1.8  3.3  1.58 10.81  7.41  46 1018.9  21.3  23.7  15.9 99.0 99.00
2016 01 15 09 50  96  2.1  3.2  1.61 12.90  7.68  60 1018.8  21.4  23.6  16.0 99.0 99.00
2016 01 15 10 50  92  2.4  3.1  1.58 12.90  7.88  65 1019.1  21.5  23.4  15.9 99.0 99.00
2016 01 15 11 50 108  4.5  5.6  1.47 12.90  7.72  58 1018.6  21.8  23.3  16.0 99.0 99.00
2016 01 15 12 50 113  4.9  6.2  1.32 13.79  7.45  53 1018.5  22.0  23.2  16.5 99.0 99.00
2016 01 15 13 50 109  5.8  7.3  1.38 12.90  7.78  55 1018.6  22.3  23.2  17.0 99.0 99.00
2016 01 15 14 50 111  8.1  9.5  1.42 12.90  6.68  48 1017.8  22.6  23.3  17.1 99.0 99.00
2016 01 15 15 50 124  7.9  9.2  1.37 13.79  6.09  65 1017.3  22.8  23.5  17.0 99.0 99.00
2016 01 15 16 50 132  8.3  9.6  1.43 12.90  5.74  65 1016.1  23.0  23.7  17.0 99.0 99.00
2016 01 15 17 50 124  8.6  9.9  1.54 12.90  5.74  71 1014.7  23.0  23.8  17.5 99.0 99.00
2016 01 15 18 50 134  9.2 11.0  1.58 12.90  5.41  75 1013.8  23.3  23.8  17.7 99.0 99.00
2016 01 15 19 50 138 10.2 12.9  1.65 12.12  5.31  55 1013.1  23.6  23.8  18.5 99.0 99.00
2016 01 15 20 50 147 10.5 13.0  1.70 12.90  5.27  69 1013.1  23.8  23.8  19.3 99.0 99.00
2016 01 15 21 50 146  9.7 12.6  1.76 12.90  5.29  63 1012.7  23.6  23.8  19.9 99.0 99.00
2016 01 15 22 50 154  9.4 11.5  2.17  5.26  5.64 115 1012.6  24.1  23.7  19.2 99.0 99.00
2016 01 15 23 50 157 12.3 15.9  2.09  6.25  5.49 150 1012.2  23.8  23.7  19.6 99.0 99.00
2016 01 16 00 50 155 10.6 12.6  2.27  6.25  5.65 126 1012.2  23.3  23.7  20.6 99.0 99.00
2016 01 16 01 50 186  9.4 11.5  2.36  6.25  5.75 125 1012.4  24.0  23.7  21.1 99.0 99.00
2016 01 16 02 50 192 10.4 13.1  2.28  6.67  5.92 133 1012.5  24.3  23.7  21.2 99.0 99.00
2016 01 16 03 50 202  9.4 11.6  2.47  6.67  5.91 118 1012.3  24.4  23.7  21.8 99.0 99.00
2016 01 16 04 50 197  8.3 10.1  2.22  6.67  5.80 117 1011.5  23.9  23.6  21.9 99.0 99.00
2016 01 16 05 50 201  9.0 10.6  2.26  7.14  5.90 110 1011.1  24.3  23.6  22.1 99.0 99.00
2016 01 16 06 50 207 13.6 17.0  2.34  6.67  5.87 123 1009.3  24.1  23.5  21.9 99.0 99.00
2016 01 16 07 50 211 12.9 16.4  2.57  6.67  5.80 142 1008.8  23.8  23.6  20.5 99.0 99.00
2016 01 16 08 50 215 10.9 13.9  2.42  7.14  5.82 127 1009.7  24.0  23.6  22.0 99.0 99.00
2016 01 16 09 50 212 11.1 13.5  2.27  7.14  5.72 138 1010.0  24.0  23.6  21.5 99.0 99.00
2016 01 16 10 50 198  9.0 11.7  2.19  6.67  5.74 151 1010.7  23.6  23.5  21.4 99.0 99.00
2016 01 16 11 50 208  7.0  8.3  2.10  7.14  5.84 134 1011.4  23.9  23.5  21.9 99.0 99.00
2016 01 16 12 50 219  7.0  8.7  1.83  6.25  5.60 154 1012.1  24.0  23.5  22.1 99.0 99.00
2016 01 16 13 50 203  5.7  6.9  1.90  6.67  5.69 134 1012.8  23.7  23.5  21.9 99.0 99.00
2016 01 16 14 50 250  5.6  6.8  1.94  6.67  5.93 135 1013.2  24.4  23.5  22.3 99.0 99.00
2016 01 16 15 50 301  4.5  5.7  1.89  7.14  5.99 141 1013.2  24.2  23.6  20.7 99.0 99.00
2016 01 16 16 50 313  5.3  6.5  1.99  6.67  5.92 198 1012.5  24.1  23.7  20.3 99.0 99.00
2016 01 16 17 50 314  3.6  4.5  1.79  6.67  5.90 160 1011.9  24.2  23.8  19.8 99.0 99.00
2016 01 16 18 50 315  4.0  5.0  1.88  6.67  6.04 189 1011.8  24.1  23.9  19.6 99.0 99.00
2016 01 16 19 50 308  2.9  3.7  1.89  7.14  5.89 234 1011.9  24.3  24.0  19.1 99.0 99.00
2016 01 16 20 50 314  3.1  4.2  2.00  6.67  6.22 195 1012.4  24.4  24.4  18.6 99.0 99.00
2016 01 16 21 50 312  2.9  3.6  2.05  6.67  6.25 201 1012.7  24.2  24.4  18.3 99.0 99.00
2016 01 16 22 50 317  2.5  3.4  1.77  7.14  6.11 218 1013.4  23.9  24.3  18.4 99.0 99.00
2016 01 16 23 50 303  3.0  4.0  1.87  6.67  6.16 200 1013.9  23.8  24.2  18.3 99.0 99.00
2016 01 17 00 50 306  3.3  4.2  1.74  7.14  6.17 229 1014.7  23.8  24.1  18.3 99.0 99.00
2016 01 17 01 50 292  2.1  2.7  1.84  6.67  6.28 210 1014.9  23.7  24.1  18.1 99.0 99.00
2016 01 17 02 50 270  1.5  2.2  1.72  6.67  6.17 216 1015.1  23.6  24.0  18.3 99.0 99.00
2016 01 17 03 50 245  1.0  1.7  1.80  6.25  6.22 179 1015.0  23.5  24.0  18.4 99.0 99.00
2016 01 17 04 50 184  0.7  1.5  1.69  6.67  6.14 194 1014.0  23.3  23.9  18.2 99.0 99.00
2016 01 17 05 50 174  1.9  2.6  1.71  6.67  6.26 219 1013.2  23.2  23.9  18.3 99.0 99.00
2016 01 17 06 50 157  2.4  3.1  1.70  6.25  6.20 176 1012.5  23.0  23.9  18.2 99.0 99.00
2016 01 17 07 50 138  3.9  5.0  1.88  6.67  6.46 218 1011.8  22.9  23.9  18.5 99.0 99.00
2016 01 17 08 50 133  4.1  5.5  1.82  6.25  6.36 222 1011.6  22.8  23.9  18.6 99.0 99.00
2016 01 17 09 50 139  5.2  6.6  1.83  9.09  6.24 321 1011.6  23.0  23.9  18.7 99.0 99.00
2016 01 17 10 50 143  5.5  6.9  1.89  8.33  6.41 315 1011.5  23.3  23.9  19.4 99.0 99.00
2016 01 17 11 50 142  5.1  6.4  1.77  6.25  6.14 159 1011.6  23.6  24.0  20.3 99.0 99.00
2016 01 17 12 50 156  5.2  6.6  1.82  8.33  6.36 320 1012.2  23.3  24.0  21.2 99.0 99.00
2016 01 17 13 50 172  5.8  6.7  1.65  7.69  6.20 314 1012.3  24.1  24.0  21.7 99.0 99.00
2016 01 17 14 50 175  7.4  9.3  1.64  7.69  6.08 318 1011.9  24.5  24.1  22.0 99.0 99.00
2016 01 17 15 50 203  8.7 10.8  1.68  8.33  5.83 319 1011.4  24.7  24.2  22.6 99.0 99.00
2016 01 17 16 50 200  9.0 10.9  1.62  6.25  5.76 138 1010.1  24.7  24.2  22.8 99.0 99.00
2016 01 17 17 50 200 11.8 13.8  1.62  6.67  5.40 143 1007.7  24.8  24.2  22.5 99.0 99.00
2016 01 17 18 50 210 11.7 14.4  1.88  5.88  5.39 157 1007.1  24.9  24.2  22.3 99.0 99.00
2016 01 17 19 50 214 11.9 14.6  2.17  6.67  5.58 164 1007.5  25.0  24.2  22.3 99.0 99.00
2016 01 17 20 50 215 11.0 13.8  2.26  5.88  5.48 176 1007.9  25.0  24.2  22.3 99.0 99.00
2016 01 17 21 50 217 11.2 14.6  2.41  6.25  5.64 182 1008.3  24.9  24.2  22.5 99.0 99.00
2016 01 17 22 50 219 10.3 12.3  2.31  6.25  5.60 197 1008.7  24.9  24.2  22.8 99.0 99.00
2016 01 17 23 50 229  9.9 12.1  2.33  6.67  5.56 187 1009.4  24.9  24.2  22.9 99.0 99.00
2016 01 18 00 50 259 11.2 13.8  2.29  6.67  5.46 197 1010.3  22.9  24.1  19.5 99.0 99.00
2016 01 18 01 50 262 10.2 12.3  2.37  6.67  5.59 191 1010.6  23.9  24.0  19.9 99.0 99.00
2016 01 18 02 50 267  8.2  9.4  2.28  7.14  5.49 202 1011.3  23.0  24.0  19.5 99.0 99.00
2016 01 18 03 50 257  8.7 11.1  2.30  6.67  5.81 221 1011.0  23.6  24.0  20.2 99.0 99.00
2016 01 18 04 50 325  9.0 10.8  2.17  7.14  5.82 236 1011.3  22.4  23.9  19.7 99.0 99.00
2016 01 18 05 50 323  8.9 11.0  2.22  6.67  5.63 203 1011.4  22.8  23.9  18.0 99.0 99.00
2016 01 18 06 50 315  8.6 10.6  2.24  7.69  5.76 254 1011.3  22.7  23.8  17.2 99.0 99.00
2016 01 18 07 50 328  7.8  9.3  2.40  7.69  5.99 261 1011.3  22.3  23.8  17.2 99.0 99.00
2016 01 18 08 50 320  7.2  9.0  2.26  7.69  6.07 261 1011.3  22.2  23.7  16.3 99.0 99.00
2016 01 18 09 50 322  7.1  8.8  2.42  8.33  6.28 281 1011.8  22.2  23.7  15.8 99.0 99.00
2016 01 18 10 50 317  6.4  7.5  2.41  8.33  6.40 291 1012.6  22.1  23.7  15.7 99.0 99.00
2016 01 18 11 50 320  6.2  7.9  2.64  8.33  6.72 284 1013.9  22.1  23.6  15.9 99.0 99.00
2016 01 18 12 50 329  6.1  8.1  2.21  9.09  6.24 284 1014.6  22.2  23.6  15.5 99.0 99.00
2016 01 18 13 50 334  5.8  7.1  2.44  8.33  6.57 284 1015.6  21.8  23.6  14.8 99.0 99.00
2016 01 18 14 50 330  6.8  8.2  2.55  9.09  6.70 290 1016.4  21.8  23.6  15.0 99.0 99.00
2016 01 18 15 50 331  5.9  8.2  2.55  9.09  6.85 281 1016.6  21.6  23.8  14.6 99.0 99.00
2016 01 18 16 50 338  6.9  8.6  3.00  9.09  7.32 289 1015.7  21.7  23.9  14.3 99.0 99.00
2016 01 18 17 50 332  6.1  8.0  3.01 11.43  7.60 337 1015.3  21.7  24.0  14.5 99.0 99.00
2016 01 18 18 50 327  6.4  8.1  3.21 11.43  7.66 328 1015.2  21.6  24.0  14.1 99.0 99.00
2016 01 18 19 50 324  5.9  7.6  3.03 11.43  7.69 329 1015.4  21.5  24.1  14.1 99.0 99.00
2016 01 18 20 50 344  5.6  7.1  2.62 10.81  7.26 335 1015.9  21.2  24.1  14.4 99.0 99.00
2016 01 18 21 50 321  4.5  6.4  2.66 10.00  7.34 327 1016.4  21.2  24.1  13.8 99.0 99.00
2016 01 18 22 50 347  7.9 10.4  2.91 10.81  7.85 341 1017.0  20.9  24.0  14.9 99.0 99.00
2016 01 18 23 50 353  6.4  8.2  2.83 10.00  7.60 342 1017.6  20.9  23.9  14.3 99.0 99.00
2016 01 19 00 50 343  5.7  7.4  2.93 11.43  7.70 341 1018.5  20.9  24.0  14.0 99.0 99.00
2016 01 19 01 50 342  5.4  7.9  3.10 10.81  7.89 342 1019.1  20.8  24.0  13.8 99.0 99.00
2016 01 19 02 50 328  4.9  7.0  3.00 11.43  8.13 352 1019.8  20.8  24.0  13.6 99.0 99.00
2016 01 19 03 50 348  5.7  7.4  2.90 10.00  7.82 346 1019.5  20.7  24.0  13.8 99.0 99.00
2016 01 19 04 50 325  4.7  6.5  2.64 10.81  7.48 351 1019.6  20.7  24.0  13.9 99.0 99.00
2016 01 19 05 50 307  7.3  9.3  2.63 10.00  7.51 348 1019.4  21.0  24.0  13.7 99.0 99.00
2016 01 19 06 50 303  7.3  9.0  2.55 10.81  6.98 346 1019.2  21.2  23.9  12.6 99.0 99.00
2016 01 19 07 50 299  7.9  9.8  2.44 10.81  6.76 350 1018.9  21.4  23.9  13.2 99.0 99.00
2016 01 19 08 50 328 10.0 12.3  2.64 10.00  6.94 356 1018.6  20.5  23.9  14.9 99.0 99.00
2016 01 19 09 50 328  8.9 10.8  2.59 10.00  6.48 352 1019.0  20.4  23.9  13.9 99.0 99.00
2016 01 19 10 50 322 10.0 12.1  2.53  9.09  6.43 348 1019.5  20.6  23.9  13.3 99.0 99.00
2016 01 19 11 50 318 10.0 12.2  2.57  9.09  6.33 349 1020.3  20.6  23.9  12.8 99.0 99.00
2016 01 19 12 50 317  9.9 12.6  2.59  7.69  6.27 347 1020.8  20.6  23.9  12.2 99.0 99.00
2016 01 19 13 50 314  9.5 11.8  2.43  8.33  5.99 343 1021.4  20.8  23.9  10.9 99.0 99.00
2016 01 19 14 50 315  9.0 11.1  2.61  7.69  6.15 341 1021.8  20.9  23.9  10.8 99.0 99.00
2016 01 19 15 50 316  8.8 11.1  2.65  7.69  6.43 333 1021.5  20.9  23.9  11.6 99.0 99.00
2016 01 19 16 50 313 10.2 12.4  2.77  9.09  6.61 348 1020.7  21.1  24.0  10.5 99.0 99.00
2016 01 19 17 50 321 10.9 13.4  2.81  7.69  6.59 333 1019.8  20.3  23.9  12.4 99.0 99.00
2016 01 19 18 50 316  9.9 11.7  2.77  9.09  6.60 357 1019.4  20.7  23.9  12.2 99.0 99.00
2016 01 19 19 50 315  9.2 11.3  2.74 10.00  6.55 353 1019.2  20.7  23.9  11.8 99.0 99.00
2016 01 19 20 50 314  8.9 11.3  2.93 10.00  6.75 355 1019.8  20.4  23.9  11.8 99.0 99.00
2016 01 19 21 50 310  8.7 10.8  3.18  9.09  6.99 348 1020.2  20.5  23.9  11.3 99.0 99.00
2016 01 19 22 50 307  9.3 12.2  3.07  9.09  6.94 347 1020.6  20.4  23.9  10.6 99.0 99.00
2016 01 19 23 50 317  8.3 10.5  3.37 10.00  7.34 344 1021.1  20.0  23.9  12.2 99.0 99.00
2016 01 20 00 50 317  8.9 10.9  3.20  9.09  7.23 329 1021.6  19.8  23.9  12.6 99.0 99.00
2016 01 20 01 50 325  9.3 13.0  3.24 10.81  7.31 347 1022.0  19.7  23.9  11.3 99.0 99.00
2016 01 20 02 50 325 10.3 12.6  3.28 10.00  7.36 340 1022.2  19.5  23.9  11.2 99.0 99.00
2016 01 20 03 50 324  9.0 11.3  3.35 10.00  7.35 338 1022.2  19.2  23.9  10.5 99.0 99.00
2016 01 20 04 50 317  8.1 10.7  3.32 10.00  7.29 336 1022.0  19.1  23.8   9.2 99.0 99.00
2016 01 20 05 50 332  5.7  8.2  3.20 10.00  7.37 343 1022.0  19.0  23.8   9.1 99.0 99.00
2016 01 20 06 50 312  6.0  8.5  3.30 10.81  7.78 352 1021.5  18.8  23.8   9.3 99.0 99.00
2016 01 20 07 50 343  7.2  9.8  2.93 10.00  7.38 342 1021.4  18.8  23.8  11.7 99.0 99.00
2016 01 20 08 50 348  9.0 11.3  3.23 10.00  7.65 350 1020.7  18.7  23.8  11.1 99.0 99.00
2016 01 20 09 50 352  8.5 10.6  3.04 10.00  7.09 350 1020.9  18.6  23.8  10.3 99.0 99.00
2016 01 20 10 50 347  7.1  9.0  2.92 10.00  7.09   6 1021.7  18.7  23.8  10.4 99.0 99.00
2016 01 20 11 50 355  7.7 10.1  2.95 10.00  7.04 359 1022.1  18.5  23.9  10.8 99.0 99.00
2016 01 20 12 50   1  7.3 10.1  2.96  9.09  7.13 348 1022.4  18.5  23.9  10.4 99.0 99.00
2016 01 20 13 50 360  7.6  9.9  2.76 10.00  6.84   3 1023.5  18.5  23.9  10.3 99.0 99.00
2016 01 20 14 50 353  6.4  8.1  3.03  9.09  7.08 354 1024.2  18.6  23.9   9.8 99.0 99.00
2016 01 20 15 50  10  5.7  7.9  2.53  9.09  6.87 350 1023.8  18.5  23.9   8.8 99.0 99.00
2016 01 20 16 50   7  4.7  6.9  2.57 10.00  7.16   3 1023.2  18.5  24.0   8.5 99.0 99.00
2016 01 20 17 50 358  4.8  6.8  2.57  9.09  7.09 351 1022.1  18.5  24.0   8.8 99.0 99.00
2016 01 20 18 50 355  4.3  6.3  2.63 10.00  7.38   8 1021.2  18.4  24.1   9.0 99.0 99.00
2016 01 20 19 50 360  5.2  7.1  2.35 10.00  7.33   5 1021.0  18.4  24.2   9.5 99.0 99.00
2016 01 20 20 50   5  3.9  5.8  2.51 10.00  7.66 357 1021.3  18.5  24.2   9.7 99.0 99.00
2016 01 20 21 50 342  4.3  6.9  2.15 10.81  7.38  22 1021.7  18.3  24.2   9.6 99.0 99.00
2016 01 20 22 50 355  4.4  6.1  2.21  9.09  7.37 340 1022.3  18.4  24.2   9.7 99.0 99.00
2016 01 20 23 50 338  3.9  5.7  2.06 12.12  7.42  23 1022.3  18.7  24.2  10.1 99.0 99.00
2016 01 21 00 50 342  3.8  5.4  2.30 12.90  7.63  19 1022.5  18.6  24.2   9.9 99.0 99.00
2016 01 21 01 50 329  5.1  7.0  2.33 12.90  7.93  24 1022.8  18.8  24.2  10.0 99.0 99.00
2016 01 21 02 50 344  3.9  5.9  2.17 12.12  7.73  20 1022.8  18.7  24.2  10.4 99.0 99.00
2016 01 21 03 50 338  2.9  4.9  2.18 10.81  7.60  17 1022.8  18.8  24.1  10.5 99.0 99.00
2016 01 21 04 50 346  4.0  7.2  2.33 10.81  7.92   4 1022.2  18.8  24.1  11.0 99.0 99.00
2016 01 21 05 50 333  3.5  5.5  1.96 10.81  7.21   5 1022.3  18.9  24.1  10.8 99.0 99.00
2016 01 21 06 50 328  6.1  8.1  2.17 12.12  7.39  19 1021.6  19.0  24.1  11.2 99.0 99.00
2016 01 21 07 50 320  5.7  7.5  2.06 12.12  7.15  16 1021.1  19.1  24.1   9.9 99.0 99.00
2016 01 21 08 50 305  5.4  6.9  2.00 10.00  7.04   2 1021.0  19.1  24.1   8.2 99.0 99.00
2016 01 21 09 50 324  6.0  7.7  2.01  8.33  7.07 359 1021.4  19.2  24.0   8.3 99.0 99.00
2016 01 21 10 50 311  4.8  7.2  1.95 10.00  6.93   9 1021.9  19.1  24.0   8.2 99.0 99.00
2016 01 21 11 50 326  5.6  7.7  1.80 11.43  6.84  34 1022.2  19.2  24.0   9.6 99.0 99.00
2016 01 21 12 50 316  4.9  6.4  1.84 10.00  7.11  17 1022.7  19.2  24.0   8.3 99.0 99.00
2016 01 21 13 50 317  5.9  8.5  1.80 10.81  6.83  22 1023.3  19.5  24.0   8.4 99.0 99.00
2016 01 21 14 50 333  5.3  7.1  1.83 10.00  6.65  11 1023.9  19.4  24.0   9.0 99.0 99.00
2016 01 21 15 50 346  5.2  7.0  1.88 10.00  6.56  13 1023.5  19.7  24.0   7.8 99.0 99.00
2016 01 21 16 50 328  4.2  6.1  1.78  9.09  6.85   6 1022.8  19.6  24.1  10.1 99.0 99.00
2016 01 21 17 50 333  5.0  7.6  1.68 10.00  6.77  10 1021.8  19.6  24.1   8.9 99.0 99.00
2016 01 21 18 50 331  4.7  7.0  1.58 10.00  6.75  10 1021.1  19.7  24.0   8.8 99.0 99.00
2016 01 21 19 50 347  4.9  6.3  1.58 10.81  6.66  20 1021.2  19.7  24.0   9.1 99.0 99.00
2016 01 21 20 50 351  4.3  6.8  1.50 10.81  6.75  12 1021.5  19.7  24.1   7.7 99.0 99.00
2016 01 21 21 50 322  3.6  5.1  1.48 12.12  6.94  34 1021.9  19.8  24.0   9.5 99.0 99.00
2016 01 21 22 50 352  2.3  3.9  1.56 12.12  7.27  18 1022.3  19.7  24.0   9.7 99.0 99.00
2016 01 21 23 50 352  3.0  4.6  1.42 10.81  6.87  22 1022.6  19.8  24.0   9.9 99.0 99.00
2016 01 22 00 50 358  3.6  5.4  1.44 10.00  6.99  18 1023.0  20.0  24.0   9.9 99.0 99.00
2016 01 22 01 50 358  3.4  4.7  1.44  9.09  7.24  25 1022.8  20.1  24.0  10.5 99.0 99.00
2016 01 22 02 50  12  3.6  6.1  1.46 10.81  7.18  32 1022.6  20.1  24.0  11.0 99.0 99.00
2016 01 22 03 50  24  3.4  4.9  1.57 10.81  7.15  26 1022.1  20.0  24.0  10.9 99.0 99.00
2016 01 22 04 50  47  2.8  3.8  1.61 11.43  7.49  29 1021.4  20.0  24.0  11.2 99.0 99.00
2016 01 22 05 50  84  2.0  3.6  1.48 10.81  7.40  20 1020.9  20.0  24.0  11.4 99.0 99.00
2016 01 22 06 50  76  2.3  3.5  1.48 10.00  7.18  24 1020.6  20.0  24.0  11.6 99.0 99.00
2016 01 22 07 50  70  1.5  2.8  1.47 10.81  7.04  36 1020.4  20.2  24.0  12.2 99.0 99.00
2016 01 22 08 50  63  2.2  4.0  1.34 10.81  6.95  34 1019.9  20.1  24.0  12.0 99.0 99.00
2016 01 22 09 50  59  2.4  3.9  1.39 10.81  6.97  22 1019.6  20.2  24.0  12.3 99.0 99.00
2016 01 22 10 50  87  2.9  4.7  1.60 10.81  7.39  24 1020.1  20.3  24.0  12.7 99.0 99.00
2016 01 22 11 50  91  3.0  4.2  1.55 10.00  7.40  11 1020.4  20.5  24.0  13.1 99.0 99.00
2016 01 22 12 50 118  2.5  4.1  1.86  9.09  7.81 359 1020.7  20.6  24.0  13.1 99.0 99.00
2016 01 22 13 50 121  4.3  5.7  1.97  9.09  7.71 355 1020.8  21.0  24.0  13.5 99.0 99.00
2016 01 22 14 50 119  5.2  6.7  1.93 10.00  7.63   5 1020.9  21.3  24.0  12.9 99.0 99.00
2016 01 22 15 50 113  4.8  7.0  1.87  9.09  7.24 350 1020.5  21.5  24.1  13.2 99.0 99.00
2016 01 22 16 50 123  5.7  7.2  1.84  9.09  7.05 346 1019.0  21.6  24.1  13.6 99.0 99.00
2016 01 22 17 50 140  6.7  9.1  1.76 10.00  6.93  15 1017.2  21.8  24.1  13.9 99.0 99.00
2016 01 22 18 50 130  8.6 10.0  1.67 10.00  6.24 358 1015.6  22.0  24.1  14.1 99.0 99.00
2016 01 22 19 50 139  9.2 11.8  1.53  9.09  5.58 337 1014.9  22.2  24.1  14.2 99.0 99.00
2016 01 22 20 50 143 10.2 12.5  1.75  9.09  5.72 355 1014.5  22.6  24.0  14.2 99.0 99.00
2016 01 22 21 50 148 10.5 13.1  1.79 10.00  5.24  32 1014.0  22.6  24.0  15.0 99.0 99.00
2016 01 22 22 50 152 11.3 13.9  1.78  5.26  5.19 139 1013.6  22.8  24.0  15.6 99.0 99.00
2016 01 22 23 50 155 11.8 14.0  2.14  5.26  5.29 129 1013.2  23.0  24.0  16.3 99.0 99.00
2016 01 23 00 50 164 12.5 14.9  2.12  5.88  5.31 137 1012.8  23.4  24.0  16.3 99.0 99.00
2016 01 23 01 50 169 12.2 14.7  2.13  5.88  5.29 140 1012.1  23.5  24.0  17.4 99.0 99.00
2016 01 23 02 50 169 11.3 13.9  2.30  6.25  5.43 147 1011.8  23.7  24.0  18.4 99.0 99.00
2016 01 23 03 50 172 12.9 15.8  2.36  6.67  5.52 138 1011.0  22.5  24.0  19.5 99.0 99.00
2016 01 23 04 50 170 11.0 13.4  2.67  6.67  5.70 145 1009.7  22.7  24.0  20.4 99.0 99.00
2016 01 23 05 50 170 12.6 16.1  2.62  7.14  5.71 138 1007.9  22.7  24.0  20.6 99.0 99.00
2016 01 23 06 50 179 16.5 19.8  2.71  7.14  5.58 153 1005.5  23.8  24.0  21.0 99.0 99.00
2016 01 23 07 50 187 15.5 20.4  3.15  7.69  6.07 160 1004.5  24.0  24.0  21.3 99.0 99.00
2016 01 23 08 50 188 13.3 15.9  3.50  8.33  6.30 156 1004.5  24.2  24.0  21.4 99.0 99.00
2016 01 23 09 50 206 13.3 16.1  3.18  7.14  6.01 173 1004.0  24.3  24.0  21.3 99.0 99.00
2016 01 23 10 50 201 11.9 14.5  3.23  8.33  6.32 155 1004.4  24.1  24.0  21.4 99.0 99.00
2016 01 23 11 50 221 10.4 14.7  3.27  8.33  6.24 147 1004.8  23.8  24.0  21.4 99.0 99.00
2016 01 23 12 50 272 11.6 14.3  3.18  8.33  6.25 160 1005.6  23.1  24.0  19.6 99.0 99.00
2016 01 23 13 50 268 12.9 15.2  2.83  8.33  5.87 148 1006.2  23.8  24.0  17.4 99.0 99.00
2016 01 23 14 50 267 12.2 14.1  2.76  7.69  5.89 167 1007.1  23.3  24.0  17.5 99.0 99.00
2016 01 23 15 50 260 12.3 16.0  2.75  7.69  5.82 174 1006.9  22.9  24.0  17.5 99.0 99.00
2016 01 23 16 50 262 13.7 16.8  2.85  7.69  5.78 173 1006.2  22.9  24.0  17.3 99.0 99.00
2016 01 23 17 50 265 13.6 16.9  3.33  7.69  6.22 239 1005.5  23.2  24.0  16.7 99.0 99.00
2016 01 23 18 50 262 13.2 15.8  3.41  8.33  6.48 257 1004.9  23.2  24.0  16.4 99.0 99.00
2016 01 23 19 50 261 13.0 16.1  3.73 10.00  6.79 282 1005.0  23.0  24.0  17.0 99.0 99.00
2016 01 23 20 50 259 12.9 16.0  4.12 10.00  7.20 273 1004.8  22.9  24.0  16.2 99.0 99.00
2016 01 23 21 50 252 13.5 16.4  4.11  8.33  7.26 258 1005.3  23.0  24.0  16.3 99.0 99.00
2016 01 23 22 50 258 13.6 16.7  5.07 10.81  7.98 273 1005.7  22.8  23.9  16.4 99.0 99.00
2016 01 23 23 50 262 13.8 16.6  5.41 11.43  8.05 276 1006.0  22.5  23.9  16.4 99.0 99.00
2016 01 24 00 50 267 14.3 17.8  5.34 12.12  8.26 279 1006.7  22.3  24.0  15.8 99.0 99.00
2016 01 24 01 50 267 15.1 19.3  5.14 11.43  7.90 279 1007.2  22.0  24.0  14.5 99.0 99.00
2016 01 24 02 50 274 15.5 19.7  6.40 12.12  8.97 286 1007.5  21.8  24.0  13.7 99.0 99.00
2016 01 24 03 50 271 15.2 19.1  5.90 11.43  8.28 277 1008.0  21.5  24.0  12.9 99.0 99.00
2016 01 24 04 50 270 13.0 16.5  6.31 11.43  8.73 283 1008.3  20.8  24.0  14.0 99.0 99.00
2016 01 24 05 50 275 14.2 17.9  6.14 12.12  8.93 287 1008.3  20.8  24.0  12.9 99.0 99.00
2016 01 24 06 50 275 14.9 19.3  6.51 12.90  8.91 297 1008.3  20.7  24.0  10.8 99.0 99.00
2016 01 24 07 50 280 14.8 18.8  6.41 12.12  8.97 295 1008.0  20.3  24.0  11.6 99.0 99.00
2016 01 24 08 50 275 15.2 19.2  5.91 12.12  8.60 291 1008.2  20.5  24.0  10.3 99.0 99.00
2016 01 24 09 50 281 14.8 18.4  5.98 12.12  8.39 289 1008.4  20.7  23.9  10.8 99.0 99.00
2016 01 24 10 50 281 14.2 18.0  6.49 12.12  8.84 293 1009.4  20.3  23.9  12.4 99.0 99.00
2016 01 24 11 50 287 14.4 17.4  5.52 11.43  8.28 282 1010.4  20.5  23.9  11.9 99.0 99.00
2016 01 24 12 50 282 15.4 18.0  5.93 11.43  8.38 297 1011.3  20.5  23.9  10.7 99.0 99.00
2016 01 24 13 50 287 14.0 16.6  6.33 11.43  8.71 296 1012.6  19.8  23.9  12.8 99.0 99.00
2016 01 24 14 50 294 13.6 16.6  5.63 12.12  8.27 294 1013.5  20.1  23.9  10.8 99.0 99.00
2016 01 24 15 50 296 12.9 16.4  5.36 11.43  8.24 295 1013.8  19.8  23.8  11.2 99.0 99.00
2016 01 24 16 50 298 12.5 15.9  5.14 10.81  8.23 298 1013.8  19.5  23.8  12.2 99.0 99.00
2016 01 24 17 50 310 12.9 15.6  5.06 12.12  8.22 311 1013.3  19.4  23.8  12.7 99.0 99.00
2016 01 24 18 50 306 11.9 16.0  4.59 11.43  7.95 313 1013.6  19.7  23.9  13.1 99.0 99.00
2016 01 24 19 50 304 11.1 14.1  4.29 11.43  7.69 307 1014.2  19.7  23.8  12.2 99.0 99.00
2016 01 24 20 50 311 11.4 15.0  4.48 11.43  7.85 311 1014.7  19.6  23.8  11.7 99.0 99.00
2016 01 24 21 50 305 11.2 13.8  4.46 11.43  7.71 308 1015.4  19.8  23.8  11.2 99.0 99.00
2016 01 24 22 50 316 10.5 14.2  4.34 11.43  7.83 313 1016.3  19.4  23.7  11.3 99.0 99.00
2016 01 24 23 50 314 10.2 12.4  4.29 10.81  7.93 312 1017.2  19.3  23.7  10.6 99.0 99.00
2016 01 25 00 50 326 10.6 14.6  4.13 11.43  7.90 312 1018.4  18.7  23.7  10.4 99.0 99.00
2016 01 25 01 50 314  8.6 10.7  3.99 11.43  7.84 311 1019.2  18.8  23.7  10.5 99.0 99.00
2016 01 25 02 50 325  8.5 10.7  3.69 11.43  8.03 313 1019.8  18.9  23.7  10.4 99.0 99.00
2016 01 25 03 50 323  5.9  8.5  3.60 11.43  7.81 316 1020.3  19.0  23.7   9.3 99.0 99.00
2016 01 25 04 50 341  5.5  9.6  3.49 10.00  7.84 305 1020.6  18.2  23.7  11.7 99.0 99.00
2016 01 25 05 50 331  4.7  8.2  3.61 10.81  8.04 317 1020.9  18.6  23.7  11.8 99.0 99.00
2016 01 25 06 50 348  7.0 10.3  3.30 10.81  7.73 317 1020.9  18.4  23.8  12.2 99.0 99.00
2016 01 25 07 50 342  4.6  6.6  3.37 10.81  7.77 315 1021.2  18.8  23.8  10.8 99.0 99.00
2016 01 25 08 50 338  4.5  6.6  3.39 12.12  8.11 351 1021.2  18.3  23.8  11.4 99.0 99.00
2016 01 25 09 50  11  5.3  7.1  3.73 11.43  8.45 344 1021.7  17.7  23.8  12.9 99.0 99.00
2016 01 25 10 50  17  6.7  8.7  3.45 10.00  8.26 330 1022.3  18.5  23.8  12.9 99.0 99.00
2016 01 25 11 50  42  3.9  5.3  3.26 12.90  8.06 350 1022.9  18.9  23.9  10.5 99.0 99.00
2016 01 25 12 50  17  5.3  7.7  3.43 10.00  8.17 324 1023.5  19.2  23.9  11.3 99.0 99.00
2016 01 25 13 50  56  3.5  5.3  2.91 12.90  7.88 346 1024.5  19.8  23.9   9.6 99.0 99.00
2016 01 25 14 50  26  4.4  7.3  3.41 12.12  8.43 347 1025.5  20.2  23.9  10.0 99.0 99.00
2016 01 25 15 50  47  4.1  7.3  3.06 12.90  8.34 351 1025.7  20.3  23.9   9.2 99.0 99.00
2016 01 25 16 50  49  3.8  5.2  3.35 12.12  8.80 349 1025.2  20.2  24.0   8.8 99.0 99.00
2016 01 25 17 50  16  3.8  6.1  2.94 12.12  8.42 349 1024.6  20.3  24.0   9.0 99.0 99.00
2016 01 25 18 50  31  3.5  5.7  2.83 11.43  8.20 346 1024.5  20.4  24.1   9.6 99.0 99.00
2016 01 25 19 50  48  3.6  5.3  2.96 12.90  8.86 356 1025.1  20.5  24.1   9.3 99.0 99.00
2016 01 25 20 50 354  3.8  6.4  2.80 12.90  8.45   1 1025.8  20.6  24.0   9.6 99.0 99.00
2016 01 25 21 50  50  4.0  5.9  2.64 11.43  8.50 356 1025.9  20.8  24.0   9.7 99.0 99.00
2016 01 25 22 50  46  3.9  5.1  2.52 12.90  8.86 353 1026.2  20.6  23.9  10.0 99.0 99.00
2016 01 25 23 50  60  5.1  6.8  2.90 12.90  9.12 359 1026.6  20.8  23.8  10.1 99.0 99.00
2016 01 26 00 50  52  3.5  5.5  2.47 12.12  8.52 360 1027.3  20.9  23.8  10.5 99.0 99.00
2016 01 26 01 50  91  4.4  6.6  2.73 12.12  8.73   4 1027.3  21.2  23.8  11.4 99.0 99.00
2016 01 26 02 50  35  5.0  6.6  2.50 12.12  8.58   7 1027.5  21.2  23.8  11.3 99.0 99.00
2016 01 26 03 50  58  6.4  8.3  2.36 12.12  8.37  10 1027.5  21.2  23.8  13.3 99.0 99.00
2016 01 26 04 50  72  6.2  7.4  2.49 12.90  8.49  23 1026.9  21.3  23.8  12.9 99.0 99.00
2016 01 26 05 50  65  5.9  7.9  2.27 12.12  7.80  17 1026.7  21.1  23.9  13.9 99.0 99.00
2016 01 26 06 50 114  5.0  7.3  2.60 12.90  8.50  12 1026.5  21.2  23.9  13.8 99.0 99.00
2016 01 26 07 50  97  6.4  7.6  2.38 13.79  7.76  11 1026.2  21.7  23.9  12.9 99.0 99.00
2016 01 26 08 50  99  5.1  6.4  2.66 12.12  7.89  20 1026.3  21.5  23.9  12.3 99.0 99.00
2016 01 26 09 50  84  7.4  8.8  2.88 12.12  8.34  28 1025.7  21.4  23.9  14.0 99.0 99.00
2016 01 26 10 50  97  7.7  9.2  2.65 12.90  7.85  18 1026.0  21.5  23.9  13.8 99.0 99.00
2016 01 26 11 50  95  7.1  8.9  2.81 12.12  8.12  34 1026.4  21.8  23.9  13.4 99.0 99.00
2016 01 26 12 50 104  6.9  8.5  2.37 12.90  7.85   3 1026.8  22.4  23.9  11.5 99.0 99.00
2016 01 26 13 50 102  5.4  7.6  2.59 12.12  8.33   9 1027.5  22.5  23.9  11.6 99.0 99.00
2016 01 26 14 50 104  7.1  9.0  2.44 11.43  7.98  14 1027.6  22.3  23.9  13.5 99.0 99.00
2016 01 26 15 50 109  8.0  9.3  2.15 11.43  7.34   7 1027.1  22.5  23.9  14.4 99.0 99.00
2016 01 26 16 50 114  6.8  8.6  2.30 11.43  7.51   3 1026.8  22.7  23.9  14.7 99.0 99.00
2016 01 26 17 50 121  9.2 11.9  2.23 12.90  7.23 355 1026.0  21.6  23.9  15.7 99.0 99.00
2016 01 26 18 50 110  6.2  7.3  2.24 12.12  7.37  17 1025.3  22.1  23.9  15.7 99.0 99.00
2016 01 26 19 50 120  5.9  7.1  2.17 12.90  7.29  22 1025.0  22.7  23.9  14.8 99.0 99.00
2016 01 26 20 50 109  7.6  9.4  2.19 12.12  7.02   1 1024.7  22.5  23.9  16.5 99.0 99.00
2016 01 26 21 50 110  7.0  8.3  2.04 12.90  6.73  22 1025.0  22.8  23.9  15.8 99.0 99.00
2016 01 26 22 50 111  7.4  9.1  2.02 12.12  6.58  16 1024.9  22.5  23.9  16.8 99.0 99.00
2016 01 26 23 50 109  8.0  9.3  2.11 12.12  6.93  14 1024.8  22.9  23.8  16.7 99.0 99.00
2016 01 27 00 50 128  7.0  8.4  2.00 12.12  6.93  18 1025.1  23.4  23.8  15.5 99.0 99.00
2016 01 27 01 50 126  6.0  7.5  2.14 12.12  6.63  20 1024.8  23.2  23.8  16.1 99.0 99.00
2016 01 27 02 50 128  6.5  8.6  1.85 12.12  6.56  27 1024.7  23.3  23.8  16.7 99.0 99.00
2016 01 27 03 50 127  7.4  9.0  1.96 12.12  6.72  18 1024.2  23.5  23.7  16.3 99.0 99.00
2016 01 27 04 50 126  7.6  8.8  1.89 12.12  6.45  25 1023.6  23.3  23.7  17.5 99.0 99.00
2016 01 27 05 50 125  7.5  9.0  1.87 12.12  6.07  16 1023.2  23.4  23.7  17.6 99.0 99.00
2016 01 27 06 50 136  7.4  9.0  1.90 11.43  6.09  16 1022.6  23.5  23.7  17.7 99.0 99.00
2016 01 27 07 50 142  8.1  9.5  2.04 10.81  6.42  25 1022.0  23.6  23.7  18.0 99.0 99.00
2016 01 27 08 50 129  8.0  9.0  2.13 11.43  6.45  18 1021.6  23.1  23.8  18.3 99.0 99.00
2016 01 27 09 50 145  8.4  9.8  1.99 12.12  5.92  27 1021.3  23.4  23.8  18.8 99.0 99.00
2016 01 27 10 50 142  7.4  9.0  1.93 12.12  5.99  26 1021.9  23.5  23.8  18.6 99.0 99.00
2016 01 27 11 50 142  7.2  8.4  2.04 12.12  6.16  24 1022.0  23.6  23.8  19.0 99.0 99.00
2016 01 27 12 50 146  7.5  9.0  1.95 12.12  6.03 347 1022.2  23.8  23.8  18.9 99.0 99.00
2016 01 27 13 50 142  7.6  8.6  1.79 11.43  6.03  14 1022.1  23.9  23.8  19.3 99.0 99.00
2016 01 27 14 50 137  8.2  9.7  1.79 12.12  5.84  17 1022.0  23.8  23.8  19.6 99.0 99.00
2016 01 27 15 50 139  7.6  9.1  1.88 11.43  5.91   8 1021.5  23.9  23.9  20.1 99.0 99.00
2016 01 27 16 50 147  6.4  8.2  1.69  6.67  5.83 113 1020.7  23.9  23.9  20.4 99.0 99.00
2016 01 27 17 50 150  6.4  7.8  1.83 11.43  5.84  24 1019.4  23.5  24.0  20.9 99.0 99.00
2016 01 27 18 50 147  7.9  9.5  1.74 12.12  5.79  32 1018.6  24.1  24.0  20.9 99.0 99.00
2016 01 27 19 50 155  7.5  9.0  1.69 10.81  5.68  43 1018.3  23.9  24.0  20.9 99.0 99.00
2016 01 27 20 50 156  7.4  8.6  1.77  6.67  5.69 117 1017.9  23.9  24.0  21.5 99.0 99.00
2016 01 27 21 50 166  7.3  9.1  1.73  6.67  5.71 122 1017.9  24.0  23.9  21.7 99.0 99.00
2016 01 27 22 50 169  8.0  9.4  1.73  7.69  5.62 113 1017.8  24.1  23.9  21.8 99.0 99.00
2016 01 27 23 50 166  7.9  9.4  1.62  7.69  5.53 126 1017.9  24.2  23.9  21.9 99.0 99.00
2016 01 28 00 50 168  8.1  9.8  1.62  6.67  5.59 120 1018.2  24.2  23.9  21.9 99.0 99.00
2016 01 28 01 50 168  7.5  9.0  1.66 10.81  5.62  27 1018.6  24.2  23.9  21.9 99.0 99.00
2016 01 28 02 50 169  7.2  8.5  1.77  7.69  5.75 125 1018.9  24.2  23.9  22.0 99.0 99.00
2016 01 28 03 50 169  7.7  9.7  1.67  7.69  5.50 116 1018.1  24.1  23.9  22.0 99.0 99.00
2016 01 28 04 50 169  8.2  9.8  1.77  8.33  5.49 108 1017.6  24.1  23.9  22.0 99.0 99.00
2016 01 28 05 50 177  7.7  9.3  1.77  7.14  5.58 115 1017.7  24.1  23.8  21.9 99.0 99.00
2016 01 28 06 50 173  7.9  9.5  1.78  7.14  5.50 110 1017.2  24.2  23.8  22.0 99.0 99.00
2016 01 28 07 50 173  7.3  8.7  1.94  7.69  5.65 123 1016.6  24.2  23.8  22.1 99.0 99.00
2016 01 28 08 50 181  8.4 10.3  1.89  6.25  5.50 123 1016.2  24.2  23.8  21.3 99.0 99.00
2016 01 28 09 50 182  7.9  9.6  1.94  7.69  5.59 117 1015.9  24.2  23.8  21.1 99.0 99.00
2016 01 28 10 50 179  8.2  9.9  1.96  6.67  5.61 114 1016.0  24.2  23.8  21.0 99.0 99.00
2016 01 28 11 50 180  8.3 10.0  1.80  8.33  5.46 116 1016.0  24.2  23.8  21.5 99.0 99.00
2016 01 28 12 50 181  8.4 10.0  1.90  7.14  5.46 119 1016.5  24.4  23.8  21.9 99.0 99.00
2016 01 28 13 50 183  8.3  9.6  2.03  8.33  5.59 100 1016.7  24.5  23.9  22.0 99.0 99.00
2016 01 28 14 50 184  8.2  9.7  1.87  7.14  5.54 130 1016.8  24.5  23.9  22.0 99.0 99.00
2016 01 28 15 50 187  8.6 10.1  1.84  7.69  5.48 111 1016.4  24.5  24.0  22.0 99.0 99.00
2016 01 28 16 50 191  9.1 11.0  1.80  7.14  5.40 107 1015.5  24.6  24.0  22.0 99.0 99.00
2016 01 28 17 50 192  9.1 11.3  1.74  7.69  5.38 102 1014.6  24.6  24.0  22.0 99.0 99.00
2016 01 28 18 50 192  8.3 10.3  1.82  6.25  5.42 140 1013.9  24.6  24.1  22.2 99.0 99.00
2016 01 28 19 50 197  8.8 10.2  1.84  7.69  5.35 110 1013.3  24.6  24.1  22.2 99.0 99.00
2016 01 28 20 50 194  8.2 10.0  1.71  7.69  5.47 117 1013.0  24.5  24.1  22.2 99.0 99.00
2016 01 28 21 50 214 10.9 12.7  1.83  8.33  5.67  96 1013.1  23.4  24.1  20.9 99.0 99.00
2016 01 28 22 50 210  8.6 11.1  1.91  7.14  5.56 122 1013.0  23.4  24.0  20.8 99.0 99.00
2016 01 28 23 50 203  9.5 11.6  1.80  7.69  5.69 105 1012.7  23.9  24.0  20.6 99.0 99.00
2016 01 29 00 50 200 10.4 12.7  1.91  6.25  5.39 148 1012.9  23.8  23.9  20.7 99.0 99.00
2016 01 29 01 50 203  8.5  9.8  1.93  6.67  5.42 149 1012.9  23.8  23.9  21.0 99.0 99.00
2016 01 29 02 50 197  9.3 10.9  1.99  7.69  5.57 114 1012.0  23.9  23.9  21.2 99.0 99.00
2016 01 29 03 50 193 11.1 13.7  1.95  7.69  5.63 133 1011.2  24.4  23.9  22.0 99.0 99.00
2016 01 29 04 50 195 12.3 15.2  2.00  7.69  5.51 114 1010.4  24.5  23.9  22.3 99.0 99.00
2016 01 29 05 50 203 13.1 16.3  2.36  5.88  5.60 178 1009.9  24.6  23.9  22.1 99.0 99.00
2016 01 29 06 50 205 13.0 16.5  2.41  6.25  5.56 179 1009.3  24.4  23.8  22.0 99.0 99.00
2016 01 29 07 50 206 13.7 16.7  2.65  6.67  5.66 181 1008.8  24.4  23.8  21.8 99.0 99.00
2016 01 29 08 50 204 14.0 17.1  2.77  6.25  5.83 184 1008.1  24.3  23.8  21.8 99.0 99.00
2016 01 29 09 50 204 14.1 16.6  2.86  7.14  5.84 174 1007.4  24.3  23.8  21.8 99.0 99.00
2016 01 29 10 50 205 13.4 16.5  2.82  7.69  5.78 153 1008.0  24.4  23.8  21.9 99.0 99.00
2016 01 29 11 50 209 16.3 20.0  2.85  7.14  5.81 187 1008.2  23.8  23.8  21.5 99.0 99.00
2016 01 29 12 50 272 11.6 14.1  2.95  7.14  5.75 190 1010.6  21.0  23.7  18.7 99.0 99.00
2016 01 29 13 50 253  9.3 12.1  2.78  7.69  5.93 165 1011.3  21.6  23.7  18.7 99.0 99.00
2016 01 29 14 50 253 10.5 12.6  2.71  7.69  5.97 180 1011.2  23.0  23.7  18.9 99.0 99.00
2016 01 29 15 50 243  9.5 11.1  2.67  7.14  6.08 201 1011.4  23.4  23.7  19.1 99.0 99.00
2016 01 29 16 50 256 11.2 13.7  2.47  7.14  5.72 236 1011.0  23.0  23.7  19.5 99.0 99.00
2016 01 29 17 50 269 10.9 14.0  2.65  7.14  5.86 207 1010.5  20.7  23.7  18.2 99.0 99.00
2016 01 29 18 50 284 10.0 13.3  2.60  8.33  5.92 161 1010.5  23.1  23.8  18.8 99.0 99.00
2016 01 29 19 50 295 10.1 12.5  2.41  7.69  5.84 203 1010.9  22.8  23.8  18.0 99.0 99.00
2016 01 29 20 50 293  9.4 11.8  2.62  8.33  6.08 178 1011.3  23.0  23.8  17.8 99.0 99.00
2016 01 29 21 50 300 10.4 12.3  2.61  7.14  6.18 221 1012.2  22.5  23.8  17.5 99.0 99.00
2016 01 29 22 50 306  9.2 11.4  2.31  7.14  6.00 219 1013.0  22.3  23.6  17.4 99.0 99.00
2016 01 29 23 50 292  8.0 10.0  2.60  7.69  6.23 229 1014.0  22.3  23.4  16.9 99.0 99.00
2016 01 30 00 50 293  8.4 10.6  2.28  9.09  6.03 251 1014.6  22.5  23.3  16.2 99.0 99.00
2016 01 30 01 50 302  8.9 10.7  2.47  7.69  6.27 204 1015.3  21.8  23.1  16.5 99.0 99.00
2016 01 30 02 50 310  9.7 11.7  2.35  8.33  5.94 237 1016.3  21.5  23.0  15.9 99.0 99.00
2016 01 30 03 50 303  8.6 10.8  2.24  7.69  5.97 238 1016.4  21.2  22.9  14.6 99.0 99.00
2016 01 30 04 50 300  8.0 10.6  2.49  8.33  6.26 266 1016.2  21.0  22.9  13.3 99.0 99.00
2016 01 30 05 50 304  8.3  9.7  2.39  8.33  6.16 264 1016.7  20.7  22.8  12.1 99.0 99.00
2016 01 30 06 50 298  7.7  9.5  2.36  8.33  6.30 278 1017.0  20.7  22.8  11.6 99.0 99.00
2016 01 30 07 50 309  7.5  9.3  2.32  8.33  6.26 262 1016.8  20.8  22.8  12.3 99.0 99.00
2016 01 30 08 50 308  7.7  9.2  2.64  7.69  6.54 288 1017.1  20.7  22.9  12.0 99.0 99.00
2016 01 30 09 50 316  7.0 10.6  2.79  9.09  6.80 309 1017.9  20.7  22.9  12.1 99.0 99.00
2016 01 30 10 50 332  6.0  8.1  2.94 10.00  7.08 315 1018.8  20.7  23.0  10.6 99.0 99.00
2016 01 30 11 50 340  5.0  6.8  3.15 10.00  7.50 327 1019.7  20.7  23.0  11.0 99.0 99.00
2016 01 30 12 50   7  3.3  5.9  3.09 10.00  7.40 331 1020.5  20.7  23.1  10.9 99.0 99.00
2016 01 30 13 50 357  4.1  6.7  3.13  9.09  7.39 319 1021.5  20.7  23.2  10.4 99.0 99.00
2016 01 30 14 50 354  5.1  6.9  3.10  9.09  7.59 316 1022.1  20.8  23.3  10.3 99.0 99.00
2016 01 30 15 50  10  5.7  7.7  2.95  9.09  7.59 323 1022.3  20.8  23.4  11.2 99.0 99.00
2016 01 30 16 50  13  4.5  6.4  2.53  9.09  7.06 335 1021.6  21.0  23.5  10.7 99.0 99.00
2016 01 30 17 50  12  3.4  5.3  2.56  9.09  7.12 322 1021.2  20.9  23.6  11.4 99.0 99.00
2016 01 30 18 50  36  3.2  5.0  2.59  9.09  7.16 321 1021.2  21.2  23.6  10.3 99.0 99.00
2016 01 30 19 50  38  3.2  4.9  2.57  9.09  7.24 334 1020.7  21.2  23.6  11.0 99.0 99.00
2016 01 30 20 50  33  2.8  4.2  2.46  9.09  7.29 329 1021.2  21.5  23.6  11.3 99.0 99.00
2016 01 30 21 50  31  3.7  5.0  2.27  9.09  7.20 337 1021.8  21.5  23.6  11.3 99.0 99.00
2016 01 30 22 50  44  3.6  5.0  2.51  9.09  7.49 323 1022.2  21.4  23.6  11.9 99.0 99.00
2016 01 30 23 50  63  2.9  4.7  2.41  9.09  7.54 327 1022.8  21.4  23.5  11.5 99.0 99.00
2016 01 31 00 50 105  3.4  5.1  2.18  9.09  7.06 314 1022.3  21.4  23.5  12.1 99.0 99.00
2016 01 31 01 50 118  4.4  6.7  2.18  9.09  7.18 346 1022.4  21.5  23.5  11.6 99.0 99.00
2016 01 31 02 50  91  3.3  4.7  2.13 10.00  7.33 342 1023.4  21.7  23.5  12.5 99.0 99.00
2016 01 31 03 50 132  3.3  4.7  2.48  9.09  7.95 334 1023.0  21.6  23.5  12.6 99.0 99.00
2016 01 31 04 50 124  2.8  4.5  2.21  9.09  7.46 309 1022.9  21.7  23.5  12.8 99.0 99.00
2016 01 31 05 50 134  2.5  4.0  1.95  9.09  7.36 319 1022.7  21.8  23.4  12.7 99.0 99.00
2016 01 31 06 50 140  4.0  5.2  1.86  9.09  7.36 351 1021.8  21.9  23.4  13.1 99.0 99.00
2016 01 31 07 50 122  3.0  4.3  1.76  9.09  7.34 358 1021.5  21.9  23.4  13.2 99.0 99.00
2016 01 31 08 50 112  3.4  4.7  1.88  9.09  7.36 348 1021.4  21.9  23.4  12.9 99.0 99.00
2016 01 31 09 50 106  2.7  3.4  1.85  8.33  7.32 341 1021.4  21.9  23.4  13.2 99.0 99.00
2016 01 31 10 50  99  3.1  4.3  2.00 10.81  7.61   5 1021.6  21.9  23.4  13.8 99.0 99.00
2016 01 31 11 50 116  3.3  4.6  1.85 10.81  7.45 358 1022.1  22.1  23.4  14.0 99.0 99.00
2016 01 31 12 50 117  3.5  4.6  1.99 10.81  7.63  12 1022.5  22.5  23.4  14.1 99.0 99.00
2016 01 31 13 50 108  3.5  5.1  1.97 10.81  7.62 357 1022.9  22.1  23.5  15.6 99.0 99.00
2016 01 31 14 50  93  1.8  2.6  1.79 10.00  7.47 353 1023.5  22.6  23.5  15.5 99.0 99.00
2016 01 31 15 50  41  2.1  2.9  1.89 10.00  7.33  20 1023.4  22.4  23.6  15.5 99.0 99.00
2016 01 31 16 50  75  3.9  5.4  1.75 10.00  7.05  19 1022.5  22.4  23.8  16.1 99.0 99.00
2016 01 31 17 50  72  1.7  2.9  2.21  9.09  7.49  51 1021.6  22.2  23.8  15.8 99.0 99.00
2016 01 31 18 50  97  6.5  8.3  2.06  9.09  7.00  10 1020.7  22.2  23.7  17.3 99.0 99.00
2016 01 31 19 50 109  7.8  9.1  1.96  9.09  6.31  20 1020.2  22.3  23.7  17.4 99.0 99.00
2016 01 31 20 50 103  7.9  9.7  1.97  9.09  6.40  32 1020.6  22.1  23.6  17.5 99.0 99.00
2016 01 31 21 50  97  7.7  9.0  1.94 10.00  6.21  29 1020.8  22.2  23.6  17.0 99.0 99.00
2016 01 31 22 50 100  7.7  9.1  1.80  9.09  5.94  58 1020.9  22.3  23.5  17.2 99.0 99.00
