#YY  MM DD hh mm WDIR WSPD GST  WVHT   DPD   APD MWD   PRES  ATMP  WTMP  DEWP  VIS  TIDE
#yr  mo dy hr mn degT m/s  m/s     m   sec   sec deg    hPa  degC  degC  degC  nmi    ft
2016 03 31 23 50 125  7.3  8.5  2.19  7.14  5.96  93 1020.7  24.2  24.3  20.6 99.0 99.00
2016 04 01 00 50 132  7.8  9.1  2.20  7.69  6.19  65 1021.1  24.2  24.3  20.5 99.0 99.00
2016 04 01 01 50 133  7.6  9.8  2.18  7.69  5.91  68 1021.5  24.3  24.3  20.3 99.0 99.00
2016 04 01 02 50 134  8.0  9.2  2.03  8.33  5.93  78 1021.3  24.0  24.3  20.5 99.0 99.00
2016 04 01 03 50 129  7.1  8.4  2.08  7.69  5.95  88 1021.2  24.1  24.3  20.4 99.0 99.00
2016 04 01 04 50 136  7.4  8.9  2.03  7.69  5.76  83 1021.0  23.7  24.3  20.5 99.0 99.00
2016 04 01 05 50 125  7.1  8.2  2.06  7.69  5.91 103 1020.5  23.9  24.3  20.4 99.0 99.00
2016 04 01 06 50 135  7.6  9.3  1.89  8.33  5.80  82 1019.9  23.7  24.3  20.9 99.0 99.00
2016 04 01 07 50 138  7.2  9.0  1.86  7.14  5.69 101 1019.5  23.8  24.3  21.0 99.0 99.00
2016 04 01 09 50 129  8.0 10.0  1.86  7.69  5.80 104 1019.5  23.8  24.2  21.0 99.0 99.00
2016 04 01 10 50 135  7.8  9.3  1.84  9.09  5.69 110 1020.4  23.7  24.3  20.7 99.0 99.00
2016 04 01 11 50 142  7.5  8.7  1.96  7.69  5.91  85 1020.7  24.1  24.3  20.5 99.0 99.00
2016 04 01 12 50 140  7.3  9.0  1.89  7.14  5.75 117 1021.0  24.4  24.3  21.0 99.0 99.00
2016 04 01 13 50 148  8.0  9.5  2.00  8.33  6.11  91 1021.0  24.7  24.4  21.0 99.0 99.00
2016 04 01 14 50 153  8.2  9.8  1.91  7.69  5.75 119 1020.8  24.8  24.4  21.1 99.0 99.00
2016 04 01 15 50 152  9.1 10.7  2.06  7.69  5.87 124 1020.2  24.8  24.5  21.1 99.0 99.00
2016 04 01 16 50 153  8.4  9.8  2.13  8.33  5.88 105 1020.1  24.8  24.6  21.1 99.0 99.00
2016 04 01 17 50 155  8.1 10.1  1.91  8.33  5.46  88 1019.6  24.8  24.7  21.2 99.0 99.00
2016 04 01 18 50 163  8.3  9.6  2.09  7.69  5.87  99 1019.0  24.9  24.7  21.1 99.0 99.00
2016 04 01 19 50 158  7.4  8.9  2.10  7.69  5.84 126 1018.5  24.9  24.7  21.2 99.0 99.00
2016 04 01 20 50 162  6.3  7.5  1.95  7.69  5.75 108 1018.7  24.9  24.8  21.2 99.0 99.00
2016 04 01 21 50 165  7.1  8.5  1.94  7.14  5.90 115 1018.5  25.0  24.8  20.8 99.0 99.00
2016 04 01 22 50 162  6.6  7.6  2.02  7.69  5.92 123 1018.6  24.8  24.7  21.1 99.0 99.00
2016 04 01 23 50 156  6.9  8.0  1.75  7.69  5.68 109 1019.0  24.8  24.7  21.2 99.0 99.00
2016 04 02 00 50 156  6.3  7.4  1.77  8.33  5.94 113 1020.0  24.8  24.7  21.2 99.0 99.00
2016 04 02 01 50 152  6.7  7.7  1.65  8.33  5.77 109 1020.5  24.7  24.7  21.0 99.0 99.00
2016 04 02 02 50 151  7.3  8.4  1.65  8.33  5.79 118 1020.1  24.6  24.7  21.2 99.0 99.00
2016 04 02 03 50 156  5.6  7.3  1.69  7.69  5.90 110 1020.0  24.6  24.7  21.4 99.0 99.00
2016 04 02 04 50 157  6.8  7.8  1.50  8.33  5.69 122 1019.4  24.6  24.7  21.1 99.0 99.00
2016 04 02 05 50 160  7.4  9.0  1.54  8.33  5.64 111 1018.5  24.5  24.6  21.2 99.0 99.00
2016 04 02 06 50 160  7.5  8.8  1.57  8.33  5.65 102 1018.0  24.5  24.6  20.9 99.0 99.00
2016 04 02 07 50 159  7.7  9.3  1.66  8.33  5.66 103 1017.3  24.5  24.6  21.1 99.0 99.00
2016 04 02 08 50 160  8.2  9.8  1.61  7.69  5.38 113 1016.9  24.5  24.6  20.8 99.0 99.00
2016 04 02 09 50 161  8.0 10.0  1.68  7.69  5.54 109 1017.0  24.5  24.6  20.8 99.0 99.00
2016 04 02 10 50 164  8.1  9.7  1.74  7.69  5.66 113 1017.2  24.5  24.6  20.8 99.0 99.00
2016 04 02 11 50 167  9.1 10.8  1.78  7.69  5.58 115 1017.4  24.7  24.6  20.5 99.0 99.00
2016 04 02 12 50 171  8.5 10.4  1.65  8.33  5.21 102 1018.0  24.8  24.6  20.5 99.0 99.00
2016 04 02 13 50 176  8.2  9.8  1.66  7.69  5.26 119 1018.3  24.8  24.6  20.6 99.0 99.00
2016 04 02 14 50 178  9.0 10.8  1.72  7.69  5.36 107 1018.2  24.9  24.7  20.6 99.0 99.00
2016 04 02 15 50 175  8.9 10.4  1.65  7.69  5.10 101 1017.6  24.9  24.7  20.7 99.0 99.00
2016 04 02 16 50 176  8.3  9.9  1.64  8.33  5.20 120 1017.4  24.9  24.7  20.9 99.0 99.00
2016 04 02 17 50 189  7.1  8.1  1.64  8.33  5.26 113 1017.4  25.0  24.8  21.0 99.0 99.00
2016 04 02 18 50 202  6.7  8.3  1.57  7.69  5.34 122 1016.8  24.9  24.9  21.1 99.0 99.00
2016 04 02 19 50 196  6.6  8.0  1.68  7.69  5.75 109 1016.0  24.9  24.9  21.1 99.0 99.00
2016 04 02 20 50 195  6.6  7.9  1.53  7.69  5.67 118 1015.8  24.9  24.9  21.2 99.0 99.00
2016 04 02 21 50 193  6.6  8.0  1.57  8.33  5.58 103 1015.8  24.7  24.9  21.4 99.0 99.00
2016 04 02 22 50 194  6.7  8.0  1.63  7.69  5.72 112 1015.7  24.7  24.8  21.5 99.0 99.00
2016 04 02 23 50 190  7.3  8.5  1.62  7.69  5.87 110 1015.8  24.6  24.8  21.7 99.0 99.00
2016 04 03 00 50 192  8.1  9.1  1.56  8.33  5.70 119 1016.0  24.6  24.7  21.9 99.0 99.00
2016 04 03 01 50 192  8.7  9.9  1.64  7.69  5.69 114 1016.0  24.6  24.7  22.1 99.0 99.00
2016 04 03 02 50 193  9.0 10.4  1.62  8.33  5.49 117 1015.6  24.5  24.7  22.2 99.0 99.00
2016 04 03 03 50 197  9.4 11.3  1.62  8.33  5.44 122 1015.2  24.5  24.7  22.3 99.0 99.00
2016 04 03 04 50 199  8.8 10.4  1.48  8.33  5.18 112 1014.9  24.5  24.7  22.3 99.0 99.00
2016 04 03 05 50 203  9.0 10.5  1.59  9.09  5.33 110 1014.2  24.4  24.7  22.3 99.0 99.00
2016 04 03 06 50 207  8.9 11.0  1.54  8.33  5.25 124 1013.5  24.5  24.7  22.4 99.0 99.00
2016 04 03 07 50 216  8.9 10.6  1.67  8.33  5.32 117 1013.3  24.5  24.7  22.3 99.0 99.00
2016 04 03 08 50 218  8.0 10.0  1.71  8.33  5.46 122 1013.4  24.5  24.8  22.3 99.0 99.00
2016 04 03 09 50 213  8.9 10.7  1.61  8.33  5.19 109 1013.2  24.5  24.8  22.2 99.0 99.00
2016 04 03 10 50 220  8.9 10.3  1.58  8.33  5.17 114 1013.9  24.5  24.8  22.4 99.0 99.00
2016 04 03 11 50 216  8.7 10.4  1.61  7.69  5.28 115 1014.1  24.6  24.8  22.5 99.0 99.00
2016 04 03 12 50 221  8.8 10.6  1.60  8.33  5.25 110 1014.9  24.8  24.8  22.7 99.0 99.00
2016 04 03 13 50 220  8.6 10.0  1.55  8.33  5.13 105 1015.4  24.8  24.8  22.8 99.0 99.00
2016 04 03 14 50 225  7.4  9.2  1.56  8.33  5.14 119 1015.7  24.9  24.9  22.9 99.0 99.00
2016 04 03 15 50 229  7.9  9.7  1.47  8.33  5.19 121 1015.5  24.9  24.9  22.9 99.0 99.00
2016 04 03 16 50 239  8.7 10.4  1.51  8.33  5.18 105 1015.5  24.9  24.9  22.9 99.0 99.00
2016 04 03 17 50 238  8.2  9.6  1.46  8.33  5.02 119 1015.2  24.9  24.9  22.8 99.0 99.00
2016 04 03 18 50 238  8.0  9.3  1.56  9.09  5.20 118 1014.7  24.8  24.9  22.8 99.0 99.00
2016 04 03 19 50 241  7.8  9.5  1.40  8.33  4.89 105 1014.5  24.9  24.9  22.8 99.0 99.00
2016 04 03 20 50 323  5.9  7.4  1.56  8.33  5.35 123 1015.0  23.2  24.9  21.2 99.0 99.00
2016 04 03 21 50 360  5.6  7.0  1.36  5.88  5.26 198 1015.5  23.1  24.9  20.4 99.0 99.00
2016 04 03 22 50   6  5.2  6.2  1.35  8.33  5.32 123 1016.0  23.3  24.9  20.4 99.0 99.00
2016 04 03 23 50  25  4.6  5.9  1.32  9.09  5.26 114 1016.7  23.3  24.8  20.3 99.0 99.00
2016 04 04 00 50  14  3.7  4.6  1.39  7.69  5.60 116 1017.6  23.4  24.8  20.0 99.0 99.00
2016 04 04 01 50   9  4.1  4.8  1.47  8.33  5.78 109 1018.1  22.9  24.8  19.4 99.0 99.00
2016 04 04 02 50   9  3.1  4.0  1.26  9.09  5.46  90 1018.2  22.8  24.8  15.9 99.0 99.00
2016 04 04 03 50  24  3.8  5.6  1.39  8.33  5.87 105 1018.3  22.9  24.8  18.0 99.0 99.00
2016 04 04 04 50  23  5.1  5.9  1.37  8.33  6.17 107 1018.0  22.9  24.8  18.9 99.0 99.00
2016 04 04 05 50  31  4.4  5.6  1.52  9.09  6.35 115 1017.6  23.0  24.7  18.3 99.0 99.00
2016 04 04 06 50  54  4.5  5.6  1.29  9.09  6.11 112 1017.0  22.8  24.7  19.3 99.0 99.00
2016 04 04 07 50  60  4.5  5.3  1.52  9.09  6.58  98 1016.7  22.9  24.7  19.2 99.0 99.00
2016 04 04 08 50  52  6.1  7.0  1.47  7.69  6.39 112 1016.6  22.9  24.7  19.1 99.0 99.00
2016 04 04 09 50  61  5.2  6.1  1.48  8.33  6.20 133 1016.9  23.0  24.7  19.2 99.0 99.00
2016 04 04 10 50  55  6.2  7.1  1.53  8.33  6.39 105 1017.5  23.1  24.7  19.3 99.0 99.00
2016 04 04 11 50  67  6.5  7.8  1.63  8.33  6.36 117 1018.0  23.1  24.7  19.4 99.0 99.00
2016 04 04 12 50  76  6.5  7.7  1.72  9.09  6.51 351 1018.2  23.2  24.7  19.5 99.0 99.00
2016 04 04 13 50  77  5.5  6.6  1.91  8.33  6.64 101 1018.8  23.3  24.7  19.5 99.0 99.00
2016 04 04 14 50  81  6.5  7.9  2.03  9.09  6.94  21 1018.9  23.2  24.8  20.0 99.0 99.00
2016 04 04 15 50  66  6.8  7.9  2.02  8.33  6.83   8 1018.5  23.1  24.8  20.2 99.0 99.00
2016 04 04 16 50  80  5.7  6.6  1.96  9.09  6.75 324 1017.9  23.4  24.8  20.5 99.0 99.00
2016 04 04 17 50 100  4.3  5.2  2.08  9.09  7.17 136 1016.9  23.8  24.9  20.6 99.0 99.00
2016 04 04 18 50  92  5.0  6.1  2.12 10.00  7.20   6 1015.9  23.9  25.0  20.8 99.0 99.00
2016 04 04 19 50  87  4.5  5.3  2.30 10.00  7.43  15 1015.4  23.9  25.0  20.9 99.0 99.00
2016 04 04 20 50  72  6.2  7.6  2.44  9.09  7.51 353 1014.4  23.7  25.0  21.3 99.0 99.00
2016 04 04 21 50  70  5.6  6.7  2.81 10.81  7.86 352 1015.1  23.5  24.9  21.4 99.0 99.00
2016 04 04 22 50  66  6.0  7.1  2.68 10.00  7.63 354 1015.2  22.9  24.8  21.4 99.0 99.00
2016 04 04 23 50  63  5.4  6.8  2.46  9.09  7.55  23 1015.4  22.7  24.8  21.1 99.0 99.00
2016 04 05 00 50  58  6.1  7.5  2.55  9.09  7.32  18 1015.9  23.0  24.8  21.0 99.0 99.00
2016 04 05 01 50  78  4.5  5.2  2.49 10.00  7.25   1 1016.5  23.4  24.8  21.1 99.0 99.00
2016 04 05 02 50  60  4.3  5.3  2.33  9.09  6.82  20 1015.6  23.3  24.7  21.2 99.0 99.00
2016 04 05 03 50  59  3.4  4.4  2.14  9.09  6.84  23 1015.7  23.5  24.7  20.9 99.0 99.00
2016 04 05 04 50  94  2.5  3.5  2.11 10.00  7.09  61 1015.2  23.4  24.7  20.8 99.0 99.00
2016 04 05 05 50  47  0.6  1.3  2.00  9.09  6.86  51 1014.6  23.4  24.7  20.9 99.0 99.00
2016 04 05 06 50 236  0.9  2.3  1.92  9.09  6.92  51 1013.8  23.4  24.7  20.9 99.0 99.00
2016 04 05 07 50 275  3.0  4.3  1.76  9.09  6.83  60 1013.6  23.5  24.7  20.8 99.0 99.00
2016 04 05 08 50 328  2.0  2.8  1.84  9.09  6.91  56 1013.6  23.4  24.7  19.6 99.0 99.00
2016 04 05 09 50 312  4.6  5.5  1.81 10.00  6.85  96 1014.0  23.6  24.7  20.3 99.0 99.00
2016 04 05 10 50 332  6.8  7.9  1.56  9.09  6.51  45 1014.5  23.5  24.7  20.3 99.0 99.00
2016 04 05 11 50 346  7.2  8.5  1.75 10.00  6.48 104 1015.3  23.3  24.7  19.4 99.0 99.00
2016 04 05 12 50 346  8.3 10.1  1.62  9.09  6.17  65 1015.6  22.9  24.7  18.5 99.0 99.00
2016 04 05 13 50 347  6.8  8.2  1.76  9.09  6.12  98 1016.2  22.9  24.7  18.0 99.0 99.00
2016 04 05 14 50   6  5.4  7.2  1.72 10.00  6.23  93 1016.7  23.1  24.8  16.1 99.0 99.00
2016 04 05 15 50  12  5.3  6.9  1.69 10.00  6.37  84 1016.6  23.1  24.8  15.9 99.0 99.00
2016 04 05 16 50   9  4.4  5.3  1.55  9.09  6.23  98 1016.2  22.9  24.9  16.2 99.0 99.00
2016 04 05 17 50 341  4.9  6.6  1.62 10.00  6.38  79 1015.7  23.1  25.0  16.0 99.0 99.00
2016 04 05 18 50 333  3.7  5.0  1.59  9.09  6.18 100 1015.3  23.1  25.0  15.4 99.0 99.00
2016 04 05 19 50 321  4.4  6.0  1.42  9.09  6.20  88 1015.1  23.3  25.0  15.2 99.0 99.00
2016 04 05 20 50 317  4.4  5.9  1.54 10.00  6.48  84 1015.2  23.1  25.1  15.8 99.0 99.00
2016 04 05 21 50 328  4.4  5.8  1.41 10.00  6.31  90 1015.4  23.0  25.0  16.7 99.0 99.00
2016 04 05 22 50 340  6.0  7.9  1.55  9.09  6.83 112 1015.9  22.8  25.0  17.2 99.0 99.00
2016 04 05 23 50 330  6.3  7.9  1.52  9.09  6.52  91 1016.5  22.7  24.9  16.8 99.0 99.00
2016 04 06 00 50 320  7.2  8.3  1.54 10.00  6.16  84 1017.2  22.7  24.8  15.6 99.0 99.00
2016 04 06 01 50 331  7.9  9.6  1.42  9.09  5.72  95 1017.8  22.8  24.7  13.2 99.0 99.00
2016 04 06 02 50 334  6.0  7.6  1.44 10.00  5.82 123 1018.1  22.7  24.7  12.9 99.0 99.00
2016 04 06 03 50 336  6.6  8.2  1.44 10.00  5.64 104 1018.1  22.6  24.7  14.2 99.0 99.00
2016 04 06 04 50 355 12.8 15.5  1.44  9.09  5.91  97 1017.2  22.2  24.7  17.8 99.0 99.00
2016 04 06 05 50   8 12.4 15.0  1.75  5.26  5.21 356 1017.2  21.9  24.7  16.5 99.0 99.00
2016 04 06 06 50   8 12.0 14.3  2.13  5.56  5.35   5 1017.3  21.6  24.7  16.0 99.0 99.00
2016 04 06 07 50   5 11.3 13.8  2.41  6.67  5.69   6 1017.6  21.3  24.6  15.2 99.0 99.00
2016 04 06 08 50  14 11.9 15.0  2.55  7.14  5.81  10 1017.9  20.7  24.6  14.5 99.0 99.00
2016 04 06 09 50   6 11.7 14.3  2.45  6.67  5.75  15 1018.5  20.2  24.5  13.1 99.0 99.00
2016 04 06 10 50  15 10.2 12.1  2.50  7.69  6.04   6 1020.0  19.9  24.5  11.2 99.0 99.00
2016 04 06 11 50  24  9.2 12.1  2.63  7.14  6.19  20 1020.8  19.9  24.5  10.6 99.0 99.00
2016 04 06 12 50  41  9.2 12.1  3.03  8.33  6.48   1 1021.4  19.8  24.5   9.6 99.0 99.00
2016 04 06 13 50  46  9.2 10.9  2.89  8.33  6.58 356 1021.9  20.1  24.5  10.1 99.0 99.00
2016 04 06 14 50  47  8.7 12.0  2.80  9.09  6.37   5 1022.5  20.5  24.5  10.9 99.0 99.00
2016 04 06 15 50  48  9.1 11.0  2.90  9.09  6.83  11 1022.4  20.9  24.5  11.1 99.0 99.00
2016 04 06 16 50  60  8.3  9.9  3.03 10.00  7.27 356 1022.0  21.1  24.5  12.1 99.0 99.00
2016 04 06 17 50  62 10.0 12.3  3.83 12.12  7.93 358 1021.3  21.0  24.6  11.8 99.0 99.00
2016 04 06 18 50  59  9.3 11.8  3.78 12.12  8.07 352 1020.9  21.1  24.5  10.8 99.0 99.00
2016 04 06 19 50  69  9.3 11.1  3.58 12.12  7.85 351 1020.4  21.2  24.5  12.7 99.0 99.00
2016 04 06 20 50  73  9.6 11.4  3.44 12.12  7.80 347 1019.9  21.3  24.5  12.9 99.0 99.00
2016 04 06 21 50  73 10.0 12.3  3.30 12.12  7.43 354 1019.5  21.2  24.5  13.2 99.0 99.00
2016 04 06 22 50  76 10.9 13.3  3.31 11.43  7.52 341 1019.5  21.1  24.5  13.8 99.0 99.00
2016 04 06 23 50  79 10.2 12.3  3.14 11.43  7.25 351 1020.1  21.1  24.5  13.8 99.0 99.00
2016 04 07 00 50  73  9.7 11.8  3.48 11.43  7.48 349 1020.9  21.1  24.5  13.3 99.0 99.00
2016 04 07 01 50  88  9.3 11.5  3.14 12.12  7.33 353 1021.1  21.4  24.5  13.1 99.0 99.00
2016 04 07 02 50  94 10.4 12.0  3.64 11.43  7.71 354 1020.6  21.4  24.5  13.3 99.0 99.00
2016 04 07 03 50 110  8.7 11.3  3.63 12.12  7.79 360 1020.3  21.9  24.5  12.0 99.0 99.00
2016 04 07 04 50 103  8.7 10.6  3.20 11.43  7.60 355 1019.6  21.9  24.5  12.8 99.0 99.00
2016 04 07 05 50 113  7.1  9.9  3.58 12.12  7.85   8 1019.3  22.1  24.5  13.1 99.0 99.00
2016 04 07 06 50 130  7.5 10.0  3.35 11.43  7.84   5 1018.8  22.4  24.5  13.5 99.0 99.00
2016 04 07 07 50 106  7.6  9.9  3.22 12.12  7.71  12 1017.9  22.4  24.5  13.2 99.0 99.00
2016 04 07 08 50 170  6.7 10.8  3.32 11.43  7.98   8 1018.2  21.6  24.4  14.9 99.0 99.00
2016 04 07 09 50 122  9.0 11.1  2.73 11.43  7.29   9 1018.1  21.9  24.5  15.3 99.0 99.00
2016 04 07 10 50 121  2.0  2.9  2.72 11.43  7.50   4 1019.3  21.7  24.4  15.8 99.0 99.00
2016 04 07 11 50 151  7.2  9.1  2.71 11.43  7.61  11 1018.1  23.1  24.4  12.9 99.0 99.00
2016 04 07 12 50 154  5.6  7.7  2.52 10.81  7.57  11 1018.9  23.3  24.4  12.6 99.0 99.00
2016 04 07 13 50 155  4.8  6.5  2.78 12.12  7.51  11 1018.8  23.4  24.5  12.2 99.0 99.00
2016 04 07 14 50 182  5.6  7.8  2.67 12.90  7.46  17 1018.7  23.3  24.5  13.3 99.0 99.00
2016 04 07 15 50 163  5.1  7.0  2.62 11.43  7.49  21 1019.0  23.2  24.5  12.9 99.0 99.00
2016 04 07 16 50 156  6.2  7.5  2.97 12.12  8.33  23 1018.1  23.3  24.6  13.6 99.0 99.00
2016 04 07 17 50 155  6.6  8.2  2.41 10.81  7.47  13 1017.4  23.4  24.6  14.6 99.0 99.00
2016 04 07 18 50 159  6.7  8.3  2.32 12.90  7.27  21 1016.5  23.6  24.6  15.4 99.0 99.00
2016 04 07 19 50 171  8.1 10.2  2.32 12.12  7.21  18 1015.5  23.7  24.7  16.0 99.0 99.00
2016 04 07 20 50 171  6.9  8.6  2.40 11.43  7.13  29 1015.3  23.8  24.6  16.3 99.0 99.00
2016 04 07 21 50 182  7.4  9.0  2.55 11.43  7.42  25 1015.3  24.0  24.6  17.0 99.0 99.00
2016 04 07 22 50 196  6.5  8.2  2.19 11.43  6.82  33 1015.5  24.1  24.6  15.9 99.0 99.00
2016 04 07 23 50 184  8.0  9.5  2.27 10.00  6.94  56 1015.6  24.0  24.5  17.2 99.0 99.00
2016 04 08 00 50 184  8.7 10.3  2.32 10.00  6.90  49 1015.5  23.9  24.5  18.2 99.0 99.00
2016 04 08 01 50 182  8.6 10.6  2.24 12.12  6.75  22 1015.6  24.1  24.5  18.7 99.0 99.00
2016 04 08 02 50 186  8.3 10.3  2.38 12.90  6.77  33 1015.5  24.1  24.4  18.7 99.0 99.00
2016 04 08 03 50 193  7.9  9.3  2.30 11.43  6.45  25 1015.5  23.7  24.4  19.4 99.0 99.00
2016 04 08 04 50 190  7.4  8.8  2.14 12.90  6.21  32 1015.2  23.7  24.3  19.3 99.0 99.00
2016 04 08 05 50 191  7.0  8.6  2.19 11.43  6.62  34 1014.6  24.0  24.3  19.3 99.0 99.00
2016 04 08 06 50 214  6.7  8.1  2.36 12.90  6.93  29 1014.1  23.7  24.3  19.4 99.0 99.00
2016 04 08 07 50 224  6.2  7.6  2.40 12.90  7.08  34 1013.8  23.7  24.3  19.4 99.0 99.00
2016 04 08 08 50 235  6.7  8.2  2.15 12.12  6.78  39 1013.7  23.9  24.3  19.2 99.0 99.00
2016 04 08 09 50 243  5.9  7.3  2.21 12.12  7.04  34 1014.4  23.8  24.3  19.0 99.0 99.00
2016 04 08 10 50 257  5.2  6.6  2.15 12.12  7.27  37 1014.7  23.9  24.3  18.5 99.0 99.00
2016 04 08 11 50 259  4.9  6.5  1.99 10.81  7.13  44 1015.2  23.9  24.3  18.2 99.0 99.00
2016 04 08 12 50 254  4.1  5.3  2.04 12.12  7.26  17 1015.6  23.9  24.3  18.4 99.0 99.00
2016 04 08 13 50 256  3.6  4.8  2.07 12.12  7.24  26 1016.0  23.8  24.4  18.4 99.0 99.00
2016 04 08 14 50 236  3.4  4.2  1.87 11.43  7.13  30 1016.2  23.9  24.6  19.0 99.0 99.00
2016 04 08 15 50 243  3.6  4.8  2.07 11.43  7.43  34 1016.0  24.0  24.8  19.0 99.0 99.00
2016 04 08 16 50 244  3.3  4.7  1.92 11.43  7.49  34 1015.8  24.0  24.9  19.1 99.0 99.00
2016 04 08 17 50 256  3.9  5.0  1.89 10.00  7.25  75 1015.4  24.0  25.0  18.5 99.0 99.00
2016 04 08 18 50 235  4.8  6.1  1.63 10.00  6.91  79 1014.8  24.1  25.1  19.1 99.0 99.00
2016 04 08 19 50 238  4.6  5.5  1.78 11.43  7.30  39 1014.5  24.3  25.0  18.5 99.0 99.00
2016 04 08 20 50 240  4.1  5.3  1.72 11.43  6.98  38 1014.3  24.3  25.0  18.7 99.0 99.00
2016 04 08 21 50 228  4.8  5.9  1.64  9.09  7.02  81 1014.5  24.4  24.9  18.7 99.0 99.00
2016 04 08 22 50 211  5.5  6.8  1.66 11.43  6.94  35 1014.5  24.3  24.9  19.2 99.0 99.00
2016 04 08 23 50 203  5.8  6.9  1.54 10.81  6.72  51 1014.8  24.3  24.8  19.7 99.0 99.00
2016 04 09 00 50 204  6.0  7.3  1.50  9.09  6.33  70 1015.2  24.2  24.7  20.0 99.0 99.00
2016 04 09 01 50 216  5.3  6.5  1.44 10.81  6.16  48 1016.0  24.4  24.6  20.4 99.0 99.00
2016 04 09 02 50 229  6.2  7.5  1.55  9.09  6.08  88 1015.9  24.3  24.6  20.3 99.0 99.00
2016 04 09 03 50 238  5.9  7.2  1.59 10.00  5.98  76 1015.6  24.3  24.6  20.1 99.0 99.00
2016 04 09 04 50 251  5.8  6.8  1.43 10.00  5.94  82 1015.3  24.0  24.5  20.5 99.0 99.00
2016 04 09 05 50 245  6.6  7.6  1.46 10.00  6.11  76 1014.7  23.8  24.5  20.3 99.0 99.00
2016 04 09 06 50 251  6.3  7.4  1.43  9.09  5.87  94 1014.2  23.7  24.5  20.3 99.0 99.00
2016 04 09 07 50 253  6.0  7.5  1.38  9.09  6.05  70 1014.1  23.6  24.5  20.0 99.0 99.00
2016 04 09 08 50 252  5.7  6.8  1.40  9.09  6.18  87 1014.6  23.6  24.5  19.7 99.0 99.00
2016 04 09 09 50 267  5.1  6.1  1.36  9.09  6.13  75 1014.7  23.6  24.5  18.7 99.0 99.00
2016 04 09 10 50 268  5.4  6.3  1.39  8.33  6.17  68 1015.1  23.7  24.4  18.7 99.0 99.00
2016 04 09 11 50 262  4.4  5.6  1.36  8.33  6.12  78 1015.6  23.7  24.4  19.0 99.0 99.00
2016 04 09 12 50 263  3.9  4.8  1.30  8.33  6.11  82 1015.8  23.9  24.5  19.0 99.0 99.00
2016 04 09 13 50 258  3.9  4.7  1.45  9.09  6.54  64 1016.3  23.9  24.5  19.3 99.0 99.00
2016 04 09 14 50 249  4.2  5.1  1.34 10.00  6.33  87 1016.6  23.8  24.6  19.7 99.0 99.00
2016 04 09 15 50 248  4.7  5.9  1.30  8.33  6.11  70 1016.5  23.8  24.7  19.9 99.0 99.00
2016 04 09 16 50 246  5.0  6.1  1.36  9.09  6.24  93 1016.2  23.9  24.8  20.0 99.0 99.00
2016 04 09 17 50 253  5.7  6.9  1.24  7.69  6.13  85 1015.6  24.1  24.9  20.1 99.0 99.00
2016 04 09 18 50 261  6.2  7.2  1.38  9.09  6.12  90 1015.3  24.2  24.9  19.9 99.0 99.00
2016 04 09 19 50 283  6.2  7.4  1.30  9.09  5.78  87 1015.2  24.3  24.9  18.9 99.0 99.00
2016 04 09 20 50 287  5.8  7.1  1.26  9.09  5.65  80 1015.1  24.3  24.9  19.0 99.0 99.00
2016 04 09 21 50 284  4.4  5.2  1.39 10.00  6.05  88 1015.4  24.4  24.8  17.9 99.0 99.00
2016 04 09 22 50 281  3.7  4.8  1.36  9.09  5.94  96 1015.6  24.0  24.8  18.9 99.0 99.00
2016 04 09 23 50 278  3.0  3.6  1.34  8.33  6.04  80 1016.0  23.8  24.7  18.9 99.0 99.00
2016 04 10 00 50 300  3.5  4.4  1.43 10.00  6.22  81 1016.6  23.8  24.7  19.2 99.0 99.00
2016 04 10 01 50 304  4.0  5.2  1.46  9.09  6.15  90 1017.2  23.7  24.7  19.1 99.0 99.00
2016 04 10 02 50 323  5.6  7.7  1.46  6.67  6.15 302 1017.3  23.7  24.6  19.4 99.0 99.00
2016 04 10 03 50 342  6.6  7.7  1.57  9.09  6.05  91 1017.9  23.1  24.7  18.7 99.0 99.00
2016 04 10 04 50 354  7.1  8.2  1.43  9.09  6.00  86 1018.1  22.9  24.5  17.8 99.0 99.00
2016 04 10 05 50 344  7.8  9.4  1.48  9.09  5.53 100 1018.2  22.8  24.5  16.7 99.0 99.00
2016 04 10 06 50 355  8.5  9.8  1.61  9.09  5.57 100 1018.0  22.3  24.5  15.9 99.0 99.00
2016 04 10 07 50 348  8.1 10.3  1.65  7.14  5.54 329 1018.3  22.1  24.4  14.4 99.0 99.00
2016 04 10 08 50 358  7.9 10.0  1.49  9.09  5.35  68 1018.8  22.1  24.3  14.4 99.0 99.00
2016 04 10 09 50   6  7.6  9.0  1.65  9.09  5.34  89 1019.2  21.9  24.2  13.3 99.0 99.00
2016 04 10 10 50   8  8.1  9.8  1.48  8.33  5.34  82 1019.6  22.0  24.2  13.5 99.0 99.00
2016 04 10 11 50  15  8.8 10.7  1.44  9.09  5.29  97 1020.6  21.9  24.2  13.7 99.0 99.00
2016 04 10 12 50  16  9.2 11.2  1.58  8.33  5.37  68 1020.8  21.8  24.2  14.0 99.0 99.00
2016 04 10 13 50  18 10.0 12.1  1.67  8.33  5.25  54 1021.4  21.6  24.2  14.3 99.0 99.00
2016 04 10 14 50  20  9.7 12.6  1.87  9.09  5.56 359 1022.4  21.4  24.3  13.3 99.0 99.00
2016 04 10 15 50  33  9.2 11.3  2.00  5.26  5.56   2 1022.7  21.6  24.3  14.3 99.0 99.00
2016 04 10 16 50  29  9.6 11.8  2.37  9.09  5.97 344 1022.6  21.5  24.3  14.2 99.0 99.00
2016 04 10 17 50  34  9.0 11.0  2.26  9.09  6.01   7 1022.7  21.4  24.3  13.3 99.0 99.00
2016 04 10 18 50  38  8.4 10.3  2.29  9.09  6.08 344 1022.4  21.4  24.3  12.9 99.0 99.00
2016 04 10 19 50  40  8.5 10.1  2.15  9.09  5.95 330 1022.1  21.5  24.3  13.0 99.0 99.00
2016 04 10 20 50  50  8.5 10.7  2.03  8.33  5.88  11 1022.2  21.7  24.3  13.0 99.0 99.00
2016 04 10 21 50  49  8.7 10.3  2.15  9.09  6.16 358 1022.5  21.8  24.3  13.5 99.0 99.00
2016 04 10 22 50  44 10.8 13.0  2.21  8.33  5.89 342 1022.5  21.6  24.4  15.7 99.0 99.00
2016 04 10 23 50  45 11.2 12.9  2.23  9.09  5.79 349 1022.6  21.5  24.4  15.4 99.0 99.00
2016 04 11 00 50  42 10.6 12.8  2.65  7.69  6.09 352 1023.3  21.5  24.4  15.6 99.0 99.00
2016 04 11 01 50  45  9.2 11.2  2.36  9.09  6.06 335 1023.8  21.5  24.3  15.2 99.0 99.00
2016 04 11 02 50  54  8.6 10.4  2.57  7.69  6.11 336 1024.1  21.6  24.3  14.8 99.0 99.00
2016 04 11 03 50  47  8.2  9.8  2.39  7.14  6.16   8 1024.2  21.6  24.3  14.4 99.0 99.00
2016 04 11 04 50  39  9.5 11.1  2.65  8.33  6.57   3 1023.8  21.5  24.3  15.0 99.0 99.00
2016 04 11 05 50  45 10.1 12.3  2.68 10.81  6.61 338 1022.9  21.5  24.3  14.7 99.0 99.00
2016 04 11 06 50  45  9.3 13.3  2.75 10.81  6.55 353 1022.5  21.6  24.3  14.7 99.0 99.00
2016 04 11 07 50  58  9.4 11.6  2.55 10.81  6.30 353 1022.0  21.7  24.2  14.2 99.0 99.00
2016 04 11 08 50  57  9.9 11.7  2.77 10.00  6.58 359 1022.0  21.5  24.2  14.5 99.0 99.00
2016 04 11 09 50  59  9.8 12.9  2.67 10.00  6.38 348 1022.2  21.5  24.2  14.1 99.0 99.00
2016 04 11 10 50  56  9.8 12.4  2.51 10.00  6.27 357 1022.5  21.5  24.2  13.8 99.0 99.00
2016 04 11 11 50  55  9.0 11.0  2.53  9.09  6.25   7 1022.7  21.7  24.1  13.7 99.0 99.00
2016 04 11 12 50  66  9.3 11.0  2.31  9.09  6.27   4 1022.6  21.6  24.2  14.0 99.0 99.00
2016 04 11 13 50  52  9.3 11.1  2.27  9.09  6.11   1 1022.9  21.7  24.2  14.9 99.0 99.00
2016 04 11 14 50  60  8.4 10.1  2.22 10.00  6.16 354 1023.3  21.9  24.2  15.4 99.0 99.00
2016 04 11 15 50  55  7.9  9.6  2.33  8.33  6.21  21 1023.4  22.2  24.2  16.0 99.0 99.00
2016 04 11 16 50  64  8.1  9.4  2.50  7.14  6.37  56 1023.1  22.4  24.2  16.5 99.0 99.00
2016 04 11 17 50  56  8.1  9.2  2.29  8.33  6.20  26 1023.0  22.6  24.2  16.9 99.0 99.00
2016 04 11 18 50  50  9.0 10.6  2.30  9.09  6.25  40 1021.9  22.7  24.3  17.1 99.0 99.00
2016 04 11 19 50  57  8.6 10.6  2.23  9.09  6.14  37 1021.4  22.8  24.2  17.6 99.0 99.00
2016 04 11 20 50  61  8.9 10.6  2.09  8.33  5.88  73 1021.0  22.8  24.2  18.0 99.0 99.00
2016 04 11 21 50  60  9.1 10.4  2.19  7.14  5.86  73 1020.8  22.8  24.2  18.2 99.0 99.00
2016 04 11 22 50  70  9.7 11.0  2.38  8.33  6.07  74 1020.4  22.8  24.2  18.4 99.0 99.00
2016 04 11 23 50  66 10.0 12.1  2.24  8.33  5.87  73 1020.4  22.8  24.2  18.6 99.0 99.00
2016 04 12 00 50  72 10.5 12.3  2.47  8.33  5.93  85 1020.5  22.9  24.2  18.9 99.0 99.00
2016 04 12 01 50  71 10.1 12.0  2.30  7.69  5.88  68 1020.7  23.0  24.2  19.0 99.0 99.00
2016 04 12 02 50  78  9.8 11.7  2.23  8.33  5.81  70 1020.5  23.0  24.2  19.5 99.0 99.00
2016 04 12 03 50  80  8.8 10.5  2.42  7.69  6.05  73 1020.6  23.0  24.2  19.3 99.0 99.00
2016 04 12 04 50  76  8.4  9.7  2.40  8.33  5.97  86 1020.5  23.1  24.1  19.2 99.0 99.00
2016 04 12 05 50  68  8.6 10.1  2.30  8.33  6.04  82 1019.8  23.1  24.1  19.4 99.0 99.00
2016 04 12 06 50  71  8.3  9.8  2.45  7.69  6.24  74 1019.4  23.1  24.2  19.5 99.0 99.00
2016 04 12 07 50  70  8.0  9.9  2.25  8.33  6.10  83 1018.9  23.1  24.2  19.5 99.0 99.00
2016 04 12 08 50  77  8.4 10.3  2.23  6.67  6.15  65 1018.4  23.0  24.2  19.3 99.0 99.00
2016 04 12 09 50  73  7.8  9.2  2.18  7.69  6.12  71 1018.8  23.1  24.2  19.3 99.0 99.00
2016 04 12 10 50  72  7.4  8.8  2.23  8.33  6.22  66 1019.2  23.2  24.3  19.5 99.0 99.00
2016 04 12 11 50  63  7.1  8.3  2.24  8.33  6.31  69 1019.8  23.3  24.3  19.3 99.0 99.00
2016 04 12 12 50  67  6.5  7.7  2.08  8.33  6.38  81 1020.0  23.3  24.3  19.4 99.0 99.00
2016 04 12 13 50  68  5.9  7.0  2.13  7.69  6.35  85 1020.2  23.3  24.4  19.6 99.0 99.00
2016 04 12 14 50  58  5.7  7.0  2.05  8.33  6.30  71 1020.5  23.3  24.4  19.8 99.0 99.00
2016 04 12 15 50  69  6.3  7.5  1.97  9.09  6.30  58 1020.0  22.9  24.5  20.0 99.0 99.00
2016 04 12 16 50  67  6.1  7.3  1.99  8.33  6.40  86 1019.4  22.5  24.5  19.9 99.0 99.00
2016 04 12 17 50  59  5.9  7.5  2.00  8.33  6.45  81 1019.3  22.2  24.6  19.7 99.0 99.00
2016 04 12 18 50  91  5.3  6.1  1.88 10.00  6.31  36 1018.5  23.5  24.6  19.8 99.0 99.00
2016 04 12 19 50  75  5.6  6.7  1.89  8.33  6.44  66 1018.1  23.1  24.7  19.6 99.0 99.00
2016 04 12 20 50  77  4.5  5.4  1.87  9.09  6.39  62 1018.3  22.9  24.7  19.9 99.0 99.00
2016 04 12 21 50  54  2.1  2.8  1.84  8.33  6.62  55 1018.5  23.7  24.7  19.5 99.0 99.00
2016 04 12 22 50  75  3.5  4.7  1.80  9.09  6.68  67 1018.5  23.8  24.7  19.5 99.0 99.00
2016 04 12 23 50  82  4.4  5.4  1.92  8.33  6.82  61 1018.7  23.4  24.6  19.7 99.0 99.00
2016 04 13 00 50  85  4.7  5.7  1.89  8.33  6.84  69 1018.9  23.5  24.6  19.6 99.0 99.00
2016 04 13 01 50  75  4.5  5.6  1.81  9.09  6.65  59 1019.0  23.5  24.5  19.3 99.0 99.00
2016 04 13 02 50  92  4.3  5.3  2.01  8.33  6.97  57 1019.0  23.5  24.4  19.4 99.0 99.00
2016 04 13 03 50  91  5.1  6.3  1.78  9.09  6.61  68 1018.4  23.4  24.4  19.3 99.0 99.00
2016 04 13 04 50 101  5.3  6.4  1.79  8.33  6.52  61 1017.9  23.4  24.3  19.3 99.0 99.00
2016 04 13 05 50 111  3.9  4.8  1.91  8.33  6.70  66 1017.9  23.3  24.3  19.1 99.0 99.00
2016 04 13 06 50 121  3.3  4.1  1.73  7.69  6.40  82 1017.5  23.3  24.3  18.7 99.0 99.00
2016 04 13 07 50 101  2.7  3.5  2.01  9.09  6.90  71 1017.3  23.2  24.3  18.6 99.0 99.00
2016 04 13 08 50 130  2.5  3.3  1.74  9.09  6.65  70 1017.2  23.2  24.3  18.6 99.0 99.00
2016 04 13 09 50  95  2.0  3.1  1.58  9.09  6.52  84 1017.4  23.2  24.3  18.6 99.0 99.00
2016 04 13 10 50  99  1.8  2.7  1.81  9.09  6.78  90 1017.8  23.4  24.2  18.6 99.0 99.00
2016 04 13 11 50  58  2.1  3.0  1.82  9.09  6.94  75 1018.2  23.7  24.3  18.2 99.0 99.00
2016 04 13 12 50  64  2.1  2.9  1.75  9.09  7.08  77 1018.4  23.6  24.4  18.3 99.0 99.00
2016 04 13 13 50  66  2.4  3.2  1.64  9.09  6.90  87 1018.5  23.6  24.5  18.5 99.0 99.00
2016 04 13 14 50  83  2.4  3.5  1.67  9.09  6.91  79 1018.7  23.7  24.7  18.4 99.0 99.00
2016 04 13 15 50  84  3.2  4.1  1.57  9.09  6.88  80 1018.4  23.6  24.9  18.7 99.0 99.00
2016 04 13 16 50  75  2.8  3.8  1.46  9.09  6.70  74 1017.9  23.5  25.1  18.6 99.0 99.00
2016 04 13 17 50  61  2.7  4.1  1.55  9.09  6.75  83 1017.5  23.6  25.3  18.5 99.0 99.00
2016 04 13 18 50  49  2.6  3.7  1.50  9.09  6.91  84 1016.9  23.7  25.4  18.2 99.0 99.00
2016 04 13 19 50  45  2.4  3.5  1.45  8.33  6.78  92 1016.2  23.8  25.5  17.8 99.0 99.00
2016 04 13 20 50  95  2.0  3.0  1.56  7.14  6.83  87 1015.9  23.8  25.7  18.2 99.0 99.00
2016 04 13 21 50  38  2.2  3.0  1.62  9.09  7.02  85 1016.3  24.1  25.6  18.4 99.0 99.00
2016 04 13 22 50  54  2.4  3.3  1.51  8.33  6.92  84 1015.8  23.7  25.5  18.3 99.0 99.00
2016 04 13 23 50  60  1.9  2.9  1.47  8.33  6.95  87 1016.2  23.7  25.4  18.3 99.0 99.00
2016 04 14 00 50  72  1.4  3.0  1.43  8.33  6.88  89 1016.9  23.6  25.2  18.4 99.0 99.00
2016 04 14 01 50  61  1.4  2.2  1.53  8.33  6.92  84 1017.4  23.6  25.2  18.4 99.0 99.00
2016 04 14 02 50  33  3.2  4.1  1.58  9.09  7.00  91 1017.2  23.6  25.1  18.1 99.0 99.00
2016 04 14 03 50  25  1.3  2.3  1.63  8.33  6.95  84 1016.9  23.2  25.1  18.6 99.0 99.00
2016 04 14 04 50  51  3.0  4.1  1.52  8.33  6.79  89 1016.6  22.8  25.0  18.9 99.0 99.00
2016 04 14 05 50 202  3.8  4.9  1.52  8.33  6.78  89 1015.9  22.2  24.9  18.2 99.0 99.00
2016 04 14 06 50 102  0.9  1.8  1.44  9.09  6.68  84 1015.4  22.4  24.8  18.4 99.0 99.00
2016 04 14 07 50  49  2.5  3.7  1.42  8.33  6.65  82 1015.2  22.9  24.8  18.2 99.0 99.00
2016 04 14 08 50  20  2.2  3.3  1.40  8.33  6.72  93 1015.1  22.8  24.9  18.4 99.0 99.00
2016 04 14 09 50  38  2.7  4.2  1.52  9.09  6.89  92 1015.3  22.9  25.0  18.4 99.0 99.00
2016 04 14 10 50  42  3.2  4.3  1.53  8.33  6.94  96 1015.5  23.1  24.9  18.4 99.0 99.00
2016 04 14 11 50  62  2.9  3.9  1.32  7.69  6.74  99 1016.3  23.4  25.0  18.1 99.0 99.00
2016 04 14 12 50  52  3.3  3.9  1.31  9.09  6.73 109 1016.4  23.3  25.0  18.1 99.0 99.00
2016 04 14 13 50   6  3.1  4.1  1.33  8.33  6.79 108 1016.8  23.1  25.0  18.3 99.0 99.00
2016 04 14 14 50  26  3.4  4.3  1.36  8.33  6.80 108 1016.7  23.2  25.1  18.0 99.0 99.00
2016 04 14 15 50  22  2.8  3.6  1.34  9.09  6.79 109 1016.5  23.2  25.2  18.1 99.0 99.00
2016 04 14 16 50  14  2.1  2.7  1.35  8.33  6.81  88 1016.1  23.2  25.5  18.0 99.0 99.00
2016 04 14 17 50   7  2.5  3.3  1.29  8.33  6.79 103 1015.6  23.3  25.7  18.0 99.0 99.00
2016 04 14 18 50 356  2.8  3.9  1.37  8.33  6.73  91 1015.4  23.4  25.7  17.9 99.0 99.00
2016 04 14 19 50 360  3.5  4.9  1.27  7.69  6.81 107 1015.1  23.6  25.7  17.9 99.0 99.00
2016 04 14 20 50  10  4.6  5.6  1.47  8.33  7.34  88 1015.1  23.6  25.6  18.0 99.0 99.00
2016 04 14 21 50  13  6.2  7.8  1.47  8.33  6.79  99 1015.1  23.6  25.5  18.5 99.0 99.00
2016 04 14 22 50  14  6.0  7.1  1.49  8.33  6.61  93 1015.3  23.2  25.4  17.8 99.0 99.00
2016 04 14 23 50  24  6.0  7.3  1.43  8.33  6.47  70 1015.6  23.2  25.3  17.8 99.0 99.00
2016 04 15 00 50  26  5.9  7.0  1.56  9.09  6.51  55 1016.0  23.2  25.3  17.8 99.0 99.00
2016 04 15 01 50  41  6.1  7.1  1.45  8.33  6.43  95 1016.1  23.1  25.3  17.6 99.0 99.00
2016 04 15 02 50  38  5.9  7.0  1.54  8.33  6.23  63 1016.1  23.1  25.2  17.8 99.0 99.00
2016 04 15 03 50  29  5.4  7.2  1.58  8.33  6.39  74 1016.3  23.1  25.2  17.7 99.0 99.00
2016 04 15 04 50  36  5.6  6.7  1.62  8.33  6.45  70 1015.9  23.0  25.1  18.0 99.0 99.00
2016 04 15 05 50  35  5.8  7.7  1.60  8.33  6.14  45 1015.3  23.0  25.1  17.6 99.0 99.00
2016 04 15 06 50  52  5.6  6.7  1.48  8.33  6.25  52 1014.6  22.9  25.1  17.5 99.0 99.00
2016 04 15 07 50  44  5.6  6.8  1.64  9.09  6.59  44 1014.1  22.7  25.0  17.4 99.0 99.00
2016 04 15 08 50  39  6.4  8.2  1.57  8.33  6.29  68 1014.2  22.8  25.0  17.1 99.0 99.00
2016 04 15 09 50  51  6.4  7.7  1.63  9.09  6.30  61 1014.7  22.7  25.0  16.6 99.0 99.00
2016 04 15 10 50  57  6.0  7.5  1.55  8.33  6.24  66 1015.0  22.9  24.9  16.3 99.0 99.00
2016 04 15 11 50  56  5.9  7.3  1.74  9.09  6.66  52 1015.5  23.1  24.9  16.2 99.0 99.00
2016 04 15 12 50  57  6.6  7.9  1.69  9.09  6.66  49 1015.6  23.1  24.9  16.1 99.0 99.00
2016 04 15 13 50  66  6.9  8.7  1.68  8.33  6.49  36 1016.0  23.0  25.0  17.0 99.0 99.00
2016 04 15 14 50  61  6.1  7.1  1.81  9.09  6.55  41 1016.4  23.0  25.0  16.5 99.0 99.00
2016 04 15 15 50  61  6.2  7.7  1.66  9.09  6.29  25 1016.1  23.0  25.1  16.6 99.0 99.00
2016 04 15 16 50  50  6.6  8.8  1.67  9.09  6.40  33 1015.9  23.0  25.1  16.9 99.0 99.00
2016 04 15 17 50  64  7.1  8.5  1.84  9.09  6.69  40 1015.5  23.1  25.1  17.0 99.0 99.00
2016 04 15 18 50  56  6.4  8.0  1.76  9.09  6.25  36 1015.4  23.1  25.1  16.7 99.0 99.00
2016 04 15 19 50  62  6.3  8.1  1.77  8.33  6.30  50 1015.2  23.2  25.1  16.8 99.0 99.00
2016 04 15 20 50  60  6.8  8.2  1.70  8.33  6.27  40 1015.1  23.2  25.1  17.0 99.0 99.00
2016 04 15 21 50  51  7.0  8.3  1.89  8.33  6.56  38 1015.2  23.2  25.1  17.2 99.0 99.00
2016 04 15 22 50  55  7.2  8.6  1.91  9.09  6.47  48 1015.8  23.0  25.1  18.1 99.0 99.00
2016 04 15 23 50  69  8.0  9.8  1.98  9.09  6.62  50 1015.8  22.9  25.0  18.0 99.0 99.00
2016 04 16 00 50  71  7.5  9.1  1.97  8.33  6.29  34 1016.2  22.8  25.0  18.2 99.0 99.00
2016 04 16 01 50  69  8.8 10.1  2.11  8.33  6.21  53 1016.1  22.8  25.0  18.3 99.0 99.00
2016 04 16 02 50  69  9.3 11.2  2.03  7.69  6.10  25 1016.0  22.8  24.9  18.2 99.0 99.00
2016 04 16 03 50  62  9.3 11.0  2.11  7.69  6.05  31 1015.9  21.8  24.9  18.2 99.0 99.00
2016 04 16 04 50  58  9.2 10.9  1.99  6.67  5.72  37 1015.3  22.7  24.9  17.5 99.0 99.00
2016 04 16 05 50  40  9.2 11.5  2.09  7.14  5.77  22 1014.6  22.1  24.8  17.4 99.0 99.00
2016 04 16 06 50  58  9.4 11.5  2.22  8.33  5.75  69 1014.0  21.5  24.8  17.7 99.0 99.00
2016 04 16 07 50  70  9.9 11.6  2.23 10.00  5.90   6 1013.9  21.2  24.8  17.6 99.0 99.00
2016 04 16 08 50  61 10.3 12.6  2.44  9.09  6.22  29 1013.9  21.7  24.8  16.9 99.0 99.00
2016 04 16 09 50  50 10.4 12.2  2.46  9.09  6.11  27 1014.5  21.7  24.8  16.8 99.0 99.00
2016 04 16 10 50  49 10.4 12.3  2.58  9.09  6.37  33 1015.1  21.5  24.8  16.5 99.0 99.00
2016 04 16 11 50  46  9.9 12.0  2.67  7.69  6.47  26 1015.6  21.0  24.8  16.1 99.0 99.00
2016 04 16 12 50  47  8.7 10.5  2.51  9.09  6.44  33 1016.0  21.6  24.8  15.5 99.0 99.00
2016 04 16 13 50  39  8.0  9.9  2.46 10.00  6.53  14 1016.5  21.7  24.9  15.3 99.0 99.00
2016 04 16 14 50  42  7.5  9.1  2.59  8.33  6.76  31 1016.8  21.7  24.9  14.3 99.0 99.00
2016 04 16 15 50  45  8.5 10.4  2.61  9.09  6.80  30 1016.3  21.8  25.0  14.9 99.0 99.00
2016 04 16 16 50  46  7.2  9.2  2.53  9.09  6.68  30 1016.3  21.7  25.0  13.4 99.0 99.00
2016 04 16 17 50  54  6.9  9.1  2.40 10.81  6.74  10 1016.0  21.8  25.0  13.8 99.0 99.00
2016 04 16 18 50  34  8.5 10.4  2.24  9.09  6.81  23 1015.5  21.7  25.0  15.0 99.0 99.00
2016 04 16 19 50  30  7.7  9.3  2.39  8.33  6.73  30 1015.3  21.5  25.0  14.1 99.0 99.00
2016 04 16 20 50  26  7.5  9.1  2.58  8.33  7.01  45 1015.3  21.6  24.9  13.9 99.0 99.00
2016 04 16 21 50  25  9.6 11.7  2.59 10.81  6.82  23 1015.3  21.4  24.9  15.2 99.0 99.00
2016 04 16 22 50  33  8.7 11.2  2.71 10.00  7.10  20 1015.7  21.4  24.9  15.2 99.0 99.00
2016 04 16 23 50  18  8.9 11.1  2.44  7.14  6.43  17 1016.1  21.2  24.8  14.3 99.0 99.00
2016 04 17 00 50  26  8.5 10.7  2.81  8.33  6.89  23 1016.4  21.1  24.8  13.5 99.0 99.00
2016 04 17 01 50  23  7.9  9.8  2.78 11.43  7.08  27 1016.9  21.0  24.8  13.2 99.0 99.00
2016 04 17 02 50  23  7.1  9.4  2.78 10.00  7.06  13 1017.1  21.1  24.8  13.4 99.0 99.00
2016 04 17 03 50  28  9.1 11.1  2.71 10.00  7.15  14 1017.1  20.4  24.7  14.2 99.0 99.00
2016 04 17 04 50   5  8.2 10.7  2.67 10.81  6.92   5 1017.0  20.2  24.8  13.3 99.0 99.00
2016 04 17 05 50   8  8.8 11.9  2.70 10.00  7.11  15 1016.4  20.5  24.7  12.6 99.0 99.00
2016 04 17 06 50 355  8.1 10.1  2.74  9.09  7.04  19 1015.8  20.6  24.7  12.4 99.0 99.00
2016 04 17 07 50 353  9.4 12.7  2.66 12.90  6.71  31 1015.6  20.5  24.7  12.4 99.0 99.00
2016 04 17 08 50 357  9.0 11.3  2.83 12.12  6.83  18 1015.9  20.6  24.7  10.9 99.0 99.00
2016 04 17 09 50 356  8.7 11.3  2.63 12.12  6.68  13 1016.1  20.5  24.7  11.6 99.0 99.00
2016 04 17 10 50   2  9.9 11.4  2.70 12.90  6.94  16 1016.6  20.3  24.7  12.6 99.0 99.00
2016 04 17 11 50   1  8.0 10.0  2.71 10.00  7.19  23 1017.4  20.4  24.7  10.6 99.0 99.00
2016 04 17 12 50 349  9.2 11.4  2.80 11.43  7.46  18 1017.6  20.8  24.7   9.7 99.0 99.00
2016 04 17 13 50   9  7.1  9.0  2.77 12.90  7.41  29 1017.8  20.7  24.7   8.9 99.0 99.00
2016 04 17 14 50 347  6.2  8.0  2.78 12.12  7.78  25 1017.8  20.6  24.8  10.7 99.0 99.00
2016 04 17 15 50 345  7.1  9.6  2.86 12.12  7.92  19 1017.6  20.7  24.8  11.1 99.0 99.00
2016 04 17 16 50 358  7.8 10.1  3.08 11.43  7.92  19 1017.4  21.0  24.9  10.4 99.0 99.00
2016 04 17 17 50 352  6.4  8.3  2.88 11.43  8.06  21 1017.3  21.0  24.9  11.6 99.0 99.00
2016 04 17 18 50 342  7.5  9.6  3.01 11.43  8.03  21 1016.8  21.0  25.0  13.2 99.0 99.00
2016 04 17 19 50 337  7.7  9.5  2.93 10.00  7.77  15 1016.3  21.0  25.0  13.4 99.0 99.00
2016 04 17 20 50 347  7.6  9.4  3.21 10.81  8.08  11 1016.0  21.1  25.0  14.1 99.0 99.00
2016 04 17 21 50 339  7.8 10.1  3.29 12.12  8.20  17 1016.0  21.3  25.0  13.9 99.0 99.00
2016 04 17 22 50 334  9.3 11.4  3.31 12.90  8.13  17 1016.2  20.3  25.0  15.0 99.0 99.00
2016 04 17 23 50 356 10.7 12.8  3.28 12.12  8.22  28 1016.2  20.9  25.0  15.0 99.0 99.00
2016 04 18 00 50 357  8.8 11.3  3.68 10.00  8.25  23 1016.5  21.4  25.0  14.5 99.0 99.00
2016 04 18 01 50 351  8.4 10.6  3.71 12.90  8.43  24 1017.0  21.3  25.0  14.1 99.0 99.00
2016 04 18 02 50 354  8.0 10.4  3.65 12.90  8.49  19 1017.0  21.3  24.9  14.6 99.0 99.00
2016 04 18 03 50 354  7.3  9.3  3.91 13.79  9.16  19 1016.9  21.3  24.9  14.4 99.0 99.00
2016 04 18 04 50 346  8.0 10.3  3.48 13.79  8.70  17 1016.7  21.1  24.9  14.4 99.0 99.00
2016 04 18 05 50 344  7.5  9.7  3.75 12.12  8.58  28 1016.3  21.1  24.9  14.6 99.0 99.00
2016 04 18 06 50 337  7.3  9.4  3.55 12.12  8.26  23 1015.7  21.0  24.9  14.7 99.0 99.00
2016 04 18 07 50 336  7.3  9.7  3.98 12.12  8.79  15 1015.6  21.1  24.9  15.1 99.0 99.00
2016 04 18 08 50 356  8.8 12.2  3.75 11.43  8.57  15 1015.5  20.8  24.9  15.8 99.0 99.00
2016 04 18 09 50 345  7.7  9.6  3.40 12.12  8.22  14 1015.9  20.9  24.9  15.5 99.0 99.00
2016 04 18 10 50 358  9.3 11.8  3.31 12.90  8.36  14 1016.2  20.8  24.8  15.9 99.0 99.00
2016 04 18 11 50  14  7.7  9.6  3.46 12.12  8.27  21 1017.0  21.0  24.8  16.3 99.0 99.00
2016 04 18 12 50  12  6.6 10.3  3.33 12.12  8.30  20 1017.7  19.6  24.8  15.2 99.0 99.00
2016 04 18 13 50  18  8.2 10.5  3.09 12.90  7.97  18 1017.5  21.5  24.8  15.7 99.0 99.00
2016 04 18 14 50 359  8.4 10.9  3.51 12.12  8.28  16 1017.6  21.8  24.9  15.1 99.0 99.00
2016 04 18 15 50 357  8.3 10.5  3.72 12.90  8.41  21 1017.7  21.8  24.9  15.6 99.0 99.00
2016 04 18 16 50 356  8.9 10.9  3.52 11.43  8.00  14 1017.5  21.7  24.9  15.7 99.0 99.00
2016 04 18 17 50   1  9.4 11.5  3.41 12.90  7.85  28 1017.4  21.5  24.9  15.9 99.0 99.00
2016 04 18 18 50   9  9.3 11.6  3.50 12.90  8.03  32 1017.0  21.4  24.9  16.2 99.0 99.00
2016 04 18 19 50 359  9.3 11.4  4.02 12.90  8.20  15 1016.6  21.8  24.9  15.6 99.0 99.00
2016 04 18 20 50 352  9.0 11.5  3.40 12.12  7.86  24 1016.7  21.9  24.9  15.2 99.0 99.00
2016 04 18 21 50 360  9.2 11.9  3.36 11.43  7.86  18 1016.8  21.8  24.9  15.5 99.0 99.00
2016 04 18 22 50 352  8.2  9.9  3.69 11.43  8.17  25 1017.0  21.7  24.9  14.8 99.0 99.00
2016 04 18 23 50 360  8.8 11.0  3.04 12.12  7.56  30 1017.2  21.6  24.9  15.3 99.0 99.00
2016 04 19 00 50 354  7.6  9.2  3.25 12.12  7.89  25 1018.0  21.5  24.9  14.8 99.0 99.00
2016 04 19 01 50 351  7.9 10.4  3.29 12.12  8.00  24 1018.2  21.4  24.9  14.6 99.0 99.00
2016 04 19 02 50 349  7.3  8.9  3.30 10.81  7.82  24 1018.5  21.5  24.8  14.8 99.0 99.00
2016 04 19 03 50 347  6.8  9.4  3.48 10.81  8.21  23 1018.1  21.4  24.7  14.3 99.0 99.00
2016 04 19 04 50 354  7.2  9.5  3.27 12.90  8.15  29 1018.0  21.5  24.7  14.5 99.0 99.00
2016 04 19 05 50   3  7.2  9.6  3.27 11.43  8.22  18 1017.7  21.3  24.7  14.1 99.0 99.00
2016 04 19 06 50 358  7.0  8.7  3.30 12.12  7.94  31 1017.2  21.1  24.7  12.8 99.0 99.00
2016 04 19 07 50 347  6.1  8.1  3.40 12.12  8.37  25 1017.2  21.0  24.6  12.9 99.0 99.00
2016 04 19 08 50 353  5.4  7.8  3.24 10.81  8.17  20 1017.0  21.1  24.6  13.0 99.0 99.00
2016 04 19 09 50   3  6.4  8.5  3.12 12.90  8.38  45 1017.0  21.1  24.6  13.7 99.0 99.00
2016 04 19 10 50 356  6.1  8.5  3.20 11.43  8.11  35 1017.6  21.2  24.6  12.8 99.0 99.00
2016 04 19 11 50  12  5.5  7.6  3.48 10.81  8.28  26 1018.2  21.4  24.6  12.9 99.0 99.00
2016 04 19 12 50   8  5.8  8.0  3.31 10.00  8.11  30 1018.7  21.5  24.6  13.2 99.0 99.00
2016 04 19 13 50   2  4.9  7.3  3.19 12.12  8.29  36 1019.1  21.6  24.6  12.6 99.0 99.00
2016 04 19 14 50  17  5.5  7.5  3.03 10.00  8.01  20 1019.4  21.6  24.7  13.4 99.0 99.00
2016 04 19 15 50   4  5.5  7.6  2.92 12.12  7.97  31 1019.8  21.7  24.7  13.9 99.0 99.00
2016 04 19 16 50   6  5.5  7.0  3.09 11.43  8.20  33 1019.8  21.7  24.7  15.0 99.0 99.00
2016 04 19 17 50 359  6.2  8.7  2.85 12.12  8.21  29 1019.0  21.5  24.8  14.5 99.0 99.00
2016 04 19 18 50 359  6.4  8.5  2.91 11.43  8.19  37 1018.5  21.4  24.8  14.0 99.0 99.00
2016 04 19 19 50 358  6.1  8.3  2.93 10.81  8.25  25 1017.9  21.4  24.8  13.7 99.0 99.00
2016 04 19 20 50   5  5.4  7.6  2.73 11.43  7.77  39 1017.4  21.4  24.8  13.3 99.0 99.00
2016 04 19 21 50 358  5.1  7.2  2.84 11.43  7.93  29 1017.7  21.4  24.8  13.0 99.0 99.00
2016 04 19 22 50  28  3.2  4.7  2.86 11.43  8.04  34 1018.2  21.4  24.7  12.1 99.0 99.00
2016 04 19 23 50  12  4.9  6.6  2.68 10.00  7.97  25 1017.9  21.4  24.7  12.8 99.0 99.00
2016 04 20 00 50  14  5.2  6.9  2.70 11.43  8.04  41 1018.6  21.4  24.6  13.5 99.0 99.00
2016 04 20 01 50  13  4.3  6.6  2.63 10.81  7.82  39 1019.5  21.3  24.7  12.7 99.0 99.00
2016 04 20 02 50  23  3.8  5.6  2.34 11.43  7.57  43 1019.2  21.3  24.7  12.0 99.0 99.00
2016 04 20 03 50  33  4.4  6.5  2.52 10.81  7.95  32 1018.6  21.3  24.7  12.1 99.0 99.00
2016 04 20 04 50  37  4.2  6.1  2.33 10.81  7.66  34 1018.3  21.2  24.7  11.7 99.0 99.00
2016 04 20 05 50   5  4.1  7.2  2.39 10.81  7.81  36 1018.1  21.0  24.7  12.7 99.0 99.00
2016 04 20 06 50 349  2.9  4.4  2.28 10.81  7.75  30 1018.0  20.9  24.7  12.6 99.0 99.00
2016 04 20 07 50 336  3.6  5.3  2.17 10.81  7.50  38 1018.3  20.6  24.6  12.4 99.0 99.00
2016 04 20 08 50 344  3.1  5.0  2.18 10.00  7.62  38 1017.7  20.5  24.6  12.8 99.0 99.00
2016 04 20 09 50 354  3.9  5.3  2.28 10.00  7.39  33 1017.8  20.5  24.6  12.9 99.0 99.00
2016 04 20 10 50 341  4.6  6.8  2.18 10.00  7.61  25 1018.4  20.7  24.6  12.7 99.0 99.00
2016 04 20 11 50 353  4.6  7.0  2.01 10.00  7.32  33 1018.9  20.9  24.6  12.1 99.0 99.00
2016 04 20 12 50 349  5.0  6.3  2.00 10.81  7.26  30 1019.1  21.2  24.7  12.8 99.0 99.00
2016 04 20 13 50 344  4.0  5.1  2.21 10.00  7.69  26 1019.3  21.2  24.7  13.3 99.0 99.00
2016 04 20 14 50 345  4.0  5.4  2.16 10.81  7.79  34 1019.8  21.5  24.8  13.8 99.0 99.00
2016 04 20 15 50 336  4.5  5.8  1.99 10.81  7.56  37 1019.9  21.7  24.9  14.8 99.0 99.00
2016 04 20 16 50 333  4.3  5.7  1.85 10.00  7.28  39 1019.3  21.8  25.0  15.2 99.0 99.00
2016 04 20 17 50 345  4.6  5.9  1.87 10.00  7.37  35 1018.9  22.3  25.0  16.0 99.0 99.00
2016 04 20 18 50 334  5.4  6.7  1.69 10.81  7.28  28 1018.8  22.6  25.0  16.2 99.0 99.00
2016 04 20 19 50 322  4.6  6.4  1.76 10.00  7.33  30 1018.2  22.6  25.0  16.2 99.0 99.00
2016 04 20 20 50 329  5.3  6.9  1.70 10.81  7.21  30 1017.8  22.8  25.0  16.5 99.0 99.00
2016 04 20 21 50 327  5.6  7.5  1.65 10.00  7.02  38 1018.1  22.8  25.0  17.3 99.0 99.00
2016 04 20 22 50 360  5.0  6.4  1.61 10.00  6.77  44 1018.2  22.9  25.0  16.8 99.0 99.00
2016 04 20 23 50  23  6.4  8.4  1.59  9.09  6.67  39 1018.2  22.9  24.9  17.1 99.0 99.00
2016 04 21 00 50  45  5.9  7.2  1.66  9.09  6.84  36 1019.2  23.1  24.9  17.0 99.0 99.00
2016 04 21 01 50  46  5.6  7.1  1.65 10.00  6.56  38 1020.1  23.1  24.8  16.8 99.0 99.00
2016 04 21 02 50  52  7.8  9.3  1.60 10.00  6.41  36 1019.7  23.0  24.8  17.4 99.0 99.00
2016 04 21 03 50  48  8.3  9.9  1.73 10.00  6.19  37 1019.7  22.7  24.8  17.0 99.0 99.00
2016 04 21 04 50  56  8.3  9.6  1.75 10.81  5.96  44 1019.8  22.3  24.8  15.6 99.0 99.00
2016 04 21 05 50  57  7.5  9.1  1.84  9.09  5.88  46 1019.7  22.0  24.8  14.7 99.0 99.00
2016 04 21 06 50  55  7.4  9.1  1.73  9.09  5.78  37 1019.5  21.7  24.8  14.7 99.0 99.00
2016 04 21 07 50  64  7.6 10.1  1.65  6.25  5.62  25 1019.5  21.4  24.7  14.5 99.0 99.00
2016 04 21 08 50  61  7.5  8.8  1.62  6.25  5.79  18 1019.6  21.2  24.7  14.1 99.0 99.00
2016 04 21 09 50  66  7.9  9.6  1.78  6.67  5.80  26 1019.6  21.1  24.7  13.5 99.0 99.00
2016 04 21 10 50  57  8.2 10.0  1.73 10.00  5.80  35 1020.3  21.1  24.7  12.9 99.0 99.00
2016 04 21 12 50  54  9.3 11.4  1.77  6.25  5.56  41 1021.1  21.3  24.6  13.3 99.0 99.00
2016 04 21 13 50  67  8.6 10.3  1.94  7.14  5.86  34 1021.7  21.3  24.6  12.5 99.0 99.00
2016 04 21 14 50  66  8.3 10.6  1.97  6.67  5.85  19 1022.4  21.3  24.6  12.5 99.0 99.00
2016 04 21 15 50  70  7.0  8.7  2.10 10.81  6.23  29 1022.6  21.4  24.6  12.2 99.0 99.00
2016 04 21 16 50  69  7.7 10.4  2.33 10.00  6.48  26 1022.5  21.5  24.7  12.4 99.0 99.00
2016 04 21 17 50  78  6.4  8.9  2.34 10.00  6.80  37 1022.3  21.6  24.7  12.9 99.0 99.00
2016 04 21 18 50  65  6.7  8.5  2.40 10.00  6.88  26 1022.0  21.7  24.7  12.5 99.0 99.00
2016 04 21 19 50  63  7.3  9.0  2.46 10.00  7.01  31 1021.2  21.8  24.7  12.0 99.0 99.00
2016 04 21 20 50  79  6.0  8.0  2.04  9.09  6.48  21 1021.2  21.8  24.7  12.5 99.0 99.00
2016 04 21 21 50  84  6.0  7.1  2.11  9.09  6.67  28 1021.0  21.8  24.7  13.7 99.0 99.00
2016 04 21 22 50  79  7.3  8.7  2.08  9.09  6.54  25 1021.2  21.6  24.7  14.3 99.0 99.00
2016 04 21 23 50  78  6.7  9.1  2.29  9.09  6.86  31 1021.7  21.4  24.6  13.5 99.0 99.00
2016 04 22 00 50  85  6.9  8.3  2.40 10.00  7.00  30 1022.5  21.3  24.6  12.9 99.0 99.00
2016 04 22 01 50  76  5.9  7.7  2.36 10.00  7.01  32 1022.9  21.2  24.6  12.6 99.0 99.00
2016 04 22 02 50  83  5.3  7.4  2.29 10.00  7.08  28 1022.8  21.2  24.6  12.9 99.0 99.00
2016 04 22 03 50  83  6.4  8.7  2.21 10.81  6.91  33 1022.9  21.2  24.6  12.5 99.0 99.00
2016 04 22 04 50 115  5.6  7.5  2.28 10.81  7.22  30 1022.4  21.3  24.5  12.3 99.0 99.00
2016 04 22 05 50  96  6.1  7.6  2.08 10.00  6.83  30 1021.9  21.4  24.5  12.8 99.0 99.00
2016 04 22 06 50 124  3.7  5.1  2.29 10.00  7.17  29 1021.5  21.3  24.5  10.9 99.0 99.00
2016 04 22 07 50 112  5.3  7.2  2.33 11.43  7.33  19 1021.0  21.3  24.5  11.7 99.0 99.00
2016 04 22 08 50 114  3.8  4.8  2.06 10.00  7.45  18 1021.0  21.4  24.5  11.8 99.0 99.00
2016 04 22 09 50  91  3.5  5.2  2.41 10.81  7.85  22 1021.2  21.6  24.5  13.0 99.0 99.00
2016 04 22 10 50 114  4.9  6.9  1.98 10.81  7.42  29 1021.7  21.9  24.5  13.0 99.0 99.00
2016 04 22 11 50  98  5.6  7.5  2.23 10.81  7.58  29 1022.2  22.3  24.5  12.3 99.0 99.00
2016 04 22 12 50 111  4.3  6.1  2.21 10.81  7.56  34 1022.4  22.4  24.6  12.4 99.0 99.00
2016 04 22 13 50 124  4.7  5.8  2.03 10.81  7.37  20 1022.7  22.2  24.6  12.4 99.0 99.00
2016 04 22 14 50 120  3.8  5.3  2.27 10.00  7.73  17 1022.9  22.3  24.6  11.8 99.0 99.00
2016 04 22 15 50 141  3.5  5.2  2.10 10.81  7.77  19 1022.8  22.5  24.7  13.4 99.0 99.00
2016 04 22 16 50 136  4.1  5.8  1.98 10.00  7.70  28 1022.3  22.5  24.8  12.8 99.0 99.00
2016 04 22 17 50 130  3.6  4.6  2.15 10.81  8.08  26 1021.9  22.5  24.9  12.9 99.0 99.00
2016 04 22 18 50  98  3.4  4.5  1.95 10.00  7.67  19 1021.3  22.6  25.0  12.8 99.0 99.00
2016 04 22 19 50 126  3.3  5.0  1.99 10.00  8.09  20 1020.8  22.7  24.9  12.9 99.0 99.00
2016 04 22 20 50 124  3.6  4.7  1.93 11.43  7.90  34 1020.8  22.7  24.9  13.4 99.0 99.00
2016 04 22 21 50 145  4.0  5.3  1.99 10.81  7.79  19 1020.9  22.8  24.9  13.9 99.0 99.00
2016 04 22 22 50 122  5.1  6.0  1.98 10.81  7.71  31 1020.5  22.8  24.8  14.3 99.0 99.00
2016 04 22 23 50 134  5.0  6.3  1.96 10.00  7.75  28 1020.3  22.8  24.7  14.9 99.0 99.00
2016 04 23 00 50 129  4.8  6.5  1.85 10.81  7.50  29 1020.3  22.9  24.6  15.0 99.0 99.00
2016 04 23 01 50 139  5.1  6.3  2.25 10.81  7.83  32 1020.3  22.9  24.6  14.7 99.0 99.00
2016 04 23 02 50 159  5.8  7.5  2.23 11.43  7.88  28 1020.3  23.0  24.6  14.7 99.0 99.00
2016 04 23 03 50 155  6.9  8.3  2.02 12.12  7.54  30 1019.8  23.1  24.5  16.0 99.0 99.00
2016 04 23 04 50 162  7.5  9.0  2.32 10.81  7.76  30 1019.2  23.1  24.5  15.6 99.0 99.00
2016 04 23 05 50 158  6.9  8.4  2.03 11.43  7.00  18 1018.3  23.1  24.5  16.1 99.0 99.00
2016 04 23 06 50 159  6.6  8.6  2.02 11.43  7.09  21 1017.5  23.0  24.5  16.7 99.0 99.00
2016 04 23 07 50 167  6.3  7.8  2.01 11.43  7.11  24 1017.1  23.1  24.5  17.0 99.0 99.00
2016 04 23 08 50 170  5.9  7.1  2.06 12.12  7.21  15 1016.8  23.1  24.5  17.3 99.0 99.00
2016 04 23 09 50 169  6.3  7.5  1.95 12.12  7.05  26 1016.7  23.2  24.5  18.0 99.0 99.00
2016 04 23 10 50 164  6.6  7.9  1.80 10.81  6.77  30 1017.1  23.4  24.5  18.4 99.0 99.00
2016 04 23 11 50 162  6.3  7.7  1.79 10.81  6.75  32 1017.1  23.6  24.5  18.5 99.0 99.00
2016 04 23 12 50 160  6.8  8.0  1.74 10.81  6.54  40 1017.1  23.8  24.5  18.9 99.0 99.00
2016 04 23 13 50 151  7.5  9.0  1.78 11.43  6.50  35 1017.0  23.8  24.6  19.2 99.0 99.00
2016 04 23 14 50 156  7.5  9.3  1.70 11.43  6.28  32 1017.0  23.9  24.6  19.9 99.0 99.00
2016 04 23 15 50 156  7.4  8.7  1.85 11.43  6.65  30 1016.3  23.9  24.7  20.1 99.0 99.00
2016 04 23 16 50 148  8.4 10.1  1.58 10.81  5.84  29 1015.6  23.4  24.7  20.4 99.0 99.00
2016 04 23 17 50 183  7.5  8.9  1.64 10.81  5.97  28 1015.1  24.4  24.8  20.9 99.0 99.00
2016 04 23 18 50 196  8.6 10.1  1.70 10.81  5.94  38 1014.1  24.5  24.8  20.7 99.0 99.00
2016 04 23 19 50 202  8.6 10.4  1.67 10.81  5.66  43 1013.4  24.6  24.8  20.8 99.0 99.00
2016 04 23 20 50 203  8.0  9.5  1.80 10.81  5.87  33 1013.2  24.6  24.8  21.0 99.0 99.00
2016 04 23 21 50 210  6.8  8.2  1.67 10.00  5.71  50 1013.2  24.6  24.8  21.4 99.0 99.00
2016 04 23 22 50 215  6.7  7.9  1.66 10.00  5.97  20 1013.0  24.7  24.7  21.3 99.0 99.00
2016 04 23 23 50 212  6.4  8.0  1.60 11.43  5.89  22 1013.0  24.7  24.7  21.4 99.0 99.00
2016 04 24 00 50 217  7.5  8.8  1.61 10.00  5.71  33 1013.0  24.8  24.7  20.7 99.0 99.00
2016 04 24 01 50 218  8.7 10.4  1.55 11.43  5.76  47 1012.8  24.8  24.7  21.0 99.0 99.00
2016 04 24 02 50 222  8.4  9.7  1.54 10.00  5.30  27 1012.7  24.7  24.7  21.3 99.0 99.00
2016 04 24 03 50 221  7.8  9.0  1.55 10.81  5.40  17 1012.3  24.7  24.7  21.6 99.0 99.00
2016 04 24 04 50 239  8.8 13.4  1.47 10.81  5.30  30 1011.7  24.5  24.7  22.0 99.0 99.00
2016 04 24 05 50 230  7.8  9.4  1.42  6.25  5.17 136 1011.5  23.6  24.6  18.5 99.0 99.00
2016 04 24 06 50 249  6.6  7.7  1.40  6.67  4.94 129 1011.1  23.1  24.6  19.8 99.0 99.00
2016 04 24 07 50 277  6.9  8.4  1.30 10.00  5.23  41 1010.6  23.6  24.6  20.6 99.0 99.00
2016 04 24 08 50 282  8.2 10.3  1.23 10.81  5.18  38 1010.5  23.8  24.6  21.3 99.0 99.00
2016 04 24 09 50 305  7.6  9.0  1.12  6.25  5.16 158 1011.4  23.5  24.6  19.6 99.0 99.00
2016 04 24 10 50 307  6.9  8.7  1.32 10.00  5.13  57 1012.0  23.3  24.6  19.6 99.0 99.00
2016 04 24 11 50 309  7.4  8.7  1.27  6.25  4.71 158 1012.5  23.3  24.5  19.1 99.0 99.00
2016 04 24 12 50 310  7.6  8.9  1.26  4.35  4.70 271 1012.6  23.3  24.6  18.9 99.0 99.00
2016 04 24 13 50 325  6.6  7.5  1.08  4.55  4.56 258 1012.8  23.1  24.6  18.9 99.0 99.00
2016 04 24 14 50 318  6.3  7.7  1.13 10.00  4.86  62 1013.1  23.2  24.6  19.0 99.0 99.00
2016 04 24 15 50 311  6.7  7.8  1.12  9.09  4.88  48 1013.2  23.3  24.7  18.9 99.0 99.00
2016 04 24 16 50 323  8.0  9.4  1.03  6.25  4.62 142 1012.8  23.2  24.7  18.7 99.0 99.00
2016 04 24 17 50 326  8.0  9.1  1.07  4.76  4.48 293 1012.6  23.1  24.7  18.7 99.0 99.00
2016 04 24 18 50 333  8.2  9.9  1.16  5.26  4.55 286 1012.3  23.0  24.7  18.3 99.0 99.00
2016 04 24 19 50 332  8.3  9.4  1.15  5.26  4.47 282 1012.3  22.9  24.7  17.4 99.0 99.00
2016 04 24 20 50 333  8.4 10.0  1.14  4.35  4.44 321 1012.2  22.9  24.7  17.1 99.0 99.00
2016 04 24 21 50 332  7.7  8.9  1.18  4.76  4.54 314 1012.7  22.9  24.7  17.4 99.0 99.00
2016 04 24 22 50 337  7.7  9.1  1.21  4.35  4.55 335 1013.0  22.8  24.7  17.2 99.0 99.00
2016 04 24 23 50 351  8.7 10.0  1.25  5.26  4.62 318 1013.3  22.6  24.6  16.5 99.0 99.00
2016 04 25 00 50 357  7.9  9.4  1.24  5.00  4.70 329 1013.8  22.4  24.6  16.9 99.0 99.00
2016 04 25 01 50 359  7.0  8.6  1.30  5.26  4.89 333 1014.4  22.3  24.6  16.1 99.0 99.00
2016 04 25 02 50   4  6.5  7.7  1.38  5.26  4.84 336 1014.7  22.3  24.6  16.6 99.0 99.00
2016 04 25 03 50   3  6.6  8.2  1.31  5.56  4.93 336 1014.9  22.3  24.6  16.7 99.0 99.00
2016 04 25 04 50  10  7.1  8.6  1.28  5.56  4.99 342 1014.8  22.3  24.6  16.5 99.0 99.00
2016 04 25 05 50  11  8.3  9.7  1.28  5.88  4.96 330 1014.3  22.1  24.7  16.5 99.0 99.00
2016 04 25 06 50  15  8.4  9.9  1.31  5.88  4.79 326 1014.0  21.8  24.7  16.2 99.0 99.00
2016 04 25 07 50  11  7.7  8.9  1.41  5.88  4.81 343 1014.4  21.7  24.7  15.3 99.0 99.00
2016 04 25 08 50  14  7.2  9.0  1.46  5.56  4.93 360 1014.8  21.6  24.7  14.9 99.0 99.00
2016 04 25 09 50   1  6.9  9.0  1.39  5.88  4.99 353 1015.3  21.6  24.7  14.3 99.0 99.00
2016 04 25 10 50   4  6.8  8.5  1.42  6.25  5.07 349 1015.8  21.6  24.8  13.9 99.0 99.00
2016 04 25 11 50   3  6.8  9.3  1.58  5.88  5.24   4 1016.5  21.6  24.8  13.5 99.0 99.00
2016 04 25 12 50  10  7.8  9.5  1.44  6.25  5.17 355 1016.8  21.5  24.9  13.8 99.0 99.00
2016 04 25 13 50   8  6.9  8.9  1.52  6.25  5.18 352 1016.6  21.4  24.9  12.5 99.0 99.00
2016 04 25 14 50  18  7.5  9.5  1.51  7.14  5.35   6 1016.8  21.6  24.9  13.1 99.0 99.00
2016 04 25 15 50  15  7.5  9.2  1.77  7.14  5.72  11 1016.7  21.5  25.0  13.3 99.0 99.00
2016 04 25 16 50  20  7.3  9.1  2.11  7.14  6.28   6 1016.5  21.5  25.0  13.3 99.0 99.00
2016 04 25 17 50  23  7.6  9.8  2.24 10.00  6.49   6 1016.2  21.5  25.0  13.6 99.0 99.00
2016 04 25 18 50  31  6.1  8.1  2.14 10.00  6.49   9 1016.5  21.7  25.0  13.0 99.0 99.00
2016 04 25 19 50  31  6.5  8.6  2.17 10.81  6.73   7 1016.1  21.7  25.0  13.1 99.0 99.00
2016 04 25 20 50  23  6.2  8.7  2.05 10.81  6.28   6 1016.1  21.7  25.0  13.3 99.0 99.00
2016 04 25 21 50  21  7.1  8.5  1.93 10.81  6.44  14 1016.0  21.8  25.0  14.2 99.0 99.00
2016 04 25 22 50  36  6.7  9.6  2.11 10.81  6.53  16 1016.0  21.6  25.0  14.0 99.0 99.00
2016 04 25 23 50  36  5.9  7.3  2.00 10.00  6.34  10 1016.1  21.6  25.0  14.2 99.0 99.00
2016 04 26 00 50  71  5.1  7.2  1.98 10.00  6.31   9 1016.4  22.0  24.9  12.8 99.0 99.00
2016 04 26 01 50  65  6.5  9.4  2.03 10.81  6.67  14 1016.7  22.2  24.9  12.9 99.0 99.00
2016 04 26 02 50  58  5.0  6.7  1.94 10.81  6.45   9 1016.8  22.1  24.9  13.0 99.0 99.00
2016 04 26 03 50  64  4.8  6.1  1.95 10.00  6.58   5 1016.9  22.2  24.8  13.5 99.0 99.00
2016 04 26 04 50  59  5.3  7.4  1.61 10.00  6.05   3 1016.8  22.2  24.8  13.2 99.0 99.00
2016 04 26 05 50  68  4.5  6.0  1.91  9.09  6.66   5 1016.2  22.1  24.8  12.4 99.0 99.00
2016 04 26 06 50  81  4.2  5.4  1.62 10.00  6.25   7 1015.8  22.2  24.7  13.6 99.0 99.00
2016 04 26 07 50  92  4.2  5.4  1.78 10.00  6.50 357 1015.4  22.3  24.7  11.8 99.0 99.00
2016 04 26 08 50  83  4.3  6.2  1.68 10.00  6.71   5 1015.3  22.2  24.7  13.2 99.0 99.00
2016 04 26 09 50  75  5.0  6.7  1.81 10.00  6.96  12 1015.4  22.6  24.7  13.1 99.0 99.00
2016 04 26 10 50  85  5.9  7.1  1.74 10.81  6.67  30 1015.7  22.4  24.7  13.6 99.0 99.00
2016 04 26 11 50  69  3.7  5.2  1.67  9.09  6.70  16 1016.3  22.7  24.7  12.8 99.0 99.00
2016 04 26 12 50  85  4.1  5.9  1.61  9.09  6.59   5 1016.8  22.8  24.7  12.7 99.0 99.00
2016 04 26 13 50  69  3.8  6.0  1.82 10.00  7.18  23 1017.2  23.0  24.7  11.6 99.0 99.00
2016 04 26 14 50  57  4.5  5.9  1.85 10.00  7.11  29 1017.3  22.8  24.8  14.0 99.0 99.00
2016 04 26 15 50  69  4.7  5.8  2.05 10.00  7.33  32 1017.3  22.7  24.8  14.3 99.0 99.00
2016 04 26 16 50  79  4.0  5.6  2.00 10.00  7.27  27 1016.9  22.8  24.9  14.7 99.0 99.00
2016 04 26 17 50  97  5.7  7.2  1.81 10.00  7.12  30 1016.1  22.9  24.9  14.8 99.0 99.00
2016 04 26 18 50  96  5.5  7.4  1.92 10.00  7.31  38 1015.8  23.0  24.9  14.2 99.0 99.00
2016 04 26 19 50  90  5.9  7.8  1.85  9.09  7.08  29 1015.3  23.1  24.9  14.2 99.0 99.00
2016 04 26 20 50  72  6.3  7.8  1.76 10.81  6.58  30 1015.5  22.9  24.9  14.6 99.0 99.00
2016 04 26 21 50  75  6.6  8.2  1.94 10.00  6.90  34 1015.5  22.9  24.8  14.3 99.0 99.00
2016 04 26 22 50  80  5.1  6.4  1.70 10.00  6.55  31 1016.1  22.7  24.8  14.6 99.0 99.00
2016 04 26 23 50  83  5.1  6.5  1.79 10.00  6.71  39 1016.0  22.7  24.7  14.3 99.0 99.00
2016 04 27 00 50  88  5.4  6.6  1.65 10.81  6.55  51 1016.2  22.7  24.7  13.9 99.0 99.00
2016 04 27 01 50  86  5.6  6.8  1.75 10.00  6.84  36 1016.4  22.7  24.7  13.7 99.0 99.00
2016 04 27 02 50  98  5.1  6.2  1.78 10.00  7.00  35 1016.5  22.6  24.7  13.3 99.0 99.00
2016 04 27 03 50 113  4.3  5.4  1.61 10.00  6.86  42 1016.6  22.7  24.6  13.7 99.0 99.00
2016 04 27 04 50 127  3.9  5.1  1.59  9.09  6.80  29 1016.4  22.6  24.6  14.0 99.0 99.00
2016 04 27 05 50 107  3.9  5.1  1.50 10.00  6.79  32 1015.3  22.6  24.6  13.1 99.0 99.00
2016 04 27 06 50 107  3.6  4.8  1.66 10.00  7.31  35 1014.9  22.6  24.6  12.8 99.0 99.00
2016 04 27 07 50 117  2.9  4.2  1.60  9.09  7.00  22 1014.8  22.6  24.6  13.2 99.0 99.00
2016 04 27 08 50  94  2.8  4.1  1.46  9.09  6.99  40 1014.8  22.5  24.6  12.9 99.0 99.00
2016 04 27 09 50 130  1.8  2.8  1.43 10.00  6.93  29 1015.2  22.6  24.5  12.6 99.0 99.00
2016 04 27 10 50 127  2.7  3.5  1.55  9.09  7.21  32 1015.7  22.9  24.5  12.0 99.0 99.00
2016 04 27 11 50 134  2.6  3.8  1.56 10.00  7.19  20 1016.4  23.2  24.6  13.0 99.0 99.00
2016 04 27 12 50 144  2.0  3.0  1.38 10.00  7.01  35 1017.1  23.3  24.7  13.9 99.0 99.00
2016 04 27 13 50  76  1.9  2.7  1.47  9.09  6.87  39 1017.3  23.3  24.8  13.4 99.0 99.00
2016 04 27 14 50  58  3.1  4.3  1.48 10.00  7.34  42 1017.2  23.2  25.0  14.8 99.0 99.00
2016 04 27 15 50  49  3.7  4.7  1.21  7.69  6.50  59 1017.0  23.1  25.1  15.2 99.0 99.00
2016 04 27 16 50 116  3.6  4.6  1.45 10.00  7.33  45 1016.7  23.3  25.2  14.9 99.0 99.00
2016 04 27 17 50  90  3.9  5.4  1.30 10.00  6.83  38 1016.6  23.4  25.3  15.4 99.0 99.00
2016 04 27 18 50  91  5.1  6.5  1.37  9.09  6.87  30 1016.0  23.4  25.2  15.4 99.0 99.00
2016 04 27 19 50  99  5.4  6.9  1.28  9.09  6.39  54 1016.0  23.4  25.2  15.6 99.0 99.00
2016 04 27 20 50  92  4.9  6.5  1.26  9.09  6.26  37 1015.8  23.4  25.1  15.7 99.0 99.00
2016 04 27 21 50  89  4.2  5.6  1.38  8.33  6.60  47 1016.0  23.5  25.0  15.0 99.0 99.00
2016 04 27 22 50  83  5.1  6.6  1.25  8.33  6.48  37 1015.8  23.4  25.0  15.4 99.0 99.00
2016 04 27 23 50  86  4.9  6.2  1.29 11.43  6.44  51 1016.2  23.3  24.8  15.7 99.0 99.00
2016 04 28 00 50  84  5.2  6.4  1.33 10.81  6.60  44 1016.5  23.4  24.8  15.3 99.0 99.00
2016 04 28 01 50  79  6.1  7.7  1.28 10.00  6.36  45 1016.4  23.4  24.7  16.0 99.0 99.00
2016 04 28 02 50  84  5.3  7.2  1.22  9.09  6.19  50 1016.6  23.5  24.7  16.4 99.0 99.00
2016 04 28 03 50  76  4.9  6.1  1.28 10.00  6.19  62 1016.9  22.0  24.7  17.5 99.0 99.00
2016 04 28 04 50 112  4.2  4.9  1.36 10.00  6.34  54 1016.5  23.4  24.7  18.3 99.0 99.00
2016 04 28 05 50  90  3.1  4.2  1.32  9.09  6.23  57 1016.0  23.4  24.7  18.0 99.0 99.00
2016 04 28 06 50 117  6.3  7.4  1.38 11.43  6.68  36 1015.6  21.5  24.7  18.4 99.0 99.00
2016 04 28 07 50  29  2.3  3.0  1.27  9.09  6.46  72 1015.8  20.8  24.6  18.6 99.0 99.00
2016 04 28 08 50 352  3.9  4.6  1.20 12.12  6.69  58 1015.5  21.0  24.6  18.9 99.0 99.00
2016 04 28 09 50   8  4.5  5.3  1.20 10.00  6.74  56 1015.9  21.4  24.6  19.2 99.0 99.00
2016 04 28 10 50  13  4.6  5.7  1.36 10.81  6.72  63 1016.4  22.0  24.6  19.3 99.0 99.00
2016 04 28 11 50  17  5.6  6.5  1.23 10.00  6.38  71 1016.7  22.4  24.6  19.7 99.0 99.00
2016 04 28 12 50  17  6.0  7.2  1.34 10.00  5.99  57 1017.0  22.6  24.7  20.0 99.0 99.00
2016 04 28 13 50  21  5.5  6.6  1.39 10.81  6.02  62 1017.2  22.9  24.7  20.1 99.0 99.00
2016 04 28 14 50 101  5.6  6.6  1.29 10.81  5.59  52 1017.3  24.2  24.7  19.5 99.0 99.00
2016 04 28 15 50 126  4.8  6.2  1.36 11.43  5.55  63 1017.2  24.4  24.8  19.5 99.0 99.00
2016 04 28 16 50 123  4.4  5.2  1.33 11.43  5.52  50 1017.0  24.4  24.8  19.2 99.0 99.00
2016 04 28 17 50 126  5.3  6.1  1.24  9.09  5.41  64 1017.0  24.5  24.8  19.4 99.0 99.00
2016 04 28 18 50 122  5.8  6.7  1.22 10.00  5.48  56 1016.3  24.5  24.8  19.0 99.0 99.00
2016 04 28 19 50 118  6.6  7.7  1.26  9.09  5.50  67 1015.6  24.4  24.8  18.6 99.0 99.00
2016 04 28 20 50 125  5.6  6.7  1.25 10.81  5.28  68 1015.7  24.4  24.8  18.7 99.0 99.00
2016 04 28 21 50 122  4.2  5.2  1.22  8.33  5.45  74 1016.1  24.4  24.8  18.8 99.0 99.00
2016 04 28 22 50 123  5.2  6.3  1.24 10.81  5.39  69 1016.3  24.4  24.8  18.9 99.0 99.00
2016 04 28 23 50 121  5.2  6.1  1.24 10.00  5.63  62 1016.4  24.2  24.7  18.8 99.0 99.00
2016 04 29 00 50 117  4.9  5.7  1.28  9.09  5.61  79 1016.7  24.2  24.7  18.9 99.0 99.00
2016 04 29 01 50 106  4.9  6.0  1.18 10.00  5.36  70 1017.0  24.2  24.7  18.9 99.0 99.00
2016 04 29 02 50  98  3.4  4.1  1.29  9.09  5.73  84 1017.1  24.1  24.6  19.0 99.0 99.00
2016 04 29 03 50 107  4.1  5.0  1.24  6.67  5.70 113 1016.8  24.0  24.5  18.7 99.0 99.00
2016 04 29 04 50 120  4.8  6.0  1.23 10.00  5.73  54 1016.2  24.0  24.5  18.8 99.0 99.00
2016 04 29 05 50 113  5.3  6.3  1.24 10.00  5.64  60 1015.1  23.9  24.5  19.0 99.0 99.00
2016 04 29 06 50 105  4.6  5.5  1.28  9.09  5.71  94 1014.6  23.8  24.5  19.1 99.0 99.00
2016 04 29 07 50 121  4.3  5.1  1.13 10.81  5.57  52 1014.8  23.8  24.5  19.1 99.0 99.00
2016 04 29 08 50 124  4.2  5.0  1.26  9.09  5.82  93 1014.8  23.8  24.5  18.9 99.0 99.00
2016 04 29 09 50 129  3.4  4.1  1.24  5.56  5.59 114 1015.2  23.9  24.5  18.9 99.0 99.00
2016 04 29 10 50  90  2.3  3.4  1.15 10.00  5.80  57 1015.8  24.1  24.5  19.1 99.0 99.00
2016 04 29 11 50  61  2.6  3.6  1.15 10.00  5.86  61 1016.0  24.3  24.6  19.0 99.0 99.00
2016 04 29 12 50  66  2.5  3.3  1.16 10.00  6.05  75 1016.0  24.3  24.7  19.2 99.0 99.00
2016 04 29 13 50  49  3.2  3.9  1.20 10.00  5.92  65 1016.1  24.2  24.8  19.5 99.0 99.00
2016 04 29 14 50  45  3.7  4.4  1.22 10.00  5.83  81 1016.1  24.2  25.0  19.6 99.0 99.00
2016 04 29 15 50  46  3.8  4.8  1.12 10.00  5.79  70 1015.8  24.2  25.1  19.8 99.0 99.00
2016 04 29 16 50  41  4.5  5.4  1.11  9.09  5.75  84 1015.4  24.3  25.2  20.1 99.0 99.00
2016 04 29 17 50  27  4.8  5.6  1.12 10.00  5.70  72 1015.3  24.4  25.3  20.2 99.0 99.00
2016 04 29 18 50  30  5.5  6.8  1.04  9.09  5.60  91 1015.1  24.5  25.3  20.3 99.0 99.00
2016 04 29 19 50  35  4.8  6.0  0.97 10.00  5.43  77 1014.9  24.6  25.3  20.3 99.0 99.00
2016 04 29 20 50  43  5.2  6.0  1.01 10.00  5.56  64 1014.7  24.5  25.2  20.4 99.0 99.00
2016 04 29 21 50  38  6.5  7.6  0.99 10.00  5.37  63 1014.7  24.3  25.1  20.9 99.0 99.00
2016 04 29 22 50  53  5.0  6.0  0.99 10.81  5.30  66 1014.5  24.3  25.0  20.8 99.0 99.00
2016 04 29 23 50  82  3.9  4.8  1.02  9.09  5.34  85 1015.1  24.1  25.0  20.7 99.0 99.00
2016 04 30 00 50  99  3.7  4.6  1.01  9.09  5.65 108 1015.1  24.1  24.9  21.3 99.0 99.00
2016 04 30 01 50  90  3.6  4.5  0.99  9.09  5.79  87 1015.4  24.2  24.9  21.1 99.0 99.00
2016 04 30 02 50 111  1.9  2.8  0.93  9.09  5.68  94 1015.3  24.2  24.9  21.0 99.0 99.00
2016 04 30 03 50 100  3.0  4.0  1.03  9.09  5.88  96 1015.4  24.4  24.9  20.9 99.0 99.00
2016 04 30 04 50  87  3.8  4.4  0.88  8.33  5.78  87 1015.5  24.2  24.9  20.8 99.0 99.00
2016 04 30 05 50  96  3.5  4.0  0.90 10.00  6.03  84 1014.9  24.1  24.8  20.8 99.0 99.00
2016 04 30 06 50  81  2.4  2.9  0.95  9.09  5.83  79 1014.5  23.9  24.8  20.5 99.0 99.00
2016 04 30 07 50  89  2.2  2.7  1.02 10.00  6.12  89 1014.5  24.0  24.7  20.5 99.0 99.00
2016 04 30 08 50 117  2.5  3.0  0.90 10.00  5.90  87 1014.7  23.9  24.7  20.5 99.0 99.00
2016 04 30 09 50 104  1.5  2.3  0.96  9.09  6.02 109 1014.9  24.0  24.7  20.5 99.0 99.00
2016 04 30 10 50  34  1.6  2.1  0.94  9.09  5.94 111 1015.9  24.0  24.7  20.5 99.0 99.00
2016 04 30 11 50  16  3.2  3.6  0.95  9.09  6.04 109 1016.4  24.2  24.8  20.3 99.0 99.00
2016 04 30 12 50  30  3.0  3.5  0.88 10.00  5.79  90 1016.5  24.3  24.8  20.3 99.0 99.00
2016 04 30 14 50  17  3.5  4.4  0.93 10.00  6.04  95 1017.1  24.2  25.1  20.5 99.0 99.00
2016 04 30 15 50  31  4.1  4.8  0.86  9.09  5.91  98 1016.8  24.3  25.3  20.6 99.0 99.00
2016 04 30 16 50  58  3.2  3.9  0.92  9.09  5.92 106 1016.5  24.4  25.5  20.5 99.0 99.00
2016 04 30 17 50  80  3.0  3.8  0.93  9.09  5.85  88 1016.2  24.5  25.7  20.6 99.0 99.00
2016 04 30 18 50  78  3.2  4.0  0.92  8.33  5.60  97 1015.6  24.7  25.9  20.5 99.0 99.00
2016 04 30 19 50  69  3.3  4.0  0.89  9.09  5.51 114 1015.4  24.8  25.7  20.2 99.0 99.00
2016 04 30 20 50  86  4.8  5.8  0.87  9.09  5.63 101 1015.0  24.9  25.6  20.5 99.0 99.00
2016 04 30 21 50  99  5.2  6.1  0.89  9.09  5.68  98 1015.2  24.8  25.6  20.7 99.0 99.00
2016 04 30 22 50  91  5.3  6.1  0.86  9.09  5.29 107 1015.9  24.7  25.5  20.8 99.0 99.00
