#YY  MM DD hh mm WDIR WSPD GST  WVHT   DPD   APD MWD   PRES  ATMP  WTMP  DEWP  VIS  TIDE
#yr  mo dy hr mn degT m/s  m/s     m   sec   sec deg    hPa  degC  degC  degC  nmi    ft
2016 09 30 23 50  56  3.8  4.6  1.78  8.33  6.46  85 1010.3  28.0  28.8  23.1 99.0 99.00
2016 10 01 00 50  46  2.0  3.0  1.74  7.69  6.31  82 1010.7  28.0  28.8  23.2 99.0 99.00
2016 10 01 01 50  68  2.0  2.5  1.68  8.33  6.28  79 1010.8  28.0  28.8  22.6 99.0 99.00
2016 10 01 02 50  70  1.4  2.0  1.74  8.33  6.34  89 1010.8  27.9  28.8  22.8 99.0 99.00
2016 10 01 03 50  35  0.7  1.3  1.76  8.33  6.26  77 1010.1  27.7  28.8  22.9 99.0 99.00
2016 10 01 04 50 234  0.2  0.7  1.66  8.33  6.17  74 1009.4  27.5  28.7  23.1 99.0 99.00
2016 10 01 05 50 343  0.7  1.4  1.66  8.33  6.23  60 1008.7  27.4  28.7  22.9 99.0 99.00
2016 10 01 06 50 291  0.9  1.6  1.49  8.33  6.38  72 1008.2  27.3  28.7  22.6 99.0 99.00
2016 10 01 07 50 267  1.6  2.6  1.63  7.69  6.56  64 1008.6  27.3  28.7  22.6 99.0 99.00
2016 10 01 08 50 232  1.3  2.1  1.54  8.33  6.32  61 1009.0  27.3  28.7  22.5 99.0 99.00
2016 10 01 09 50 235  1.8  2.8  1.60  8.33  6.61  62 1009.3  27.4  28.7  22.6 99.0 99.00
2016 10 01 10 50 215  2.4  3.4  1.47  7.69  6.58  70 1010.3  27.7  28.8  22.5 99.0 99.00
2016 10 01 12 50 177  2.3  3.5  1.45  8.33  6.74  72 1012.2  27.9  29.0  22.5 99.0 99.00
2016 10 01 13 50 184  2.5  3.3  1.47  7.69  6.90  53 1012.8  28.0  29.1  22.0 99.0 99.00
2016 10 01 14 50 178  1.8  2.8  1.39  8.33  6.94  71 1012.6  28.1  29.4  22.3 99.0 99.00
2016 10 01 15 50 195  2.1  3.1  1.46  7.69  6.91  66 1012.1  28.2  29.7  22.3 99.0 99.00
2016 10 01 16 50 175  2.3  3.4  1.47  8.33  7.10  74 1011.4  28.2  29.8  22.3 99.0 99.00
2016 10 01 17 50 144  1.8  2.4  1.55  8.33  7.36  71 1010.7  28.3  29.9  22.7 99.0 99.00
2016 10 01 18 50 159  2.7  3.7  1.72  8.33  7.51  78 1010.6  28.3  29.9  22.8 99.0 99.00
2016 10 01 19 50 165  2.6  3.3  1.84  9.09  7.66  66 1010.5  28.5  29.7  21.9 99.0 99.00
2016 10 01 20 50 166  2.5  3.2  1.98  9.09  7.96  65 1010.4  28.2  29.4  22.3 99.0 99.00
2016 10 01 21 50 165  2.2  3.3  1.82 10.00  7.88  69 1010.7  28.1  29.3  22.7 99.0 99.00
2016 10 01 22 50 147  2.5  3.3  1.75  9.09  7.75  69 1011.0  28.0  29.1  22.7 99.0 99.00
2016 10 01 23 50 126  2.7  3.4  2.04  9.09  8.04  78 1011.7  28.1  29.0  23.0 99.0 99.00
2016 10 02 00 50 107  3.4  4.2  1.76  9.09  7.73  76 1012.6  28.1  28.9  23.1 99.0 99.00
2016 10 02 01 50 106  4.6  5.4  1.87  9.09  7.72  68 1012.6  28.2  28.9  23.6 99.0 99.00
2016 10 02 02 50 101  4.2  5.3  1.61  8.33  7.39  74 1012.3  28.1  28.9  23.9 99.0 99.00
2016 10 02 03 50 115  4.5  5.2  1.69  8.33  7.25  75 1011.9  28.0  28.9  24.2 99.0 99.00
2016 10 02 04 50 123  4.3  5.2  1.70  8.33  6.99  76 1011.7  28.0  28.9  23.8 99.0 99.00
2016 10 02 05 50  91  3.5  4.5  1.62  8.33  6.90  79 1011.0  27.7  28.8  24.6 99.0 99.00
2016 10 02 06 50 112  3.2  4.2  1.61  9.09  6.86  57 1010.8  26.8  28.7  22.8 99.0 99.00
2016 10 02 07 50 133  3.4  4.3  1.56  9.09  6.58  74 1011.0  27.3  28.7  22.4 99.0 99.00
2016 10 02 08 50  93  4.7  5.7  1.40  8.33  6.42  89 1011.4  27.3  28.7  24.0 99.0 99.00
2016 10 02 09 50 125  7.7  9.2  1.61  8.33  6.46  77 1011.6  25.8  28.7  23.5 99.0 99.00
2016 10 02 10 50  99  5.8  6.8  1.51  9.09  6.06  82 1012.6  26.7  28.7  23.7 99.0 99.00
2016 10 02 11 50 112  5.4  6.5  1.53  8.33  6.00  70 1012.8  27.7  28.8  23.3 99.0 99.00
2016 10 02 12 50 118  4.5  5.8  1.61  7.69  6.17  74 1013.7  27.8  28.8  23.7 99.0 99.00
2016 10 02 13 50 102  5.6  6.6  1.60  8.33  6.21  78 1014.0  27.9  28.8  23.9 99.0 99.00
2016 10 02 14 50  99  5.6  6.9  1.47  8.33  6.06  78 1013.8  28.1  28.9  24.1 99.0 99.00
2016 10 02 15 50 105  6.2  7.3  1.62  8.33  6.25  70 1013.1  28.2  28.9  23.9 99.0 99.00
2016 10 02 16 50 108  6.3  7.2  1.50  8.33  5.80  75 1012.4  28.1  28.9  24.3 99.0 99.00
2016 10 02 17 50 104  5.8  7.1  1.61  7.69  5.97  78 1011.6  28.1  28.9  24.2 99.0 99.00
2016 10 02 18 50 110  5.4  6.4  1.55  7.69  5.93  71 1011.4  28.0  28.9  24.6 99.0 99.00
2016 10 02 19 50 120  5.4  6.6  1.39  8.33  5.85  72 1011.4  28.0  28.9  24.6 99.0 99.00
2016 10 02 20 50 113  5.2  6.5  1.48  8.33  6.07  74 1011.7  28.1  28.9  24.4 99.0 99.00
2016 10 02 21 50  98  4.5  5.6  1.52  8.33  5.99  67 1012.0  28.1  28.8  24.8 99.0 99.00
2016 10 02 22 50  94  4.1  5.2  1.39  7.69  5.91  76 1012.8  28.3  28.8  24.4 99.0 99.00
2016 10 02 23 50  85  5.4  6.3  1.45  8.33  6.10  74 1013.4  28.3  28.8  24.6 99.0 99.00
2016 10 03 00 50  78  5.8  7.0  1.41  8.33  6.19  72 1013.9  28.3  28.8  24.1 99.0 99.00
2016 10 03 01 50  74  5.4  6.4  1.34  8.33  5.82  71 1014.1  28.2  28.8  24.3 99.0 99.00
2016 10 03 02 50  79  6.2  7.3  1.47  8.33  5.77  65 1014.0  28.3  28.8  24.5 99.0 99.00
2016 10 03 03 50  70  5.1  5.9  1.48  7.69  5.90  69 1013.9  28.2  28.8  24.4 99.0 99.00
2016 10 03 04 50  74  6.4  7.3  1.49  8.33  5.97  59 1012.9  28.1  28.8  24.4 99.0 99.00
2016 10 03 05 50  79  6.0  7.0  1.45  7.69  5.69  71 1012.2  28.1  28.8  24.3 99.0 99.00
2016 10 03 06 50  72  6.1  7.3  1.55  8.33  5.76  66 1011.8  28.1  28.7  24.4 99.0 99.00
2016 10 03 07 50  84  7.0  8.0  1.48  8.33  5.72  57 1011.7  28.1  28.7  24.3 99.0 99.00
2016 10 03 08 50  78  6.6  8.3  1.48  7.69  5.51  77 1011.8  28.1  28.7  24.2 99.0 99.00
2016 10 03 09 50  72  6.9  8.4  1.50  7.69  5.57  81 1011.7  28.1  28.7  24.2 99.0 99.00
2016 10 03 10 50  75  7.0  8.1  1.55  8.33  5.70  69 1012.4  28.2  28.7  24.4 99.0 99.00
2016 10 03 11 50  72  7.4  8.4  1.52  8.33  5.51  64 1012.9  28.3  28.7  24.3 99.0 99.00
2016 10 03 12 50  66  7.4  8.5  1.56  9.09  5.52  57 1013.3  28.3  28.8  24.4 99.0 99.00
2016 10 03 13 50  80  7.0  8.5  1.38  8.33  5.22  67 1013.3  28.5  28.8  24.3 99.0 99.00
2016 10 03 14 50  77  7.3  8.8  1.54  8.33  5.44  65 1013.1  28.5  28.9  24.0 99.0 99.00
2016 10 03 15 50  74  6.2  7.2  1.51  9.09  5.34  78 1012.4  28.4  28.9  24.3 99.0 99.00
2016 10 03 16 50  73  5.4  6.3  1.50  9.09  5.36  55 1011.7  28.4  28.9  24.3 99.0 99.00
2016 10 03 17 50  69  6.8  8.0  1.39  8.33  5.35  82 1010.9  28.4  28.9  24.1 99.0 99.00
2016 10 03 18 50  64  6.5  7.6  1.53  8.33  5.33  74 1010.6  28.4  28.9  24.0 99.0 99.00
2016 10 03 19 50  60  6.5  7.4  1.43  8.33  5.27  75 1010.7  28.3  28.9  24.0 99.0 99.00
2016 10 03 20 50  60  7.3  8.3  1.52  8.33  5.34  71 1011.0  28.3  28.9  24.2 99.0 99.00
2016 10 03 21 50  56  7.4  8.3  1.45  8.33  5.43  88 1011.4  28.3  28.8  24.4 99.0 99.00
2016 10 03 22 50  69  7.3  8.7  1.39  8.33  5.28  79 1011.9  28.3  28.8  24.9 99.0 99.00
2016 10 03 23 50  65  8.7 10.3  1.59  8.33  5.42  72 1012.0  28.3  28.8  24.7 99.0 99.00
2016 10 04 00 50  71  9.0 10.6  1.64  9.09  5.37  77 1012.3  28.3  28.7  24.7 99.0 99.00
2016 10 04 01 50  74  8.1  9.7  1.58  9.09  5.30  70 1012.5  28.3  28.7  24.8 99.0 99.00
2016 10 04 02 50  72  8.6 10.1  1.59  9.09  5.16  74 1012.2  28.4  28.7  24.9 99.0 99.00
2016 10 04 03 50  73  8.2  9.8  1.73  7.69  5.37  87 1011.8  28.3  28.7  24.7 99.0 99.00
2016 10 04 04 50  66  8.4  9.8  1.64  8.33  5.23  87 1011.3  28.3  28.7  24.9 99.0 99.00
2016 10 04 05 50  67  7.9  9.8  1.76  6.25  5.49  87 1011.3  28.2  28.7  25.1 99.0 99.00
2016 10 04 06 50  65  9.2 10.6  1.77  6.25  5.33  84 1010.5  28.2  28.7  24.8 99.0 99.00
2016 10 04 07 50  65  8.4  9.8  1.91  8.33  5.44  64 1010.8  28.2  28.7  25.0 99.0 99.00
2016 10 04 08 50  77  8.4  9.9  1.93  6.67  5.61  87 1011.5  28.3  28.7  24.7 99.0 99.00
2016 10 04 09 50  68  8.5 10.7  2.01  7.14  5.72  99 1011.9  28.4  28.7  25.0 99.0 99.00
2016 10 04 10 50  69  8.3  9.5  2.08  7.69  5.75  79 1012.5  28.3  28.7  24.9 99.0 99.00
2016 10 04 11 50  74  8.5 10.7  2.11  7.14  5.92  84 1013.7  28.5  28.7  25.1 99.0 99.00
2016 10 04 12 50  61  7.4  8.8  2.02  8.33  5.76  84 1014.1  28.6  28.7  24.8 99.0 99.00
2016 10 04 13 50  59  7.5  9.3  1.92  8.33  5.90  78 1013.9  28.5  28.7  25.4 99.0 99.00
2016 10 04 14 50  73  7.4  8.8  2.27  7.69  6.01  75 1013.2  27.8  28.7  25.2 99.0 99.00
2016 10 04 15 50 112  7.5 10.1  1.97  8.33  5.68  71 1012.7  24.3  28.7  22.3 99.0 99.00
2016 10 04 16 50  79  7.2  8.6  2.02  7.69  5.88  97 1011.8  26.7  28.7  23.4 99.0 99.00
2016 10 04 17 50  37  4.7  5.7  2.27  8.33  6.38  89 1011.0  27.3  28.7  24.7 99.0 99.00
2016 10 04 18 50  53  6.6  8.1  2.11  7.69  6.31  80 1010.8  28.1  28.7  25.7 99.0 99.00
2016 10 04 19 50  65  7.5  9.9  2.20  8.33  6.35  75 1011.0  28.5  28.7  25.6 99.0 99.00
2016 10 04 20 50  68  7.6  9.2  2.13  8.33  6.14  94 1011.4  28.5  28.7  25.7 99.0 99.00
2016 10 04 21 50  73  8.8 10.1  2.21  8.33  6.27  76 1011.6  28.3  28.7  25.5 99.0 99.00
2016 10 04 22 50  83  9.2 11.5  2.36  7.69  6.19  90 1012.4  28.4  28.7  25.6 99.0 99.00
2016 10 04 23 50  93  6.6  8.1  2.24  7.69  5.99  83 1012.7  28.2  28.7  25.1 99.0 99.00
2016 10 05 00 50  87  8.6  9.8  2.18  7.69  6.05  76 1013.5  28.3  28.7  25.0 99.0 99.00
2016 10 05 01 50  91  7.1  8.4  2.10  8.33  5.89  77 1013.2  28.4  28.7  25.1 99.0 99.00
2016 10 05 02 50  94  7.0  8.3  2.05  7.14  5.98  81 1013.0  28.3  28.7  24.9 99.0 99.00
2016 10 05 03 50  82  6.0  7.1  2.07  7.14  6.13  81 1012.8  28.2  28.7  24.9 99.0 99.00
2016 10 05 04 50  88  4.3  5.7  1.96  8.33  6.31  76 1012.3  28.1  28.7  25.1 99.0 99.00
2016 10 05 05 50 210  6.7  8.6  1.82  7.14  6.21  77 1011.8  25.2  28.6  23.6 99.0 99.00
2016 10 05 06 50 170  5.7  7.7  1.89  7.69  5.89  81 1012.6  24.4  28.6  23.4 99.0 99.00
2016 10 05 07 50  87  3.3  4.4  1.86  7.69  5.98  90 1012.0  25.0  28.5  23.3 99.0 99.00
2016 10 05 08 50  89  6.7  7.5  1.89  8.33  6.23  94 1013.1  25.8  28.5  24.1 99.0 99.00
2016 10 05 09 50  92  8.0 10.1  1.84  8.33  6.03  80 1013.4  25.7  28.5  23.7 99.0 99.00
2016 10 05 10 50  65  5.4  7.0  1.90  7.69  6.03  91 1012.9  26.3  28.5  22.8 99.0 99.00
2016 10 05 11 50  27  6.5  8.2  1.70  8.33  6.02  81 1012.7  26.8  28.6  23.4 99.0 99.00
2016 10 05 12 50   5  7.3  8.4  1.77  8.33  6.08  83 1012.2  27.0  28.6  23.7 99.0 99.00
2016 10 05 13 50  49  7.2  8.7  1.73 13.79  6.04  37 1013.8  27.7  28.6  23.7 99.0 99.00
2016 10 05 14 50  83  8.1  9.5  1.81  7.69  6.06  88 1013.6  27.9  28.7  24.2 99.0 99.00
2016 10 05 15 50  81  6.2  7.5  1.80  8.33  5.87  75 1013.0  27.9  28.7  24.3 99.0 99.00
2016 10 05 16 50  74  6.8  7.8  1.95  8.33  6.31  75 1012.5  28.1  28.7  24.6 99.0 99.00
2016 10 05 17 50  71  8.7 10.4  1.87 13.79  6.00  38 1011.7  27.9  28.7  24.5 99.0 99.00
2016 10 05 18 50  81  9.4 11.0  2.01  7.69  5.87  91 1011.2  27.5  28.7  23.7 99.0 99.00
2016 10 05 19 50  76  7.0  8.8  2.08  8.33  5.96  80 1011.5  27.5  28.7  23.9 99.0 99.00
2016 10 05 20 50  82  6.0  7.4  2.23  7.69  6.21  81 1011.5  27.6  28.6  23.9 99.0 99.00
2016 10 05 21 50  90  7.0  8.1  2.29  8.33  6.61  64 1011.9  27.9  28.6  23.6 99.0 99.00
2016 10 05 23 50  89  9.4 11.3  2.31  7.69  6.30  78 1011.9  28.0  28.6  24.9 99.0 99.00
2016 10 06 00 50  91  9.2 10.9  2.32  8.33  6.22  75 1011.9  28.1  28.6  25.2 99.0 99.00
2016 10 06 01 50  94  9.1 11.2  2.55  8.33  6.31  69 1012.2  28.3  28.7  25.5 99.0 99.00
2016 10 06 02 50  91  8.6 10.4  2.56  7.69  6.56  81 1012.2  28.4  28.6  25.5 99.0 99.00
2016 10 06 03 50  84  8.8 10.9  2.47  8.33  6.40  71 1011.8  28.1  28.6  25.2 99.0 99.00
2016 10 06 04 50  98  8.8 10.1  2.45  8.33  6.21  87 1011.2  28.2  28.6  25.5 99.0 99.00
2016 10 06 05 50  95  8.9 10.5  2.40  8.33  6.26  80 1010.5  28.2  28.6  25.3 99.0 99.00
2016 10 06 06 50  95  9.6 11.6  2.52  8.33  6.39  78 1009.5  28.2  28.6  25.4 99.0 99.00
2016 10 06 07 50  94  9.8 11.4  2.44  7.69  6.05  71 1009.3  28.3  28.6  25.1 99.0 99.00
2016 10 06 08 50  89  8.8 10.7  2.68  8.33  6.41  89 1009.8  28.2  28.6  25.3 99.0 99.00
2016 10 06 09 50  91  8.4 10.1  2.54  8.33  6.38  83 1010.6  28.2  28.6  25.0 99.0 99.00
2016 10 06 10 50  97  8.0  9.3  2.40  7.69  6.15  87 1011.1  28.4  28.6  25.2 99.0 99.00
2016 10 06 11 50  93  7.8  8.9  2.66  8.33  6.40  82 1011.9  28.5  28.6  25.1 99.0 99.00
2016 10 06 12 50  98  7.5  9.0  2.30  9.09  6.19  77 1012.5  28.6  28.6  25.0 99.0 99.00
2016 10 06 13 50  96  6.3  7.8  2.30  7.14  6.28  83 1012.9  28.4  28.7  25.1 99.0 99.00
2016 10 06 14 50 103  5.8  6.7  2.42  8.33  6.41  82 1012.5  27.2  28.7  24.4 99.0 99.00
2016 10 06 15 50 101  7.2  8.2  2.35  8.33  6.62  86 1011.5  28.2  28.7  25.3 99.0 99.00
2016 10 06 16 50 100  7.0  8.3  2.27  8.33  6.57  83 1010.9  28.4  28.8  25.1 99.0 99.00
2016 10 06 17 50 107  4.8  5.9  2.37  8.33  6.60  79 1010.7  27.5  28.8  24.9 99.0 99.00
2016 10 06 18 50  80  6.7  8.2  2.16  8.33  6.43  88 1010.3  28.2  28.7  24.2 99.0 99.00
2016 10 06 19 50  72  7.3  8.6  2.20  8.33  6.30  89 1010.4  28.2  28.7  25.0 99.0 99.00
2016 10 06 20 50  75  7.6  9.0  2.29  8.33  6.65  87 1010.5  28.1  28.7  24.9 99.0 99.00
2016 10 06 21 50  82  7.1  8.1  2.15  8.33  6.34  87 1011.0  27.8  28.6  24.9 99.0 99.00
2016 10 06 22 50  69  5.4  6.4  2.05  8.33  6.35 102 1011.8  28.0  28.6  24.9 99.0 99.00
2016 10 06 23 50  68  6.2  7.3  2.19  9.09  6.57  87 1012.1  28.0  28.6  24.9 99.0 99.00
2016 10 07 00 50  76  7.6  8.9  1.94 12.12  6.49  49 1012.0  28.1  28.6  25.2 99.0 99.00
2016 10 07 01 50  69  6.8  8.3  1.93  9.09  6.26  77 1011.9  28.0  28.6  24.7 99.0 99.00
2016 10 07 02 50  70  7.4  8.9  2.08  9.09  6.65  73 1011.7  28.0  28.6  24.4 99.0 99.00
2016 10 07 03 50  78  7.2  8.6  2.05 11.43  6.27  37 1011.1  27.9  28.6  24.6 99.0 99.00
2016 10 07 04 50  74  7.1  8.6  2.06  8.33  6.43  73 1010.5  27.8  28.6  24.6 99.0 99.00
2016 10 07 05 50  65  7.6  9.0  2.08  7.69  6.35  80 1010.1  27.8  28.6  24.5 99.0 99.00
2016 10 07 06 50  70  7.3  8.7  2.07  7.69  6.40  85 1009.5  27.1  28.5  24.8 99.0 99.00
2016 10 07 07 50  96  9.6 12.2  2.08  7.69  6.09  82 1009.5  25.2  28.5  23.3 99.0 99.00
2016 10 07 08 50  76  8.2  9.9  1.93  8.33  6.13  87 1009.5  26.9  28.5  24.4 99.0 99.00
2016 10 07 09 50  83  7.8  9.7  1.99  9.09  6.06  74 1009.6  26.9  28.5  24.0 99.0 99.00
2016 10 07 10 50  73  8.4 10.5  1.85  8.33  5.72  82 1009.5  27.3  28.5  24.6 99.0 99.00
2016 10 07 11 50  82  8.3 10.1  2.05  7.14  5.92  70 1010.0  28.1  28.6  24.2 99.0 99.00
2016 10 07 12 50  83  9.0 10.7  2.01  8.33  5.73  59 1009.9  28.1  28.6  24.0 99.0 99.00
2016 10 07 13 50  78  8.6  9.9  2.16  8.33  6.05  84 1010.3  28.2  28.6  24.3 99.0 99.00
2016 10 07 14 50  77  8.0  9.9  1.94  8.33  5.76  82 1009.8  28.1  28.7  24.3 99.0 99.00
2016 10 07 15 50  79  8.0  9.6  2.23  7.69  5.99  78 1009.1  28.1  28.7  24.3 99.0 99.00
2016 10 07 16 50  82  7.4  8.5  1.94  8.33  5.83  87 1008.5  28.2  28.7  24.3 99.0 99.00
2016 10 07 17 50  79  7.4  8.5  2.08  8.33  5.96  78 1007.9  28.1  28.7  24.4 99.0 99.00
2016 10 07 18 50  88  7.4  8.6  1.94  8.33  5.68  88 1008.0  28.2  28.7  24.1 99.0 99.00
2016 10 07 19 50  87  7.0  8.5  2.08  8.33  5.88 100 1008.2  28.3  28.7  24.5 99.0 99.00
2016 10 07 20 50  76  8.3 10.5  2.04  8.33  6.07 102 1008.3  27.9  28.7  24.6 99.0 99.00
2016 10 07 21 50  85  7.2  8.3  1.95  7.69  5.78  99 1008.7  27.7  28.6  24.8 99.0 99.00
2016 10 07 22 50  91  8.0  9.4  1.92  7.69  5.75  93 1009.2  28.2  28.6  24.3 99.0 99.00
2016 10 07 23 50  91  7.6  9.4  1.97  7.69  5.84  88 1010.0  28.2  28.6  24.6 99.0 99.00
2016 10 08 00 50  89  8.7 10.1  1.91  8.33  5.86  96 1010.2  28.2  28.6  24.2 99.0 99.00
2016 10 08 01 50  79  7.9  9.4  1.92  7.69  5.70 103 1010.8  28.1  28.6  24.3 99.0 99.00
2016 10 08 02 50  75  8.3 10.2  1.84  7.69  5.51  94 1010.5  28.0  28.5  24.3 99.0 99.00
2016 10 08 03 50  78  8.7 10.3  1.82  7.69  5.46  88 1010.0  27.9  28.5  24.1 99.0 99.00
2016 10 08 04 50  73  8.5 10.3  1.77  7.14  5.59  87 1009.3  27.8  28.5  24.2 99.0 99.00
2016 10 08 05 50  69  8.2 10.4  1.97  7.69  5.65  95 1009.4  27.8  28.5  23.9 99.0 99.00
2016 10 08 07 50  65  7.8  9.1  2.09  7.69  5.87 106 1009.3  27.8  28.4  23.9 99.0 99.00
2016 10 08 08 50  84  8.0  9.2  1.95  7.69  5.76 102 1009.6  27.7  28.4  23.6 99.0 99.00
2016 10 08 09 50  78  7.1  8.4  2.02 14.81  5.88  37 1010.1  27.5  28.4  24.5 99.0 99.00
2016 10 08 10 50  69  7.6  9.0  1.96  7.69  6.03  99 1010.8  28.0  28.4  24.3 99.0 99.00
2016 10 08 11 50  78  7.5  8.8  2.10 13.79  6.14  25 1011.8  28.0  28.5  24.3 99.0 99.00
2016 10 08 12 50  73  7.6  8.9  2.10  7.69  6.05 108 1012.4  28.1  28.5  24.3 99.0 99.00
2016 10 08 13 50  79  7.6  9.0  1.94 12.90  6.09  31 1012.2  28.0  28.5  24.8 99.0 99.00
2016 10 08 14 50  84  8.0  9.5  2.01  7.69  6.19  93 1011.5  28.4  28.6  24.4 99.0 99.00
2016 10 08 15 50  84  8.0  9.1  2.00 14.81  6.49  27 1010.8  28.3  28.6  24.3 99.0 99.00
2016 10 08 16 50  86  8.8 10.3  1.90 13.79  5.97  66 1010.3  28.4  28.6  24.5 99.0 99.00
2016 10 08 17 50  97  9.5 11.9  2.10  7.69  5.83 106 1009.9  28.5  28.6  24.1 99.0 99.00
2016 10 08 18 50 109  9.1 10.5  2.09 16.00  6.05  23 1009.7  27.8  28.6  24.1 99.0 99.00
2016 10 08 19 50 105  8.6 10.3  2.05 16.00  5.95  61 1010.2  27.8  28.6  24.1 99.0 99.00
2016 10 08 20 50 107  8.3 10.1  2.23 14.81  6.43   9 1010.8  28.0  28.5  24.2 99.0 99.00
2016 10 08 21 50 136  9.1 11.7  2.12 13.79  6.00  30 1011.1  27.0  28.5  24.7 99.0 99.00
2016 10 08 23 50 141  8.8 10.3  2.18 14.81  5.97  18 1012.0  26.5  28.5  24.3 99.0 99.00
2016 10 09 00 50 154 10.0 11.7  2.17 13.79  6.07  33 1012.2  27.6  28.5  24.6 99.0 99.00
2016 10 09 01 50 145 10.0 11.7  2.08 14.81  6.04  24 1012.6  26.7  28.5  23.9 99.0 99.00
2016 10 09 02 50 138  5.6  6.9  2.33 14.81  6.65   6 1012.7  26.7  28.5  24.0 99.0 99.00
2016 10 09 03 50 143  7.0  8.1  2.09 13.79  6.26  34 1012.5  27.5  28.4  23.6 99.0 99.00
2016 10 09 04 50 129  5.3  6.4  2.28 14.81  6.64  13 1011.8  27.1  28.4  24.5 99.0 99.00
2016 10 09 05 50 135  6.1  7.3  2.17 13.79  6.66  30 1011.3  27.5  28.4  23.5 99.0 99.00
2016 10 09 06 50 117  5.3  6.4  2.12 13.79  6.40  37 1011.4  27.4  28.4  23.7 99.0 99.00
2016 10 09 07 50  98  6.5  7.7  2.23 12.90  6.84  20 1011.5  27.5  28.4  24.3 99.0 99.00
2016 10 09 08 50 105  7.7  8.9  2.10 12.90  6.64  15 1011.9  27.7  28.4  23.9 99.0 99.00
2016 10 09 09 50 106  7.0  8.2  2.09 13.79  6.64  19 1012.4  27.9  28.4  23.6 99.0 99.00
2016 10 09 10 50 109  6.5  7.8  2.12 12.90  6.56  29 1012.8  28.3  28.4  23.9 99.0 99.00
2016 10 09 11 50 109  6.0  7.1  1.95 12.12  6.26  39 1013.7  28.2  28.5  24.0 99.0 99.00
2016 10 09 12 50  94  7.3  8.9  2.00 12.90  6.30  16 1013.9  28.4  28.5  24.5 99.0 99.00
2016 10 09 13 50 107  8.3  9.8  1.85 13.79  6.15  30 1013.6  28.4  28.5  24.4 99.0 99.00
2016 10 09 14 50 102  8.0  9.3  1.82 13.79  5.88  19 1013.2  28.3  28.6  24.6 99.0 99.00
2016 10 09 15 50 101  7.4  8.6  1.82 13.79  6.00  42 1012.5  28.3  28.6  24.6 99.0 99.00
2016 10 09 16 50 100  7.0  8.2  1.84 13.79  6.04  33 1012.0  28.4  28.6  24.6 99.0 99.00
2016 10 09 17 50  89  6.5  7.7  1.80 12.12  5.97  43 1011.8  28.5  28.7  24.9 99.0 99.00
2016 10 09 18 50  87  7.3  8.3  1.73 13.79  5.91  21 1011.6  28.5  28.7  24.8 99.0 99.00
2016 10 09 19 50  89  7.2  8.1  1.75 13.79  5.94  18 1011.9  28.4  28.7  24.8 99.0 99.00
2016 10 09 20 50  84  7.5  8.7  1.77 13.79  6.22  29 1012.2  28.5  28.6  24.8 99.0 99.00
2016 10 09 21 50  85  7.2  8.5  1.75 13.79  5.76  32 1012.6  28.4  28.6  24.9 99.0 99.00
2016 10 09 22 50  82  7.5  8.9  1.70 13.79  5.76  34 1013.2  28.4  28.6  24.9 99.0 99.00
2016 10 09 23 50  85  7.9  9.0  1.81  8.33  5.67  88 1013.7  28.4  28.5  25.1 99.0 99.00
2016 10 10 01 50  89  7.9  9.6  1.73 13.79  5.41  31 1014.0  28.3  28.5  24.9 99.0 99.00
2016 10 10 02 50  92  8.5 10.2  1.64  7.69  5.27  82 1013.1  28.2  28.5  24.9 99.0 99.00
2016 10 10 03 50  84  8.8 10.6  1.76 12.90  5.49  26 1012.5  28.1  28.5  24.9 99.0 99.00
2016 10 10 04 50  86  8.7  9.9  1.78  7.14  5.25 106 1012.0  28.1  28.5  24.6 99.0 99.00
2016 10 10 05 50  89  9.1 10.8  1.81  7.69  5.24 103 1011.3  28.1  28.5  24.2 99.0 99.00
2016 10 10 06 50  84  9.2 10.7  1.78  8.33  5.32 103 1011.3  28.0  28.5  24.3 99.0 99.00
2016 10 10 07 50  96  8.4  9.8  1.87  7.14  5.36  94 1011.8  28.1  28.5  24.1 99.0 99.00
2016 10 10 08 50  83  8.7 10.3  2.01  7.69  5.62 100 1012.0  28.1  28.5  24.2 99.0 99.00
2016 10 10 09 50  84  8.4  9.8  1.92  7.69  5.43 106 1012.2  28.1  28.5  24.3 99.0 99.00
2016 10 10 10 50  85  9.1 10.8  1.80  6.25  5.34 101 1012.5  28.3  28.5  24.4 99.0 99.00
2016 10 10 11 50  83  9.4 11.1  1.86  7.69  5.21 105 1013.0  28.2  28.5  23.8 99.0 99.00
2016 10 10 12 50  82  9.8 11.2  1.91  6.67  5.40  99 1013.5  28.4  28.5  23.5 99.0 99.00
2016 10 10 13 50  88  8.5 10.3  2.11  7.69  5.56  96 1014.0  28.4  28.5  23.9 99.0 99.00
2016 10 10 14 50  82  8.8 10.9  2.09  7.14  5.41 102 1013.3  28.4  28.6  24.1 99.0 99.00
2016 10 10 15 50  87  8.7 10.2  2.01  6.67  5.43 104 1012.4  28.4  28.6  24.3 99.0 99.00
2016 10 10 16 50  91  8.9 10.3  2.01  7.69  5.51 106 1012.0  28.4  28.6  23.6 99.0 99.00
2016 10 10 17 50  86  8.5 10.0  2.05  6.67  5.50 102 1011.5  28.4  28.6  23.6 99.0 99.00
2016 10 10 18 50  82  7.9  8.9  1.98  8.33  5.62 110 1011.1  28.4  28.7  24.0 99.0 99.00
2016 10 10 19 50  79  7.8  8.9  2.00  7.69  5.72 107 1011.5  28.4  28.6  24.0 99.0 99.00
2016 10 10 20 50  76  8.1  9.5  1.95  7.14  5.74 114 1011.9  28.3  28.6  24.0 99.0 99.00
2016 10 10 21 50  73  8.1  9.4  1.88  7.69  5.47 120 1012.4  28.3  28.6  24.1 99.0 99.00
2016 10 10 22 50  74  7.8  9.1  2.07  7.69  5.89 103 1013.0  28.3  28.6  24.2 99.0 99.00
2016 10 10 23 50  70  8.2  9.6  1.99  7.69  5.93 106 1013.5  28.3  28.6  24.2 99.0 99.00
2016 10 11 00 50  75  8.2 10.0  1.98  7.14  5.77 111 1013.7  28.3  28.6  23.9 99.0 99.00
2016 10 11 01 50  77  8.4  9.8  2.07  7.69  5.89 110 1013.4  28.3  28.6  23.7 99.0 99.00
2016 10 11 02 50  81  8.3  9.7  2.06  7.14  5.82 103 1013.4  28.2  28.6  23.8 99.0 99.00
2016 10 11 03 50  83  7.6  9.3  2.15  8.33  6.11 101 1012.7  28.1  28.6  24.0 99.0 99.00
2016 10 11 04 50  79  7.9  9.2  2.13  7.69  6.11 104 1012.3  28.0  28.6  23.8 99.0 99.00
2016 10 11 05 50  84  7.9  9.6  2.07  8.33  6.01  92 1011.6  28.0  28.6  24.0 99.0 99.00
2016 10 11 06 50  76  8.2  9.9  1.94  7.69  5.85 102 1011.5  28.0  28.6  23.6 99.0 99.00
2016 10 11 07 50  74  7.5  8.5  2.18  7.69  6.11 102 1011.4  28.0  28.6  23.6 99.0 99.00
2016 10 11 08 50  71  7.8  9.2  2.10  8.33  6.22 111 1011.9  27.9  28.5  23.8 99.0 99.00
2016 10 11 09 50  68  7.9  9.8  2.11  8.33  6.22 106 1012.4  28.1  28.5  23.4 99.0 99.00
2016 10 11 10 50  65  7.8  9.3  2.06  8.33  6.05 103 1012.8  28.2  28.5  24.1 99.0 99.00
2016 10 11 11 50  68  8.5 10.2  1.93  8.33  6.03 111 1013.1  28.2  28.6  24.3 99.0 99.00
2016 10 11 12 50  66  8.6 10.3  2.07  8.33  6.00 104 1013.6  28.3  28.6  24.3 99.0 99.00
2016 10 11 13 50  75  8.4 10.0  1.90  8.33  5.78  94 1013.6  28.3  28.6  24.5 99.0 99.00
2016 10 11 14 50  75  8.2  9.6  1.99  8.33  5.76  99 1013.0  28.3  28.6  24.2 99.0 99.00
2016 10 11 15 50  76  7.7  9.4  1.94  8.33  5.74  99 1012.0  28.3  28.7  24.6 99.0 99.00
2016 10 11 16 50  83  8.9 10.5  2.04  7.69  6.01  94 1011.4  28.1  28.7  24.4 99.0 99.00
2016 10 11 17 50  84  7.2  8.8  2.01  7.69  6.01  98 1011.1  27.5  28.7  24.6 99.0 99.00
2016 10 11 18 50  81  7.4  9.5  2.10  7.69  6.12  99 1010.9  28.0  28.6  24.8 99.0 99.00
2016 10 11 19 50  74  7.2  8.5  1.90  7.69  5.86  90 1011.0  28.3  28.6  24.8 99.0 99.00
2016 10 11 20 50 113  9.0 12.2  1.99  7.69  5.81  99 1011.3  27.1  28.6  24.3 99.0 99.00
2016 10 11 21 50  80  5.4  6.6  1.86  8.33  5.68 110 1011.8  26.9  28.6  24.7 99.0 99.00
2016 10 11 23 50  64  7.7  9.1  1.84  7.69  5.62 103 1012.5  28.2  28.6  24.9 99.0 99.00
2016 10 12 00 50  67  7.7  9.2  1.76  8.33  5.68 111 1012.8  28.2  28.6  25.0 99.0 99.00
2016 10 12 01 50  71  7.4  8.7  1.80  7.14  5.78 105 1012.8  28.1  28.6  24.7 99.0 99.00
2016 10 12 02 50  64  6.6  7.9  1.86  8.33  5.84  86 1012.5  28.0  28.6  24.8 99.0 99.00
2016 10 12 03 50  65  7.9  9.1  1.85  9.09  5.81  71 1011.9  28.0  28.6  24.9 99.0 99.00
2016 10 12 04 50  64  7.7  9.2  1.69  8.33  5.62  96 1011.1  27.9  28.6  24.7 99.0 99.00
2016 10 12 05 50  72  8.0  9.3  1.68  9.09  5.42  33 1010.7  27.9  28.5  24.7 99.0 99.00
2016 10 12 06 50  70  8.1  9.6  1.73  7.69  5.61  87 1010.2  27.8  28.5  24.5 99.0 99.00
2016 10 12 07 50  68  8.6  9.7  1.74  9.09  5.71  75 1010.1  27.8  28.5  24.4 99.0 99.00
2016 10 12 08 50  66  8.2 10.0  1.91  9.09  5.92  46 1010.3  27.8  28.5  24.4 99.0 99.00
2016 10 12 09 50  65  8.2  9.4  1.92  9.09  5.88  47 1011.0  27.9  28.5  24.5 99.0 99.00
2016 10 12 10 50  71  8.1  9.3  1.84  7.69  5.79  88 1011.7  28.1  28.5  24.6 99.0 99.00
2016 10 12 11 50  69  8.5  9.9  1.82  9.09  5.64  37 1012.1  28.1  28.6  24.4 99.0 99.00
2016 10 12 12 50  69  7.7  8.9  1.91  9.09  5.94  62 1012.9  28.2  28.6  24.6 99.0 99.00
2016 10 12 13 50  74  8.0  9.4  1.94  7.69  6.07 109 1012.8  28.3  28.6  24.4 99.0 99.00
2016 10 12 14 50  70  7.7  9.1  1.77  8.33  5.91  88 1012.4  28.3  28.7  24.6 99.0 99.00
2016 10 12 15 50  67  7.3  8.5  1.87 14.81  6.18 347 1011.6  28.2  28.7  24.7 99.0 99.00
2016 10 12 16 50  63  7.1  8.2  2.03 13.79  6.31 343 1011.1  28.2  28.7  24.5 99.0 99.00
2016 10 12 17 50  67  7.4  8.3  1.95 13.79  6.25 321 1010.5  28.3  28.7  24.6 99.0 99.00
2016 10 12 18 50  63  7.2  8.8  2.04 13.79  6.35 319 1010.2  28.3  28.7  24.7 99.0 99.00
2016 10 12 19 50  68  6.5  7.6  2.00 12.90  6.37 327 1010.3  28.2  28.7  24.8 99.0 99.00
2016 10 12 20 50  72  6.6  8.4  2.05 13.79  6.43 342 1010.6  28.1  28.7  24.8 99.0 99.00
2016 10 12 21 50  68  6.8  8.1  1.97 12.90  6.58 327 1011.0  28.1  28.6  24.7 99.0 99.00
2016 10 12 22 50  76  5.5  6.4  1.91 13.79  6.42 300 1011.8  27.9  28.6  24.9 99.0 99.00
2016 10 12 23 50  75  5.7  6.7  1.96 14.81  6.78 342 1012.3  28.1  28.6  25.2 99.0 99.00
2016 10 13 00 50  72  5.6  6.7  2.03 12.90  6.72 309 1012.6  27.9  28.6  24.8 99.0 99.00
2016 10 13 01 50  69  4.9  5.9  1.90 12.90  6.69 315 1012.7  27.9  28.6  24.7 99.0 99.00
2016 10 13 02 50  79  5.8  6.7  1.70 13.79  6.74 314 1012.4  27.9  28.6  24.7 99.0 99.00
2016 10 13 03 50  75  5.2  6.4  1.79  8.33  6.90 104 1011.8  27.8  28.6  24.5 99.0 99.00
2016 10 13 04 50  70  4.8  5.8  1.87 12.90  7.19 315 1011.2  27.7  28.6  24.6 99.0 99.00
2016 10 13 05 50 138  5.8  7.3  1.79 13.79  6.77 311 1010.9  26.6  28.5  24.0 99.0 99.00
2016 10 13 06 50  76  5.9  7.5  1.71 12.12  6.98 331 1010.7  25.9  28.5  23.7 99.0 99.00
2016 10 13 07 50 103  4.3  5.2  1.60 14.81  6.91 331 1010.9  26.9  28.5  24.4 99.0 99.00
2016 10 13 08 50  98  6.1  7.5  1.58 10.81  6.69 352 1011.4  26.0  28.5  23.9 99.0 99.00
2016 10 13 09 50  59  5.7  7.1  1.70 13.79  6.95 342 1011.7  26.5  28.5  24.0 99.0 99.00
2016 10 13 10 50  77  3.6  5.1  1.55 13.79  6.61 334 1012.7  26.6  28.5  23.9 99.0 99.00
2016 10 13 11 50  63  6.3  7.8  1.64 10.81  6.82  10 1013.3  26.6  28.5  24.2 99.0 99.00
2016 10 13 12 50  80  4.8  5.9  1.77 12.12  6.45 341 1013.8  25.4  28.5  23.8 99.0 99.00
2016 10 13 13 50 139  4.0  6.2  1.66  7.69  6.11  83 1013.9  27.2  28.5  24.4 99.0 99.00
2016 10 13 14 50 137  7.3  8.7  1.82 13.79  6.28 328 1012.9  27.2  28.5  23.3 99.0 99.00
2016 10 13 15 50 124  5.6  7.2  1.79 12.90  6.24 331 1012.1  27.7  28.6  24.0 99.0 99.00
2016 10 13 16 50 128  5.2  6.3  1.68 12.90  6.01 325 1011.4  27.8  28.6  24.4 99.0 99.00
2016 10 13 17 50 117  5.3  6.3  1.69 10.00  6.20 357 1011.2  27.9  28.7  24.6 99.0 99.00
2016 10 13 18 50  90  7.4  9.9  1.61 12.90  6.27 338 1011.1  27.4  28.7  24.5 99.0 99.00
2016 10 13 19 50  95  7.6  8.9  1.69 12.90  6.12 343 1011.7  26.2  28.6  24.0 99.0 99.00
2016 10 13 20 50 104  5.5  6.6  1.71 12.90  6.29 353 1011.9  27.3  28.6  24.3 99.0 99.00
2016 10 13 21 50 110  5.5  6.9  1.72 12.90  6.42 344 1012.6  27.9  28.6  23.9 99.0 99.00
2016 10 13 22 50 111  5.4  6.7  1.71 10.00  6.40  19 1012.7  27.9  28.5  24.9 99.0 99.00
2016 10 13 23 50 104  6.6  7.8  1.62  9.09  6.12  77 1013.3  28.0  28.5  24.7 99.0 99.00
2016 10 14 00 50 104  6.0  7.4  1.66  7.69  6.28  84 1013.8  28.0  28.5  24.5 99.0 99.00
2016 10 14 01 50  84  7.2  8.5  1.64 13.79  6.38  15 1013.7  27.3  28.5  24.8 99.0 99.00
2016 10 14 02 50  92  5.7  6.8  1.85 13.79  6.69   7 1013.3  27.3  28.5  24.8 99.0 99.00
2016 10 14 03 50 100  6.7  7.9  1.73 13.79  6.51  26 1013.0  27.6  28.5  24.6 99.0 99.00
2016 10 14 04 50 119  6.2  8.1  1.76  8.33  6.76 111 1012.4  28.0  28.5  24.7 99.0 99.00
2016 10 14 05 50 111  4.5  5.9  1.70 13.79  6.47  24 1012.1  27.2  28.5  24.5 99.0 99.00
2016 10 14 06 50 115  5.7  6.7  1.67 13.79  6.63  50 1011.9  27.7  28.5  24.3 99.0 99.00
2016 10 14 07 50 117  6.1  7.0  1.62 12.90  6.54  43 1011.8  27.8  28.4  24.3 99.0 99.00
2016 10 14 08 50 110  6.1  7.0  1.74 12.90  6.71  11 1012.4  27.9  28.4  24.4 99.0 99.00
2016 10 14 09 50 102  5.4  6.6  1.70 13.79  6.67  35 1013.0  27.8  28.4  24.5 99.0 99.00
2016 10 14 10 50  97  5.1  6.6  1.61 12.12  6.47   3 1013.8  28.2  28.4  24.3 99.0 99.00
2016 10 14 11 50 106  5.2  6.1  1.66 12.90  6.78  20 1014.1  28.3  28.5  24.3 99.0 99.00
2016 10 14 12 50  99  5.1  5.9  1.62 12.90  6.63  24 1014.5  28.2  28.6  24.6 99.0 99.00
2016 10 14 13 50 105  5.5  6.7  1.63 12.90  6.82  18 1014.4  28.3  28.6  24.5 99.0 99.00
2016 10 14 14 50 110  4.6  5.7  1.81 12.90  7.09  23 1014.2  28.3  28.7  24.7 99.0 99.00
2016 10 14 15 50 114  4.6  5.6  1.84 12.12  7.19   6 1014.0  28.2  28.8  24.5 99.0 99.00
2016 10 14 16 50 101  3.9  4.9  1.83 13.79  7.23  20 1013.2  28.2  28.9  24.3 99.0 99.00
2016 10 14 17 50 109  3.7  4.7  1.87 12.90  7.53  33 1012.4  28.3  29.0  24.3 99.0 99.00
2016 10 14 18 50 100  3.1  3.9  1.95 12.90  7.79  19 1012.3  27.3  29.0  24.0 99.0 99.00
2016 10 14 19 50 116  6.9  8.0  1.84 12.90  7.75  35 1012.5  27.6  28.9  24.5 99.0 99.00
2016 10 14 20 50 123  6.7  7.8  1.92 12.12  7.72  13 1012.8  27.6  28.8  23.6 99.0 99.00
2016 10 14 21 50 148  3.8  5.1  1.86 12.12  7.25  15 1013.4  27.0  28.7  23.1 99.0 99.00
2016 10 14 23 50  85  3.9  4.5  1.79 12.90  7.89  33 1014.0  27.4  28.6  23.4 99.0 99.00
2016 10 15 00 50  83  5.2  5.9  1.82 12.12  8.02  37 1014.3  27.9  28.6  24.6 99.0 99.00
2016 10 15 01 50  92  5.2  6.1  1.79 12.12  7.71   6 1014.1  28.1  28.6  24.4 99.0 99.00
2016 10 15 02 50  99  5.1  6.2  1.78 12.90  7.47  22 1013.8  28.0  28.6  24.3 99.0 99.00
2016 10 15 03 50  88  5.3  6.3  1.93 12.90  7.79  26 1013.5  27.9  28.6  24.0 99.0 99.00
2016 10 15 04 50  88  5.1  6.3  1.90 12.12  7.61  25 1012.6  27.8  28.5  23.6 99.0 99.00
2016 10 15 05 50  96  4.8  5.8  1.86 12.90  7.62  14 1012.2  27.7  28.5  24.0 99.0 99.00
2016 10 15 06 50  89  5.4  6.9  1.68 12.12  7.29  34 1011.4  27.7  28.5  23.6 99.0 99.00
2016 10 15 07 50 105  5.4  6.4  1.76 12.12  7.33  12 1011.4  27.6  28.5  23.5 99.0 99.00
2016 10 15 08 50 105  4.3  5.6  1.76 12.90  7.56  15 1011.8  27.6  28.4  23.8 99.0 99.00
2016 10 15 09 50 101  4.9  5.9  1.71 12.90  7.48   6 1012.3  27.6  28.4  23.7 99.0 99.00
2016 10 15 10 50 104  4.7  5.6  1.61 11.43  7.06  25 1013.1  28.0  28.4  23.4 99.0 99.00
2016 10 15 11 50 104  3.8  4.5  1.72 12.90  7.68   9 1013.7  28.1  28.5  23.1 99.0 99.00
2016 10 15 12 50 104  3.6  4.5  1.66 12.12  7.25  18 1014.4  28.1  28.6  23.3 99.0 99.00
2016 10 15 13 50 107  3.6  4.9  1.57 12.12  7.20  27 1014.6  28.1  28.8  23.3 99.0 99.00
2016 10 15 14 50 110  3.7  4.7  1.84 12.90  7.79   2 1014.1  28.0  28.9  23.9 99.0 99.00
2016 10 15 15 50 120  3.1  3.9  1.54 11.43  7.35   8 1013.2  28.0  29.1  23.9 99.0 99.00
2016 10 15 16 50 138  3.6  4.4  1.59 10.00  7.38  56 1012.4  28.2  29.2  23.2 99.0 99.00
2016 10 15 17 50 146  3.4  4.7  1.61 12.12  7.85 344 1012.1  28.2  29.3  23.8 99.0 99.00
2016 10 15 18 50 134  2.9  3.8  1.55 12.12  7.67   1 1011.5  28.2  29.3  24.0 99.0 99.00
2016 10 15 19 50 132  3.0  3.9  1.58 10.00  7.75  33 1011.6  28.1  29.2  24.1 99.0 99.00
2016 10 15 20 50 152  2.9  3.8  1.41 12.12  7.45  15 1012.0  27.9  29.1  24.4 99.0 99.00
2016 10 15 21 50  93  1.6  2.2  1.51 10.00  7.76  52 1012.4  27.9  29.0  24.5 99.0 99.00
2016 10 15 22 50 105  1.8  2.5  1.50 11.43  7.88  14 1012.4  27.8  28.9  24.3 99.0 99.00
2016 10 15 23 50 104  2.7  3.6  1.60 12.12  7.92  20 1012.6  27.7  28.8  24.4 99.0 99.00
2016 10 16 00 50  86  3.4  4.2  1.71 11.43  8.35  10 1012.8  27.7  28.8  24.3 99.0 99.00
2016 10 16 01 50  89  2.7  3.6  1.59 12.12  8.50  12 1012.8  27.7  28.8  24.2 99.0 99.00
2016 10 16 02 50  75  3.4  4.0  1.53 12.90  8.17   6 1012.6  27.6  28.8  24.6 99.0 99.00
2016 10 16 03 50  81  3.5  4.4  1.62 10.00  8.11  48 1012.2  27.6  28.7  24.6 99.0 99.00
2016 10 16 04 50  88  3.6  4.4  1.63 12.12  8.37  14 1011.4  27.4  28.7  24.3 99.0 99.00
2016 10 16 05 50  83  2.8  3.4  1.60 12.12  8.30  12 1010.4  27.4  28.7  24.3 99.0 99.00
2016 10 16 06 50 108  2.7  3.5  1.47 12.12  8.12 360 1009.7  27.3  28.7  24.1 99.0 99.00
2016 10 16 07 50 130  2.2  3.1  1.46 11.43  8.34  20 1009.5  27.3  28.6  23.9 99.0 99.00
2016 10 16 08 50 107  1.9  3.0  1.41  9.09  8.23  83 1009.9  27.3  28.6  24.0 99.0 99.00
2016 10 16 09 50 150  3.0  4.1  1.47 10.81  8.37   8 1010.1  27.6  28.6  24.1 99.0 99.00
2016 10 16 10 50 138  2.4  3.1  1.51  9.09  8.36 100 1010.6  27.8  28.7  24.0 99.0 99.00
2016 10 16 11 50 133  1.5  2.2  1.42 12.12  8.32  12 1011.2  28.1  28.8  23.9 99.0 99.00
2016 10 16 12 50 134  1.8  2.8  1.59 10.00  8.45  10 1011.9  28.0  29.0  23.8 99.0 99.00
2016 10 16 13 50 110  2.0  2.6  1.73 12.12  8.74   1 1012.0  28.0  29.4  23.9 99.0 99.00
2016 10 16 14 50 152  1.2  2.0  1.55 12.12  8.60   5 1011.7  28.3  30.0  23.7 99.0 99.00
2016 10 16 15 50 187  0.6  1.5  1.50 12.12  8.39 360 1011.1  28.5  30.6  23.5 99.0 99.00
2016 10 16 16 50 196  0.9  1.9  1.54  9.09  8.40 106 1010.4  28.5  31.1  23.4 99.0 99.00
2016 10 16 17 50 197  1.2  2.0  1.54 12.12  8.70 343 1009.9  28.8  31.1  23.5 99.0 99.00
2016 10 16 18 50 213  1.3  2.7  1.49  9.09  8.50  29 1009.5  29.0  31.2  23.2 99.0 99.00
2016 10 16 19 50 144  0.2  0.7  1.66 12.12  8.93 338 1009.7  29.7  30.9  23.4 99.0 99.00
2016 10 16 20 50  29  0.4  1.2  1.65 12.12  8.61   4 1010.0  28.6  30.0  23.3 99.0 99.00
2016 10 16 21 50  72  1.7  3.2  1.72  8.33  8.50 118 1010.5  28.5  30.0  23.6 99.0 99.00
2016 10 16 22 50  24  3.4  5.6  1.67 12.12  8.63 355 1011.4  27.3  29.9  24.2 99.0 99.00
2016 10 16 23 50  55  1.8  2.3  1.70 13.79  9.09   1 1011.9  27.3  29.5  24.2 99.0 99.00
2016 10 17 00 50 118  2.4  3.5  1.63  9.09  8.75  33 1012.5  28.3  29.1  24.2 99.0 99.00
2016 10 17 01 50  36  1.9  2.7  1.61 13.79  8.57 349 1012.5  27.7  29.1  23.8 99.0 99.00
2016 10 17 02 50  57  3.6  4.2  1.70  9.09  8.41  95 1012.4  26.8  28.9  24.5 99.0 99.00
2016 10 17 03 50 162  3.3  4.1  1.78 12.90  8.62   4 1012.3  28.0  28.7  24.3 99.0 99.00
2016 10 17 04 50 141  2.8  3.8  1.64  8.33  8.50 112 1011.2  28.0  29.1  24.0 99.0 99.00
2016 10 17 05 50 156  2.4  3.2  1.59 12.90  8.28 359 1010.7  27.8  29.0  24.2 99.0 99.00
2016 10 17 06 50 159  3.2  4.0  1.60 12.12  8.42 343 1010.6  27.8  28.9  24.1 99.0 99.00
2016 10 17 07 50 149  4.6  5.7  1.62 11.43  8.36 349 1010.1  27.6  28.8  24.7 99.0 99.00
2016 10 17 08 50 169  2.8  4.0  1.39  7.69  8.03 110 1010.5  27.3  28.8  24.5 99.0 99.00
2016 10 17 09 50 162  2.4  3.1  1.56  8.33  8.11 127 1011.2  27.5  28.9  24.0 99.0 99.00
2016 10 17 10 50 173  2.1  3.2  1.56 11.43  8.34   4 1011.8  28.0  28.9  24.0 99.0 99.00
2016 10 17 11 50 141  2.2  2.9  1.49  8.33  7.96 127 1012.3  28.1  29.1  24.1 99.0 99.00
2016 10 17 12 50 162  3.6  5.0  1.45  8.33  7.74 134 1012.8  27.9  29.1  24.3 99.0 99.00
2016 10 17 13 50 167  3.0  4.3  1.57  8.33  7.99 128 1012.9  28.0  29.2  24.1 99.0 99.00
2016 10 17 14 50 168  3.0  4.1  1.53 12.12  8.25 350 1012.6  28.0  29.3  24.3 99.0 99.00
2016 10 17 15 50 168  2.6  3.6  1.59 10.81  8.18 356 1012.1  28.2  29.4  24.3 99.0 99.00
2016 10 17 16 50 142  1.9  2.7  1.51 11.43  8.40 341 1011.5  28.4  29.7  24.1 99.0 99.00
2016 10 17 17 50 181  1.9  2.8  1.50 12.90  8.77 347 1010.7  28.6  29.8  24.0 99.0 99.00
2016 10 17 18 50 177  1.3  2.5  1.70 12.90  9.35   2 1010.5  28.7  30.0  23.8 99.0 99.00
2016 10 17 19 50 140  2.2  3.4  1.64 12.12  9.25   1 1010.6  28.5  29.9  24.0 99.0 99.00
2016 10 17 20 50 136  2.5  3.5  1.56 12.12  9.49   7 1010.8  28.4  29.6  23.9 99.0 99.00
2016 10 17 21 50 144  2.6  3.8  1.72 14.81  9.87   8 1011.3  28.3  29.3  24.1 99.0 99.00
2016 10 17 23 50 120  2.3  3.1  2.23 12.12 10.70   7 1012.7  28.3  29.1  24.2 99.0 99.00
2016 10 18 00 50 115  2.2  3.0  2.23 13.79 11.08   7 1013.2  28.3  29.0  24.3 99.0 99.00
2016 10 18 01 50 122  2.7  3.8  2.35 12.90 11.16   7 1013.4  28.2  29.0  24.1 99.0 99.00
2016 10 18 02 50 132  2.5  3.6  2.55 14.81 11.68   9 1013.4  28.0  28.9  24.0 99.0 99.00
2016 10 18 03 50 124  1.8  2.7  2.61 13.79 12.14   3 1013.2  27.9  28.8  24.2 99.0 99.00
2016 10 18 04 50 149  2.4  3.6  2.59 13.79 11.61  14 1012.5  28.1  28.8  22.4 99.0 99.00
2016 10 18 05 50 114  1.8  2.7  3.01 16.00 12.43  11 1012.1  27.8  28.8  24.0 99.0 99.00
2016 10 18 06 50 108  2.8  3.5  3.40 16.00 12.79  10 1011.6  27.8  28.8  23.8 99.0 99.00
2016 10 18 07 50  90  4.4  5.9  2.77 16.00 11.78   7 1011.4  27.6  28.7  23.8 99.0 99.00
2016 10 18 08 50  87  4.0  5.4  2.56 16.00 11.87 360 1011.7  27.7  28.7  24.5 99.0 99.00
2016 10 18 10 50  83  4.5  5.4  2.64 16.00 11.78  15 1012.6  28.2  28.8  24.3 99.0 99.00
2016 10 18 11 50  86  4.5  5.5  2.85 13.79 11.91  17 1013.2  28.2  28.8  24.4 99.0 99.00
2016 10 18 12 50  90  4.1  5.0  3.50 16.00 12.59  23 1014.0  28.3  28.9  24.4 99.0 99.00
2016 10 18 13 50  89  4.9  5.9  3.10 16.00 12.13  20 1014.1  28.4  29.0  24.2 99.0 99.00
2016 10 18 14 50  77  4.7  5.5  3.08 16.00 11.69  22 1013.6  28.4  29.1  23.9 99.0 99.00
2016 10 18 15 50  78  4.2  5.2  3.07 14.81 11.69  28 1013.0  28.4  29.3  24.0 99.0 99.00
2016 10 18 16 50  79  4.2  4.9  3.34 14.81 11.92  16 1012.3  28.5  29.4  23.7 99.0 99.00
2016 10 18 17 50  72  3.6  4.5  2.92 16.00 11.45  16 1011.8  28.5  29.4  23.5 99.0 99.00
2016 10 18 18 50  71  3.3  4.3  2.96 16.00 11.32  20 1011.8  28.6  29.5  23.7 99.0 99.00
2016 10 18 19 50  82  3.9  4.8  3.17 14.81 11.87  24 1011.8  28.6  29.4  24.1 99.0 99.00
2016 10 18 20 50  83  4.1  4.9  3.47 14.81 11.83  25 1012.2  28.4  29.3  23.8 99.0 99.00
2016 10 18 21 50  83  4.8  6.0  3.21 14.81 11.77  25 1012.7  28.4  29.2  24.0 99.0 99.00
2016 10 18 23 50  87  5.1  6.1  3.13 14.81 10.96  18 1013.7  28.3  29.0  24.6 99.0 99.00
2016 10 19 00 50  89  4.8  5.7  2.94 14.81 10.96  11 1014.0  28.2  28.9  24.4 99.0 99.00
2016 10 19 01 50  90  6.1  7.3  3.07 14.81 10.82  18 1014.3  28.3  28.9  24.4 99.0 99.00
2016 10 19 02 50  86  5.8  6.7  3.34 14.81 11.18  18 1014.0  28.2  28.8  24.4 99.0 99.00
2016 10 19 03 50  87  6.1  6.9  3.33 14.81 11.02  20 1013.5  28.1  28.8  24.3 99.0 99.00
2016 10 19 04 50  84  5.7  7.5  2.91 14.81 10.31  28 1012.8  28.0  28.7  24.4 99.0 99.00
2016 10 19 05 50  91  6.1  7.2  2.93 14.81 10.00  21 1012.2  28.0  28.7  24.4 99.0 99.00
2016 10 19 07 50  81  5.4  6.2  3.32 14.81 10.66  24 1011.8  27.9  28.6  24.0 99.0 99.00
2016 10 19 08 50  76  6.0  7.3  3.03 14.81  9.86  19 1011.8  27.9  28.6  24.1 99.0 99.00
2016 10 19 09 50  80  5.8  7.0  3.19 14.81  9.92  25 1012.2  27.9  28.6  24.1 99.0 99.00
2016 10 19 10 50  72  6.3  7.4  3.21 13.79 10.17  15 1012.7  28.2  28.6  24.3 99.0 99.00
2016 10 19 11 50  75  6.0  7.0  2.85 14.81  9.28  19 1013.0  28.3  28.6  23.8 99.0 99.00
2016 10 19 12 50  67  6.2  7.2  2.84 14.81  9.00  24 1013.5  28.3  28.7  23.7 99.0 99.00
2016 10 19 13 50  72  5.9  6.9  2.65 13.79  8.97  19 1013.9  28.3  28.7  23.8 99.0 99.00
2016 10 19 14 50  75  5.9  6.9  2.57 14.81  8.89  17 1013.6  28.3  28.8  23.9 99.0 99.00
2016 10 19 15 50  81  5.9  7.2  2.69 13.79  8.98  19 1013.0  28.3  28.9  23.7 99.0 99.00
2016 10 19 16 50  75  6.2  7.4  2.51 12.90  8.49  18 1012.3  28.4  28.9  24.0 99.0 99.00
2016 10 19 17 50  73  6.3  7.2  2.63 12.90  8.84  18 1011.9  28.3  29.0  24.2 99.0 99.00
2016 10 19 18 50  74  6.8  8.4  2.61 13.79  8.69  21 1011.7  28.4  29.0  24.0 99.0 99.00
2016 10 19 19 50  76  6.6  7.5  2.52 13.79  8.58  21 1011.9  28.4  29.0  24.3 99.0 99.00
2016 10 19 20 50  78  7.5  9.2  2.36 12.90  8.18  18 1011.9  28.0  28.9  24.5 99.0 99.00
2016 10 19 21 50  67  8.1  9.2  2.27 13.79  7.73  11 1012.2  28.2  28.9  23.9 99.0 99.00
2016 10 19 22 50  69  6.9  8.1  2.28 12.90  7.33  11 1012.8  28.2  28.8  23.6 99.0 99.00
2016 10 19 23 50  59  6.5  7.6  2.55 13.79  8.02  25 1013.2  28.2  28.8  23.5 99.0 99.00
2016 10 20 00 50  63  7.7  8.6  2.62 13.79  7.97  17 1013.6  28.1  28.7  23.8 99.0 99.00
2016 10 20 01 50  56  7.5  8.9  2.51 12.90  7.89  16 1013.8  28.0  28.7  23.3 99.0 99.00
2016 10 20 02 50  50  7.5  8.8  2.68 13.79  8.29  28 1013.9  27.9  28.7  23.1 99.0 99.00
2016 10 20 03 50  66  7.9  9.3  2.62 13.79  7.67  24 1013.3  27.9  28.7  22.8 99.0 99.00
2016 10 20 04 50  65  7.1  9.0  2.72 12.90  7.80  24 1012.3  27.8  28.7  22.8 99.0 99.00
2016 10 20 05 50  66  7.1  8.3  2.36 13.79  7.34  21 1011.6  27.7  28.7  22.4 99.0 99.00
2016 10 20 06 50  65  8.1  9.3  2.33 13.79  7.39  31 1011.0  27.7  28.7  23.1 99.0 99.00
2016 10 20 07 50  53  8.4  9.9  2.60 13.79  7.48  20 1011.0  27.7  28.7  23.1 99.0 99.00
2016 10 20 08 50  68  7.9  9.6  2.60 12.90  7.33  19 1011.4  27.8  28.6  22.5 99.0 99.00
2016 10 20 09 50  70  7.6  9.2  2.71 13.79  7.70  18 1011.7  27.8  28.6  22.8 99.0 99.00
2016 10 20 10 50  75  6.8  8.5  2.52 13.79  7.31  28 1012.3  27.9  28.6  23.2 99.0 99.00
2016 10 20 11 50  68  6.2  7.6  2.43 12.90  7.55  19 1012.7  28.2  28.6  22.7 99.0 99.00
2016 10 20 12 50  72  6.0  7.5  2.43 12.90  7.71  27 1013.2  28.1  28.7  23.0 99.0 99.00
2016 10 20 13 50  68  6.6  7.6  2.21 12.12  6.91  21 1013.4  28.1  28.7  22.9 99.0 99.00
2016 10 20 14 50  76  6.9  8.1  2.47 12.90  7.65  27 1012.6  28.1  28.8  23.0 99.0 99.00
2016 10 20 16 50  56  6.8  8.1  2.22 12.90  7.17  26 1010.7  28.2  28.9  23.9 99.0 99.00
2016 10 20 17 50  66  6.8  8.0  2.23 12.90  7.04  25 1010.2  28.3  28.8  24.0 99.0 99.00
2016 10 20 18 50  64  7.0  8.6  2.03 12.90  6.76  29 1010.3  28.1  28.8  24.2 99.0 99.00
2016 10 20 19 50  71  6.8  7.9  2.12 13.79  6.84  29 1010.5  27.1  28.8  24.2 99.0 99.00
2016 10 20 20 50  66  7.5  8.9  2.14 12.90  6.99  25 1010.5  27.6  28.7  24.1 99.0 99.00
2016 10 20 21 50  85  6.8  8.3  1.85 12.90  6.33  31 1010.8  28.1  28.7  24.7 99.0 99.00
2016 10 20 22 50  85  8.2  9.8  1.86 12.12  6.40  24 1011.3  28.4  28.7  23.9 99.0 99.00
2016 10 20 23 50  95  8.0  9.2  1.94 12.90  6.29  38 1011.5  28.3  28.6  23.9 99.0 99.00
2016 10 21 00 50  87  8.0  9.2  1.96 12.12  6.26  26 1011.7  28.3  28.6  24.1 99.0 99.00
2016 10 21 01 50  81  8.2  9.6  2.05 12.90  6.31  21 1011.8  28.4  28.6  24.4 99.0 99.00
2016 10 21 02 50  84  7.1  8.4  2.04 12.12  6.37  21 1011.9  28.3  28.6  24.5 99.0 99.00
2016 10 21 03 50  79  7.7  9.2  2.00 12.12  6.42  25 1011.2  28.2  28.6  24.6 99.0 99.00
2016 10 21 04 50  75  8.0 10.2  1.96 12.90  6.42  24 1010.4  28.0  28.6  24.6 99.0 99.00
2016 10 21 05 50  78  7.6  8.8  1.95 12.12  6.17  20 1009.9  27.6  28.6  24.7 99.0 99.00
2016 10 21 06 50  99  9.5 11.5  1.83 12.12  6.17  35 1009.5  27.8  28.6  23.6 99.0 99.00
2016 10 21 07 50 102  8.8 11.4  1.97 12.12  6.18  28 1009.5  27.5  28.6  24.2 99.0 99.00
2016 10 21 08 50  84  7.6  9.2  1.85 12.12  5.74  28 1009.7  27.9  28.6  25.1 99.0 99.00
2016 10 21 10 50  84  7.7  9.1  1.85 11.43  5.82  20 1010.7  28.1  28.6  24.6 99.0 99.00
2016 10 21 11 50  84  7.9  9.2  1.85 11.43  5.88  21 1011.0  28.2  28.6  24.7 99.0 99.00
2016 10 21 12 50  78  7.5  9.0  1.94 12.12  5.96  21 1011.6  28.4  28.6  25.1 99.0 99.00
2016 10 21 13 50  86  7.9  9.0  1.89 11.43  5.86  28 1011.6  28.6  28.7  24.8 99.0 99.00
2016 10 21 14 50  90  7.9  9.3  1.95  7.14  5.75  96 1011.1  28.6  28.7  25.1 99.0 99.00
2016 10 21 15 50  80  8.0  9.8  1.95 11.43  5.85  26 1010.5  28.6  28.7  25.0 99.0 99.00
2016 10 21 16 50  88  8.0  9.3  1.99  7.69  5.83  84 1010.2  28.7  28.8  24.6 99.0 99.00
2016 10 21 17 50  84  6.2  7.6  1.89  6.67  5.73  92 1010.1  27.9  28.8  25.1 99.0 99.00
2016 10 21 18 50  75  7.6  8.8  1.95  6.67  5.90  81 1009.6  28.7  28.8  24.8 99.0 99.00
2016 10 21 19 50  74  7.6  9.1  2.00  7.14  6.00  88 1009.9  28.7  28.8  25.0 99.0 99.00
2016 10 21 20 50  81  7.5  9.0  1.96  7.69  5.86  86 1010.0  28.6  28.8  25.0 99.0 99.00
2016 10 21 21 50  83  8.3  9.5  1.96  7.14  5.84  90 1010.3  28.5  28.7  24.7 99.0 99.00
2016 10 21 22 50  77  8.8 10.3  1.94  7.14  5.82 100 1010.6  28.5  28.7  24.8 99.0 99.00
2016 10 21 23 50  71  8.5  9.8  1.94 10.81  5.91  25 1011.0  28.5  28.7  24.8 99.0 99.00
2016 10 22 00 50  62  9.4 11.1  1.87  7.69  5.58  91 1011.1  28.0  28.7  24.5 99.0 99.00
2016 10 22 01 50  72  9.0 10.8  1.88  7.69  5.57  84 1010.8  28.4  28.6  24.8 99.0 99.00
2016 10 22 02 50  72  8.8 10.2  1.85  7.69  5.36  91 1010.4  28.4  28.6  24.6 99.0 99.00
2016 10 22 03 50  71  9.4 11.0  1.90  6.67  5.41  85 1010.2  28.3  28.6  24.5 99.0 99.00
2016 10 22 04 50  65  9.5 11.1  2.08  7.14  5.63  86 1009.6  28.2  28.6  24.2 99.0 99.00
2016 10 22 05 50  63  9.1 10.4  1.98  7.14  5.53  80 1009.3  28.2  28.6  24.4 99.0 99.00
2016 10 22 06 50  64  9.1 10.9  2.14  7.14  5.53  87 1009.3  28.2  28.6  24.5 99.0 99.00
2016 10 22 07 50  64  9.3 11.4  1.96  7.14  5.52  95 1009.5  28.2  28.6  24.4 99.0 99.00
2016 10 22 08 50  67  9.5 11.2  2.09  7.14  5.44  97 1010.0  28.3  28.6  24.3 99.0 99.00
2016 10 22 09 50  64  9.3 11.5  2.34  7.14  5.70  99 1010.5  28.3  28.6  24.3 99.0 99.00
2016 10 22 10 50  64  9.2 11.0  2.31  7.69  5.81  92 1010.9  28.4  28.6  24.0 99.0 99.00
2016 10 22 11 50  67  8.5 10.6  2.26  7.69  5.73  76 1011.5  28.5  28.6  24.3 99.0 99.00
2016 10 22 12 50  60  8.8 10.3  2.29  7.69  5.95  92 1011.9  28.5  28.6  24.3 99.0 99.00
2016 10 22 13 50  60  8.8 10.4  2.42  9.09  6.09  98 1012.1  28.5  28.7  24.2 99.0 99.00
2016 10 22 14 50  65  8.5  9.8  2.27  8.33  5.81  96 1011.6  28.6  28.7  24.5 99.0 99.00
2016 10 22 15 50  62  8.8 10.6  2.18  8.33  5.91  93 1010.8  28.6  28.7  24.2 99.0 99.00
2016 10 22 16 50  57  7.7  9.4  2.22  9.09  6.00  89 1010.4  28.6  28.7  24.6 99.0 99.00
2016 10 22 17 50  57  8.5  9.7  2.17  9.09  5.87  87 1010.1  28.6  28.7  24.5 99.0 99.00
2016 10 22 18 50  54  8.5 10.5  2.13  9.09  5.84  90 1009.9  28.6  28.7  24.7 99.0 99.00
2016 10 22 19 50  58  8.9 10.5  2.09  7.69  5.79  96 1010.3  28.5  28.7  24.7 99.0 99.00
2016 10 22 20 50  55  8.8 10.1  2.26  9.09  6.06  94 1010.5  28.6  28.7  24.7 99.0 99.00
2016 10 22 21 50  62  9.1 10.9  2.42  9.09  6.10 102 1011.1  28.5  28.7  24.6 99.0 99.00
2016 10 22 22 50  63  8.3  9.8  2.41  8.33  6.05 106 1011.4  28.5  28.7  24.7 99.0 99.00
2016 10 22 23 50  73  8.6 10.0  2.50  9.09  6.16  93 1011.8  27.7  28.7  24.7 99.0 99.00
2016 10 23 00 50  76 11.3 14.4  2.41  8.33  6.29  94 1012.0  27.7  28.6  24.4 99.0 99.00
2016 10 23 01 50  82 11.0 14.6  2.34  9.09  6.30  93 1012.2  27.8  28.6  24.4 99.0 99.00
2016 10 23 02 50  99  7.2  8.6  2.42 16.00  6.17  37 1012.4  26.3  28.6  24.0 99.0 99.00
2016 10 23 03 50  85  8.5 10.1  2.30  9.09  6.23  99 1011.6  27.6  28.6  23.5 99.0 99.00
2016 10 23 04 50  80  8.6 10.3  2.46 16.00  6.46  50 1011.1  27.5  28.6  23.7 99.0 99.00
2016 10 23 05 50  77  6.9  8.4  2.33  9.09  6.41  94 1010.7  27.3  28.6  24.3 99.0 99.00
2016 10 23 06 50  85  9.0 10.8  2.32 14.81  6.50  22 1010.4  27.0  28.6  23.4 99.0 99.00
2016 10 23 07 50  73  9.1 11.0  2.33  9.09  6.43  96 1010.6  26.3  28.6  23.5 99.0 99.00
2016 10 23 08 50  68  6.2  8.2  2.33 14.81  6.52  22 1011.4  26.8  28.6  24.0 99.0 99.00
2016 10 23 09 50  85  6.3  8.0  2.20 14.81  6.45  11 1011.9  26.4  28.6  23.5 99.0 99.00
2016 10 23 10 50  68  6.3  7.8  2.22  9.09  6.59  99 1012.3  27.2  28.6  23.7 99.0 99.00
2016 10 23 11 50  67  7.5  8.8  2.38 13.79  7.00  17 1012.8  27.3  28.6  24.2 99.0 99.00
2016 10 23 12 50  70  8.0  9.8  2.21 14.81  6.64  17 1013.1  27.8  28.6  24.2 99.0 99.00
2016 10 23 13 50  69  7.9  9.5  2.11 13.79  6.34  32 1013.0  27.4  28.6  23.7 99.0 99.00
2016 10 23 14 50  74  8.2  9.5  2.27 13.79  6.48  14 1012.5  27.8  28.7  23.9 99.0 99.00
2016 10 23 16 50  83  8.0  9.5  2.12 13.79  6.19  24 1011.2  27.7  28.7  23.9 99.0 99.00
2016 10 23 17 50 121  6.8  8.2  2.03  9.09  5.96  87 1010.7  26.9  28.7  24.1 99.0 99.00
2016 10 23 18 50 100  6.0  7.3  2.05  9.09  6.27 100 1010.7  27.5  28.7  24.1 99.0 99.00
2016 10 23 19 50  91  7.1  8.3  1.94  8.33  6.10  94 1010.9  27.4  28.7  23.6 99.0 99.00
2016 10 23 20 50  96  6.5  7.5  1.97  8.33  6.19  96 1011.3  27.9  28.7  24.2 99.0 99.00
2016 10 23 21 50 109  6.0  7.1  1.86  6.67  5.97  86 1011.3  28.0  28.7  24.0 99.0 99.00
2016 10 23 22 50  92  4.9  5.8  1.85  8.33  6.20 102 1011.7  28.0  28.7  24.1 99.0 99.00
2016 10 23 23 50 105  5.9  6.6  1.72  9.09  6.12 102 1012.2  27.9  28.6  23.8 99.0 99.00
2016 10 24 00 50  93  4.7  5.9  1.80  8.33  6.16  99 1012.6  27.5  28.6  23.8 99.0 99.00
2016 10 24 01 50  97  5.9  7.2  1.67  8.33  6.10  95 1012.5  27.8  28.6  24.0 99.0 99.00
2016 10 24 02 50 106  5.2  6.5  1.83  8.33  6.31  93 1012.2  26.8  28.6  23.6 99.0 99.00
2016 10 24 03 50  84  5.9  7.2  1.66  8.33  5.92  94 1011.8  27.0  28.6  23.1 99.0 99.00
2016 10 24 04 50  87  5.2  6.1  1.61  8.33  6.25  98 1010.9  27.5  28.6  23.4 99.0 99.00
2016 10 24 05 50  78  5.1  6.5  1.61  8.33  6.12 104 1010.1  27.5  28.6  23.3 99.0 99.00
2016 10 24 06 50  71  5.2  6.3  1.48  7.69  5.98  80 1009.8  27.4  28.6  23.3 99.0 99.00
2016 10 24 07 50  84  5.2  6.3  1.50  8.33  6.26  92 1010.1  27.4  28.6  23.3 99.0 99.00
2016 10 24 08 50  83  4.6  5.6  1.63  8.33  6.25  82 1010.7  27.5  28.6  23.3 99.0 99.00
2016 10 24 09 50  99  4.9  5.8  1.53  8.33  6.28  93 1011.2  27.5  28.6  23.4 99.0 99.00
2016 10 24 10 50 110  4.6  5.8  1.55  7.14  6.38  85 1012.0  27.9  28.6  23.4 99.0 99.00
2016 10 24 11 50 106  4.7  5.6  1.51  8.33  6.19 100 1012.3  28.0  28.6  23.5 99.0 99.00
2016 10 24 12 50 100  4.4  5.2  1.57  7.14  6.36  93 1012.7  27.9  28.7  23.6 99.0 99.00
2016 10 24 13 50  87  3.9  4.8  1.51  7.69  6.33  96 1012.6  27.9  28.8  23.8 99.0 99.00
2016 10 24 14 50  80  3.7  4.6  1.56  7.69  6.33  95 1012.4  27.9  28.9  23.8 99.0 99.00
2016 10 24 15 50 110  3.6  5.0  1.58  8.33  6.35  99 1011.7  27.9  29.0  23.9 99.0 99.00
2016 10 24 16 50  90  3.3  4.0  1.38  7.69  6.18  89 1010.9  27.9  29.2  22.7 99.0 99.00
2016 10 24 17 50  87  3.7  4.6  1.55  7.69  6.66  89 1010.5  27.9  29.3  23.6 99.0 99.00
2016 10 24 18 50  73  3.1  4.1  1.57  7.69  6.54  93 1010.5  28.0  29.3  23.6 99.0 99.00
2016 10 24 19 50  84  2.6  3.6  1.69  7.14  6.74  93 1010.6  28.1  29.2  23.5 99.0 99.00
2016 10 24 20 50  51  2.7  3.5  1.61  7.69  6.59  83 1010.9  27.2  29.1  23.5 99.0 99.00
2016 10 24 21 50 111  3.1  4.4  1.61  7.14  6.68  95 1011.0  27.7  29.0  23.9 99.0 99.00
2016 10 24 22 50  80  3.1  3.6  1.51  7.69  6.70  84 1011.5  27.8  28.9  23.3 99.0 99.00
2016 10 24 23 50  97  2.7  3.5  1.54  8.33  6.64  89 1011.9  27.8  28.9  23.3 99.0 99.00
2016 10 25 00 50  84  2.8  3.6  1.51  9.09  6.44  77 1012.1  27.8  28.8  23.3 99.0 99.00
2016 10 25 01 50  92  2.5  3.3  1.70  8.33  6.51  86 1012.0  27.8  28.8  23.3 99.0 99.00
2016 10 25 02 50  80  2.5  3.2  1.66  9.09  6.69  82 1011.7  27.7  28.8  23.5 99.0 99.00
2016 10 25 03 50  86  2.7  3.5  1.52  8.33  6.69  78 1011.1  27.6  28.7  23.2 99.0 99.00
2016 10 25 04 50  88  2.1  3.1  1.56  8.33  6.73  78 1010.4  27.5  28.7  23.2 99.0 99.00
2016 10 25 05 50 103  1.8  2.5  1.60  7.69  6.78  77 1009.7  27.3  28.7  23.2 99.0 99.00
2016 10 25 06 50 103  1.4  2.0  1.44  7.69  6.50  86 1009.7  27.2  28.6  23.2 99.0 99.00
2016 10 25 07 50  90  1.6  2.0  1.41  7.69  6.70  87 1009.7  27.2  28.6  23.3 99.0 99.00
2016 10 25 08 50  83  1.6  2.2  1.41  7.69  6.62  81 1009.9  27.2  28.6  23.0 99.0 99.00
2016 10 25 09 50  66  1.8  2.3  1.75  8.33  7.05  73 1010.6  27.6  28.6  23.2 99.0 99.00
2016 10 25 10 50  50  1.7  2.6  1.54  8.33  6.92  77 1011.1  28.0  28.7  23.4 99.0 99.00
2016 10 25 11 50 131  0.6  1.6  1.73  8.33  6.98  75 1011.5  28.1  28.8  23.4 99.0 99.00
2016 10 25 12 50  88  0.4  1.0  1.67  7.69  7.11  78 1012.0  28.1  29.0  23.3 99.0 99.00
2016 10 25 13 50 240  0.5  1.1  1.70  9.09  7.06  66 1012.1  28.1  29.1  23.0 99.0 99.00
2016 10 25 14 50 267  0.2  0.7  1.75  7.69  7.25  67 1011.4  28.1  29.3  23.0 99.0 99.00
2016 10 25 15 50 287  0.5  1.3  1.76  9.09  7.33  84 1010.6  28.2  30.0  22.8 99.0 99.00
2016 10 25 16 50 341  0.9  2.0  1.80  9.09  7.48  77 1009.5  28.3  31.2  22.9 99.0 99.00
2016 10 25 17 50 319  1.0  1.7  1.83  8.33  7.53  75 1008.6  28.6  31.3  23.1 99.0 99.00
2016 10 25 18 50 324  1.5  3.0  1.80  8.33  7.32  71 1007.9  28.6  31.0  23.1 99.0 99.00
2016 10 25 19 50 331  2.2  3.2  1.72  8.33  7.11  70 1008.0  28.4  30.5  23.0 99.0 99.00
2016 10 25 20 50   6  1.5  2.3  1.80  9.09  7.59  79 1008.4  28.5  30.0  22.6 99.0 99.00
2016 10 25 21 50 360  2.2  2.9  1.83  8.33  7.43  83 1008.6  28.2  29.6  22.9 99.0 99.00
2016 10 25 22 50  21  2.4  3.3  1.83  7.69  7.18  79 1009.2  28.1  29.5  23.0 99.0 99.00
2016 10 25 23 50  57  2.7  3.6  1.78  7.69  7.35  82 1010.1  28.1  29.6  23.2 99.0 99.00
2016 10 26 00 50  49  2.9  3.9  1.86  8.33  7.41  78 1010.6  28.1  29.4  23.0 99.0 99.00
2016 10 26 01 50  59  3.1  4.0  1.76  8.33  7.15  73 1010.6  27.9  29.2  23.7 99.0 99.00
2016 10 26 02 50  77  2.1  3.0  1.85  8.33  7.29  68 1010.1  27.8  29.1  23.3 99.0 99.00
2016 10 26 03 50  85  2.2  2.8  1.83  8.33  7.33  67 1009.8  27.7  29.0  23.4 99.0 99.00
2016 10 26 04 50  92  1.7  2.7  1.67  7.69  7.16  80 1009.1  27.6  28.9  23.2 99.0 99.00
2016 10 26 05 50  73  1.0  1.9  1.63  8.33  7.08  69 1008.5  27.4  28.9  23.1 99.0 99.00
2016 10 26 06 50  82  1.8  2.2  1.56  7.69  7.03  75 1008.3  27.5  28.8  23.2 99.0 99.00
2016 10 26 07 50 102  1.7  2.4  1.62  8.33  7.05  78 1008.4  27.4  28.9  23.5 99.0 99.00
2016 10 26 08 50 167  1.3  2.4  1.71  8.33  7.12  73 1008.8  27.4  28.8  23.1 99.0 99.00
2016 10 26 09 50 124  1.4  2.4  1.84  7.69  7.11  68 1009.6  27.7  28.8  23.5 99.0 99.00
2016 10 26 10 50 172  1.9  2.6  1.67  8.33  7.01  79 1010.4  28.0  28.8  23.3 99.0 99.00
2016 10 26 11 50 186  2.1  2.7  1.61  8.33  6.98  67 1011.0  27.9  28.9  23.4 99.0 99.00
2016 10 26 12 50 186  2.2  3.1  1.64  7.69  6.96  74 1011.4  28.1  29.0  23.1 99.0 99.00
2016 10 26 13 50 150  2.1  3.0  1.64  8.33  7.18  64 1011.4  28.1  29.2  23.5 99.0 99.00
2016 10 26 14 50 151  2.7  3.5  1.65  8.33  7.00  53 1010.8  28.1  29.6  23.5 99.0 99.00
2016 10 26 15 50 168  2.4  3.3  1.79  7.69  7.28  66 1010.2  28.2  29.7  23.3 99.0 99.00
2016 10 26 16 50 166  2.6  3.5  1.50  8.33  7.13  68 1009.4  28.3  29.8  23.2 99.0 99.00
2016 10 26 17 50 189  2.2  3.2  1.58  7.69  7.29  53 1008.6  28.5  29.9  23.2 99.0 99.00
2016 10 26 18 50 189  1.9  3.2  1.41  8.33  7.22  80 1008.2  28.6  29.9  23.2 99.0 99.00
2016 10 26 19 50 176  2.1  3.1  1.58  7.69  7.35  72 1008.5  28.7  29.9  23.2 99.0 99.00
2016 10 26 20 50 198  2.4  3.7  1.55  7.69  7.52  86 1008.9  28.4  29.7  23.1 99.0 99.00
2016 10 26 21 50 177  2.3  2.9  1.63  8.33  7.83  78 1009.3  28.1  29.4  23.1 99.0 99.00
2016 10 26 22 50 149  1.4  1.9  1.60  7.69  7.43  83 1010.1  28.1  29.3  23.1 99.0 99.00
2016 10 26 23 50 155  1.6  2.1  1.65  7.69  7.38  89 1010.7  28.1  29.2  23.2 99.0 99.00
2016 10 27 00 50 155  2.1  2.8  1.66  7.69  7.50  82 1011.0  28.1  29.1  22.9 99.0 99.00
2016 10 27 01 50 125  1.7  2.4  1.51  7.69  7.47  82 1010.6  27.9  29.1  23.2 99.0 99.00
2016 10 27 02 50 104  1.5  2.2  1.58  7.14  7.58  72 1010.3  27.8  29.0  23.0 99.0 99.00
2016 10 27 03 50 103  1.6  2.5  1.55  7.69  7.46  87 1010.0  27.8  28.9  23.1 99.0 99.00
2016 10 27 04 50  82  1.9  2.7  1.65  7.69  7.81  80 1009.3  27.7  28.9  22.9 99.0 99.00
2016 10 27 05 50  86  2.4  3.2  1.62  7.69  7.79  94 1008.8  27.6  28.9  23.2 99.0 99.00
2016 10 27 06 50 100  3.1  4.0  1.70  7.69  7.60  97 1008.3  27.6  28.9  23.1 99.0 99.00
2016 10 27 07 50  82  3.7  4.4  1.64  7.69  7.44  96 1008.0  27.6  28.8  23.2 99.0 99.00
2016 10 27 08 50  90  4.1  5.1  1.65  7.69  7.39  79 1008.5  27.6  28.8  23.2 99.0 99.00
2016 10 27 09 50  96  4.1  5.0  1.64  7.69  7.76  92 1009.3  27.8  28.8  23.3 99.0 99.00
2016 10 27 10 50 104  3.7  5.2  1.68  7.69  7.74  89 1010.1  28.3  28.8  23.2 99.0 99.00
2016 10 27 11 50  98  3.7  4.5  1.68  7.69  7.82  95 1011.0  28.4  28.8  22.9 99.0 99.00
2016 10 27 12 50 100  4.0  5.2  1.60  7.69  7.66  77 1011.4  28.3  28.9  23.5 99.0 99.00
2016 10 27 13 50 112  3.8  4.6  1.63  7.69  7.68  81 1011.6  28.4  29.0  23.4 99.0 99.00
2016 10 27 14 50  96  4.0  5.0  1.66  7.69  7.51  95 1010.8  28.4  29.1  23.6 99.0 99.00
2016 10 27 15 50 108  4.5  5.6  1.69 14.81  7.72  34 1010.0  28.4  29.2  23.7 99.0 99.00
2016 10 27 16 50 105  3.9  5.2  1.73 14.81  7.31  28 1009.5  28.3  29.3  23.9 99.0 99.00
2016 10 27 17 50  90  4.4  5.5  1.91 14.81  7.68  48 1008.9  28.3  29.3  24.3 99.0 99.00
2016 10 27 18 50  94  4.2  5.1  1.75 14.81  7.50  46 1008.6  28.4  29.3  23.9 99.0 99.00
2016 10 27 19 50  93  4.9  5.9  1.80 14.81  7.27  58 1008.8  28.4  29.3  23.8 99.0 99.00
2016 10 27 20 50  99  4.6  5.6  1.83 13.79  7.31  60 1009.2  28.4  29.1  24.1 99.0 99.00
2016 10 27 21 50 117  5.9  7.0  1.65 13.79  6.81  46 1009.8  28.2  29.1  24.1 99.0 99.00
2016 10 27 22 50  97  5.5  6.7  1.65 13.79  6.74  64 1010.4  28.4  29.0  23.9 99.0 99.00
2016 10 27 23 50  97  5.6  6.7  1.71  8.33  6.82  68 1011.1  28.4  28.9  24.2 99.0 99.00
2016 10 28 00 50 106  6.4  7.4  1.74 13.79  6.93  44 1011.4  28.3  28.9  23.9 99.0 99.00
2016 10 28 01 50 102  5.9  7.1  1.76 13.79  6.86  57 1011.4  28.4  28.9  24.2 99.0 99.00
2016 10 28 02 50  88  6.9  8.1  1.73 13.79  6.70  44 1010.8  28.1  28.9  24.6 99.0 99.00
2016 10 28 03 50  91  7.1  8.4  1.84 13.79  6.58  36 1010.1  28.2  28.8  23.6 99.0 99.00
2016 10 28 04 50  93  6.9  8.8  1.76 12.90  6.22  41 1009.4  27.9  28.8  24.1 99.0 99.00
2016 10 28 05 50  84  6.3  7.5  1.67 12.90  6.22  52 1008.8  27.9  28.8  23.9 99.0 99.00
2016 10 28 06 50  84  6.4  7.5  1.60 10.81  6.03   8 1008.4  28.0  28.8  23.3 99.0 99.00
2016 10 28 07 50  78  5.6  6.9  1.73 12.90  6.48  42 1008.6  28.0  28.7  23.4 99.0 99.00
2016 10 28 08 50  80  6.3  9.0  1.55 12.12  6.08  56 1009.0  28.0  28.7  23.7 99.0 99.00
2016 10 28 09 50  78  6.5  7.6  1.60 10.81  6.28  36 1009.9  27.7  28.7  23.8 99.0 99.00
2016 10 28 10 50  73  5.9  7.2  1.67 12.90  6.59  53 1010.7  28.2  28.7  24.1 99.0 99.00
2016 10 28 11 50  80  5.9  7.0  1.63 12.90  6.27  39 1011.6  28.2  28.7  24.0 99.0 99.00
2016 10 28 12 50  76  6.4  7.4  1.66 12.12  6.31  52 1012.5  28.2  28.7  24.0 99.0 99.00
2016 10 28 13 50  92  7.2  9.5  1.64 12.90  6.06  52 1012.3  28.0  28.8  23.7 99.0 99.00
2016 10 28 14 50  93  4.6  5.8  1.68 12.90  6.11  46 1011.9  27.8  28.9  24.4 99.0 99.00
2016 10 28 15 50  90  5.8  6.8  1.76 12.12  6.21  39 1011.2  28.0  28.9  23.5 99.0 99.00
2016 10 28 16 50  61  4.9  5.7  1.65 12.12  6.30  38 1010.8  28.0  28.9  23.4 99.0 99.00
2016 10 28 17 50  66  4.4  5.5  1.61 10.81  6.26  42 1010.4  27.9  29.0  23.1 99.0 99.00
2016 10 28 18 50  74  5.2  6.3  1.68 12.12  6.28  45 1010.0  28.1  29.0  23.9 99.0 99.00
2016 10 28 19 50  75  5.3  6.3  1.64  8.33  6.34  70 1010.3  28.3  29.0  24.0 99.0 99.00
2016 10 28 20 50  84  3.9  5.1  1.50  9.09  6.13  60 1011.0  27.7  28.9  23.8 99.0 99.00
2016 10 28 21 50  96  5.2  7.0  1.56  9.09  6.29  62 1011.4  27.6  28.9  23.9 99.0 99.00
2016 10 28 22 50  75  5.6  6.7  1.46 10.00  6.48  62 1012.2  28.1  28.8  23.7 99.0 99.00
2016 10 28 23 50 100  7.0  8.2  1.55  9.09  6.27  68 1012.7  27.4  28.8  24.2 99.0 99.00
2016 10 29 00 50  79  5.7  6.9  1.59 10.00  6.20  50 1013.0  27.8  28.7  24.2 99.0 99.00
2016 10 29 01 50  93  5.8  6.9  1.53 12.12  6.15  69 1013.0  27.7  28.7  24.5 99.0 99.00
2016 10 29 02 50  71  6.1  7.3  1.42 11.43  6.05  47 1012.6  27.8  28.8  23.9 99.0 99.00
2016 10 29 03 50  94  6.4  9.2  1.42 10.00  5.97  28 1012.1  27.5  28.7  24.0 99.0 99.00
2016 10 29 04 50  76  5.6  6.8  1.55  9.09  6.08  71 1011.5  27.7  28.7  23.8 99.0 99.00
2016 10 29 05 50 106  2.9  3.8  1.50  9.09  6.19  55 1011.1  27.0  28.7  24.1 99.0 99.00
2016 10 29 06 50  69  5.6  6.6  1.48 12.12  6.05  35 1010.9  27.8  28.7  22.8 99.0 99.00
2016 10 29 07 50  82  5.9  7.0  1.42 12.12  6.12  52 1010.9  27.8  28.7  22.9 99.0 99.00
2016 10 29 08 50  74  5.0  6.0  1.42 12.12  6.10  56 1011.3  27.7  28.7  23.1 99.0 99.00
2016 10 29 09 50  76  4.9  6.0  1.51 10.00  6.52  49 1012.0  27.9  28.7  23.4 99.0 99.00
2016 10 29 10 50  87  5.4  6.4  1.42 10.00  6.41  42 1012.8  28.1  28.7  23.4 99.0 99.00
2016 10 29 11 50  91  5.5  6.6  1.45 10.00  6.49  37 1013.4  28.2  28.7  23.3 99.0 99.00
2016 10 29 12 50 102  5.7  7.0  1.46 11.43  6.35  38 1014.2  28.3  28.8  23.1 99.0 99.00
2016 10 29 13 50 104  5.1  6.3  1.40  9.09  6.08  62 1014.1  28.3  28.9  23.0 99.0 99.00
2016 10 29 14 50 109  4.7  5.9  1.42 10.00  6.22  41 1013.5  28.2  28.9  23.3 99.0 99.00
2016 10 29 15 50 101  4.5  5.6  1.45  9.09  6.22  51 1012.8  28.1  29.0  23.4 99.0 99.00
2016 10 29 16 50 100  3.8  4.6  1.41 10.00  6.04  17 1012.5  28.2  29.1  23.5 99.0 99.00
2016 10 29 17 50  99  3.3  4.0  1.42  8.33  6.28  62 1011.7  28.3  29.2  23.5 99.0 99.00
2016 10 29 18 50 102  2.9  3.5  1.41  9.09  6.43  39 1011.2  28.3  29.2  23.6 99.0 99.00
2016 10 29 19 50  92  2.9  3.5  1.45 10.00  6.34  55 1011.4  28.4  29.2  23.4 99.0 99.00
2016 10 29 20 50  84  3.0  4.1  1.44  9.09  6.45  49 1011.7  28.2  29.1  23.5 99.0 99.00
2016 10 29 21 50  88  3.1  3.8  1.47  9.09  6.56  48 1012.2  28.2  29.0  23.2 99.0 99.00
2016 10 29 22 50  89  3.7  4.8  1.31  8.33  6.37  61 1012.8  28.1  28.9  23.3 99.0 99.00
2016 10 29 23 50  94  4.3  5.1  1.33 10.81  6.60  46 1013.4  28.2  28.9  23.5 99.0 99.00
2016 10 30 00 50  89  4.6  5.6  1.37  9.09  6.76  59 1013.4  28.2  28.9  23.4 99.0 99.00
2016 10 30 01 50  82  4.3  5.3  1.41  9.09  6.66  65 1013.5  28.1  28.8  23.8 99.0 99.00
2016 10 30 02 50  84  4.5  5.5  1.41  9.09  6.58  67 1013.0  28.0  28.8  23.3 99.0 99.00
2016 10 30 03 50  88  4.5  5.5  1.41  9.09  6.28  96 1012.7  27.9  28.8  23.7 99.0 99.00
2016 10 30 04 50  83  3.9  4.8  1.44  9.09  6.75  76 1012.1  27.9  28.8  23.6 99.0 99.00
2016 10 30 05 50  94  3.6  4.3  1.38  9.09  6.33  88 1011.2  27.8  28.7  23.4 99.0 99.00
2016 10 30 06 50 120  3.8  4.9  1.46  9.09  6.71 110 1011.5  27.5  28.7  23.8 99.0 99.00
2016 10 30 07 50 160  2.8  4.3  1.46  9.09  6.68 111 1011.5  26.3  28.7  23.4 99.0 99.00
2016 10 30 08 50 131  1.6  3.6  1.44  9.09  6.81  49 1011.8  25.9  28.7  23.4 99.0 99.00
2016 10 30 09 50  77  3.4  4.1  1.35  9.09  6.57 133 1012.3  27.6  28.6  23.2 99.0 99.00
2016 10 30 10 50 114  2.7  3.5  1.43 10.00  6.81  84 1013.0  28.3  28.7  23.8 99.0 99.00
2016 10 30 11 50 125  3.1  3.9  1.47  9.09  6.95  98 1013.4  28.5  28.8  23.4 99.0 99.00
2016 10 30 12 50 131  3.3  4.1  1.35  9.09  6.98  64 1013.9  28.2  29.0  24.1 99.0 99.00
2016 10 30 13 50 130  3.6  4.2  1.45  9.09  6.94 106 1014.1  28.1  29.1  24.0 99.0 99.00
2016 10 30 14 50 125  4.0  5.1  1.49 10.00  7.04  37 1013.5  27.9  29.2  24.0 99.0 99.00
2016 10 30 15 50 117  4.2  5.3  1.35  8.33  6.39  49 1012.6  28.1  29.2  23.5 99.0 99.00
2016 10 30 16 50 121  3.9  4.8  1.44  9.09  6.77  12 1011.7  28.0  29.3  23.6 99.0 99.00
2016 10 30 17 50 137  3.0  4.0  1.36 10.00  6.50  50 1011.1  28.2  29.4  23.8 99.0 99.00
2016 10 30 18 50 128  1.5  2.3  1.35  9.09  6.62  63 1010.7  28.1  29.4  23.6 99.0 99.00
2016 10 30 19 50 143  2.3  3.0  1.38  9.09  6.77 112 1010.6  28.2  29.4  23.5 99.0 99.00
2016 10 30 20 50 105  2.7  4.1  1.49  9.09  6.74  85 1010.7  28.2  29.3  23.8 99.0 99.00
2016 10 30 21 50  99  2.8  3.6  1.41  8.33  6.86  58 1010.9  28.0  29.2  24.1 99.0 99.00
2016 10 30 22 50  72  1.8  2.3  1.41 10.00  7.01  61 1011.4  27.9  29.1  24.1 99.0 99.00
2016 10 30 23 50  23  2.5  3.0  1.51  8.33  7.31  69 1011.9  27.2  29.1  24.1 99.0 99.00
2016 10 31 00 50  84  1.3  3.5  1.28 10.00  7.10  21 1012.3  27.3  29.1  23.3 99.0 99.00
2016 10 31 01 50 209  3.0  4.0  1.35 10.00  6.90  36 1012.1  27.2  29.0  24.4 99.0 99.00
2016 10 31 02 50  15  1.9  3.0  1.44  9.09  6.98  76 1011.7  27.2  29.0  24.0 99.0 99.00
2016 10 31 03 50  19  2.3  3.0  1.32  9.09  6.85  92 1011.1  27.0  29.0  24.2 99.0 99.00
2016 10 31 04 50 103  3.3  4.1  1.43  9.09  7.04  72 1010.3  27.6  28.9  24.1 99.0 99.00
2016 10 31 05 50 122  4.3  5.3  1.53  9.09  7.17  73 1009.5  27.7  28.9  23.9 99.0 99.00
2016 10 31 06 50 109  3.3  4.4  1.24  9.09  6.62  79 1009.1  27.3  28.9  24.0 99.0 99.00
2016 10 31 07 50 124  4.0  5.0  1.51  8.33  6.95  91 1008.8  27.4  28.9  23.5 99.0 99.00
2016 10 31 08 50 103  4.5  5.4  1.36  8.33  6.81  76 1008.7  27.5  28.9  23.8 99.0 99.00
2016 10 31 09 50 102  3.4  4.5  1.42  9.09  6.82  78 1009.2  27.3  28.8  23.7 99.0 99.00
2016 10 31 10 50  54  2.7  3.7  1.36  8.33  6.79 101 1010.4  26.8  28.8  23.4 99.0 99.00
2016 10 31 11 50 101  3.2  4.1  1.36  9.09  7.02  70 1010.9  27.8  28.9  24.0 99.0 99.00
2016 10 31 12 50 125  3.9  4.8  1.27  9.09  6.75  79 1011.3  27.9  29.0  23.9 99.0 99.00
2016 10 31 13 50 130  4.0  4.7  1.21  9.09  6.87  63 1011.5  27.8  29.1  23.9 99.0 99.00
2016 10 31 14 50 122  4.0  4.9  1.14 10.81  6.78  23 1010.8  27.9  29.2  23.9 99.0 99.00
2016 10 31 15 50 129  3.6  4.7  1.40  9.09  7.20  90 1010.2  27.9  29.3  24.0 99.0 99.00
2016 10 31 16 50 142  3.5  4.1  1.27 10.00  7.11  50 1009.4  28.0  29.5  24.1 99.0 99.00
2016 10 31 17 50 155  3.8  4.5  1.30  9.09  6.98 126 1009.3  28.2  29.6  23.9 99.0 99.00
2016 10 31 18 50 157  2.9  3.6  1.31 10.81  7.22  36 1009.1  28.4  29.6  23.8 99.0 99.00
2016 10 31 19 50 126  3.8  4.7  1.28 10.00  7.07  55 1008.9  28.2  29.5  24.0 99.0 99.00
2016 10 31 20 50 126  3.2  4.3  1.35 10.81  7.54  33 1009.2  28.2  29.4  24.1 99.0 99.00
2016 10 31 21 50 143  4.3  5.3  1.26  8.33  6.99  97 1009.6  28.1  29.3  24.3 99.0 99.00
2016 10 31 22 50 148  3.8  4.6  1.39  9.09  7.60 102 1009.8  28.3  29.2  23.8 99.0 99.00