#YY  MM DD hh mm WDIR WSPD GST  WVHT   DPD   APD MWD   PRES  ATMP  WTMP  DEWP  VIS  TIDE
#yr  mo dy hr mn degT m/s  m/s     m   sec   sec deg    hPa  degC  degC  degC  nmi    ft
2016 03 31 23 50  93  7.3  8.6  1.89  7.69  5.64 999 1014.5  27.0  27.2  23.8 99.0 99.00
2016 04 01 00 50  92  8.3 10.6  1.89  7.69  5.67 999 1014.7  27.0  27.1  23.9 99.0 99.00
2016 04 01 01 50  87  9.3 10.9  1.84  7.14  5.48 999 1015.2  26.9  27.1  23.7 99.0 99.00
2016 04 01 02 50  90  9.2 10.8  1.85  7.14  5.54 999 1015.5  26.9  27.1  23.7 99.0 99.00
2016 04 01 03 50  95  9.2 10.6  1.91  7.69  5.35 999 1015.6  26.8  27.1  23.6 99.0 99.00
2016 04 01 04 50  89  8.8 10.6  1.86  7.69  5.46 999 1015.2  26.8  27.1  23.7 99.0 99.00
2016 04 01 05 50  93  8.9 10.4  1.87  7.14  5.49 999 1014.7  26.7  27.1  23.7 99.0 99.00
2016 04 01 06 50  99  8.2  9.7  1.78  8.33  5.45 999 1014.0  26.7  27.1  23.6 99.0 99.00
2016 04 01 07 50  90  7.1  8.4  1.73  8.33  5.39 999 1013.9  26.6  27.1  23.7 99.0 99.00
2016 04 01 08 50  93  7.6  9.1  1.80  7.69  5.45 999 1014.1  26.7  27.1  23.6 99.0 99.00
2016 04 01 09 50 103  6.9  8.3  1.75  7.69  5.58 999 1014.3  26.8  27.1  23.6 99.0 99.00
2016 04 01 10 50  97  7.3  8.7  1.67  7.69  5.56 999 1014.9  26.7  27.1  23.7 99.0 99.00
2016 04 01 11 50  94  7.0  8.3  1.75  7.14  5.60 999 1015.5  26.8  27.1  23.6 99.0 99.00
2016 04 01 12 50 100  6.8  7.8  1.74  7.69  5.67 999 1016.0  27.0  27.1  23.7 99.0 99.00
2016 04 01 13 50 105  7.2  8.5  1.72  6.25  5.68 999 1015.8  27.0  27.1  23.8 99.0 99.00
2016 04 01 14 50  99  6.4  7.9  1.83  7.69  5.69 999 1015.8  27.1  27.2  23.9 99.0 99.00
2016 04 01 15 50  99  6.4  7.6  1.68  7.69  5.66 999 1015.6  27.0  27.2  24.0 99.0 99.00
2016 04 01 16 50 104  6.1  7.6  1.63  6.67  5.40 999 1014.9  27.0  27.3  24.0 99.0 99.00
2016 04 01 17 50  99  5.6  6.7  1.80  7.69  5.72 999 1014.3  27.1  27.3  23.8 99.0 99.00
2016 04 01 18 50  95  6.5  8.0  1.62  8.33  5.59 999 1013.7  27.2  27.4  23.9 99.0 99.00
2016 04 01 19 50  96  6.6  7.6  1.76  7.69  5.83 999 1013.1  27.2  27.4  24.0 99.0 99.00
2016 04 01 20 50  95  7.2  8.5  1.57  7.69  5.62 999 1012.5  27.2  27.4  24.1 99.0 99.00
2016 04 01 21 50  97  7.3  8.6  1.57  8.33  5.68 999 1012.3  27.2  27.4  24.3 99.0 99.00
2016 04 01 22 50  93  7.7  8.9  1.67  8.33  5.77 999 1012.4  27.0  27.3  24.4 99.0 99.00
2016 04 01 23 50  90  7.5  9.0  1.60  7.69  5.66 999 1013.0  27.0  27.2  24.4 99.0 99.00
2016 04 02 00 50  96  7.9  9.6  1.57  8.33  5.59 999 1013.5  27.1  27.2  24.4 99.0 99.00
2016 04 02 01 50  99  7.7  9.4  1.78  7.69  5.72 999 1014.1  27.1  27.2  24.4 99.0 99.00
2016 04 02 02 50  97  8.6  9.9  1.74  8.33  5.70 999 1014.2  27.1  27.2  24.5 99.0 99.00
2016 04 02 03 50 106  8.7 10.1  1.77  7.69  5.52 999 1014.1  27.1  27.2  24.2 99.0 99.00
2016 04 02 04 50 104  7.9  9.9  1.83  7.69  5.42 999 1013.9  26.9  27.2  24.3 99.0 99.00
2016 04 02 05 50 100  8.1 10.3  1.85  8.33  5.56 999 1013.4  26.9  27.2  24.2 99.0 99.00
2016 04 02 06 50 101  8.0  9.4  1.94  7.14  5.62 999 1012.5  26.8  27.2  24.0 99.0 99.00
2016 04 02 07 50 106  8.1  9.5  1.89  7.69  5.60 999 1012.2  26.8  27.1  23.9 99.0 99.00
2016 04 02 08 50 108  7.2  8.6  1.83  7.69  5.53 999 1012.3  26.8  27.1  24.0 99.0 99.00
2016 04 02 09 50 107  7.5  8.7  1.79  7.69  5.52 999 1013.1  26.8  27.1  23.7 99.0 99.00
2016 04 02 10 50  95  7.9  9.2  1.84  8.33  5.62 999 1013.3  26.8  27.1  23.8 99.0 99.00
2016 04 02 11 50 107  7.4  8.9  1.89  7.69  5.68 999 1014.2  26.9  27.1  23.5 99.0 99.00
2016 04 02 12 50 103  6.9  8.3  1.68  7.14  5.43 999 1014.6  27.1  27.1  23.7 99.0 99.00
2016 04 02 14 50 109  7.1  8.5  1.82  7.69  5.70 999 1015.0  27.1  27.2  23.6 99.0 99.00
2016 04 02 15 50 109  7.7  8.9  1.77  7.69  5.70 999 1014.6  27.1  27.2  23.6 99.0 99.00
2016 04 02 16 50 100  6.8  7.8  1.73  7.14  5.60 999 1013.8  27.1  27.3  23.6 99.0 99.00
2016 04 02 17 50  95  6.4  7.7  1.65  7.69  5.40 999 1013.3  27.1  27.4  23.9 99.0 99.00
2016 04 02 18 50  99  6.7  8.3  1.63  7.69  5.47 999 1012.5  27.1  27.4  23.7 99.0 99.00
2016 04 02 19 50  95  6.5  7.8  1.60  7.69  5.49 999 1011.8  27.1  27.4  23.6 99.0 99.00
2016 04 02 20 50  97  6.4  7.5  1.64  7.69  5.46 999 1011.7  27.1  27.3  23.6 99.0 99.00
2016 04 02 21 50  88  6.3  7.3  1.49  7.69  5.45 999 1011.9  27.1  27.4  23.7 99.0 99.00
2016 04 02 22 50  81  6.9  8.4  1.55  7.69  5.50 999 1012.4  27.0  27.4  24.0 99.0 99.00
2016 04 02 23 50  79  7.4  8.8  1.57  7.14  5.58 999 1013.0  26.9  27.3  23.8 99.0 99.00
2016 04 03 00 50  75  7.4  8.8  1.52  7.69  5.45 999 1013.7  26.9  27.3  24.1 99.0 99.00
2016 04 03 01 50  76  7.9  9.3  1.47  7.69  5.34 999 1014.3  26.9  27.3  24.2 99.0 99.00
2016 04 03 02 50  87  7.8  9.6  1.42  7.69  5.38 999 1014.8  27.0  27.2  23.9 99.0 99.00
2016 04 03 03 50  90  8.0  9.9  1.43  7.14  5.16 999 1014.6  27.0  27.2  23.8 99.0 99.00
2016 04 03 04 50  84  8.0  9.5  1.52  7.14  5.17 999 1014.0  26.8  27.2  23.8 99.0 99.00
2016 04 03 05 50  86  7.5  8.6  1.54  7.69  5.11 999 1013.4  26.8  27.2  23.5 99.0 99.00
2016 04 03 06 50  94  8.0  9.5  1.59  6.67  5.30 999 1012.9  26.8  27.2  23.3 99.0 99.00
2016 04 03 07 50  85  7.4  9.0  1.59  7.14  5.15 999 1012.4  26.6  27.2  23.4 99.0 99.00
2016 04 03 08 50  81  6.6  8.1  1.48  7.14  5.19 999 1012.5  26.6  27.2  23.7 99.0 99.00
2016 04 03 09 50  86  7.7  8.8  1.55  6.67  5.24 999 1012.9  26.6  27.2  23.3 99.0 99.00
2016 04 03 10 50  82  7.4  8.8  1.66  7.14  5.36 999 1013.5  26.7  27.2  23.4 99.0 99.00
2016 04 03 11 50  92  7.6  8.9  1.55  6.67  5.12 999 1014.4  26.9  27.2  23.3 99.0 99.00
2016 04 03 12 50  95  7.4  8.9  1.56  7.14  5.29 999 1015.1  27.0  27.2  23.4 99.0 99.00
2016 04 03 13 50  89  7.5  8.8  1.61  7.14  5.27 999 1015.7  27.1  27.2  23.3 99.0 99.00
2016 04 03 14 50  94  7.2  8.7  1.52  5.56  5.03 999 1015.9  27.1  27.3  23.4 99.0 99.00
2016 04 03 15 50  92  7.2  8.4  1.56  7.14  5.14 999 1015.5  27.1  27.3  23.4 99.0 99.00
2016 04 03 16 50 103  7.1  8.8  1.52  7.14  5.26 999 1014.9  27.1  27.4  23.1 99.0 99.00
2016 04 03 17 50 101  6.6  7.8  1.50  7.14  5.33 999 1013.9  27.1  27.4  23.4 99.0 99.00
2016 04 03 18 50  97  6.4  7.5  1.43  7.69  5.52 999 1013.4  27.1  27.4  23.5 99.0 99.00
2016 04 03 19 50  97  6.2  7.0  1.50  6.25  5.43 999 1012.9  27.2  27.5  23.4 99.0 99.00
2016 04 03 20 50  94  6.1  7.2  1.50  6.67  5.48 999 1012.9  27.1  27.5  23.4 99.0 99.00
2016 04 03 21 50  92  6.0  7.1  1.56  7.14  5.42 999 1013.0  27.1  27.4  23.3 99.0 99.00
2016 04 03 22 50  84  6.0  7.0  1.48  7.14  5.33 999 1013.6  27.0  27.4  23.5 99.0 99.00
2016 04 03 23 50  80  6.5  7.8  1.49  6.67  5.45 999 1014.2  26.9  27.4  23.7 99.0 99.00
2016 04 04 00 50  84  6.5  8.0  1.40  7.69  5.07 999 1014.7  27.0  27.4  23.7 99.0 99.00
2016 04 04 01 50  88  6.4  7.4  1.37  6.25  5.09 999 1015.1  27.0  27.3  23.7 99.0 99.00
2016 04 04 02 50  78  7.1  8.3  1.38  7.69  5.19 999 1015.4  26.9  27.3  23.9 99.0 99.00
2016 04 04 03 50  81  7.8  9.3  1.34  7.14  5.28 999 1015.5  26.9  27.3  23.7 99.0 99.00
2016 04 04 04 50  81  8.2  9.7  1.39  7.14  5.18 999 1015.0  26.8  27.3  23.7 99.0 99.00
2016 04 04 05 50  82  7.5  8.9  1.31  7.69  4.98 999 1014.4  26.8  27.3  23.7 99.0 99.00
2016 04 04 06 50  86  7.1  8.3  1.29  9.09  5.05 999 1014.0  26.7  27.3  23.5 99.0 99.00
2016 04 04 07 50  82  7.2  8.7  1.33  9.09  5.00 999 1013.7  26.6  27.3  23.7 99.0 99.00
2016 04 04 08 50  85  8.1  9.7  1.34  7.14  4.85 999 1013.8  26.6  27.3  23.6 99.0 99.00
2016 04 04 09 50  82  7.9  9.7  1.43  5.88  4.98 999 1014.5  26.8  27.2  23.6 99.0 99.00
2016 04 04 10 50  82  8.1  9.4  1.31  4.76  5.01 999 1014.8  26.7  27.2  23.6 99.0 99.00
2016 04 04 11 50  89  7.3  9.3  1.46  6.25  4.92 999 1015.8  26.9  27.2  23.3 99.0 99.00
2016 04 04 12 50  85  7.7  9.2  1.41  5.26  4.87 999 1016.6  26.9  27.3  23.5 99.0 99.00
2016 04 04 13 50  96  8.1  9.3  1.43  6.67  4.97 999 1017.0  27.1  27.3  23.1 99.0 99.00
2016 04 04 14 50  93  6.9  8.2  1.49  5.56  4.95 999 1017.1  27.0  27.3  23.5 99.0 99.00
2016 04 04 15 50  87  7.4  9.2  1.46  5.00  4.89 999 1016.8  27.1  27.3  23.6 99.0 99.00
2016 04 04 16 50  96  7.1  8.3  1.41  7.69  4.95 999 1016.1  27.0  27.4  23.6 99.0 99.00
2016 04 04 17 50  95  7.0  8.5  1.40  6.67  5.03 999 1015.1  27.1  27.4  23.5 99.0 99.00
2016 04 04 18 50  96  6.7  8.3  1.42  5.88  5.11 999 1014.3  27.1  27.5  23.4 99.0 99.00
2016 04 04 19 50  84  7.5  8.6  1.37  5.88  5.16 999 1013.6  27.1  27.5  23.0 99.0 99.00
2016 04 04 20 50  90  6.9  8.0  1.45  6.67  5.32 999 1013.3  27.1  27.5  23.0 99.0 99.00
2016 04 04 21 50  94  7.1  8.2  1.34  6.67  5.05 999 1013.2  27.2  27.5  23.1 99.0 99.00
2016 04 04 22 50  81  7.3  8.6  1.33  7.14  5.19 999 1013.2  27.0  27.5  23.4 99.0 99.00
2016 04 04 23 50  72  7.2  8.5  1.34  6.67  5.05 999 1013.7  26.9  27.4  23.5 99.0 99.00
2016 04 05 00 50  75  7.1  8.6  1.31  7.14  5.06 999 1014.0  26.8  27.4  23.4 99.0 99.00
2016 04 05 01 50  82  7.3  8.7  1.32  5.56  5.01 999 1014.8  26.8  27.4  23.0 99.0 99.00
2016 04 05 02 50  82  6.9  8.0  1.31  6.67  5.09 999 1015.0  26.8  27.4  23.4 99.0 99.00
2016 04 05 03 50  80  7.0  8.1  1.28  6.67  4.89 999 1014.9  26.7  27.3  23.4 99.0 99.00
2016 04 05 04 50  86  7.1  8.5  1.28  6.25  4.95 999 1014.5  26.8  27.3  23.3 99.0 99.00
2016 04 05 05 50  93  7.1  8.5  1.27  6.25  4.96 999 1014.2  26.7  27.3  23.2 99.0 99.00
2016 04 05 06 50  80  6.2  7.3  1.26  6.67  4.92 999 1013.9  26.6  27.3  23.0 99.0 99.00
2016 04 05 07 50  85  6.4  7.7  1.20  6.67  5.04 999 1013.7  26.6  27.3  23.0 99.0 99.00
2016 04 05 08 50  95  7.3  8.4  1.19  9.09  5.02 999 1013.8  26.6  27.3  22.9 99.0 99.00
2016 04 05 09 50  87  6.7  7.6  1.30  5.88  5.12 999 1014.6  26.7  27.3  22.8 99.0 99.00
2016 04 05 10 50  90  6.2  7.3  1.22  6.67  5.00 999 1015.0  26.7  27.3  23.3 99.0 99.00
2016 04 05 11 50  96  7.1  8.3  1.23  5.88  4.98 999 1015.5  26.9  27.3  23.3 99.0 99.00
2016 04 05 12 50 105  6.5  7.4  1.14  6.25  4.89 999 1016.3  27.0  27.3  23.1 99.0 99.00
2016 04 05 13 50  98  6.1  7.2  1.16  9.09  4.96 999 1016.6  27.1  27.3  23.2 99.0 99.00
2016 04 05 14 50  90  5.3  6.1  1.19  6.67  4.95 999 1016.7  27.0  27.4  23.3 99.0 99.00
2016 04 05 15 50 100  4.7  5.4  1.24  6.25  5.11 999 1016.5  27.1  27.5  23.5 99.0 99.00
2016 04 05 16 50 106  5.6  6.7  1.19  5.88  4.97 999 1015.5  27.1  27.6  23.4 99.0 99.00
2016 04 05 17 50 107  5.7  6.9  1.23  9.09  5.10 999 1014.7  27.0  27.6  23.4 99.0 99.00
2016 04 05 18 50 104  5.2  6.2  1.12  6.25  4.85 999 1013.9  27.1  27.7  23.4 99.0 99.00
2016 04 05 19 50  96  4.6  5.5  1.16  5.26  4.99 999 1013.4  27.1  27.7  23.3 99.0 99.00
2016 04 05 20 50  95  4.7  5.6  1.07  5.88  5.09 999 1013.0  27.2  27.7  23.4 99.0 99.00
2016 04 05 21 50  96  4.9  5.6  1.06  6.25  4.99 999 1012.8  27.2  27.7  23.2 99.0 99.00
2016 04 05 22 50  84  4.4  5.1  1.18  6.25  5.29 999 1013.2  27.1  27.6  23.6 99.0 99.00
2016 04 05 23 50  88  4.6  5.6  1.07  5.88  5.17 999 1013.8  27.0  27.5  23.4 99.0 99.00
2016 04 06 00 50  89  4.5  5.7  1.11  6.25  5.27 999 1014.1  27.0  27.5  23.3 99.0 99.00
2016 04 06 01 50 100  4.5  5.3  1.07  6.25  5.24 999 1014.5  27.0  27.5  23.4 99.0 99.00
2016 04 06 02 50  88  4.4  5.6  0.97  6.25  4.96 999 1014.8  26.9  27.4  23.5 99.0 99.00
2016 04 06 03 50  83  4.7  5.6  1.08  6.25  5.29 999 1014.6  26.8  27.4  23.5 99.0 99.00
2016 04 06 04 50  88  4.6  5.5  1.07  6.25  5.25 999 1014.1  26.7  27.4  23.4 99.0 99.00
2016 04 06 05 50  85  4.5  5.1  1.02  6.25  5.22 999 1013.6  26.6  27.4  23.4 99.0 99.00
2016 04 06 06 50  92  5.1  5.8  1.00  6.25  5.13 999 1013.0  26.6  27.4  23.2 99.0 99.00
2016 04 06 07 50  88  4.6  5.4  0.96  5.88  5.09 999 1012.8  26.6  27.4  23.3 99.0 99.00
2016 04 06 08 50  95  4.7  5.6  1.06  9.09  5.34 999 1013.0  26.5  27.4  22.9 99.0 99.00
2016 04 06 09 50  86  5.1  6.0  1.05  6.67  5.25 999 1013.1  26.5  27.3  23.1 99.0 99.00
2016 04 06 10 50 100  5.5  6.4  0.97 10.00  5.11 999 1013.4  26.6  27.3  23.0 99.0 99.00
2016 04 06 11 50  92  5.1  6.3  0.95 10.00  5.07 999 1014.1  26.9  27.4  22.7 99.0 99.00
2016 04 06 12 50  96  5.5  6.4  0.94 10.00  4.88 999 1014.4  27.0  27.4  23.0 99.0 99.00
2016 04 06 13 50  95  5.4  6.5  0.96 10.00  5.11 999 1015.1  27.0  27.4  22.7 99.0 99.00
2016 04 06 14 50  97  5.6  6.4  0.96  9.09  4.92 999 1015.2  26.9  27.5  22.6 99.0 99.00
2016 04 06 15 50  91  5.5  6.5  0.97  6.67  4.85 999 1015.0  26.9  27.6  23.1 99.0 99.00
2016 04 06 16 50  80  4.7  5.6  0.95  6.25  4.88 999 1014.8  27.0  27.7  22.6 99.0 99.00
2016 04 06 17 50  79  5.3  6.0  0.93  5.26  4.82 999 1013.5  27.0  27.7  22.7 99.0 99.00
2016 04 06 18 50  75  5.3  6.2  0.94  6.25  4.69 999 1013.0  27.1  27.8  22.6 99.0 99.00
2016 04 06 19 50  89  6.1  6.8  0.91  5.56  4.79 999 1012.0  27.1  27.8  23.2 99.0 99.00
2016 04 06 20 50  83  5.9  6.9  0.96  5.56  4.72 999 1011.5  27.1  27.7  22.7 99.0 99.00
2016 04 06 21 50  81  5.6  6.8  0.88 10.00  4.61 999 1011.8  27.2  27.7  22.8 99.0 99.00
2016 04 06 22 50  84  5.1  6.1  0.88 10.00  4.59 999 1012.3  27.1  27.7  22.6 99.0 99.00
2016 04 06 23 50  84  6.4  7.3  0.91 10.00  4.47 999 1012.6  27.0  27.6  22.5 99.0 99.00
2016 04 07 00 50  81  6.3  7.7  0.87 10.00  4.39 999 1013.2  27.0  27.6  22.7 99.0 99.00
2016 04 07 01 50  93  6.6  7.9  0.91  5.00  4.56 999 1013.6  27.0  27.5  22.6 99.0 99.00
2016 04 07 02 50  95  6.8  8.4  0.95  6.25  4.51 999 1013.8  27.0  27.5  22.7 99.0 99.00
2016 04 07 03 50  92  7.1  7.9  0.98  5.00  4.54 999 1013.7  26.9  27.5  22.7 99.0 99.00
2016 04 07 04 50  94  7.2  8.5  1.05  5.00  4.73 999 1013.2  26.8  27.5  22.6 99.0 99.00
2016 04 07 05 50  84  7.4  9.0  1.03 10.00  4.55 999 1012.7  26.7  27.4  22.7 99.0 99.00
2016 04 07 06 50  80  7.3  8.5  1.07  5.56  4.48 999 1012.2  26.6  27.4  22.5 99.0 99.00
2016 04 07 07 50  82  6.9  8.3  1.05  5.26  4.58 999 1011.8  26.6  27.4  22.4 99.0 99.00
2016 04 07 08 50  84  6.9  8.9  1.10  5.26  4.60 999 1011.6  26.5  27.3  22.1 99.0 99.00
2016 04 07 09 50  82  6.9  8.0  1.14  5.56  4.64 999 1012.1  26.5  27.3  22.2 99.0 99.00
2016 04 07 10 50  83  7.3  9.6  1.16  5.00  4.63 999 1012.4  26.6  27.3  21.9 99.0 99.00
2016 04 07 11 50  87  7.0  8.3  1.17  5.88  4.65 999 1013.5  26.8  27.3  22.0 99.0 99.00
2016 04 07 12 50  80  7.3  9.0  1.11  5.26  4.55 999 1014.2  27.0  27.3  22.0 99.0 99.00
2016 04 07 13 50  83  7.0  8.0  1.12  4.76  4.50 999 1014.8  27.1  27.3  22.1 99.0 99.00
2016 04 07 14 50  81  7.7  8.7  1.17  5.26  4.61 999 1014.9  27.0  27.3  22.4 99.0 99.00
2016 04 07 15 50  83  6.8  8.3  1.16  5.26  4.66 999 1014.8  27.1  27.4  22.6 99.0 99.00
2016 04 07 16 50  89  7.2  8.7  1.14  5.56  4.69 999 1014.2  27.0  27.4  22.5 99.0 99.00
2016 04 07 17 50  85  7.3  8.9  1.18  5.26  4.77 999 1013.0  27.0  27.5  22.6 99.0 99.00
2016 04 07 18 50  90  7.7  9.8  1.15  5.26  4.54 999 1011.8  27.0  27.5  22.8 99.0 99.00
2016 04 07 19 50  90  7.9  9.4  1.20  5.56  4.62 999 1011.3  26.9  27.5  22.5 99.0 99.00
2016 04 07 20 50  88  7.4  8.3  1.25  5.56  4.73 999 1010.9  27.0  27.5  22.6 99.0 99.00
2016 04 07 21 50  82  6.8  8.1  1.27  5.56  4.81 999 1011.3  27.0  27.5  23.2 99.0 99.00
2016 04 07 22 50  80  7.2  8.3  1.22  5.88  4.78 999 1011.8  26.9  27.4  23.3 99.0 99.00
2016 04 07 23 50  78  7.2  8.2  1.25  5.88  4.79 999 1012.3  27.0  27.4  23.5 99.0 99.00
2016 04 08 00 50  73  7.2  8.8  1.18  5.56  4.72 999 1013.0  27.0  27.4  23.6 99.0 99.00
2016 04 08 01 50  74  7.2  8.5  1.28  5.88  4.86 999 1013.3  27.0  27.4  23.6 99.0 99.00
2016 04 08 02 50  82  7.9  9.7  1.23  5.88  4.79 999 1013.2  27.0  27.4  23.7 99.0 99.00
2016 04 08 03 50  85  7.9  9.3  1.22  5.56  4.63 999 1013.1  26.9  27.4  23.6 99.0 99.00
2016 04 08 04 50  86  7.7  9.2  1.30  5.26  4.76 999 1012.5  26.9  27.4  23.7 99.0 99.00
2016 04 08 05 50  84  8.1  9.7  1.21  5.00  4.56 999 1011.9  26.8  27.4  23.5 99.0 99.00
2016 04 08 06 50  86  8.4 10.2  1.25  5.88  4.66 999 1011.1  26.8  27.3  23.6 99.0 99.00
2016 04 08 07 50  89  7.8  9.9  1.38  5.88  4.77 999 1010.6  26.8  27.3  23.7 99.0 99.00
2016 04 08 08 50  90  7.7  9.0  1.28  6.25  4.67 999 1010.9  26.9  27.3  23.6 99.0 99.00
2016 04 08 09 50  82  8.1  9.5  1.30  5.88  4.66 999 1011.3  26.9  27.3  23.5 99.0 99.00
2016 04 08 10 50  80  7.2  8.7  1.35  5.88  4.96 999 1011.8  26.9  27.3  23.7 99.0 99.00
2016 04 08 11 50  90  7.5  8.5  1.35  6.25  4.89 999 1012.4  27.1  27.3  23.5 99.0 99.00
2016 04 08 12 50  86  7.5  8.5  1.37  5.88  4.81 999 1013.2  27.2  27.4  23.6 99.0 99.00
2016 04 08 13 50  85  8.1  9.2  1.34  5.88  4.93 999 1013.6  27.3  27.4  23.5 99.0 99.00
2016 04 08 14 50  87  7.8  9.2  1.35  5.88  4.82 999 1013.7  27.2  27.4  23.5 99.0 99.00
2016 04 08 15 50  88  8.5 10.7  1.44  6.25  5.00 999 1013.6  27.4  27.5  23.5 99.0 99.00
2016 04 08 16 50  79  7.8  9.3  1.35  5.56  4.79 999 1013.0  27.4  27.5  23.3 99.0 99.00
2016 04 08 17 50  78  8.2  9.7  1.35  5.88  4.71 999 1012.4  27.3  27.5  23.4 99.0 99.00
2016 04 08 18 50  84  7.5  8.9  1.36  5.56  4.85 999 1011.9  27.4  27.5  23.5 99.0 99.00
2016 04 08 19 50  73  7.1  8.3  1.27  5.88  4.76 999 1011.4  27.4  27.6  23.6 99.0 99.00
2016 04 08 20 50  76  7.7  9.1  1.30  5.56  4.62 999 1010.8  27.4  27.6  23.7 99.0 99.00
2016 04 08 21 50  73  8.1  9.1  1.29  6.25  4.73 999 1011.0  27.3  27.6  23.8 99.0 99.00
2016 04 08 22 50  70  7.7  9.0  1.26  5.88  4.64 999 1011.4  27.3  27.5  24.1 99.0 99.00
2016 04 08 23 50  67  8.1  9.6  1.44  6.25  4.80 999 1012.0  27.2  27.5  23.9 99.0 99.00
2016 04 09 00 50  67  8.1  9.6  1.35  5.88  4.75 999 1012.6  27.3  27.4  24.2 99.0 99.00
2016 04 09 01 50  71  8.8 10.5  1.40  5.88  4.86 999 1013.2  27.3  27.4  24.0 99.0 99.00
2016 04 09 02 50  80  8.3  9.6  1.39  5.56  4.87 999 1013.7  27.3  27.4  24.0 99.0 99.00
2016 04 09 03 50  74  8.4 10.3  1.40  5.88  4.85 999 1013.6  27.2  27.4  24.1 99.0 99.00
2016 04 09 04 50  72  8.5 10.4  1.44  6.25  4.80 999 1012.8  27.1  27.4  24.1 99.0 99.00
2016 04 09 05 50  74  7.7  9.3  1.34  5.88  4.76 999 1012.1  27.1  27.4  24.0 99.0 99.00
2016 04 09 06 50  79  8.6 10.7  1.51  5.56  4.89 999 1011.5  27.0  27.4  23.6 99.0 99.00
2016 04 09 07 50  85  7.8  9.4  1.37  5.88  4.77 999 1011.2  26.9  27.4  23.6 99.0 99.00
2016 04 09 08 50  89  8.0  9.2  1.48  6.25  4.97 999 1011.3  26.9  27.4  23.6 99.0 99.00
2016 04 09 09 50  89  8.5 10.3  1.40  6.25  4.84 999 1011.7  26.9  27.4  23.3 99.0 99.00
2016 04 09 10 50  83  7.6  8.9  1.43  6.25  4.89 999 1012.3  27.0  27.4  23.6 99.0 99.00
2016 04 09 11 50  80  7.7  9.1  1.34  6.25  4.89 999 1012.8  27.1  27.4  23.4 99.0 99.00
2016 04 09 12 50  84  8.4 10.6  1.53  6.67  5.04 999 1013.3  27.2  27.4  23.1 99.0 99.00
2016 04 09 13 50  83  8.0  9.4  1.54  6.25  4.98 999 1014.1  27.3  27.4  23.2 99.0 99.00
2016 04 09 14 50  90  7.5  9.0  1.50  6.67  5.03 999 1014.3  27.3  27.5  23.4 99.0 99.00
2016 04 09 15 50  98  7.6  9.1  1.46  6.67  5.01 999 1014.1  27.2  27.5  23.4 99.0 99.00
2016 04 09 16 50 100  8.3  9.9  1.53  6.25  5.07 999 1013.5  27.3  27.5  23.1 99.0 99.00
2016 04 09 17 50  95  8.2  9.8  1.73  6.25  5.10 999 1012.7  27.2  27.5  22.8 99.0 99.00
2016 04 09 18 50  88  8.4  9.8  1.59  6.67  4.97 999 1012.0  27.2  27.5  22.7 99.0 99.00
2016 04 09 19 50  88  7.9  9.3  1.65  6.25  5.15 999 1011.4  27.3  27.6  22.5 99.0 99.00
2016 04 09 20 50  82  8.2 10.0  1.63  6.67  5.00 999 1010.9  27.3  27.6  22.4 99.0 99.00
2016 04 09 21 50  76  7.8  9.4  1.59  6.25  4.97 999 1010.8  27.2  27.5  23.4 99.0 99.00
2016 04 09 22 50  86  7.7  9.0  1.56  6.25  5.07 999 1011.4  27.2  27.5  22.9 99.0 99.00
2016 04 09 23 50  71  7.7  8.8  1.50  6.67  5.14 999 1011.6  27.1  27.5  23.3 99.0 99.00
2016 04 10 00 50  74  7.7  9.5  1.55  6.25  5.03 999 1012.3  27.1  27.5  23.3 99.0 99.00
2016 04 10 01 50  70  7.4  8.9  1.53  7.14  5.10 999 1013.0  27.2  27.5  23.4 99.0 99.00
2016 04 10 02 50  87  8.3  9.6  1.40  6.67  5.06 999 1013.1  27.2  27.5  23.3 99.0 99.00
2016 04 10 03 50  83  8.0 10.0  1.39  7.69  5.01 999 1012.9  27.2  27.5  23.0 99.0 99.00
2016 04 10 04 50  71  7.6  8.7  1.50  7.14  5.19 999 1012.7  27.0  27.5  23.3 99.0 99.00
2016 04 10 05 50  85  7.5  9.1  1.49  6.25  5.09 999 1012.2  27.0  27.4  23.2 99.0 99.00
2016 04 10 06 50  77  7.3  9.1  1.40  6.67  4.98 999 1011.7  26.9  27.4  23.2 99.0 99.00
2016 04 10 07 50  76  7.5  9.1  1.49  6.25  5.14 999 1011.5  26.9  27.4  23.4 99.0 99.00
2016 04 10 08 50  91  8.5 10.0  1.44  6.67  4.99 999 1011.7  26.9  27.4  23.1 99.0 99.00
2016 04 10 09 50  91  7.8  9.1  1.53  6.67  4.97 999 1012.3  26.9  27.4  22.6 99.0 99.00
2016 04 10 10 50  86  7.2  8.2  1.49  7.14  4.94 999 1012.9  26.9  27.4  22.7 99.0 99.00
2016 04 10 11 50  84  7.3  8.9  1.52  6.67  5.03 999 1013.8  27.2  27.4  22.9 99.0 99.00
2016 04 10 12 50  86  7.4  8.8  1.41  5.88  4.94 999 1014.4  27.2  27.4  23.2 99.0 99.00
2016 04 10 13 50  82  7.4  8.9  1.54  6.67  5.12 999 1014.7  27.2  27.4  23.4 99.0 99.00
2016 04 10 14 50  85  7.6  8.8  1.45  6.67  5.07 999 1014.5  27.2  27.4  23.4 99.0 99.00
2016 04 10 15 50  90  7.9  9.6  1.46  7.14  5.00 999 1014.4  27.3  27.5  23.1 99.0 99.00
2016 04 10 16 50  93  8.1  9.3  1.39  6.25  4.96 999 1014.0  27.3  27.5  23.3 99.0 99.00
2016 04 10 17 50  83  7.4  8.6  1.45  6.25  4.99 999 1013.4  27.2  27.5  23.4 99.0 99.00
2016 04 10 18 50  79  7.8  9.4  1.34  6.67  4.91 999 1012.7  27.3  27.5  23.3 99.0 99.00
2016 04 10 19 50  80  6.7  8.3  1.46  5.88  4.94 999 1012.3  27.3  27.6  23.5 99.0 99.00
2016 04 10 20 50  74  7.6  9.2  1.43  6.67  4.94 999 1012.0  27.4  27.5  23.5 99.0 99.00
2016 04 10 21 50  75  7.6  8.9  1.44  6.67  5.00 999 1011.8  27.4  27.5  23.2 99.0 99.00
2016 04 10 22 50  76  7.6  9.0  1.45  5.88  4.89 999 1012.2  27.4  27.5  23.3 99.0 99.00
2016 04 10 23 50  75  7.6  8.7  1.43  6.67  4.94 999 1012.9  27.3  27.5  23.4 99.0 99.00
2016 04 11 00 50  69  7.9  9.0  1.48  6.67  4.90 999 1013.4  27.3  27.5  23.5 99.0 99.00
2016 04 11 01 50  75  8.4  9.7  1.44  6.67  4.88 999 1013.8  27.2  27.5  23.2 99.0 99.00
2016 04 11 02 50  72  7.9  9.0  1.35  7.14  4.86 999 1014.2  27.2  27.4  23.2 99.0 99.00
2016 04 11 03 50  75  8.4  9.9  1.50  6.67  4.97 999 1014.0  27.1  27.4  23.2 99.0 99.00
2016 04 11 04 50  75  8.1  9.2  1.35  7.14  4.87 999 1013.7  27.0  27.4  23.1 99.0 99.00
2016 04 11 05 50  67  8.2  9.5  1.38  6.67  4.86 999 1013.1  26.9  27.5  22.7 99.0 99.00
2016 04 11 06 50  67  8.0  9.5  1.32  6.67  4.97 999 1012.7  26.9  27.5  22.9 99.0 99.00
2016 04 11 07 50  64  7.7  9.3  1.41  7.14  5.06 999 1012.4  27.0  27.5  22.7 99.0 99.00
2016 04 11 08 50  65  7.6  9.2  1.40  7.14  4.87 999 1012.5  26.9  27.5  22.6 99.0 99.00
2016 04 11 09 50  62  8.4  9.8  1.47  6.67  5.06 999 1012.9  26.9  27.5  22.3 99.0 99.00
2016 04 11 10 50  78  8.3  9.7  1.54  7.14  5.15 999 1013.3  26.9  27.5  22.3 99.0 99.00
2016 04 11 11 50  78  8.0  9.6  1.46  6.25  4.87 999 1013.8  27.0  27.5  22.4 99.0 99.00
2016 04 11 12 50  80  8.2  9.4  1.47  6.67  4.98 999 1014.2  27.2  27.5  22.2 99.0 99.00
2016 04 11 13 50  80  7.8  9.1  1.46  6.25  4.88 999 1014.4  27.1  27.5  22.4 99.0 99.00
2016 04 11 14 50  73  8.0  9.2  1.41  6.25  4.82 999 1014.8  27.2  27.6  22.5 99.0 99.00
2016 04 11 15 50  89  7.5  8.7  1.40  6.25  4.85 999 1014.3  27.2  27.6  22.5 99.0 99.00
2016 04 11 16 50  85  7.3  8.4  1.46  6.25  4.93 999 1013.6  27.1  27.6  22.8 99.0 99.00
2016 04 11 17 50  90  7.1  8.5  1.25  7.14  4.86 999 1012.8  27.3  27.7  22.9 99.0 99.00
2016 04 11 18 50  83  6.5  7.8  1.24  5.88  4.79 999 1012.2  27.3  27.7  23.0 99.0 99.00
2016 04 11 19 50  81  6.4  7.6  1.31  6.67  4.92 999 1011.6  27.3  27.7  22.7 99.0 99.00
2016 04 11 20 50  67  6.1  7.0  1.23  6.67  4.84 999 1011.4  27.3  27.7  22.7 99.0 99.00
2016 04 11 21 50  68  6.7  8.0  1.16  6.67  4.77 999 1011.4  27.4  27.7  22.9 99.0 99.00
2016 04 11 22 50  66  6.6  7.7  1.16  6.67  4.91 999 1011.7  27.2  27.7  22.9 99.0 99.00
2016 04 11 23 50  67  6.5  8.1  1.24  6.67  4.90 999 1012.2  27.1  27.6  22.8 99.0 99.00
2016 04 12 00 50  67  6.6  7.4  1.16  6.67  4.91 999 1012.5  27.1  27.6  22.9 99.0 99.00
2016 04 12 01 50  67  7.0  7.9  1.18  6.67  4.93 999 1012.6  27.0  27.6  22.9 99.0 99.00
2016 04 12 02 50  67  6.8  8.5  1.11  7.14  4.81 999 1013.2  26.9  27.6  23.0 99.0 99.00
2016 04 12 03 50  71  6.2  7.4  1.20  6.25  4.85 999 1013.5  26.9  27.5  23.0 99.0 99.00
2016 04 12 04 50  67  6.2  7.4  1.18  6.25  4.86 999 1013.2  26.9  27.5  22.6 99.0 99.00
2016 04 12 05 50  75  6.2  7.5  1.15  6.67  4.91 999 1012.8  26.9  27.5  22.3 99.0 99.00
2016 04 12 06 50  67  6.4  7.6  1.14  7.14  4.89 999 1012.3  26.8  27.5  22.8 99.0 99.00
2016 04 12 07 50  84  5.9  7.0  1.09  7.14  4.80 999 1012.0  26.7  27.5  22.7 99.0 99.00
2016 04 12 08 50  68  6.3  7.6  1.12  7.14  4.95 999 1012.1  26.8  27.5  22.6 99.0 99.00
2016 04 12 09 50  72  5.4  6.4  1.09  7.14  4.79 999 1012.6  26.9  27.5  22.8 99.0 99.00
2016 04 12 10 50  71  5.2  6.4  1.06  7.14  4.90 999 1013.1  26.9  27.5  23.4 99.0 99.00
2016 04 12 11 50  80  5.5  6.6  1.08  7.14  4.86 999 1013.9  27.0  27.5  23.1 99.0 99.00
2016 04 12 12 50  83  5.1  6.3  0.99  6.25  4.81 999 1014.6  27.0  27.5  23.0 99.0 99.00
2016 04 12 13 50  91  4.6  6.1  1.03  7.14  4.96 999 1015.1  26.8  27.5  22.4 99.0 99.00
2016 04 12 14 50  76  5.7  6.6  1.06  7.14  4.84 999 1015.0  27.2  27.6  23.1 99.0 99.00
2016 04 12 15 50  73  5.1  5.8  1.04  6.25  4.68 999 1014.7  27.2  27.7  22.8 99.0 99.00
2016 04 12 16 50  69  4.9  5.9  1.00  5.88  4.72 999 1014.0  27.1  27.8  23.3 99.0 99.00
2016 04 12 17 50  84  5.3  6.0  1.00  5.00  4.78 999 1013.3  27.2  27.9  22.8 99.0 99.00
2016 04 12 18 50  67  5.0  6.0  0.97  6.67  4.67 999 1012.5  27.2  28.0  22.9 99.0 99.00
2016 04 12 19 50  76  4.7  5.4  0.93  5.56  4.72 999 1012.0  27.4  28.0  22.8 99.0 99.00
2016 04 12 20 50  61  4.8  6.2  0.95  7.14  4.70 999 1011.5  27.3  28.0  23.2 99.0 99.00
2016 04 12 21 50  62  5.1  6.2  0.91  7.14  4.58 999 1011.4  27.3  27.9  23.1 99.0 99.00
2016 04 12 22 50  65  5.1  6.0  0.88  6.67  4.62 999 1012.1  27.3  27.8  22.6 99.0 99.00
2016 04 12 23 50  56  5.7  7.0  0.86  6.67  4.62 999 1012.7  27.3  27.8  23.3 99.0 99.00
2016 04 13 00 50  70  5.9  6.8  0.95  6.67  4.63 999 1012.9  27.2  27.7  22.8 99.0 99.00
2016 04 13 01 50  70  5.7  7.0  0.90  6.67  4.65 999 1013.3  27.1  27.7  23.2 99.0 99.00
2016 04 13 02 50  75  4.5  5.2  0.85  7.14  4.59 999 1013.6  27.1  27.7  23.2 99.0 99.00
2016 04 13 03 50  72  4.1  4.6  0.86  5.88  4.68 999 1013.6  27.1  27.6  22.8 99.0 99.00
2016 04 13 04 50  83  4.5  5.2  0.86  6.67  4.84 999 1013.2  26.9  27.6  22.8 99.0 99.00
2016 04 13 05 50  81  4.3  5.1  0.90  7.14  4.87 999 1012.9  26.8  27.6  22.3 99.0 99.00
2016 04 13 06 50  81  4.4  5.2  0.86  5.56  4.86 999 1012.6  26.7  27.6  22.6 99.0 99.00
2016 04 13 07 50  92  3.6  4.6  0.87  6.25  4.68 999 1012.5  26.7  27.6  22.3 99.0 99.00
2016 04 13 08 50  58  4.1  5.0  0.80  6.25  4.71 999 1012.9  26.7  27.6  22.6 99.0 99.00
2016 04 13 09 50  69  3.5  4.3  0.76  6.25  4.71 999 1013.0  26.7  27.6  23.1 99.0 99.00
2016 04 13 10 50  71  3.9  4.6  0.81  7.69  5.11 999 1013.6  26.7  27.6  22.9 99.0 99.00
2016 04 13 11 50  85  4.5  5.3  0.82  7.69  5.04 999 1014.1  27.0  27.6  22.6 99.0 99.00
2016 04 13 12 50  92  3.6  4.3  0.75  6.67  4.71 999 1014.9  27.0  27.6  22.5 99.0 99.00
2016 04 13 13 50 100  3.7  4.4  0.70  7.14  4.96 999 1014.6  27.1  27.7  22.4 99.0 99.00
2016 04 13 14 50  86  3.8  4.8  0.77  6.67  5.00 999 1014.8  27.1  27.7  22.5 99.0 99.00
2016 04 13 15 50  75  4.1  5.1  0.74  6.67  4.94 999 1014.7  27.1  27.9  22.7 99.0 99.00
2016 04 13 16 50  74  4.5  5.4  0.72  7.14  4.97 999 1013.9  27.1  28.0  22.9 99.0 99.00
2016 04 13 17 50  78  4.1  4.8  0.68  6.67  4.96 999 1012.7  27.0  28.1  23.1 99.0 99.00
2016 04 13 18 50  82  4.3  5.5  0.73  8.33  5.18 999 1011.8  27.1  28.2  22.8 99.0 99.00
2016 04 13 19 50  80  4.7  5.6  0.73  6.67  4.90 999 1011.4  27.3  28.2  22.6 99.0 99.00
2016 04 13 20 50  61  4.4  5.3  0.70  7.14  4.71 999 1011.3  27.4  28.1  22.5 99.0 99.00
2016 04 13 21 50  69  4.3  5.3  0.67  7.14  4.56 999 1011.1  27.4  28.1  22.7 99.0 99.00
2016 04 13 22 50  53  5.3  6.2  0.71  6.25  4.56 999 1011.3  27.2  28.0  23.0 99.0 99.00
2016 04 13 23 50  73  4.8  5.6  0.71  9.09  4.59 999 1011.4  27.1  27.9  23.1 99.0 99.00
2016 04 14 00 50  68  5.3  6.2  0.70  7.14  4.45 999 1011.9  27.1  27.9  23.1 99.0 99.00
2016 04 14 01 50  62  5.0  5.6  0.69  9.09  4.40 999 1012.1  27.1  27.8  22.8 99.0 99.00
2016 04 14 02 50  81  5.1  6.3  0.68  9.09  4.38 999 1012.6  27.0  27.8  23.0 99.0 99.00
2016 04 14 03 50  86  5.2  6.2  0.68  9.09  4.24 999 1012.3  26.9  27.7  23.0 99.0 99.00
2016 04 14 04 50  82  4.3  5.2  0.68  6.67  4.41 999 1012.0  26.9  27.7  23.3 99.0 99.00
2016 04 14 05 50  80  5.0  5.9  0.70  6.67  4.28 999 1011.7  26.8  27.7  22.9 99.0 99.00
2016 04 14 06 50  69  4.9  6.1  0.67  6.67  4.65 999 1011.2  26.8  27.7  23.2 99.0 99.00
2016 04 14 07 50  73  5.2  6.0  0.62  9.09  4.14 999 1010.8  26.7  27.6  23.4 99.0 99.00
2016 04 14 08 50  68  4.8  5.8  0.63  6.25  4.30 999 1011.1  26.8  27.6  23.2 99.0 99.00
2016 04 14 09 50  74  5.0  6.4  0.70  6.25  4.41 999 1011.6  26.8  27.6  22.7 99.0 99.00
2016 04 14 10 50  74  4.7  5.8  0.72  9.09  4.35 999 1012.1  26.7  27.6  22.7 99.0 99.00
2016 04 14 11 50  73  5.3  6.3  0.69  6.25  4.26 999 1012.6  27.0  27.6  23.0 99.0 99.00
2016 04 14 12 50  76  5.3  6.2  0.73 10.00  4.30 999 1013.2  27.1  27.6  23.2 99.0 99.00
2016 04 14 13 50  81  5.2  6.1  0.75  5.00  4.27 999 1013.7  27.1  27.7  23.2 99.0 99.00
2016 04 14 14 50  84  5.2  5.9  0.76  5.88  4.34 999 1013.7  27.1  27.7  22.9 99.0 99.00
2016 04 14 15 50  76  5.5  6.4  0.77  5.00  4.53 999 1013.4  27.1  27.8  23.1 99.0 99.00
2016 04 14 16 50  91  5.5  6.5  0.78  4.35  4.15 999 1013.0  27.1  27.9  23.0 99.0 99.00
2016 04 14 17 50  84  5.4  6.5  0.77  4.55  4.23 999 1012.4  27.2  28.0  22.9 99.0 99.00
2016 04 14 18 50  63  5.8  6.7  0.81  4.55  4.23 999 1011.4  27.2  28.0  23.1 99.0 99.00
2016 04 14 19 50  67  6.1  7.2  0.77  4.35  4.04 999 1010.9  27.4  28.0  22.6 99.0 99.00
2016 04 14 20 50  72  6.5  7.5  0.81  4.55  4.10 999 1010.3  27.4  28.0  22.8 99.0 99.00
2016 04 14 21 50  72  5.6  6.9  0.79  4.55  4.02 999 1010.2  27.4  28.0  23.0 99.0 99.00
2016 04 14 22 50  76  5.7  6.7  0.82  4.55  4.27 999 1010.3  27.3  27.9  22.9 99.0 99.00
2016 04 14 23 50  75  5.5  6.2  0.82  4.55  4.14 999 1010.7  27.2  27.8  23.1 99.0 99.00
2016 04 15 00 50  69  6.1  7.4  0.78  4.76  4.07 999 1011.2  27.2  27.8  23.2 99.0 99.00
2016 04 15 01 50  64  7.1  8.1  0.84  4.35  4.02 999 1011.4  27.3  27.7  22.9 99.0 99.00
2016 04 15 02 50  75  7.4  8.9  0.85  4.35  4.03 999 1011.5  27.2  27.7  22.8 99.0 99.00
2016 04 15 03 50  72  7.1  8.9  0.94  4.35  4.16 999 1011.6  27.2  27.7  23.4 99.0 99.00
2016 04 15 04 50  89  7.6  8.9  0.95  4.76  4.11 999 1011.2  27.1  27.7  23.2 99.0 99.00
2016 04 15 05 50  93  7.4  8.4  0.97  4.55  4.20 999 1010.7  27.0  27.7  22.9 99.0 99.00
2016 04 15 06 50 100  6.5  7.7  0.95  4.55  4.19 999 1010.2  26.9  27.7  23.3 99.0 99.00
2016 04 15 07 50  99  6.8  8.0  1.05  4.76  4.27 999 1009.7  26.9  27.6  23.0 99.0 99.00
2016 04 15 08 50  89  7.1  8.1  0.98  5.00  4.31 999 1009.7  26.8  27.6  23.1 99.0 99.00
2016 04 15 09 50  85  6.9  8.2  1.12  5.00  4.56 999 1010.0  26.9  27.6  23.3 99.0 99.00
2016 04 15 10 50  84  7.2  9.0  1.36  6.67  4.95 999 1010.3  26.9  27.6  23.3 99.0 99.00
2016 04 15 11 50  83  7.7  9.0  1.37  6.67  4.90 999 1010.7  27.1  27.6  23.3 99.0 99.00
2016 04 15 12 50  81  7.8  9.3  1.30  6.67  4.77 999 1011.2  27.2  27.6  23.1 99.0 99.00
2016 04 15 13 50  82  7.5  8.8  1.21  5.26  4.49 999 1011.6  27.3  27.6  23.5 99.0 99.00
2016 04 15 14 50  80  8.2  9.9  1.44  5.26  4.72 999 1011.6  27.3  27.7  23.6 99.0 99.00
2016 04 15 15 50  83  7.4  8.4  1.41  5.88  4.66 999 1011.6  27.2  27.7  23.4 99.0 99.00
2016 04 15 16 50  73  7.1  8.6  1.24  5.56  4.59 999 1011.3  27.3  27.8  23.6 99.0 99.00
2016 04 15 17 50  81  6.7  8.0  1.26  5.26  4.64 999 1010.9  27.4  27.8  23.6 99.0 99.00
2016 04 15 18 50  82  7.5  8.7  1.19  5.26  4.57 999 1010.0  27.5  27.8  23.3 99.0 99.00
2016 04 15 19 50  85  7.4  8.6  1.24  5.56  4.53 999 1009.5  27.5  27.9  23.3 99.0 99.00
2016 04 15 20 50  85  7.8  9.3  1.33  5.88  4.55 999 1009.0  27.6  27.8  23.3 99.0 99.00
2016 04 15 21 50  73  7.6  9.2  1.20  5.56  4.52 999 1009.2  27.5  27.8  23.5 99.0 99.00
2016 04 15 22 50  72  7.7  8.9  1.24  5.88  4.53 999 1009.7  27.5  27.8  23.8 99.0 99.00
2016 04 15 23 50  76  8.0  9.2  1.28  5.88  4.61 999 1010.1  27.5  27.8  23.6 99.0 99.00
2016 04 16 00 50  67  7.9  9.6  1.25  5.56  4.60 999 1010.2  27.4  27.7  23.9 99.0 99.00
2016 04 16 01 50  73  8.6 10.1  1.25  5.88  4.49 999 1010.5  27.4  27.7  23.7 99.0 99.00
2016 04 16 02 50  70  8.5 10.1  1.36  5.88  4.66 999 1010.9  27.4  27.7  23.8 99.0 99.00
2016 04 16 03 50  70  8.8 10.5  1.42  5.56  4.65 999 1010.9  27.4  27.7  23.6 99.0 99.00
2016 04 16 04 50  74  9.0 11.4  1.51  5.88  4.88 999 1010.3  27.3  27.7  23.4 99.0 99.00
2016 04 16 06 50  81  8.6 10.2  1.68  5.88  4.94 999 1009.2  27.2  27.6  23.5 99.0 99.00
2016 04 16 07 50  82  8.2  9.4  1.53  6.25  4.87 999 1009.1  27.2  27.6  23.5 99.0 99.00
2016 04 16 08 50  81  7.7  9.2  1.62  5.88  5.08 999 1009.1  27.2  27.6  23.9 99.0 99.00
2016 04 16 09 50  67  7.7  8.8  1.68  6.25  5.15 999 1009.9  27.2  27.6  23.9 99.0 99.00
2016 04 16 10 50  71  8.0  9.2  1.65  6.67  5.15 999 1010.5  27.3  27.6  23.6 99.0 99.00
2016 04 16 11 50  75  7.5  8.9  1.55  6.67  5.02 999 1010.8  27.3  27.6  23.7 99.0 99.00
2016 04 16 12 50  77  8.0  9.8  1.71  6.67  5.27 999 1011.1  27.5  27.6  23.7 99.0 99.00
2016 04 16 13 50  76  8.4 10.5  1.71  6.67  5.36 999 1011.0  27.6  27.6  23.7 99.0 99.00
2016 04 16 14 50  73  8.1  9.6  1.63  6.67  5.17 999 1011.3  27.6  27.7  23.7 99.0 99.00
2016 04 16 15 50  66  8.0  9.4  1.68  6.25  5.23 999 1011.1  27.6  27.7  24.1 99.0 99.00
2016 04 16 16 50  64  8.0  9.9  1.67  6.25  5.08 999 1011.0  27.7  27.7  23.9 99.0 99.00
2016 04 16 17 50  63  8.6 10.4  1.55  6.67  5.11 999 1010.3  27.6  27.7  23.9 99.0 99.00
2016 04 16 18 50  59  8.6 10.1  1.61  6.67  5.05 999 1009.6  27.6  27.8  24.0 99.0 99.00
2016 04 16 19 50  68  7.9  9.0  1.77  6.67  5.27 999 1009.1  27.7  27.8  24.2 99.0 99.00
2016 04 16 20 50  66  8.4  9.8  1.69  6.67  5.15 999 1008.7  27.7  27.8  24.1 99.0 99.00
2016 04 16 21 50  71  8.0  9.4  1.58  6.25  5.04 999 1008.4  27.7  27.8  24.1 99.0 99.00
2016 04 16 22 50  73  8.2  9.7  1.57  6.25  4.87 999 1008.8  27.5  27.7  24.6 99.0 99.00
2016 04 16 23 50  67  8.3 10.0  1.55  6.25  4.86 999 1009.3  27.5  27.7  24.5 99.0 99.00
2016 04 17 00 50  67  8.0  9.9  1.63  6.67  4.99 999 1010.2  27.6  27.7  24.6 99.0 99.00
2016 04 17 01 50  66  8.4 10.0  1.64  6.67  5.05 999 1010.8  27.5  27.7  24.5 99.0 99.00
2016 04 17 02 50  75  8.7 10.4  1.50  6.25  4.77 999 1011.5  27.5  27.6  24.5 99.0 99.00
2016 04 17 03 50  75  8.0  9.7  1.55  6.25  4.89 999 1011.7  27.6  27.6  24.3 99.0 99.00
2016 04 17 04 50  77  8.0  9.7  1.68  6.25  5.07 999 1011.3  27.5  27.6  24.2 99.0 99.00
2016 04 17 05 50  83  7.1  8.8  1.53  6.67  5.07 999 1010.8  27.5  27.6  24.4 99.0 99.00
2016 04 17 06 50  68  7.2  8.5  1.52  6.67  5.03 999 1010.3  27.4  27.6  24.5 99.0 99.00
2016 04 17 07 50  71  6.8  7.9  1.60  6.67  5.27 999 1010.0  27.4  27.6  24.5 99.0 99.00
2016 04 17 08 50  63  7.4  9.0  1.53  6.67  5.09 999 1010.0  27.4  27.6  24.5 99.0 99.00
2016 04 17 09 50  73  7.0  8.3  1.53  6.25  5.19 999 1010.6  27.4  27.6  24.3 99.0 99.00
2016 04 17 10 50  72  7.4  8.5  1.58  6.67  5.24 999 1011.4  27.4  27.6  24.5 99.0 99.00
2016 04 17 11 50  68  7.7  9.1  1.52  6.25  4.95 999 1012.1  27.5  27.6  24.4 99.0 99.00
2016 04 17 12 50  65  7.4  8.7  1.58  6.67  5.21 999 1012.7  27.6  27.6  24.2 99.0 99.00
2016 04 17 13 50  72  7.5  8.8  1.56  6.67  5.16 999 1013.0  27.6  27.6  24.4 99.0 99.00
2016 04 17 14 50  67  7.5  8.7  1.35  6.67  4.86 999 1013.2  27.7  27.7  24.4 99.0 99.00
2016 04 17 15 50  73  7.3  8.8  1.37  6.67  4.95 999 1013.1  27.7  27.7  24.5 99.0 99.00
2016 04 17 16 50  56  6.8  8.1  1.42  6.25  5.04 999 1012.7  27.7  27.7  24.6 99.0 99.00
2016 04 17 17 50  57  6.7  7.8  1.46  6.25  5.06 999 1012.3  27.8  27.8  24.3 99.0 99.00
2016 04 17 18 50  59  7.5  8.6  1.38  6.67  4.92 999 1011.1  27.7  27.8  24.5 99.0 99.00
2016 04 17 19 50  52  6.9  8.1  1.42  6.67  4.96 999 1010.2  27.7  27.8  24.4 99.0 99.00
2016 04 17 20 50  49  6.7  7.6  1.36  6.25  4.94 999 1009.9  27.7  27.8  24.4 99.0 99.00
2016 04 17 21 50  38  7.4  8.7  1.37  5.88  4.92 999 1009.7  27.7  27.8  24.6 99.0 99.00
2016 04 17 22 50  48  7.4  9.4  1.39  6.25  4.95 999 1010.5  27.6  27.8  24.6 99.0 99.00
2016 04 17 23 50  48  7.5  9.2  1.27  6.25  4.70 999 1011.0  27.6  27.7  24.5 99.0 99.00
2016 04 18 00 50  54  7.8  9.3  1.34  6.25  4.80 999 1011.4  27.5  27.7  24.7 99.0 99.00
2016 04 18 01 50  55  8.4  9.9  1.45  6.25  4.84 999 1012.1  27.6  27.7  24.9 99.0 99.00
2016 04 18 02 50  51  8.5  9.9  1.30  6.25  4.62 999 1012.2  27.6  27.7  24.8 99.0 99.00
2016 04 18 03 50  56  9.0 10.4  1.38  6.25  4.82 999 1012.3  27.6  27.7  24.7 99.0 99.00
2016 04 18 04 50  56  8.5 10.6  1.41  6.25  4.72 999 1011.9  27.4  27.7  24.7 99.0 99.00
2016 04 18 05 50  65  8.3 10.3  1.40  6.25  4.82 999 1011.3  27.4  27.7  24.4 99.0 99.00
2016 04 18 06 50  65  7.3  8.7  1.49  6.25  4.86 999 1011.0  27.4  27.6  24.5 99.0 99.00
2016 04 18 07 50  65  7.0  8.0  1.44  6.67  4.84 999 1010.9  27.3  27.6  24.6 99.0 99.00
2016 04 18 08 50  54  6.1  7.5  1.33  5.88  4.75 999 1011.4  27.4  27.6  24.6 99.0 99.00
2016 04 18 09 50  40  6.6  7.8  1.28  6.67  4.87 999 1011.6  27.4  27.6  24.7 99.0 99.00
2016 04 18 10 50  49  7.1  8.2  1.36  6.25  4.86 999 1012.1  27.5  27.6  24.6 99.0 99.00
2016 04 18 11 50  52  7.0  8.1  1.34  6.25  4.80 999 1012.8  27.3  27.6  24.9 99.0 99.00
2016 04 18 12 50  47  6.2  7.8  1.27  6.67  4.86 999 1013.3  27.4  27.6  25.1 99.0 99.00
2016 04 18 13 50  45  6.6  7.7  1.30  6.25  4.91 999 1013.6  27.7  27.6  24.9 99.0 99.00
2016 04 18 14 50  45  6.5  7.6  1.39  6.25  5.03 999 1013.6  27.7  27.7  24.6 99.0 99.00
2016 04 18 15 50  40  6.6  7.6  1.27  6.25  4.84 999 1013.2  27.7  27.7  24.9 99.0 99.00
2016 04 18 16 50  44  6.4  7.5  1.18  6.25  4.78 999 1012.7  27.6  27.8  25.0 99.0 99.00
2016 04 18 17 50  38  6.9  8.0  1.16  6.67  4.67 999 1012.2  27.7  27.9  25.1 99.0 99.00
2016 04 18 18 50  33  7.1  8.3  1.10  6.25  4.54 999 1011.7  27.7  27.9  24.9 99.0 99.00
2016 04 18 19 50  34  7.4  8.9  1.30  6.67  4.84 999 1010.6  27.8  27.9  24.8 99.0 99.00
2016 04 18 20 50  42  7.4  8.6  1.23  6.25  4.63 999 1009.9  27.7  27.9  24.9 99.0 99.00
2016 04 18 21 50  42  8.1  9.6  1.14  6.67  4.49 999 1009.7  27.7  27.8  24.9 99.0 99.00
2016 04 18 22 50  43  7.9  9.6  1.19  6.67  4.47 999 1010.3  27.7  27.8  25.1 99.0 99.00
2016 04 18 23 50  42  7.9 10.1  1.28  6.25  4.65 999 1011.3  27.7  27.8  25.1 99.0 99.00
2016 04 19 00 50  36  6.8  8.4  1.26  6.67  4.62 999 1012.1  27.6  27.8  25.2 99.0 99.00
2016 04 19 01 50  45  7.6  8.9  1.35  5.88  4.64 999 1012.4  27.7  27.7  25.2 99.0 99.00
2016 04 19 02 50  38  8.1  9.7  1.41  6.25  4.74 999 1012.5  27.6  27.7  25.2 99.0 99.00
2016 04 19 03 50  47  7.2  8.2  1.39  5.26  4.75 999 1012.6  27.6  27.7  25.2 99.0 99.00
2016 04 19 04 50  46  7.4  8.5  1.38  6.67  4.90 999 1012.2  27.5  27.7  24.9 99.0 99.00
2016 04 19 05 50  46  7.7  9.1  1.38  6.67  4.80 999 1011.7  27.4  27.7  24.8 99.0 99.00
2016 04 19 06 50  46  7.0  8.6  1.41  6.25  4.94 999 1011.4  27.4  27.7  25.0 99.0 99.00
2016 04 19 07 50  48  6.1  7.2  1.35  6.67  4.85 999 1011.0  27.4  27.7  25.0 99.0 99.00
2016 04 19 08 50  54  6.2  7.7  1.25  6.67  4.77 999 1010.7  27.3  27.7  24.8 99.0 99.00
2016 04 19 09 50  51  6.8  8.3  1.19  6.25  4.70 999 1010.6  27.3  27.7  24.8 99.0 99.00
2016 04 19 10 50  54  6.7  7.6  1.16  5.88  4.74 999 1010.9  27.4  27.7  24.9 99.0 99.00
2016 04 19 11 50  52  6.5  7.7  1.27  6.25  4.74 999 1011.6  27.5  27.7  24.8 99.0 99.00
2016 04 19 12 50  54  6.7  7.8  1.23  6.25  4.77 999 1012.6  27.6  27.7  25.0 99.0 99.00
2016 04 19 13 50  51  7.1  8.1  1.12  6.25  4.76 999 1012.6  27.7  27.7  25.1 99.0 99.00
2016 04 19 14 50  43  6.7  7.8  1.27  6.67  4.82 999 1012.8  27.7  27.7  25.2 99.0 99.00
2016 04 19 15 50  36  6.5  7.5  1.23  5.88  4.76 999 1012.5  27.7  27.8  25.2 99.0 99.00
2016 04 19 16 50  70  8.1 10.3  1.20  6.25  4.65 999 1012.0  27.3  27.9  24.6 99.0 99.00
2016 04 19 17 50  55  6.3  7.3  1.34  6.67  4.86 999 1011.2  27.0  27.8  25.2 99.0 99.00
2016 04 19 18 50  75  7.9  9.5  1.32  6.25  4.90 999 1010.3  27.2  27.9  25.1 99.0 99.00
2016 04 19 19 50  65  7.4  8.9  1.25  6.67  4.82 999 1009.9  27.5  27.9  24.9 99.0 99.00
2016 04 19 20 50  66  7.5  8.7  1.24  6.67  4.61 999 1009.4  27.5  27.9  25.1 99.0 99.00
2016 04 19 21 50  60  7.5  8.8  1.29  6.67  4.78 999 1009.4  27.4  27.8  25.0 99.0 99.00
2016 04 19 22 50  61  6.9  8.2  1.27  6.25  4.95 999 1010.0  27.6  27.8  25.3 99.0 99.00
2016 04 19 23 50  63  7.4  9.0  1.34  6.25  4.87 999 1010.3  27.5  27.8  25.1 99.0 99.00
2016 04 20 00 50  58  8.8 10.3  1.34  6.67  4.74 999 1010.9  27.5  27.8  24.8 99.0 99.00
2016 04 20 01 50  65  8.3  9.8  1.39  6.67  4.90 999 1011.6  27.6  27.7  24.7 99.0 99.00
2016 04 20 02 50  62  8.0  9.0  1.37  6.25  4.91 999 1011.6  27.5  27.7  25.0 99.0 99.00
2016 04 20 03 50  65  8.7 10.4  1.35  6.67  4.91 999 1011.3  27.4  27.7  24.7 99.0 99.00
2016 04 20 04 50  63  7.9  9.3  1.47  7.14  4.97 999 1010.9  27.4  27.7  24.7 99.0 99.00
2016 04 20 05 50  63  8.0 10.3  1.55  7.14  4.94 999 1010.5  27.4  27.7  24.8 99.0 99.00
2016 04 20 06 50  59  7.1  8.3  1.55  5.88  5.19 999 1009.9  27.3  27.7  24.8 99.0 99.00
2016 04 20 07 50  61  7.8  9.4  1.66  6.67  5.30 999 1009.2  27.3  27.7  24.9 99.0 99.00
2016 04 20 08 50  64  7.0  8.7  1.59  7.14  5.29 999 1009.3  27.3  27.7  24.9 99.0 99.00
2016 04 20 09 50  54  6.3  7.9  1.60  7.69  5.35 999 1009.6  27.2  27.7  25.0 99.0 99.00
2016 04 20 10 50  66  5.7  8.2  1.56  7.14  5.37 999 1009.9  26.9  27.7  25.2 99.0 99.00
2016 04 20 11 50  69  8.2  9.4  1.55  7.14  5.41 999 1010.4  26.5  27.7  24.6 99.0 99.00
2016 04 20 12 50  55  6.4  7.6  1.56  7.69  5.38 999 1011.0  26.8  27.7  25.4 99.0 99.00
2016 04 20 13 50  80  6.9  8.8  1.49  7.69  5.42 999 1011.3  27.7  27.7  25.4 99.0 99.00
2016 04 20 14 50  79  6.7  8.2  1.50  7.69  5.36 999 1011.3  27.8  27.8  25.4 99.0 99.00
2016 04 20 15 50  82  7.1  8.3  1.42  6.67  5.20 999 1011.3  27.8  27.8  25.3 99.0 99.00
2016 04 20 16 50  74  7.3  8.7  1.53  7.69  5.32 999 1011.0  27.7  27.8  25.3 99.0 99.00
2016 04 20 17 50  66  6.8  8.2  1.42  7.14  5.22 999 1010.3  27.8  27.9  25.3 99.0 99.00
2016 04 20 18 50  63  7.8  9.0  1.45  7.14  5.17 999 1009.5  27.8  27.9  25.3 99.0 99.00
2016 04 20 19 50  61  7.2  9.0  1.50  7.14  5.25 999 1009.0  27.5  27.9  25.4 99.0 99.00
2016 04 20 20 50  64  7.1  8.3  1.59  7.69  5.38 999 1008.4  27.7  27.9  25.2 99.0 99.00
2016 04 20 21 50  64  7.3  8.6  1.56  7.14  5.31 999 1007.9  27.5  27.9  25.3 99.0 99.00
2016 04 20 22 50  63  7.9  9.5  1.53  6.67  5.17 999 1008.4  27.6  27.9  25.2 99.0 99.00
2016 04 20 23 50  70  7.9  9.3  1.57  7.69  5.27 999 1009.1  27.6  27.9  25.0 99.0 99.00
2016 04 21 00 50  66  8.2  9.7  1.52  7.69  5.17 999 1010.0  27.6  27.8  25.1 99.0 99.00
2016 04 21 01 50  65  8.0  9.6  1.56  7.69  5.10 999 1010.7  27.6  27.8  25.0 99.0 99.00
2016 04 21 02 50  74  8.7 10.1  1.68  7.14  5.37 999 1011.0  27.6  27.8  25.1 99.0 99.00
2016 04 21 03 50  73  8.2 10.0  1.77  8.33  5.48 999 1010.8  27.4  27.8  25.0 99.0 99.00
2016 04 21 04 50  75  8.2  9.9  1.88  9.09  5.68 999 1010.3  27.5  27.8  25.0 99.0 99.00
2016 04 21 05 50  70  7.2  8.6  1.77  8.33  5.57 999 1009.5  27.4  27.8  25.1 99.0 99.00
2016 04 21 06 50  63  6.9  8.3  1.80  9.09  5.74 999 1008.8  27.4  27.7  25.1 99.0 99.00
2016 04 21 07 50  73  6.4  7.6  1.70  9.09  5.61 999 1007.9  27.3  27.7  25.2 99.0 99.00
2016 04 21 08 50  80  7.5  8.8  1.55  7.69  5.45 999 1007.9  27.4  27.7  25.2 99.0 99.00
2016 04 21 09 50  81  6.7  7.8  1.70  8.33  5.78 999 1008.1  27.5  27.7  25.3 99.0 99.00
2016 04 21 10 50  77  7.9  9.6  1.76  8.33  5.51 999 1008.6  27.5  27.7  25.2 99.0 99.00
2016 04 21 11 50  74  8.0  9.7  1.78  9.09  5.75 999 1009.5  27.6  27.7  25.2 99.0 99.00
2016 04 21 12 50  78  7.9  9.4  1.75  9.09  5.52 999 1010.6  27.8  27.7  25.0 99.0 99.00
2016 04 21 13 50  81  8.4 10.2  1.68  8.33  5.55 999 1011.3  27.8  27.7  25.1 99.0 99.00
2016 04 21 14 50  84  8.3  9.6  1.77  7.69  5.60 999 1011.4  27.9  27.8  25.3 99.0 99.00
2016 04 21 15 50  80  8.3 10.1  1.77  7.69  5.44 999 1011.3  27.9  27.8  25.3 99.0 99.00
2016 04 21 16 50  76  8.2  9.5  1.72  8.33  5.43 999 1010.9  27.8  27.8  25.3 99.0 99.00
2016 04 21 17 50  84  6.8  8.3  1.79  7.14  5.56 999 1009.8  27.9  27.9  25.6 99.0 99.00
2016 04 21 18 50  83  8.0  9.6  1.67  7.69  5.44 999 1009.0  27.8  27.9  25.5 99.0 99.00
2016 04 21 19 50  86  8.2 10.6  1.70  8.33  5.34 999 1008.0  27.9  27.9  25.4 99.0 99.00
2016 04 21 20 50  77  8.3  9.8  1.72  8.33  5.44 999 1007.8  27.9  27.9  25.5 99.0 99.00
2016 04 21 21 50  75  8.1 10.0  1.79  6.67  5.47 999 1007.8  27.9  27.9  25.6 99.0 99.00
2016 04 21 22 50  68  9.2 11.4  1.78  9.09  5.53 999 1008.4  27.8  27.9  25.4 99.0 99.00
2016 04 21 23 50  60  8.9 11.1  1.89  8.33  5.61 999 1008.8  27.3  27.8  25.5 99.0 99.00
2016 04 22 00 50  75 10.5 12.1  1.98  8.33  5.55 999 1009.2  27.9  27.8  25.4 99.0 99.00
2016 04 22 01 50  79  9.6 11.5  1.98  7.14  5.53 999 1009.9  27.9  27.8  25.4 99.0 99.00
2016 04 22 02 50  74  9.1 11.0  1.91  8.33  5.45 999 1011.0  27.9  27.8  25.5 99.0 99.00
2016 04 22 03 50  71  9.4 11.4  2.13  8.33  5.71 999 1011.2  27.9  27.8  25.5 99.0 99.00
2016 04 22 04 50  78 10.3 11.9  2.23  8.33  5.93 999 1010.9  27.9  27.8  25.4 99.0 99.00
2016 04 22 05 50  79 10.2 12.2  2.45  8.33  6.19 999 1009.8  27.8  27.8  25.4 99.0 99.00
2016 04 22 06 50  83 10.1 11.8  2.42  9.09  6.18 999 1009.1  27.7  27.8  25.5 99.0 99.00
2016 04 22 07 50  84 10.0 13.0  2.36  8.33  6.02 999 1008.6  27.7  27.8  25.5 99.0 99.00
2016 04 22 08 50  84 10.3 12.3  2.47  8.33  6.07 999 1008.2  27.7  27.8  25.3 99.0 99.00
2016 04 22 09 50  86 10.5 13.0  2.60  8.33  6.09 999 1008.7  27.8  27.8  25.3 99.0 99.00
2016 04 22 10 50  78  9.9 13.1  2.59  8.33  6.13 999 1009.2  27.8  27.7  25.4 99.0 99.00
2016 04 22 11 50  81  9.0 11.7  2.43  9.09  6.02 999 1010.1  27.8  27.7  25.5 99.0 99.00
2016 04 22 12 50  83  9.5 11.5  2.67  9.09  6.37 999 1010.9  28.1  27.7  25.3 99.0 99.00
2016 04 22 13 50  79  9.3 11.3  2.68  9.09  6.18 999 1011.6  28.1  27.8  25.4 99.0 99.00
2016 04 22 14 50  87 10.3 12.4  2.67  8.33  6.41 999 1011.5  28.1  27.8  25.4 99.0 99.00
2016 04 22 15 50  90 10.1 12.2  2.48  8.33  6.20 999 1011.3  28.1  27.8  25.2 99.0 99.00
2016 04 22 16 50  80  7.6  9.0  2.48  9.09  6.16 999 1011.4  28.1  27.8  25.4 99.0 99.00
2016 04 22 17 50  81  8.6 10.4  2.58  9.09  6.29 999 1010.6  28.1  27.8  25.1 99.0 99.00
2016 04 22 18 50  75  8.6 10.6  2.61  9.09  6.31 999 1009.9  28.0  27.9  25.4 99.0 99.00
2016 04 22 19 50  76  9.3 11.5  2.38 10.00  5.99 999 1009.1  28.1  27.9  25.3 99.0 99.00
2016 04 22 20 50  70  8.7 10.8  2.44 10.00  6.25 999 1008.7  28.1  27.9  25.4 99.0 99.00
2016 04 22 21 50  66  9.4 12.1  2.36  9.09  6.26 999 1008.3  28.0  27.9  25.5 99.0 99.00
2016 04 22 22 50  75 10.0 12.3  2.41  9.09  6.12 999 1008.2  27.9  27.8  25.3 99.0 99.00
2016 04 22 23 50  75  9.6 12.0  2.34  8.33  6.05 999 1008.7  27.9  27.8  25.4 99.0 99.00
2016 04 23 00 50  70 10.0 11.7  2.35  8.33  5.95 999 1008.9  27.8  27.8  25.5 99.0 99.00
2016 04 23 01 50  68  9.7 11.9  2.30  9.09  5.85 999 1009.7  27.8  27.8  25.4 99.0 99.00
2016 04 23 02 50  67  9.1 11.0  2.57  8.33  6.25 999 1010.8  27.9  27.8  25.5 99.0 99.00
2016 04 23 03 50  69  9.2 10.9  2.32  9.09  5.99 999 1011.1  27.9  27.8  25.5 99.0 99.00
2016 04 23 04 50  62  8.6 10.9  2.32  8.33  6.08 999 1011.3  27.8  27.8  25.6 99.0 99.00
2016 04 23 05 50  67  8.1  9.7  2.35  9.09  6.26 999 1010.8  27.8  27.8  25.6 99.0 99.00
2016 04 23 06 50  64  9.4 10.9  2.16  9.09  5.93 999 1009.8  27.7  27.8  25.5 99.0 99.00
2016 04 23 07 50  75  8.2 10.0  2.22  8.33  5.98 999 1009.3  27.7  27.8  25.6 99.0 99.00
2016 04 23 08 50  72  8.1 10.4  2.37  9.09  6.32 999 1009.3  27.8  27.8  25.6 99.0 99.00
2016 04 23 09 50  70  7.5  9.0  2.22  9.09  6.15 999 1009.6  27.8  27.8  25.6 99.0 99.00
2016 04 23 10 50  72  7.6  9.4  2.17  9.09  6.10 999 1010.0  27.8  27.8  25.6 99.0 99.00
2016 04 23 11 50  70  7.4  9.3  2.21  8.33  6.16 999 1010.4  27.8  27.8  25.6 99.0 99.00
2016 04 23 12 50  74  7.6  9.3  2.18  8.33  6.04 999 1011.0  27.9  27.8  25.6 99.0 99.00
2016 04 23 13 50  71  6.9  8.6  1.91  8.33  5.87 999 1011.4  28.0  27.8  25.7 99.0 99.00
2016 04 23 14 50  76  7.0  8.7  2.04  8.33  5.96 999 1011.2  27.9  27.8  25.7 99.0 99.00
2016 04 23 15 50  75  6.2  7.7  1.97  8.33  6.02 999 1011.0  28.0  27.8  25.8 99.0 99.00
2016 04 23 16 50  77  6.6  8.7  2.01  8.33  6.26 999 1010.6  28.0  27.9  25.8 99.0 99.00
2016 04 23 17 50  80  7.0  8.6  2.22  9.09  6.33 999 1010.1  28.0  27.9  25.6 99.0 99.00
2016 04 23 18 50  68  6.4  8.1  2.02  9.09  6.16 999 1009.1  28.0  27.9  25.8 99.0 99.00
2016 04 23 19 50  70  7.2  8.6  2.01  9.09  6.01 999 1008.4  28.0  28.0  25.6 99.0 99.00
2016 04 23 20 50  58  6.5  7.8  1.95  8.33  6.10 999 1007.7  28.0  27.9  25.7 99.0 99.00
2016 04 23 21 50  51  7.7  9.2  1.99  9.09  5.97 999 1007.9  27.7  28.0  25.6 99.0 99.00
2016 04 23 22 50  62  7.2  8.5  2.00  7.69  5.81 999 1008.8  27.8  27.9  25.5 99.0 99.00
2016 04 23 23 50  53  6.8  8.1  1.90  8.33  5.95 999 1009.0  27.9  27.9  25.6 99.0 99.00
2016 04 24 00 50  53  7.2  8.6  1.81  8.33  5.91 999 1009.4  27.8  27.9  25.7 99.0 99.00
2016 04 24 01 50  67  7.0  8.3  1.89  8.33  6.12 999 1010.2  27.8  27.8  25.7 99.0 99.00
2016 04 24 02 50  56  7.3  8.7  1.78  9.09  5.76 999 1010.7  27.9  27.8  25.8 99.0 99.00
2016 04 24 03 50  56  6.4  7.5  1.58  9.09  5.56 999 1011.2  27.8  27.8  25.8 99.0 99.00
2016 04 24 04 50  67  5.9  7.0  1.67  7.69  5.73 999 1010.9  27.8  27.8  25.7 99.0 99.00
2016 04 24 05 50  66  6.2  7.0  1.76  8.33  5.84 999 1010.2  27.7  27.8  25.7 99.0 99.00
2016 04 24 06 50  62  5.7  7.1  1.61  7.69  5.68 999 1009.6  27.6  27.8  25.8 99.0 99.00
2016 04 24 07 50  58  5.5  6.5  1.48  8.33  5.65 999 1009.4  27.6  27.8  25.8 99.0 99.00
2016 04 24 08 50  51  5.9  7.2  1.62  8.33  5.82 999 1008.9  27.6  27.8  25.8 99.0 99.00
2016 04 24 09 50  55  6.2  7.3  1.58  8.33  5.78 999 1008.8  27.6  27.8  25.6 99.0 99.00
2016 04 24 10 50  56  6.2  7.5  1.58  7.69  5.79 999 1009.7  27.6  27.8  25.8 99.0 99.00
2016 04 24 11 50  63  6.8  8.2  1.58  8.33  5.63 999 1010.6  27.7  27.8  25.8 99.0 99.00
2016 04 24 12 50  53  5.5  7.3  1.37  7.69  5.50 999 1011.6  27.6  27.8  25.7 99.0 99.00
2016 04 24 13 50  63  5.1  6.1  1.44  8.33  5.83 999 1012.0  27.8  27.8  26.2 99.0 99.00
2016 04 24 14 50  66  5.0  5.8  1.54  8.33  5.71 999 1012.2  27.9  27.9  26.1 99.0 99.00
2016 04 24 15 50  71  5.9  6.8  1.29  7.69  5.32 999 1011.9  28.0  27.9  26.1 99.0 99.00
2016 04 24 16 50  81  6.0  7.4  1.34  8.33  5.65 999 1011.3  27.8  28.0  25.9 99.0 99.00
2016 04 24 17 50  78  5.4  6.6  1.34  7.69  5.44 999 1010.5  27.9  28.0  26.0 99.0 99.00
2016 04 24 18 50  83  5.1  6.0  1.27  7.69  5.33 999 1009.6  27.9  28.1  25.9 99.0 99.00
2016 04 24 19 50  94  4.4  5.1  1.29  7.69  5.33 999 1009.1  27.9  28.1  26.0 99.0 99.00
2016 04 24 20 50  71  4.6  5.3  1.14  7.69  5.00 999 1008.4  27.8  28.1  26.0 99.0 99.00
2016 04 24 21 50  72  5.3  6.2  1.22  7.69  5.15 999 1008.4  27.8  28.0  25.9 99.0 99.00
2016 04 24 22 50  82  4.1  5.1  1.17  7.69  5.24 999 1008.9  27.8  28.0  26.1 99.0 99.00
2016 04 24 23 50  82  4.6  5.4  1.13  7.69  5.33 999 1009.3  27.7  28.0  26.1 99.0 99.00
2016 04 25 00 50  80  4.4  5.3  1.12  7.69  5.18 999 1009.9  27.7  28.0  26.1 99.0 99.00
2016 04 25 01 50  78  3.7  4.5  1.11  7.69  5.27 999 1010.9  27.7  27.9  26.0 99.0 99.00
2016 04 25 02 50  76  4.4  5.0  1.12  7.14  5.29 999 1011.4  27.7  27.9  26.0 99.0 99.00
2016 04 25 03 50  66  4.2  4.8  1.04  7.69  5.25 999 1011.6  27.7  27.9  26.2 99.0 99.00
2016 04 25 04 50  81  4.7  5.6  0.99  7.69  5.20 999 1010.9  27.6  27.9  26.0 99.0 99.00
2016 04 25 05 50  91  4.5  5.3  1.04  7.69  5.32 999 1010.2  27.6  27.9  26.0 99.0 99.00
2016 04 25 06 50  64  3.8  4.6  1.00  7.14  5.34 999 1009.6  27.5  27.9  26.0 99.0 99.00
2016 04 25 07 50  63  3.8  4.5  0.93  7.69  5.23 999 1009.2  27.5  27.9  25.9 99.0 99.00
2016 04 25 08 50  57  4.4  5.2  0.88  7.14  5.07 999 1008.9  27.5  27.9  26.0 99.0 99.00
2016 04 25 09 50  61  5.4  6.5  0.89  7.69  5.09 999 1008.9  27.5  27.9  25.7 99.0 99.00
2016 04 25 10 50  60  5.0  5.9  0.82  7.14  4.83 999 1009.4  27.6  27.9  25.9 99.0 99.00
2016 04 25 11 50  53  5.7  6.9  0.91  7.14  4.84 999 1010.2  27.6  27.9  25.8 99.0 99.00
2016 04 25 12 50  53  6.1  7.1  0.85  7.14  4.49 999 1010.8  27.7  27.9  25.7 99.0 99.00
2016 04 25 13 50  71  5.7  6.5  0.85  7.14  4.49 999 1011.1  27.8  27.9  25.6 99.0 99.00
2016 04 25 14 50  63  5.1  5.9  0.86  7.14  4.61 999 1010.9  27.8  27.9  25.6 99.0 99.00
2016 04 25 15 50  74  6.8  8.0  0.83  7.14  4.45 999 1010.6  27.8  28.0  25.5 99.0 99.00
2016 04 25 16 50  80  6.4  7.2  0.86  7.14  4.39 999 1010.5  27.8  28.0  25.5 99.0 99.00
2016 04 25 17 50  72  5.9  6.8  0.88  7.69  4.47 999 1009.6  27.8  28.1  25.5 99.0 99.00
2016 04 25 18 50  78  6.2  7.1  0.88  7.14  4.33 999 1008.9  27.8  28.2  25.6 99.0 99.00
2016 04 25 19 50  77  5.9  7.4  0.86  7.14  4.33 999 1008.2  28.0  28.2  25.5 99.0 99.00
2016 04 25 20 50  78  6.1  7.2  0.90  7.14  4.32 999 1008.0  28.1  28.2  25.0 99.0 99.00
2016 04 25 21 50  69  5.2  6.2  0.83  7.14  4.22 999 1008.1  28.1  28.2  25.1 99.0 99.00
2016 04 25 22 50  62  5.4  6.1  0.80  5.00  4.24 999 1008.2  27.9  28.1  25.3 99.0 99.00
2016 04 25 23 50  53  5.2  6.3  0.78  7.14  4.19 999 1008.6  27.8  28.1  25.4 99.0 99.00
2016 04 26 00 50  60  5.8  6.8  0.81  6.67  4.28 999 1008.9  27.9  28.0  25.4 99.0 99.00
2016 04 26 01 50  57  5.9  6.8  0.79  6.67  4.24 999 1008.5  27.8  28.0  25.6 99.0 99.00
2016 04 26 02 50  52  5.8  6.7  0.75  7.14  4.19 999 1009.2  27.8  28.0  25.4 99.0 99.00
2016 04 26 03 50  61  5.7  6.5  0.80  6.67  4.24 999 1009.4  27.8  28.0  25.4 99.0 99.00
2016 04 26 04 50  50  5.5  6.4  0.72  7.69  4.01 999 1009.0  27.7  28.0  25.5 99.0 99.00
2016 04 26 05 50  50  5.6  6.4  0.75  7.14  4.22 999 1008.7  27.6  28.0  25.3 99.0 99.00
2016 04 26 06 50  47  4.6  5.5  0.75  7.14  4.29 999 1007.8  27.5  28.0  25.4 99.0 99.00
2016 04 26 07 50  46  5.1  6.3  0.74  4.76  4.10 999 1007.5  27.5  28.0  25.1 99.0 99.00
2016 04 26 08 50  48  5.2  6.4  0.80  4.35  4.35 999 1007.4  27.5  28.0  25.1 99.0 99.00
2016 04 26 09 50  47  5.6  6.4  0.77  4.76  4.18 999 1007.9  27.6  28.0  25.0 99.0 99.00
2016 04 26 10 50  50  5.4  6.2  0.79  7.14  4.35 999 1008.3  27.6  28.0  25.1 99.0 99.00
2016 04 26 11 50  50  6.0  7.1  0.83  4.55  4.18 999 1008.9  27.7  28.0  25.1 99.0 99.00
2016 04 26 12 50  55  6.0  7.0  0.80  4.35  4.29 999 1009.4  27.9  28.0  24.9 99.0 99.00
2016 04 26 13 50  64  5.3  6.3  0.82  4.55  4.08 999 1010.2  27.9  28.0  24.9 99.0 99.00
2016 04 26 14 50  56  5.5  6.5  0.78  4.76  4.23 999 1010.3  28.0  28.1  25.0 99.0 99.00
2016 04 26 15 50  59  5.1  5.8  0.81  4.55  4.33 999 1009.9  28.0  28.2  25.0 99.0 99.00
2016 04 26 16 50  48  5.7  6.8  0.82  4.35  4.19 999 1009.6  27.9  28.2  25.1 99.0 99.00
2016 04 26 17 50  50  5.2  6.1  0.77  4.35  4.32 999 1008.7  28.0  28.3  25.1 99.0 99.00
2016 04 26 18 50  57  4.9  5.7  0.84  4.76  4.31 999 1007.6  28.0  28.4  25.0 99.0 99.00
2016 04 26 19 50  49  4.6  5.3  0.83  4.76  4.42 999 1006.5  28.0  28.5  25.2 99.0 99.00
2016 04 26 20 50  41  4.5  5.3  0.83  4.55  4.44 999 1006.5  28.1  28.4  25.5 99.0 99.00
2016 04 26 21 50  37  4.4  5.1  0.87  5.00  4.63 999 1006.0  28.0  28.4  25.3 99.0 99.00
2016 04 26 22 50  24  4.4  5.2  0.81  4.76  4.51 999 1006.8  28.0  28.4  25.3 99.0 99.00
2016 04 26 23 50  16  4.8  5.5  0.84  5.26  4.64 999 1007.5  28.0  28.3  25.4 99.0 99.00
2016 04 27 00 50  23  6.3  7.5  0.86  5.88  4.49 999 1008.2  28.0  28.3  25.3 99.0 99.00
2016 04 27 01 50  34  6.2  6.9  0.85  5.88  4.48 999 1008.6  28.0  28.3  25.4 99.0 99.00
2016 04 27 02 50  49  5.7  6.7  0.88  5.88  4.51 999 1009.2  28.0  28.2  25.5 99.0 99.00
2016 04 27 03 50  32  5.4  6.4  0.84  5.88  4.48 999 1009.8  27.9  28.2  25.6 99.0 99.00
2016 04 27 04 50  38  5.2  5.9  0.84  6.25  4.43 999 1009.2  27.9  28.2  25.6 99.0 99.00
2016 04 27 05 50  32  5.3  5.9  0.85  6.25  4.60 999 1008.7  27.7  28.1  25.7 99.0 99.00
2016 04 27 06 50  32  5.1  6.4  0.80  5.88  4.43 999 1008.1  27.8  28.1  25.6 99.0 99.00
2016 04 27 07 50  41  4.7  5.6  0.83  6.25  4.52 999 1008.2  27.8  28.1  25.5 99.0 99.00
2016 04 27 08 50  47  4.3  5.0  0.81  6.25  4.57 999 1007.9  27.7  28.1  25.2 99.0 99.00
2016 04 27 09 50  65  4.9  5.6  0.76  6.25  4.45 999 1008.0  27.8  28.1  25.2 99.0 99.00
2016 04 27 10 50  62  5.2  6.1  0.87  6.25  4.76 999 1008.0  27.7  28.1  25.1 99.0 99.00
2016 04 27 11 50  51  5.5  6.5  0.84  5.88  4.53 999 1008.3  27.8  28.1  25.2 99.0 99.00
2016 04 27 12 50  55  5.3  6.0  0.80  5.88  4.54 999 1008.9  27.9  28.1  25.2 99.0 99.00
2016 04 27 13 50  57  5.1  6.0  0.79  6.25  4.56 999 1009.5  28.0  28.1  25.2 99.0 99.00
2016 04 27 14 50  59  5.9  6.6  0.81  6.25  4.42 999 1009.7  28.0  28.2  24.9 99.0 99.00
2016 04 27 15 50  53  5.1  5.8  0.83  6.25  4.40 999 1009.8  28.1  28.3  25.0 99.0 99.00
2016 04 27 16 50  76  5.2  6.1  0.77  5.26  4.35 999 1009.8  28.1  28.3  25.2 99.0 99.00
2016 04 27 17 50  78  5.3  6.2  0.75  5.56  4.41 999 1009.4  28.3  28.5  24.2 99.0 99.00
2016 04 27 18 50  77  4.9  5.6  0.90  5.88  4.50 999 1008.4  28.1  28.5  24.3 99.0 99.00
2016 04 27 19 50  78  4.5  5.2  0.81  5.56  4.48 999 1007.6  28.2  28.5  24.5 99.0 99.00
2016 04 27 20 50  43  4.1  4.9  0.81  6.25  4.60 999 1007.0  28.2  28.6  24.6 99.0 99.00
2016 04 27 21 50  19  5.2  6.2  0.86  6.25  4.68 999 1006.9  28.2  28.6  24.7 99.0 99.00
2016 04 27 22 50  25  5.7  6.9  0.91  5.56  4.80 999 1007.2  28.1  28.5  24.7 99.0 99.00
2016 04 27 23 50  39  5.6  6.6  0.91  5.88  4.72 999 1008.0  28.0  28.4  24.8 99.0 99.00
2016 04 28 00 50  46  5.6  6.6  1.00  7.14  4.89 999 1008.8  28.0  28.4  24.9 99.0 99.00
2016 04 28 01 50  62  4.9  5.8  0.96  6.67  4.99 999 1009.4  28.0  28.3  24.8 99.0 99.00
2016 04 28 02 50  50  4.8  6.0  1.00  7.14  5.01 999 1009.9  27.9  28.3  25.1 99.0 99.00
2016 04 28 03 50  57  5.0  6.0  0.96  6.67  4.96 999 1010.2  27.9  28.3  25.0 99.0 99.00
2016 04 28 04 50  43  4.9  5.7  0.97  6.67  4.98 999 1010.0  27.9  28.3  25.1 99.0 99.00
2016 04 28 05 50  68  4.5  5.4  0.94  6.67  4.88 999 1009.7  27.9  28.2  25.0 99.0 99.00
2016 04 28 06 50  63  5.0  6.0  0.94  7.14  5.06 999 1009.2  27.7  28.2  25.0 99.0 99.00
2016 04 28 07 50  53  4.6  5.6  1.02  7.14  5.12 999 1009.1  27.7  28.2  25.0 99.0 99.00
2016 04 28 08 50  44  5.3  6.2  0.99  6.67  5.25 999 1009.1  27.8  28.2  25.1 99.0 99.00
2016 04 28 09 50  46  5.5  6.6  1.01  7.14  5.06 999 1009.4  27.7  28.2  25.1 99.0 99.00
2016 04 28 10 50  51  5.2  6.3  0.95  7.14  4.81 999 1009.9  27.9  28.2  25.0 99.0 99.00
2016 04 28 11 50  56  5.4  6.3  0.88  6.67  4.71 999 1010.6  27.9  28.2  25.1 99.0 99.00
2016 04 28 12 50  53  6.0  7.1  0.92  6.67  4.70 999 1011.2  27.9  28.2  25.1 99.0 99.00
2016 04 28 13 50  72  5.7  6.9  0.86  6.67  4.49 999 1011.9  28.0  28.2  25.3 99.0 99.00
2016 04 28 14 50  63  4.4  5.2  0.89  6.25  4.49 999 1012.3  28.2  28.2  25.3 99.0 99.00
2016 04 28 15 50  71  5.0  5.6  0.82  6.25  4.51 999 1011.9  28.2  28.3  25.3 99.0 99.00
2016 04 28 16 50  61  5.0  5.9  0.79  6.67  4.55 999 1011.6  28.2  28.4  25.3 99.0 99.00
2016 04 28 17 50  63  4.3  5.1  0.82  6.67  4.56 999 1011.1  28.2  28.5  25.5 99.0 99.00
2016 04 28 18 50  65  3.5  4.1  0.83  6.67  4.72 999 1010.1  28.2  28.7  25.3 99.0 99.00
2016 04 28 19 50  76  3.7  4.3  0.82  6.67  4.61 999 1009.8  28.3  28.7  25.3 99.0 99.00
2016 04 28 20 50  53  3.4  4.3  0.80  6.67  4.71 999 1009.1  28.3  28.7  25.4 99.0 99.00
2016 04 28 21 50  39  3.5  3.9  0.78  6.25  4.70 999 1008.7  28.3  28.7  25.4 99.0 99.00
2016 04 28 22 50  25  4.1  4.9  0.74  6.25  4.61 999 1008.7  28.2  28.6  25.5 99.0 99.00
2016 04 28 23 50  50  4.2  5.0  0.75  5.56  4.64 999 1009.7  28.2  28.5  25.6 99.0 99.00
2016 04 29 00 50  38  4.1  4.6  0.75  5.88  4.75 999 1010.2  28.2  28.5  25.6 99.0 99.00
2016 04 29 01 50  48  4.9  5.7  0.70  6.67  4.72 999 1010.9  28.1  28.4  25.7 99.0 99.00
2016 04 29 02 50  51  4.2  4.9  0.74  5.88  4.73 999 1011.5  28.1  28.4  25.8 99.0 99.00
2016 04 29 03 50  42  4.3  5.1  0.74  6.67  4.71 999 1011.4  28.1  28.3  25.9 99.0 99.00
2016 04 29 04 50  49  4.8  5.6  0.74  6.25  4.72 999 1011.1  28.1  28.3  25.9 99.0 99.00
2016 04 29 05 50  58  5.4  6.8  0.76  6.67  4.67 999 1010.5  27.5  28.3  24.9 99.0 99.00
2016 04 29 06 50  59  4.8  5.8  0.79  6.25  4.82 999 1009.7  27.9  28.3  25.8 99.0 99.00
2016 04 29 07 50  57  5.0  5.9  0.80  6.67  4.79 999 1009.1  27.8  28.3  25.8 99.0 99.00
2016 04 29 08 50  55  4.5  5.8  0.78  6.67  4.67 999 1009.2  27.6  28.3  25.7 99.0 99.00
2016 04 29 09 50  58  5.4  6.1  0.77  6.25  4.59 999 1009.3  27.7  28.3  25.8 99.0 99.00
2016 04 29 10 50  56  5.2  6.1  0.78  6.67  4.54 999 1009.6  27.8  28.3  25.6 99.0 99.00
2016 04 29 11 50  60  5.3  6.2  0.82  6.67  4.72 999 1010.4  28.1  28.3  25.6 99.0 99.00
2016 04 29 12 50  64  4.8  5.5  0.77  6.25  4.54 999 1011.1  28.2  28.3  25.7 99.0 99.00
2016 04 29 13 50  82  5.4  6.2  0.82  7.14  4.57 999 1011.4  28.2  28.3  25.7 99.0 99.00
2016 04 29 14 50  81  4.4  5.3  0.76  6.67  4.34 999 1011.0  28.3  28.4  25.8 99.0 99.00
2016 04 29 15 50  92  4.6  5.7  0.77  6.67  4.37 999 1010.7  28.3  28.5  25.9 99.0 99.00
2016 04 29 16 50  67  4.1  5.2  0.75  6.67  4.43 999 1010.3  28.2  28.6  25.8 99.0 99.00
2016 04 29 17 50  72  4.8  5.7  0.72  5.88  4.33 999 1009.6  28.3  28.7  25.8 99.0 99.00
2016 04 29 18 50  82  4.3  4.9  0.71  6.67  4.48 999 1008.8  28.4  28.8  25.8 99.0 99.00
2016 04 29 19 50  72  4.0  4.8  0.70  6.67  4.38 999 1008.3  28.4  28.8  25.5 99.0 99.00
2016 04 29 20 50  56  2.7  3.3  0.66  5.56  4.28 999 1007.6  28.5  28.9  25.7 99.0 99.00
2016 04 29 21 50  38  4.0  4.6  0.64  5.56  4.26 999 1007.4  28.3  28.9  25.8 99.0 99.00
2016 04 29 22 50  55  4.1  4.9  0.64  5.26  4.39 999 1007.7  28.4  28.8  25.9 99.0 99.00
2016 04 29 23 50  45  4.3  5.0  0.59  5.88  4.28 999 1008.3  28.3  28.7  25.8 99.0 99.00
2016 04 30 00 50  43  4.6  5.3  0.61  5.00  4.24 999 1008.7  28.4  28.6  26.1 99.0 99.00
2016 04 30 01 50  45  4.9  5.7  0.63  7.14  4.32 999 1009.3  28.3  28.5  26.1 99.0 99.00
2016 04 30 02 50  33  4.7  5.5  0.64  5.56  4.23 999 1009.9  28.3  28.5  26.2 99.0 99.00
2016 04 30 03 50  50  5.6  6.7  0.69  6.25  4.04 999 1009.6  28.3  28.5  26.3 99.0 99.00
2016 04 30 04 50  52  4.8  5.6  0.66  7.69  3.97 999 1009.3  28.2  28.4  26.0 99.0 99.00
2016 04 30 05 50  45  4.4  5.3  0.69  5.88  4.24 999 1009.0  28.1  28.4  26.1 99.0 99.00
2016 04 30 06 50  44  4.4  5.1  0.68  7.14  4.19 999 1008.0  28.0  28.4  26.0 99.0 99.00
2016 04 30 07 50  53  5.5  6.4  0.66  5.26  4.20 999 1007.3  28.1  28.4  25.8 99.0 99.00
2016 04 30 08 50  59  5.5  6.7  0.64  5.56  4.16 999 1007.3  28.0  28.4  25.7 99.0 99.00
2016 04 30 09 50  57  4.9  5.4  0.68  7.69  4.10 999 1007.7  28.0  28.4  25.8 99.0 99.00
2016 04 30 10 50  51  5.4  6.2  0.69  7.69  4.25 999 1007.9  28.0  28.3  25.8 99.0 99.00
2016 04 30 11 50  51  5.0  6.0  0.69  5.00  4.12 999 1008.5  28.0  28.3  25.9 99.0 99.00
2016 04 30 12 50  57  5.0  5.8  0.66  4.35  3.97 999 1009.0  28.2  28.3  25.9 99.0 99.00
2016 04 30 14 50  72  5.0  5.7  0.71  7.69  4.09 999 1009.7  28.4  28.5  25.6 99.0 99.00
2016 04 30 15 50  68  4.6  5.4  0.70  5.00  4.23 999 1009.6  28.4  28.6  25.8 99.0 99.00
2016 04 30 16 50  73  4.8  5.9  0.72  4.35  4.25 999 1009.4  28.4  28.7  25.6 99.0 99.00
2016 04 30 17 50  81  4.1  4.6  0.71  7.14  4.34 999 1008.7  28.4  28.8  25.8 99.0 99.00
2016 04 30 18 50  79  5.3  6.1  0.68  5.00  4.13 999 1007.7  28.5  28.9  25.6 99.0 99.00
2016 04 30 19 50  82  4.0  4.8  0.66  4.55  4.16 999 1007.1  28.6  28.9  25.7 99.0 99.00
2016 04 30 20 50  72  4.0  5.0  0.68  4.76  4.23 999 1006.4  28.5  28.9  25.9 99.0 99.00
2016 04 30 21 50  69  3.0  3.7  0.66  7.69  4.23 999 1006.1  28.7  28.9  25.8 99.0 99.00
2016 04 30 22 50  63  3.4  4.0  0.70  4.76  4.36 999 1006.7  28.4  28.9  25.8 99.0 99.00
