#YY  MM DD hh mm WDIR WSPD GST  WVHT   DPD   APD MWD   PRES  ATMP  WTMP  DEWP  VIS  TIDE
#yr  mo dy hr mn degT m/s  m/s     m   sec   sec deg    hPa  degC  degC  degC  nmi    ft
2016 02 29 23 50  35  5.7  6.9  1.64  9.09  6.63  30 1022.8  21.1  23.0  11.9 99.0 99.00
2016 03 01 00 50  43  5.4  7.3  1.63 10.00  6.69  64 1023.1  21.0  22.9  12.5 99.0 99.00
2016 03 01 01 50  41  5.3  6.7  1.43  9.09  6.19  36 1023.4  21.0  22.9  12.5 99.0 99.00
2016 03 01 02 50  47  6.0  7.3  1.54  9.09  6.30  45 1022.8  21.0  22.9  11.6 99.0 99.00
2016 03 01 03 50  28  6.2  7.9  1.53 10.00  6.13  82 1022.8  21.1  22.8  11.1 99.0 99.00
2016 03 01 04 50  33  4.6  6.3  1.47 10.00  5.89  99 1022.7  21.1  22.8  10.6 99.0 99.00
2016 03 01 05 50  46  4.8  6.1  1.54  8.33  6.23  16 1022.3  20.9  22.7  10.4 99.0 99.00
2016 03 01 06 50  51  4.9  6.6  1.56  8.33  6.40 353 1021.7  20.9  22.7   9.6 99.0 99.00
2016 03 01 07 50  59  3.7  5.1  1.46  7.69  6.37 354 1021.4  20.6  22.6  10.1 99.0 99.00
2016 03 01 08 50  70  3.9  5.2  1.51 10.00  6.63  85 1021.6  20.7  22.6  10.9 99.0 99.00
2016 03 01 09 50  58  3.3  4.5  1.49  7.69  6.42 331 1022.2  20.6  22.6  10.5 99.0 99.00
2016 03 01 10 50  47  3.6  4.8  1.52 10.00  6.34  80 1022.9  20.6  22.6  10.6 99.0 99.00
2016 03 01 11 50  70  3.6  4.7  1.47 10.00  6.34  88 1023.6  20.9  22.6  11.2 99.0 99.00
2016 03 01 12 50  32  2.9  4.1  1.45 10.00  6.40  99 1024.3  20.9  22.6  11.0 99.0 99.00
2016 03 01 13 50  20  2.7  4.2  1.43 10.00  6.61  71 1024.5  20.8  22.6  11.4 99.0 99.00
2016 03 01 14 50  16  3.6  4.7  1.34  7.69  6.32 345 1024.5  20.9  22.6  11.4 99.0 99.00
2016 03 01 15 50   4  4.7  6.0  1.41 10.00  6.40  89 1024.2  19.8  22.7  13.4 99.0 99.00
2016 03 01 16 50 337  2.5  3.4  1.34  9.09  6.22  83 1023.6  19.1  22.7  12.8 99.0 99.00
2016 03 01 17 50   4  2.7  4.0  1.30  9.09  6.26  86 1022.7  20.0  22.7  13.8 99.0 99.00
2016 03 01 18 50  20  3.3  4.6  1.25 10.00  6.48 100 1022.4  20.4  22.8  13.5 99.0 99.00
2016 03 01 19 50  39  3.5  5.1  1.45 10.00  6.90  77 1022.1  20.8  22.8  13.6 99.0 99.00
2016 03 01 20 50  48  4.4  5.4  1.21  9.09  6.55  73 1022.2  21.0  22.8  13.2 99.0 99.00
2016 03 01 21 50  57  5.9  7.4  1.28 10.00  6.75  82 1022.5  21.1  22.8  12.5 99.0 99.00
2016 03 01 22 50  46  5.7  6.9  1.28 10.00  6.21  64 1022.8  21.1  22.8  11.8 99.0 99.00
2016 03 01 23 50  40  6.1  7.5  1.35  9.09  5.82  82 1023.2  21.0  22.7  12.6 99.0 99.00
2016 03 02 00 50  51  6.5  8.4  1.47  9.09  6.05  68 1023.4  21.1  22.7  12.6 99.0 99.00
2016 03 02 01 50  57  6.4  7.8  1.38  9.09  5.72  88 1023.7  21.1  22.7  12.1 99.0 99.00
2016 03 02 02 50  63  4.9  6.2  1.35 10.00  5.58 106 1024.0  21.3  22.6  12.3 99.0 99.00
2016 03 02 03 50  52  5.2  6.5  1.33  9.09  5.91  74 1023.6  21.3  22.6  13.4 99.0 99.00
2016 03 02 04 50  57  6.1  7.4  1.32  9.09  5.67  84 1023.2  21.3  22.6  14.2 99.0 99.00
2016 03 02 05 50  51  5.3  6.7  1.31  9.09  5.80 112 1022.7  21.2  22.6  14.7 99.0 99.00
2016 03 02 06 50  76  7.9  9.3  1.30  9.09  5.51  61 1022.1  20.5  22.6  16.4 99.0 99.00
2016 03 02 07 50  60  6.9  8.1  1.49  8.33  5.45  50 1021.9  20.4  22.6  14.9 99.0 99.00
2016 03 02 08 50  62  3.8  8.4  1.55  9.09  5.70 104 1022.2  20.2  22.6  16.5 99.0 99.00
2016 03 02 09 50  79  7.2  8.4  1.64 10.00  5.70 102 1022.2  20.4  22.6  17.1 99.0 99.00
2016 03 02 10 50  66  7.4  9.6  1.50  9.09  5.67  66 1022.4  20.7  22.7  17.1 99.0 99.00
2016 03 02 11 50  85  6.7  8.0  1.54  9.09  5.60  79 1022.6  21.1  22.7  16.4 99.0 99.00
2016 03 02 12 50  79  6.6  7.8  1.79 10.00  5.97 327 1023.0  20.9  22.7  17.2 99.0 99.00
2016 03 02 13 50 103  6.4  7.6  1.76 10.00  6.23   3 1023.4  20.9  22.7  17.4 99.0 99.00
2016 03 02 14 50 103  6.1  7.5  1.74 10.00  6.24  24 1023.4  20.2  22.8  16.8 99.0 99.00
2016 03 02 15 50  81  5.7  7.0  1.73 10.00  6.42 321 1023.0  20.1  22.9  17.6 99.0 99.00
2016 03 02 16 50  87  5.5  7.0  1.87 10.00  6.81  19 1022.6  20.0  22.8  18.1 99.0 99.00
2016 03 02 17 50 125  6.5  8.1  1.92 10.81  6.16 328 1021.4  22.1  22.9  15.8 99.0 99.00
2016 03 02 18 50 134  6.5  7.8  1.94 10.00  6.28 337 1020.7  22.2  22.9  15.6 99.0 99.00
2016 03 02 19 50 108  6.6  8.0  1.87 10.00  6.38 316 1020.1  22.1  22.9  16.0 99.0 99.00
2016 03 02 20 50 145  6.3  8.5  1.91 10.00  6.25 345 1020.3  22.4  22.8  15.4 99.0 99.00
2016 03 02 21 50 133  6.7  8.3  1.88  9.09  6.39 345 1020.7  22.3  22.8  15.5 99.0 99.00
2016 03 02 22 50 127  6.5  8.1  1.90  9.09  6.20 353 1021.0  22.3  22.8  15.2 99.0 99.00
2016 03 02 23 50 133  6.4  8.0  1.97 10.00  6.41 336 1021.2  22.4  22.7  15.6 99.0 99.00
2016 03 03 00 50 140  7.1  9.8  1.98  9.09  5.95  12 1021.0  22.3  22.7  15.3 99.0 99.00
2016 03 03 01 50 140  6.2  7.3  1.76  9.09  5.87 351 1021.3  22.3  22.7  15.0 99.0 99.00
2016 03 03 02 50 134  6.2  7.7  1.69  9.09  5.73 273 1020.7  22.3  22.7  15.1 99.0 99.00
2016 03 03 03 50 135  6.6  8.1  1.69  9.09  5.88  31 1020.0  22.4  22.6  15.8 99.0 99.00
2016 03 03 04 50 143  7.4  9.1  1.58  9.09  5.53  47 1019.8  22.3  22.6  16.2 99.0 99.00
2016 03 03 05 50 155  7.0  8.3  1.55  9.09  5.53  58 1019.4  22.1  22.6  16.0 99.0 99.00
2016 03 03 06 50 145  7.8  9.3  1.52  9.09  5.49  81 1018.4  22.1  22.6  16.2 99.0 99.00
2016 03 03 07 50 154  6.1  7.3  1.46  9.09  5.79  24 1018.5  22.1  22.6  15.9 99.0 99.00
2016 03 03 08 50 159  6.0  6.9  1.42  9.09  5.83  67 1018.6  22.1  22.7  16.0 99.0 99.00
2016 03 03 09 50 167  5.5  6.3  1.47  9.09  6.02  92 1019.1  22.1  22.7  15.7 99.0 99.00
2016 03 03 10 50 160  5.0  5.9  1.31  9.09  5.88  77 1019.3  22.2  22.7  16.1 99.0 99.00
2016 03 03 11 50 176  4.2  4.8  1.19  8.33  5.63  59 1019.9  22.4  22.7  15.8 99.0 99.00
2016 03 03 12 50 187  4.6  5.4  1.24  8.33  5.86  58 1020.6  22.4  22.8  16.1 99.0 99.00
2016 03 03 13 50 182  3.9  4.7  1.19  8.33  5.92  72 1020.6  22.5  22.8  15.7 99.0 99.00
2016 03 03 14 50 184  4.2  5.1  1.14 10.00  6.02  88 1020.5  22.6  22.9  15.7 99.0 99.00
2016 03 03 15 50 185  4.4  5.4  1.18  9.09  6.12  94 1020.6  22.6  23.0  16.8 99.0 99.00
2016 03 03 16 50 187  4.0  4.7  1.19  9.09  6.28  97 1020.0  22.6  23.1  16.7 99.0 99.00
2016 03 03 17 50 184  4.7  5.6  1.17  9.09  6.38  81 1019.2  22.7  23.1  16.8 99.0 99.00
2016 03 03 18 50 188  4.9  5.7  1.15  9.09  6.15  96 1019.0  22.7  23.1  16.8 99.0 99.00
2016 03 03 19 50 178  4.0  5.0  1.11 10.00  6.08 100 1018.6  22.9  23.1  16.9 99.0 99.00
2016 03 03 20 50 177  3.7  4.4  1.19  9.09  6.52  90 1018.9  23.0  23.0  16.7 99.0 99.00
2016 03 03 21 50 186  2.4  3.1  1.08  9.09  6.17  93 1019.7  23.0  23.0  17.2 99.0 99.00
2016 03 03 22 50 203  1.3  1.8  1.12 10.00  6.33 106 1020.2  22.6  23.0  17.3 99.0 99.00
2016 03 03 23 50 193  1.8  2.1  1.17 10.00  6.74 103 1020.7  22.6  23.0  17.6 99.0 99.00
2016 03 04 00 50 158  2.5  3.0  1.17  9.09  6.64  80 1020.8  22.6  23.0  17.6 99.0 99.00
2016 03 04 01 50 156  3.6  4.4  1.10  9.09  6.59  87 1021.0  22.6  22.9  18.0 99.0 99.00
2016 03 04 02 50 157  3.6  4.4  1.14 10.00  6.80  95 1020.8  22.5  22.9  18.0 99.0 99.00
2016 03 04 03 50 155  3.8  4.4  1.07  9.09  6.64  93 1020.6  22.5  22.8  18.5 99.0 99.00
2016 03 04 04 50 152  3.8  4.5  1.04  9.09  6.62  79 1020.2  22.5  22.8  18.7 99.0 99.00
2016 03 04 05 50 150  3.7  4.8  1.15 10.00  6.80  97 1019.6  22.5  22.8  18.6 99.0 99.00
2016 03 04 06 50 146  3.7  4.6  1.06  9.09  6.58  75 1019.0  22.5  22.8  17.9 99.0 99.00
2016 03 04 07 50 156  4.7  5.4  1.17  9.09  6.83  91 1018.7  22.5  22.8  18.2 99.0 99.00
2016 03 04 08 50 155  4.7  5.4  1.23  9.09  6.85  78 1018.9  22.5  22.8  18.3 99.0 99.00
2016 03 04 09 50 133  5.6  6.5  1.28 10.00  6.64  77 1018.9  22.4  22.7  18.1 99.0 99.00
2016 03 04 10 50 139  5.8  7.2  1.22 10.00  6.24  23 1019.1  22.4  22.7  17.7 99.0 99.00
2016 03 04 11 50 135  6.2  7.5  1.33  9.09  6.52  74 1019.6  22.7  22.8  16.7 99.0 99.00
2016 03 04 12 50 132  6.3  7.3  1.19 10.00  6.05  42 1020.2  22.8  22.8  17.3 99.0 99.00
2016 03 04 13 50 141  6.5  7.8  1.30 10.00  6.19 296 1020.5  22.9  22.8  17.5 99.0 99.00
2016 03 04 14 50 136  6.3  7.5  1.45  9.09  6.27  66 1020.3  22.8  22.9  17.7 99.0 99.00
2016 03 04 15 50 140  7.2  8.4  1.40  9.09  6.03  50 1019.8  22.8  22.9  17.6 99.0 99.00
2016 03 04 16 50 146  7.8  9.2  1.57  9.09  6.18  70 1019.0  22.8  23.0  18.0 99.0 99.00
2016 03 04 17 50 161  7.8  9.6  1.49 10.00  5.37 296 1018.3  22.9  23.0  17.7 99.0 99.00
2016 03 04 18 50 160  7.8  9.3  1.51 10.00  5.59 298 1018.0  23.1  23.0  17.1 99.0 99.00
2016 03 04 19 50 166  8.5  9.8  1.61 10.00  5.94  33 1017.6  23.2  23.1  16.4 99.0 99.00
2016 03 04 20 50 160  7.9  9.7  1.50 10.00  5.71 295 1017.5  23.1  23.1  16.4 99.0 99.00
2016 03 04 21 50 171  6.3  7.6  1.44 10.00  5.81 310 1018.2  23.1  22.9  16.6 99.0 99.00
2016 03 04 22 50 172  5.7  6.9  1.59 10.00  6.11 271 1018.4  23.2  22.9  16.5 99.0 99.00
2016 03 04 23 50 167  6.8  8.2  1.58  9.09  6.20  10 1018.3  23.3  22.9  16.5 99.0 99.00
2016 03 05 00 50 167  7.1  8.3  1.45  9.09  6.17  22 1018.6  23.2  22.8  16.9 99.0 99.00
2016 03 05 01 50 171  5.9  7.1  1.65  9.09  6.30   9 1019.0  23.2  22.8  17.2 99.0 99.00
2016 03 05 02 50 176  6.3  7.7  1.55  9.09  6.05  90 1019.2  23.2  22.8  17.4 99.0 99.00
2016 03 05 03 50 183  5.1  6.6  1.65  9.09  6.28 340 1019.2  23.1  22.8  17.9 99.0 99.00
2016 03 05 04 50 181  5.0  6.3  1.63  9.09  6.48   4 1019.1  23.1  22.9  17.9 99.0 99.00
2016 03 05 05 50 160 10.3 11.9  1.53 10.00  6.15 349 1015.7  23.0  23.0  18.5 99.0 99.00
2016 03 05 06 50 176  7.5  8.9  1.47  9.09  5.67  28 1015.9  23.1  23.0  18.5 99.0 99.00
2016 03 05 07 50 172  9.3 10.8  1.41  9.09  5.41  40 1014.8  22.7  23.0  19.5 99.0 99.00
2016 03 05 08 50 179  9.1 10.6  1.44  8.33  5.02  38 1015.1  22.4  23.0  19.7 99.0 99.00
2016 03 05 09 50 185  8.7 10.1  1.45  9.09  4.99  85 1014.9  22.7  23.0  20.6 99.0 99.00
2016 03 05 10 50 201  8.7 10.4  1.47  9.09  4.93  90 1015.2  23.0  22.9  18.8 99.0 99.00
2016 03 05 11 50 206  8.3  9.9  1.52  9.09  5.07  72 1015.9  23.1  22.9  19.1 99.0 99.00
2016 03 05 12 50 209  7.9  9.1  1.42  9.09  4.91  66 1016.4  23.3  22.9  18.8 99.0 99.00
2016 03 05 13 50 213  6.8  7.9  1.43  9.09  5.05  94 1017.1  23.3  23.0  19.3 99.0 99.00
2016 03 05 14 50 216  7.0  8.4  1.53  5.26  5.11 178 1017.6  23.6  23.0  19.2 99.0 99.00
2016 03 05 15 50 212  6.7  7.9  1.52  5.88  4.98 162 1017.1  23.5  23.0  20.0 99.0 99.00
2016 03 05 16 50 213  6.6  7.8  1.56  6.25  5.21 139 1016.5  23.5  23.0  20.2 99.0 99.00
2016 03 05 17 50 214  6.4  7.7  1.42  8.33  5.15  45 1016.0  23.6  23.0  20.5 99.0 99.00
2016 03 05 18 50 213  6.1  7.5  1.50  5.88  5.27 158 1015.5  23.7  23.0  20.1 99.0 99.00
2016 03 05 19 50 212  6.1  7.0  1.47  6.25  5.19 146 1015.3  23.7  23.0  20.0 99.0 99.00
2016 03 05 20 50 212  5.0  6.2  1.38  5.88  5.28 155 1015.5  23.7  23.0  20.0 99.0 99.00
2016 03 05 21 50 341  7.4  8.9  1.36  6.25  5.16 133 1016.2  20.5  22.9  20.1 99.0 99.00
2016 03 05 22 50   5  4.4  5.5  1.28  5.88  5.50 140 1016.6  21.3  23.0  20.7 99.0 99.00
2016 03 05 23 50  34  6.1  7.2  1.29  6.25  5.29 140 1016.7  21.8  23.1  20.9 99.0 99.00
2016 03 06 00 50  44  6.3  7.9  1.18  5.56  5.01 141 1017.2  22.0  23.0  20.3 99.0 99.00
2016 03 06 01 50  53  6.9  8.2  1.15  5.88  4.94 141 1016.9  21.9  22.9  20.2 99.0 99.00
2016 03 06 02 50  60  7.3  8.7  1.27  5.88  4.91 147 1017.0  22.0  22.9  20.0 99.0 99.00
2016 03 06 03 50  70  4.7  5.6  1.32  8.33  5.24  67 1017.2  22.0  22.9  20.1 99.0 99.00
2016 03 06 04 50  88  3.5  4.5  1.46 16.00  5.84 310 1017.2  22.3  22.9  20.5 99.0 99.00
2016 03 06 05 50  98  3.3  4.0  1.66 14.81  6.77 319 1016.5  22.2  23.0  20.4 99.0 99.00
2016 03 06 06 50 108  0.9  1.5  2.33 14.81  8.82 309 1016.3  22.3  23.1  20.7 99.0 99.00
2016 03 06 07 50 169  3.7  5.9  2.52 13.79  9.06 320 1015.8  22.0  23.1  20.5 99.0 99.00
2016 03 06 08 50 171  3.5  4.6  2.48 13.79  8.79 312 1015.8  22.3  23.1  19.9 99.0 99.00
2016 03 06 09 50 189  3.7  4.8  3.02 13.79  9.47 311 1016.3  22.1  23.1  19.9 99.0 99.00
2016 03 06 10 50 202  2.7  3.6  2.80 12.90  8.95 308 1016.7  21.9  23.2  20.4 99.0 99.00
2016 03 06 11 50 290  2.9  4.5  2.83 13.79  8.97 303 1017.0  21.5  23.2  20.5 99.0 99.00
2016 03 06 12 50 230  2.1  3.4  2.87 13.79  9.27 304 1017.3  21.9  23.2  20.8 99.0 99.00
2016 03 06 13 50 199  2.2  3.6  2.84 13.79  8.97 315 1017.0  22.6  23.3  19.0 99.0 99.00
2016 03 06 14 50 181  7.2  9.0  3.02 13.79  9.20 327 1016.6  22.7  23.4  20.1 99.0 99.00
2016 03 06 15 50 184  5.9  8.0  3.01 13.79  9.18 329 1016.3  22.2  23.4  20.5 99.0 99.00
2016 03 06 16 50 175  6.4  8.2  3.09 12.90  9.28 316 1015.7  22.4  23.1  20.9 99.0 99.00
2016 03 06 17 50 195  5.4  7.1  3.00 12.90  9.05 323 1015.0  22.7  23.1  21.2 99.0 99.00
2016 03 06 18 50 233  4.7  6.8  3.72 13.79  9.99 322 1014.2  22.7  23.1  20.1 99.0 99.00
2016 03 06 19 50 222  6.6  8.4  3.09 12.90  8.77 318 1013.8  23.4  23.2  21.0 99.0 99.00
2016 03 06 20 50 231  6.8  8.1  3.15 12.90  8.67 327 1013.7  23.2  23.2  21.6 99.0 99.00
2016 03 06 21 50 198  8.7 10.2  3.00 13.79  8.42 336 1013.8  22.1  23.2  20.2 99.0 99.00
2016 03 06 22 50 223  7.5  9.4  2.97 12.90  8.03 327 1014.1  22.1  23.2  19.1 99.0 99.00
2016 03 06 23 50 217  6.5  7.7  2.83 12.90  7.97 329 1014.2  22.6  23.2  18.1 99.0 99.00
2016 03 07 00 50 206  6.7  8.4  3.04 13.79  8.60 340 1014.8  22.5  23.2  19.8 99.0 99.00
2016 03 07 01 50 190  7.1  9.7  2.50 10.81  7.55 333 1015.0  22.6  23.2  21.1 99.0 99.00
2016 03 07 02 50 197  9.5 11.8  2.78 13.79  8.11 343 1014.5  22.1  23.1  21.2 99.0 99.00
2016 03 07 03 50 272  3.0  6.5  2.86 12.12  7.16 352 1014.7  21.3  23.0  20.2 99.0 99.00
2016 03 07 04 50 213  6.4 10.7  2.65 10.81  7.03 324 1014.0  21.0  23.0  17.2 99.0 99.00
2016 03 07 05 50 197  7.3  8.7  2.55 11.43  7.36 340 1012.4  22.5  23.0  20.5 99.0 99.00
2016 03 07 06 50 220  6.7  8.1  2.43 13.79  6.86 337 1012.0  22.9  23.0  20.7 99.0 99.00
2016 03 07 07 50 238  7.7  9.0  2.27 12.90  6.84 342 1011.6  22.8  23.0  19.6 99.0 99.00
2016 03 07 08 50 244  7.8  9.3  2.27 13.79  6.86 326 1011.4  22.8  23.0  20.2 99.0 99.00
2016 03 07 09 50 272  5.8  7.3  2.25 13.79  6.70 355 1011.5  22.3  23.0  18.4 99.0 99.00
2016 03 07 10 50 273  9.5 13.7  2.16 12.90  6.68 333 1012.6  19.8  23.0  19.6 99.0 99.00
2016 03 07 11 50 280  9.8 11.4  2.22 13.79  6.44 331 1013.1  20.7  23.0  19.1 99.0 99.00
2016 03 07 12 50 310 11.6 13.6  2.10 12.90  5.93 351 1013.9  20.7  23.1  17.4 99.0 99.00
2016 03 07 13 50 309 11.2 13.9  2.26 12.12  5.93 343 1014.7  20.8  23.1  15.9 99.0 99.00
2016 03 07 14 50 303 11.9 13.8  2.48 12.90  6.00 348 1015.0  21.3  23.0  13.6 99.0 99.00
2016 03 07 15 50 320 12.0 14.8  2.59 12.12  6.06 339 1015.1  21.2  23.1  14.4 99.0 99.00
2016 03 07 16 50 325 12.3 14.3  2.71 12.90  6.02 343 1014.8  21.0  23.1  13.8 99.0 99.00
2016 03 07 17 50 321 12.6 15.2  3.06  7.14  6.19 315 1014.6  20.9  23.0  13.0 99.0 99.00
2016 03 07 18 50 322 12.6 14.8  3.08  7.14  6.42 321 1014.6  20.9  23.0  13.2 99.0 99.00
2016 03 07 19 50 328 12.6 15.8  3.14  7.69  6.60 320 1015.0  20.7  23.0  12.7 99.0 99.00
2016 03 07 20 50 334 11.2 13.7  3.37  7.69  6.62 322 1015.8  20.6  22.9  13.4 99.0 99.00
2016 03 07 21 50 341 12.4 14.5  3.41  9.09  6.67 324 1015.9  20.6  22.9  13.4 99.0 99.00
2016 03 07 22 50 345 11.2 14.2  3.33 12.12  6.79 346 1016.7  20.6  22.9  12.6 99.0 99.00
2016 03 07 23 50 341 12.1 14.4  3.52  9.09  6.75 323 1016.9  20.6  22.9  12.8 99.0 99.00
2016 03 08 00 50 338 11.6 14.5  3.62  9.09  6.88 320 1017.8  20.5  22.8  10.9 99.0 99.00
2016 03 08 01 50 337 11.0 13.3  3.05 10.00  6.54 342 1018.7  20.3  22.8  10.6 99.0 99.00
2016 03 08 02 50 343 10.6 13.4  3.49  9.09  7.12 324 1018.8  20.4  22.8  11.5 99.0 99.00
2016 03 08 03 50 337  9.9 12.0  3.73 10.00  7.35 331 1018.9  20.2  22.8  11.4 99.0 99.00
2016 03 08 04 50 350 10.5 13.1  3.64  9.09  7.39 339 1018.9  20.2  22.8  12.1 99.0 99.00
2016 03 08 05 50 356  9.5 11.6  3.34 10.00  7.09 334 1018.7  20.0  22.8  11.9 99.0 99.00
2016 03 08 06 50 357 10.1 12.0  3.69  9.09  7.34 337 1018.4  19.8  22.9  12.9 99.0 99.00
2016 03 08 07 50 359 10.8 13.2  3.60 10.00  7.60 345 1018.2  20.0  22.8  11.4 99.0 99.00
2016 03 08 08 50 355 10.8 13.6  3.74 10.00  7.47 343 1018.7  20.0  22.9  10.7 99.0 99.00
2016 03 08 09 50 360 11.2 13.6  3.75 10.81  7.63 341 1019.5  19.8  22.9  10.7 99.0 99.00
2016 03 08 10 50   3 10.5 13.7  3.82 10.81  7.75 344 1020.5  19.8  22.9  10.9 99.0 99.00
2016 03 08 11 50 355  9.8 11.9  3.50 10.00  7.28 337 1021.3  19.6  22.9  10.0 99.0 99.00
2016 03 08 12 50   4  9.4 12.6  3.65 12.12  7.76 345 1021.8  19.9  22.9  10.2 99.0 99.00
2016 03 08 13 50   9  8.6 10.8  3.27 12.12  7.53 350 1022.5  20.2  23.0  11.5 99.0 99.00
2016 03 08 14 50 359  8.5 10.4  3.57 11.43  7.86 355 1022.8  20.0  23.0  11.9 99.0 99.00
2016 03 08 15 50 351  8.3 10.6  3.57 11.43  7.88 352 1022.8  20.1  23.1  11.4 99.0 99.00
2016 03 08 16 50 347  7.3  9.1  3.68 11.43  8.18 359 1022.6  20.2  23.0  11.4 99.0 99.00
2016 03 08 17 50 339  8.0 10.2  3.64 12.12  8.30 354 1022.1  20.2  23.1  11.3 99.0 99.00
2016 03 08 18 50 348  6.6  9.1  3.76 12.90  8.32   1 1021.8  20.2  23.0  11.6 99.0 99.00
2016 03 08 19 50 337  8.1  9.7  3.89 12.12  8.26   1 1021.6  20.3  23.0  12.3 99.0 99.00
2016 03 08 20 50 330  6.8  9.3  3.60 11.43  8.29 360 1021.7  20.3  22.9  10.9 99.0 99.00
2016 03 08 21 50 333  7.4  9.2  3.83 12.90  8.46 357 1021.8  20.2  22.9  11.2 99.0 99.00
2016 03 08 22 50 338  9.0 11.6  3.56 12.90  8.12   3 1021.9  20.3  22.9  12.9 99.0 99.00
2016 03 08 23 50 344  8.9 11.5  3.33 12.12  8.13   2 1022.1  20.2  22.9  12.3 99.0 99.00
2016 03 09 00 50 344  8.6 11.4  3.66 12.12  8.32   4 1022.7  20.2  22.8  12.7 99.0 99.00
2016 03 09 01 50 344  9.0 11.7  3.47 12.90  8.04   4 1023.0  20.3  22.8  11.8 99.0 99.00
2016 03 09 02 50 348  8.1 10.3  3.58 12.12  8.23   6 1023.0  20.5  22.8  12.3 99.0 99.00
2016 03 09 03 50 351  7.1  8.8  3.63 12.90  8.45   7 1023.0  20.7  22.8  12.6 99.0 99.00
2016 03 09 04 50 338  7.2  8.8  3.58 12.12  8.49   7 1022.9  20.7  22.7  13.2 99.0 99.00
2016 03 09 05 50 338  6.3  7.8  3.78 12.90  8.96   8 1022.4  20.7  22.7  13.5 99.0 99.00
2016 03 09 06 50 344  7.4  9.0  3.70 12.90  8.88  16 1021.7  20.9  22.7  13.8 99.0 99.00
2016 03 09 07 50 339  7.2  9.6  3.42 13.79  8.46  10 1021.6  20.8  22.7  13.3 99.0 99.00
2016 03 09 08 50 337  7.9 10.1  3.44 12.90  8.64   5 1021.7  20.9  22.7  13.9 99.0 99.00
2016 03 09 09 50 341  6.9  8.6  3.37 13.79  8.75  11 1022.2  21.0  22.7  13.5 99.0 99.00
2016 03 09 10 50 329  8.0 10.4  3.23 13.79  8.35   5 1022.5  21.0  22.7  14.1 99.0 99.00
2016 03 09 11 50 337  7.7  9.5  3.70 12.90  9.03   4 1023.2  21.1  22.7  14.0 99.0 99.00
2016 03 09 12 50 339  7.5  9.5  3.38 12.90  8.42  12 1023.9  21.3  22.7  14.1 99.0 99.00
2016 03 09 13 50 340  8.1 10.0  3.48 12.90  8.74  10 1024.0  21.3  22.7  14.1 99.0 99.00
2016 03 09 14 50 347  8.6 10.7  3.12 12.90  7.84  12 1024.4  21.5  22.7  14.4 99.0 99.00
2016 03 09 15 50  32  6.6  8.1  3.41 12.90  8.16   9 1024.7  20.3  22.7  16.1 99.0 99.00
2016 03 09 16 50  18  8.8 10.6  3.22 12.12  7.93   8 1024.2  20.3  22.8  15.8 99.0 99.00
2016 03 09 17 50 359  6.9  8.8  3.38 12.12  8.34   6 1023.5  21.0  22.8  14.5 99.0 99.00
2016 03 09 18 50  27  6.5  8.7  3.43 12.90  8.18  12 1023.4  20.2  22.8  15.3 99.0 99.00
2016 03 09 19 50   9  6.8  8.8  3.12 12.90  7.93  14 1023.2  20.6  22.8  15.6 99.0 99.00
2016 03 09 20 50 340  4.6  6.1  3.29 12.90  8.63 360 1023.4  19.1  22.7  15.6 99.0 99.00
2016 03 09 21 50  48  4.9  6.4  3.17 12.90  8.24  12 1023.6  20.3  22.7  16.0 99.0 99.00
2016 03 09 22 50  34  6.6  8.4  3.21 12.90  8.33  10 1023.5  21.1  22.7  14.7 99.0 99.00
2016 03 09 23 50  43  6.2  8.2  3.20 12.12  8.06   7 1023.9  21.0  22.7  14.0 99.0 99.00
2016 03 10 00 50  37  5.6  7.4  3.16 12.12  8.50   5 1024.3  21.2  22.7  14.1 99.0 99.00
2016 03 10 01 50  39  5.8  7.5  3.07 11.43  8.48   7 1024.6  21.3  22.6  13.4 99.0 99.00
2016 03 10 02 50  26  5.1  6.8  3.36 12.12  9.00  16 1025.1  21.2  22.6  13.7 99.0 99.00
2016 03 10 03 50  39  6.6  8.4  3.17 13.79  8.59  15 1024.7  21.1  22.6  14.5 99.0 99.00
2016 03 10 04 50  36  6.4  8.1  3.14 12.90  8.54  21 1024.3  21.0  22.6  14.0 99.0 99.00
2016 03 10 05 50  38  7.1  8.6  3.01 12.90  8.17  13 1024.1  21.0  22.6  13.7 99.0 99.00
2016 03 10 06 50  39  6.1  7.8  2.96 11.43  8.35  17 1023.8  20.9  22.5  14.4 99.0 99.00
2016 03 10 07 50  38  7.4  9.1  2.74 12.90  8.01  30 1023.8  21.1  22.5  13.4 99.0 99.00
2016 03 10 08 50  33  7.4  9.7  2.84 12.90  8.32   7 1024.2  21.1  22.5  14.3 99.0 99.00
2016 03 10 09 50  48  7.0  9.0  2.99 12.90  8.41  16 1024.5  21.0  22.6  13.6 99.0 99.00
2016 03 10 10 50  41  7.5  9.5  3.02 12.90  8.37  16 1025.2  21.1  22.6  12.8 99.0 99.00
2016 03 10 11 50  39  7.4  9.2  3.07 13.79  8.23  22 1025.9  21.3  22.6  13.3 99.0 99.00
2016 03 10 12 50  26  6.8  8.5  3.04 12.90  8.48  27 1026.8  21.3  22.6  12.5 99.0 99.00
2016 03 10 13 50  29  8.6 10.9  2.96 12.90  8.23  23 1027.4  21.1  22.6  14.1 99.0 99.00
2016 03 10 14 50  33  7.8  9.6  2.92 13.79  8.23  22 1027.6  21.0  22.6  12.7 99.0 99.00
2016 03 10 15 50  47  6.8  8.6  2.93 13.79  8.19  26 1026.8  21.0  22.6  12.3 99.0 99.00
2016 03 10 16 50  43  6.3  7.6  2.97 13.79  8.34  23 1026.5  21.1  22.7  11.3 99.0 99.00
2016 03 10 17 50  44  5.2  6.8  2.87 12.90  8.56  22 1025.8  21.1  22.7  12.2 99.0 99.00
2016 03 10 18 50  62  5.7  7.4  2.62 12.90  7.96  15 1025.3  21.3  22.7  12.6 99.0 99.00
2016 03 10 19 50  42  5.2  7.0  2.66 12.90  8.43  23 1025.3  21.4  22.7  13.2 99.0 99.00
2016 03 10 20 50  46  6.7  8.7  2.87 12.90  8.66  19 1025.4  21.4  22.7  13.9 99.0 99.00
2016 03 10 21 50  44  6.9  8.6  2.54 12.90  8.03  12 1025.7  21.4  22.7  14.1 99.0 99.00
2016 03 10 22 50  50  6.1  7.6  2.31 12.90  7.69  20 1026.0  21.3  22.7  14.3 99.0 99.00
2016 03 10 23 50  60  6.3  7.8  2.37 12.12  7.82  17 1026.2  21.3  22.6  13.3 99.0 99.00
2016 03 11 00 50  56  6.2  8.6  2.43 12.12  7.82  10 1026.5  21.3  22.6  13.9 99.0 99.00
2016 03 11 01 50  61  6.3  7.9  2.16 12.90  7.50  25 1026.6  21.2  22.6  14.3 99.0 99.00
2016 03 11 02 50  56  5.2  6.8  2.35 12.12  7.72  24 1026.7  21.2  22.6  13.6 99.0 99.00
2016 03 11 03 50  48  5.2  6.5  2.26 12.12  7.65  18 1026.9  21.3  22.6  14.2 99.0 99.00
2016 03 11 04 50  73  4.6  5.8  2.39 11.43  8.14  14 1026.4  21.4  22.6  13.4 99.0 99.00
2016 03 11 05 50  69  3.7  5.1  2.26 11.43  7.92  10 1026.3  21.4  22.6  13.8 99.0 99.00
2016 03 11 06 50  75  4.4  5.4  2.10 12.12  7.84  18 1025.7  21.3  22.6  13.3 99.0 99.00
2016 03 11 07 50  76  2.5  3.5  1.93 10.81  7.51  23 1025.2  21.3  22.6  13.3 99.0 99.00
2016 03 11 08 50 101  2.4  3.6  2.14 12.12  8.01  19 1025.3  21.6  22.6  11.9 99.0 99.00
2016 03 11 09 50  47  3.6  4.9  2.16 11.43  8.13  17 1025.2  21.1  22.6  15.4 99.0 99.00
2016 03 11 10 50  80  2.0  2.7  1.97 11.43  7.69  24 1025.8  21.3  22.6  14.4 99.0 99.00
2016 03 11 11 50  19  4.3  5.9  1.79 12.12  7.62  23 1026.3  21.2  22.6  15.0 99.0 99.00
2016 03 11 12 50  28  4.1  5.3  1.75 10.00  7.34  22 1026.6  21.4  22.7  15.5 99.0 99.00
2016 03 11 13 50  27  4.2  5.5  1.75 11.43  7.24  29 1026.8  21.4  22.7  15.5 99.0 99.00
2016 03 11 14 50  22  3.7  4.8  1.77 11.43  7.58  23 1026.8  21.4  22.8  15.2 99.0 99.00
2016 03 11 15 50  27  3.3  4.4  1.79 11.43  7.49  24 1026.7  21.4  22.9  15.2 99.0 99.00
2016 03 11 16 50  39  2.7  3.7  1.89 10.81  7.85  19 1026.1  21.5  23.1  14.4 99.0 99.00
2016 03 11 17 50  21  2.6  3.6  1.77 10.81  7.72  15 1025.9  21.6  23.2  14.4 99.0 99.00
2016 03 11 18 50   3  2.3  3.0  1.74 10.81  7.56  25 1025.1  21.6  23.4  14.5 99.0 99.00
2016 03 11 19 50  32  1.9  3.0  1.76 10.81  7.91  22 1024.5  21.6  23.6  14.1 99.0 99.00
2016 03 11 20 50   5  2.0  2.9  1.49 12.12  7.33  39 1024.5  21.7  23.5  14.6 99.0 99.00
2016 03 11 21 50  13  1.2  2.1  1.61 10.81  7.50  17 1024.4  21.7  23.4  14.4 99.0 99.00
2016 03 11 22 50 360  1.3  2.3  1.68 10.81  7.65  19 1024.6  21.3  23.2  14.4 99.0 99.00
2016 03 11 23 50 342  1.4  2.2  1.51  9.09  7.37  36 1025.1  21.3  23.3  14.3 99.0 99.00
2016 03 12 00 50 308  1.7  2.9  1.44 10.00  7.09  15 1025.4  21.3  23.1  14.3 99.0 99.00
2016 03 12 01 50 320  3.5  4.7  1.44 10.81  6.96  11 1025.5  21.5  23.0  14.8 99.0 99.00
2016 03 12 02 50 331  3.7  5.5  1.43 10.81  7.07  20 1025.4  21.4  23.0  14.3 99.0 99.00
2016 03 12 03 50 346  4.0  5.7  1.33 10.81  7.02  33 1025.6  21.3  22.9  14.8 99.0 99.00
2016 03 12 04 50 327  3.2  4.7  1.34  9.09  7.05  33 1025.2  21.3  22.9  14.9 99.0 99.00
2016 03 12 05 50 322  2.5  4.3  1.34 10.00  6.91  27 1024.7  21.1  22.9  14.7 99.0 99.00
2016 03 12 06 50 315  3.1  4.0  1.20 10.00  6.56  39 1024.2  21.1  22.8  14.5 99.0 99.00
2016 03 12 07 50 280  2.9  3.4  1.13  9.09  6.45  47 1023.6  21.0  22.8  14.6 99.0 99.00
2016 03 12 08 50 286  3.3  5.1  1.19 10.81  6.75  36 1023.6  21.0  22.8  13.9 99.0 99.00
2016 03 12 09 50 283  3.5  4.5  1.06 10.00  6.54  35 1023.6  21.0  22.8  13.9 99.0 99.00
2016 03 12 10 50 274  3.7  4.6  1.07 10.00  6.60  44 1023.6  20.9  22.8  14.2 99.0 99.00
2016 03 12 11 50 294  5.1  6.2  1.02  8.33  6.48  62 1024.1  21.1  22.8  14.7 99.0 99.00
2016 03 12 12 50 308  5.5  7.1  1.02 10.00  6.01  36 1024.6  21.1  22.8  14.7 99.0 99.00
2016 03 12 13 50 314  5.5  6.7  0.95  8.33  5.54  57 1025.0  21.2  22.8  15.1 99.0 99.00
2016 03 12 14 50 319  4.6  5.6  1.03  8.33  5.43  77 1024.8  21.5  22.9  15.0 99.0 99.00
2016 03 12 15 50 341  5.4  6.4  1.01 10.81  5.36  44 1024.4  21.9  22.9  14.6 99.0 99.00
2016 03 12 16 50 333  4.3  5.4  1.10  8.33  5.39  70 1023.8  22.0  23.0  15.2 99.0 99.00
2016 03 12 17 50 319  2.7  3.4  0.99  9.09  5.39  26 1022.8  22.0  23.0  15.4 99.0 99.00
2016 03 12 19 50 336  3.1  3.9  1.25  8.33  5.99 358 1021.8  22.1  23.2  15.9 99.0 99.00
2016 03 12 20 50 331  3.1  4.3  1.43  8.33  6.37 358 1021.9  22.1  23.2  15.5 99.0 99.00
2016 03 12 21 50 321  2.9  4.1  1.62  8.33  6.57   4 1022.1  22.0  23.1  15.6 99.0 99.00
2016 03 12 22 50 327  3.1  4.0  1.52  8.33  6.45 356 1022.7  22.0  23.1  15.4 99.0 99.00
2016 03 12 23 50 346  4.2  5.3  1.59  7.69  6.66   1 1022.9  22.1  23.0  15.7 99.0 99.00
2016 03 13 00 50 350  3.8  4.6  1.52  9.09  6.47   2 1023.2  22.0  23.0  15.9 99.0 99.00
2016 03 13 01 50 332  3.2  4.6  1.66 10.00  6.79 359 1023.3  22.0  23.0  16.3 99.0 99.00
2016 03 13 02 50 328  2.4  3.5  1.66 10.00  6.81 353 1022.9  21.9  23.0  16.5 99.0 99.00
2016 03 13 03 50 308  2.0  2.7  1.64  8.33  6.82 358 1022.4  21.9  23.0  16.4 99.0 99.00
2016 03 13 04 50 268  1.8  3.2  1.71  9.09  7.00 343 1021.9  21.8  22.9  16.6 99.0 99.00
2016 03 13 05 50 280  2.2  2.9  1.65  9.09  7.03 345 1021.7  21.7  22.9  16.7 99.0 99.00
2016 03 13 06 50 281  2.5  3.5  1.61 10.00  6.86 339 1021.6  21.6  22.9  17.0 99.0 99.00
2016 03 13 07 50 319  2.4  3.3  1.46 10.00  6.77 347 1021.3  21.6  22.9  16.7 99.0 99.00
2016 03 13 08 50 301  2.9  3.7  1.74  9.09  6.93 341 1021.2  21.6  22.9  16.7 99.0 99.00
2016 03 13 09 50 312  3.0  3.8  1.42  8.33  6.61 336 1021.5  21.6  22.9  17.2 99.0 99.00
2016 03 13 10 50 280  3.0  3.8  1.43  8.33  6.82 345 1021.7  21.6  22.9  17.1 99.0 99.00
2016 03 13 11 50 271  3.3  4.1  1.44  9.09  6.64 347 1022.3  21.7  22.9  17.1 99.0 99.00
2016 03 13 12 50 270  3.7  4.9  1.64  8.33  7.11 328 1022.4  21.6  22.9  17.0 99.0 99.00
2016 03 13 13 50 260  4.0  4.7  1.44  7.14  6.79 340 1022.5  21.7  22.9  17.0 99.0 99.00
2016 03 13 14 50 257  4.2  5.3  1.48  7.69  6.94 325 1022.3  21.7  23.0  16.9 99.0 99.00
2016 03 13 15 50 263  4.9  6.0  1.37  9.09  6.63 335 1022.0  21.8  23.1  16.8 99.0 99.00
2016 03 13 16 50 265  5.3  6.3  1.30 10.00  6.37 359 1021.2  21.9  23.1  16.8 99.0 99.00
2016 03 13 17 50 277  5.4  6.4  1.36  9.09  6.40 328 1020.3  21.8  23.1  17.0 99.0 99.00
2016 03 13 18 50 284  4.3  5.3  1.38 10.00  6.40   1 1019.8  21.9  23.1  17.4 99.0 99.00
2016 03 13 19 50 277  4.1  5.1  1.48  9.09  6.71 342 1019.7  22.0  23.1  17.1 99.0 99.00
2016 03 13 20 50 285  4.5  5.5  1.46 10.00  6.93 353 1019.6  21.9  23.1  17.5 99.0 99.00
2016 03 13 21 50 279  4.5  5.3  1.60  8.33  7.19 339 1019.9  22.0  23.1  17.4 99.0 99.00
2016 03 13 22 50 293  5.1  5.9  1.55  8.33  6.89 343 1020.3  21.9  23.1  17.6 99.0 99.00
2016 03 13 23 50 300  5.5  6.5  1.63  9.09  7.05 345 1020.7  21.9  23.1  17.8 99.0 99.00
2016 03 14 00 50 293  4.3  5.5  1.81 10.00  7.46 357 1021.0  21.9  23.0  17.4 99.0 99.00
2016 03 14 01 50 289  3.9  4.8  1.73 10.00  7.18   8 1021.1  21.8  23.0  17.6 99.0 99.00
2016 03 14 02 50 290  3.8  4.6  1.83 10.81  7.40   5 1020.9  21.8  23.0  17.9 99.0 99.00
2016 03 14 03 50 303  4.1  5.0  1.67  8.33  7.10 354 1020.9  21.8  23.0  17.9 99.0 99.00
2016 03 14 04 50 307  5.0  5.9  1.79  9.09  7.39   3 1020.7  21.8  22.9  17.9 99.0 99.00
2016 03 14 05 50 291  4.4  5.2  1.86 10.00  7.51   3 1020.4  21.8  22.9  18.1 99.0 99.00
2016 03 14 06 50 296  4.4  5.4  1.72 10.81  7.33  21 1019.9  21.8  22.9  18.1 99.0 99.00
2016 03 14 07 50 292  4.2  5.1  1.77 10.00  7.22  15 1019.7  21.7  22.9  18.1 99.0 99.00
2016 03 14 08 50 300  3.2  4.2  1.86 10.81  7.59  14 1019.6  21.6  22.9  17.9 99.0 99.00
2016 03 14 09 50 303  2.8  3.9  1.79 10.81  7.66  28 1020.0  21.6  22.9  17.6 99.0 99.00
2016 03 14 10 50 275  2.8  3.9  1.80 11.43  7.92  36 1020.3  21.6  22.9  17.4 99.0 99.00
2016 03 14 11 50 286  2.2  2.8  1.89 10.81  8.07  23 1020.9  21.8  22.9  17.5 99.0 99.00
2016 03 14 12 50 272  2.9  3.6  1.83 10.81  7.79  19 1021.4  21.8  22.9  17.2 99.0 99.00
2016 03 14 13 50 269  3.3  4.0  1.74 11.43  7.58  22 1021.7  21.9  23.0  17.3 99.0 99.00
2016 03 14 14 50 266  3.3  4.1  1.72 11.43  7.96  11 1021.7  21.9  23.1  16.9 99.0 99.00
2016 03 14 15 50 258  2.8  3.7  1.63 10.81  7.56  23 1021.1  21.9  23.3  16.8 99.0 99.00
2016 03 14 16 50 266  3.2  4.3  1.68 10.81  7.69  19 1020.5  22.1  23.4  16.9 99.0 99.00
2016 03 14 17 50 287  3.9  5.1  1.57 10.00  7.45  18 1020.0  22.3  23.4  17.5 99.0 99.00
2016 03 14 18 50 284  3.2  4.4  1.56 13.79  7.78  26 1019.8  22.2  23.4  17.3 99.0 99.00
2016 03 14 19 50 302  2.4  3.8  1.59 12.90  7.90  10 1019.5  22.2  23.4  17.1 99.0 99.00
2016 03 14 20 50 297  3.3  4.7  1.53 12.90  7.84  13 1019.5  22.3  23.4  17.4 99.0 99.00
2016 03 14 21 50 297  2.4  3.1  1.35 12.90  7.26  35 1019.6  22.1  23.3  16.7 99.0 99.00
2016 03 14 22 50 313  2.4  3.1  1.42 13.79  7.74  24 1019.6  22.0  23.2  16.7 99.0 99.00
2016 03 14 23 50 299  2.5  3.5  1.51 12.12  7.86  28 1019.9  21.9  23.1  16.7 99.0 99.00
2016 03 15 00 50 310  1.5  2.3  1.54 12.90  7.94  26 1020.2  21.8  23.1  16.2 99.0 99.00
2016 03 15 01 50 318  0.5  1.0  1.41 12.90  7.52  38 1019.8  21.7  23.1  16.2 99.0 99.00
2016 03 15 02 50 327  0.4  0.7  1.50 13.79  7.85  41 1019.6  21.6  23.0  15.9 99.0 99.00
2016 03 15 03 50  39  0.8  1.7  1.53 14.81  7.72  43 1019.3  21.6  23.0  16.0 99.0 99.00
2016 03 15 04 50 283  1.4  2.0  1.51 13.79  7.53  50 1019.0  21.6  23.0  16.1 99.0 99.00
2016 03 15 05 50 232  1.7  2.5  1.34  9.09  7.11  45 1018.4  21.5  23.0  15.6 99.0 99.00
2016 03 15 06 50 233  2.8  3.5  1.35 12.90  7.09  60 1017.7  21.5  23.0  15.5 99.0 99.00
2016 03 15 07 50 217  3.2  4.5  1.36 12.90  7.01  49 1017.3  21.7  23.0  13.0 99.0 99.00
2016 03 15 08 50 221  2.8  4.0  1.33 12.12  7.09  46 1017.4  21.7  23.0  14.1 99.0 99.00
2016 03 15 09 50 242  2.4  3.1  1.36 13.79  7.34  52 1017.8  21.7  23.0  14.4 99.0 99.00
2016 03 15 10 50 265  3.3  4.2  1.27  7.69  7.09   3 1018.1  21.7  23.0  13.9 99.0 99.00
2016 03 15 11 50 265  2.0  2.7  1.16 13.79  7.14  43 1018.8  21.9  23.0  14.2 99.0 99.00
2016 03 15 12 50 281  1.2  1.7  1.28 12.90  7.27  33 1019.2  22.0  23.0  13.7 99.0 99.00
2016 03 15 13 50 224  1.3  2.0  1.19 11.43  7.45  29 1019.3  22.1  23.3  13.4 99.0 99.00
2016 03 15 14 50 225  2.5  4.1  1.29 12.90  7.81  48 1019.2  22.0  23.4  14.3 99.0 99.00
2016 03 15 15 50 209  3.0  4.2  1.29 13.79  7.94  50 1018.7  22.3  23.5  14.1 99.0 99.00
2016 03 15 16 50 209  3.9  5.1  1.37 10.81  8.20  20 1018.1  22.4  23.6  13.9 99.0 99.00
2016 03 15 17 50 223  4.3  5.6  1.47 11.43  8.45  29 1017.7  22.6  23.6  14.2 99.0 99.00
2016 03 15 18 50 228  5.0  6.2  1.38 10.81  8.19  24 1017.0  22.6  23.5  14.8 99.0 99.00
2016 03 15 19 50 226  4.1  5.2  1.33 11.43  7.96  40 1016.5  22.7  23.4  15.7 99.0 99.00
2016 03 15 20 50 265  4.0  5.1  1.39 10.81  8.07  28 1016.7  22.7  23.4  15.3 99.0 99.00
2016 03 15 21 50 237  4.6  5.9  1.52 10.81  8.24  19 1016.8  22.7  23.4  15.3 99.0 99.00
2016 03 15 22 50 251  5.2  7.2  1.56 10.00  8.17  30 1017.1  22.6  23.3  15.8 99.0 99.00
2016 03 15 23 50 261  5.3  6.5  1.67 10.81  7.89  30 1017.4  22.6  23.3  15.5 99.0 99.00
2016 03 16 00 50 246  4.7  5.7  1.96 10.81  8.70  13 1017.4  22.5  23.2  15.4 99.0 99.00
2016 03 16 01 50 271  3.4  5.2  1.82 12.12  8.54  14 1017.7  22.5  23.2  15.8 99.0 99.00
2016 03 16 02 50 250  3.5  4.4  1.81 13.79  8.62  27 1017.3  22.5  23.2  16.0 99.0 99.00
2016 03 16 03 50 240  3.2  4.3  2.11 10.81  9.02  19 1017.0  22.5  23.2  16.9 99.0 99.00
2016 03 16 04 50 234  3.6  4.7  2.10 12.90  9.39  25 1016.6  22.5  23.2  17.7 99.0 99.00
2016 03 16 05 50 238  3.4  4.3  1.87 12.90  8.86  27 1015.7  22.4  23.1  18.8 99.0 99.00
2016 03 16 06 50 240  7.1  8.4  1.95 12.12  8.48  25 1014.5  21.5  23.1  18.4 99.0 99.00
2016 03 16 07 50 228  6.3  7.6  1.89 12.90  7.76  24 1014.2  22.2  23.1  18.3 99.0 99.00
2016 03 16 08 50 236  6.0  7.1  2.09 11.43  8.23  24 1013.9  22.4  23.1  19.4 99.0 99.00
2016 03 16 09 50 226  6.5  8.1  1.92 12.90  7.96  21 1013.8  22.6  23.1  19.7 99.0 99.00
2016 03 16 10 50 235  7.3  8.9  1.74 13.79  7.18  45 1014.2  22.9  23.1  19.3 99.0 99.00
2016 03 16 11 50 232  7.8  9.6  1.78 13.79  7.32  20 1014.5  23.0  23.1  19.5 99.0 99.00
2016 03 16 12 50 236  7.6  9.2  1.71 12.12  6.60  14 1014.8  23.1  23.1  20.1 99.0 99.00
2016 03 16 13 50 232  9.2 11.1  1.82 12.12  6.24  22 1014.6  23.1  23.1  20.0 99.0 99.00
2016 03 16 14 50 232  9.3 10.9  1.88 12.12  6.16  18 1014.1  23.2  23.2  20.0 99.0 99.00
2016 03 16 15 50 234  9.3 11.4  1.87 12.90  6.01 358 1013.9  23.3  23.2  20.3 99.0 99.00
2016 03 16 16 50 238  8.7 10.7  1.79 12.12  5.73   8 1013.3  23.4  23.2  20.6 99.0 99.00
2016 03 16 17 50 244  8.5 10.2  1.95 11.43  5.92  13 1013.1  23.5  23.2  19.9 99.0 99.00
2016 03 16 18 50 238  9.7 11.9  2.14 12.12  6.07  15 1012.3  23.4  23.2  20.4 99.0 99.00
2016 03 16 19 50 248  9.5 11.6  2.46 14.81  6.06  27 1012.1  22.9  23.2  20.3 99.0 99.00
2016 03 16 20 50 262  8.0  9.8  2.63 14.81  6.72  16 1012.1  23.4  23.2  20.7 99.0 99.00
2016 03 16 21 50 294  8.3 10.1  2.54 14.81  6.65   4 1012.5  23.0  23.2  19.3 99.0 99.00
2016 03 16 22 50 287  8.6 10.6  2.62 13.79  7.11  16 1012.7  22.9  23.2  18.8 99.0 99.00
2016 03 16 23 50 288  9.2 10.9  2.44 13.79  6.60  14 1013.2  22.9  23.2  18.2 99.0 99.00
2016 03 17 00 50 292  9.2 11.2  2.71 14.81  7.18   7 1013.9  22.9  23.2  17.4 99.0 99.00
2016 03 17 01 50 281  9.1 10.7  2.60 14.81  6.89  13 1014.2  22.7  23.2  17.8 99.0 99.00
2016 03 17 02 50 302  9.3 11.1  2.63 13.79  7.30  15 1014.1  22.4  23.2  17.9 99.0 99.00
2016 03 17 03 50 303  9.5 11.5  2.78 12.90  7.37  10 1014.0  22.2  23.2  16.2 99.0 99.00
2016 03 17 04 50 302  8.6 10.2  2.75 14.81  7.32  28 1014.2  22.1  23.2  16.4 99.0 99.00
2016 03 17 05 50 299  7.6  9.1  2.85 14.81  7.53   9 1013.8  22.0  23.1  16.7 99.0 99.00
2016 03 17 06 50 306  7.4  9.6  2.71 16.00  7.74  18 1013.4  22.0  23.1  16.5 99.0 99.00
2016 03 17 07 50 306  7.4  9.6  2.77 14.81  7.70  22 1013.4  22.0  23.1  16.4 99.0 99.00
2016 03 17 08 50 295  7.2  8.8  2.69 16.00  7.49  14 1013.6  22.0  23.1  16.3 99.0 99.00
2016 03 17 09 50 302  8.1  9.4  3.03 14.81  8.35  21 1014.1  22.0  23.1  16.4 99.0 99.00
2016 03 17 10 50 307  8.5  9.9  2.96 14.81  8.03  16 1014.8  22.0  23.1  16.8 99.0 99.00
2016 03 17 11 50 320  7.8  9.4  2.81 14.81  7.61  17 1015.4  22.0  23.0  15.3 99.0 99.00
2016 03 17 12 50 320  7.4  9.1  2.63 16.00  7.38  31 1016.0  22.1  23.0  16.2 99.0 99.00
2016 03 17 13 50 322  7.7  9.6  2.97 13.79  7.87  25 1016.1  22.1  23.0  16.6 99.0 99.00
2016 03 17 14 50 318  7.1  8.8  2.82 14.81  7.95  38 1016.8  22.2  22.9  16.7 99.0 99.00
2016 03 17 15 50 319  6.6  7.9  2.66 16.00  7.64  24 1016.9  22.2  22.9  16.3 99.0 99.00
2016 03 17 16 50 321  5.9  7.1  2.94 14.81  8.10  30 1016.7  22.3  23.0  16.7 99.0 99.00
2016 03 17 17 50 325  5.1  6.6  3.23 16.00  8.67  41 1015.9  22.2  23.0  16.4 99.0 99.00
2016 03 17 18 50 313  4.9  5.9  2.84 14.81  8.32  29 1016.0  22.4  23.1  16.6 99.0 99.00
2016 03 17 19 50 318  4.7  6.1  3.19 14.81  8.93  34 1016.0  22.4  23.1  16.2 99.0 99.00
2016 03 17 20 50 320  4.4  5.5  3.01 16.00  8.96  29 1016.3  22.4  23.0  16.2 99.0 99.00
2016 03 17 21 50 323  4.8  6.1  2.96 16.00  8.84  34 1016.7  22.3  22.9  16.3 99.0 99.00
2016 03 17 22 50 318  4.0  5.1  2.91 16.00  9.02  17 1017.2  22.0  22.9  16.4 99.0 99.00
2016 03 17 23 50 314  4.1  5.0  2.79 16.00  8.74  15 1017.8  22.0  22.8  16.5 99.0 99.00
2016 03 18 00 50 309  3.5  4.8  2.83 16.00  8.90  36 1018.2  22.0  22.8  16.6 99.0 99.00
2016 03 18 01 50 315  3.2  4.4  2.60 17.39  8.42  40 1018.3  21.9  22.8  16.4 99.0 99.00
2016 03 18 02 50 308  2.9  4.2  2.57 14.81  8.32  29 1018.5  21.9  22.8  16.9 99.0 99.00
2016 03 18 03 50 312  2.4  3.1  2.52 16.00  8.48  37 1018.0  21.8  22.9  16.9 99.0 99.00
2016 03 18 04 50 311  2.0  2.8  2.87 16.00  9.12  44 1017.6  21.7  22.8  17.0 99.0 99.00
2016 03 18 05 50 327  2.4  3.3  2.61 13.79  8.51  25 1017.2  21.6  22.8  17.1 99.0 99.00
2016 03 18 06 50 331  2.9  3.8  2.81 16.00  9.00  38 1016.7  21.6  22.8  17.3 99.0 99.00
2016 03 18 07 50 345  2.2  3.2  2.80 16.00  9.56  35 1016.3  21.5  22.8  17.2 99.0 99.00
2016 03 18 08 50  74  0.8  1.7  2.49 16.00  8.81  32 1016.5  21.4  22.7  17.2 99.0 99.00
2016 03 18 09 50 152  1.1  1.9  2.72 14.81  9.38  32 1017.1  21.4  22.7  17.1 99.0 99.00
2016 03 18 10 50 176  1.3  2.3  2.30 16.00  8.92  32 1017.7  21.6  22.7  17.2 99.0 99.00
2016 03 18 11 50 151  2.0  3.1  2.61 14.81  9.52  34 1018.4  21.7  22.7  16.9 99.0 99.00
2016 03 18 12 50 157  2.6  4.0  2.33 14.81  9.36  44 1018.7  21.9  22.8  16.5 99.0 99.00
2016 03 18 13 50 179  2.1  3.6  2.30 14.81  9.47  50 1019.6  22.2  22.9  16.4 99.0 99.00
2016 03 18 14 50 183  3.1  4.5  2.38 16.00 10.07  47 1019.2  22.1  23.2  16.9 99.0 99.00
2016 03 18 15 50 187  3.9  5.4  2.32 13.79  9.70  51 1018.5  22.2  23.2  16.6 99.0 99.00
2016 03 18 16 50 196  5.0  6.4  2.18 14.81  9.53  52 1018.3  22.3  23.3  16.4 99.0 99.00
2016 03 18 17 50 201  4.7  6.0  2.20 14.81  9.41  56 1018.1  22.5  23.3  16.2 99.0 99.00
2016 03 18 18 50 203  4.7  5.8  2.31 14.81 10.29  43 1017.7  22.6  23.4  16.2 99.0 99.00
2016 03 18 19 50 203  3.9  5.1  2.06 14.81  9.15  49 1017.3  22.7  23.4  16.2 99.0 99.00
2016 03 18 20 50 198  3.7  5.1  1.86 14.81  9.00  53 1017.5  22.7  23.3  16.5 99.0 99.00
2016 03 18 21 50 216  3.6  4.6  2.04 14.81  9.67  55 1018.0  22.6  23.2  16.4 99.0 99.00
2016 03 18 22 50 217  3.8  5.3  1.72 14.81  9.02  40 1018.2  22.5  23.2  16.7 99.0 99.00
2016 03 18 23 50 218  3.0  4.2  1.73 14.81  8.90  41 1018.8  22.6  23.2  17.0 99.0 99.00
2016 03 19 00 50 230  3.4  4.7  1.73 14.81  8.66  25 1019.5  22.6  23.1  16.9 99.0 99.00
2016 03 19 01 50 232  3.6  4.8  1.61 14.81  8.36  52 1019.4  22.6  23.0  16.8 99.0 99.00
2016 03 19 02 50 228  4.0  5.2  1.82 14.81  8.92  39 1019.3  22.6  23.0  16.8 99.0 99.00
2016 03 19 03 50 237  4.3  5.4  1.68 13.79  8.44  14 1019.0  22.7  23.0  16.7 99.0 99.00
2016 03 19 04 50 232  3.7  4.6  1.71 13.79  8.75  45 1018.6  22.6  23.0  16.8 99.0 99.00
2016 03 19 05 50 233  4.2  4.9  1.38 12.90  7.58  57 1018.0  22.5  23.0  17.0 99.0 99.00
2016 03 19 06 50 246  4.6  5.8  1.61 14.81  8.01  42 1017.2  22.4  23.1  17.2 99.0 99.00
2016 03 19 07 50 228  4.5  5.5  1.66 13.79  8.29  46 1017.1  22.4  23.1  17.0 99.0 99.00
2016 03 19 08 50 225  2.6  3.5  1.50 12.90  7.99  47 1017.3  22.3  23.1  17.4 99.0 99.00
2016 03 19 09 50 221  4.1  5.3  1.51 13.79  8.03  50 1017.7  22.4  23.1  17.3 99.0 99.00
2016 03 19 10 50 235  3.0  3.9  1.45 14.81  8.04  33 1018.8  22.5  23.1  17.3 99.0 99.00
2016 03 19 11 50 213  2.9  3.8  1.50 13.79  8.31  25 1019.1  22.6  23.1  17.2 99.0 99.00
2016 03 19 12 50 200  3.1  4.1  1.40 12.90  7.96  37 1019.8  22.8  23.1  16.6 99.0 99.00
2016 03 19 13 50 233  3.9  5.4  1.31 13.79  8.16  47 1020.2  22.8  23.2  17.7 99.0 99.00
2016 03 19 14 50 231  2.7  3.3  1.37 13.79  8.51  36 1020.4  22.9  23.3  17.6 99.0 99.00
2016 03 19 15 50 216  2.9  3.8  1.16 13.79  7.72  48 1020.2  23.1  23.5  17.0 99.0 99.00
2016 03 19 16 50 200  2.5  3.5  1.38 13.79  8.36  47 1019.5  23.1  23.6  17.0 99.0 99.00
2016 03 19 17 50 198  2.3  3.0  1.40 12.90  8.31  38 1018.9  23.2  23.8  17.0 99.0 99.00
2016 03 19 18 50 185  1.9  2.7  1.30 12.90  8.24  50 1018.5  23.3  24.0  16.9 99.0 99.00
2016 03 19 19 50 177  1.7  2.5  1.36 12.12  8.00  43 1018.5  23.3  24.1  16.8 99.0 99.00
2016 03 19 20 50 165  2.6  3.4  1.21 12.12  7.57  39 1018.5  23.2  23.9  16.7 99.0 99.00
2016 03 19 21 50 176  3.4  4.2  1.32 12.90  8.14  39 1018.6  23.1  23.6  16.9 99.0 99.00
2016 03 19 22 50 170  4.1  5.1  1.27 12.90  7.81  43 1018.8  23.1  23.5  16.6 99.0 99.00
2016 03 19 23 50 178  3.1  4.1  1.28 12.90  7.58  42 1019.5  23.1  23.4  16.7 99.0 99.00
2016 03 20 00 50 171  3.4  4.2  1.22 12.90  7.42  52 1020.0  23.1  23.4  16.4 99.0 99.00
2016 03 20 01 50 167  3.7  5.0  1.29 12.90  7.86  40 1020.2  23.0  23.4  17.4 99.0 99.00
2016 03 20 02 50 171  3.0  3.7  1.26 12.12  7.75  50 1020.3  23.0  23.3  17.0 99.0 99.00
2016 03 20 03 50 180  4.2  5.2  1.09 12.90  7.18  31 1020.0  23.0  23.1  17.2 99.0 99.00
2016 03 20 04 50 159  5.1  5.8  1.07 12.90  6.99  56 1019.5  22.9  23.0  17.5 99.0 99.00
2016 03 20 05 50 148  5.5  6.6  1.05 12.90  6.81  42 1018.8  22.9  23.0  18.1 99.0 99.00
2016 03 20 06 50 150  5.8  7.0  0.95 10.81  5.75  58 1018.4  22.8  23.0  18.5 99.0 99.00
2016 03 20 07 50 146  5.6  6.9  1.00 12.90  5.61  50 1018.0  22.8  23.2  19.1 99.0 99.00
2016 03 20 08 50 150  5.7  6.8  1.01 12.90  6.04  40 1018.3  22.8  23.2  19.4 99.0 99.00
2016 03 20 09 50 188  4.9  6.0  1.07 12.12  5.92  37 1018.5  23.0  23.2  18.7 99.0 99.00
2016 03 20 10 50 177  5.2  6.1  0.98 12.12  5.60  31 1019.2  23.0  23.1  19.9 99.0 99.00
2016 03 20 11 50 201  6.4  9.4  1.00 12.12  5.52  43 1019.4  23.1  23.1  19.7 99.0 99.00
2016 03 20 12 50 179  7.9  9.2  1.01 11.43  4.95  45 1019.9  23.3  23.1  19.0 99.0 99.00
2016 03 20 13 50 176  7.3  8.6  1.10 11.43  4.93  40 1020.4  23.3  23.1  19.0 99.0 99.00
2016 03 20 14 50 178  6.7  8.1  1.09 12.12  4.84  55 1020.9  23.4  23.3  19.6 99.0 99.00
2016 03 20 15 50 178  7.1  8.2  1.03 12.12  4.69  48 1020.5  23.4  23.3  19.7 99.0 99.00
2016 03 20 16 50 186  6.4  7.6  1.03 10.81  4.80  43 1019.9  23.6  23.3  19.8 99.0 99.00
2016 03 20 17 50 191  6.0  7.5  0.94 12.12  4.73 104 1019.1  23.6  23.5  20.8 99.0 99.00
2016 03 20 18 50 184  6.9  7.9  0.92 12.12  4.72  49 1018.5  23.7  23.5  20.9 99.0 99.00
2016 03 20 19 50 182  7.1  8.3  0.95 11.43  4.68  35 1018.1  23.7  23.4  21.0 99.0 99.00
2016 03 20 20 50 186  6.6  8.0  0.95 11.43  4.61  58 1018.4  23.8  23.4  21.3 99.0 99.00
2016 03 20 21 50 184  5.8  6.7  0.90 12.12  4.67  80 1018.4  23.7  23.4  21.3 99.0 99.00
2016 03 20 22 50 177  5.1  6.0  0.90 11.43  4.93  81 1018.6  23.6  23.4  21.5 99.0 99.00
2016 03 20 23 50 166  5.0  6.1  0.89 11.43  5.11  57 1019.1  23.6  23.3  21.5 99.0 99.00
2016 03 21 00 50 167  5.1  6.0  0.85 12.12  4.87  55 1019.9  23.5  23.3  21.6 99.0 99.00
2016 03 21 01 50 155  6.4  7.4  0.94  9.09  5.03  45 1019.9  23.4  23.3  21.7 99.0 99.00
2016 03 21 02 50 158  6.0  6.8  0.95 10.00  4.91  40 1019.9  23.4  23.3  21.7 99.0 99.00
2016 03 21 03 50 165  6.1  7.1  0.98 10.00  5.00  23 1019.7  23.4  23.3  21.4 99.0 99.00
2016 03 21 04 50 176  5.9  7.0  0.91 10.81  4.98  37 1019.8  23.4  23.3  21.2 99.0 99.00
2016 03 21 05 50 176  6.2  6.9  0.98 10.81  5.06  52 1019.0  23.3  23.3  20.9 99.0 99.00
2016 03 21 06 50 172  6.3  7.3  0.92 10.81  5.13  77 1018.4  23.2  23.3  20.9 99.0 99.00
2016 03 21 07 50 158  6.0  7.1  0.91 10.81  4.82  31 1017.7  23.2  23.3  20.8 99.0 99.00
2016 03 21 08 50 158  5.7  6.8  0.89 11.43  4.69  24 1017.7  23.1  23.3  21.1 99.0 99.00
2016 03 21 09 50 147  5.7  6.6  0.90  9.09  4.65  49 1017.9  23.0  23.3  21.3 99.0 99.00
2016 03 21 10 50 162  4.3  4.7  0.95  8.33  5.04   8 1019.0  23.1  23.3  21.0 99.0 99.00
2016 03 21 11 50 168  4.4  5.4  0.91 10.00  5.01  43 1019.5  23.3  23.3  21.4 99.0 99.00
2016 03 21 12 50 160  5.4  6.5  0.91 10.81  5.06  43 1019.3  23.4  23.3  21.2 99.0 99.00
2016 03 21 13 50 168  6.6  7.9  0.88 10.00  4.94  45 1019.6  23.5  23.3  21.2 99.0 99.00
2016 03 21 14 50 175  6.8  7.8  0.87  8.33  4.77   6 1019.6  23.7  23.4  21.5 99.0 99.00
2016 03 21 15 50 173  5.7  6.4  0.90  5.00  4.52 189 1019.5  23.7  23.5  21.9 99.0 99.00
2016 03 21 16 50 175  6.1  7.1  0.81  5.00  4.44 198 1018.8  23.8  23.6  22.5 99.0 99.00
2016 03 21 17 50 174  6.3  7.6  0.91  5.26  4.55 212 1017.8  24.0  23.6  22.9 99.0 99.00
2016 03 21 18 50 172  7.4  9.0  0.93  5.00  4.50 159 1017.0  24.0  23.7  23.1 99.0 99.00
2016 03 21 19 50 178  8.0  9.5  0.97  5.00  4.51 174 1016.7  24.2  23.7  23.2 99.0 99.00
2016 03 21 20 50 185  9.0 11.1  1.04  4.76  4.19 145 1017.1  24.3  23.7  22.8 99.0 99.00
2016 03 21 21 50 176  9.1 10.8  1.13  5.56  4.25 184 1017.6  24.1  23.8  23.3 99.0 99.00
2016 03 21 22 50 185  8.2 10.0  1.32  5.00  4.43 175 1018.1  24.1  23.8  23.1 99.0 99.00
2016 03 21 23 50 187  9.6 10.9  1.31  5.56  4.53 161 1018.2  24.3  23.8  22.4 99.0 99.00
2016 03 22 00 50 185  9.0 11.1  1.35  5.56  4.52 181 1018.8  24.3  23.7  22.8 99.0 99.00
2016 03 22 01 50 189  9.9 11.5  1.41  6.25  4.57 157 1019.2  24.1  23.7  22.9 99.0 99.00
2016 03 22 02 50 186  9.1 11.4  1.56  6.25  4.81 180 1019.0  24.0  23.7  23.1 99.0 99.00
2016 03 22 03 50 186  9.4 11.0  1.49  6.25  4.70 168 1018.8  24.0  23.7  23.2 99.0 99.00
2016 03 22 04 50 192  9.3 11.1  1.54  6.25  4.71 164 1018.6  24.1  23.6  23.2 99.0 99.00
2016 03 22 05 50 201 10.2 14.1  1.66  5.88  5.08 164 1017.9  23.4  23.6  22.4 99.0 99.00
2016 03 22 06 50 189 10.8 12.4  1.61  6.25  4.84 158 1016.8  24.0  23.5  23.3 99.0 99.00
2016 03 22 07 50 193 10.5 13.3  1.42  6.25  4.60 171 1016.8  24.2  23.5  23.0 99.0 99.00
2016 03 22 08 50 195  9.5 11.4  1.50  5.56  4.57 195 1017.0  24.0  23.5  23.2 99.0 99.00
2016 03 22 09 50 196  9.8 12.1  1.44  5.88  4.68 175 1017.3  23.9  23.4  23.0 99.0 99.00
2016 03 22 10 50 192 10.1 11.9  1.42  5.26  4.61 184 1017.4  24.0  23.4  22.9 99.0 99.00
2016 03 22 11 50 195 10.1 12.2  1.48  4.76  4.64 184 1018.1  24.0  23.5  22.8 99.0 99.00
2016 03 22 12 50 217  9.7 12.1  1.68  6.67  4.86 169 1018.8  23.4  23.5  21.7 99.0 99.00
2016 03 22 13 50 217  8.5 10.3  1.57  5.56  4.91 207 1019.7  23.6  23.5  21.6 99.0 99.00
2016 03 22 14 50 209  8.5 11.1  1.50  5.26  4.79 199 1020.0  23.0  23.5  21.2 99.0 99.00
2016 03 22 15 50 358 11.4 14.3  1.49  6.67  4.90 168 1020.6  20.8  23.4  20.3 99.0 99.00
2016 03 22 16 50  10 12.3 15.5  1.59  7.14  4.69 142 1020.8  20.2  23.4  19.8 99.0 99.00
2016 03 22 17 50 348  9.4 11.3  2.15  5.26  5.12 339 1021.2  20.4  23.4  16.9 99.0 99.00
2016 03 22 18 50   2  9.5 10.9  2.18  6.25  5.30 332 1021.6  19.4  23.4  18.1 99.0 99.00
2016 03 22 19 50 333 10.1 11.8  2.55  6.67  5.76 326 1021.7  18.3  23.4  17.6 99.0 99.00
2016 03 22 20 50 346  7.2  9.1  2.22  6.67  5.62 308 1022.5  18.2  23.4  16.5 99.0 99.00
2016 03 22 21 50 351  5.9  7.5  2.11  7.14  5.76 310 1023.3  19.0  23.4  16.2 99.0 99.00
2016 03 22 22 50  13  3.5  5.3  1.79  7.14  5.69 325 1024.0  18.3  23.4  16.9 99.0 99.00
2016 03 22 23 50   8  4.3  5.4  1.84  7.14  5.83 312 1024.5  18.4  23.5  15.4 99.0 99.00
2016 03 23 00 50  44  4.5  6.5  1.79  7.14  5.83 306 1024.9  18.0  23.4  16.2 99.0 99.00
2016 03 23 01 50  47  5.0  6.5  1.76  7.69  6.07 301 1025.3  18.6  23.5  15.9 99.0 99.00
2016 03 23 02 50  52  4.7  7.5  1.84  7.14  6.11 327 1025.5  19.1  23.5  15.7 99.0 99.00
2016 03 23 03 50  63  6.3  7.8  1.80  7.69  6.08 307 1025.4  19.7  23.5  16.0 99.0 99.00
2016 03 23 04 50  54  4.8  6.4  1.83  7.69  6.18 279 1025.4  19.5  23.5  15.5 99.0 99.00
2016 03 23 05 50  48  6.2  7.9  1.84  7.69  6.29 289 1024.7  20.0  23.5  15.8 99.0 99.00
2016 03 23 07 50  60  6.3  8.5  2.51 10.81  7.53 313 1024.4  20.2  23.5  15.3 99.0 99.00
2016 03 23 08 50  62  6.9  8.6  2.59 10.00  7.39 305 1024.4  20.4  23.4  15.5 99.0 99.00
2016 03 23 09 50  51  9.1 11.0  2.50  9.09  7.08 309 1024.9  20.7  23.4  14.9 99.0 99.00
2016 03 23 10 50  63  8.8 10.8  2.65 10.81  7.15 308 1025.7  20.8  23.4  15.5 99.0 99.00
2016 03 23 11 50  64  8.8 11.2  2.73 10.81  6.97 312 1026.4  21.1  23.4  15.0 99.0 99.00
2016 03 23 12 50  61  8.6 10.5  2.81 10.81  7.04 319 1027.0  21.2  23.4  14.8 99.0 99.00
2016 03 23 13 50  64  8.8 10.5  2.87 10.00  7.17 310 1027.0  21.4  23.4  14.6 99.0 99.00
2016 03 23 14 50  59  8.2  9.6  2.79 10.81  7.03 320 1027.4  21.6  23.5  14.1 99.0 99.00
2016 03 23 15 50  66  8.5  9.7  2.67 10.00  7.02 319 1027.2  21.7  23.5  14.5 99.0 99.00
2016 03 23 16 50  73  8.5 10.1  2.83 10.00  7.24 322 1026.8  21.6  23.5  14.5 99.0 99.00
2016 03 23 17 50  70  8.0  9.7  2.63 10.81  6.71 322 1026.3  21.7  23.5  15.4 99.0 99.00
2016 03 23 18 50  67  8.0  9.5  2.57 10.00  6.50 331 1025.8  21.7  23.5  14.4 99.0 99.00
2016 03 23 19 50  66  8.0 10.0  2.52 10.00  6.57 325 1025.4  21.8  23.5  14.9 99.0 99.00
2016 03 23 20 50  65  8.2  9.6  2.45 10.00  6.64 323 1025.6  21.9  23.5  15.6 99.0 99.00
2016 03 23 21 50  65  8.0  9.6  2.59 10.00  6.73 332 1025.7  22.0  23.5  16.4 99.0 99.00
2016 03 23 22 50  67  8.4  9.6  2.33 10.00  6.36 338 1026.0  22.0  23.5  16.3 99.0 99.00
2016 03 23 23 50  65  9.0 10.5  2.32 10.00  6.41 325 1026.1  22.1  23.5  16.9 99.0 99.00
2016 03 24 00 50  70  8.9 10.8  2.36 10.00  6.16 317 1026.4  22.1  23.4  17.5 99.0 99.00
2016 03 24 01 50  70  8.6 10.2  2.32 10.00  6.21 316 1026.6  22.1  23.4  17.6 99.0 99.00
2016 03 24 02 50  73  8.1  9.8  2.32 10.00  6.25 339 1026.7  22.3  23.4  18.3 99.0 99.00
2016 03 24 03 50  78  8.5 10.0  2.41 10.00  6.34 318 1026.5  22.2  23.4  17.7 99.0 99.00
2016 03 24 04 50  74  8.9 10.7  2.14  9.09  5.98 328 1026.0  22.2  23.4  18.4 99.0 99.00
2016 03 24 05 50  72  8.5  9.8  2.11 10.00  5.86 322 1025.5  22.1  23.4  17.9 99.0 99.00
2016 03 24 06 50  68  8.9 10.5  2.46 10.00  6.24 317 1024.9  22.1  23.4  18.1 99.0 99.00
2016 03 24 07 50  71  8.5  9.7  2.33 10.00  6.23 326 1024.6  22.1  23.4  17.9 99.0 99.00
2016 03 24 08 50  66  8.8 10.3  2.14  9.09  5.91 344 1024.5  22.0  23.4  17.7 99.0 99.00
2016 03 24 09 50  76  9.5 11.0  2.23 10.00  6.11 334 1024.8  22.0  23.4  18.2 99.0 99.00
2016 03 24 10 50  70  9.3 10.6  2.14 10.00  6.04 331 1025.2  22.1  23.4  17.8 99.0 99.00
2016 03 24 11 50  71  9.4 11.1  2.28  9.09  5.97 355 1025.5  22.1  23.4  17.5 99.0 99.00
2016 03 24 12 50  76  9.1 10.9  2.15  9.09  5.98 333 1026.1  22.1  23.4  17.8 99.0 99.00
2016 03 24 13 50  70  8.6 11.0  2.29  8.33  6.07  16 1026.2  22.2  23.4  17.7 99.0 99.00
2016 03 24 14 50  78  8.5 10.3  2.29  9.09  6.08 313 1026.3  22.3  23.4  17.7 99.0 99.00
2016 03 24 15 50  71  8.8 10.3  2.10  7.69  5.95  77 1026.1  22.3  23.4  17.5 99.0 99.00
2016 03 24 16 50  70  8.8 10.5  2.20  9.09  5.84  12 1025.8  22.4  23.4  17.5 99.0 99.00
2016 03 24 17 50  70  8.6 10.4  2.19  9.09  5.98 359 1025.2  22.4  23.4  17.4 99.0 99.00
2016 03 24 18 50  70  9.0 11.0  2.23  7.14  6.07  88 1024.5  22.3  23.4  16.7 99.0 99.00
2016 03 24 19 50  67  9.1 10.4  2.10  7.69  5.79  84 1024.3  22.3  23.4  16.7 99.0 99.00
2016 03 24 20 50  66  8.8 11.0  2.18  6.67  5.90  90 1024.5  22.4  23.4  17.0 99.0 99.00
2016 03 24 21 50  65  9.4 11.0  2.07  9.09  5.94  65 1024.7  22.5  23.4  18.2 99.0 99.00
2016 03 24 22 50  69  9.5 11.3  2.03  9.09  5.78 347 1024.8  22.4  23.4  19.1 99.0 99.00
2016 03 24 23 50  70 10.3 12.5  1.95  7.69  5.59  97 1025.1  22.1  23.4  19.8 99.0 99.00
2016 03 25 00 50  75  9.6 11.8  2.02  7.14  5.73  84 1025.4  21.5  23.4  20.7 99.0 99.00
2016 03 25 01 50  69  9.1 10.6  2.21  6.67  5.62 102 1025.6  21.6  23.4  20.1 99.0 99.00
2016 03 25 02 50  79  9.0 10.9  2.08  7.14  5.65 111 1025.3  22.4  23.4  20.2 99.0 99.00
2016 03 25 03 50  80 10.6 12.7  2.08  8.33  5.62 102 1024.7  22.3  23.5  20.3 99.0 99.00
2016 03 25 04 50  81 10.0 12.2  2.23  9.09  5.60 124 1024.4  22.6  23.5  20.2 99.0 99.00
2016 03 25 05 50  84  9.6 11.1  2.06  8.33  5.59 110 1024.1  22.5  23.4  20.5 99.0 99.00
2016 03 25 06 50  87  9.7 11.2  2.19  6.67  5.59  95 1023.6  22.7  23.5  20.8 99.0 99.00
2016 03 25 07 50  92  9.0 10.7  2.29  7.69  5.69 108 1023.5  22.9  23.5  21.1 99.0 99.00
2016 03 25 08 50  98  9.1 10.4  2.19  6.67  5.68  90 1023.4  22.6  23.5  21.1 99.0 99.00
2016 03 25 09 50 112  8.1  9.7  2.09  7.14  5.76  85 1024.0  22.9  23.5  20.9 99.0 99.00
2016 03 25 10 50 101  7.6  9.0  1.94  8.33  5.64 118 1024.5  22.9  23.4  21.4 99.0 99.00
2016 03 25 11 50 103  8.2  9.7  1.98  6.67  5.82  92 1025.1  23.1  23.4  20.9 99.0 99.00
2016 03 25 12 50 107  7.5  8.8  1.94  7.69  5.79 101 1025.3  23.1  23.4  21.0 99.0 99.00
2016 03 25 13 50 109  7.5  9.0  1.80  9.09  5.65 111 1025.6  23.2  23.4  21.3 99.0 99.00
2016 03 25 14 50 112  8.1  9.5  1.75  9.09  5.67  95 1025.7  23.3  23.5  21.2 99.0 99.00
2016 03 25 15 50 119  7.6  9.1  1.70  8.33  5.66  86 1025.8  23.4  23.5  21.2 99.0 99.00
2016 03 25 16 50 117  8.0  9.3  1.70  8.33  5.47  97 1025.3  23.4  23.5  21.3 99.0 99.00
2016 03 25 17 50 121  8.2 10.0  1.73  8.33  5.62 111 1024.9  23.5  23.5  21.2 99.0 99.00
2016 03 25 18 50 124  8.3  9.7  1.78  8.33  5.72 111 1024.6  23.6  23.5  21.0 99.0 99.00
2016 03 25 19 50 120  8.0  9.3  1.76  6.67  5.57  99 1024.6  23.6  23.6  20.8 99.0 99.00
2016 03 25 20 50 118  7.8  9.5  1.76  9.09  5.54 108 1024.7  23.6  23.6  20.7 99.0 99.00
2016 03 25 21 50 124  6.7  8.3  1.90  8.33  5.78 135 1025.6  23.6  23.5  21.2 99.0 99.00
2016 03 25 22 50 118  7.0  8.4  1.88  9.09  5.71 120 1026.1  23.5  23.5  21.3 99.0 99.00
2016 03 25 23 50 116  6.4  7.4  1.92  7.14  5.95  95 1027.0  23.5  23.5  21.2 99.0 99.00
2016 03 26 00 50 116  7.0  8.0  2.00  7.14  5.98 107 1027.5  23.5  23.5  21.1 99.0 99.00
2016 03 26 01 50 113  7.3  8.7  1.83  9.09  5.70 104 1027.4  23.4  23.5  21.4 99.0 99.00
2016 03 26 02 50 117  6.5  8.0  2.07  7.69  5.95 114 1027.7  23.3  23.5  21.5 99.0 99.00
2016 03 26 03 50 114  8.1 10.0  1.96  9.09  6.00 117 1027.1  23.3  23.5  21.1 99.0 99.00
2016 03 26 04 50 114  7.4  8.7  1.69  7.14  5.58 103 1026.9  23.3  23.5  20.8 99.0 99.00
2016 03 26 05 50 117  7.4  9.1  1.81  8.33  5.65 126 1026.7  23.3  23.5  20.8 99.0 99.00
2016 03 26 06 50 111  9.0 10.2  1.84  9.09  5.90 114 1026.0  23.2  23.5  20.0 99.0 99.00
2016 03 26 07 50 114  7.9  9.3  1.80  9.09  5.62  96 1025.9  23.2  23.5  19.9 99.0 99.00
2016 03 26 08 50 117  7.0  8.0  2.05  9.09  5.91 114 1026.2  23.2  23.5  20.3 99.0 99.00
2016 03 26 09 50 113  8.0  9.3  1.91  7.14  5.91 103 1026.1  23.2  23.5  20.3 99.0 99.00
2016 03 26 10 50 115  7.7  9.1  1.82  8.33  5.77 119 1026.6  23.3  23.5  20.0 99.0 99.00
2016 03 26 11 50 108  7.0  8.1  1.95  8.33  5.93 111 1027.3  23.4  23.5  20.1 99.0 99.00
2016 03 26 12 50 114  7.1  8.3  1.81  6.67  5.60 109 1027.7  23.4  23.5  19.8 99.0 99.00
2016 03 26 13 50 115  7.0  8.5  1.93  8.33  5.92 126 1028.0  23.5  23.6  20.1 99.0 99.00
2016 03 26 14 50 118  7.2  8.7  1.78  9.09  5.88 144 1028.1  23.5  23.6  20.1 99.0 99.00
2016 03 26 15 50 118  6.6  7.8  1.77  9.09  5.78 147 1027.9  23.5  23.7  20.4 99.0 99.00
2016 03 26 16 50 119  6.3  7.3  1.83  8.33  5.97 117 1027.5  23.5  23.7  20.2 99.0 99.00
2016 03 26 17 50 118  6.3  7.4  1.76  7.69  5.85 121 1027.1  23.6  23.7  20.7 99.0 99.00
2016 03 26 18 50 121  5.8  6.6  1.78  9.09  6.10 137 1026.9  23.6  23.8  20.7 99.0 99.00
2016 03 26 19 50 114  5.1  6.2  1.76  9.09  6.07 129 1026.9  23.7  23.8  20.9 99.0 99.00
2016 03 26 20 50 113  4.7  5.5  1.69  6.67  5.80 128 1027.3  23.7  23.8  20.5 99.0 99.00
2016 03 26 21 50 108  4.9  5.8  1.78  8.33  6.16 133 1027.7  23.7  23.8  20.8 99.0 99.00
2016 03 26 22 50 105  5.0  5.9  1.67  7.69  6.13 138 1028.0  23.6  23.8  20.9 99.0 99.00
2016 03 26 23 50  97  5.6  6.5  1.77  8.33  6.22 129 1028.2  23.5  23.7  21.0 99.0 99.00
2016 03 27 00 50 101  5.8  6.9  1.65  8.33  6.05 134 1028.2  23.4  23.7  21.0 99.0 99.00
2016 03 27 01 50 101  6.2  7.2  1.68  8.33  6.23 112 1028.3  23.4  23.7  21.0 99.0 99.00
2016 03 27 02 50 104  5.5  6.7  1.62  8.33  5.94 134 1028.5  23.3  23.7  21.0 99.0 99.00
2016 03 27 03 50 109  5.5  6.5  1.68  8.33  6.05 119 1028.4  23.3  23.7  20.8 99.0 99.00
2016 03 27 04 50 113  6.3  7.4  1.79  9.09  6.24 144 1027.9  23.2  23.7  20.7 99.0 99.00
2016 03 27 05 50 108  6.0  7.1  1.75  9.09  6.25 134 1027.8  23.2  23.6  20.1 99.0 99.00
2016 03 27 06 50 107  5.5  6.6  1.69  8.33  6.16 117 1026.9  23.1  23.6  20.2 99.0 99.00
2016 03 27 07 50 103  5.3  6.6  1.56  9.09  5.99 120 1026.9  23.0  23.6  19.9 99.0 99.00
2016 03 27 08 50 108  4.8  5.6  1.79  9.09  6.17 116 1027.0  23.0  23.7  19.3 99.0 99.00
2016 03 27 09 50 105  5.4  6.7  1.80  9.09  6.47 127 1026.9  23.0  23.6  19.3 99.0 99.00
2016 03 27 10 50 101  5.6  6.7  1.80  7.69  6.46 124 1027.2  23.2  23.6  18.9 99.0 99.00
2016 03 27 11 50 113  5.1  6.1  1.83  9.09  6.57 117 1027.7  23.3  23.7  18.8 99.0 99.00
2016 03 27 12 50 106  4.5  5.4  1.81  9.09  6.48 125 1028.2  23.3  23.7  18.9 99.0 99.00
2016 03 27 13 50  92  4.7  5.8  1.76  7.69  6.36 112 1028.2  23.3  23.7  19.3 99.0 99.00
2016 03 27 14 50  97  5.5  6.3  1.89  9.09  6.62 119 1028.1  23.2  23.8  19.2 99.0 99.00
2016 03 27 15 50  98  5.1  6.0  1.89  8.33  6.78 114 1028.0  23.3  23.9  18.7 99.0 99.00
2016 03 27 16 50 101  5.4  6.4  1.76  8.33  6.69 125 1027.4  23.2  23.9  18.9 99.0 99.00
2016 03 27 17 50 109  6.1  7.1  1.82  8.33  6.78 112 1026.3  23.3  23.9  19.0 99.0 99.00
2016 03 27 18 50  99  4.5  5.9  1.70  9.09  6.36 115 1026.3  23.3  23.9  18.8 99.0 99.00
2016 03 27 19 50  96  4.9  5.8  1.97  9.09  6.91 124 1025.7  23.3  23.9  18.9 99.0 99.00
2016 03 27 20 50  99  5.3  6.2  1.81  9.09  6.60 126 1025.3  23.3  23.9  19.1 99.0 99.00
2016 03 27 21 50 101  4.9  5.9  1.84  9.09  6.80 118 1025.5  23.2  23.9  19.5 99.0 99.00
2016 03 27 22 50  94  4.6  5.6  1.84  8.33  6.71 116 1025.6  23.2  23.8  19.4 99.0 99.00
2016 03 27 23 50  99  4.8  6.1  1.76  9.09  6.68 123 1026.1  23.2  23.8  19.0 99.0 99.00
2016 03 28 00 50  97  5.0  6.6  1.80  8.33  6.74 124 1026.3  23.2  23.7  19.0 99.0 99.00
2016 03 28 01 50  98  5.2  6.3  2.03  9.09  6.99 120 1026.0  23.0  23.7  19.0 99.0 99.00
2016 03 28 02 50  90  5.4  6.7  2.00  9.09  6.94 119 1025.6  23.0  23.7  19.4 99.0 99.00
2016 03 28 03 50 119  5.0  6.0  1.76  9.09  6.68 123 1025.4  23.0  23.7  18.6 99.0 99.00
2016 03 28 05 50 119  3.6  5.2  1.84  9.09  6.78 124 1024.7  22.8  23.6  18.0 99.0 99.00
2016 03 28 06 50 120  3.6  5.1  1.81 10.00  6.81 118 1024.1  22.7  23.6  18.4 99.0 99.00
2016 03 28 07 50 127  4.1  5.1  1.73 10.00  6.98 118 1023.6  22.7  23.6  18.5 99.0 99.00
2016 03 28 08 50 114  4.9  6.2  1.82  9.09  7.02 112 1023.3  22.7  23.7  18.8 99.0 99.00
2016 03 28 09 50 112  5.0  6.5  1.69  9.09  6.78 114 1023.7  22.8  23.7  18.9 99.0 99.00
2016 03 28 10 50 136  4.8  5.9  1.72  9.09  6.80 100 1023.9  22.9  23.6  18.5 99.0 99.00
2016 03 28 11 50 136  5.0  6.1  1.77  9.09  7.06 124 1024.2  23.0  23.7  18.4 99.0 99.00
2016 03 28 12 50 136  4.9  5.8  1.61  9.09  6.77 105 1024.5  23.1  23.7  18.9 99.0 99.00
2016 03 28 13 50 134  5.2  6.2  1.55 10.00  6.77 113 1024.5  23.1  23.7  19.0 99.0 99.00
2016 03 28 14 50 142  5.1  6.4  1.64 10.00  6.83 126 1024.3  23.2  23.8  19.3 99.0 99.00
2016 03 28 15 50 138  4.7  6.0  1.62  9.09  6.87 120 1024.0  23.2  23.9  19.6 99.0 99.00
2016 03 28 16 50 150  5.3  6.5  1.65 10.00  6.89 125 1023.4  23.4  24.0  19.7 99.0 99.00
2016 03 28 17 50 162  5.3  6.4  1.54  9.09  6.56 112 1022.7  23.5  24.0  19.8 99.0 99.00
2016 03 28 18 50 164  5.9  7.0  1.52  9.09  6.51 115 1022.1  23.6  24.0  19.5 99.0 99.00
2016 03 28 19 50 170  6.2  7.2  1.57  9.09  6.48 108 1022.0  23.6  24.0  19.3 99.0 99.00
2016 03 28 20 50 171  5.3  6.5  1.63  9.09  6.81 127 1022.2  23.7  24.0  18.9 99.0 99.00
2016 03 28 21 50 158  5.2  6.4  1.72  8.33  6.61 110 1022.2  23.5  24.0  19.4 99.0 99.00
2016 03 28 22 50 159  6.2  7.0  1.54  9.09  6.59 125 1022.0  23.4  23.9  19.2 99.0 99.00
2016 03 28 23 50 156  5.9  7.3  1.68 10.00  6.83 121 1022.3  23.3  23.8  19.9 99.0 99.00
2016 03 29 00 50 164  6.1  7.1  1.59  9.09  6.31 118 1022.9  23.3  23.8  19.5 99.0 99.00
2016 03 29 01 50 176  5.7  6.8  1.57 10.00  6.55 107 1022.9  23.2  23.8  19.6 99.0 99.00
2016 03 29 02 50 175  5.3  6.8  1.60  9.09  6.30 119 1022.7  23.1  23.7  19.7 99.0 99.00
2016 03 29 03 50 184  5.5  6.3  1.66 10.00  6.69 114 1022.5  23.1  23.7  19.7 99.0 99.00
2016 03 29 04 50 178  5.3  6.5  1.53  9.09  6.42 125 1021.9  23.1  23.7  19.9 99.0 99.00
2016 03 29 05 50 175  5.1  6.1  1.54  9.09  6.57 121 1021.4  23.1  23.7  20.3 99.0 99.00
2016 03 29 06 50 172  6.2  7.8  1.60 10.00  6.65 111 1020.5  23.0  23.7  20.4 99.0 99.00
2016 03 29 07 50 171  6.3  7.3  1.49  7.69  6.33 121 1020.1  23.0  23.7  20.9 99.0 99.00
2016 03 29 08 50 201  6.1  7.2  1.55 10.00  6.69 120 1020.2  23.4  23.7  20.3 99.0 99.00
2016 03 29 09 50 209  5.7  6.7  1.53 10.00  6.26 106 1020.5  23.4  23.7  20.1 99.0 99.00
2016 03 29 10 50 198  5.6  6.4  1.44  8.33  6.24 125 1020.7  23.4  23.7  19.9 99.0 99.00
2016 03 29 11 50 194  5.6  6.7  1.56  9.09  6.38 116 1021.0  23.4  23.7  20.5 99.0 99.00
2016 03 29 12 50 198  6.0  6.8  1.41  9.09  6.12 119 1021.3  23.6  23.7  20.5 99.0 99.00
2016 03 29 13 50 181  7.4  8.8  1.48  9.09  6.33 109 1021.0  23.6  23.7  20.6 99.0 99.00
2016 03 29 14 50 193  6.0  7.1  1.60  9.09  6.54 110 1021.0  23.6  23.8  20.7 99.0 99.00
2016 03 29 15 50 198  5.9  7.0  1.48 10.00  6.11 122 1020.7  23.7  23.9  20.7 99.0 99.00
2016 03 29 16 50 207  5.4  6.5  1.46  9.09  6.26 116 1020.4  23.8  24.0  20.9 99.0 99.00
2016 03 29 17 50 217  5.6  6.8  1.32  9.09  5.90 118 1020.1  23.9  24.0  20.7 99.0 99.00
2016 03 29 18 50 223  5.4  6.5  1.51 10.00  6.23 118 1019.7  23.9  24.0  21.0 99.0 99.00
2016 03 29 19 50 224  5.5  6.7  1.50  9.09  6.38 125 1019.5  23.9  24.1  21.0 99.0 99.00
2016 03 29 20 50 221  5.2  6.0  1.42  9.09  6.30 111 1019.4  24.0  24.0  21.2 99.0 99.00
2016 03 29 21 50 236  5.6  6.5  1.42  9.09  6.38 113 1020.3  24.0  24.0  21.6 99.0 99.00
2016 03 29 22 50 232  5.3  6.3  1.35  9.09  6.29 126 1020.7  23.8  24.0  21.9 99.0 99.00
2016 03 29 23 50 229  4.4  5.4  1.42  9.09  6.57 107 1020.4  23.7  24.0  21.9 99.0 99.00
2016 03 30 00 50 202  5.0  5.7  1.40  9.09  6.28 106 1019.9  23.6  24.0  21.9 99.0 99.00
2016 03 30 01 50 201  5.1  5.9  1.43  9.09  6.43 113 1019.7  23.5  23.9  21.7 99.0 99.00
2016 03 30 02 50 228  4.4  5.3  1.41  9.09  6.36 120 1020.3  23.6  23.8  21.6 99.0 99.00
2016 03 30 03 50 245  4.5  5.3  1.48  9.09  6.51 119 1020.0  23.5  23.8  21.8 99.0 99.00
2016 03 30 04 50 246  4.8  5.6  1.36  9.09  6.15 111 1019.9  23.4  23.8  21.6 99.0 99.00
2016 03 30 05 50 224  4.3  5.2  1.33  9.09  6.07 112 1019.6  23.5  23.8  21.5 99.0 99.00
2016 03 30 06 50 210  5.2  6.0  1.33  9.09  6.12 119 1019.0  23.4  23.8  21.4 99.0 99.00
2016 03 30 07 50 217  5.7  6.7  1.30  9.09  5.97 106 1018.7  23.3  23.8  21.4 99.0 99.00
2016 03 30 08 50 214  6.0  6.8  1.24  8.33  5.85 122 1018.8  23.4  23.8  21.4 99.0 99.00
2016 03 30 09 50 223  6.4  7.4  1.31  9.09  5.67 105 1019.6  23.5  23.8  21.3 99.0 99.00
2016 03 30 10 50 216  5.6  6.7  1.38  8.33  6.03 127 1020.0  23.6  23.8  21.4 99.0 99.00
2016 03 30 11 50 243  5.1  6.2  1.39  9.09  5.89 106 1021.0  23.6  23.8  21.5 99.0 99.00
2016 03 30 12 50 241  4.9  5.6  1.36  9.09  5.78 100 1021.4  23.7  23.9  21.6 99.0 99.00
2016 03 30 13 50 235  4.8  5.5  1.22  9.09  5.80 108 1021.8  23.8  23.9  21.3 99.0 99.00
2016 03 30 14 50 245  3.5  4.4  1.23  9.09  5.84 100 1021.9  23.8  24.0  21.6 99.0 99.00
2016 03 30 15 50 255  2.8  3.7  1.22  8.33  5.74 130 1022.3  23.8  24.1  20.8 99.0 99.00
2016 03 30 16 50 266  2.7  3.6  1.26  9.09  6.07 115 1022.2  24.0  24.3  21.0 99.0 99.00
2016 03 30 17 50 360  4.7  5.7  1.26  9.09  6.09 116 1021.9  22.4  24.2  20.4 99.0 99.00
2016 03 30 18 50   6  5.2  6.0  1.31  9.09  6.19  99 1021.9  22.5  24.1  20.2 99.0 99.00
2016 03 30 19 50  19  5.2  6.1  1.29  9.09  6.18  90 1021.7  22.6  24.1  20.3 99.0 99.00
2016 03 30 20 50  21  5.8  6.8  1.18  9.09  5.61 103 1022.0  22.6  24.1  20.1 99.0 99.00
2016 03 30 21 50  45  6.9  8.0  1.32  9.09  5.64  89 1022.6  22.7  24.0  20.0 99.0 99.00
2016 03 30 22 50  45  7.2  8.2  1.29  8.33  5.45  95 1023.2  22.8  24.0  19.5 99.0 99.00
2016 03 30 23 50  46  9.3 11.2  1.30  9.09  5.28  80 1023.3  22.3  23.9  20.2 99.0 99.00
2016 03 31 00 50  51  9.9 11.7  1.40  9.09  5.25  60 1024.0  22.2  23.9  20.3 99.0 99.00
2016 03 31 01 50  69 10.4 11.8  1.49  4.35  4.81  28 1024.0  22.2  23.9  19.6 99.0 99.00
2016 03 31 02 50  60 10.3 11.9  1.59  9.09  4.88  93 1023.9  22.6  23.8  18.4 99.0 99.00
2016 03 31 03 50  76 10.6 12.9  1.82  9.09  5.27  81 1023.6  22.5  23.8  19.2 99.0 99.00
2016 03 31 04 50  76 10.9 12.7  1.95  5.00  5.28  56 1023.3  22.4  23.8  19.8 99.0 99.00
2016 03 31 05 50  85 10.2 12.1  2.07  5.56  5.42  49 1023.0  22.1  23.8  20.3 99.0 99.00
2016 03 31 06 50  72 10.0 11.9  2.04 10.81  5.41 339 1022.8  22.8  23.8  19.6 99.0 99.00
2016 03 31 07 50  69 10.5 12.0  2.16  5.88  5.63  47 1022.7  22.7  23.8  18.8 99.0 99.00
2016 03 31 08 50  67 10.8 12.8  2.35 10.81  5.89 324 1023.1  22.7  23.8  19.0 99.0 99.00
2016 03 31 09 50  83 11.4 14.1  2.27  6.25  5.92  50 1023.5  22.7  23.8  19.3 99.0 99.00
2016 03 31 10 50  74  9.6 11.6  2.41  5.88  5.84  47 1024.2  22.1  23.8  19.5 99.0 99.00
2016 03 31 11 50  74 10.5 12.5  2.41  6.25  5.86  43 1024.8  22.7  23.8  19.3 99.0 99.00
2016 03 31 12 50  72  9.6 11.0  2.36 10.81  5.88 357 1025.3  22.2  23.8  20.4 99.0 99.00
2016 03 31 13 50  71 10.0 12.2  2.64  5.88  6.01  56 1025.5  22.8  23.8  20.0 99.0 99.00
2016 03 31 14 50  71 10.4 13.6  2.54  5.88  5.86  52 1025.2  22.2  23.8  20.7 99.0 99.00
2016 03 31 15 50 126  6.6  8.0  2.66  6.25  6.03  56 1025.9  20.7  23.7  20.6 99.0 99.00
2016 03 31 16 50 138  5.8  8.1  2.53  6.67  5.90  63 1025.5  21.0  23.7  20.7 99.0 99.00
2016 03 31 17 50  86 10.0 11.2  2.84  6.67  6.20  56 1024.6  22.3  23.7  20.3 99.0 99.00
2016 03 31 18 50  91  7.2  8.4  2.47  7.14  6.03  59 1024.5  20.9  23.7  20.3 99.0 99.00
2016 03 31 19 50  90  6.3  7.9  2.40  6.67  6.26  65 1024.8  21.4  23.7  20.5 99.0 99.00
2016 03 31 20 50  89 10.2 12.0  2.33  6.67  6.15  71 1024.4  21.5  23.7  20.3 99.0 99.00
2016 03 31 21 50  90  9.9 11.6  2.32  9.09  6.03 352 1024.6  21.5  23.7  20.3 99.0 99.00
2016 03 31 22 50  82  9.2 11.1  2.41  7.14  6.27  61 1025.0  22.1  23.7  20.0 99.0 99.00
