#YY  MM DD hh mm WDIR WSPD GST  WVHT   DPD   APD MWD   PRES  ATMP  WTMP  DEWP  VIS  TIDE
#yr  mo dy hr mn degT m/s  m/s     m   sec   sec deg    hPa  degC  degC  degC  nmi    ft
2016 05 31 23 50 114  5.8  6.7  1.03  8.33  4.86 137 1021.1  25.7  26.1  21.0 99.0 99.00
2016 06 01 00 50 113  6.3  7.4  1.09  6.67  4.88 139 1021.3  25.7  26.0  21.0 99.0 99.00
2016 06 01 01 50 111  6.4  7.3  1.01  7.69  4.81 148 1021.6  25.6  26.0  20.8 99.0 99.00
2016 06 01 02 50 116  7.0  8.2  1.06  8.33  5.10 115 1021.6  25.6  26.0  20.4 99.0 99.00
2016 06 01 03 50 131  6.4  7.4  1.10  7.14  4.94 127 1021.6  25.5  25.9  20.7 99.0 99.00
2016 06 01 04 50 131  5.8  6.9  1.13  7.69  4.92 130 1021.1  25.5  25.9  20.6 99.0 99.00
2016 06 01 05 50 127  5.6  6.5  1.16  6.67  4.96 142 1020.5  25.4  25.9  21.0 99.0 99.00
2016 06 01 06 50 124  5.3  6.2  1.10  6.67  5.09 139 1020.2  25.3  25.9  21.0 99.0 99.00
2016 06 01 07 50 116  5.6  6.5  1.07  8.33  5.17  92 1020.1  25.3  25.9  20.9 99.0 99.00
2016 06 01 08 50 123  5.0  5.6  1.11  8.33  5.19 130 1020.7  25.3  25.9  21.0 99.0 99.00
2016 06 01 09 50 118  5.1  5.9  1.11  7.69  5.17 127 1021.0  25.4  25.9  21.0 99.0 99.00
2016 06 01 10 50 113  5.5  6.5  1.06  8.33  5.38 133 1021.5  25.7  25.9  20.9 99.0 99.00
2016 06 01 11 50 114  6.3  7.6  1.18  8.33  5.44 138 1022.1  25.4  25.9  21.8 99.0 99.00
2016 06 01 12 50 126  6.4  7.4  1.23  8.33  5.39 122 1021.9  25.3  25.9  21.2 99.0 99.00
2016 06 01 13 50 133  6.2  7.0  1.23  8.33  5.60 125 1022.1  25.6  26.0  20.9 99.0 99.00
2016 06 01 14 50 122  6.6  7.6  1.32  7.69  5.70 137 1022.4  25.6  26.0  21.6 99.0 99.00
2016 06 01 15 50 119  6.0  7.2  1.45 16.00  5.65  70 1022.3  25.6  26.1  21.6 99.0 99.00
2016 06 01 16 50 122  6.0  7.1  1.46 14.81  5.78  50 1022.2  25.6  26.2  22.3 99.0 99.00
2016 06 01 17 50 122  6.0  7.2  1.41 10.00  6.04  33 1021.8  25.7  26.2  22.3 99.0 99.00
2016 06 01 18 50 127  5.5  6.5  1.39 14.81  5.94  36 1021.8  25.9  26.3  22.5 99.0 99.00
2016 06 01 19 50 139  5.5  7.0  1.44 14.81  6.21  60 1021.6  26.1  26.3  21.8 99.0 99.00
2016 06 01 20 50 144  4.9  5.8  1.63 10.81  6.80  33 1021.6  26.1  26.4  21.9 99.0 99.00
2016 06 01 21 50 145  4.6  5.6  1.66 13.79  7.12  53 1021.6  26.1  26.3  21.5 99.0 99.00
2016 06 01 22 50 133  5.1  6.0  1.60 13.79  7.59  46 1021.7  25.9  26.3  21.7 99.0 99.00
2016 06 01 23 50 139  4.9  6.0  1.52 11.43  7.07  44 1022.2  25.9  26.3  21.6 99.0 99.00
2016 06 02 00 50 130  4.9  6.0  1.81 13.79  7.90  50 1022.6  25.9  26.2  21.3 99.0 99.00
2016 06 02 01 50 133  5.7  6.7  1.82 13.79  7.86  43 1022.8  25.8  26.2  21.4 99.0 99.00
2016 06 02 02 50 128  6.2  7.2  1.86 13.79  7.53  38 1022.9  25.8  26.2  21.6 99.0 99.00
2016 06 02 03 50 135  6.6  8.1  1.72 13.79  6.88  40 1022.6  25.7  26.2  21.3 99.0 99.00
2016 06 02 04 50 131  6.9  7.9  1.84 13.79  7.15  23 1022.0  25.6  26.1  21.2 99.0 99.00
2016 06 02 05 50 134  6.3  7.7  1.91 13.79  7.06  31 1021.6  25.6  26.1  21.4 99.0 99.00
2016 06 02 06 50 138  6.8  8.1  1.94 13.79  7.43  38 1021.5  25.6  26.1  21.2 99.0 99.00
2016 06 02 07 50 131  6.5  7.8  1.85 12.90  6.55  18 1021.6  25.5  26.1  21.3 99.0 99.00
2016 06 02 08 50 138  6.3  8.1  1.81 12.90  6.54  39 1021.9  25.4  26.1  21.1 99.0 99.00
2016 06 02 09 50 134  6.1  7.1  1.81 12.90  6.68  38 1022.1  25.4  26.0  21.1 99.0 99.00
2016 06 02 10 50 136  6.0  7.2  1.67 12.90  6.67  21 1022.7  25.7  26.0  20.9 99.0 99.00
2016 06 02 11 50 136  6.3  7.4  1.65 12.90  6.52  37 1023.1  25.7  26.0  21.0 99.0 99.00
2016 06 02 12 50 128  6.0  6.8  1.74 12.90  6.86  30 1023.3  25.7  26.1  21.4 99.0 99.00
2016 06 02 13 50 127  6.0  7.3  1.74 12.90  6.87  46 1023.6  25.8  26.2  21.6 99.0 99.00
2016 06 02 14 50 120  6.1  7.2  1.76 13.79  7.10  42 1023.5  25.7  26.2  22.0 99.0 99.00
2016 06 02 15 50 176  4.2  7.9  1.75 12.90  6.78  36 1023.5  24.9  26.3  21.8 99.0 99.00
2016 06 02 16 50 142  6.4  7.5  1.72 13.79  6.70  40 1023.1  26.1  26.3  21.9 99.0 99.00
2016 06 02 17 50 150  6.8  7.9  1.84 12.12  6.79  42 1023.0  26.2  26.3  21.3 99.0 99.00
2016 06 02 18 50 150  5.8  6.9  1.71 14.81  6.23  62 1022.6  26.2  26.4  21.7 99.0 99.00
2016 06 02 19 50 147  5.1  6.2  1.73 13.79  6.67  44 1022.4  26.2  26.4  22.2 99.0 99.00
2016 06 02 20 50 145  4.8  5.5  1.68 12.90  6.59  49 1022.1  26.1  26.4  22.1 99.0 99.00
2016 06 02 21 50 143  4.8  5.6  1.68 13.79  6.67  53 1022.2  26.1  26.4  22.3 99.0 99.00
2016 06 02 22 50 139  4.5  5.5  1.62 12.90  6.64  51 1022.4  25.9  26.3  22.5 99.0 99.00
2016 06 02 23 50 145  5.2  6.2  1.61 12.90  6.56  40 1022.7  26.0  26.3  21.9 99.0 99.00
2016 06 03 00 50 135  5.0  5.9  1.62 12.90  7.06  37 1023.1  26.0  26.3  22.0 99.0 99.00
2016 06 03 01 50 130  6.3  7.5  1.61 12.90  6.87  47 1023.2  25.9  26.3  22.0 99.0 99.00
2016 06 03 02 50 133  6.4  7.7  1.55  9.09  6.36  89 1023.1  25.8  26.2  22.4 99.0 99.00
2016 06 03 03 50 135  7.0  8.2  1.67 14.81  6.41  50 1022.6  25.7  26.2  21.9 99.0 99.00
2016 06 03 04 50 135  6.9  8.4  1.81  8.33  6.52 149 1022.2  25.6  26.1  21.7 99.0 99.00
2016 06 03 05 50 139  7.1  8.2  1.82 12.90  6.40  39 1021.8  25.5  26.1  21.0 99.0 99.00
2016 06 03 06 50 140  6.2  7.5  1.58 13.79  6.08  36 1021.6  25.5  26.1  20.8 99.0 99.00
2016 06 03 07 50 138  6.0  7.1  1.63 12.90  6.39  53 1021.3  25.4  26.1  20.7 99.0 99.00
2016 06 03 08 50 139  5.5  6.6  1.57 12.90  6.17  39 1021.4  25.4  26.1  19.8 99.0 99.00
2016 06 03 09 50 131  5.1  6.0  1.54 12.90  6.28  27 1021.7  25.4  26.1  20.0 99.0 99.00
2016 06 03 10 50 133  5.5  6.6  1.40  9.09  6.02 119 1022.1  25.6  26.1  20.1 99.0 99.00
2016 06 03 11 50 128  4.9  6.0  1.47  9.09  6.40 136 1022.6  25.6  26.1  20.5 99.0 99.00
2016 06 03 12 50 129  4.5  5.2  1.36  9.09  6.11 141 1022.8  25.6  26.1  20.5 99.0 99.00
2016 06 03 13 50 130  5.1  6.1  1.48  8.33  6.31 127 1022.6  25.6  26.2  20.0 99.0 99.00
2016 06 03 14 50 132  5.0  6.1  1.46  9.09  6.57 120 1022.7  25.6  26.3  20.8 99.0 99.00
2016 06 03 15 50 131  5.1  6.3  1.37 11.43  6.58  42 1022.5  25.6  26.4  21.0 99.0 99.00
2016 06 03 16 50 134  5.2  5.9  1.25  7.69  6.05 124 1022.1  25.7  26.5  21.1 99.0 99.00
2016 06 03 17 50 132  5.3  6.2  1.31 12.12  6.49  56 1021.5  25.8  26.6  21.3 99.0 99.00
2016 06 03 18 50 125  4.4  5.3  1.35  8.33  6.19 133 1021.1  25.8  26.6  21.7 99.0 99.00
2016 06 03 19 50 138  4.3  5.3  1.31  8.33  6.00 136 1020.6  26.1  26.6  21.5 99.0 99.00
2016 06 03 20 50 137  5.0  5.8  1.43  7.69  6.33 126 1020.7  26.0  26.6  21.6 99.0 99.00
2016 06 03 21 50 135  4.9  6.1  1.28  8.33  5.89 123 1020.7  26.1  26.5  22.0 99.0 99.00
2016 06 03 22 50 141  4.7  5.7  1.22  9.09  5.70 112 1020.8  26.0  26.5  21.9 99.0 99.00
2016 06 03 23 50 160  4.8  5.6  1.21  9.09  5.79 121 1021.1  25.9  26.4  22.1 99.0 99.00
2016 06 04 00 50 164  3.8  4.7  1.15  8.33  5.99 142 1021.8  25.9  26.4  21.7 99.0 99.00
2016 06 04 01 50 151  3.9  4.6  1.14  7.69  6.05 132 1021.7  25.9  26.4  21.9 99.0 99.00
2016 06 04 02 50 159  4.0  5.0  1.13  8.33  5.91 130 1021.7  25.8  26.4  21.9 99.0 99.00
2016 06 04 03 50 153  4.2  5.1  1.08  9.09  6.05 141 1021.2  25.7  26.3  21.4 99.0 99.00
2016 06 04 04 50 150  4.5  5.4  1.16  9.09  6.39 131 1020.7  25.7  26.3  21.6 99.0 99.00
2016 06 04 05 50 154  4.7  5.7  1.28  8.33  6.45 124 1020.1  25.5  26.3  22.0 99.0 99.00
2016 06 04 06 50 167  3.8  4.5  1.06  9.09  6.07 119 1019.8  25.5  26.2  21.1 99.0 99.00
2016 06 04 07 50 178  3.4  4.2  1.06  8.33  5.98 134 1019.7  25.4  26.2  21.4 99.0 99.00
2016 06 04 08 50 184  3.3  4.1  1.07  9.09  6.25 139 1019.8  25.3  26.2  21.5 99.0 99.00
2016 06 04 09 50 182  3.0  3.5  1.07  9.09  6.18 132 1020.0  25.3  26.2  21.4 99.0 99.00
2016 06 04 10 50 163  2.8  3.4  1.07  9.09  6.23 131 1020.3  25.6  26.2  21.6 99.0 99.00
2016 06 04 11 50 165  3.0  3.7  0.97  8.33  5.97 115 1020.4  25.6  26.2  21.4 99.0 99.00
2016 06 04 12 50 166  3.7  4.6  1.11  8.33  6.37 127 1020.7  25.7  26.3  21.4 99.0 99.00
2016 06 04 13 50 171  3.4  4.3  1.01  8.33  6.08 121 1020.9  25.7  26.4  21.7 99.0 99.00
2016 06 04 14 50 178  3.7  4.6  0.99  8.33  6.14 123 1021.0  25.9  26.4  21.6 99.0 99.00
2016 06 04 15 50 180  3.2  3.9  1.01  8.33  6.39 130 1021.0  25.9  26.6  21.8 99.0 99.00
2016 06 04 16 50 180  3.0  3.8  0.96  8.33  6.09 129 1020.5  25.9  26.7  21.8 99.0 99.00
2016 06 04 17 50 185  3.3  4.0  1.02  8.33  6.22 140 1019.8  26.0  26.8  22.1 99.0 99.00
2016 06 04 18 50 181  3.6  4.4  1.03  9.09  6.40 117 1019.1  26.0  26.8  22.2 99.0 99.00
2016 06 04 19 50 188  3.6  4.6  0.98  8.33  6.11 127 1018.7  26.1  26.8  21.5 99.0 99.00
2016 06 04 20 50 188  3.8  4.8  1.06  8.33  6.13 137 1018.4  26.2  26.6  21.8 99.0 99.00
2016 06 04 21 50 172  3.9  4.9  1.04  8.33  6.13 127 1018.2  26.0  26.6  22.0 99.0 99.00
2016 06 04 22 50 176  3.0  4.3  1.01  7.69  6.11 128 1018.4  25.9  26.6  22.2 99.0 99.00
2016 06 05 00 50 186  2.2  3.0  0.93  9.09  5.90 135 1019.0  25.9  26.5  22.7 99.0 99.00
2016 06 05 01 50 224  1.2  1.7  1.01  8.33  6.20 131 1019.3  25.6  26.4  21.8 99.0 99.00
2016 06 05 02 50 179  2.6  3.2  0.99  8.33  6.36 131 1019.0  25.8  26.4  22.4 99.0 99.00
2016 06 05 03 50 196  4.5  5.4  0.92  8.33  6.11 139 1018.5  25.9  26.4  22.5 99.0 99.00
2016 06 05 04 50 192  4.7  5.7  0.93  7.69  6.23 136 1018.1  25.9  26.4  22.8 99.0 99.00
2016 06 05 05 50 213  4.4  5.4  1.06  9.09  6.35 116 1017.9  25.8  26.4  22.0 99.0 99.00
2016 06 05 06 50 214  3.9  4.9  1.02  7.69  6.33 127 1017.8  25.6  26.4  22.7 99.0 99.00
2016 06 05 07 50 223  4.8  7.0  0.97 10.00  6.28 114 1017.7  25.6  26.3  22.4 99.0 99.00
2016 06 05 08 50 232  3.4  4.1  1.02  9.09  6.23 130 1017.8  25.6  26.3  22.3 99.0 99.00
2016 06 05 09 50 252  2.5  3.1  0.90  9.09  5.90 118 1018.2  25.6  26.3  22.5 99.0 99.00
2016 06 05 10 50 223  2.1  2.6  0.99  9.09  6.36 137 1018.4  26.0  26.3  22.5 99.0 99.00
2016 06 05 11 50 228  2.8  3.5  0.96  8.33  6.55 120 1018.7  26.0  26.4  22.6 99.0 99.00
2016 06 05 12 50 229  2.6  3.4  0.93  8.33  6.38 125 1019.1  26.0  26.5  22.4 99.0 99.00
2016 06 05 13 50 242  2.3  2.9  1.09  9.09  6.85 109 1019.5  25.9  26.7  22.3 99.0 99.00
2016 06 05 14 50 244  1.9  2.8  1.01  8.33  6.69 113 1019.8  26.0  27.0  22.8 99.0 99.00
2016 06 05 15 50 235  2.3  3.1  1.02  7.69  6.69 112 1019.8  26.0  27.4  22.5 99.0 99.00
2016 06 05 16 50 223  2.1  2.8  1.04  8.33  6.89 119 1019.5  26.1  27.7  22.8 99.0 99.00
2016 06 05 17 50 212  3.2  4.2  1.16  9.09  6.89 117 1018.9  26.2  27.5  22.2 99.0 99.00
2016 06 05 18 50 200  3.3  4.1  1.04  9.09  6.82 123 1018.6  26.4  27.4  22.4 99.0 99.00
2016 06 05 19 50 211  2.7  3.5  1.01  8.33  6.67 128 1018.8  26.6  27.5  21.8 99.0 99.00
2016 06 05 20 50 210  2.5  3.4  0.96  9.09  6.49 102 1018.8  26.8  27.5  21.9 99.0 99.00
2016 06 05 21 50 227  2.5  3.0  1.00  8.33  6.64 108 1019.0  26.9  27.3  21.6 99.0 99.00
2016 06 05 22 50 218  2.2  2.7  1.04  8.33  6.53 118 1019.3  26.5  27.3  21.2 99.0 99.00
2016 06 05 23 50 202  2.3  2.8  0.95  9.09  6.09 113 1019.5  26.3  27.2  22.0 99.0 99.00
2016 06 06 00 50 199  2.9  3.6  0.99  8.33  6.47  86 1019.7  26.3  27.1  22.5 99.0 99.00
2016 06 06 01 50 220  2.7  3.3  1.03  8.33  6.57 120 1020.2  26.2  27.0  22.7 99.0 99.00
2016 06 06 02 50 195  2.9  3.6  1.11  9.09  6.70 118 1020.0  26.2  26.9  22.3 99.0 99.00
2016 06 06 03 50 215  3.6  4.2  1.03  9.09  6.75 105 1020.0  26.1  26.8  22.6 99.0 99.00
2016 06 06 04 50 212  2.9  4.1  1.02  8.33  6.52  74 1019.7  26.1  26.8  22.9 99.0 99.00
2016 06 06 05 50 207  3.9  5.8  1.06  8.33  6.63 115 1019.5  26.0  26.8  23.1 99.0 99.00
2016 06 06 06 50 220  4.1  5.0  1.05  8.33  6.34 100 1019.6  26.0  26.8  23.1 99.0 99.00
2016 06 06 07 50 226  3.8  4.9  1.08  8.33  6.50  47 1019.5  25.9  26.8  23.1 99.0 99.00
2016 06 06 08 50 230  3.5  4.4  1.02  7.69  6.30 110 1019.8  26.0  26.8  22.7 99.0 99.00
2016 06 06 09 50 213  2.0  2.8  1.14  7.69  6.41  97 1020.1  25.5  26.8  22.4 99.0 99.00
2016 06 06 10 50 218  3.4  4.2  1.09  8.33  6.39 121 1020.4  26.1  26.7  22.4 99.0 99.00
2016 06 06 11 50 238  2.7  3.7  1.01  8.33  6.25  96 1020.7  26.1  26.7  22.6 99.0 99.00
2016 06 06 12 50 307  2.6  3.1  1.06  7.14  6.38 350 1020.8  25.3  26.7  22.7 99.0 99.00
2016 06 06 13 50 247  1.6  2.4  1.13  9.09  6.35 114 1020.8  25.8  27.0  22.4 99.0 99.00
2016 06 06 14 50 173  3.1  3.8  1.01  8.33  6.10 114 1020.8  26.2  27.3  22.1 99.0 99.00
2016 06 06 15 50 201  2.8  3.7  0.99  9.09  6.04 128 1020.9  26.3  27.3  21.8 99.0 99.00
2016 06 06 16 50 202  3.4  4.4  1.11  8.33  6.46 109 1020.9  26.4  27.4  22.8 99.0 99.00
2016 06 06 18 50 193  3.2  4.0  1.04  9.09  6.43 118 1020.1  26.5  27.5  21.8 99.0 99.00
2016 06 06 19 50 177  3.8  4.8  1.06  9.09  6.33 118 1019.6  26.4  27.4  21.9 99.0 99.00
2016 06 06 20 50 206  2.7  4.1  1.07 12.90  6.52  31 1019.8  26.7  27.4  21.5 99.0 99.00
2016 06 06 21 50 215  2.7  3.5  1.00  9.09  6.45 105 1019.9  26.8  27.4  21.6 99.0 99.00
2016 06 06 22 50 207  2.9  3.8  0.98 12.12  6.33  41 1020.2  26.4  27.3  21.7 99.0 99.00
2016 06 06 23 50 230  2.6  3.4  0.98 12.12  6.49  57 1020.7  26.3  27.2  21.8 99.0 99.00
2016 06 07 00 50 206  2.1  3.1  1.01 12.12  6.63  48 1020.9  26.2  27.1  22.1 99.0 99.00
2016 06 07 01 50 187  2.6  3.1  0.91 12.90  6.21  38 1021.1  26.2  27.0  22.1 99.0 99.00
2016 06 07 02 50 191  2.7  3.6  0.91  9.09  6.47  98 1021.1  26.1  27.0  21.9 99.0 99.00
2016 06 07 03 50 184  3.2  4.1  0.91 12.12  6.62  34 1021.0  26.0  26.9  21.4 99.0 99.00
2016 06 07 04 50 185  3.0  3.9  0.95 12.12  6.87  38 1020.6  26.0  26.9  21.5 99.0 99.00
2016 06 07 05 50 193  4.3  5.7  0.89  8.33  6.47 123 1020.0  25.9  26.9  22.3 99.0 99.00
2016 06 07 06 50 184  4.4  5.2  0.98 12.12  6.81  36 1019.7  25.9  26.9  21.9 99.0 99.00
2016 06 07 07 50 179  4.5  5.5  0.92 12.12  6.37  49 1019.5  25.8  26.9  22.3 99.0 99.00
2016 06 07 08 50 176  4.5  5.4  0.98 11.43  6.34  35 1019.5  25.8  26.8  22.1 99.0 99.00
2016 06 07 09 50 181  5.9  7.0  0.89 11.43  5.88  36 1019.6  25.9  26.8  22.5 99.0 99.00
2016 06 07 10 50 180  5.5  6.7  0.93 12.12  5.76  38 1019.5  26.2  26.7  22.9 99.0 99.00
2016 06 07 11 50 180  5.6  6.3  0.94 11.43  5.44  48 1019.8  26.1  26.8  22.3 99.0 99.00
2016 06 07 12 50 175  4.8  5.9  0.93 11.43  5.25  50 1019.9  26.1  26.8  22.2 99.0 99.00
2016 06 07 13 50 192  5.2  6.1  0.90 10.81  5.25  61 1020.1  26.2  26.9  22.5 99.0 99.00
2016 06 07 14 50 184  5.2  6.3  0.95  9.09  5.28 118 1020.1  26.2  27.0  22.2 99.0 99.00
2016 06 07 15 50 180  6.0  7.3  0.96 12.12  5.47  24 1020.0  26.3  27.1  22.1 99.0 99.00
2016 06 07 16 50 189  5.9  6.8  0.91  8.33  5.18 105 1019.8  26.3  27.1  22.5 99.0 99.00
2016 06 07 17 50 193  5.8  7.0  0.90  8.33  5.15 135 1019.5  26.5  27.1  21.9 99.0 99.00
2016 06 07 18 50 198  6.2  7.3  0.93  9.09  4.97  87 1019.3  26.5  27.1  21.8 99.0 99.00
2016 06 07 19 50 201  6.2  7.4  0.97  8.33  5.04 115 1018.7  26.5  27.1  22.1 99.0 99.00
2016 06 07 20 50 195  5.7  6.8  0.98 10.81  5.03  43 1018.5  26.6  27.1  22.3 99.0 99.00
2016 06 07 21 50 190  6.2  7.2  1.00 11.43  5.10  21 1018.6  26.7  27.1  22.1 99.0 99.00
2016 06 07 22 50 194  6.1  6.7  0.98 10.00  4.84  52 1019.4  26.5  27.0  22.2 99.0 99.00
2016 06 07 23 50 197  5.1  6.0  1.00 10.81  5.05  32 1019.9  26.5  26.9  22.2 99.0 99.00
2016 06 08 00 50 201  5.7  6.9  1.00 11.43  5.04  47 1020.2  26.4  26.9  22.3 99.0 99.00
2016 06 08 01 50 195  5.0  6.0  1.01  8.33  4.93 111 1021.0  26.4  26.8  22.3 99.0 99.00
2016 06 08 02 50 185  5.4  6.5  0.94 10.81  5.09  24 1020.6  26.3  26.8  22.0 99.0 99.00
2016 06 08 03 50 188  6.1  7.2  0.93 10.00  5.02  33 1020.5  26.2  26.8  22.1 99.0 99.00
2016 06 08 04 50 179  7.5  8.8  0.96 10.81  4.83  61 1019.5  26.1  26.8  21.8 99.0 99.00
2016 06 08 05 50 183  7.2  8.5  1.03  4.55  4.62 197 1018.9  26.0  26.8  22.0 99.0 99.00
2016 06 08 06 50 184  8.1  9.9  1.06  8.33  4.72 120 1018.3  26.0  26.7  22.9 99.0 99.00
2016 06 08 07 50 188  8.3 10.4  1.13  4.00  4.60 197 1017.9  26.1  26.7  23.3 99.0 99.00
2016 06 08 08 50 190  7.1  8.8  1.14  4.76  4.52 195 1018.3  26.2  26.7  23.8 99.0 99.00
2016 06 08 09 50 198  7.2  8.5  1.15 10.00  4.74  48 1018.8  26.2  26.6  23.7 99.0 99.00
2016 06 08 10 50 193  7.3  8.6  1.13  4.76  4.59 188 1018.9  26.5  26.6  24.1 99.0 99.00
2016 06 08 11 50 197  7.2  8.3  1.14  4.76  4.73 196 1019.2  26.6  26.7  24.2 99.0 99.00
2016 06 08 12 50 197  7.6  9.7  1.13  4.55  4.64 194 1019.4  26.6  26.7  24.1 99.0 99.00
2016 06 08 13 50 200  8.3  9.8  1.06  4.76  4.44 197 1019.3  26.7  26.8  24.1 99.0 99.00
2016 06 08 14 50 199  8.4  9.6  1.13  8.33  4.51 119 1019.2  26.7  26.8  24.4 99.0 99.00
2016 06 08 15 50 202  8.6 10.0  1.13  4.76  4.44 200 1019.3  26.8  26.8  24.2 99.0 99.00
2016 06 08 17 50 211  8.2 10.1  1.25  4.76  4.48 214 1019.1  26.9  26.9  24.1 99.0 99.00
2016 06 08 18 50 210  7.1  8.4  1.25  5.00  4.58 199 1019.0  27.0  26.9  24.6 99.0 99.00
2016 06 08 19 50 212  7.7  9.7  1.22  5.00  4.71 202 1018.8  27.0  27.0  24.5 99.0 99.00
2016 06 08 20 50 216  6.9  8.3  1.20  5.00  4.65 201 1018.5  27.1  27.0  24.6 99.0 99.00
2016 06 08 21 50 210  6.4  7.4  1.15  5.26  4.63 205 1018.7  27.0  27.0  24.9 99.0 99.00
2016 06 08 22 50 213  5.7  6.9  1.17  5.26  4.99 206 1019.1  26.8  26.9  25.0 99.0 99.00
2016 06 08 23 50 211  5.7  6.7  1.17  5.26  4.97 203 1019.4  26.8  26.9  25.1 99.0 99.00
2016 06 09 00 50 194  5.3  6.3  1.11  5.26  4.94 207 1019.7  26.7  26.8  25.3 99.0 99.00
2016 06 09 01 50 195  5.8  6.7  1.08  5.26  4.88 185 1020.2  26.7  26.8  25.3 99.0 99.00
2016 06 09 02 50 199  6.8  8.2  1.06  4.76  4.78 205 1020.0  26.7  26.8  25.4 99.0 99.00
2016 06 09 03 50 197  7.7  9.1  1.07  5.26  4.79 217 1019.5  26.7  26.8  25.4 99.0 99.00
2016 06 09 04 50 213  7.7  9.3  1.11  5.00  4.63 172 1019.2  26.6  26.7  25.1 99.0 99.00
2016 06 09 05 50 213  7.1  8.8  1.07  4.17  4.56 200 1018.8  26.6  26.7  25.2 99.0 99.00
2016 06 09 06 50 217  8.0  9.4  1.13  5.00  4.65 198 1018.7  26.6  26.7  24.8 99.0 99.00
2016 06 09 07 50 211  7.8  9.3  1.15  5.26  4.74 216 1018.4  26.6  26.7  24.9 99.0 99.00
2016 06 09 08 50 210  7.7  9.2  1.19 12.90  4.70 281 1018.6  26.6  26.7  24.9 99.0 99.00
2016 06 09 09 50 213  7.4  8.8  1.20  4.55  4.64 213 1018.8  26.6  26.7  24.8 99.0 99.00
2016 06 09 10 50 217  7.3  8.6  1.30 12.90  4.91 277 1019.0  26.7  26.7  24.6 99.0 99.00
2016 06 09 11 50 207  7.7  9.0  1.31 12.12  5.15 277 1019.1  26.8  26.7  24.7 99.0 99.00
2016 06 09 12 50 212  7.3  8.6  1.34 12.12  5.18 284 1019.5  26.8  26.8  25.0 99.0 99.00
2016 06 09 13 50 211  7.5  8.9  1.48 11.43  5.32 286 1019.8  26.8  26.8  25.1 99.0 99.00
2016 06 09 14 50 209  6.9  7.9  1.49 11.43  5.56 280 1019.8  26.9  26.9  25.3 99.0 99.00
2016 06 09 15 50 217  7.3  8.4  1.48 10.81  5.46 287 1019.8  26.9  26.9  25.3 99.0 99.00
2016 06 09 16 50 227  8.1 10.1  1.36 10.00  5.07 311 1019.5  27.0  27.0  25.1 99.0 99.00
2016 06 09 17 50 226  7.8  8.8  1.40 10.00  5.09 292 1019.2  27.0  27.0  25.1 99.0 99.00
2016 06 09 18 50 217  7.9  9.4  1.40 10.00  5.19 280 1018.6  27.1  27.0  25.3 99.0 99.00
2016 06 09 19 50 221  7.3  8.7  1.41  9.09  5.16 310 1018.2  27.1  27.0  25.3 99.0 99.00
2016 06 09 20 50 220  7.2  8.7  1.54 10.00  5.34 296 1018.2  26.9  27.0  25.0 99.0 99.00
2016 06 09 21 50 214  7.1  8.4  1.50  9.09  5.37 275 1018.2  26.9  27.0  25.5 99.0 99.00
2016 06 09 22 50 221  7.0  8.9  1.46  8.33  5.45 261 1018.6  26.9  27.0  25.5 99.0 99.00
2016 06 09 23 50 218  6.7  8.2  1.47  5.56  5.40 216 1018.8  26.9  26.9  25.5 99.0 99.00
2016 06 10 00 50 224  7.0  8.1  1.47  9.09  5.36 293 1019.2  26.9  26.9  25.4 99.0 99.00
2016 06 10 01 50 229  6.8  8.2  1.49  8.33  5.54 309 1019.2  26.8  26.9  25.3 99.0 99.00
2016 06 10 02 50 231  6.4  7.7  1.47  9.09  5.57 301 1019.3  26.9  26.9  25.6 99.0 99.00
2016 06 10 03 50 225  6.2  7.6  1.46  9.09  5.48 302 1019.0  26.5  26.9  24.8 99.0 99.00
2016 06 10 04 50 221  6.3  7.2  1.39  9.09  5.38 283 1018.4  26.7  26.8  24.9 99.0 99.00
2016 06 10 05 50 232  7.3  8.6  1.43  9.09  5.39 299 1017.7  26.7  26.8  25.3 99.0 99.00
2016 06 10 06 50 229  7.6  8.9  1.51  9.09  5.51 304 1017.5  26.7  26.8  25.2 99.0 99.00
2016 06 10 07 50 242  7.4  8.9  1.62  9.09  5.48 299 1017.3  26.7  26.8  25.0 99.0 99.00
2016 06 10 08 50 242  7.1  8.4  1.52  8.33  5.54 284 1017.5  26.6  26.8  24.8 99.0 99.00
2016 06 10 09 50 240  6.3  7.3  1.58  8.33  5.68 285 1017.9  26.6  26.8  24.7 99.0 99.00
2016 06 10 10 50 237  6.2  7.2  1.49  8.33  5.51 294 1018.3  26.8  26.8  24.7 99.0 99.00
2016 06 10 11 50 230  5.8  6.5  1.46  8.33  5.44 281 1018.6  26.8  26.9  24.7 99.0 99.00
2016 06 10 12 50 214  6.2  7.8  1.52  7.69  5.51 290 1018.6  26.8  26.9  24.8 99.0 99.00
2016 06 10 13 50 215  6.9  7.9  1.49  8.33  5.62 285 1018.6  26.8  26.9  24.7 99.0 99.00
2016 06 10 14 50 214  7.9  9.3  1.50  7.69  5.40 274 1018.8  26.9  27.0  24.7 99.0 99.00
2016 06 10 15 50 222  7.5  8.7  1.43  7.14  5.25 264 1018.7  27.0  27.0  24.6 99.0 99.00
2016 06 10 16 50 211  8.0  9.2  1.51  8.33  5.25 288 1018.3  27.0  27.0  24.8 99.0 99.00
2016 06 10 17 50 215  8.8 10.6  1.54  7.69  5.25 291 1018.0  27.1  27.1  24.8 99.0 99.00
2016 06 10 18 50 223  8.9 10.4  1.61  7.69  5.18 286 1017.6  27.2  27.1  24.7 99.0 99.00
2016 06 10 19 50 219  9.2 11.1  1.57  7.69  5.13 272 1017.2  27.2  27.1  24.6 99.0 99.00
2016 06 10 20 50 215  9.4 11.9  1.69  5.00  5.15 226 1016.8  27.2  27.1  24.5 99.0 99.00
2016 06 10 21 50 216  9.4 11.7  1.64  5.56  5.11 238 1016.9  27.1  27.0  24.9 99.0 99.00
2016 06 10 22 50 222  9.7 11.2  1.81  5.26  5.39 241 1017.1  27.1  27.0  24.5 99.0 99.00
2016 06 10 23 50 219  8.9 10.4  1.81  5.00  5.40 223 1017.4  27.1  27.0  24.9 99.0 99.00
2016 06 11 00 50 225  8.4  9.8  1.82  5.26  5.49 234 1017.8  27.1  27.0  25.1 99.0 99.00
2016 06 11 01 50 226  8.3  9.9  1.98  7.69  5.68 306 1018.0  27.1  27.0  25.3 99.0 99.00
2016 06 11 02 50 229  9.1 11.2  1.96  5.56  5.61 234 1017.8  27.1  26.9  25.1 99.0 99.00
2016 06 11 03 50 267  8.3 10.9  1.84 10.00  5.67 330 1017.5  26.0  26.9  24.2 99.0 99.00
2016 06 11 04 50 255 11.1 13.5  1.90 10.00  5.30 332 1017.0  24.8  26.9  22.9 99.0 99.00
2016 06 11 05 50 230  8.4  9.9  2.05  6.25  5.71 268 1016.4  25.7  26.9  24.5 99.0 99.00
2016 06 11 06 50 255  9.6 11.2  2.02  7.14  5.67 287 1016.2  26.4  26.9  23.9 99.0 99.00
2016 06 11 07 50 279  8.1  9.4  2.11  7.14  5.92 283 1016.0  26.3  26.9  23.5 99.0 99.00
2016 06 11 08 50 303  8.2 10.0  2.31  6.25  6.04 247 1016.6  26.1  26.9  23.3 99.0 99.00
2016 06 11 09 50 337  7.7  9.3  1.92  7.69  5.84 284 1017.4  25.4  26.8  23.0 99.0 99.00
2016 06 11 10 50 348  7.3  9.0  2.08  7.69  5.95 291 1018.0  25.2  26.8  22.3 99.0 99.00
2016 06 11 11 50 355  6.7  8.2  2.11  7.69  6.05 299 1018.8  25.4  26.8  22.0 99.0 99.00
2016 06 11 12 50   2  6.1  7.6  1.88  6.67  5.83 267 1019.3  25.4  26.8  21.5 99.0 99.00
2016 06 11 13 50  10  5.2  6.4  1.72  7.14  5.78 278 1019.5  25.4  26.9  20.9 99.0 99.00
2016 06 11 14 50   6  5.6  6.7  1.72  7.69  5.90 285 1020.1  25.5  26.9  20.8 99.0 99.00
2016 06 11 15 50   7  5.0  6.5  1.71 10.00  5.92 338 1020.2  25.4  26.9  20.4 99.0 99.00
2016 06 11 17 50   2  3.7  5.1  1.74  7.69  6.03 299 1019.8  25.4  26.9  19.9 99.0 99.00
2016 06 11 18 50   1  3.8  4.9  1.54  6.25  5.91 304 1019.8  25.4  26.9  19.2 99.0 99.00
2016 06 11 19 50  26  2.6  3.8  1.65  6.25  6.01 286 1019.7  25.4  26.9  19.1 99.0 99.00
2016 06 11 20 50  22  3.1  4.5  1.54  9.09  5.99 335 1019.5  25.2  26.9  19.8 99.0 99.00
2016 06 11 21 50  23  2.9  4.0  1.55  6.67  6.04 276 1019.9  25.2  26.9  19.4 99.0 99.00
2016 06 11 22 50  35  2.1  2.8  1.60  9.09  6.27 344 1020.0  25.3  26.9  19.2 99.0 99.00
2016 06 11 23 50  53  1.9  2.8  1.66 10.00  6.27 352 1020.2  25.0  26.8  19.1 99.0 99.00
2016 06 12 00 50  42  1.8  2.5  1.46  9.09  6.06 339 1020.5  25.0  26.8  19.6 99.0 99.00
2016 06 12 01 50  38  1.6  2.2  1.39  7.14  5.97 302 1020.8  25.0  26.8  19.6 99.0 99.00
2016 06 12 02 50  47  1.3  2.1  1.45  9.09  6.20 339 1020.9  24.9  26.8  19.6 99.0 99.00
2016 06 12 03 50 355  1.8  2.8  1.39  9.09  6.03 344 1020.6  24.8  26.8  19.4 99.0 99.00
2016 06 12 04 50   9  1.3  2.2  1.44  9.09  6.23 341 1020.3  24.6  26.8  19.0 99.0 99.00
2016 06 12 05 50   5  1.3  2.1  1.36  9.09  6.03 343 1019.8  24.6  26.7  18.9 99.0 99.00
2016 06 12 06 50 352  2.7  3.9  1.15  9.09  5.70 338 1019.6  24.6  26.7  18.6 99.0 99.00
2016 06 12 07 50 350  2.3  3.3  1.24  8.33  5.92 334 1019.6  24.6  26.7  18.0 99.0 99.00
2016 06 12 08 50  21  2.6  3.8  1.23  9.09  5.85 348 1019.8  24.6  26.7  18.2 99.0 99.00
2016 06 12 09 50  24  3.2  4.2  1.17  8.33  5.84 348 1020.1  24.8  26.7  18.2 99.0 99.00
2016 06 12 10 50  34  2.9  4.1  1.05  7.69  5.62 345 1020.4  25.1  26.7  18.3 99.0 99.00
2016 06 12 11 50  32  2.8  3.6  1.06  8.33  5.71 343 1020.7  25.0  26.7  17.9 99.0 99.00
2016 06 12 12 50  63  3.2  4.1  1.04  8.33  5.85 346 1020.8  24.9  26.8  17.8 99.0 99.00
2016 06 12 13 50  64  2.8  3.8  1.05  8.33  5.93 347 1020.8  24.9  26.9  17.9 99.0 99.00
2016 06 12 14 50  89  2.8  4.2  1.08  8.33  6.05 346 1020.9  25.0  27.0  18.3 99.0 99.00
2016 06 12 15 50 110  3.2  4.3  1.09  7.69  6.19 342 1020.9  25.1  27.2  18.9 99.0 99.00
2016 06 12 16 50 122  3.4  4.2  1.02  8.33  6.15 360 1020.3  25.3  27.3  19.7 99.0 99.00
2016 06 12 17 50 119  3.7  4.9  0.93  8.33  5.85 342 1019.4  25.5  27.4  20.0 99.0 99.00
2016 06 12 18 50 113  3.5  4.5  0.86  8.33  5.95   7 1019.1  25.7  27.4  20.5 99.0 99.00
2016 06 12 19 50 141  5.2  6.3  0.98  8.33  6.04 360 1019.2  25.8  27.2  20.9 99.0 99.00
2016 06 12 20 50 133  5.0  6.6  0.97  8.33  6.38 358 1019.2  25.3  27.1  21.8 99.0 99.00
2016 06 12 21 50 108  2.9  3.6  0.87  8.33  5.47 346 1019.3  25.0  27.0  22.3 99.0 99.00
2016 06 12 22 50 157  5.6  6.7  0.82  7.69  5.55 356 1019.0  26.1  27.0  23.0 99.0 99.00
2016 06 12 23 50 199  6.3  7.7  0.89  7.69  5.32 347 1019.1  26.1  26.9  23.4 99.0 99.00
2016 06 13 00 50 197  5.3  6.6  0.89  8.33  4.96  16 1019.1  26.1  26.9  23.5 99.0 99.00
2016 06 13 01 50 193  5.9  6.8  0.96  8.33  5.29   5 1019.1  26.3  26.9  24.0 99.0 99.00
2016 06 13 02 50 196  5.8  7.2  0.87  7.69  4.66  13 1018.7  26.4  26.8  24.2 99.0 99.00
2016 06 13 03 50 223  5.6  7.2  0.90  7.14  4.69 351 1018.3  26.1  26.8  23.8 99.0 99.00
2016 06 13 04 50 204  5.9  7.4  0.92  7.14  4.24 336 1017.9  24.6  26.8  22.6 99.0 99.00
2016 06 13 05 50 202  6.6  7.6  0.98  7.69  4.46   3 1017.0  26.1  26.8  22.8 99.0 99.00
2016 06 13 06 50 207  5.2  6.1  0.96  7.69  4.64 357 1016.6  25.9  26.7  23.9 99.0 99.00
2016 06 13 07 50 161  5.1  6.9  0.98  7.14  4.57 345 1017.2  23.7  26.7  21.9 99.0 99.00
2016 06 13 08 50 209  6.2  7.2  0.94  7.14  4.71 350 1016.6  25.6  26.7  22.8 99.0 99.00
2016 06 13 09 50 206  4.5  5.0  1.04  7.14  4.79 346 1017.1  26.1  26.7  23.6 99.0 99.00
2016 06 13 10 50 181  6.2  7.1  1.03  7.14  5.02 347 1017.6  25.9  26.7  24.3 99.0 99.00
2016 06 13 11 50 210  8.1 10.0  1.05  7.14  4.47 341 1018.5  24.5  26.7  22.4 99.0 99.00
2016 06 13 12 50 206  7.9  9.6  1.13  4.55  4.55 197 1018.3  24.7  26.7  22.2 99.0 99.00
2016 06 13 13 50 188  8.0  9.6  1.06  4.35  4.45 193 1018.3  25.2  26.7  22.5 99.0 99.00
2016 06 13 14 50 196  6.4  7.8  1.12  4.76  4.58 204 1019.0  25.5  26.7  22.3 99.0 99.00
2016 06 13 15 50 184  5.6  6.5  1.08  5.26  4.64 208 1018.5  26.2  26.7  22.6 99.0 99.00
2016 06 13 16 50 184  7.7  9.3  1.12  5.00  4.69 211 1017.9  26.2  26.8  23.4 99.0 99.00
2016 06 13 17 50 220  8.4 10.5  1.05  5.00  4.53 200 1017.9  23.5  26.8  21.4 99.0 99.00
2016 06 13 18 50 240  6.8  8.3  1.10  5.00  4.41 226 1017.8  25.0  26.7  21.8 99.0 99.00
2016 06 13 19 50 204  4.5  5.6  1.03  4.76  4.47 205 1017.4  25.5  26.7  23.0 99.0 99.00
2016 06 13 20 50 190  5.6  7.0  1.03  5.00  4.38 197 1017.5  23.9  26.6  22.9 99.0 99.00
2016 06 13 21 50 211  6.7  8.7  1.15  5.00  4.62 198 1017.8  25.9  26.6  23.3 99.0 99.00
2016 06 13 22 50 242  9.8 11.0  1.25  5.26  4.22 189 1018.3  23.9  26.6  22.1 99.0 99.00
2016 06 13 23 50 210  8.0  9.9  1.23  5.56  4.48 212 1018.9  24.1  26.6  21.8 99.0 99.00
2016 06 14 00 50 223  5.0  6.1  1.16  5.26  4.57 208 1018.5  24.3  26.6  21.6 99.0 99.00
2016 06 14 01 50 178  5.2  5.9  1.11  5.56  4.64 205 1018.2  24.8  26.6  22.5 99.0 99.00
2016 06 14 02 50 186  5.6  6.8  1.18  5.56  4.90 200 1018.0  25.0  26.6  22.8 99.0 99.00
2016 06 14 03 50 188  5.5  6.4  1.19  5.26  4.86 203 1017.7  25.1  26.6  23.2 99.0 99.00
2016 06 14 04 50 193  5.4  6.3  1.25  5.56  4.90 192 1017.3  25.6  26.6  23.1 99.0 99.00
2016 06 14 05 50 189  6.5  7.7  1.42  5.88  4.96 193 1016.8  25.9  26.6  23.2 99.0 99.00
2016 06 14 06 50 185  7.7  9.4  1.50  5.56  5.11 207 1016.0  26.0  26.6  23.4 99.0 99.00
2016 06 14 07 50 187  8.5  9.6  1.50  6.25  5.13 237 1016.6  26.2  26.6  23.8 99.0 99.00
2016 06 14 08 50 194  8.1  9.6  1.53  5.88  5.18 210 1016.6  26.4  26.6  23.6 99.0 99.00
2016 06 14 09 50 194  7.6  8.7  1.47  7.14  5.16 243 1017.3  26.4  26.6  24.6 99.0 99.00
2016 06 14 10 50 199  7.8  9.2  1.54  6.67  5.24 237 1018.0  26.6  26.6  24.7 99.0 99.00
2016 06 14 11 50 209  8.2  9.4  1.39  6.25  4.90 228 1018.5  26.7  26.6  23.2 99.0 99.00
2016 06 14 12 50 209  8.3  9.7  1.39  6.25  4.88 230 1018.6  26.7  26.6  23.4 99.0 99.00
2016 06 14 13 50 208  8.3  9.6  1.39  6.25  4.89 237 1019.0  26.4  26.6  23.9 99.0 99.00
2016 06 14 14 50 205  8.7 10.2  1.43  5.88  5.00 216 1019.3  26.6  26.7  23.8 99.0 99.00
2016 06 14 15 50 214  9.7 11.3  1.51  6.67  4.90 208 1019.4  26.0  26.7  24.1 99.0 99.00
2016 06 14 16 50 233  9.8 12.8  1.65  6.25  4.98 205 1019.1  26.2  26.7  23.9 99.0 99.00
2016 06 14 17 50 253  9.3 11.1  1.97  5.88  5.23 216 1018.6  25.8  26.7  23.8 99.0 99.00
2016 06 14 18 50 232  8.2  9.7  1.70  5.88  5.19 211 1017.7  26.3  26.7  23.2 99.0 99.00
2016 06 14 19 50 225  8.2  9.9  1.79  6.25  5.40 221 1017.6  26.3  26.7  24.2 99.0 99.00
2016 06 14 20 50 226  8.5 10.2  1.84  6.25  5.42 229 1018.0  26.6  26.8  24.1 99.0 99.00
2016 06 14 21 50 237  8.4  9.6  1.89  6.25  5.39 227 1018.3  26.7  26.8  24.2 99.0 99.00
2016 06 14 22 50 234  7.5  9.1  1.76  6.25  5.32 219 1018.8  26.7  26.7  24.4 99.0 99.00
2016 06 14 23 50 228  8.3  9.8  1.82  6.67  5.51 225 1019.2  26.7  26.7  24.6 99.0 99.00
2016 06 15 00 50 221  8.4 10.1  1.93  6.67  5.61 218 1019.6  26.6  26.7  24.7 99.0 99.00
2016 06 15 01 50 220  9.4 11.4  2.04  6.67  5.44 220 1019.8  26.6  26.7  24.6 99.0 99.00
2016 06 15 02 50 226  8.9 10.4  1.82  6.67  5.43 224 1020.0  26.6  26.7  24.6 99.0 99.00
2016 06 15 03 50 224  8.9 10.6  1.79  6.25  5.20 232 1019.7  26.6  26.7  24.7 99.0 99.00
2016 06 15 04 50 241  7.7  9.4  1.88  6.25  5.27 208 1019.5  26.6  26.7  24.8 99.0 99.00
2016 06 15 05 50 238  8.8 10.3  1.73  6.25  5.17 205 1018.9  26.5  26.7  24.7 99.0 99.00
2016 06 15 06 50 246  8.0  9.9  1.77  6.67  5.34 213 1019.1  26.6  26.6  24.7 99.0 99.00
2016 06 15 07 50 256  8.9 11.0  1.77  6.67  5.40 208 1019.0  26.6  26.6  24.4 99.0 99.00
2016 06 15 08 50 270  7.6  9.0  1.69  7.69  5.32 274 1019.2  26.5  26.6  23.8 99.0 99.00
2016 06 15 09 50 274  7.7  9.1  1.70  6.67  5.44 212 1019.6  26.4  26.6  23.6 99.0 99.00
2016 06 15 10 50 292  7.1  8.5  1.63  7.14  5.29 270 1020.2  26.4  26.6  23.3 99.0 99.00
2016 06 15 11 50 279  6.2  7.3  1.62  6.67  5.36 228 1021.0  26.5  26.6  22.9 99.0 99.00
2016 06 15 12 50 283  6.1  7.1  1.44  7.69  5.30 283 1021.3  26.4  26.7  23.2 99.0 99.00
2016 06 15 13 50 273  5.9  7.1  1.52  5.88  5.39 238 1021.4  26.5  26.7  23.4 99.0 99.00
2016 06 15 14 50 256  5.8  6.9  1.37  6.25  5.27 240 1021.7  26.6  26.8  23.6 99.0 99.00
2016 06 15 15 50 270  6.0  7.0  1.45  6.67  5.34 220 1021.8  26.7  26.9  23.5 99.0 99.00
2016 06 15 16 50 267  5.7  6.6  1.43  6.25  5.34 212 1021.5  26.7  26.9  23.7 99.0 99.00
2016 06 15 17 50 263  5.8  6.6  1.40  6.67  5.23 211 1021.1  26.7  26.9  23.7 99.0 99.00
2016 06 15 18 50 273  6.0  7.3  1.28  6.25  5.10 233 1020.7  26.9  27.0  23.5 99.0 99.00
2016 06 15 19 50 263  5.4  6.3  1.32  5.88  5.26 248 1020.3  26.9  27.0  23.6 99.0 99.00
2016 06 15 20 50 263  5.1  6.0  1.35  6.25  5.34 226 1019.8  27.0  27.1  24.1 99.0 99.00
2016 06 15 21 50 259  5.6  6.4  1.28  5.88  5.25 227 1020.1  26.9  27.0  24.1 99.0 99.00
2016 06 15 22 50 262  5.3  6.5  1.22  7.69  5.29 308 1020.6  26.8  27.0  23.7 99.0 99.00
2016 06 15 23 50 265  4.7  5.6  1.19  5.88  5.23 256 1021.0  26.7  27.0  23.2 99.0 99.00
2016 06 16 00 50 250  3.6  4.5  1.24  7.69  5.36 302 1021.5  26.7  27.0  23.4 99.0 99.00
2016 06 16 01 50 252  3.7  4.8  1.23  7.69  5.50 323 1021.6  26.6  27.0  23.5 99.0 99.00
2016 06 16 02 50 258  3.6  4.3  1.24  7.69  5.64 310 1020.9  26.4  26.9  23.2 99.0 99.00
2016 06 16 03 50 255  4.2  4.9  1.15  7.69  5.42 311 1020.5  26.4  26.9  23.7 99.0 99.00
2016 06 16 04 50 249  5.1  6.0  1.23  7.14  5.56 287 1019.7  26.3  26.9  23.4 99.0 99.00
2016 06 16 05 50 246  4.6  5.5  1.18  7.14  5.41 297 1019.1  26.2  26.9  23.8 99.0 99.00
2016 06 16 06 50 248  5.4  6.3  1.10  7.69  5.41 305 1019.0  26.3  26.9  24.1 99.0 99.00
2016 06 16 07 50 256  5.9  6.9  1.14  7.14  5.38 300 1018.9  26.3  26.9  23.7 99.0 99.00
2016 06 16 08 50 246  5.1  6.2  1.12  7.69  5.36 302 1019.0  26.3  26.9  23.8 99.0 99.00
2016 06 16 09 50 248  4.8  5.7  1.00  7.14  5.10 308 1019.6  26.4  26.9  23.9 99.0 99.00
2016 06 16 10 50 251  4.6  5.4  1.04  7.14  5.40 310 1020.1  26.5  26.8  24.0 99.0 99.00
2016 06 16 11 50 261  4.2  4.7  1.07  6.67  5.44 279 1020.2  26.6  26.9  23.7 99.0 99.00
2016 06 16 12 50 238  3.6  4.5  0.95  6.67  5.36 276 1020.3  26.7  26.9  24.2 99.0 99.00
2016 06 16 13 50 245  4.4  5.4  1.02  6.67  5.46 279 1020.2  26.7  27.0  23.9 99.0 99.00
2016 06 16 14 50 257  2.8  3.5  1.03  7.14  5.52 304 1020.4  26.6  27.1  23.8 99.0 99.00
2016 06 16 15 50 222  4.6  5.6  1.02  7.14  5.40 318 1020.0  26.8  27.2  24.2 99.0 99.00
2016 06 16 16 50 231  5.8  6.7  1.02  7.69  5.32 359 1019.7  26.9  27.3  24.2 99.0 99.00
2016 06 16 17 50 235  5.1  6.1  1.05  7.69  5.26 337 1019.2  27.0  27.3  24.0 99.0 99.00
2016 06 16 18 50 224  4.8  5.6  1.09  7.14  5.51 330 1018.8  27.0  27.4  24.3 99.0 99.00
2016 06 16 19 50 224  5.6  6.6  1.05  7.69  5.35 349 1018.5  27.1  27.4  24.4 99.0 99.00
2016 06 16 20 50 232  5.5  6.3  1.03  7.69  5.28  10 1018.3  27.3  27.4  24.6 99.0 99.00
2016 06 16 21 50 228  6.7  8.6  1.07  8.33  5.44   2 1018.1  27.0  27.3  24.5 99.0 99.00
2016 06 16 22 50 250  4.9  5.5  1.16  7.69  5.05 356 1018.4  26.2  27.2  22.3 99.0 99.00
2016 06 16 23 50 212  4.7  5.4  1.08  8.33  5.18   7 1018.6  26.3  27.2  23.7 99.0 99.00
2016 06 17 00 50 213  5.5  6.7  1.10  7.69  5.32 340 1018.8  26.7  27.1  24.6 99.0 99.00
2016 06 17 01 50 228  5.9  7.4  1.04  7.69  5.23 353 1019.0  26.7  27.1  24.8 99.0 99.00
2016 06 17 02 50 218  6.3  7.4  1.12  7.14  5.20 337 1018.6  26.9  27.1  24.7 99.0 99.00
2016 06 17 03 50 217  6.3  7.5  1.09  8.33  4.92 347 1018.0  26.8  27.1  24.7 99.0 99.00
2016 06 17 04 50 216  6.7  7.7  1.00  7.14  4.73 321 1017.1  26.7  27.1  24.6 99.0 99.00
2016 06 17 05 50 214  6.4  7.6  1.05  8.33  4.84   2 1016.5  26.6  27.0  24.5 99.0 99.00
2016 06 17 06 50 218  6.4  7.8  1.04  7.69  4.86  25 1016.2  26.7  27.1  24.8 99.0 99.00
2016 06 17 07 50 213  6.3  7.2  1.02  7.69  4.73  31 1016.1  26.7  27.1  24.9 99.0 99.00
2016 06 17 08 50 225  6.3  7.7  0.98  6.67  4.56 325 1016.1  26.7  27.0  24.6 99.0 99.00
2016 06 17 09 50 213  6.1  7.2  1.00  7.69  4.59  31 1016.3  26.6  27.0  23.9 99.0 99.00
2016 06 17 10 50 217  7.2  8.4  0.93  4.76  4.48 256 1016.6  26.8  27.0  24.4 99.0 99.00
2016 06 17 11 50 221  6.8  7.8  1.02 12.12  4.62  37 1016.7  26.9  27.0  24.5 99.0 99.00
2016 06 17 12 50 219  7.4  9.1  1.02  4.76  4.52 266 1017.1  26.9  27.1  24.3 99.0 99.00
2016 06 17 13 50 217  7.2  8.3  1.00  5.00  4.46 263 1017.6  27.0  27.1  24.2 99.0 99.00
2016 06 17 14 50 217  7.1  8.2  1.02 11.43  4.50  58 1017.8  27.0  27.1  24.2 99.0 99.00
2016 06 17 15 50 214  7.0  8.5  1.05  5.00  4.62 266 1017.8  27.1  27.2  24.5 99.0 99.00
2016 06 17 16 50 221  6.9  7.9  1.06  5.00  4.55 271 1017.5  27.2  27.2  24.3 99.0 99.00
2016 06 17 17 50 223  6.8  8.1  1.05  5.88  4.47 274 1017.3  27.3  27.3  24.5 99.0 99.00
2016 06 17 18 50 227  7.5  8.8  1.08  5.88  4.56 280 1016.8  27.3  27.3  24.5 99.0 99.00
2016 06 17 19 50 222  7.7  9.0  1.13  5.26  4.61 274 1016.5  27.4  27.3  24.1 99.0 99.00
2016 06 17 20 50 220  8.0  9.2  1.24  5.56  4.67 267 1016.2  27.3  27.3  24.2 99.0 99.00
2016 06 17 21 50 216  7.3  8.7  1.31  5.56  4.76 277 1016.2  27.3  27.3  24.3 99.0 99.00
2016 06 17 22 50 219  7.9  9.2  1.30  5.88  4.71 261 1016.6  27.3  27.3  23.9 99.0 99.00
2016 06 17 23 50 217  8.1  9.7  1.29  5.56  4.73 266 1017.0  27.1  27.2  23.6 99.0 99.00
2016 06 18 00 50 209  7.9  9.2  1.32  6.25  4.77 268 1017.2  27.1  27.2  23.8 99.0 99.00
2016 06 18 01 50 204  8.6  9.9  1.40  5.88  4.82 260 1017.5  27.0  27.1  24.1 99.0 99.00
2016 06 18 02 50 201  8.7 10.6  1.44  6.67  4.73 264 1017.3  27.0  27.1  24.2 99.0 99.00
2016 06 18 03 50 200  9.3 10.9  1.47  5.88  4.77 252 1016.9  27.0  27.1  23.8 99.0 99.00
2016 06 18 04 50 201  8.7 10.6  1.47  5.88  4.81 249 1016.6  26.9  27.1  24.1 99.0 99.00
2016 06 18 05 50 192  9.2 11.1  1.46  6.25  4.71 266 1015.9  26.8  27.1  23.8 99.0 99.00
2016 06 18 06 50 196  9.4 10.6  1.56  6.25  4.72 254 1015.7  26.8  27.0  23.7 99.0 99.00
2016 06 18 07 50 197  9.3 10.7  1.55  6.25  4.82 253 1015.8  26.8  27.0  23.4 99.0 99.00
2016 06 18 08 50 199  9.3 11.1  1.64  6.67  4.88 273 1015.9  26.8  27.0  23.4 99.0 99.00
2016 06 18 09 50 201  9.3 10.8  1.68  5.88  4.88 250 1016.2  26.9  26.9  23.4 99.0 99.00
2016 06 18 10 50 207  9.4 11.4  1.59  6.25  4.92 254 1016.7  27.0  26.9  23.6 99.0 99.00
2016 06 18 11 50 205  9.0 10.6  1.69  5.88  4.96 241 1017.4  27.0  26.9  23.6 99.0 99.00
2016 06 18 12 50 202  9.3 11.2  1.67  5.88  5.04 248 1017.5  27.0  27.0  24.0 99.0 99.00
2016 06 18 13 50 205  9.1 11.4  1.71  5.88  5.05 249 1018.1  27.1  27.0  24.0 99.0 99.00
2016 06 18 14 50 206  8.8 10.9  1.75  7.14  5.14 282 1018.2  27.1  27.0  23.8 99.0 99.00
2016 06 18 15 50 200  9.1 10.7  1.76  7.69  5.14 292 1017.8  27.1  27.0  23.9 99.0 99.00
2016 06 18 16 50 205  9.0 10.3  1.77  7.14  5.27 276 1018.2  27.2  27.1  24.3 99.0 99.00
2016 06 18 17 50 205  8.2 10.8  1.86  8.33  5.38 289 1017.7  27.2  27.1  24.3 99.0 99.00
2016 06 18 18 50 206  8.2  9.5  1.94  7.14  5.49 277 1017.4  27.2  27.1  24.5 99.0 99.00
2016 06 18 19 50 208  8.4 10.6  2.02  7.69  5.63 285 1017.1  27.3  27.1  24.4 99.0 99.00
2016 06 18 20 50 208  8.3  9.8  2.08  7.69  5.87 288 1017.3  27.4  27.1  24.2 99.0 99.00
2016 06 18 21 50 203  8.3  9.7  2.15  7.69  5.75 285 1017.2  27.4  27.1  24.4 99.0 99.00
2016 06 18 22 50 198  9.0 10.2  2.03  7.14  5.76 270 1017.4  27.1  27.1  24.7 99.0 99.00
2016 06 18 23 50 197  7.4  8.6  1.98  8.33  5.58 284 1017.8  26.6  27.1  24.2 99.0 99.00
2016 06 19 00 50 193  8.9 10.6  1.90  7.69  5.39 284 1018.0  27.0  27.1  24.7 99.0 99.00
2016 06 19 01 50 204  8.5 10.1  1.97  7.14  5.58 274 1018.8  27.0  27.1  24.8 99.0 99.00
2016 06 19 02 50 205  8.2  9.7  1.75  7.14  5.34 274 1019.1  27.0  27.0  24.9 99.0 99.00
2016 06 19 03 50 203  9.3 10.6  1.78  8.33  5.34 270 1018.5  26.9  27.0  24.7 99.0 99.00
2016 06 19 04 50 203  8.7 10.5  1.75  8.33  5.29 280 1018.2  26.9  27.0  24.4 99.0 99.00
2016 06 19 05 50 204  8.1  9.8  1.81  8.33  5.45 280 1018.0  26.9  27.0  24.1 99.0 99.00
2016 06 19 06 50 202  8.0  9.4  1.81  7.69  5.60 278 1017.7  26.8  27.0  24.2 99.0 99.00
2016 06 19 07 50 201  7.8  9.0  1.69  8.33  5.37 274 1017.8  26.7  27.0  23.8 99.0 99.00
2016 06 19 08 50 195  7.6  8.8  1.64  8.33  5.28 281 1017.9  26.8  27.0  23.9 99.0 99.00
2016 06 19 09 50 198  7.1  8.0  1.61  8.33  5.23 280 1018.5  26.8  27.0  23.7 99.0 99.00
2016 06 19 10 50 190  7.1  8.4  1.49  8.33  5.17 266 1018.9  27.0  27.0  24.0 99.0 99.00
2016 06 19 11 50 187  7.4  9.0  1.50  7.69  5.31 273 1019.5  26.9  27.0  24.1 99.0 99.00
2016 06 19 12 50 184  8.2 10.1  1.36  7.69  5.07 263 1019.5  26.8  27.0  24.4 99.0 99.00
2016 06 19 13 50 179  7.8 10.3  1.34  7.69  5.01 267 1019.6  26.9  27.1  24.6 99.0 99.00
2016 06 19 14 50 181  8.7 10.3  1.48  8.33  4.95 276 1019.8  27.1  27.1  24.0 99.0 99.00
2016 06 19 15 50 180  8.7 10.6  1.49  7.69  5.04 265 1019.8  27.1  27.1  24.2 99.0 99.00
2016 06 19 16 50 180  9.1 10.9  1.51  7.14  5.10 272 1019.7  27.2  27.1  23.8 99.0 99.00
2016 06 19 17 50 185  8.2 10.2  1.57  7.69  5.03 259 1019.6  27.3  27.2  24.3 99.0 99.00
2016 06 19 18 50 183  8.6 10.5  1.70  7.69  5.21 273 1019.3  27.3  27.2  23.9 99.0 99.00
2016 06 19 19 50 188  7.7  8.9  1.69  7.69  5.35 282 1019.6  27.3  27.2  24.4 99.0 99.00
2016 06 19 20 50 187  8.0  9.4  1.62  7.69  5.14 292 1019.6  27.4  27.2  24.0 99.0 99.00
2016 06 19 21 50 183  7.0  8.2  1.75  7.14  5.43 281 1020.0  27.4  27.2  24.4 99.0 99.00
2016 06 19 22 50 176  6.6  7.8  1.56  7.69  5.30 283 1020.3  27.1  27.2  24.5 99.0 99.00
2016 06 19 23 50 171  6.7  8.3  1.65  7.69  5.47 287 1020.6  27.2  27.2  24.4 99.0 99.00
2016 06 20 00 50 165  7.3  8.3  1.63  7.69  5.48 284 1020.8  27.0  27.1  24.4 99.0 99.00
2016 06 20 01 50 167  6.6  8.1  1.79  7.14  5.58 268 1021.5  27.0  27.1  24.2 99.0 99.00
2016 06 20 02 50 157  7.0  8.3  1.56  7.69  5.58 285 1021.9  27.0  27.1  24.4 99.0 99.00
2016 06 20 03 50 158  7.0  8.5  1.54  7.69  5.65 283 1021.8  27.0  27.1  24.2 99.0 99.00
2016 06 20 04 50 168  5.6  6.9  1.59  9.09  5.67 298 1021.7  26.9  27.1  24.4 99.0 99.00
2016 06 20 05 50 156  5.9  7.0  1.63  9.09  5.74 312 1021.4  26.9  27.1  24.5 99.0 99.00
2016 06 20 06 50 164  6.7  8.8  1.58  7.69  5.49 276 1021.0  26.1  27.1  23.4 99.0 99.00
2016 06 20 07 50 140  6.6  8.5  1.48  9.09  5.55 327 1020.7  26.7  27.1  24.5 99.0 99.00
2016 06 20 08 50 130  9.9 12.0  1.39  9.09  5.46 311 1020.5  26.4  27.1  24.3 99.0 99.00
2016 06 20 09 50 143  7.1  8.3  1.57  8.33  5.19 310 1021.8  26.4  27.1  24.0 99.0 99.00
2016 06 20 10 50 137  7.3  8.8  1.52  8.33  5.15 288 1022.0  26.7  27.1  23.7 99.0 99.00
2016 06 20 11 50 140  7.0  8.1  1.46  8.33  5.02 331 1022.7  26.8  27.1  24.9 99.0 99.00
2016 06 20 12 50 137  6.7  7.8  1.37  8.33  5.13 349 1022.7  26.9  27.1  25.0 99.0 99.00
2016 06 20 13 50 157  4.4  6.2  1.45  7.69  4.92 280 1023.4  26.1  27.1  24.8 99.0 99.00
2016 06 20 14 50 153  6.1  7.2  1.43  7.69  5.18 255 1023.4  27.1  27.1  24.7 99.0 99.00
2016 06 20 15 50 143  6.1  7.1  1.31  8.33  5.09 356 1023.4  27.2  27.2  23.9 99.0 99.00
2016 06 20 16 50 139  6.8  7.9  1.41  7.14  5.36 253 1023.1  27.1  27.3  24.4 99.0 99.00
2016 06 20 17 50 144  6.2  7.3  1.29  7.69  5.16 284 1023.0  27.2  27.3  25.2 99.0 99.00
2016 06 20 18 50 140  6.7  7.7  1.35  5.26  5.18 136 1022.8  27.2  27.3  24.7 99.0 99.00
2016 06 20 19 50 139  6.8  8.0  1.29  7.69  4.99 282 1022.3  27.3  27.4  24.6 99.0 99.00
2016 06 20 20 50 131  7.2  8.1  1.33  6.67  4.99 177 1022.1  27.3  27.4  24.5 99.0 99.00
2016 06 20 21 50 130  7.1  8.5  1.27  6.25  4.96 165 1022.1  27.3  27.3  24.6 99.0 99.00
2016 06 20 22 50 131  7.0  8.3  1.39  7.14  5.14 161 1023.0  27.3  27.3  24.2 99.0 99.00
2016 06 20 23 50 125  6.8  8.2  1.34  7.69  5.06 128 1023.1  27.3  27.3  24.1 99.0 99.00
2016 06 21 00 50 133  7.0  8.7  1.41  7.14  5.26 122 1023.2  27.1  27.2  24.3 99.0 99.00
2016 06 21 01 50 137  6.1  7.0  1.35  7.69  5.06 117 1023.7  27.1  27.2  24.1 99.0 99.00
2016 06 21 02 50 131  5.6  6.4  1.25  7.69  5.03 135 1024.0  27.1  27.2  24.1 99.0 99.00
2016 06 21 03 50 126  5.0  6.0  1.29  7.69  4.98 123 1023.8  27.1  27.2  23.9 99.0 99.00
2016 06 21 04 50 111  4.0  5.1  1.35  7.14  5.34 132 1023.8  26.9  27.2  23.9 99.0 99.00
2016 06 21 05 50 121  5.2  6.1  1.34  7.69  5.29 134 1023.5  26.9  27.2  23.3 99.0 99.00
2016 06 21 06 50 109  5.2  6.0  1.28  6.67  5.24 135 1023.1  26.8  27.2  23.6 99.0 99.00
2016 06 21 07 50 116  5.1  5.8  1.32  7.69  5.18 132 1023.0  26.7  27.2  23.5 99.0 99.00
2016 06 21 08 50 123  4.8  5.9  1.33  7.69  5.22 118 1023.5  26.8  27.2  22.4 99.0 99.00
2016 06 21 09 50 109  4.8  5.6  1.23  7.69  5.11 124 1023.2  26.7  27.2  23.1 99.0 99.00
2016 06 21 10 50 102  6.2  7.2  1.32  8.33  5.29 118 1023.1  26.8  27.2  23.1 99.0 99.00
2016 06 21 11 50 109  7.7  9.0  1.25  7.69  4.92 132 1023.2  26.8  27.2  23.5 99.0 99.00
2016 06 21 12 50 116  6.7  8.0  1.30  7.69  4.95 125 1023.5  26.9  27.2  22.6 99.0 99.00
2016 06 21 13 50 118  6.4  7.2  1.39  8.33  5.22 127 1023.9  26.9  27.3  22.6 99.0 99.00
2016 06 21 14 50 119  5.6  6.9  1.32  7.69  5.28 124 1024.2  26.8  27.3  22.8 99.0 99.00
2016 06 21 15 50 120  5.1  6.0  1.34  8.33  5.27 126 1024.4  26.9  27.4  22.9 99.0 99.00
2016 06 21 16 50 113  4.5  5.4  1.20  5.56  4.94 138 1024.3  27.0  27.5  23.2 99.0 99.00
2016 06 21 17 50 113  4.2  5.2  1.29  7.69  5.47 129 1024.1  27.0  27.6  22.8 99.0 99.00
2016 06 21 18 50 118  4.3  5.2  1.18  7.69  5.23  83 1023.6  27.1  27.6  22.9 99.0 99.00
2016 06 21 19 50 106  4.4  5.3  1.25  8.33  5.32 125 1023.6  27.2  27.6  23.1 99.0 99.00
2016 06 21 20 50 111  4.7  5.6  1.32  8.33  5.60 104 1023.3  27.1  27.6  23.4 99.0 99.00
2016 06 21 21 50 116  5.3  6.4  1.30  8.33  5.60 122 1023.4  27.2  27.6  22.9 99.0 99.00
2016 06 21 22 50  99  5.0  6.0  1.25  8.33  5.39 121 1023.7  27.1  27.5  23.1 99.0 99.00
2016 06 21 23 50 103  6.1  6.8  1.29  7.14  5.27 116 1023.9  27.0  27.4  22.8 99.0 99.00
2016 06 22 00 50 106  5.9  7.0  1.27  7.69  5.43  98 1024.4  27.0  27.4  22.8 99.0 99.00
2016 06 22 01 50 108  5.6  6.4  1.16  7.69  5.22 101 1024.8  26.9  27.4  22.8 99.0 99.00
2016 06 22 02 50 108  5.6  6.5  1.17  7.14  5.44 113 1024.8  26.9  27.3  23.2 99.0 99.00
2016 06 22 03 50 112  6.0  6.8  1.17  7.14  5.27 128 1024.3  26.8  27.3  23.2 99.0 99.00
2016 06 22 04 50 120  6.0  7.1  1.13  7.14  5.11 128 1023.9  26.8  27.3  22.8 99.0 99.00
2016 06 22 05 50 121  6.1  7.1  1.19  8.33  5.40  96 1023.6  26.7  27.2  22.8 99.0 99.00
2016 06 22 06 50 116  5.1  6.1  1.16  8.33  5.18 110 1023.7  26.6  27.2  23.0 99.0 99.00
2016 06 22 07 50 112  4.9  5.8  1.13  6.67  5.20 113 1023.7  26.6  27.2  23.1 99.0 99.00
2016 06 22 08 50 111  4.4  5.2  1.18  7.69  5.40 118 1024.1  26.5  27.2  22.9 99.0 99.00
2016 06 22 09 50 113  4.5  5.2  1.14  8.33  5.43 138 1024.3  26.7  27.2  23.1 99.0 99.00
2016 06 22 10 50 118  4.2  5.3  1.21  8.33  5.71 101 1024.7  26.9  27.2  23.0 99.0 99.00
2016 06 22 11 50 117  5.9  8.9  1.22  7.69  5.63 120 1024.9  26.0  27.2  22.3 99.0 99.00
2016 06 22 12 50 133  3.6  4.3  1.17  7.69  5.45 135 1024.9  26.6  27.3  23.1 99.0 99.00
2016 06 22 13 50 127  4.4  5.6  1.34  7.69  5.94 122 1024.7  26.9  27.3  23.1 99.0 99.00
2016 06 22 14 50 106  4.1  5.0  1.23  8.33  5.61 118 1025.0  27.0  27.4  23.2 99.0 99.00
2016 06 22 15 50 124  4.2  5.2  1.27  7.69  5.58 120 1024.9  27.1  27.5  22.9 99.0 99.00
2016 06 22 16 50 118  3.8  4.8  1.28  8.33  5.90 126 1024.8  27.1  27.7  22.9 99.0 99.00
2016 06 22 17 50 123  3.9  4.8  1.29  7.69  5.75 110 1024.5  27.2  27.8  22.9 99.0 99.00
2016 06 22 18 50  72  2.9  4.6  1.32  7.69  5.93 116 1024.2  26.0  27.8  23.3 99.0 99.00
2016 06 22 19 50 120  4.1  4.8  1.36  7.69  6.10 119 1023.6  27.3  27.9  22.8 99.0 99.00
2016 06 22 20 50 112  4.4  5.3  1.33  8.33  5.96 123 1023.4  27.2  27.8  22.9 99.0 99.00
2016 06 22 21 50 112  3.8  4.7  1.24  7.69  6.00 122 1023.4  27.1  27.7  22.7 99.0 99.00
2016 06 22 22 50 115  4.3  5.4  1.25  7.69  5.99 116 1024.0  27.1  27.7  22.5 99.0 99.00
2016 06 22 23 50 119  4.5  5.4  1.24  7.69  5.96 112 1024.2  27.1  27.6  22.3 99.0 99.00
2016 06 23 00 50 105  4.1  5.0  1.16  7.14  5.79 113 1025.2  27.2  27.6  22.9 99.0 99.00
2016 06 23 01 50 115  3.5  4.2  1.21  7.69  6.13  95 1026.0  27.1  27.5  23.0 99.0 99.00
2016 06 23 02 50 116  3.3  4.2  1.25  8.33  6.16 103 1025.9  27.0  27.5  22.8 99.0 99.00
2016 06 23 03 50 132  3.3  3.9  1.22  7.69  6.28 102 1025.6  27.0  27.4  22.9 99.0 99.00
2016 06 23 04 50 109  4.4  5.1  1.16  7.69  6.09 100 1024.7  26.6  27.4  23.4 99.0 99.00
2016 06 23 05 50 108  5.4  6.4  1.25  7.69  6.18 116 1024.2  26.7  27.4  23.4 99.0 99.00
2016 06 23 06 50 111  5.2  6.4  1.14  8.33  5.83 108 1023.5  26.3  27.4  23.1 99.0 99.00
2016 06 23 07 50 122  3.8  4.6  1.21  7.69  5.91 109 1023.5  26.7  27.3  22.0 99.0 99.00
2016 06 23 09 50  99  3.6  4.2  1.09  8.33  5.99 114 1023.9  26.5  27.3  22.8 99.0 99.00
2016 06 23 10 50  81  3.6  4.3  1.36  8.33  6.56 121 1024.0  26.2  27.3  22.3 99.0 99.00
2016 06 23 11 50 117  3.6  4.2  1.43  7.69  6.38 121 1024.2  26.4  27.3  22.3 99.0 99.00
2016 06 23 12 50 101  3.5  4.5  1.26  7.69  6.26 114 1024.2  26.8  27.3  22.5 99.0 99.00
2016 06 23 13 50 116  4.4  5.3  1.32  8.33  6.38 124 1024.0  26.7  27.4  22.5 99.0 99.00
2016 06 23 14 50 126  2.4  3.2  1.20  8.33  6.23 120 1024.6  26.8  27.7  22.8 99.0 99.00
2016 06 23 15 50 136  4.2  5.4  1.36  8.33  6.32 120 1024.3  26.8  27.7  22.5 99.0 99.00
2016 06 23 16 50 119  3.7  4.5  1.31  8.33  6.28 119 1024.2  26.9  27.8  22.2 99.0 99.00
2016 06 23 17 50 119  2.6  3.4  1.29  8.33  6.37 107 1024.2  27.1  28.1  21.3 99.0 99.00
2016 06 23 18 50 117  2.3  2.9  1.23  8.33  6.29 125 1023.9  27.2  28.2  22.0 99.0 99.00
2016 06 23 19 50 115  2.9  3.8  1.22  8.33  6.23 119 1023.5  27.2  28.3  22.1 99.0 99.00
2016 06 23 20 50 115  3.1  4.0  1.20  7.69  6.08 102 1023.4  27.0  28.2  22.5 99.0 99.00
2016 06 23 21 50 110  2.9  3.6  1.21  8.33  6.26 124 1023.5  27.4  28.1  21.8 99.0 99.00
2016 06 23 22 50  89  2.1  2.8  1.28  9.09  6.54 111 1023.8  27.2  28.0  22.3 99.0 99.00
2016 06 23 23 50  83  4.0  5.1  1.35  8.33  6.58 112 1023.8  26.9  27.9  22.4 99.0 99.00
2016 06 24 00 50  91  1.6  2.0  1.17  8.33  6.30 100 1024.5  26.9  27.9  22.1 99.0 99.00
2016 06 24 01 50 110  2.2  2.6  1.28  8.33  6.75 112 1024.3  26.4  27.8  20.9 99.0 99.00
2016 06 24 02 50  89  4.7  5.7  1.13  8.33  6.18 100 1024.0  26.7  27.7  23.0 99.0 99.00
2016 06 24 03 50  97  5.6  6.7  1.24  8.33  6.32  99 1023.5  26.8  27.7  22.6 99.0 99.00
2016 06 24 04 50  99  5.9  6.8  1.19  8.33  6.04 106 1023.0  26.5  27.6  23.0 99.0 99.00
2016 06 24 05 50 118  5.8  6.9  1.25  8.33  6.10 101 1022.1  26.7  27.6  21.9 99.0 99.00
2016 06 24 06 50 116  5.7  6.8  1.21  8.33  5.87  97 1021.9  26.6  27.6  22.5 99.0 99.00
2016 06 24 07 50 115  5.2  6.0  1.44  8.33  6.23  98 1021.8  26.6  27.5  22.0 99.0 99.00
2016 06 24 08 50 116  5.3  6.2  1.30  8.33  6.11 109 1021.8  26.6  27.5  22.2 99.0 99.00
2016 06 24 09 50 119  3.7  4.6  1.24  7.69  6.03 107 1022.6  26.7  27.5  21.7 99.0 99.00
2016 06 24 10 50 103  4.0  5.0  1.27  8.33  5.92  68 1023.2  26.8  27.5  22.4 99.0 99.00
2016 06 24 11 50 114  3.0  4.0  1.38  7.69  6.38  65 1023.8  27.0  27.6  21.6 99.0 99.00
2016 06 24 12 50 105  3.8  4.7  1.32  8.33  6.43 113 1023.7  26.9  27.6  21.7 99.0 99.00
2016 06 24 13 50 106  3.6  4.6  1.32  8.33  6.11  60 1024.0  26.8  27.7  21.5 99.0 99.00
2016 06 24 14 50 102  3.0  3.7  1.29  7.69  6.10  98 1024.2  27.0  27.8  20.8 99.0 99.00
2016 06 24 15 50 100  3.2  4.3  1.32  8.33  6.25  90 1024.1  26.8  28.0  22.1 99.0 99.00
2016 06 24 16 50  81  2.9  3.8  1.34  8.33  6.43 103 1024.1  27.0  28.1  21.3 99.0 99.00
2016 06 24 17 50  70  2.3  3.3  1.36  7.69  6.58  97 1023.9  27.1  28.3  21.7 99.0 99.00
2016 06 24 18 50  46  3.1  4.0  1.34  8.33  6.41  99 1023.8  27.2  28.4  21.9 99.0 99.00
2016 06 24 19 50  62  4.0  5.2  1.22  8.33  6.35 112 1023.5  27.3  28.3  22.3 99.0 99.00
2016 06 24 20 50  57  4.5  5.5  1.20  8.33  6.18  94 1023.1  27.2  28.2  22.2 99.0 99.00
2016 06 24 21 50  69  4.9  5.9  1.20  8.33  6.27  87 1023.1  27.2  28.1  21.4 99.0 99.00
2016 06 24 22 50  71  4.8  5.6  1.28  7.69  6.09  97 1023.2  27.1  28.0  22.3 99.0 99.00
2016 06 24 23 50  72  5.6  6.7  1.23  7.69  6.03  91 1023.2  27.0  27.9  21.7 99.0 99.00
2016 06 25 00 50  78  6.0  7.3  1.19  8.33  5.71  72 1023.4  26.9  27.8  22.1 99.0 99.00
2016 06 25 01 50  90  6.0  7.1  1.15  8.33  5.44  69 1023.5  26.9  27.8  22.1 99.0 99.00
2016 06 25 02 50  86  6.3  7.3  1.13  8.33  5.52  42 1023.2  26.9  27.7  22.1 99.0 99.00
2016 06 25 03 50  79  5.9  7.2  1.11  8.33  5.41 104 1022.6  26.6  27.6  22.8 99.0 99.00
2016 06 25 04 50  90  6.2  7.3  1.13  8.33  5.38  93 1021.9  26.7  27.6  21.9 99.0 99.00
2016 06 25 05 50  85  5.8  6.9  1.28  8.33  5.60 108 1021.4  26.6  27.5  21.9 99.0 99.00
2016 06 25 06 50  90  6.0  7.2  1.21  8.33  5.51 111 1021.0  26.5  27.5  22.2 99.0 99.00
2016 06 25 07 50  96  6.1  6.9  1.10  7.69  5.40  88 1021.3  26.6  27.5  21.7 99.0 99.00
2016 06 25 08 50  98  5.1  6.5  1.20  7.69  5.56  74 1021.6  26.5  27.5  21.8 99.0 99.00
2016 06 25 09 50  85  4.8  5.6  1.17  8.33  5.44 104 1021.8  26.7  27.4  22.0 99.0 99.00
2016 06 25 10 50  92  3.9  5.0  1.10  8.33  5.43 106 1022.2  26.8  27.4  22.1 99.0 99.00
2016 06 25 11 50  89  5.3  6.3  1.06  7.69  5.35 105 1022.5  27.0  27.4  22.1 99.0 99.00
2016 06 25 12 50  98  5.5  6.4  1.13  7.69  5.35  95 1022.4  27.1  27.5  21.3 99.0 99.00
2016 06 25 13 50  95  4.3  5.2  1.21  8.33  5.61  95 1022.6  27.0  27.6  21.7 99.0 99.00
2016 06 25 14 50  81  4.5  5.4  1.16  7.69  5.52  98 1022.8  27.0  27.7  21.9 99.0 99.00
2016 06 25 15 50  93  4.9  5.9  1.18  7.69  5.43  88 1022.6  27.0  27.7  21.9 99.0 99.00
2016 06 25 16 50  85  4.7  5.7  1.19  8.33  5.47 117 1022.1  27.1  27.8  22.0 99.0 99.00
2016 06 25 17 50  82  4.3  5.3  1.12  7.69  5.36 114 1021.9  27.1  27.9  21.9 99.0 99.00
2016 06 25 18 50  77  5.0  6.3  1.14  7.69  5.52  77 1021.5  27.2  28.0  22.1 99.0 99.00
2016 06 25 19 50  61  4.7  5.5  1.19  8.33  5.55  99 1021.2  27.0  28.0  23.0 99.0 99.00
2016 06 25 20 50  59  5.4  6.7  1.12  7.69  5.16  96 1021.0  26.6  27.9  22.9 99.0 99.00
2016 06 25 21 50  54  5.2  6.4  1.04  7.69  5.00 110 1021.4  26.6  27.9  22.8 99.0 99.00
2016 06 25 22 50  57  5.6  6.8  1.21  8.33  5.40 111 1021.5  26.7  27.9  21.7 99.0 99.00
2016 06 25 23 50  63  5.0  6.3  1.14  7.69  5.15  81 1021.6  26.7  27.8  21.9 99.0 99.00
2016 06 26 00 50  69  6.3  7.2  1.12  8.33  5.22 118 1021.9  26.5  27.7  22.5 99.0 99.00
2016 06 26 01 50  66  6.1  7.1  1.11  7.69  4.86  75 1022.0  26.7  27.7  23.0 99.0 99.00
2016 06 26 02 50  64  6.3  7.5  1.14  7.69  5.17  93 1021.6  26.6  27.6  23.1 99.0 99.00
2016 06 26 03 50  78  6.0  7.5  1.14  8.33  5.23 103 1021.1  26.7  27.6  22.8 99.0 99.00
2016 06 26 04 50  92  6.4  7.2  1.16  7.14  5.34  97 1020.5  26.5  27.6  22.1 99.0 99.00
2016 06 26 05 50  85  6.5  7.8  1.09  7.69  5.14  86 1019.9  26.6  27.5  22.4 99.0 99.00
2016 06 26 06 50  90  4.6  5.4  1.13  7.14  5.32  88 1019.8  26.5  27.5  22.3 99.0 99.00
2016 06 26 07 50  91  4.6  5.7  1.07  9.09  5.36  97 1019.7  26.5  27.5  22.1 99.0 99.00
2016 06 26 09 50 104  3.4  4.2  1.11  8.33  5.58  91 1020.4  26.6  27.5  21.6 99.0 99.00
2016 06 26 10 50  98  3.2  3.9  1.04  7.69  5.54 101 1020.7  26.9  27.4  21.7 99.0 99.00
2016 06 26 11 50  86  4.5  5.2  1.10  8.33  5.95 102 1021.0  26.9  27.5  21.4 99.0 99.00
2016 06 26 12 50  83  4.0  4.8  1.05  7.69  5.69  37 1021.3  26.7  27.5  22.5 99.0 99.00
2016 06 26 13 50  68  3.8  4.8  1.13  9.09  5.82  90 1021.5  26.7  27.5  23.0 99.0 99.00
2016 06 26 14 50  88  4.2  5.2  1.18  8.33  5.92  96 1021.5  26.9  27.7  22.5 99.0 99.00
2016 06 26 15 50  71  3.7  4.6  1.16  8.33  6.01  97 1021.3  26.7  27.8  21.8 99.0 99.00
2016 06 26 16 50  70  3.5  4.4  1.18  8.33  6.23  92 1020.8  26.9  27.9  21.8 99.0 99.00
2016 06 26 17 50  81  3.7  4.6  1.16  7.69  6.11  67 1020.7  27.0  28.0  21.9 99.0 99.00
2016 06 26 18 50  83  5.8  6.9  1.17  8.33  6.17  83 1020.4  26.5  28.0  23.1 99.0 99.00
2016 06 26 19 50  53  4.6  5.7  1.10  8.33  5.83  93 1020.3  26.2  27.9  22.3 99.0 99.00
2016 06 26 20 50  56  5.4  6.3  1.24  7.69  6.05  90 1019.9  26.5  27.9  23.1 99.0 99.00
2016 06 26 21 50  88  5.2  6.0  1.12  8.33  6.01  75 1020.0  26.7  27.9  23.3 99.0 99.00
2016 06 26 22 50  96  5.3  6.5  1.08  8.33  5.79  95 1020.3  27.0  27.8  22.6 99.0 99.00
2016 06 26 23 50  92  6.6  7.7  1.08  8.33  5.49  86 1020.3  27.0  27.8  23.0 99.0 99.00
2016 06 27 00 50  95  6.1  7.5  1.23  8.33  5.53  74 1020.8  27.0  27.7  23.0 99.0 99.00
2016 06 27 01 50  93  6.5  7.5  1.14  7.69  5.21  90 1021.0  27.1  27.6  22.5 99.0 99.00
2016 06 27 02 50  95  6.5  7.4  1.14  8.33  5.21  80 1020.7  27.2  27.6  22.7 99.0 99.00
2016 06 27 03 50 101  5.7  6.7  1.21  8.33  5.20  79 1020.4  27.0  27.5  22.8 99.0 99.00
2016 06 27 04 50 107  6.0  7.5  1.19  7.69  5.30  76 1019.9  26.8  27.5  22.0 99.0 99.00
2016 06 27 05 50 119  6.3  7.6  1.23  8.33  5.37  85 1019.6  26.3  27.5  22.6 99.0 99.00
2016 06 27 06 50 111  6.4  7.5  1.19  9.09  5.50  88 1019.4  26.8  27.5  22.3 99.0 99.00
2016 06 27 07 50 101  5.6  6.8  1.34  8.33  5.56  89 1019.5  26.5  27.5  23.0 99.0 99.00
2016 06 27 08 50 102  5.9  7.3  1.53  8.33  5.69  76 1019.7  25.7  27.5  22.7 99.0 99.00
2016 06 27 09 50  93  5.6  6.7  1.32  7.69  5.47  76 1020.2  26.4  27.4  22.8 99.0 99.00
2016 06 27 10 50 112  7.9  9.0  1.31  8.33  5.35  72 1020.5  27.3  27.4  22.4 99.0 99.00
2016 06 27 11 50 111  8.0  9.7  1.53  8.33  5.40  75 1020.5  27.3  27.4  22.5 99.0 99.00
2016 06 27 12 50 109  8.0 10.0  1.49  8.33  5.42  83 1020.7  27.3  27.5  22.9 99.0 99.00
2016 06 27 13 50 112  8.4  9.9  1.63  8.33  5.37  75 1021.1  27.3  27.5  22.9 99.0 99.00
2016 06 27 14 50 113  8.3  9.9  1.61  8.33  5.31  92 1021.1  27.4  27.6  22.8 99.0 99.00
2016 06 27 15 50 106  8.8 10.3  1.59  8.33  5.34  82 1020.6  27.3  27.6  22.8 99.0 99.00
2016 06 27 16 50 108  9.2 10.8  1.62  7.69  5.31  73 1020.4  27.4  27.6  22.2 99.0 99.00
2016 06 27 17 50 131  8.0  9.5  1.59  8.33  5.21  90 1020.7  26.6  27.6  22.8 99.0 99.00
2016 06 27 18 50 124  6.5  7.4  1.50  8.33  5.34  83 1020.6  27.3  27.6  22.4 99.0 99.00
2016 06 27 19 50 121  6.0  7.2  1.59  8.33  5.34  83 1020.8  27.0  27.6  22.9 99.0 99.00
2016 06 27 20 50 133  9.0 10.8  1.50  9.09  5.25  82 1020.5  26.2  27.6  21.3 99.0 99.00
2016 06 27 21 50 127  4.9  6.9  1.56  8.33  5.29  97 1021.0  26.3  27.6  21.6 99.0 99.00
2016 06 27 22 50 105  5.1  6.0  1.45  8.33  5.44  94 1021.0  26.7  27.6  22.7 99.0 99.00
2016 06 27 23 50 138  7.2  8.5  1.50  8.33  5.45  86 1020.9  26.8  27.6  21.9 99.0 99.00
2016 06 28 00 50 119  7.4  8.5  1.39  6.67  5.35  92 1021.1  26.8  27.5  23.1 99.0 99.00
2016 06 28 01 50 121  8.0  9.2  1.42  8.33  5.25  70 1021.3  26.9  27.5  23.5 99.0 99.00
2016 06 28 02 50 129  7.7  9.6  1.51  8.33  5.40  79 1021.5  26.5  27.5  22.8 99.0 99.00
2016 06 28 03 50 127  8.3  9.8  1.55  8.33  5.22  77 1020.9  26.7  27.5  23.1 99.0 99.00
2016 06 28 04 50 131  8.6 10.0  1.52  6.67  5.03  81 1020.4  26.9  27.5  22.6 99.0 99.00
2016 06 28 05 50 131  8.2 10.0  1.51  8.33  5.10  86 1020.1  27.0  27.5  22.6 99.0 99.00
2016 06 28 06 50 138  6.4  8.0  1.55  7.69  5.07  86 1020.1  26.6  27.5  23.1 99.0 99.00
2016 06 28 07 50 132  7.1  8.4  1.47  8.33  4.85  77 1019.6  26.6  27.4  21.9 99.0 99.00
2016 06 28 08 50 132  7.1  8.3  1.43  8.33  5.02  86 1020.0  26.9  27.4  23.1 99.0 99.00
2016 06 28 09 50 134  6.9  8.2  1.51  8.33  5.04  91 1020.3  26.4  27.4  22.8 99.0 99.00
2016 06 28 10 50 126  5.9  7.0  1.48  7.69  5.30  87 1021.2  26.5  27.4  22.5 99.0 99.00
2016 06 28 11 50 121  6.7  8.0  1.41  8.33  5.34  84 1021.4  27.0  27.4  23.1 99.0 99.00
2016 06 28 12 50 101  6.6  7.4  1.41  7.14  5.10  79 1021.8  25.9  27.5  22.7 99.0 99.00
2016 06 28 13 50 123  7.6  9.0  1.50  8.33  5.08  88 1022.3  26.6  27.5  21.7 99.0 99.00
2016 06 28 14 50 124  7.7  9.3  1.47  8.33  5.21  86 1021.9  25.9  27.5  22.8 99.0 99.00
2016 06 28 15 50 127  6.6  7.5  1.41  8.33  5.13  95 1021.9  26.7  27.6  22.6 99.0 99.00
2016 06 28 16 50 123  5.9  7.4  1.44  8.33  5.16  82 1022.0  26.9  27.6  23.2 99.0 99.00
2016 06 28 17 50 127  6.3  7.2  1.50  5.88  5.52  95 1021.8  27.3  27.7  23.0 99.0 99.00
2016 06 28 18 50 119  6.1  7.4  1.46  7.69  5.32  88 1021.5  27.0  27.7  22.6 99.0 99.00
2016 06 28 19 50 115  6.3  7.4  1.36  8.33  5.43  84 1020.8  27.1  27.7  23.1 99.0 99.00
2016 06 28 20 50 110  6.3  7.6  1.30  7.69  5.23  84 1020.5  27.2  27.6  22.2 99.0 99.00
2016 06 28 21 50 118  6.7  8.1  1.37  7.14  5.18  78 1020.6  27.2  27.6  23.1 99.0 99.00
2016 06 28 22 50 124  5.7  7.0  1.36  8.33  5.34  88 1020.9  27.1  27.6  23.1 99.0 99.00
2016 06 28 23 50 122  6.2  7.3  1.26  7.69  5.33  79 1021.2  27.1  27.6  23.4 99.0 99.00
2016 06 29 00 50 123  5.8  6.8  1.35  8.33  5.33  81 1021.6  27.1  27.6  23.6 99.0 99.00
2016 06 29 01 50 130  6.1  7.1  1.28  6.67  5.24  79 1022.2  27.1  27.6  23.3 99.0 99.00
2016 06 29 02 50 132  5.7  6.8  1.23  7.14  5.11  80 1022.1  27.1  27.5  23.2 99.0 99.00
2016 06 29 03 50 116  5.8  6.7  1.24  8.33  5.36  85 1021.7  27.1  27.5  23.8 99.0 99.00
2016 06 29 04 50 127  5.4  6.1  1.20  7.69  5.19  79 1021.3  27.1  27.5  23.2 99.0 99.00
2016 06 29 05 50 123  5.0  5.8  1.14  8.33  5.06  78 1020.9  26.9  27.5  23.6 99.0 99.00
2016 06 29 06 50 132  4.5  6.4  1.15  7.69  5.21  86 1020.7  26.9  27.5  23.3 99.0 99.00
2016 06 29 07 50 117  3.8  4.7  1.24  7.69  5.46  68 1021.0  26.9  27.4  23.3 99.0 99.00
2016 06 29 09 50 102  4.2  5.0  1.15  7.69  5.41  82 1021.3  26.9  27.4  22.9 99.0 99.00
2016 06 29 10 50 110  3.6  4.4  1.16  7.69  5.59  72 1021.6  27.1  27.4  23.0 99.0 99.00
2016 06 29 11 50 105  4.6  5.1  1.13  7.69  5.80  75 1022.2  27.2  27.5  23.3 99.0 99.00
2016 06 29 12 50 108  4.6  5.3  1.18  7.69  5.82  80 1022.3  27.1  27.5  23.4 99.0 99.00
2016 06 29 13 50 101  5.0  5.9  1.07  6.25  5.56  79 1022.3  27.1  27.6  23.3 99.0 99.00
2016 06 29 14 50  94  4.3  5.1  1.13  8.33  5.49  85 1022.2  27.2  27.7  23.2 99.0 99.00
2016 06 29 15 50  92  4.6  5.8  1.16  7.69  5.74  77 1022.0  27.2  27.8  23.6 99.0 99.00
2016 06 29 16 50  90  5.1  6.0  1.14  7.69  5.49  86 1021.7  27.2  27.8  23.2 99.0 99.00
2016 06 29 17 50  87  4.9  5.8  1.15  7.69  5.35  79 1021.3  27.2  27.9  23.3 99.0 99.00
2016 06 29 18 50  87  5.3  6.6  1.15  7.14  5.33  91 1021.1  27.0  27.9  23.5 99.0 99.00
2016 06 29 19 50  83  3.9  5.0  1.17  7.69  5.37 101 1020.9  27.3  28.0  23.8 99.0 99.00
2016 06 29 20 50  76  2.3  3.1  1.18  7.69  5.42  80 1021.0  27.5  28.0  24.1 99.0 99.00
2016 06 29 21 50 337  1.0  1.4  1.30  8.33  5.37  83 1021.1  27.6  28.0  24.5 99.0 99.00
2016 06 29 22 50 235  2.5  3.4  1.17  6.67  5.46  99 1021.6  27.1  28.0  23.9 99.0 99.00
2016 06 29 23 50 225  3.6  4.2  1.16  6.25  5.52  95 1022.1  27.2  28.0  24.2 99.0 99.00
2016 06 30 00 50 222  3.7  4.5  1.02  7.69  5.81  83 1022.7  27.1  27.9  23.8 99.0 99.00
2016 06 30 01 50 207  3.9  4.7  1.01  8.33  5.80  76 1023.4  27.2  27.8  23.8 99.0 99.00
2016 06 30 02 50 205  4.0  5.3  0.94  6.67  5.78  89 1023.5  27.3  27.8  23.8 99.0 99.00
2016 06 30 03 50 190  3.1  3.9  0.98  8.33  6.02  86 1023.2  27.2  27.7  23.6 99.0 99.00
2016 06 30 04 50 192  3.4  4.3  0.89  8.33  5.76  78 1022.5  27.2  27.7  23.5 99.0 99.00
2016 06 30 05 50 183  4.1  4.9  0.96  8.33  5.70  84 1021.7  27.0  27.7  23.5 99.0 99.00
2016 06 30 06 50 179  4.0  4.7  0.92  7.69  5.71  77 1021.5  27.0  27.7  23.5 99.0 99.00
2016 06 30 07 50 176  3.9  4.7  0.96  8.33  5.74  77 1021.4  27.0  27.6  23.4 99.0 99.00
2016 06 30 08 50 146  4.3  4.9  0.96  7.69  5.62  80 1021.7  26.9  27.6  23.8 99.0 99.00
2016 06 30 09 50 151  4.1  5.0  0.94  8.33  5.29  83 1022.3  26.9  27.6  23.9 99.0 99.00
2016 06 30 10 50 155  6.3  7.0  0.97  8.33  5.50  78 1022.8  26.2  27.6  23.7 99.0 99.00
2016 06 30 11 50  92  4.7  6.3  1.02  7.69  5.38  77 1023.7  25.6  27.6  22.8 99.0 99.00
2016 06 30 12 50  57  1.4  2.2  0.99  8.33  5.87  73 1024.0  25.1  27.3  23.4 99.0 99.00
2016 06 30 13 50 167  1.4  2.1  1.00  8.33  5.65  64 1024.1  26.2  27.6  23.5 99.0 99.00
2016 06 30 14 50 101  1.7  2.3  0.93  9.09  5.45  95 1024.1  26.9  28.5  23.7 99.0 99.00
2016 06 30 15 50 129  4.5  5.1  1.02  8.33  5.49  81 1024.0  27.4  28.3  23.2 99.0 99.00
2016 06 30 16 50 129  4.6  5.4  0.98  8.33  5.31  94 1023.6  27.4  28.0  23.2 99.0 99.00
2016 06 30 17 50 125  5.1  5.9  1.02  8.33  5.54  81 1023.3  27.4  28.0  23.2 99.0 99.00
2016 06 30 18 50 131  4.2  4.7  0.96  8.33  5.17  77 1023.3  27.1  28.1  23.5 99.0 99.00
2016 06 30 19 50 128  4.9  5.6  0.96  8.33  5.18  88 1023.0  27.4  28.1  22.7 99.0 99.00
2016 06 30 20 50 136  4.7  5.5  1.09  8.33  5.66  85 1022.9  27.4  28.1  23.5 99.0 99.00
2016 06 30 21 50 131  4.3  5.3  0.94  8.33  5.42  72 1023.4  27.5  28.0  22.8 99.0 99.00
2016 06 30 22 50 125  3.9  5.0  1.02  8.33  5.33  86 1024.1  27.5  28.0  23.5 99.0 99.00
