#YY  MM DD hh mm WDIR WSPD GST  WVHT   DPD   APD MWD   PRES  ATMP  WTMP  DEWP  VIS  TIDE
#yr  mo dy hr mn degT m/s  m/s     m   sec   sec deg    hPa  degC  degC  degC  nmi    ft
2016 08 31 23 50 203  2.3  3.2  1.00  9.09  6.62  60 1019.0  28.7  29.9  23.6 99.0 99.00
2016 09 01 00 50 215  3.1  4.0  0.96  8.33  6.46  62 1019.6  28.8  29.8  23.2 99.0 99.00
2016 09 01 01 50 233  3.5  4.5  0.91  8.33  6.22  73 1019.7  28.7  29.7  23.5 99.0 99.00
2016 09 01 02 50 234  2.6  3.3  0.90  9.09  6.22  39 1019.6  28.6  29.7  23.3 99.0 99.00
2016 09 01 03 50 226  3.6  4.4  0.96  8.33  6.66  52 1019.2  28.5  29.7  23.7 99.0 99.00
2016 09 01 04 50 214  3.3  4.2  1.05  9.09  6.93  59 1018.8  28.4  29.7  24.0 99.0 99.00
2016 09 01 05 50 197  2.7  3.7  0.93 10.00  6.56  49 1018.6  28.3  29.6  24.3 99.0 99.00
2016 09 01 06 50 215  2.2  3.0  0.92  9.09  6.44  71 1018.5  28.3  29.6  24.1 99.0 99.00
2016 09 01 07 50 187  2.2  3.0  0.96 10.81  6.77  43 1018.5  28.4  29.6  23.9 99.0 99.00
2016 09 01 08 50 198  3.1  4.0  1.07 10.81  7.15  54 1018.8  28.4  29.6  23.6 99.0 99.00
2016 09 01 09 50 193  2.2  3.0  1.17  9.09  7.52  60 1019.4  28.4  29.5  23.3 99.0 99.00
2016 09 01 10 50 148  1.2  2.1  1.11 10.81  7.04  64 1019.8  28.7  29.6  23.2 99.0 99.00
2016 09 01 11 50 193  4.8  5.8  1.16 10.00  7.40  57 1019.9  27.5  29.6  23.1 99.0 99.00
2016 09 01 12 50 184  3.0  3.8  1.13  9.09  7.21  61 1020.6  28.5  29.6  23.5 99.0 99.00
2016 09 01 13 50 207  2.6  3.4  1.09  9.09  7.22  63 1021.0  28.5  29.7  24.0 99.0 99.00
2016 09 01 14 50 175  4.0  4.9  1.03 10.00  6.95  71 1020.6  28.6  29.9  24.0 99.0 99.00
2016 09 01 15 50 190  4.0  5.1  0.93  9.09  6.76  64 1020.2  28.9  30.0  23.4 99.0 99.00
2016 09 01 16 50 182  3.8  4.9  0.91  9.09  6.67  60 1020.1  29.0  30.1  24.3 99.0 99.00
2016 09 01 17 50 214  4.5  7.7  0.94  8.33  6.58  98 1019.7  28.6  30.0  24.3 99.0 99.00
2016 09 01 18 50 256  1.4  1.8  0.91 10.00  6.20  89 1019.7  28.7  30.0  24.3 99.0 99.00
2016 09 01 19 50 255  4.4  5.6  1.03  7.14  6.74 109 1019.4  28.7  30.0  23.7 99.0 99.00
2016 09 01 20 50 245  2.5  3.4  0.98  8.33  6.69 115 1019.7  29.4  30.0  24.2 99.0 99.00
2016 09 01 21 50 230  2.9  3.8  0.96  8.33  6.47 104 1019.9  29.5  29.9  23.4 99.0 99.00
2016 09 01 22 50 240  1.7  2.0  1.00  7.69  6.63  96 1020.4  29.0  29.8  23.4 99.0 99.00
2016 09 01 23 50 237  2.5  3.3  1.05  7.69  6.63 107 1020.8  29.0  29.9  23.4 99.0 99.00
2016 09 02 00 50 237  1.9  2.7  0.99  8.33  6.49  99 1021.3  29.0  29.8  23.2 99.0 99.00
2016 09 02 01 50 225  2.0  2.9  0.97  7.14  6.64 119 1021.7  28.9  29.8  23.5 99.0 99.00
2016 09 02 02 50 223  1.7  2.5  0.97 10.00  6.75  71 1021.7  28.8  29.7  23.2 99.0 99.00
2016 09 02 03 50 234  1.7  2.6  0.98  7.69  6.89 113 1021.6  28.7  29.7  23.5 99.0 99.00
2016 09 02 04 50 223  1.9  2.7  0.98 10.81  6.81  32 1021.2  28.6  29.6  23.9 99.0 99.00
2016 09 02 05 50 233  2.7  3.4  0.95 11.43  6.64  42 1020.7  28.6  29.6  23.6 99.0 99.00
2016 09 02 06 50 239  2.5  3.4  0.92  7.69  6.75 102 1020.4  28.5  29.6  23.5 99.0 99.00
2016 09 02 07 50 239  2.7  3.4  1.01 10.00  7.12  59 1020.4  28.5  29.6  23.3 99.0 99.00
2016 09 02 08 50 237  2.3  3.1  0.94 10.00  7.00  53 1020.4  28.4  29.6  24.0 99.0 99.00
2016 09 02 09 50 228  2.4  3.4  1.00 10.00  7.12  78 1020.9  28.4  29.5  23.9 99.0 99.00
2016 09 02 10 50 205  2.2  3.0  0.94 11.43  7.12  47 1021.5  28.7  29.5  23.9 99.0 99.00
2016 09 02 11 50 211  1.8  2.5  1.05 11.43  7.22  54 1021.7  28.9  29.6  23.6 99.0 99.00
2016 09 02 12 50 216  1.6  2.2  1.07 10.81  7.53  50 1021.9  28.9  29.6  24.0 99.0 99.00
2016 09 02 13 50 179  2.2  2.9  0.94 10.00  7.12  61 1021.7  28.8  29.8  23.9 99.0 99.00
2016 09 02 14 50 175  2.8  3.5  0.96 10.00  7.26  68 1021.9  28.8  30.1  23.7 99.0 99.00
2016 09 02 15 50 205  2.3  3.2  0.89 10.00  7.02  55 1021.9  28.9  30.3  23.8 99.0 99.00
2016 09 02 16 50 206  2.3  3.0  0.80 10.81  6.68  36 1021.7  29.0  30.5  23.8 99.0 99.00
2016 09 02 17 50 220  2.4  3.3  0.89 10.00  7.06  76 1021.5  29.2  30.8  23.6 99.0 99.00
2016 09 02 18 50 247  1.8  2.8  0.87 10.00  7.17  68 1021.0  29.3  31.0  23.4 99.0 99.00
2016 09 02 19 50 241  2.5  3.2  0.90  9.09  7.01  77 1021.0  29.5  30.8  23.9 99.0 99.00
2016 09 02 20 50 257  1.7  3.0  0.91 10.00  7.02  36 1021.0  29.6  30.7  23.6 99.0 99.00
2016 09 02 21 50 243  1.4  2.6  0.92 11.43  7.22  63 1021.1  29.7  30.6  23.4 99.0 99.00
2016 09 02 22 50 289  1.8  2.6  0.90 11.43  7.05  60 1021.2  28.9  30.4  23.4 99.0 99.00
2016 09 02 23 50 300  1.6  2.3  0.98 10.81  7.21  71 1021.6  28.9  30.3  23.3 99.0 99.00
2016 09 03 00 50 335  1.0  2.0  1.02 10.81  7.32  61 1021.9  28.8  30.1  23.4 99.0 99.00
2016 09 03 01 50 329  2.1  2.9  0.88 10.00  6.85  70 1022.1  28.8  30.1  23.5 99.0 99.00
2016 09 03 02 50 312  1.4  2.0  0.96 10.81  7.12  43 1022.1  28.7  30.0  23.7 99.0 99.00
2016 09 03 03 50 345  0.6  1.3  0.87 10.81  6.59  62 1021.9  28.6  29.9  23.3 99.0 99.00
2016 09 03 04 50 175  0.2  0.8  0.92 10.81  6.62  19 1021.2  28.4  29.9  23.3 99.0 99.00
2016 09 03 05 50  90  0.1  0.6  1.03 11.43  7.23 320 1020.9  28.3  29.9  23.4 99.0 99.00
2016 09 03 06 50  54  0.4  0.9  1.00 11.43  7.07 314 1020.7  28.3  29.8  23.6 99.0 99.00
2016 09 03 07 50 134  0.1  0.5  1.27 10.81  7.70 311 1020.6  28.1  29.8  23.5 99.0 99.00
2016 09 03 08 50 100  0.3  0.9  1.35 10.81  7.94 297 1020.7  28.1  29.8  23.7 99.0 99.00
2016 09 03 09 50  79  0.8  1.4  1.36 10.81  7.79 298 1020.7  28.1  29.7  23.7 99.0 99.00
2016 09 03 10 50  54  0.6  1.3  1.39 10.81  7.85 321 1021.0  29.1  29.7  23.2 99.0 99.00
2016 09 03 11 50  10  1.6  2.4  1.34  9.09  7.54 303 1021.4  28.6  29.7  23.6 99.0 99.00
2016 09 03 12 50   8  2.3  3.0  1.55 10.00  7.85 296 1021.7  28.4  29.8  24.0 99.0 99.00
2016 09 03 13 50  39  1.4  2.1  1.59 10.00  7.80 297 1022.0  28.7  30.0  23.7 99.0 99.00
2016 09 03 14 50  57  0.9  1.9  1.52 10.00  7.53 298 1021.7  28.9  30.2  23.2 99.0 99.00
2016 09 03 15 50  24  1.5  2.2  1.36 10.00  7.41 300 1021.5  28.9  30.4  23.6 99.0 99.00
2016 09 03 16 50  22  1.2  1.9  1.37  8.33  6.99 296 1020.8  29.0  30.4  23.4 99.0 99.00
2016 09 03 17 50 352  1.2  1.8  1.36  9.09  6.93 282 1020.5  29.0  30.5  24.0 99.0 99.00
2016 09 03 18 50 342  1.6  2.5  1.29  9.09  6.93 293 1020.0  29.0  30.6  24.2 99.0 99.00
2016 09 03 19 50  18  2.6  3.6  1.24  8.33  6.78 295 1020.2  29.2  30.6  24.6 99.0 99.00
2016 09 03 20 50  16  2.8  3.7  1.29  8.33  6.88 292 1020.3  29.3  30.5  24.6 99.0 99.00
2016 09 03 21 50  26  2.7  3.6  1.30  9.09  6.95 256 1020.2  29.1  30.2  24.3 99.0 99.00
2016 09 03 22 50  29  2.0  3.2  1.31  7.69  6.70 289 1020.2  29.0  30.2  24.5 99.0 99.00
2016 09 03 23 50  32  2.7  3.6  1.30  8.33  6.59 284 1020.4  29.0  30.1  24.3 99.0 99.00
2016 09 04 00 50  30  2.9  3.8  1.25  8.33  6.65 255 1020.8  29.1  29.9  24.1 99.0 99.00
2016 09 04 01 50  35  2.7  3.6  1.10  8.33  6.47 207 1021.1  29.0  29.9  24.3 99.0 99.00
2016 09 04 02 50  46  2.9  3.7  1.20  7.69  6.47 277 1021.1  29.1  29.7  23.8 99.0 99.00
2016 09 04 03 50  42  2.5  3.1  1.14  9.09  6.45 140 1020.8  29.0  29.8  24.0 99.0 99.00
2016 09 04 04 50  53  2.0  2.5  1.09  7.69  6.53 240 1020.3  28.9  29.7  23.7 99.0 99.00
2016 09 04 05 50  49  2.0  2.4  1.14  7.14  6.36 264 1019.9  28.9  29.7  23.8 99.0 99.00
2016 09 04 06 50  65  1.2  1.8  1.08  7.69  6.17 282 1019.7  28.8  29.6  23.6 99.0 99.00
2016 09 04 07 50  57  1.4  2.1  1.10  6.67  6.25 141 1019.6  28.8  29.6  24.0 99.0 99.00
2016 09 04 08 50  28  2.3  2.8  1.10  7.14  6.43 263 1019.8  28.7  29.6  24.1 99.0 99.00
2016 09 04 09 50   1  2.5  3.3  1.07  7.69  6.21 269 1019.8  28.7  29.6  24.0 99.0 99.00
2016 09 04 10 50  21  2.5  3.3  1.07  7.14  6.29 158 1020.3  28.9  29.6  24.2 99.0 99.00
2016 09 04 11 50  36  3.7  4.5  1.05  7.69  6.43 246 1020.6  28.7  29.6  25.2 99.0 99.00
2016 09 04 12 50  28  2.6  3.3  1.05  8.33  6.42 133 1020.7  28.8  29.6  25.2 99.0 99.00
2016 09 04 13 50  23  2.8  3.4  1.08  6.67  6.33 161 1020.9  28.8  29.6  24.8 99.0 99.00
2016 09 04 14 50  56  2.7  3.4  1.20  8.33  6.55 132 1020.9  28.9  29.7  24.6 99.0 99.00
2016 09 04 15 50  58  3.0  3.8  1.06  8.33  6.45 134 1020.6  29.0  29.6  24.8 99.0 99.00
2016 09 04 16 50  69  2.5  3.5  1.17  7.14  6.59 150 1020.0  28.7  29.7  25.4 99.0 99.00
2016 09 04 17 50  55  4.5  5.4  1.14  7.14  6.61 115 1019.5  28.7  29.7  24.3 99.0 99.00
2016 09 04 18 50  62  2.7  3.3  1.21  7.69  6.68 134 1019.2  28.7  29.8  24.1 99.0 99.00
2016 09 04 19 50  30  1.9  2.4  1.35  6.67  6.97 173 1019.1  28.9  29.7  23.5 99.0 99.00
2016 09 04 20 50  18  1.8  2.4  1.34 12.90  7.51 300 1018.8  28.8  29.7  24.6 99.0 99.00
2016 09 04 21 50  29  2.4  3.2  1.37 12.12  7.88 311 1018.9  28.8  29.7  23.8 99.0 99.00
2016 09 04 22 50  58  1.5  2.4  1.45 12.12  8.02 300 1018.8  28.6  29.8  24.4 99.0 99.00
2016 09 04 23 50  60  2.8  3.6  1.43 11.43  7.76 298 1019.4  28.7  29.8  24.2 99.0 99.00
2016 09 05 00 50  71  3.6  4.4  1.58 10.81  8.15 296 1019.9  28.8  29.8  23.6 99.0 99.00
2016 09 05 01 50  98  2.5  3.5  1.52 10.81  8.00 295 1020.0  28.9  29.8  23.0 99.0 99.00
2016 09 05 02 50  69  2.0  2.9  1.68 10.81  8.13 293 1020.2  28.8  29.7  23.5 99.0 99.00
2016 09 05 03 50  98  2.3  3.2  1.58 11.43  7.95 308 1020.2  28.7  29.7  24.0 99.0 99.00
2016 09 05 04 50  95  2.5  3.3  1.53 11.43  8.01 306 1019.6  28.6  29.8  24.2 99.0 99.00
2016 09 05 05 50 114  3.0  4.1  1.47 10.00  7.93 303 1019.4  28.6  29.5  24.1 99.0 99.00
2016 09 05 06 50  96  1.9  2.8  1.41  9.09  7.57 329 1019.1  28.7  29.5  24.0 99.0 99.00
2016 09 05 07 50  85  2.1  3.0  1.54  9.09  7.86 346 1018.9  28.7  29.5  23.4 99.0 99.00
2016 09 05 08 50  85  2.5  3.5  1.34  9.09  7.37 331 1019.4  28.7  29.5  23.8 99.0 99.00
2016 09 05 09 50 105  2.1  3.0  1.46  8.33  7.54  29 1019.7  28.7  29.6  23.6 99.0 99.00
2016 09 05 10 50  88  2.0  2.9  1.55 10.00  7.96 301 1020.1  29.0  29.6  24.4 99.0 99.00
2016 09 05 11 50  61  2.4  3.6  1.66 12.12  8.11 308 1020.2  29.2  29.7  24.3 99.0 99.00
2016 09 05 12 50  60  2.9  3.9  1.45  8.33  7.77 327 1020.5  29.1  29.7  24.0 99.0 99.00
2016 09 05 13 50  67  3.5  4.2  1.56  8.33  7.82 115 1020.8  29.2  29.8  23.1 99.0 99.00
2016 09 05 14 50  87  3.3  4.3  1.40  7.69  7.58  15 1020.8  29.1  29.9  23.6 99.0 99.00
2016 09 05 15 50  71  2.7  3.8  1.50  9.09  7.70   6 1020.7  29.1  30.1  24.3 99.0 99.00
2016 09 05 16 50  67  1.9  2.4  1.49  9.09  7.81 103 1020.4  29.2  30.3  24.6 99.0 99.00
2016 09 05 17 50  87  4.1  5.2  1.43 10.00  7.71 313 1019.9  29.0  30.3  23.7 99.0 99.00
2016 09 05 18 50  68  3.4  4.3  1.56 10.81  7.57 314 1019.7  29.3  30.2  24.6 99.0 99.00
2016 09 05 19 50  85  4.4  5.5  1.51 10.00  7.59 334 1019.5  29.5  30.0  24.9 99.0 99.00
2016 09 05 20 50  70  3.9  4.7  1.64  9.09  7.76   2 1019.8  29.5  29.9  24.0 99.0 99.00
2016 09 05 21 50  84  3.8  4.8  1.55  9.09  7.35 330 1019.9  29.5  29.8  24.2 99.0 99.00
2016 09 05 22 50  82  4.1  4.9  1.59 10.00  7.56 320 1020.0  29.3  29.7  23.8 99.0 99.00
2016 09 05 23 50  95  5.0  6.2  1.46  9.09  7.13 333 1020.6  29.3  29.7  24.3 99.0 99.00
2016 09 06 00 50  91  6.0  7.2  1.69  9.09  7.20 321 1021.1  29.3  29.8  23.5 99.0 99.00
2016 09 06 01 50  93  5.6  6.9  1.63  8.33  6.80 326 1021.3  29.2  29.9  23.6 99.0 99.00
2016 09 06 02 50  90  5.5  6.6  1.71  9.09  7.02 360 1021.4  29.2  29.7  23.2 99.0 99.00
2016 09 06 03 50  88  5.1  6.2  1.67  9.09  7.00 359 1021.3  29.0  29.6  23.6 99.0 99.00
2016 09 06 04 50 102  5.8  7.0  1.57 10.81  6.79 314 1020.5  28.9  29.6  23.4 99.0 99.00
2016 09 06 05 50 100  5.7  7.0  1.76 10.00  7.07 328 1020.5  28.7  29.5  23.2 99.0 99.00
2016 09 06 06 50  98  5.2  6.5  1.77 10.00  6.94 326 1020.1  28.6  29.5  23.0 99.0 99.00
2016 09 06 07 50 101  4.8  6.1  1.69 10.00  6.67 327 1019.8  28.6  29.5  23.0 99.0 99.00
2016 09 06 08 50  96  4.9  6.5  1.76 10.00  6.70 322 1020.0  28.5  29.5  22.1 99.0 99.00
2016 09 06 09 50  98  4.2  5.4  1.66 10.00  6.63 317 1020.5  28.5  29.5  22.4 99.0 99.00
2016 09 06 10 50  90  4.9  6.5  1.67 10.00  6.57 310 1021.1  28.7  29.5  22.1 99.0 99.00
2016 09 06 11 50  79  5.1  6.3  1.78  9.09  6.84  16 1021.3  28.8  29.5  21.7 99.0 99.00
2016 09 06 12 50  84  4.9  6.2  1.73 10.00  6.83 320 1021.6  28.9  29.5  22.3 99.0 99.00
2016 09 06 13 50  80  4.3  5.4  1.69 10.00  6.79 328 1021.9  28.8  29.6  22.4 99.0 99.00
2016 09 06 14 50  72  4.8  5.7  1.64 11.43  6.76 319 1021.8  28.9  29.6  22.3 99.0 99.00
2016 09 06 15 50  58  5.5  7.2  1.61 10.81  6.71 329 1021.4  28.7  29.7  23.1 99.0 99.00
2016 09 06 16 50  73  6.3  7.4  1.60 10.81  6.33 322 1021.3  28.7  29.7  22.9 99.0 99.00
2016 09 06 17 50  60  6.0  7.2  1.48  8.33  6.09  54 1021.1  28.8  29.7  22.3 99.0 99.00
2016 09 06 18 50  55  5.8  7.5  1.47  9.09  6.09 351 1020.7  28.8  29.7  22.2 99.0 99.00
2016 09 06 19 50  51  6.1  7.5  1.52 10.00  6.12 337 1020.7  28.9  29.7  22.7 99.0 99.00
2016 09 06 20 50  47  6.3  7.7  1.60  8.33  6.02  43 1020.9  28.9  29.6  22.4 99.0 99.00
2016 09 06 21 50  58  6.9  8.3  1.31  8.33  5.59  44 1020.5  28.9  29.6  21.6 99.0 99.00
2016 09 06 22 50  55  6.9  8.4  1.57  9.09  6.05 344 1020.6  28.7  29.6  22.1 99.0 99.00
2016 09 06 23 50  60  7.0  8.5  1.52  9.09  5.71  13 1021.0  28.6  29.6  22.3 99.0 99.00
2016 09 07 00 50  55  6.5  7.9  1.44  8.33  5.70  53 1021.3  28.6  29.6  22.4 99.0 99.00
2016 09 07 01 50  62  6.2  7.5  1.45  9.09  5.73 338 1021.1  28.6  29.6  22.4 99.0 99.00
2016 09 07 02 50  58  6.1  7.4  1.48  9.09  5.75 358 1020.8  28.6  29.6  22.8 99.0 99.00
2016 09 07 03 50  50  5.0  6.1  1.53 10.00  6.05 332 1020.8  28.6  29.6  22.5 99.0 99.00
2016 09 07 04 50  63  4.6  5.5  1.50  9.09  6.02   3 1020.3  28.4  29.6  23.2 99.0 99.00
2016 09 07 05 50  54  4.0  4.8  1.54  9.09  6.13   9 1020.0  28.4  29.6  23.4 99.0 99.00
2016 09 07 06 50  30  3.9  5.2  1.42  9.09  6.08 348 1019.5  28.5  29.6  23.7 99.0 99.00
2016 09 07 07 50  30  3.1  4.3  1.56  8.33  6.29  19 1019.4  28.4  29.5  23.5 99.0 99.00
2016 09 07 08 50  13  3.6  4.4  1.37  9.09  6.28  15 1019.3  28.4  29.5  23.6 99.0 99.00
2016 09 07 09 50   7  4.0  4.7  1.48  8.33  6.10   3 1019.8  28.4  29.5  23.8 99.0 99.00
2016 09 07 10 50   4  3.8  4.7  1.53 10.00  6.59 329 1020.1  28.6  29.5  23.9 99.0 99.00
2016 09 07 11 50 343  3.9  5.0  1.56  8.33  6.60  26 1020.5  28.6  29.5  24.1 99.0 99.00
2016 09 07 12 50   3  4.0  4.7  1.56 10.00  6.49 344 1020.8  28.8  29.6  23.8 99.0 99.00
2016 09 07 13 50 351  3.7  4.8  1.78  7.69  6.75  43 1021.1  28.8  29.6  24.2 99.0 99.00
2016 09 07 14 50 350  3.2  4.1  1.94  9.09  6.96  51 1021.2  28.9  29.7  23.8 99.0 99.00
2016 09 07 15 50 359  2.2  3.1  1.94  9.09  7.11  38 1021.3  28.9  29.9  24.2 99.0 99.00
2016 09 07 16 50   8  1.6  2.6  1.92  9.09  7.07  41 1021.0  29.0  30.3  24.4 99.0 99.00
2016 09 07 17 50  84  0.5  1.2  1.93 10.00  7.09  12 1020.8  29.2  30.5  24.4 99.0 99.00
2016 09 07 18 50 106  1.0  1.8  1.96 10.00  7.10  18 1020.3  29.4  30.5  24.4 99.0 99.00
2016 09 07 19 50 202  0.4  1.2  1.81  9.09  7.03  32 1019.8  29.9  30.5  24.4 99.0 99.00
2016 09 07 20 50 151  1.9  2.7  1.83  9.09  7.46  27 1020.0  29.5  31.0  23.8 99.0 99.00
2016 09 07 21 50 132  2.7  3.5  1.80 10.81  7.50   2 1020.1  29.0  30.6  24.8 99.0 99.00
2016 09 07 22 50 122  3.9  5.1  1.71 10.00  7.33   4 1020.3  29.0  30.2  24.3 99.0 99.00
2016 09 07 23 50 127  4.6  5.5  1.77 10.00  7.67   4 1020.6  29.0  30.0  24.1 99.0 99.00
2016 09 08 00 50 129  4.4  5.5  1.77  8.33  7.67  27 1021.1  29.2  29.8  23.6 99.0 99.00
2016 09 08 01 50 127  3.9  5.1  1.76  9.09  7.55  42 1021.1  29.1  29.7  23.6 99.0 99.00
2016 09 08 02 50 123  4.8  5.8  1.75  9.09  7.49  33 1020.7  29.1  29.6  23.5 99.0 99.00
2016 09 08 03 50 123  5.1  6.0  1.60  9.09  7.27  23 1020.5  29.1  29.6  24.2 99.0 99.00
2016 09 08 04 50 122  5.0  6.0  1.76  9.09  7.16  45 1020.1  28.9  29.6  24.1 99.0 99.00
2016 09 08 05 50 112  5.2  6.3  1.87  9.09  7.23  43 1019.6  28.9  29.5  24.0 99.0 99.00
2016 09 08 06 50 127  5.1  6.1  1.77  9.09  7.11  27 1019.1  28.8  29.5  23.8 99.0 99.00
2016 09 08 07 50 114  4.7  5.7  1.71  9.09  7.02  47 1018.8  28.8  29.5  23.9 99.0 99.00
2016 09 08 08 50 103  4.1  5.3  1.77  9.09  7.11  58 1019.1  28.8  29.5  24.0 99.0 99.00
2016 09 08 09 50  98  3.7  4.8  1.87  9.09  7.01  38 1019.6  28.8  29.5  24.1 99.0 99.00
2016 09 08 10 50  83  4.0  5.0  1.79  9.09  6.97  51 1020.0  28.9  29.5  24.0 99.0 99.00
2016 09 08 11 50  79  4.2  5.8  1.71 10.00  6.72  41 1020.1  29.1  29.5  24.0 99.0 99.00
2016 09 08 12 50  79  5.4  6.5  1.73  9.09  6.87  40 1020.4  29.1  29.5  24.2 99.0 99.00
2016 09 08 13 50  88  5.0  6.5  1.77 10.00  6.65  36 1020.8  29.0  29.6  24.5 99.0 99.00
2016 09 08 14 50  87  5.0  6.6  1.67 10.00  6.59  55 1020.7  28.1  29.6  23.5 99.0 99.00
2016 09 08 15 50 103  5.8  9.2  1.54 10.00  6.17  70 1020.4  28.8  29.7  24.7 99.0 99.00
2016 09 08 16 50  96  5.1  6.2  1.68 10.00  6.48  21 1020.2  28.6  29.7  23.9 99.0 99.00
2016 09 08 17 50 124  6.0  7.0  1.49  8.33  5.97  56 1019.7  27.9  29.7  22.4 99.0 99.00
2016 09 08 18 50  80  3.9  4.6  1.51  9.09  6.20  42 1019.1  28.9  29.7  24.1 99.0 99.00
2016 09 08 19 50  89  5.4  6.4  1.51  9.09  6.37  41 1018.8  29.4  29.7  23.3 99.0 99.00
2016 09 08 20 50  82  4.9  6.4  1.52  9.09  6.37  42 1019.0  29.5  29.7  23.3 99.0 99.00
2016 09 08 21 50  80  5.6  6.3  1.49  9.09  6.29  36 1018.8  29.4  29.7  23.5 99.0 99.00
2016 09 08 22 50  88  6.2  7.4  1.45  9.09  5.96  40 1019.0  29.2  29.6  23.3 99.0 99.00
2016 09 08 23 50  85  6.4  7.6  1.49  9.09  5.98  56 1019.3  29.2  29.6  23.9 99.0 99.00
2016 09 09 00 50  81  7.2  8.8  1.49  9.09  5.78  51 1019.7  29.2  29.6  24.6 99.0 99.00
2016 09 09 01 50  95  7.1  8.3  1.52  9.09  5.41  41 1019.8  29.0  29.5  24.9 99.0 99.00
2016 09 09 02 50 100  7.4  9.5  1.62  9.09  5.75  54 1019.4  28.6  29.5  24.0 99.0 99.00
2016 09 09 03 50 102  6.9  8.5  1.52  9.09  5.55  53 1019.1  29.0  29.5  23.4 99.0 99.00
2016 09 09 04 50 103  7.1  8.9  1.65  8.33  5.86  54 1018.7  28.9  29.5  24.6 99.0 99.00
2016 09 09 05 50 115  6.9  8.6  1.66  9.09  5.81  53 1018.4  29.0  29.5  24.3 99.0 99.00
2016 09 09 06 50 134  7.1  9.8  1.63  9.09  5.93  62 1018.2  28.4  29.4  24.2 99.0 99.00
2016 09 09 07 50 131  9.8 11.8  1.67  8.33  5.97  54 1018.0  27.6  29.4  24.1 99.0 99.00
2016 09 09 08 50 157  4.4  5.3  1.62  8.33  5.75  58 1018.8  27.4  29.4  24.0 99.0 99.00
2016 09 09 09 50 161  8.4 10.1  1.67  8.33  5.81  62 1019.2  25.7  29.4  24.1 99.0 99.00
2016 09 09 10 50 172  7.6  9.3  1.71  9.09  5.62  61 1019.9  26.9  29.4  24.1 99.0 99.00
2016 09 09 11 50 139  6.9  9.3  1.68  9.09  5.93  74 1020.6  25.2  29.4  23.2 99.0 99.00
2016 09 09 12 50 263  1.4  2.4  1.57  8.33  6.07  63 1020.5  26.3  29.4  23.5 99.0 99.00
2016 09 09 13 50 252  2.1  3.0  1.58  9.09  6.41  82 1020.8  27.3  29.4  23.8 99.0 99.00
2016 09 09 14 50  77  0.9  1.5  1.51  8.33  6.22  61 1020.9  28.2  29.9  23.9 99.0 99.00
2016 09 09 15 50 113  0.4  1.0  1.53  8.33  6.41  67 1021.0  28.9  30.5  24.1 99.0 99.00
2016 09 09 16 50 132  2.9  5.9  1.53  8.33  6.22  58 1020.7  28.0  30.8  23.9 99.0 99.00
2016 09 09 17 50 128  4.5  5.8  1.54  8.33  6.21  63 1020.1  29.5  30.3  23.7 99.0 99.00
2016 09 09 18 50 148  4.5  5.7  1.36  8.33  5.83  67 1019.8  29.4  30.2  24.1 99.0 99.00
2016 09 09 19 50 118  5.5  7.0  1.44  8.33  5.88  73 1019.4  28.9  30.2  23.9 99.0 99.00
2016 09 09 20 50 129  4.5  5.6  1.45  8.33  5.89  62 1019.9  28.8  29.9  23.5 99.0 99.00
2016 09 09 21 50 141  4.4  5.3  1.37  8.33  5.77  66 1020.1  28.8  29.8  24.0 99.0 99.00
2016 09 09 22 50 138  3.8  4.5  1.40  7.69  6.01  63 1020.7  28.9  29.7  24.1 99.0 99.00
2016 09 09 23 50 134  3.2  4.3  1.37  9.09  6.02  76 1021.1  28.9  29.6  24.4 99.0 99.00
2016 09 10 00 50 118  5.7  6.6  1.30  9.09  5.87  91 1021.5  28.2  29.6  24.9 99.0 99.00
2016 09 10 01 50 139  4.4  5.1  1.36  8.33  6.00  76 1021.7  28.8  29.5  24.6 99.0 99.00
2016 09 10 02 50 140  4.3  5.2  1.33  9.09  5.98  95 1021.7  28.8  29.5  24.5 99.0 99.00
2016 09 10 03 50 119  4.1  5.2  1.32  8.33  5.94  76 1021.6  28.9  29.4  24.5 99.0 99.00
2016 09 10 04 50 128  3.9  4.7  1.31  8.33  5.93  74 1021.3  28.7  29.4  24.1 99.0 99.00
2016 09 10 05 50 112  3.7  4.7  1.36  9.09  6.11  85 1021.2  28.7  29.4  24.1 99.0 99.00
2016 09 10 06 50 113  3.5  4.4  1.33  8.33  6.25  73 1020.6  28.7  29.4  23.4 99.0 99.00
2016 09 10 07 50 115  4.9  5.7  1.36  9.09  6.37 101 1020.5  28.6  29.4  23.8 99.0 99.00
2016 09 10 08 50 107  2.9  3.6  1.44  8.33  6.75  87 1020.9  28.3  29.5  24.5 99.0 99.00
2016 09 10 09 50 118  4.1  5.1  1.42  9.09  6.70  96 1021.4  28.4  29.4  24.4 99.0 99.00
2016 09 10 10 50 110  3.6  4.6  1.37  8.33  6.68  93 1021.8  28.8  29.4  24.1 99.0 99.00
2016 09 10 11 50 104  4.7  6.0  1.42  7.69  6.56  91 1022.4  29.1  29.4  23.7 99.0 99.00
2016 09 10 12 50 111  4.6  5.6  1.35  8.33  6.38  84 1022.9  29.1  29.4  23.7 99.0 99.00
2016 09 10 13 50 114  4.7  5.6  1.39  8.33  6.40  97 1023.1  29.2  29.5  23.6 99.0 99.00
2016 09 10 14 50 105  4.8  6.5  1.35  9.09  6.27 115 1023.1  28.9  29.6  24.2 99.0 99.00
2016 09 10 15 50 113  4.5  5.3  1.25  8.33  6.10  87 1022.9  29.2  29.7  23.2 99.0 99.00
2016 09 10 16 50 105  3.9  4.9  1.36  8.33  6.50  90 1022.6  29.2  29.8  23.9 99.0 99.00
2016 09 10 17 50 103  3.8  4.6  1.32  7.69  6.34 100 1022.2  29.3  29.9  23.1 99.0 99.00
2016 09 10 18 50 106  3.5  4.4  1.31  8.33  6.40  92 1022.2  29.2  29.9  23.6 99.0 99.00
2016 09 10 19 50  93  3.2  4.5  1.35  9.09  6.53 136 1021.9  29.3  29.9  24.0 99.0 99.00
2016 09 10 20 50  81  3.6  4.5  1.32  8.33  6.49  96 1022.0  29.4  30.0  24.0 99.0 99.00
2016 09 10 21 50  86  3.6  4.5  1.30  8.33  6.53 103 1022.3  29.4  29.9  23.5 99.0 99.00
2016 09 10 22 50  89  3.6  4.3  1.34  8.33  6.54 118 1022.5  29.1  29.8  24.1 99.0 99.00
2016 09 10 23 50  80  3.7  4.6  1.36  7.69  6.59  99 1023.2  29.1  29.8  24.2 99.0 99.00
2016 09 11 00 50  70  3.9  4.6  1.24  7.14  6.42 108 1023.4  29.1  29.6  23.9 99.0 99.00
2016 09 11 01 50  83  3.8  4.9  1.28  7.69  6.39 101 1023.6  29.2  29.6  23.8 99.0 99.00
2016 09 11 02 50  76  3.9  5.0  1.24  8.33  6.19 119 1023.2  29.0  29.6  24.0 99.0 99.00
2016 09 11 03 50  74  3.9  4.6  1.24  7.69  6.14 103 1022.8  28.9  29.5  24.0 99.0 99.00
2016 09 11 04 50  91  4.3  6.0  1.18  7.69  6.18 113 1022.1  28.8  29.5  24.2 99.0 99.00
2016 09 11 05 50  87  3.8  4.6  1.15  7.14  6.24 115 1021.5  28.8  29.5  24.2 99.0 99.00
2016 09 11 06 50  88  4.7  5.4  1.10  7.69  6.25 102 1021.0  28.7  29.4  24.0 99.0 99.00
2016 09 11 07 50  86  4.0  5.0  1.14  7.14  6.29 118 1020.8  28.6  29.4  23.8 99.0 99.00
2016 09 11 08 50  79  4.5  5.2  1.05  7.69  5.88 103 1020.9  28.6  29.4  23.2 99.0 99.00
2016 09 11 09 50  74  4.2  5.2  1.09  7.14  6.37 114 1021.4  28.6  29.5  23.5 99.0 99.00
2016 09 11 10 50  74  4.8  5.7  1.11  8.33  6.26 112 1021.6  28.8  29.5  23.8 99.0 99.00
2016 09 11 11 50  83  4.5  6.0  1.15  7.69  6.18  89 1022.0  28.9  29.5  23.6 99.0 99.00
2016 09 11 12 50  89  5.0  6.1  1.15  7.69  6.08 115 1022.5  29.0  29.6  24.0 99.0 99.00
2016 09 11 13 50  89  4.9  5.8  1.11  7.69  5.86  95 1022.8  29.0  29.6  23.2 99.0 99.00
2016 09 11 14 50  88  4.2  5.6  1.17  7.14  5.81 112 1022.6  28.9  29.7  23.8 99.0 99.00
2016 09 11 15 50 100  3.8  4.9  1.06  7.69  5.80  81 1022.4  28.9  29.8  23.5 99.0 99.00
2016 09 11 16 50  99  3.0  4.0  1.12 11.43  5.84  90 1021.8  28.9  29.8  23.2 99.0 99.00
2016 09 11 17 50 112  3.3  4.3  1.08  6.67  6.03 129 1021.2  28.7  29.9  24.2 99.0 99.00
2016 09 11 18 50  87  2.4  3.3  1.05  7.14  5.92 107 1020.9  28.8  30.0  23.2 99.0 99.00
2016 09 11 19 50  77  2.1  3.1  1.08  9.09  6.12 129 1020.7  29.0  30.1  22.7 99.0 99.00
2016 09 11 20 50  74  2.4  3.3  1.14  6.67  6.31 113 1020.5  29.0  30.1  22.8 99.0 99.00
2016 09 11 21 50  73  2.0  2.7  1.15  7.14  6.35  87 1020.2  29.0  30.0  23.0 99.0 99.00
2016 09 11 22 50  58  3.3  4.0  1.10  7.14  6.18  95 1020.2  28.5  29.9  23.1 99.0 99.00
2016 09 11 23 50  62  3.5  4.5  1.17  7.69  6.31  90 1020.5  28.6  29.8  23.4 99.0 99.00
2016 09 12 00 50  58  4.8  5.6  1.16  6.25  6.19 111 1020.8  28.7  29.7  23.0 99.0 99.00
2016 09 12 01 50  55  5.2  6.1  1.20  6.25  6.08 119 1020.9  28.7  29.7  23.2 99.0 99.00
2016 09 12 02 50  52  5.2  6.2  1.15  8.33  5.89 113 1020.5  28.5  29.6  23.7 99.0 99.00
2016 09 12 03 50  62  5.0  6.2  1.10  8.33  5.55 108 1019.9  28.4  29.6  23.5 99.0 99.00
2016 09 12 04 50  74  4.9  5.8  1.10 10.00  5.67 126 1019.3  28.3  29.6  23.6 99.0 99.00
2016 09 12 05 50  73  4.5  5.5  1.07 10.81  5.78 110 1018.9  28.3  29.5  23.5 99.0 99.00
2016 09 12 06 50  62  4.4  5.3  1.01  9.09  5.51 115 1018.5  28.3  29.5  23.1 99.0 99.00
2016 09 12 07 50  77  3.5  4.2  1.03  7.14  5.50  90 1018.4  28.1  29.4  22.9 99.0 99.00
2016 09 12 08 50  67  3.7  4.7  1.01  6.25  5.47 118 1018.4  28.3  29.5  23.0 99.0 99.00
2016 09 12 09 50  74  4.6  5.7  0.99  7.69  5.73 100 1018.8  28.3  29.5  23.7 99.0 99.00
2016 09 12 10 50  72  4.2  5.4  1.03  7.14  5.81  74 1018.9  28.6  29.5  23.0 99.0 99.00
2016 09 12 11 50  73  4.2  5.1  0.98  8.33  5.70 123 1019.3  28.7  29.6  22.7 99.0 99.00
2016 09 12 12 50  72  4.3  5.3  0.94  6.25  5.57 118 1019.6  28.7  29.6  22.8 99.0 99.00
2016 09 12 13 50  70  4.6  5.5  0.96  6.25  5.63 116 1019.9  28.3  29.6  23.6 99.0 99.00
2016 09 12 14 50  72  3.9  4.9  1.00  6.25  5.64 111 1019.6  28.6  29.7  22.3 99.0 99.00
2016 09 12 15 50  71  3.3  4.3  0.93  7.14  5.67  89 1019.1  28.6  29.8  22.2 99.0 99.00
2016 09 12 16 50  54  3.5  4.4  0.94 10.81  5.96 123 1018.7  28.6  29.9  22.7 99.0 99.00
2016 09 12 17 50  71  3.7  4.6  1.00  7.14  5.87  93 1018.0  28.7  29.9  21.8 99.0 99.00
2016 09 12 18 50  63  2.7  3.8  0.94  7.14  5.84  86 1017.7  28.8  30.0  22.0 99.0 99.00
2016 09 12 19 50  46  2.6  3.4  1.01  7.14  6.06  99 1017.7  29.0  30.0  22.4 99.0 99.00
2016 09 12 20 50  55  2.4  3.5  0.96 10.81  6.10 129 1017.6  29.0  29.9  21.8 99.0 99.00
2016 09 12 21 50  43  2.9  3.6  0.97  7.14  5.97  87 1017.8  28.8  29.9  22.0 99.0 99.00
2016 09 12 22 50  49  2.9  3.9  0.94 10.00  6.20 110 1018.0  28.7  29.8  21.6 99.0 99.00
2016 09 12 23 50  51  4.1  4.9  1.01  7.14  6.38 102 1018.3  28.6  29.8  22.2 99.0 99.00
2016 09 13 00 50  44  3.6  4.5  1.17  8.33  6.74 116 1018.7  28.5  29.7  22.6 99.0 99.00
2016 09 13 01 50  59  3.9  5.2  1.11  9.09  6.61 111 1018.7  28.5  29.7  23.1 99.0 99.00
2016 09 13 02 50  54  5.3  6.5  1.12 10.81  6.40 112 1018.3  28.1  29.7  22.2 99.0 99.00
2016 09 13 03 50  67  4.9  5.7  1.13  7.14  6.43 106 1017.9  28.5  29.7  22.8 99.0 99.00
2016 09 13 04 50  71  5.5  6.6  1.17  9.09  6.22  95 1017.5  28.4  29.7  23.0 99.0 99.00
2016 09 13 05 50  79  5.9  7.3  1.38  9.09  6.45 103 1017.1  28.3  29.6  22.7 99.0 99.00
2016 09 13 06 50  71  4.5  5.5  1.25  8.33  6.12 106 1017.1  28.2  29.5  22.9 99.0 99.00
2016 09 13 07 50  71  4.4  5.2  1.25  9.09  6.26 100 1017.4  28.2  29.5  22.7 99.0 99.00
2016 09 13 08 50 133  1.5  2.7  1.28  8.33  6.52 106 1017.6  27.2  29.5  22.4 99.0 99.00
2016 09 13 09 50  74  3.0  4.0  1.27  9.09  6.58 115 1017.9  28.3  29.6  22.3 99.0 99.00
2016 09 13 10 50  63  4.0  5.5  1.20  9.09  6.55 108 1018.4  28.2  29.6  23.0 99.0 99.00
2016 09 13 12 50  66  3.2  4.5  1.31  9.09  6.76 123 1018.9  28.4  29.6  22.3 99.0 99.00
2016 09 13 13 50  63  3.9  5.0  1.29  9.09  6.98 121 1019.2  28.4  29.6  22.8 99.0 99.00
2016 09 13 14 50  56  3.2  4.3  1.46  9.09  7.38 122 1019.1  28.6  29.7  22.4 99.0 99.00
2016 09 13 15 50  58  2.9  3.6  1.47  9.09  7.61 116 1018.8  28.5  29.9  22.3 99.0 99.00
2016 09 13 16 50  44  2.8  3.7  1.53 10.00  7.59 120 1018.0  28.5  30.0  22.1 99.0 99.00
2016 09 13 17 50  28  2.6  3.7  1.69 10.00  8.00 119 1017.2  28.6  30.1  22.3 99.0 99.00
2016 09 13 18 50   8  2.1  2.8  1.85 11.43  8.52 115 1017.0  28.7  30.3  22.2 99.0 99.00
2016 09 13 19 50  26  4.5  5.6  1.73 12.12  8.43  99 1017.2  28.6  30.2  22.6 99.0 99.00
2016 09 13 20 50  19  3.9  5.2  1.78 11.43  8.25 118 1017.2  28.7  30.0  22.0 99.0 99.00
2016 09 13 21 50  28  4.5  5.8  1.81 12.12  8.26 101 1017.3  28.7  30.0  21.8 99.0 99.00
2016 09 13 22 50  43  4.6  5.8  1.82 11.43  8.15  90 1017.4  28.5  29.9  22.9 99.0 99.00
2016 09 13 23 50  45  4.6  5.5  1.75 10.81  8.13 106 1017.7  28.5  29.8  23.2 99.0 99.00
2016 09 14 00 50  51  4.5  5.4  1.72 11.43  7.88  97 1018.1  28.6  29.8  23.1 99.0 99.00
2016 09 14 01 50  47  4.1  5.1  1.87 10.81  8.37  93 1018.1  28.6  29.7  23.1 99.0 99.00
2016 09 14 02 50  46  3.8  5.3  1.92 10.81  8.27  97 1017.8  28.5  29.6  23.3 99.0 99.00
2016 09 14 03 50  55  3.6  4.5  1.77 10.81  7.63  90 1017.7  28.7  29.5  22.4 99.0 99.00
2016 09 14 04 50  42  2.7  3.6  1.81 11.43  7.98  91 1017.4  28.4  29.5  23.2 99.0 99.00
2016 09 14 05 50  27  1.8  3.0  2.09 10.00  8.24  95 1017.2  28.3  29.5  22.9 99.0 99.00
2016 09 14 06 50   4  1.8  2.6  1.77 10.00  7.87  90 1016.9  28.4  29.5  22.2 99.0 99.00
2016 09 14 07 50 360  2.1  3.0  1.80 11.43  8.01  87 1016.7  28.3  29.5  22.8 99.0 99.00
2016 09 14 08 50 339  1.7  2.8  1.87 12.12  8.28  86 1016.6  28.1  29.5  23.1 99.0 99.00
2016 09 14 09 50 342  2.4  3.6  1.86 11.43  8.27  94 1016.9  28.2  29.5  22.7 99.0 99.00
2016 09 14 10 50 309  1.8  3.1  1.79 11.43  8.24  97 1017.3  28.2  29.5  23.4 99.0 99.00
2016 09 14 11 50 339  3.3  4.4  1.84 11.43  8.65 101 1017.8  28.2  29.5  23.2 99.0 99.00
2016 09 14 12 50 327  3.3  4.3  1.73 10.81  8.32  97 1018.1  28.5  29.5  23.3 99.0 99.00
2016 09 14 13 50 310  3.7  4.5  1.73 10.81  8.30 102 1018.4  28.6  29.6  23.1 99.0 99.00
2016 09 14 14 50 344  3.4  4.6  1.83 12.12  8.51  95 1018.6  28.0  29.6  23.5 99.0 99.00
2016 09 14 15 50 302  3.7  5.5  1.69 10.81  8.65 100 1018.1  28.5  29.7  23.8 99.0 99.00
2016 09 14 16 50  82  2.6  3.9  1.66 11.43  8.45 105 1017.8  27.5  29.7  23.5 99.0 99.00
2016 09 14 17 50 315  1.2  2.7  1.65 11.43  8.10  95 1017.4  28.4  29.9  23.4 99.0 99.00
2016 09 14 18 50 324  4.6  5.7  1.85 11.43  8.06  93 1016.7  28.8  29.8  22.6 99.0 99.00
2016 09 14 19 50 315  3.9  5.2  1.63 11.43  7.97  99 1016.2  28.2  29.8  23.2 99.0 99.00
2016 09 14 20 50 337  5.3  6.8  1.81 11.43  8.44  87 1016.1  29.2  29.8  23.3 99.0 99.00
2016 09 14 21 50 339  5.3  7.0  1.86 10.81  8.19  94 1016.0  29.0  29.8  24.6 99.0 99.00
2016 09 14 22 50 343  5.2  6.5  1.77 10.81  7.93  81 1016.1  28.8  29.7  23.7 99.0 99.00
2016 09 14 23 50 344  5.9  7.2  1.80 10.81  8.03  93 1016.3  28.7  29.6  23.4 99.0 99.00
2016 09 15 00 50 345  5.8  7.0  1.75 10.81  7.74  89 1016.5  28.7  29.6  23.0 99.0 99.00
2016 09 15 01 50 347  5.7  6.9  1.75 10.81  7.64  85 1016.7  28.6  29.6  23.2 99.0 99.00
2016 09 15 02 50 353  4.1  5.1  1.81 11.43  7.53  76 1016.7  28.6  29.6  23.6 99.0 99.00
2016 09 15 03 50 337  3.6  4.7  1.83 10.00  7.53  80 1016.6  28.4  29.5  23.0 99.0 99.00
2016 09 15 04 50 347  4.4  5.4  1.67 10.00  7.19  90 1016.2  28.4  29.5  22.9 99.0 99.00
2016 09 15 05 50 336  4.2  5.7  1.75 10.00  7.18  87 1015.9  28.3  29.5  22.7 99.0 99.00
2016 09 15 06 50 329  4.3  5.3  1.76 10.81  7.52  78 1015.5  28.2  29.5  22.8 99.0 99.00
2016 09 15 07 50 317  4.3  5.4  1.68 10.00  7.44  96 1015.4  27.6  29.5  23.5 99.0 99.00
2016 09 15 08 50 335  3.9  5.3  1.82 10.00  7.62  89 1015.5  27.9  29.5  22.8 99.0 99.00
2016 09 15 09 50   5  4.6  5.6  1.84 10.00  7.56  96 1015.7  28.1  29.5  22.6 99.0 99.00
2016 09 15 10 50   8  4.6  5.6  1.45 10.81  6.92  89 1016.0  28.3  29.4  22.6 99.0 99.00
2016 09 15 11 50   3  5.6  6.3  1.67 10.81  7.31  86 1016.5  28.3  29.5  23.1 99.0 99.00
2016 09 15 12 50 360  5.3  6.1  1.59 10.00  6.58  89 1016.9  27.8  29.5  23.8 99.0 99.00
2016 09 15 13 50 345  6.5  9.0  1.49  9.09  6.71  89 1017.0  28.2  29.5  23.3 99.0 99.00
2016 09 15 14 50  32  3.9  6.4  1.45 10.00  6.45  88 1017.4  27.7  29.6  23.3 99.0 99.00
2016 09 15 15 50   5  6.8  8.0  1.60 10.00  6.18  91 1016.6  28.6  29.6  23.4 99.0 99.00
2016 09 15 16 50   1  6.8  8.2  1.59  8.33  6.06  76 1016.2  28.6  29.6  23.9 99.0 99.00
2016 09 15 17 50  10  6.5  7.7  1.68  9.09  5.96  92 1015.7  28.5  29.7  23.6 99.0 99.00
2016 09 15 18 50  22  5.3  6.7  1.64 10.00  6.25  93 1015.3  28.6  29.7  23.8 99.0 99.00
2016 09 15 19 50  20  5.9  7.0  1.55  9.09  5.96 104 1015.3  28.6  29.7  23.3 99.0 99.00
2016 09 15 20 50  28  4.5  5.8  1.60 10.00  6.19  94 1015.4  28.6  29.6  23.0 99.0 99.00
2016 09 15 21 50 349  5.6  6.9  1.66  9.09  6.23  99 1015.5  28.0  29.6  24.2 99.0 99.00
2016 09 15 22 50  11  4.8  5.9  1.51  9.09  5.92  87 1015.9  27.7  29.6  23.9 99.0 99.00
2016 09 15 23 50 343  4.3  5.3  1.51  8.33  5.81  78 1016.2  27.3  29.6  23.8 99.0 99.00
2016 09 16 00 50  46  4.9  5.6  1.62  9.09  6.08  79 1016.8  28.2  29.5  23.4 99.0 99.00
2016 09 16 01 50  48  6.1  7.2  1.47  8.33  5.83  62 1016.7  28.2  29.5  23.6 99.0 99.00
2016 09 16 02 50  42  7.5  8.6  1.67  8.33  5.96  76 1016.4  28.4  29.5  22.8 99.0 99.00
2016 09 16 03 50  53  7.6  8.9  1.66  7.14  5.76  17 1016.3  28.3  29.5  22.8 99.0 99.00
2016 09 16 04 50  51  7.1  8.4  1.72  8.33  5.76  91 1016.2  28.3  29.5  22.3 99.0 99.00
2016 09 16 05 50  44  7.6  9.0  1.61  9.09  5.47 104 1015.8  28.1  29.4  22.5 99.0 99.00
2016 09 16 06 50  45  7.6  9.0  1.64  9.09  5.53  90 1015.3  28.0  29.4  21.8 99.0 99.00
2016 09 16 07 50  48  8.6  9.9  1.64  8.33  5.52  67 1015.0  28.0  29.4  21.7 99.0 99.00
2016 09 16 08 50  44  8.6 10.2  1.56  9.09  5.26  93 1015.2  27.9  29.4  21.2 99.0 99.00
2016 09 16 09 50  41  8.6 10.5  1.54  8.33  5.13  85 1015.7  27.9  29.3  20.9 99.0 99.00
2016 09 16 10 50  40  7.7  9.1  1.68  8.33  5.37  90 1016.0  28.1  29.3  20.8 99.0 99.00
2016 09 16 11 50  43  7.5  8.9  1.71  9.09  5.53  89 1016.3  28.2  29.3  20.3 99.0 99.00
2016 09 16 12 50  44  7.5  9.0  1.51  8.33  5.26  84 1016.8  28.2  29.3  20.2 99.0 99.00
2016 09 16 13 50  53  7.5  8.9  1.40  9.09  5.15  84 1017.4  28.1  29.4  21.1 99.0 99.00
2016 09 16 14 50  49  7.0  8.1  1.50  8.33  5.49  71 1017.3  28.1  29.4  20.3 99.0 99.00
2016 09 16 15 50  55  6.1  7.6  1.42  8.33  5.45  81 1017.4  28.2  29.4  21.2 99.0 99.00
2016 09 16 16 50  48  6.6  7.9  1.43  7.69  5.56  65 1016.7  28.3  29.4  21.7 99.0 99.00
2016 09 16 17 50  50  6.3  7.6  1.33  8.33  5.41  86 1016.1  28.5  29.5  22.5 99.0 99.00
2016 09 16 18 50  56  6.3  7.7  1.36  9.09  5.44 105 1015.7  28.6  29.5  21.9 99.0 99.00
2016 09 16 19 50  48  6.7  8.1  1.37  8.33  5.44  82 1015.5  28.6  29.5  22.7 99.0 99.00
2016 09 16 20 50  49  6.9  8.5  1.34  9.09  5.42 106 1015.5  28.6  29.5  22.6 99.0 99.00
2016 09 16 21 50  49  7.3  8.4  1.29  8.33  5.31  95 1015.7  28.5  29.5  22.8 99.0 99.00
2016 09 16 22 50  53  7.2  9.0  1.38  7.69  5.34  61 1015.9  28.4  29.4  22.7 99.0 99.00
2016 09 16 23 50  55  7.5  9.1  1.44  7.69  5.53  47 1016.4  28.4  29.4  22.7 99.0 99.00
2016 09 17 00 50  49  7.8  9.0  1.41  8.33  5.33  61 1016.9  28.5  29.3  22.7 99.0 99.00
2016 09 17 01 50  61  7.3  8.7  1.42  7.69  5.33  57 1017.0  28.6  29.3  22.0 99.0 99.00
2016 09 17 02 50  53  6.5  7.5  1.39  8.33  5.25  69 1017.1  28.4  29.3  23.0 99.0 99.00
2016 09 17 03 50  61  7.6  8.8  1.41  6.67  5.34  36 1016.8  28.5  29.3  22.6 99.0 99.00
2016 09 17 04 50  65  8.1  9.4  1.36  7.14  5.07  36 1016.0  28.4  29.3  22.6 99.0 99.00
2016 09 17 05 50  66  7.5  9.0  1.55  7.69  5.20  52 1015.7  28.3  29.3  23.1 99.0 99.00
2016 09 17 06 50  81  7.1  8.5  1.44  7.69  4.97  59 1015.3  27.8  29.2  24.6 99.0 99.00
2016 09 17 07 50  71  7.0  8.5  1.39  8.33  4.92  74 1015.2  27.8  29.2  24.3 99.0 99.00
2016 09 17 08 50  67  9.1 10.3  1.48  7.69  5.10  51 1015.2  26.7  29.2  24.1 99.0 99.00
2016 09 17 09 50  62  7.5  9.0  1.45  7.69  5.01  53 1015.7  27.4  29.2  24.1 99.0 99.00
2016 09 17 10 50  57  6.9  8.1  1.33  7.69  5.12  62 1015.6  28.0  29.2  24.3 99.0 99.00
2016 09 17 11 50  59  7.8  9.2  1.25  7.69  4.99  46 1016.7  27.8  29.2  23.8 99.0 99.00
2016 09 17 12 50  53  6.5  7.9  1.28  7.14  5.02  43 1017.0  28.0  29.2  24.1 99.0 99.00
2016 09 17 13 50  40  5.9  7.0  1.23  7.14  5.04  47 1017.5  27.1  29.2  23.3 99.0 99.00
2016 09 17 14 50  69  4.9  6.2  1.22  6.67  5.24  31 1017.5  28.2  29.3  24.3 99.0 99.00
2016 09 17 15 50  72  6.3  8.4  1.15  7.69  5.16  57 1017.0  27.3  29.4  23.4 99.0 99.00
2016 09 17 16 50  75  5.7  7.0  1.09  7.14  5.08  54 1017.1  27.2  29.4  24.8 99.0 99.00
2016 09 17 17 50 103  3.8  8.3  1.14  7.69  5.13  64 1017.2  25.7  29.3  24.1 99.0 99.00
2016 09 17 18 50  57  3.5  4.3  1.23  7.14  5.08  51 1016.7  26.5  29.2  24.1 99.0 99.00
2016 09 17 19 50  92  3.6  4.5  1.09  7.69  5.13  77 1016.4  27.4  29.3  24.4 99.0 99.00
2016 09 17 20 50 140  6.9  8.6  1.15  7.69  5.26  68 1016.1  26.7  29.3  24.3 99.0 99.00
2016 09 17 21 50 119  7.0  8.3  1.15  7.69  5.00  49 1016.4  26.8  29.3  23.6 99.0 99.00
2016 09 17 22 50 120  5.5  6.5  1.17  7.69  4.88  80 1016.7  27.5  29.2  22.8 99.0 99.00
2016 09 17 23 50 131  5.6  6.7  1.11  7.69  5.19  48 1017.0  27.8  29.2  23.1 99.0 99.00
2016 09 18 00 50 153  5.5  6.5  1.05  7.14  5.12  36 1017.4  27.5  29.2  24.7 99.0 99.00
2016 09 18 01 50 140  4.9  5.8  1.17  7.69  5.66  59 1017.4  27.6  29.2  24.8 99.0 99.00
2016 09 18 02 50 134  5.7  6.7  1.14  7.69  5.04  53 1017.0  28.1  29.2  24.3 99.0 99.00
2016 09 18 03 50 128  6.1  7.7  1.20  7.14  5.21  44 1016.6  28.0  29.2  24.6 99.0 99.00
2016 09 18 04 50 143  5.9  7.4  1.14  7.14  5.41  46 1016.3  28.2  29.2  24.5 99.0 99.00
2016 09 18 05 50 172  5.5  7.1  1.17  7.69  5.28  59 1016.2  28.4  29.2  24.0 99.0 99.00
2016 09 18 06 50 263  3.1  4.3  1.24  8.33  5.27  88 1016.0  26.5  29.1  23.6 99.0 99.00
2016 09 18 07 50 264  3.3  8.5  1.30  8.33  5.36  51 1016.4  24.6  29.1  20.7 99.0 99.00
2016 09 18 08 50 111  5.6  7.0  1.43  8.33  6.01  13 1015.7  26.4  28.7  22.8 99.0 99.00
2016 09 18 09 50  91  5.3  6.8  1.37  9.09  5.82  11 1016.0  26.9  29.0  24.6 99.0 99.00
2016 09 18 10 50 158  7.3  8.8  1.37  9.09  5.68  12 1016.4  26.9  29.1  23.6 99.0 99.00
2016 09 18 11 50 155  7.6  9.0  1.56  8.33  5.61 352 1017.0  27.1  29.1  24.0 99.0 99.00
2016 09 18 12 50 180  8.1  9.8  1.51  9.09  5.26  27 1017.3  26.6  29.1  23.7 99.0 99.00
2016 09 18 13 50 185 10.6 12.3  1.52  8.33  5.28   3 1017.4  26.9  29.1  23.8 99.0 99.00
2016 09 18 14 50 163  8.4  9.8  1.67  8.33  5.25 354 1017.4  26.9  29.1  23.1 99.0 99.00
2016 09 18 15 50 144 10.4 12.2  1.57  9.09  5.13  28 1017.5  27.1  29.2  23.8 99.0 99.00
2016 09 18 16 50 153 10.2 12.1  1.66  8.33  4.94  11 1017.2  27.1  29.1  23.1 99.0 99.00
2016 09 18 17 50 160  9.8 11.8  1.76  8.33  5.06  28 1016.8  27.2  29.1  22.7 99.0 99.00
2016 09 18 18 50 162  8.0  9.6  1.68  9.09  5.10  32 1016.6  27.3  29.1  22.6 99.0 99.00
2016 09 18 19 50 164  5.8  7.2  1.74  5.26  5.39 156 1016.9  27.4  29.1  22.4 99.0 99.00
2016 09 18 20 50 147  5.9  7.1  1.59  5.26  5.51 154 1017.3  27.3  29.1  22.4 99.0 99.00
2016 09 18 21 50 138  6.9  7.8  1.59  8.33  5.79  18 1017.2  27.1  29.1  23.9 99.0 99.00
2016 09 18 22 50 133  7.4  8.6  1.53  7.69  5.73  36 1017.3  27.2  29.1  23.7 99.0 99.00
2016 09 18 23 50 138  8.0  9.4  1.61  8.33  5.67  16 1017.2  27.5  29.1  23.7 99.0 99.00
2016 09 19 00 50 137  7.3  9.0  1.65  7.14  5.81  64 1018.0  27.8  29.1  23.8 99.0 99.00
2016 09 19 01 50 136  7.8  9.2  1.51  9.09  5.65  26 1017.9  27.9  29.0  24.4 99.0 99.00
2016 09 19 02 50 140  7.8  9.4  1.50  7.69  5.61  40 1017.7  28.1  29.0  24.6 99.0 99.00
2016 09 19 03 50 146  7.5  8.7  1.49  8.33  5.40  34 1017.5  28.3  29.0  24.5 99.0 99.00
2016 09 19 04 50 144  7.4  9.0  1.46  8.33  5.43  47 1017.4  28.4  29.0  24.7 99.0 99.00
2016 09 19 05 50 147  7.1  8.2  1.50  7.69  5.56  28 1017.3  28.5  29.0  24.0 99.0 99.00
2016 09 19 06 50 137  5.9  7.1  1.55  7.69  5.42  70 1016.9  28.3  29.0  24.5 99.0 99.00
2016 09 19 07 50 137  5.3  6.7  1.62  7.14  5.37  81 1017.4  25.0  28.9  24.1 99.0 99.00
2016 09 19 08 50 146  6.7  7.7  1.55  6.67  5.62 112 1017.1  26.8  28.9  23.0 99.0 99.00
2016 09 19 09 50 146  6.8  8.1  1.61  6.67  5.71  95 1017.5  27.5  28.9  23.7 99.0 99.00
2016 09 19 10 50 149 10.6 12.8  1.60  6.67  5.72  95 1017.5  25.5  28.9  22.9 99.0 99.00
2016 09 19 11 50 151  6.1  7.5  1.55  6.25  5.47 118 1018.4  26.5  28.9  23.0 99.0 99.00
2016 09 19 12 50 169  5.5  6.5  1.52  6.25  5.55 121 1018.8  26.7  28.9  22.4 99.0 99.00
2016 09 19 13 50 165  6.1  7.6  1.55  6.67  5.76 118 1019.0  27.0  28.9  23.0 99.0 99.00
2016 09 19 14 50 133  7.4  9.2  1.52 10.00  5.60  49 1019.5  26.8  29.0  23.9 99.0 99.00
2016 09 19 15 50 133  9.0 10.4  1.49 11.43  5.37  22 1019.1  26.2  29.0  23.9 99.0 99.00
2016 09 19 16 50 147  9.9 12.1  1.63 11.43  5.34  24 1018.5  26.4  29.0  22.9 99.0 99.00
2016 09 19 17 50 149  9.6 11.6  1.66 11.43  5.36  30 1018.2  26.4  29.0  23.4 99.0 99.00
2016 09 19 18 50 153  7.6  9.0  1.70  6.25  5.35 119 1017.8  26.4  29.0  23.6 99.0 99.00
2016 09 19 19 50 151  8.2  9.3  1.67 10.81  5.48  43 1017.9  26.6  29.0  22.9 99.0 99.00
2016 09 19 20 50 148  8.2 10.0  1.72  7.14  5.60 125 1017.7  27.0  29.0  23.8 99.0 99.00
2016 09 19 21 50 147  6.8  7.9  1.59  7.14  5.56 124 1017.7  26.8  28.9  22.9 99.0 99.00
2016 09 19 22 50 142  6.9  8.3  1.62 12.12  5.89  47 1017.9  27.2  28.9  23.8 99.0 99.00
2016 09 19 23 50 154  6.9  8.4  1.60 10.81  5.77  51 1018.2  27.5  28.9  24.2 99.0 99.00
2016 09 20 00 50 143  6.3  7.2  1.65 11.43  5.83  24 1018.8  27.6  28.9  23.6 99.0 99.00
2016 09 20 01 50 144  5.4  6.8  1.61 12.12  5.93  76 1018.9  27.7  28.9  23.8 99.0 99.00
2016 09 20 02 50 139  6.0  7.2  1.58  9.09  6.26  69 1018.9  27.7  28.9  23.5 99.0 99.00
2016 09 20 03 50 143  5.5  6.8  1.59 11.43  6.47  77 1018.9  27.7  28.9  23.7 99.0 99.00
2016 09 20 04 50 136  5.1  6.6  1.53 12.12  6.37  60 1018.7  27.6  28.9  23.7 99.0 99.00
2016 09 20 05 50 133  5.7  6.7  1.62 11.43  6.43  51 1018.4  27.7  28.9  23.5 99.0 99.00
2016 09 20 06 50 122  5.3  7.1  1.59 12.12  6.57  71 1018.1  27.7  28.9  23.5 99.0 99.00
2016 09 20 07 50 114  6.4  7.7  1.61 12.12  6.69  49 1017.8  27.6  28.9  23.9 99.0 99.00
2016 09 20 08 50 120  5.0  6.2  1.58 11.43  6.58  62 1017.9  27.6  28.8  23.3 99.0 99.00
2016 09 20 09 50 118  4.3  5.3  1.60 12.12  6.68  72 1018.1  27.8  28.8  22.4 99.0 99.00
2016 09 20 10 50 113  4.3  5.5  1.55 11.43  6.39  71 1018.3  27.8  28.8  23.5 99.0 99.00
2016 09 20 11 50 107  4.0  5.1  1.69 11.43  6.89  79 1018.7  28.2  28.8  23.2 99.0 99.00
2016 09 20 13 50  92  4.0  5.1  1.64 10.81  6.89  72 1019.4  28.4  28.9  23.0 99.0 99.00
2016 09 20 14 50  77  3.4  4.5  1.71 11.43  7.43  67 1019.5  28.4  29.0  23.0 99.0 99.00
2016 09 20 15 50  69  3.5  4.2  1.61 10.00  6.94  83 1019.1  28.4  29.2  23.4 99.0 99.00
2016 09 20 16 50  82  4.7  5.7  1.61 11.43  7.26  67 1018.5  28.4  29.2  23.1 99.0 99.00
2016 09 20 17 50  87  5.2  6.4  1.50 11.43  6.93  84 1017.8  28.5  29.3  23.1 99.0 99.00
2016 09 20 18 50  78  4.9  5.9  1.52 11.43  7.11  88 1017.4  28.6  29.3  23.4 99.0 99.00
2016 09 20 19 50  71  5.4  6.5  1.50 11.43  6.89  74 1017.0  28.6  29.2  23.7 99.0 99.00
2016 09 20 20 50  84  5.3  6.6  1.55 10.81  6.90  77 1017.1  28.7  29.2  23.6 99.0 99.00
2016 09 20 21 50  87  4.8  5.6  1.52 11.43  6.97  90 1017.4  28.5  29.1  23.8 99.0 99.00
2016 09 20 22 50  84  5.7  6.8  1.48 11.43  6.74  68 1017.1  28.3  29.0  23.8 99.0 99.00
2016 09 20 23 50  58  4.4  5.7  1.37 10.00  6.50  94 1017.7  28.2  29.0  24.3 99.0 99.00
2016 09 21 00 50  74  4.8  6.2  1.46 11.43  6.70  91 1017.9  28.2  28.9  24.5 99.0 99.00
2016 09 21 01 50  81  8.0 10.9  1.48 10.81  6.39  82 1017.7  27.1  29.0  24.0 99.0 99.00
2016 09 21 02 50  51  2.4  3.4  1.47 10.00  6.64  92 1017.7  27.2  29.0  24.2 99.0 99.00
2016 09 21 03 50 104  2.1  3.2  1.49 11.43  6.75  80 1017.4  28.0  29.0  24.2 99.0 99.00
2016 09 21 04 50  94  3.6  4.4  1.51 10.81  6.73  74 1017.0  28.2  29.0  23.9 99.0 99.00
2016 09 21 05 50 125  3.9  4.9  1.47 10.00  6.30  74 1016.6  27.9  28.9  24.7 99.0 99.00
2016 09 21 06 50  93  4.9  6.2  1.53 10.00  6.52  74 1016.2  27.5  28.9  24.2 99.0 99.00
2016 09 21 07 50  94  5.3  6.2  1.49 10.81  6.41  87 1015.9  27.8  28.9  23.8 99.0 99.00
2016 09 21 08 50 121  3.7  4.5  1.52 10.00  6.70  73 1016.0  27.6  28.9  24.3 99.0 99.00
2016 09 21 09 50  80  5.8  6.6  1.70 10.00  6.84  85 1016.0  27.7  28.9  24.1 99.0 99.00
2016 09 21 10 50  83  4.9  5.8  1.81 10.00  7.16  81 1016.2  28.0  28.9  24.0 99.0 99.00
2016 09 21 11 50  90  5.1  5.9  1.64 12.12  6.74  98 1016.7  27.9  28.9  24.4 99.0 99.00
2016 09 21 12 50  89  5.8  7.6  1.84 11.43  6.87  98 1017.2  28.3  29.0  23.9 99.0 99.00
2016 09 21 13 50  78  5.3  6.4  1.99 12.12  7.14 112 1017.5  28.5  29.0  24.0 99.0 99.00
2016 09 21 14 50  80  6.1  7.8  1.94 11.43  6.98  99 1017.4  28.5  29.0  24.3 99.0 99.00
2016 09 21 15 50  77  7.3  8.5  1.86 12.12  6.80 110 1017.0  28.4  29.1  23.7 99.0 99.00
2016 09 21 16 50  81  6.9  8.2  2.26 10.81  7.49  96 1016.4  28.8  29.1  23.7 99.0 99.00
2016 09 21 17 50  80  7.1  8.3  2.10 11.43  6.88  99 1015.8  28.8  29.1  22.9 99.0 99.00
2016 09 21 18 50  91  5.8  7.3  2.23 11.43  7.11  95 1015.9  28.6  29.1  23.8 99.0 99.00
2016 09 21 19 50  88  6.2  7.4  2.21 10.81  7.14 113 1015.8  28.7  29.1  23.7 99.0 99.00
2016 09 21 20 50  78  6.7  8.4  2.25 10.00  6.86 103 1015.5  28.1  29.0  24.0 99.0 99.00
2016 09 21 21 50  90  7.2 10.3  2.13  9.09  6.63  96 1015.7  27.8  29.0  22.6 99.0 99.00
2016 09 21 22 50  85  7.3  9.0  2.37 11.43  7.27 106 1015.8  27.7  29.0  23.8 99.0 99.00
2016 09 21 23 50  87  6.1  7.8  2.23 10.81  6.93 109 1016.4  27.7  28.9  24.5 99.0 99.00
2016 09 22 00 50  86  6.6  7.9  2.24 10.81  7.12 109 1016.6  28.1  28.9  24.3 99.0 99.00
2016 09 22 01 50  81  8.0  9.3  2.26 10.81  7.03 110 1016.5  28.1  28.9  24.2 99.0 99.00
2016 09 22 02 50  79  7.7  9.3  2.29 10.81  6.86 122 1016.2  28.1  28.9  24.0 99.0 99.00
2016 09 22 03 50  65  7.5  9.0  2.41 10.81  7.01 114 1015.8  28.0  28.9  24.9 99.0 99.00
2016 09 22 04 50  79  8.4  9.8  2.54 11.43  7.06 104 1015.0  28.3  28.9  24.4 99.0 99.00
2016 09 22 05 50  87 10.0 12.1  2.40 10.81  7.01 115 1014.5  27.4  28.9  24.8 99.0 99.00
2016 09 22 06 50  78  8.8 10.7  2.58  9.09  6.88 106 1013.7  28.1  28.9  23.7 99.0 99.00
2016 09 22 07 50  77  9.4 11.1  2.45 11.43  6.96 112 1013.6  28.4  28.9  24.0 99.0 99.00
2016 09 22 08 50  69  9.9 11.8  2.51 10.81  6.90 108 1013.4  28.4  28.9  23.8 99.0 99.00
2016 09 22 09 50  63  7.5  9.0  2.42 10.81  6.57 101 1013.4  28.0  28.8  24.3 99.0 99.00
2016 09 22 10 50  65 10.0 12.1  2.88 10.00  6.90 100 1013.6  28.6  28.8  24.1 99.0 99.00
2016 09 22 11 50  55  8.4 10.8  3.20 10.00  7.04 102 1014.7  26.1  28.8  24.2 99.0 99.00
2016 09 22 12 50  85 12.3 15.0  2.95 10.81  6.86 100 1014.3  25.8  28.8  24.4 99.0 99.00
2016 09 22 13 50  69  8.9 16.2  3.33 10.00  7.08  99 1014.4  26.7  28.8  23.6 99.0 99.00
2016 09 22 14 50  58 10.3 12.6  3.06  9.09  6.56 108 1013.9  27.8  28.8  24.2 99.0 99.00
2016 09 22 15 50  64 11.6 13.5  3.18  9.09  6.67 103 1013.5  25.7  28.8  24.5 99.0 99.00
2016 09 22 16 50  75  9.9 11.9  3.33 10.00  6.83 100 1012.9  26.9  28.8  23.6 99.0 99.00
2016 09 22 17 50  61 11.0 13.1  3.27 10.00  6.94  94 1011.6  27.7  28.8  24.3 99.0 99.00
2016 09 22 18 50  62 10.7 13.0  3.61 10.00  7.33 100 1010.7  27.9  28.7  24.6 99.0 99.00
2016 09 22 19 50  54  8.8 10.7  3.93 10.00  7.27 100 1010.5  25.2  28.7  24.1 99.0 99.00
2016 09 22 20 50  74 13.3 17.0  4.05 10.00  7.43 104 1009.9  26.8  28.7  23.9 99.0 99.00
2016 09 22 21 50  71 12.5 15.7  4.04 10.81  7.19 106 1009.5  27.1  28.7  25.1 99.0 99.00
2016 09 22 22 50  86 14.5 18.9  4.34 10.00  7.48 108 1009.1  26.2  28.7  25.2 99.0 99.00
2016 09 22 23 50  93 15.5 19.5  4.13 10.81  7.01 103 1008.3  26.3  28.7  24.3 99.0 99.00
2016 09 23 00 50  89 14.1 17.0  4.29  9.09  7.20 108 1008.0  26.7  28.6  24.7 99.0 99.00
2016 09 23 01 50  98 13.7 16.7  4.61  9.09  7.42  99 1007.5  27.9  28.6  25.6 99.0 99.00
2016 09 23 02 50  93 14.4 17.9  4.31 10.81  7.33 106 1006.4  28.0  28.6  25.6 99.0 99.00
2016 09 23 03 50 113 15.1 18.2  4.39 10.00  7.41  99 1006.0  28.7  28.6  24.8 99.0 99.00
2016 09 23 04 50 133 15.5 18.3  4.37 10.81  7.16 112 1005.4  28.3  28.5  25.1 99.0 99.00
2016 09 23 05 50 146 15.7 19.2  4.22 10.81  7.13 108 1005.5  27.8  28.5  24.0 99.0 99.00
2016 09 23 06 50 140 13.8 16.6  4.13 10.81  7.00  91 1005.9  27.5  28.4  25.0 99.0 99.00
2016 09 23 07 50 153 14.5 17.3  3.93 10.81  6.85  94 1006.0  28.3  28.4  24.9 99.0 99.00
2016 09 23 08 50 162 15.1 18.6  3.64 10.81  6.57  98 1006.5  28.4  28.3  24.6 99.0 99.00
2016 09 23 09 50 172 13.0 15.1  3.87 10.81  6.80  95 1007.9  27.0  28.3  24.9 99.0 99.00
2016 09 23 10 50 170 11.3 15.0  3.57 10.00  6.91  99 1009.1  28.1  28.3  25.2 99.0 99.00
2016 09 23 11 50 169 12.8 15.3  3.35  8.33  6.55 135 1010.0  28.3  28.2  24.7 99.0 99.00
2016 09 23 12 50 173 12.2 15.1  3.41 10.00  6.57  93 1010.7  28.5  28.2  25.0 99.0 99.00
2016 09 23 13 50 177 12.2 14.7  3.40 10.00  6.53 102 1011.4  28.6  28.1  24.8 99.0 99.00
2016 09 23 14 50 175 11.9 14.8  3.43 10.00  6.54  94 1011.6  28.3  28.1  24.8 99.0 99.00
2016 09 23 15 50 183 12.8 15.1  3.46 10.00  6.56 100 1011.5  28.9  28.2  24.7 99.0 99.00
2016 09 23 16 50 184 10.8 13.3  3.42 10.00  6.70  97 1011.6  28.3  28.2  25.2 99.0 99.00
2016 09 23 17 50 188 10.4 12.5  3.47 10.00  6.76  98 1011.4  28.7  28.2  24.9 99.0 99.00
2016 09 23 18 50 183 11.0 14.0  3.30  9.09  6.83  95 1011.0  28.5  28.2  25.3 99.0 99.00
2016 09 23 19 50 192  9.8 13.2  3.18  7.14  6.82 196 1011.6  28.7  28.3  25.4 99.0 99.00
2016 09 23 20 50 195  9.2 11.5  3.32  9.09  6.84  94 1012.1  28.8  28.3  25.4 99.0 99.00
2016 09 23 21 50 183  8.8 10.6  3.28  7.14  6.67 229 1012.6  28.7  28.3  25.6 99.0 99.00
2016 09 23 22 50 187  9.5 11.9  3.19  7.14  6.62 221 1012.9  28.7  28.3  25.0 99.0 99.00
2016 09 23 23 50 194  8.6 10.4  3.51  7.69  6.72 222 1013.8  28.5  28.3  25.5 99.0 99.00
2016 09 24 00 50 198  7.6  9.3  2.94  9.09  6.61  92 1014.5  28.6  28.3  25.4 99.0 99.00
2016 09 24 01 50 184  8.1  9.6  2.89  7.69  6.48 193 1014.5  28.5  28.3  25.5 99.0 99.00
2016 09 24 02 50 197  9.0 10.7  2.88  7.69  6.46 238 1014.3  28.5  28.3  25.3 99.0 99.00
2016 09 24 03 50 195  7.9  9.9  3.02  8.33  6.59 269 1014.4  28.0  28.2  25.1 99.0 99.00
2016 09 24 04 50 203  8.3  9.6  2.70  9.09  6.44  97 1013.9  28.2  28.2  24.7 99.0 99.00
2016 09 24 05 50 201  7.9  9.5  2.76  8.33  6.45 289 1013.9  28.0  28.2  25.7 99.0 99.00
2016 09 24 06 50 216  8.1  9.8  2.72  8.33  6.52 280 1013.6  28.3  28.1  25.3 99.0 99.00
2016 09 24 07 50 215  8.1  9.4  2.54  9.09  6.30 305 1013.2  28.2  28.1  24.9 99.0 99.00
2016 09 24 08 50 211  7.9  9.5  2.53  8.33  6.31 291 1013.7  28.2  28.1  25.0 99.0 99.00
2016 09 24 09 50 215  7.7  9.0  2.77 10.00  6.88 323 1014.1  27.8  28.0  24.3 99.0 99.00
2016 09 24 10 50 225  8.3  9.9  2.75 11.43  6.85 294 1014.6  28.2  28.1  24.8 99.0 99.00
2016 09 24 11 50 224  8.6 10.3  2.97 10.81  7.18 291 1014.9  28.3  28.1  25.5 99.0 99.00
2016 09 24 12 50 226  8.6 10.2  2.69  9.09  6.72 316 1015.1  28.4  28.1  25.4 99.0 99.00
2016 09 24 13 50 233  7.7  9.1  2.57  9.09  6.64 307 1015.3  28.4  28.1  25.5 99.0 99.00
2016 09 24 14 50 239  7.6  9.2  2.59  9.09  6.54 300 1015.6  28.5  28.2  24.9 99.0 99.00
2016 09 24 15 50 244  7.5  9.1  2.55 10.00  6.63 306 1015.5  28.5  28.3  25.0 99.0 99.00
2016 09 24 16 50 256  8.2  9.8  2.40 10.00  6.56 311 1015.1  28.5  28.3  25.0 99.0 99.00
2016 09 24 17 50 267  7.4  8.9  2.52  9.09  6.73 319 1014.4  27.6  28.3  24.3 99.0 99.00
2016 09 24 18 50 251  6.5  8.5  2.43 10.00  6.77 318 1014.0  28.5  28.4  25.3 99.0 99.00
2016 09 24 19 50 264  7.5  8.7  2.23  7.69  6.44 336 1013.9  28.6  28.4  24.6 99.0 99.00
2016 09 24 20 50 272  6.5  7.8  2.24  8.33  6.47 327 1014.2  28.5  28.4  25.1 99.0 99.00
2016 09 24 21 50 270  6.1  7.3  1.94  9.09  6.14 357 1014.5  28.4  28.4  25.0 99.0 99.00
2016 09 24 22 50 278  6.0  7.5  2.00  8.33  6.34 339 1014.9  28.3  28.4  25.1 99.0 99.00
2016 09 24 23 50 283  5.3  6.4  1.81  7.69  6.19 336 1015.1  28.3  28.3  24.9 99.0 99.00
2016 09 25 00 50 286  4.6  5.5  1.87  9.09  6.39  17 1015.6  28.3  28.3  24.8 99.0 99.00
2016 09 25 01 50 277  4.4  5.2  1.93  8.33  6.47 331 1015.6  28.2  28.3  25.0 99.0 99.00
2016 09 25 02 50 268  4.3  5.3  2.09  8.33  6.74 347 1015.2  28.1  28.3  25.3 99.0 99.00
2016 09 25 03 50 281  4.5  5.6  2.05  9.09  6.85 339 1014.9  28.0  28.2  25.4 99.0 99.00
2016 09 25 04 50 298  4.3  5.4  2.10  9.09  6.73 349 1014.5  27.9  28.2  24.9 99.0 99.00
2016 09 25 05 50 303  4.4  5.7  2.07  9.09  6.93 326 1014.0  27.8  28.2  24.8 99.0 99.00
2016 09 25 06 50 313  4.5  5.3  2.07  9.09  7.01 336 1013.6  27.8  28.2  24.6 99.0 99.00
2016 09 25 07 50 311  4.3  5.5  2.02  9.09  7.01 324 1013.4  27.8  28.2  24.6 99.0 99.00
2016 09 25 08 50 313  4.5  5.7  2.10  9.09  7.28 321 1013.6  27.7  28.2  24.4 99.0 99.00
2016 09 25 09 50 310  4.6  5.9  2.12 10.00  7.26 345 1013.9  27.8  28.2  24.5 99.0 99.00
2016 09 25 10 50 308  4.0  4.7  2.04  9.09  7.17 328 1014.3  27.8  28.2  24.3 99.0 99.00
2016 09 25 11 50 311  3.4  4.3  2.27  9.09  7.55 329 1015.1  28.0  28.2  24.2 99.0 99.00
2016 09 25 12 50 291  2.8  3.7  2.00 10.00  7.04 353 1015.5  28.0  28.2  24.5 99.0 99.00
2016 09 25 13 50 304  2.8  3.7  2.24  9.09  7.39 354 1015.8  28.1  28.3  24.2 99.0 99.00
2016 09 25 14 50 277  2.5  3.3  2.26 10.00  7.22 358 1015.6  28.0  28.6  24.0 99.0 99.00
2016 09 25 15 50 271  3.8  5.7  2.10  9.09  6.98 352 1015.3  28.0  28.8  24.6 99.0 99.00
2016 09 25 16 50 279  3.4  4.2  2.08  9.09  6.94 343 1015.1  28.0  28.8  24.3 99.0 99.00
2016 09 25 17 50 257  2.8  3.5  2.14  9.09  7.17   1 1015.0  28.2  29.1  24.4 99.0 99.00
2016 09 25 18 50 267  3.3  4.3  1.91  9.09  6.83 348 1014.5  28.4  29.2  24.2 99.0 99.00
2016 09 25 19 50 283  2.7  3.7  1.85  9.09  6.61  11 1014.3  28.6  29.3  23.5 99.0 99.00
2016 09 25 20 50 298  3.2  4.4  1.93  9.09  7.14 351 1014.3  28.6  29.2  23.9 99.0 99.00
2016 09 25 21 50 296  3.6  4.4  1.87  9.09  7.21   4 1014.4  28.2  29.1  23.9 99.0 99.00
2016 09 25 22 50 293  2.9  3.9  1.67  8.33  6.96   5 1014.6  28.1  29.1  23.6 99.0 99.00
2016 09 25 23 50 271  2.7  3.7  1.72  8.33  7.04  13 1015.2  28.0  28.9  24.0 99.0 99.00
2016 09 26 00 50 275  2.8  3.9  1.71  7.69  7.21 358 1015.5  28.0  28.8  23.8 99.0 99.00
2016 09 26 01 50 275  2.6  3.8  1.68 11.43  7.32  82 1015.6  27.9  28.7  24.0 99.0 99.00
2016 09 26 02 50 247  2.3  3.1  1.80 11.43  7.25  89 1015.5  27.9  28.6  24.2 99.0 99.00
2016 09 26 03 50 235  2.2  3.1  1.62 12.12  7.19  84 1015.2  27.8  28.6  24.5 99.0 99.00
2016 09 26 04 50 312  3.9  5.4  1.64  8.33  6.98  49 1015.0  27.5  28.5  24.4 99.0 99.00
2016 09 26 05 50 247  3.1  3.8  1.62 12.12  7.39  87 1014.5  27.7  28.4  24.2 99.0 99.00
2016 09 26 06 50 251  3.4  4.5  1.59 12.90  7.16  96 1014.0  27.5  28.5  24.1 99.0 99.00
2016 09 26 07 50 270  3.4  4.5  1.65 12.12  7.42 104 1013.9  27.5  28.5  24.1 99.0 99.00
2016 09 26 08 50 262  3.1  4.5  1.57  8.33  7.09  32 1013.9  27.5  28.5  24.3 99.0 99.00
2016 09 26 09 50 255  3.8  4.9  1.67  7.69  7.38  18 1014.2  27.6  28.4  24.1 99.0 99.00
2016 09 26 10 50 253  3.4  4.2  1.42  7.69  7.09  18 1014.7  27.9  28.3  23.6 99.0 99.00
2016 09 26 11 50 255  3.8  5.1  1.33 12.12  7.36 102 1015.2  27.9  28.3  24.0 99.0 99.00
2016 09 26 12 50 260  3.7  4.7  1.61 12.12  7.92 106 1016.1  28.0  28.4  24.0 99.0 99.00
2016 09 26 13 50 247  4.2  5.4  1.71 12.12  7.93 106 1016.4  28.2  28.5  24.2 99.0 99.00
2016 09 26 14 50 236  3.9  4.7  1.34 12.12  7.15 103 1016.1  28.1  28.7  23.8 99.0 99.00
2016 09 26 15 50 251  4.7  5.6  1.52 11.43  7.31  97 1015.6  28.2  28.9  24.4 99.0 99.00
2016 09 26 16 50 264  4.2  5.4  1.49 12.12  7.07  99 1015.0  28.1  28.9  24.1 99.0 99.00
2016 09 26 17 50 261  4.0  4.8  1.52 12.12  7.39  87 1014.7  28.2  29.0  24.4 99.0 99.00
2016 09 26 18 50 267  4.7  5.8  1.66 12.12  7.47  88 1014.4  28.4  29.1  24.1 99.0 99.00
2016 09 26 19 50 298  4.1  5.0  1.66 12.12  7.42 107 1014.4  28.2  28.9  23.8 99.0 99.00
2016 09 26 20 50 276  4.0  5.5  2.02  9.09  7.66   4 1014.8  28.1  29.0  23.8 99.0 99.00
2016 09 26 21 50 201  1.6  2.3  1.94  9.09  7.49   5 1015.3  27.8  28.8  23.6 99.0 99.00
2016 09 26 22 50 251  0.2  0.8  1.85  8.33  7.58 355 1015.7  27.8  28.8  23.9 99.0 99.00
2016 09 26 23 50 360  2.7  3.7  1.88 10.81  7.61  88 1016.2  28.0  28.7  23.8 99.0 99.00
2016 09 27 00 50  11  3.1  4.0  1.64  9.09  7.54  23 1016.6  27.8  28.7  23.6 99.0 99.00
2016 09 27 01 50  25  2.7  3.5  1.59 11.43  7.30  71 1016.8  27.7  28.6  23.3 99.0 99.00
2016 09 27 02 50  48  2.1  3.1  1.78  9.09  7.75  26 1016.7  27.7  28.7  23.5 99.0 99.00
2016 09 27 03 50  63  1.5  2.3  1.80  9.09  7.83   5 1016.7  27.6  28.6  23.3 99.0 99.00
2016 09 27 04 50  48  1.5  2.2  1.64  8.33  7.50 360 1016.4  27.5  28.6  23.2 99.0 99.00
2016 09 27 05 50  42  1.9  2.8  1.83  8.33  7.79   4 1016.2  27.4  28.6  23.0 99.0 99.00
2016 09 27 06 50  58  1.8  2.3  1.85  8.33  7.99   9 1016.1  27.4  28.5  22.8 99.0 99.00
2016 09 27 07 50  36  1.9  2.6  1.84  9.09  8.08   2 1016.0  27.3  28.5  23.0 99.0 99.00
2016 09 27 08 50  48  2.1  2.8  1.87  9.09  8.30 359 1016.4  27.3  28.5  22.7 99.0 99.00
2016 09 27 09 50  68  2.6  3.7  1.90  9.09  8.21 353 1016.9  27.3  28.5  22.8 99.0 99.00
2016 09 27 10 50  83  2.4  3.4  1.80  9.09  8.13 354 1017.3  27.7  28.5  22.9 99.0 99.00
2016 09 27 11 50  86  2.5  3.5  1.94  9.09  8.38 358 1018.0  27.9  28.5  23.2 99.0 99.00
2016 09 27 12 50  89  3.0  3.7  1.76  9.09  8.00 359 1018.9  27.8  28.6  23.3 99.0 99.00
2016 09 27 13 50 105  3.1  4.4  1.81  8.33  7.98 346 1019.4  27.9  28.7  23.5 99.0 99.00
2016 09 27 14 50 112  3.6  4.7  1.83  8.33  7.99 358 1019.3  27.9  28.8  23.8 99.0 99.00
2016 09 27 15 50 123  3.6  4.8  1.77  9.09  7.81   6 1018.9  28.0  29.0  23.7 99.0 99.00
2016 09 27 16 50 137  3.4  4.7  1.85  9.09  7.64   3 1018.7  28.1  29.0  23.8 99.0 99.00
2016 09 27 17 50 132  2.8  4.0  1.81  9.09  7.54  11 1018.5  28.2  29.1  24.1 99.0 99.00
2016 09 27 18 50 136  2.9  4.0  1.97  9.09  7.68 356 1017.9  28.3  29.1  23.9 99.0 99.00
2016 09 27 19 50 130  3.1  4.2  1.82  9.09  7.50  10 1017.8  28.3  29.1  23.9 99.0 99.00
2016 09 27 20 50 141  3.5  4.5  2.01  8.33  7.63  11 1018.2  28.5  29.1  23.5 99.0 99.00
2016 09 27 21 50 135  3.1  4.2  2.02 10.81  7.53  66 1018.6  28.3  28.9  23.4 99.0 99.00
2016 09 27 22 50 131  3.3  4.3  2.01 10.00  7.39  52 1018.8  28.2  28.8  23.9 99.0 99.00
2016 09 27 23 50 124  3.9  4.9  1.86 10.81  7.34  66 1019.4  28.1  28.8  24.2 99.0 99.00
2016 09 28 00 50 126  3.8  4.9  1.91  9.09  7.29  29 1019.8  28.1  28.7  24.7 99.0 99.00
2016 09 28 01 50 125  4.5  5.3  1.73  9.09  6.96   6 1020.0  28.2  28.7  24.4 99.0 99.00
2016 09 28 02 50 125  4.9  5.9  1.84  9.09  7.11  22 1020.1  28.2  28.7  24.7 99.0 99.00
2016 09 28 03 50 121  4.8  5.7  1.74  9.09  6.88  19 1020.2  28.2  28.6  24.9 99.0 99.00
2016 09 28 04 50 124  5.2  7.5  1.82  8.33  6.94  14 1020.0  28.2  28.6  25.1 99.0 99.00
2016 09 28 05 50 143  5.3  6.2  1.91  8.33  6.95  11 1019.9  28.1  28.5  24.5 99.0 99.00
2016 09 28 06 50 133  3.2  4.2  1.59  8.33  6.64  11 1020.0  28.0  28.6  24.6 99.0 99.00
2016 09 28 07 50 138  3.6  4.6  1.71  9.09  6.97  24 1019.9  28.2  28.6  24.7 99.0 99.00
2016 09 28 08 50 132  4.3  5.2  1.68 10.00  6.84  67 1020.3  28.1  28.6  24.2 99.0 99.00
2016 09 28 09 50 127  4.7  5.6  1.68 10.00  7.00  33 1020.7  28.1  28.5  24.4 99.0 99.00
2016 09 28 10 50 125  4.6  5.6  1.61  9.09  6.88  24 1021.3  28.0  28.5  24.8 99.0 99.00
2016 09 28 11 50 122  3.9  4.9  1.50 10.00  6.63  32 1021.8  28.4  28.5  24.4 99.0 99.00
2016 09 28 12 50 129  4.6  5.5  1.53 10.00  6.93  43 1022.6  28.4  28.5  24.7 99.0 99.00
2016 09 28 13 50 136  5.1  6.0  1.55  8.33  6.87  32 1022.6  28.4  28.6  24.4 99.0 99.00
2016 09 28 14 50 131  4.4  5.4  1.54 10.81  6.91  28 1022.6  28.5  28.7  24.1 99.0 99.00
2016 09 28 15 50 153  4.8  5.9  1.48  9.09  6.68  41 1022.6  28.8  28.8  23.7 99.0 99.00
2016 09 28 16 50 164  3.8  4.8  1.53 10.00  6.75  19 1022.4  28.8  28.9  24.2 99.0 99.00
2016 09 28 17 50 165  2.8  3.6  1.48  9.09  6.88  40 1022.1  28.9  29.1  24.2 99.0 99.00
2016 09 28 18 50 169  2.1  2.8  1.44  9.09  6.86  42 1022.2  28.8  29.4  24.8 99.0 99.00
2016 09 28 19 50 176  1.9  3.5  1.51  9.09  6.97  35 1022.2  29.1  29.4  24.8 99.0 99.00
2016 09 28 20 50 305  5.8  8.8  1.33 10.00  6.78  43 1022.3  27.2  29.3  23.5 99.0 99.00
2016 09 28 21 50 311  4.5  5.8  1.37 10.00  6.31  64 1022.6  27.6  29.0  22.2 99.0 99.00
2016 09 28 22 50  68  1.8  2.8  1.43 10.00  6.10  56 1022.8  27.7  28.9  22.6 99.0 99.00
2016 09 28 23 50  96  3.3  4.0  1.33  9.09  5.88  50 1022.7  27.5  28.9  23.2 99.0 99.00
2016 09 29 00 50  96  4.2  4.8  1.42 10.00  5.96  17 1023.0  27.5  28.7  23.8 99.0 99.00
2016 09 29 01 50 112  5.4  6.4  1.47  9.09  6.35  25 1023.1  27.8  28.7  24.5 99.0 99.00
2016 09 29 02 50 117  5.9  7.1  1.38  9.09  6.24  38 1023.0  28.0  28.7  25.0 99.0 99.00
2016 09 29 03 50 121  6.2  7.4  1.36  9.09  5.97  47 1022.5  28.1  28.6  24.8 99.0 99.00
2016 09 29 04 50 117  5.5  6.5  1.34  8.33  5.81  44 1022.1  28.1  28.6  24.2 99.0 99.00
2016 09 29 05 50 117  5.4  6.4  1.37  6.67  5.61  57 1022.0  28.0  28.6  24.4 99.0 99.00
2016 09 29 06 50 114  4.5  5.2  1.32  8.33  5.54  52 1021.6  28.0  28.6  24.3 99.0 99.00
2016 09 29 07 50 111  4.9  6.1  1.28  8.33  5.55  34 1021.3  28.0  28.6  24.0 99.0 99.00
2016 09 29 08 50 108  3.4  4.4  1.27  8.33  5.70  59 1021.4  28.0  28.6  24.0 99.0 99.00
2016 09 29 09 50 106  4.5  5.2  1.19  8.33  5.54  64 1021.7  27.9  28.6  23.8 99.0 99.00
2016 09 29 10 50 101  4.2  5.1  1.24  8.33  5.57  66 1022.3  27.9  28.6  23.7 99.0 99.00
2016 09 29 11 50  71  5.0  6.9  1.25  6.67  5.65 104 1022.7  27.3  28.6  24.1 99.0 99.00
2016 09 29 12 50  99  4.0  4.7  1.24  7.69  5.80  76 1023.1  28.4  28.6  22.7 99.0 99.00
2016 09 29 13 50  94  2.7  3.3  1.28  7.69  5.88  72 1023.5  28.3  28.7  23.7 99.0 99.00
2016 09 29 14 50  86  3.2  4.1  1.23  8.33  6.02  59 1023.3  28.3  28.9  23.7 99.0 99.00
2016 09 29 15 50  85  4.3  5.3  1.26  7.14  5.97  82 1023.0  28.3  29.0  23.3 99.0 99.00
2016 09 29 16 50  81  4.8  5.8  1.31  7.69  6.03 114 1022.4  28.3  29.0  23.4 99.0 99.00
2016 09 29 17 50  82  5.0  5.9  1.31  7.14  6.19 108 1021.7  28.3  29.0  23.5 99.0 99.00
2016 09 29 18 50  69  4.8  5.7  1.27  8.33  6.24  96 1021.4  28.3  29.0  23.9 99.0 99.00
2016 09 29 19 50  68  5.5  6.4  1.32  7.69  6.14 127 1021.2  28.4  29.0  24.2 99.0 99.00
2016 09 29 20 50  61  5.4  6.9  1.40  7.14  6.14 132 1021.5  28.5  28.9  24.5 99.0 99.00
2016 09 29 21 50  70  6.5  7.7  1.50  7.14  6.26 121 1021.6  28.3  28.8  24.2 99.0 99.00
2016 09 29 22 50  62  5.6  6.5  1.45  9.09  5.99 108 1021.4  28.1  28.7  24.5 99.0 99.00
2016 09 29 23 50  65  6.4  7.2  1.59 10.00  6.39 123 1021.9  28.1  28.8  24.5 99.0 99.00
2016 09 30 00 50  72  6.6  8.0  1.67  7.69  6.39 126 1022.1  28.0  28.7  24.5 99.0 99.00
2016 09 30 01 50  66  6.0  7.3  1.72  8.33  6.32 122 1022.3  28.0  28.7  24.7 99.0 99.00
2016 09 30 02 50  85  6.4  7.7  1.72 10.00  6.61 130 1022.2  28.1  28.7  24.5 99.0 99.00
2016 09 30 03 50  84  6.7  8.2  1.80 10.00  6.60 137 1021.5  27.8  28.7  24.1 99.0 99.00
2016 09 30 04 50  76  6.7  8.0  1.89 10.00  6.59 137 1021.1  27.8  28.7  23.8 99.0 99.00
2016 09 30 05 50  72  5.8  7.0  1.95 10.00  6.80 128 1020.5  27.7  28.7  24.7 99.0 99.00
2016 09 30 06 50  75  5.9  6.9  2.10  9.09  6.86 120 1019.9  27.6  28.6  24.4 99.0 99.00
2016 09 30 07 50  75  5.4  6.9  1.97  9.09  6.88 131 1019.3  27.6  28.6  24.4 99.0 99.00
2016 09 30 08 50  71  6.2  7.8  1.92 10.00  6.63 130 1019.4  27.6  28.6  24.5 99.0 99.00
2016 09 30 09 50  73  6.2  7.1  1.77  9.09  6.54 121 1019.7  27.7  28.6  24.5 99.0 99.00
2016 09 30 10 50  68  5.3  6.5  1.68 10.00  6.27 130 1019.8  27.6  28.6  24.1 99.0 99.00
2016 09 30 11 50  82  6.9  7.9  1.91  9.09  6.82 120 1020.0  27.5  28.6  23.5 99.0 99.00
2016 09 30 12 50  73  4.7  5.9  1.77  9.09  6.62 132 1020.4  27.8  28.6  23.9 99.0 99.00
2016 09 30 13 50  78  5.9  7.2  1.59 10.00  6.40 133 1020.5  27.8  28.7  24.1 99.0 99.00
2016 09 30 14 50  89  5.4  6.5  1.62  9.09  6.54 131 1020.5  28.2  28.7  23.4 99.0 99.00
2016 09 30 15 50  65  3.5  6.0  1.53  9.09  6.34 126 1020.5  25.7  28.7  23.9 99.0 99.00
2016 09 30 16 50  89  5.0  6.2  1.53  9.09  6.26 131 1019.4  28.0  28.7  23.0 99.0 99.00
2016 09 30 17 50  57  3.5  4.1  1.51 10.00  6.21 147 1019.1  27.3  28.7  22.9 99.0 99.00
2016 09 30 18 50  73  5.6  6.9  1.60  8.33  6.41 124 1018.5  28.0  28.7  23.6 99.0 99.00
2016 09 30 19 50  71  7.1  8.8  1.52  9.09  5.95 145 1018.2  27.9  28.7  23.5 99.0 99.00
2016 09 30 20 50  67  8.4  9.8  1.75  9.09  6.08 131 1018.1  27.9  28.7  21.9 99.0 99.00
2016 09 30 21 50  71  8.5 10.0  1.71  7.69  5.86 109 1018.1  27.8  28.7  21.0 99.0 99.00
2016 09 30 22 50  66  7.5  8.8  1.72  8.33  5.85 131 1018.5  27.5  28.6  21.9 99.0 99.00