#YY  MM DD hh mm WDIR WSPD GST  WVHT   DPD   APD MWD   PRES  ATMP  WTMP  DEWP  VIS  TIDE
#yr  mo dy hr mn degT m/s  m/s     m   sec   sec deg    hPa  degC  degC  degC  nmi    ft
2016 01 31 23 50 100  8.0  9.5  1.84 10.00  5.88  42 1020.6  22.3  23.5  17.0 99.0 99.00
2016 02 01 00 50 111  7.5  8.7  1.84  9.09  5.97  23 1020.9  22.3  23.5  17.1 99.0 99.00
2016 02 01 01 50 101  8.0  9.2  1.71  9.09  5.73  65 1020.7  22.4  23.5  17.5 99.0 99.00
2016 02 01 02 50 108  7.1  8.6  1.89  9.09  5.98  59 1021.1  22.5  23.5  17.6 99.0 99.00
2016 02 01 03 50  96  7.0  8.4  1.78  9.09  5.89  47 1020.8  22.4  23.5  17.9 99.0 99.00
2016 02 01 04 50 101  7.1  8.8  1.63 10.00  5.66  44 1020.2  22.5  23.5  18.2 99.0 99.00
2016 02 01 05 50  94  6.3  7.7  1.58  9.09  5.73  40 1019.9  22.6  23.5  18.1 99.0 99.00
2016 02 01 06 50  93  6.1  7.2  1.76 10.00  6.22  45 1019.8  22.6  23.5  18.1 99.0 99.00
2016 02 01 07 50  85  6.5  7.5  1.62  9.09  6.00  46 1018.6  22.6  23.5  18.3 99.0 99.00
2016 02 01 08 50  95  5.8  6.9  1.69 10.00  6.31  66 1018.8  22.6  23.5  18.5 99.0 99.00
2016 02 01 09 50  99  6.2  7.4  1.56 10.00  6.00  48 1018.7  22.5  23.5  18.5 99.0 99.00
2016 02 01 10 50 156  4.9  6.4  1.55 10.00  6.14  70 1019.1  22.3  23.5  18.2 99.0 99.00
2016 02 01 11 50 129  3.1  3.8  1.64  9.09  6.16  64 1019.5  22.3  23.5  17.9 99.0 99.00
2016 02 01 12 50  97  5.7  6.5  1.65  9.09  6.36  70 1019.5  22.3  23.5  18.8 99.0 99.00
2016 02 01 13 50 121  4.5  5.4  1.63  9.09  6.38  89 1020.1  22.8  23.5  18.4 99.0 99.00
2016 02 01 14 50 106  5.2  6.1  1.73 10.00  6.61  73 1020.3  22.8  23.6  18.9 99.0 99.00
2016 02 01 15 50 112  5.6  6.5  1.62 10.81  6.23  61 1019.6  22.7  23.7  19.0 99.0 99.00
2016 02 01 16 50 110  5.8  7.2  1.57  9.09  6.25  92 1018.6  22.6  23.7  19.3 99.0 99.00
2016 02 01 17 50 140  2.8  3.7  1.67  9.09  6.17  89 1018.7  23.1  23.9  18.6 99.0 99.00
2016 02 01 18 50 102  2.2  3.0  1.57  9.09  6.06 104 1018.0  23.0  24.0  18.5 99.0 99.00
2016 02 01 19 50 162  1.7  3.1  1.67  9.09  6.44  89 1017.2  22.9  24.0  18.5 99.0 99.00
2016 02 01 20 50 307  2.7  3.5  1.71  9.09  6.32  63 1017.6  22.9  24.1  17.9 99.0 99.00
2016 02 01 21 50 305  2.6  3.5  1.60  9.09  6.29  90 1018.1  22.6  24.1  18.0 99.0 99.00
2016 02 01 22 50 316  3.4  4.1  1.55  9.09  6.37  90 1018.6  22.6  24.0  18.1 99.0 99.00
2016 02 01 23 50 340  2.5  3.4  1.52  9.09  6.33  57 1018.8  22.6  24.0  18.1 99.0 99.00
2016 02 02 00 50 358  2.2  3.0  1.55 10.00  6.33  51 1018.6  22.5  23.9  18.5 99.0 99.00
2016 02 02 01 50  67  3.8  4.8  1.44 10.00  6.24  74 1018.5  22.6  23.9  18.9 99.0 99.00
2016 02 02 02 50  68  1.6  2.7  1.32  9.09  6.16  77 1019.0  22.7  23.9  18.7 99.0 99.00
2016 02 02 03 50  92  0.5  1.6  1.26  9.09  6.16  74 1018.8  22.4  23.8  18.5 99.0 99.00
2016 02 02 04 50 319  0.3  0.7  1.28 10.00  6.37  83 1018.5  22.4  23.8  18.3 99.0 99.00
2016 02 02 05 50 349  0.8  1.3  1.30  8.33  6.31  94 1018.4  22.4  23.8  18.3 99.0 99.00
2016 02 02 06 50  10  1.4  2.1  1.26  9.09  6.54  88 1018.2  22.3  23.7  18.2 99.0 99.00
2016 02 02 07 50   4  2.4  2.9  1.22  9.09  6.57  94 1017.8  22.1  23.7  18.5 99.0 99.00
2016 02 02 08 50  17  1.9  2.6  1.26  9.09  6.63  93 1017.8  22.1  23.7  18.7 99.0 99.00
2016 02 02 09 50   9  1.7  2.4  1.18  8.33  6.48  93 1018.1  22.1  23.8  18.7 99.0 99.00
2016 02 02 10 50  21  2.4  3.1  1.16  9.09  6.35 107 1018.6  22.1  23.8  18.7 99.0 99.00
2016 02 02 11 50  30  2.9  3.6  1.18  9.09  6.61 103 1019.3  22.2  23.8  18.5 99.0 99.00
2016 02 02 12 50  41  4.0  5.3  1.20  9.09  6.70  94 1019.8  22.4  23.8  18.2 99.0 99.00
2016 02 02 13 50  49  3.9  4.7  1.16  9.09  6.84  86 1020.6  22.6  23.9  17.9 99.0 99.00
2016 02 02 14 50  37  3.7  4.3  1.13  8.33  6.64 104 1021.4  22.7  24.0  18.0 99.0 99.00
2016 02 02 15 50  32  3.9  4.7  1.18 10.00  6.94  90 1021.4  22.7  24.2  17.8 99.0 99.00
2016 02 02 16 50  22  2.9  3.9  1.10  9.09  6.73  88 1020.8  22.7  24.3  17.8 99.0 99.00
2016 02 02 17 50  14  2.5  3.3  1.06  9.09  6.98 104 1020.1  22.7  24.5  17.7 99.0 99.00
2016 02 02 18 50  13  2.6  3.6  1.09  9.09  6.88 102 1019.7  22.8  24.6  17.9 99.0 99.00
2016 02 02 19 50  13  3.5  4.4  1.13  8.33  6.98  95 1019.9  22.9  24.6  18.1 99.0 99.00
2016 02 02 20 50  25  4.6  5.6  1.12  9.09  6.89  90 1020.2  23.0  24.4  18.2 99.0 99.00
2016 02 02 21 50  54  4.6  5.6  1.05  9.09  6.67  85 1020.7  22.9  24.3  18.4 99.0 99.00
2016 02 02 22 50  48  4.8  5.9  1.11 10.00  6.57  79 1021.2  22.8  24.2  18.2 99.0 99.00
2016 02 02 23 50  49  4.8  5.6  1.03  9.09  6.31  97 1021.8  22.8  24.1  18.1 99.0 99.00
2016 02 03 00 50  43  5.5  6.5  1.08 10.00  6.37  83 1022.1  22.8  24.1  18.2 99.0 99.00
2016 02 03 01 50  39  5.4  6.3  1.05  9.09  6.04  79 1022.4  22.8  24.0  18.4 99.0 99.00
2016 02 03 02 50  52  4.9  5.8  1.04  9.09  6.03 100 1022.7  22.7  24.0  18.3 99.0 99.00
2016 02 03 03 50  51  4.5  5.4  1.02  9.09  5.90  97 1022.6  22.6  24.0  17.9 99.0 99.00
2016 02 03 04 50  61  4.8  6.3  1.06  9.09  6.05  91 1022.0  22.6  24.0  18.0 99.0 99.00
2016 02 03 05 50  63  4.6  6.1  0.96  9.09  5.63  75 1021.7  22.7  23.9  17.3 99.0 99.00
2016 02 03 06 50  57  5.5  6.6  0.99  9.09  5.75 104 1021.4  22.6  24.0  17.3 99.0 99.00
2016 02 03 07 50  50  5.1  6.2  1.02  9.09  5.98  85 1021.3  22.5  24.0  17.1 99.0 99.00
2016 02 03 08 50  61  5.3  6.4  1.09  9.09  5.74  94 1021.2  22.4  23.9  16.9 99.0 99.00
2016 02 03 09 50  63  4.8  5.6  1.07 10.00  6.01  88 1021.5  22.4  23.9  17.1 99.0 99.00
2016 02 03 10 50  53  6.0  7.0  1.05  8.33  5.53  90 1021.7  22.3  23.9  17.1 99.0 99.00
2016 02 03 11 50  38  6.1  7.8  1.03  8.33  5.45  98 1022.3  22.3  23.9  17.1 99.0 99.00
2016 02 03 12 50  51  6.5  7.7  1.16  8.33  5.45  83 1022.9  22.7  23.9  16.8 99.0 99.00
2016 02 03 13 50  55  5.9  7.1  1.13  8.33  5.25  98 1023.5  22.7  24.0  16.1 99.0 99.00
2016 02 03 14 50  60  5.8  7.0  1.08  9.09  5.07  89 1024.0  22.8  24.0  16.0 99.0 99.00
2016 02 03 15 50  63  6.6  8.0  1.14  9.09  5.36  83 1023.5  22.9  24.1  16.4 99.0 99.00
2016 02 03 16 50  70  5.9  6.8  1.24  9.09  5.51 113 1022.7  22.9  24.2  16.5 99.0 99.00
2016 02 03 17 50  76  6.2  7.2  1.26  9.09  5.24 106 1021.9  22.9  24.3  16.8 99.0 99.00
2016 02 03 18 50  87  6.7  8.1  1.22  9.09  5.21  86 1021.5  22.9  24.3  17.0 99.0 99.00
2016 02 03 19 50  90  6.1  7.6  1.25  8.33  5.34  94 1021.5  22.9  24.4  16.7 99.0 99.00
2016 02 03 20 50  92  6.1  7.4  1.24 10.00  5.24  89 1021.8  23.0  24.4  16.8 99.0 99.00
2016 02 03 21 50  88  6.7  7.9  1.45 10.00  5.32  97 1022.0  22.9  24.4  17.1 99.0 99.00
2016 02 03 22 50  89  6.9  8.4  1.33  9.09  5.42 114 1022.4  22.9  24.3  17.2 99.0 99.00
2016 02 03 23 50  94  7.3  9.2  1.40  9.09  5.15 101 1022.7  22.9  24.3  16.9 99.0 99.00
2016 02 04 00 50  99  7.6  8.9  1.32  5.26  4.99 101 1022.7  22.9  24.3  16.7 99.0 99.00
2016 02 04 01 50 102  8.3  9.9  1.43  9.09  5.22 104 1022.8  22.9  24.3  16.8 99.0 99.00
2016 02 04 02 50 101  7.8  9.8  1.43  9.09  5.15 100 1023.0  22.8  24.3  15.9 99.0 99.00
2016 02 04 03 50 104  7.2  8.7  1.50  5.88  5.16 104 1023.1  22.8  24.2  16.2 99.0 99.00
2016 02 04 04 50 107  7.5  9.1  1.50 10.00  5.37  91 1022.6  23.0  24.2  16.7 99.0 99.00
2016 02 04 05 50 102  8.3  9.7  1.54  5.56  5.36 100 1022.1  22.8  24.2  16.8 99.0 99.00
2016 02 04 06 50  97  6.6  8.3  1.55  5.56  5.29  97 1022.0  22.8  24.1  17.2 99.0 99.00
2016 02 04 07 50  96  7.8  9.1  1.61  9.09  5.64 105 1021.7  22.9  24.1  17.0 99.0 99.00
2016 02 04 08 50 103  7.3  8.7  1.61  9.09  5.54  97 1021.4  22.9  24.1  16.9 99.0 99.00
2016 02 04 09 50 100  7.9  9.3  1.64  7.14  5.63 111 1021.3  22.8  24.1  16.9 99.0 99.00
2016 02 04 10 50 104  8.5 10.2  1.63  9.09  5.55  94 1021.5  22.8  24.2  17.2 99.0 99.00
2016 02 04 11 50  99  8.1  9.7  1.61  6.67  5.46 101 1022.1  22.8  24.2  17.3 99.0 99.00
2016 02 04 12 50 100  8.0  9.5  1.80 10.00  5.70  84 1022.7  23.1  24.2  16.7 99.0 99.00
2016 02 04 13 50  86  8.8 10.9  1.67  5.88  5.28 100 1023.2  23.2  24.2  17.0 99.0 99.00
2016 02 04 14 50 103  7.7  9.5  1.68  6.67  5.50  87 1023.5  23.4  24.3  15.3 99.0 99.00
2016 02 04 15 50  89  7.5  9.0  1.68  7.14  5.58  98 1023.3  23.2  24.3  15.9 99.0 99.00
2016 02 04 16 50 103  7.3  8.9  1.70  7.14  5.64  94 1022.3  23.3  24.3  15.2 99.0 99.00
2016 02 04 17 50 112  6.9  8.2  1.64  6.25  5.54  97 1021.1  23.3  24.4  14.8 99.0 99.00
2016 02 04 18 50  93  6.7  8.2  1.72  6.67  5.70 102 1020.5  23.0  24.4  16.6 99.0 99.00
2016 02 04 19 50 100  7.0  8.5  1.68  6.67  5.70  91 1020.2  23.1  24.4  15.5 99.0 99.00
2016 02 04 20 50 102  6.1  7.6  1.67  6.67  5.65 104 1020.2  23.2  24.4  15.6 99.0 99.00
2016 02 04 21 50  92  7.9  9.1  1.67  9.09  5.72  95 1020.1  23.0  24.4  16.7 99.0 99.00
2016 02 04 22 50  94  5.8  7.2  1.64  9.09  5.61 100 1020.3  22.9  24.4  17.1 99.0 99.00
2016 02 04 23 50  96  7.6  9.0  1.77  7.14  5.63  86 1020.3  23.1  24.4  17.7 99.0 99.00
2016 02 05 00 50  99  7.4  9.3  1.74  7.69  5.70  80 1020.7  23.1  24.4  17.5 99.0 99.00
2016 02 05 01 50 105  7.0  9.2  1.75  7.69  5.46  97 1020.7  23.1  24.4  18.0 99.0 99.00
2016 02 05 02 50  99  6.9  8.5  1.68  8.33  5.70  80 1020.7  23.1  24.4  17.8 99.0 99.00
2016 02 05 03 50 100  6.6  8.1  1.79  7.14  5.87  98 1020.5  23.1  24.4  18.0 99.0 99.00
2016 02 05 04 50 107  5.8  6.9  1.99  7.69  5.98  84 1019.9  23.1  24.3  18.1 99.0 99.00
2016 02 05 05 50  89  5.4  6.7  1.84  8.33  6.21  95 1019.3  23.1  24.3  18.2 99.0 99.00
2016 02 05 06 50 109  5.2  6.4  1.97 10.00  6.30  96 1018.9  23.0  24.2  18.0 99.0 99.00
2016 02 05 07 50 111  4.8  6.2  2.00  8.33  6.28  84 1018.4  22.9  24.1  18.1 99.0 99.00
2016 02 05 08 50  98  5.4  6.3  2.42  8.33  6.96  91 1018.2  22.6  24.1  18.4 99.0 99.00
2016 02 05 09 50 100  3.5  4.5  2.19  9.09  6.94  94 1018.5  22.9  24.1  18.3 99.0 99.00
2016 02 05 10 50  93  1.2  2.1  2.31  9.09  7.12  90 1019.0  22.0  24.1  18.0 99.0 99.00
2016 02 05 11 50  19  1.7  2.5  2.23 10.00  7.10  94 1019.5  22.5  24.1  18.3 99.0 99.00
2016 02 05 12 50 358  1.9  2.8  2.34  9.09  7.40  90 1020.0  22.7  24.2  18.4 99.0 99.00
2016 02 05 13 50 332  1.0  1.8  2.31 10.00  7.31  91 1020.7  23.1  24.2  17.8 99.0 99.00
2016 02 05 14 50 296  4.6  5.8  2.25  9.09  7.48  92 1020.8  22.5  24.3  19.2 99.0 99.00
2016 02 05 15 50 320  4.7  5.7  2.18  9.09  7.11  92 1020.1  22.4  24.3  19.2 99.0 99.00
2016 02 05 16 50 333  4.5  5.6  2.05 10.00  6.97  90 1019.1  22.8  24.4  18.7 99.0 99.00
2016 02 05 17 50 347  4.3  5.3  2.45 10.00  7.49  90 1018.1  23.0  24.4  18.2 99.0 99.00
2016 02 05 18 50  10  3.3  4.3  2.21 10.00  7.17  97 1017.2  23.0  24.5  18.0 99.0 99.00
2016 02 05 19 50  62  3.1  4.0  2.10 10.00  7.16  93 1016.4  23.0  24.5  17.9 99.0 99.00
2016 02 05 20 50  89  3.7  4.7  2.04  8.33  7.17  83 1016.3  23.1  24.5  18.0 99.0 99.00
2016 02 05 21 50 351  3.2  4.1  2.22 10.00  7.68 106 1017.6  23.3  24.5  17.9 99.0 99.00
2016 02 05 22 50 344  5.1  6.3  2.08 10.81  7.62  98 1018.1  23.0  24.5  18.2 99.0 99.00
2016 02 05 23 50   9  5.0  5.9  2.27 10.81  7.83 105 1018.8  23.1  24.4  18.3 99.0 99.00
2016 02 06 00 50  15  4.6  5.7  2.27 10.00  7.77 102 1019.1  23.2  24.4  18.2 99.0 99.00
2016 02 06 01 50   9  4.1  5.3  2.33 10.00  7.94  99 1019.1  23.2  24.4  17.7 99.0 99.00
2016 02 06 02 50 359  5.8  6.7  2.35 10.81  8.22 107 1019.1  23.3  24.3  17.0 99.0 99.00
2016 02 06 03 50  12  6.2  7.2  2.46 10.81  8.34  99 1019.2  23.3  24.3  16.7 99.0 99.00
2016 02 06 04 50  23  6.4  7.4  2.23 10.81  7.71 106 1018.9  23.3  24.3  16.6 99.0 99.00
2016 02 06 05 50  18  6.5  7.6  2.24 10.00  7.68  99 1018.8  23.2  24.3  17.5 99.0 99.00
2016 02 06 06 50  21  6.7  8.0  2.28 10.81  7.71 103 1018.6  23.1  24.3  18.0 99.0 99.00
2016 02 06 07 50  30  8.7 10.4  2.26 11.43  7.30 100 1018.1  22.6  24.4  19.1 99.0 99.00
2016 02 06 08 50  35  8.2  9.7  2.18 10.81  6.97  93 1018.3  22.7  24.4  18.9 99.0 99.00
2016 02 06 09 50  41  8.2  9.9  2.36 10.81  7.07  99 1018.5  22.7  24.4  18.7 99.0 99.00
2016 02 06 10 50  41  8.2  9.8  2.34 10.81  6.87  89 1018.9  22.8  24.4  18.8 99.0 99.00
2016 02 06 11 50  55  8.7 10.3  2.56 10.81  6.47  95 1019.0  22.7  24.4  18.9 99.0 99.00
2016 02 06 12 50  57  8.4 10.2  2.62 10.81  6.68  92 1019.3  22.9  24.4  18.5 99.0 99.00
2016 02 06 13 50  59  8.1  9.8  2.49 10.81  6.51  99 1020.2  23.0  24.4  18.8 99.0 99.00
2016 02 06 14 50  59  7.7  9.0  2.71  8.33  6.84  38 1020.9  23.3  24.4  18.6 99.0 99.00
2016 02 06 15 50  70  7.5  9.3  2.61 10.00  6.80  68 1020.7  23.3  24.4  18.9 99.0 99.00
2016 02 06 16 50  75  8.2  9.6  3.04  9.09  7.05  26 1019.5  23.3  24.4  19.3 99.0 99.00
2016 02 06 17 50  85  8.1  9.8  2.85 10.00  7.15  52 1018.6  23.3  24.5  19.3 99.0 99.00
2016 02 06 18 50  88  7.3  8.9  2.85 10.81  7.11  98 1018.3  23.4  24.5  19.2 99.0 99.00
2016 02 06 19 50  92  7.6  9.3  3.16 10.81  7.47 355 1017.8  23.4  24.5  19.0 99.0 99.00
2016 02 06 20 50  98  7.4  8.8  3.18 10.00  7.68 347 1017.9  23.5  24.5  19.5 99.0 99.00
2016 02 06 21 50  93  5.8  6.9  3.06 10.81  7.66  22 1018.5  23.5  24.5  19.6 99.0 99.00
2016 02 06 22 50 105  5.6  7.3  3.21 10.00  7.94  10 1018.6  23.5  24.4  19.9 99.0 99.00
2016 02 06 23 50 102  6.1  7.6  2.87 10.81  7.46  18 1018.4  23.4  24.4  20.0 99.0 99.00
2016 02 07 00 50 115  6.6  8.2  2.90 10.00  7.86  45 1018.1  23.5  24.4  20.2 99.0 99.00
2016 02 07 01 50 129  7.3  8.7  2.78 10.81  7.65  10 1017.6  23.5  24.3  20.4 99.0 99.00
2016 02 07 02 50 142  6.5  8.1  2.75 10.00  7.23  44 1017.4  23.4  24.2  20.6 99.0 99.00
2016 02 07 03 50 153  6.8  8.3  2.84 11.43  7.48  26 1016.8  23.5  24.2  20.7 99.0 99.00
2016 02 07 04 50 155  6.7  8.5  2.67  8.33  7.22  11 1016.1  23.5  24.2  20.8 99.0 99.00
2016 02 07 05 50 170  5.0  6.4  2.67  9.09  7.34  16 1015.6  23.4  24.2  21.0 99.0 99.00
2016 02 07 06 50 178  7.7  9.0  2.58 11.43  7.61  17 1014.6  23.9  24.2  20.9 99.0 99.00
2016 02 07 07 50 189  7.9  9.7  2.65 10.00  7.32  61 1013.7  23.9  24.2  20.9 99.0 99.00
2016 02 07 08 50 189  9.3 11.2  2.34 10.81  6.81  19 1012.9  24.0  24.2  20.9 99.0 99.00
2016 02 07 09 50 192  9.1 10.8  2.66 10.81  6.87  54 1012.8  24.0  24.2  21.0 99.0 99.00
2016 02 07 10 50 186  9.5 11.6  2.50 10.81  6.75  55 1012.3  24.0  24.2  20.8 99.0 99.00
2016 02 07 11 50 183  9.7 12.0  2.48 10.81  6.59  35 1012.1  24.1  24.2  21.0 99.0 99.00
2016 02 07 12 50 182 10.0 12.2  2.34 10.81  6.49  22 1011.6  24.2  24.2  21.1 99.0 99.00
2016 02 07 13 50 185 10.7 12.5  2.32 10.81  5.87  53 1011.6  24.3  24.2  21.2 99.0 99.00
2016 02 07 14 50 180 11.2 13.6  2.40 10.81  5.96  65 1010.9  24.4  24.2  21.1 99.0 99.00
2016 02 07 15 50 187 11.7 14.2  2.56 10.81  6.18  39 1010.3  24.5  24.2  21.3 99.0 99.00
2016 02 07 16 50 190 12.8 15.7  2.63 11.43  6.29  42 1009.1  24.5  24.2  21.5 99.0 99.00
2016 02 07 17 50 195 13.4 17.3  2.64  5.56  5.74 172 1007.6  24.6  24.2  21.7 99.0 99.00
2016 02 07 18 50 215 14.3 17.6  2.84  6.25  5.88 157 1006.5  23.4  24.2  20.8 99.0 99.00
2016 02 07 19 50 224 13.4 16.5  2.83  6.25  5.84 178 1005.9  24.4  24.2  20.9 99.0 99.00
2016 02 07 20 50 269 15.1 18.9  2.99  6.67  5.88 182 1006.6  21.5  24.2  19.1 99.0 99.00
2016 02 07 21 50 269 15.1 19.0  2.94  6.67  5.63 192 1007.5  21.2  24.2  18.2 99.0 99.00
2016 02 07 22 50 259 15.8 19.0  3.28  7.14  5.93 199 1008.3  21.4  24.2  16.3 99.0 99.00
2016 02 07 23 50 259 15.5 19.0  4.07  7.14  6.61 229 1008.7  22.0  24.1  15.4 99.0 99.00
2016 02 08 00 50 258 14.6 17.4  4.16  8.33  6.79 255 1009.3  21.5  24.1  16.2 99.0 99.00
2016 02 08 01 50 254 14.2 18.9  4.97  9.09  7.34 252 1009.5  22.1  24.1  15.5 99.0 99.00
2016 02 08 02 50 257 15.5 19.9  4.49  9.09  7.11 249 1009.7  22.4  24.1  14.5 99.0 99.00
2016 02 08 03 50 259 15.6 18.4  4.61 10.00  7.19 258 1010.3  22.0  24.0  14.1 99.0 99.00
2016 02 08 04 50 260 14.8 19.1  4.65  9.09  7.24 267 1010.3  21.8  24.0  13.2 99.0 99.00
2016 02 08 05 50 263 14.0 17.0  5.11 10.00  7.68 260 1010.4  21.7  24.0  12.8 99.0 99.00
2016 02 08 06 50 269 14.4 17.6  4.48 11.43  7.38 272 1010.3  21.5  24.0  13.2 99.0 99.00
2016 02 08 07 50 271 14.6 18.0  5.45 10.81  8.13 271 1010.7  21.6  24.0  11.2 99.0 99.00
2016 02 08 08 50 275 14.2 18.6  4.89 10.81  7.74 273 1010.9  21.3  24.0  13.2 99.0 99.00
2016 02 08 09 50 274 13.4 16.4  5.26 10.00  7.80 278 1011.6  21.3  23.9  11.3 99.0 99.00
2016 02 08 10 50 271 13.0 16.1  4.44 10.81  7.53 277 1012.3  21.3  23.9  12.7 99.0 99.00
2016 02 08 11 50 266 11.0 14.0  4.98 10.81  8.36 281 1013.3  21.0  23.9  14.0 99.0 99.00
2016 02 08 12 50 287 11.0 14.5  4.92 11.43  8.12 294 1014.2  20.9  23.9  13.3 99.0 99.00
2016 02 08 13 50 289 10.8 14.4  4.86 12.12  8.54 297 1014.9  21.1  23.9  11.9 99.0 99.00
2016 02 08 14 50 291  9.9 13.0  5.47 12.90  8.81 300 1015.6  21.2  23.9  12.5 99.0 99.00
2016 02 08 15 50 284  9.2 12.1  5.59 13.79  9.69 308 1015.9  21.0  23.9  12.3 99.0 99.00
2016 02 08 16 50 284  9.1 12.2  6.16 12.90 10.00 314 1015.2  21.0  23.9  11.3 99.0 99.00
2016 02 08 17 50 271  8.7 11.8  5.15 14.81  9.56 312 1014.6  21.1  24.0  11.0 99.0 99.00
2016 02 08 18 50 279  8.2 11.0  6.53 13.79 10.38 317 1014.3  21.0  24.0  11.8 99.0 99.00
2016 02 08 19 50 276  8.7 10.6  5.84 13.79 10.06 306 1014.1  21.2  24.0  11.9 99.0 99.00
2016 02 08 20 50 276  8.0 11.0  5.01 14.81  9.52 312 1014.3  21.2  24.0  12.7 99.0 99.00
2016 02 08 21 50 267  8.2 11.1  5.48 13.79  9.94 312 1014.4  21.2  24.0  11.5 99.0 99.00
2016 02 08 22 50 271  6.8  9.0  5.03 14.81  9.40 315 1014.9  21.1  24.0  11.6 99.0 99.00
2016 02 08 23 50 254  6.3  7.7  5.06 14.81  9.70 312 1015.2  21.2  23.9  12.2 99.0 99.00
2016 02 09 00 50 236  6.1  7.8  5.36 13.79 10.03 311 1015.2  21.1  23.9  12.9 99.0 99.00
2016 02 09 01 50 225  7.0  9.5  4.68 13.79  9.46 311 1015.0  21.3  23.9  13.7 99.0 99.00
2016 02 09 02 50 227  8.3 10.4  4.11 12.90  8.69 303 1015.0  21.5  23.9  12.5 99.0 99.00
2016 02 09 03 50 233  8.3 10.8  4.14 13.79  8.66 301 1014.4  21.3  23.9  12.2 99.0 99.00
2016 02 09 04 50 238  8.5 11.0  3.55 13.79  8.18 317 1014.3  21.4  23.9  13.3 99.0 99.00
2016 02 09 05 50 237 10.0 11.8  3.81 12.90  8.23 309 1014.0  21.6  23.9  13.6 99.0 99.00
2016 02 09 06 50 238 11.8 14.6  3.26 12.90  7.41 311 1013.4  21.6  23.8  13.2 99.0 99.00
2016 02 09 07 50 238 11.2 13.5  3.31 13.79  7.51 307 1012.8  21.5  23.8  13.7 99.0 99.00
2016 02 09 08 50 240 11.4 13.5  3.09 10.81  7.06 301 1012.9  21.7  23.8  13.4 99.0 99.00
2016 02 09 09 50 252 11.0 12.9  3.19 12.90  7.25 309 1013.0  21.7  23.8  14.3 99.0 99.00
2016 02 09 10 50 240 11.4 13.5  2.97 11.43  6.88 313 1013.2  22.1  23.8  14.2 99.0 99.00
2016 02 09 11 50 246 11.8 13.8  3.34 12.12  7.01 319 1013.6  22.1  23.8  13.5 99.0 99.00
2016 02 09 12 50 241 11.8 13.6  3.14 12.90  6.90 325 1014.0  22.2  23.8  14.1 99.0 99.00
2016 02 09 13 50 247 13.3 16.8  3.26  7.14  6.75 259 1014.8  21.9  23.8  13.6 99.0 99.00
2016 02 09 14 50 240 11.6 15.5  3.20  9.09  6.79 306 1015.2  22.2  23.8  14.6 99.0 99.00
2016 02 09 15 50 239 11.9 15.1  3.59 12.90  6.93 316 1015.1  22.3  23.8  14.7 99.0 99.00
2016 02 09 16 50 237 12.6 14.9  3.26  7.69  6.66 265 1014.8  22.4  23.8  14.4 99.0 99.00
2016 02 09 17 50 233 12.3 14.5  3.42  8.33  6.94 265 1013.8  22.3  23.8  15.6 99.0 99.00
2016 02 09 18 50 240 12.6 15.3  3.37  8.33  6.60 260 1013.4  22.6  23.8  15.9 99.0 99.00
2016 02 09 19 50 240 12.4 14.7  3.35  8.33  6.40 264 1013.3  23.1  23.8  15.8 99.0 99.00
2016 02 09 20 50 237 13.0 15.9  3.59  8.33  6.79 267 1013.3  23.1  23.8  16.3 99.0 99.00
2016 02 09 21 50 239 12.7 15.4  3.19  8.33  6.48 266 1013.6  23.0  23.7  17.1 99.0 99.00
2016 02 09 22 50 270  9.7 12.6  3.45  8.33  6.66 262 1014.7  21.7  23.7  18.0 99.0 99.00
2016 02 09 23 50 268 10.7 13.5  3.59  8.33  6.99 266 1015.2  22.3  23.7  17.2 99.0 99.00
2016 02 10 00 50 262 10.8 13.1  3.87 10.81  7.46 294 1015.8  22.4  23.7  16.7 99.0 99.00
2016 02 10 01 50 273 11.1 13.3  3.88 11.43  7.20 291 1016.4  22.1  23.7  16.6 99.0 99.00
2016 02 10 02 50 267 10.4 13.1  3.79 12.90  7.39 303 1016.8  22.0  23.7  16.1 99.0 99.00
2016 02 10 03 50 265 10.8 13.2  3.83 12.12  7.41 284 1016.8  21.9  23.6  15.8 99.0 99.00
2016 02 10 04 50 271 11.1 13.0  3.76 12.12  7.54 298 1016.9  21.5  23.6  15.5 99.0 99.00
2016 02 10 05 50 267 11.0 13.0  3.83 11.43  7.62 297 1017.0  21.4  23.6  15.3 99.0 99.00
2016 02 10 06 50 261 11.3 13.4  3.52 11.43  7.09 299 1016.5  21.3  23.6  15.2 99.0 99.00
2016 02 10 07 50 254 11.8 13.9  3.85 11.43  7.38 294 1016.0  21.5  23.6  15.2 99.0 99.00
2016 02 10 08 50 261 11.3 14.7  3.38 10.81  7.10 287 1016.0  21.5  23.6  14.9 99.0 99.00
2016 02 10 09 50 262 10.4 12.3  3.88 10.81  7.64 288 1016.1  21.4  23.6  13.7 99.0 99.00
2016 02 10 10 50 254 10.5 13.2  3.46 10.00  7.22 287 1016.6  21.5  23.6  14.7 99.0 99.00
2016 02 10 11 50 260  9.7 11.8  3.26 10.00  7.16 281 1017.1  21.6  23.6  15.2 99.0 99.00
2016 02 10 12 50 246 10.0 12.7  3.01 11.43  6.84 294 1017.6  22.1  23.6  14.8 99.0 99.00
2016 02 10 13 50 240 11.2 13.6  3.00 11.43  6.91 295 1017.9  22.6  23.6  15.0 99.0 99.00
2016 02 10 14 50 249 11.8 14.1  3.30 10.81  7.17 282 1018.1  22.8  23.6  15.1 99.0 99.00
2016 02 10 15 50 272 11.5 13.2  3.20 10.00  6.83 299 1018.3  22.0  23.6  14.9 99.0 99.00
2016 02 10 16 50 267 11.9 14.8  3.29 10.81  6.95 296 1017.7  22.1  23.6  13.9 99.0 99.00
2016 02 10 17 50 265 11.4 13.2  3.21  9.09  6.94 297 1017.2  22.1  23.6  13.1 99.0 99.00
2016 02 10 18 50 263 11.3 13.9  3.28 11.43  6.72 300 1016.9  21.8  23.6  13.3 99.0 99.00
2016 02 10 19 50 281 10.4 12.5  3.56 11.43  7.22 303 1017.0  21.2  23.6  14.9 99.0 99.00
2016 02 10 20 50 273 10.3 12.6  3.54 10.81  7.23 306 1017.3  21.1  23.6  13.8 99.0 99.00
2016 02 10 21 50 286  9.7 12.1  3.65 10.81  7.34 297 1018.0  21.1  23.6  14.6 99.0 99.00
2016 02 10 22 50 278 10.4 13.1  3.57 11.43  7.58 302 1018.5  20.9  23.6  14.1 99.0 99.00
2016 02 10 23 50 267 10.5 13.1  3.74 10.81  7.56 302 1019.0  21.0  23.7  13.5 99.0 99.00
2016 02 11 00 50 268 11.0 14.2  3.45 10.81  7.04 306 1019.4  20.9  23.7  13.8 99.0 99.00
2016 02 11 01 50 273 10.9 13.0  3.70 11.43  7.36 300 1019.7  20.5  23.7  13.3 99.0 99.00
2016 02 11 02 50 277 10.2 12.3  3.65 11.43  7.40 300 1020.1  20.3  23.7  12.7 99.0 99.00
2016 02 11 03 50 273  9.9 11.9  3.54 10.81  7.29 301 1020.2  20.4  23.7  13.0 99.0 99.00
2016 02 11 04 50 279 10.6 13.3  3.41 10.81  7.34 304 1020.0  20.4  23.7  13.1 99.0 99.00
2016 02 11 05 50 282 10.8 13.5  3.30 10.81  7.06 307 1019.6  20.4  23.7  12.2 99.0 99.00
2016 02 11 06 50 288 10.1 12.6  3.58 11.43  7.60 304 1019.3  20.1  23.7  12.1 99.0 99.00
2016 02 11 07 50 294  9.6 11.8  3.24 10.81  7.23 308 1019.3  19.7  23.8  12.4 99.0 99.00
2016 02 11 08 50 283 10.6 14.1  3.26 10.81  7.24 308 1019.6  19.7  23.8  10.4 99.0 99.00
2016 02 11 09 50 296 10.3 12.5  3.49 10.00  7.24 304 1020.2  19.4  23.8  11.0 99.0 99.00
2016 02 11 10 50 301  9.1 11.4  3.17 10.81  7.03 304 1020.9  19.7  23.8   9.8 99.0 99.00
2016 02 11 11 50 301  8.0 10.5  3.32 10.81  7.46 301 1021.5  19.6  23.8  10.9 99.0 99.00
2016 02 11 12 50 300  8.7 11.4  3.34 10.81  7.49 304 1022.2  19.9  23.8  10.5 99.0 99.00
2016 02 11 13 50 299  8.1 10.2  3.36 10.81  7.57 302 1022.7  20.2  23.8  11.0 99.0 99.00
2016 02 11 14 50 297  6.9  8.5  3.04 10.81  7.34 302 1023.3  20.1  23.8   9.9 99.0 99.00
2016 02 11 15 50 298  7.5  9.5  2.68 11.43  7.08 312 1023.2  19.9  23.8  10.3 99.0 99.00
2016 02 11 16 50 302  8.1 10.3  2.88 10.81  7.49 305 1022.7  19.8  23.8  10.4 99.0 99.00
2016 02 11 17 50 304  7.8  9.6  2.91 10.81  7.31 307 1022.4  20.0  23.9   9.8 99.0 99.00
2016 02 11 18 50 315  7.8 10.1  3.01 11.43  7.75 305 1021.9  19.7  23.9  10.5 99.0 99.00
2016 02 11 19 50 320  6.9  8.8  3.12 11.43  7.80 319 1022.1  19.6  23.9  11.3 99.0 99.00
2016 02 11 20 50 308  6.3  8.6  3.11 10.81  7.73 315 1022.8  19.5  23.9   9.9 99.0 99.00
2016 02 11 21 50 309  6.2  7.6  2.72 10.81  7.64 313 1023.3  19.4  23.8  11.2 99.0 99.00
2016 02 11 22 50 328  6.5  8.7  2.52 10.00  7.17 313 1023.5  19.6  23.8  11.6 99.0 99.00
2016 02 11 23 50 334  6.4  8.9  2.58 10.00  7.46 316 1023.9  19.7  23.8  11.7 99.0 99.00
2016 02 12 00 50 331  6.4  8.3  2.24 10.81  6.85 306 1024.3  19.8  23.8  10.9 99.0 99.00
2016 02 12 01 50 331  6.1  8.0  2.24 10.00  6.90 314 1024.7  19.9  23.7  10.8 99.0 99.00
2016 02 12 02 50 334  4.9  6.7  2.38 10.00  6.99 315 1024.9  19.8  23.7  11.0 99.0 99.00
2016 02 12 03 50 341  4.8  6.6  2.40 10.00  7.27 311 1024.9  19.7  23.7  11.0 99.0 99.00
2016 02 12 04 50 330  5.0  6.5  2.01  9.09  6.59 302 1024.9  19.7  23.7  10.5 99.0 99.00
2016 02 12 05 50 327  4.7  6.6  2.28  9.09  6.84 317 1024.9  19.6  23.7  10.8 99.0 99.00
2016 02 12 06 50 341  4.9  6.8  2.25  9.09  6.85 300 1024.5  19.6  23.7  10.4 99.0 99.00
2016 02 12 07 50 331  4.6  6.1  2.19 10.00  6.91 325 1024.3  19.4  23.7  10.9 99.0 99.00
2016 02 12 08 50 346  4.7  6.2  2.10 10.00  6.84 314 1024.6  19.4  23.7  10.7 99.0 99.00
2016 02 12 09 50 343  3.4  5.0  2.29 10.00  7.36 312 1025.1  19.4  23.7  11.1 99.0 99.00
2016 02 12 10 50 348  4.3  5.7  2.18 10.00  7.29 319 1025.5  19.5  23.7  11.1 99.0 99.00
2016 02 12 11 50  21  4.5  6.5  2.11 10.00  7.36 331 1025.9  19.7  23.7  11.7 99.0 99.00
2016 02 12 12 50  24  4.3  5.9  2.30 10.00  7.63 316 1026.2  19.8  23.7  10.3 99.0 99.00
2016 02 12 13 50   4  4.6  6.2  1.97  9.09  7.11 330 1026.5  19.7  23.7  10.5 99.0 99.00
2016 02 12 14 50  23  3.5  5.1  2.27 10.00  7.58 321 1026.7  19.9  23.7  11.6 99.0 99.00
2016 02 12 15 50  34  3.4  4.6  1.97 10.00  7.32 327 1026.3  20.1  23.8  11.8 99.0 99.00
2016 02 12 16 50 103  4.0  5.2  1.94  9.09  7.06 308 1025.4  20.4  23.8  11.1 99.0 99.00
2016 02 12 17 50 104  4.0  5.5  1.87  9.09  6.85 317 1024.4  20.5  23.9  11.6 99.0 99.00
2016 02 12 18 50 115  4.1  5.4  1.81  9.09  6.91 327 1023.4  20.5  23.9  11.3 99.0 99.00
2016 02 12 19 50 130  4.1  5.4  1.73  9.09  6.89 329 1023.0  20.7  23.8  11.5 99.0 99.00
2016 02 12 20 50 118  3.2  5.0  1.84  9.09  6.92 336 1022.8  20.8  23.8  11.6 99.0 99.00
2016 02 12 21 50 137  4.0  5.7  1.60  9.09  6.65 334 1023.0  20.8  23.8  12.5 99.0 99.00
2016 02 12 22 50 143  4.3  6.3  1.54  9.09  6.91 337 1022.9  20.9  23.7  13.3 99.0 99.00
2016 02 12 23 50 157  4.4  5.9  1.51  9.09  6.82 299 1022.9  21.0  23.7  13.3 99.0 99.00
2016 02 13 00 50 170  4.0  6.0  1.64  9.09  6.76 330 1022.7  21.0  23.7  13.8 99.0 99.00
2016 02 13 01 50 189  6.1  7.7  1.43  9.09  6.64 357 1022.4  21.5  23.7  13.7 99.0 99.00
2016 02 13 02 50 193  6.4  7.7  1.52  8.33  6.49 336 1022.6  21.6  23.7  13.7 99.0 99.00
2016 02 13 03 50 208  5.2  7.5  1.49  8.33  6.34 322 1022.2  21.8  23.7  13.6 99.0 99.00
2016 02 13 04 50 204  6.4  7.7  1.63  8.33  6.56 355 1021.4  21.9  23.7  13.7 99.0 99.00
2016 02 13 05 50 203  6.6  8.7  1.39  9.09  6.41  20 1020.5  21.9  23.7  14.0 99.0 99.00
2016 02 13 06 50 217  6.3  7.5  1.48  9.09  6.37  23 1020.0  21.9  23.7  14.2 99.0 99.00
2016 02 13 07 50 231  6.6  7.8  1.46 10.00  6.44  33 1019.7  21.8  23.7  14.1 99.0 99.00
2016 02 13 08 50 244  6.7  8.4  1.32  9.09  5.90  20 1019.5  21.8  23.7  13.9 99.0 99.00
2016 02 13 09 50 262  6.7  8.3  1.30  8.33  5.74  27 1019.8  21.5  23.7  15.2 99.0 99.00
2016 02 13 10 50 271  8.2 10.0  1.30  9.09  5.64  69 1020.2  21.7  23.7  13.9 99.0 99.00
2016 02 13 11 50 271  7.2  8.6  1.37 10.00  5.76  27 1020.3  21.5  23.7  14.5 99.0 99.00
2016 02 13 12 50 272  7.3  8.7  1.28  8.33  5.32 100 1020.4  21.6  23.7  14.7 99.0 99.00
2016 02 13 13 50 285  8.0  9.5  1.30  9.09  5.26  78 1020.5  22.0  23.7  14.4 99.0 99.00
2016 02 13 14 50 285  7.5  9.2  1.29  9.09  5.12  92 1020.6  22.3  23.7  14.2 99.0 99.00
2016 02 13 15 50 290  7.7  9.4  1.32  9.09  5.07  91 1020.4  22.2  23.8  14.3 99.0 99.00
2016 02 13 16 50 279  7.6  9.1  1.30 10.00  4.91  14 1019.8  22.3  23.8  13.5 99.0 99.00
2016 02 13 17 50 266  6.8  8.1  1.31  9.09  5.16 104 1019.0  22.3  23.8  13.6 99.0 99.00
2016 02 13 18 50 271  6.5  8.5  1.45 10.00  5.40 344 1018.2  22.4  23.9  13.7 99.0 99.00
2016 02 13 19 50 282  6.3  8.4  1.62  9.09  5.74 313 1017.9  22.5  23.9  13.8 99.0 99.00
2016 02 13 20 50 284  6.9  8.6  1.68  9.09  5.91 310 1017.9  22.3  23.9  14.4 99.0 99.00
2016 02 13 21 50 280  6.9  8.7  1.77 10.00  6.03 320 1018.2  22.5  23.9  14.6 99.0 99.00
2016 02 13 22 50 291  7.6  9.4  1.93 10.00  6.46 315 1018.5  22.4  23.8  15.1 99.0 99.00
2016 02 13 23 50 285  5.8  7.3  1.79  9.09  6.37 294 1019.1  22.3  23.8  14.8 99.0 99.00
2016 02 14 00 50 316  6.3  7.7  1.83 10.00  6.28 309 1019.6  21.9  23.8  16.1 99.0 99.00
2016 02 14 01 50 318  6.5  8.0  1.97 10.00  6.47 302 1020.0  21.8  23.8  15.7 99.0 99.00
2016 02 14 02 50 329  8.6 10.4  1.87 10.00  6.14 311 1020.0  21.6  23.8  15.5 99.0 99.00
2016 02 14 03 50 333  8.2 10.0  2.12 10.81  6.26 310 1020.1  21.2  23.8  14.7 99.0 99.00
2016 02 14 04 50 335  6.8  8.6  1.99 10.00  6.19 315 1019.9  21.1  23.8  14.3 99.0 99.00
2016 02 14 05 50 342  6.2  8.1  2.04 10.00  6.40 325 1019.7  20.9  23.8  14.2 99.0 99.00
2016 02 14 06 50 334  8.2 10.0  2.12 10.00  6.57 321 1019.4  20.6  23.7  13.5 99.0 99.00
2016 02 14 07 50 334  7.6  9.3  1.79  9.09  6.11 311 1018.9  20.5  23.7  13.4 99.0 99.00
2016 02 14 08 50 350  8.7 10.6  1.85 10.00  6.03 314 1019.0  20.2  23.7  13.6 99.0 99.00
2016 02 14 09 50 360  8.0  9.9  2.01  9.09  6.01 349 1019.5  19.9  23.7  12.8 99.0 99.00
2016 02 14 10 50   2  8.2  9.8  1.83  8.33  5.70 342 1020.3  19.8  23.7  12.9 99.0 99.00
2016 02 14 11 50  23  9.1 11.7  1.85  9.09  5.66 340 1021.1  19.4  23.7  13.1 99.0 99.00
2016 02 14 12 50  16 10.9 13.3  2.05  9.09  5.62 346 1021.8  19.1  23.7  13.1 99.0 99.00
2016 02 14 13 50  13 10.4 13.4  2.19  8.33  5.73 337 1022.5  19.1  23.7  12.7 99.0 99.00
2016 02 14 14 50  20  9.5 12.2  2.37  8.33  5.98 346 1023.5  18.8  23.7  12.2 99.0 99.00
2016 02 14 15 50  18 10.0 11.8  2.38  8.33  6.11 351 1023.7  18.5  23.7  11.8 99.0 99.00
2016 02 14 16 50  20  9.3 11.4  2.83  8.33  6.37 358 1023.5  18.2  23.7  10.9 99.0 99.00
2016 02 14 17 50  22  8.9 11.2  2.84  8.33  6.41 358 1023.0  18.2  23.7  10.5 99.0 99.00
2016 02 14 18 50  21  8.2  9.9  2.84  9.09  6.63 359 1022.8  18.2  23.7  10.2 99.0 99.00
2016 02 14 19 50  26  9.5 12.1  2.65  9.09  6.52 340 1022.5  18.4  23.6  11.1 99.0 99.00
2016 02 14 21 50  39  9.2 11.6  2.74  9.09  6.45 356 1023.3  18.3  23.6  11.1 99.0 99.00
2016 02 14 22 50  31  9.0 10.8  2.92  9.09  6.90   2 1023.8  18.4  23.6  11.1 99.0 99.00
2016 02 14 23 50  33  9.4 11.2  2.89  9.09  6.76   3 1024.6  18.3  23.5  11.0 99.0 99.00
2016 02 15 00 50  38  9.1 11.1  2.91 10.00  6.98  17 1025.2  18.4  23.5  11.4 99.0 99.00
2016 02 15 01 50  48  9.2 11.2  3.04 10.00  7.06  20 1025.6  18.5  23.5  11.2 99.0 99.00
2016 02 15 02 50  42  8.8 11.3  2.74 10.81  6.67  11 1025.7  18.5  23.5  10.4 99.0 99.00
2016 02 15 03 50  54  8.6 11.3  2.74 11.43  6.83  11 1025.5  18.6  23.4  10.7 99.0 99.00
2016 02 15 04 50  49  9.1 11.8  2.69 10.00  6.50  23 1025.1  18.7  23.4  10.9 99.0 99.00
2016 02 15 05 50  54 10.6 12.5  2.87 10.00  6.84   7 1024.4  18.8  23.4  11.3 99.0 99.00
2016 02 15 06 50  64  8.5 10.4  2.68 10.81  6.64  26 1024.3  18.9  23.4  10.9 99.0 99.00
2016 02 15 07 50  62  7.4  9.3  2.70 11.43  6.74  13 1024.0  19.0  23.4  10.7 99.0 99.00
2016 02 15 08 50  66  8.7 11.1  2.53 10.81  6.86   6 1023.8  19.2  23.4  11.1 99.0 99.00
2016 02 15 09 50  64  8.8 10.6  2.62 10.00  6.75   7 1023.7  19.3  23.4  11.4 99.0 99.00
2016 02 15 10 50  63  9.6 13.1  2.60 11.43  6.58  27 1024.2  19.4  23.4  11.7 99.0 99.00
2016 02 15 11 50  69 10.1 11.7  2.76 10.81  6.74  14 1024.7  19.6  23.4  11.3 99.0 99.00
2016 02 15 12 50  68 10.4 12.8  2.72 10.00  6.72   1 1025.1  19.9  23.4  12.1 99.0 99.00
2016 02 15 13 50  71 10.8 13.3  2.62 10.81  6.27 359 1025.7  20.0  23.4  12.1 99.0 99.00
2016 02 15 14 50  77  9.8 11.9  2.88 10.00  6.67   1 1026.2  20.1  23.4  11.9 99.0 99.00
2016 02 15 15 50  76  9.8 11.7  2.82 10.81  6.93  10 1025.8  20.3  23.5  12.0 99.0 99.00
2016 02 15 16 50  81 10.8 14.1  2.68 10.81  6.79  14 1024.6  20.4  23.4  12.7 99.0 99.00
2016 02 15 17 50  84 11.2 13.7  3.13 10.00  6.78 358 1023.2  20.4  23.5  13.7 99.0 99.00
2016 02 15 18 50  93 12.1 14.3  2.86 10.00  6.55   2 1022.2  20.6  23.5  14.5 99.0 99.00
2016 02 15 19 50 100 10.7 12.8  2.99 10.81  6.70   1 1021.7  20.9  23.5  13.9 99.0 99.00
2016 02 15 20 50 106 10.0 12.0  2.82 10.00  6.56  19 1021.7  21.2  23.5  13.8 99.0 99.00
2016 02 15 21 50  95 10.4 12.3  2.83 10.00  6.63  11 1021.9  21.3  23.5  15.0 99.0 99.00
2016 02 15 22 50  87 10.3 12.3  2.70 11.43  6.35   9 1022.1  21.3  23.5  15.2 99.0 99.00
2016 02 15 23 50  91 10.7 12.5  2.72 10.81  6.47  21 1022.3  21.4  23.5  15.5 99.0 99.00
2016 02 16 00 50  92 11.5 13.6  2.99  8.33  6.67  34 1022.1  21.5  23.5  16.0 99.0 99.00
2016 02 16 01 50  95 11.4 14.0  2.84 10.81  6.41   9 1021.7  21.6  23.5  16.5 99.0 99.00
2016 02 16 02 50  95 11.8 14.6  2.83  7.14  6.08  70 1021.1  21.8  23.5  17.1 99.0 99.00
2016 02 16 03 50  95 11.7 14.8  2.93  7.14  6.21  74 1020.3  22.1  23.5  17.7 99.0 99.00
2016 02 16 04 50  96 11.6 13.8  2.91  7.69  6.35  70 1019.9  22.3  23.5  17.8 99.0 99.00
2016 02 16 05 50  95 10.5 12.7  3.09  7.14  6.36  77 1019.5  22.2  23.5  18.5 99.0 99.00
2016 02 16 06 50  90 11.6 13.5  2.73  7.69  6.15  78 1018.4  22.4  23.5  18.8 99.0 99.00
2016 02 16 07 50  92 11.3 14.0  2.89  7.14  6.40  85 1017.8  22.3  23.5  19.4 99.0 99.00
2016 02 16 08 50  94 12.4 15.1  2.98  7.69  6.22  97 1017.3  22.7  23.5  19.5 99.0 99.00
2016 02 16 09 50 101 11.6 13.5  2.98  7.69  6.40 101 1017.2  22.4  23.4  19.9 99.0 99.00
2016 02 16 10 50 114 10.5 13.5  2.92  9.09  6.34  96 1017.1  22.4  23.4  20.3 99.0 99.00
2016 02 16 11 50 114  9.7 11.9  2.97  7.69  6.62  85 1017.1  22.9  23.4  20.8 99.0 99.00
2016 02 16 12 50 129  9.5 11.8  3.11  8.33  6.71 103 1017.6  23.5  23.4  21.0 99.0 99.00
2016 02 16 13 50 127 11.8 14.8  2.71  9.09  6.33  97 1017.1  23.0  23.4  20.9 99.0 99.00
2016 02 16 14 50 149 11.7 16.9  3.06  9.09  6.55  75 1017.2  23.4  23.4  20.9 99.0 99.00
2016 02 16 15 50 136 10.6 13.5  3.27  8.33  6.51  94 1016.6  23.4  23.4  20.8 99.0 99.00
2016 02 16 16 50 139 11.2 14.8  2.91  9.09  6.45  88 1015.2  23.9  23.4  21.2 99.0 99.00
2016 02 16 17 50 139 10.0 11.9  2.87  8.33  6.35  87 1014.4  23.9  23.4  21.4 99.0 99.00
2016 02 16 18 50 145 11.1 13.8  3.03  9.09  6.49  98 1013.7  23.9  23.5  21.3 99.0 99.00
2016 02 16 19 50 152 11.7 14.3  3.15  8.33  6.54  99 1012.8  23.8  23.5  20.9 99.0 99.00
2016 02 16 20 50 158 10.8 13.7  2.78  8.33  6.09 105 1013.3  23.3  23.5  21.2 99.0 99.00
2016 02 16 21 50 159 12.8 15.9  3.44  8.33  6.70  82 1012.2  23.3  23.5  21.9 99.0 99.00
2016 02 16 22 50 170 13.3 17.3  2.96  9.09  6.30 104 1013.1  23.2  23.5  21.8 99.0 99.00
2016 02 16 23 50 176 11.5 14.1  3.10  9.09  5.99  90 1013.4  23.2  23.4  21.2 99.0 99.00
2016 02 17 00 50 183  4.8  7.6  3.05  8.33  6.56 104 1016.5  20.4  23.3  19.6 99.0 99.00
2016 02 17 01 50 260  5.8  8.9  3.11  7.14  6.71 149 1016.0  21.6  23.0  20.9 99.0 99.00
2016 02 17 02 50 199 11.1 13.8  3.46  9.09  6.52  82 1014.8  23.4  23.3  20.9 99.0 99.00
2016 02 17 03 50 193 10.3 12.4  3.48 10.00  6.75  86 1014.9  23.3  23.3  21.3 99.0 99.00
2016 02 17 04 50 206  8.4  9.8  3.27  9.09  6.63  94 1014.9  23.2  23.3  21.5 99.0 99.00
2016 02 17 05 50 198  7.7  9.9  3.18  9.09  6.81 103 1015.3  23.0  23.3  21.4 99.0 99.00
2016 02 17 06 50 191  8.1 10.0  2.90  9.09  6.72  94 1014.6  23.0  23.3  21.2 99.0 99.00
2016 02 17 07 50 188  8.5  9.9  2.92 10.00  6.71  93 1014.5  23.2  23.3  21.3 99.0 99.00
2016 02 17 08 50 191  8.2 10.0  3.04  9.09  6.95  90 1014.8  22.9  23.4  20.7 99.0 99.00
2016 02 17 09 50 188  6.7  8.3  2.61 10.00  6.50  92 1015.3  22.8  23.4  21.0 99.0 99.00
2016 02 17 10 50 187  5.3  6.9  2.81 10.00  6.90  97 1016.0  22.9  23.4  20.7 99.0 99.00
2016 02 17 11 50 195  4.4  5.8  2.63  9.09  6.77 101 1016.6  22.8  23.4  21.0 99.0 99.00
2016 02 17 12 50 272  1.3  2.3  2.49  8.33  6.84 102 1018.0  23.3  23.4  21.4 99.0 99.00
2016 02 17 13 50 306  2.1  3.1  2.35  8.33  6.84 112 1018.2  23.2  23.4  21.1 99.0 99.00
2016 02 17 14 50 172  0.2  0.9  2.39 10.00  6.93  95 1018.7  23.9  23.6  20.7 99.0 99.00
2016 02 17 15 50 291  2.4  3.5  2.56  9.09  7.09  99 1018.2  23.4  23.9  20.8 99.0 99.00
2016 02 17 16 50 301  3.2  4.3  2.30 10.00  6.98  99 1017.9  23.2  24.0  20.2 99.0 99.00
2016 02 17 17 50 293  2.5  3.9  2.26 10.00  7.32  97 1017.2  23.0  24.1  19.9 99.0 99.00
2016 02 17 18 50 299  3.5  4.8  2.21  9.09  6.92  94 1017.0  22.9  24.1  19.8 99.0 99.00
2016 02 17 19 50 315  3.8  4.7  2.43 10.00  7.63  81 1016.7  22.8  23.9  19.4 99.0 99.00
2016 02 17 20 50 326  5.0  6.1  2.11 10.00  7.26  90 1017.0  22.7  23.9  18.9 99.0 99.00
2016 02 17 21 50 341  3.9  4.9  2.19 10.00  7.46  90 1017.6  22.6  23.7  18.7 99.0 99.00
2016 02 17 22 50 355  4.5  5.9  2.10 10.00  7.24  95 1018.2  22.5  23.6  19.1 99.0 99.00
2016 02 17 23 50 348  6.4  7.5  2.15  9.09  7.24  94 1018.4  22.2  23.5  18.7 99.0 99.00
2016 02 18 00 50 351  4.9  6.3  2.22  8.33  7.14 106 1019.0  22.1  23.5  18.3 99.0 99.00
2016 02 18 01 50 351  6.1  7.5  2.31  9.09  7.38  91 1018.7  22.0  23.5  18.0 99.0 99.00
2016 02 18 02 50 345  5.9  7.2  2.29 10.00  7.27 101 1019.2  22.0  23.4  17.6 99.0 99.00
2016 02 18 03 50 344  5.0  6.4  2.43 10.00  7.70 102 1019.0  21.8  23.4  17.2 99.0 99.00
2016 02 18 04 50 327  2.2  3.7  2.31 10.00  7.54 100 1018.9  21.8  23.4  16.6 99.0 99.00
2016 02 18 05 50 314  3.5  4.8  2.34 10.81  7.76 107 1018.8  21.8  23.4  16.1 99.0 99.00
2016 02 18 06 50 317  4.4  5.5  2.15  9.09  7.59  99 1018.3  21.6  23.4  15.9 99.0 99.00
2016 02 18 07 50 319  5.4  6.8  2.17 10.81  7.70 104 1017.7  21.4  23.3  15.8 99.0 99.00
2016 02 18 08 50 320  5.4  6.8  1.99 10.81  7.26 103 1018.0  21.2  23.3  15.5 99.0 99.00
2016 02 18 09 50 329  6.7  8.1  1.91 10.00  7.31  90 1017.8  21.0  23.3  15.6 99.0 99.00
2016 02 18 10 50 334  7.8 10.4  2.12 10.00  7.12  97 1018.4  20.8  23.3  15.0 99.0 99.00
2016 02 18 11 50 345  7.9  9.5  2.11  9.09  6.99  83 1018.8  20.7  23.3  14.1 99.0 99.00
2016 02 18 12 50 352  6.3  7.7  2.19  9.09  6.92 102 1020.0  20.9  23.3  13.3 99.0 99.00
2016 02 18 13 50 355  7.2  9.3  2.13 10.00  6.98  89 1020.5  21.0  23.3  13.9 99.0 99.00
2016 02 18 14 50 352  6.5  8.2  2.09 10.00  6.78  87 1020.9  21.2  23.3  13.9 99.0 99.00
2016 02 18 15 50 353  7.3  9.3  2.05 10.00  7.02  87 1020.5  21.2  23.3  13.9 99.0 99.00
2016 02 18 16 50 345  6.7  8.3  1.89 10.00  6.66  93 1020.2  21.5  23.4  13.9 99.0 99.00
2016 02 18 17 50 345  6.9  8.2  1.93 10.00  6.63  83 1019.9  21.4  23.4  13.8 99.0 99.00
2016 02 18 18 50 347  7.2  8.9  1.97 10.00  6.56  77 1019.4  21.6  23.4  14.4 99.0 99.00
2016 02 18 19 50 342  9.4 11.2  1.87 10.00  6.47  82 1019.2  21.4  23.4  15.7 99.0 99.00
2016 02 18 20 50 340 10.5 12.5  2.01 10.00  5.97  84 1019.6  21.3  23.4  14.8 99.0 99.00
2016 02 18 21 50 348  8.0 10.3  2.11 10.00  5.88  86 1020.0  21.6  23.4   9.7 99.0 99.00
2016 02 18 22 50   1 11.2 13.5  2.14 10.00  5.82  93 1020.3  21.1  23.4  14.7 99.0 99.00
2016 02 18 23 50 358 11.3 13.0  2.31 10.00  5.87  81 1020.9  21.0  23.4  13.8 99.0 99.00
2016 02 19 00 50 351  9.7 11.3  2.34  9.09  5.82  74 1021.8  21.1  23.3  11.7 99.0 99.00
2016 02 19 01 50   5  9.9 12.2  2.36 10.00  5.99  95 1021.9  20.9  23.3  11.9 99.0 99.00
2016 02 19 02 50   7 10.1 12.4  2.15 10.00  5.78  75 1022.5  20.9  23.2  12.1 99.0 99.00
2016 02 19 03 50  17 10.0 12.7  2.42 10.00  5.94  84 1022.7  20.6  23.2  13.5 99.0 99.00
2016 02 19 04 50  19 10.4 12.4  2.50  7.14  6.05   9 1022.6  20.5  23.2  13.3 99.0 99.00
2016 02 19 05 50  22 10.3 13.0  2.74  7.69  6.27   5 1022.7  20.3  23.2  12.8 99.0 99.00
2016 02 19 06 50  17  9.9 11.5  2.58 10.00  6.33  79 1022.4  20.2  23.2  12.2 99.0 99.00
2016 02 19 07 50  10 11.6 13.5  2.79  7.69  6.49   1 1022.3  19.6  23.2  13.3 99.0 99.00
2016 02 19 08 50  13  9.7 12.4  2.91  7.69  6.50   8 1022.4  19.6  23.2  12.4 99.0 99.00
2016 02 19 09 50  15 10.0 12.1  2.68  9.09  6.37   5 1022.6  19.7  23.2  11.6 99.0 99.00
2016 02 19 10 50  14 10.3 13.3  2.90  8.33  6.56   3 1023.0  19.6  23.2  12.5 99.0 99.00
2016 02 19 11 50  26 11.1 13.9  2.85  8.33  6.65 359 1023.7  19.3  23.2  11.8 99.0 99.00
2016 02 19 12 50  17 10.3 13.0  3.15 10.00  6.74  11 1024.9  19.5  23.2  11.3 99.0 99.00
2016 02 19 13 50  26 10.7 13.2  3.32 10.00  7.11  15 1025.5  19.3  23.1  11.6 99.0 99.00
2016 02 19 14 50  18 10.3 12.6  3.21  9.09  6.85   7 1025.9  19.1  23.1  10.4 99.0 99.00
2016 02 19 15 50  25 10.5 12.5  3.12 10.00  6.64  30 1026.3  18.9  23.1   9.9 99.0 99.00
2016 02 19 16 50  20  9.0 11.0  3.13  9.09  6.87  27 1026.1  18.7  23.1   8.9 99.0 99.00
2016 02 19 17 50  36  8.9 11.6  3.29 10.00  7.09  27 1025.5  18.6  23.1   8.8 99.0 99.00
2016 02 19 18 50  24  9.9 11.5  3.30 10.00  6.94  28 1025.1  18.2  23.0  10.1 99.0 99.00
2016 02 19 19 50  14  9.9 12.6  3.29 10.00  7.11  26 1024.8  18.2  23.0   9.4 99.0 99.00
2016 02 19 20 50  28  8.1 11.4  3.26 10.00  7.15  42 1025.0  18.5  23.0   8.2 99.0 99.00
2016 02 19 21 50  27  9.7 11.9  3.10 10.00  7.10  34 1024.7  18.4  23.0  10.6 99.0 99.00
2016 02 19 22 50  27  8.8 10.6  2.95 10.00  6.88  41 1025.2  18.6  23.0   8.5 99.0 99.00
2016 02 19 23 50  29  9.7 12.2  2.92 10.00  6.94  31 1025.4  18.4  23.0   9.3 99.0 99.00
2016 02 20 00 50  35  9.2 12.2  2.47 10.00  6.37  45 1025.8  18.6  22.9  10.0 99.0 99.00
2016 02 20 01 50  41  9.6 11.5  3.00 10.81  7.04  46 1025.9  18.5  22.9   9.9 99.0 99.00
2016 02 20 02 50  29  7.5 10.0  2.91 10.00  6.87  42 1026.3  18.4  22.9  10.0 99.0 99.00
2016 02 20 03 50  43  8.2 10.8  2.79 10.81  6.74  50 1025.5  18.2  22.9   8.3 99.0 99.00
2016 02 20 04 50  57  7.1  9.4  3.18 10.00  7.29  33 1025.7  18.5  23.0   8.7 99.0 99.00
2016 02 20 05 50  37  8.4 10.9  2.96 10.00  7.22  49 1025.0  18.6  23.0  10.5 99.0 99.00
2016 02 20 06 50  52  7.3 10.0  2.54 10.00  6.73  39 1024.9  18.5  23.0   9.2 99.0 99.00
2016 02 20 07 50  36  5.9  8.1  3.04 10.00  7.51  22 1024.5  18.4  23.0   9.4 99.0 99.00
2016 02 20 08 50  41  5.0  6.5  3.07 10.00  7.52  29 1024.4  18.4  23.1  10.2 99.0 99.00
2016 02 20 09 50  70  7.5 10.2  2.65 10.00  7.40  38 1024.3  18.6  23.1  11.3 99.0 99.00
2016 02 20 10 50  54  6.9  8.7  2.58 10.00  6.93  29 1024.7  18.8  23.1  10.9 99.0 99.00
2016 02 20 11 50  76  8.0  9.7  2.54  9.09  6.94  28 1025.4  19.2  23.1  10.2 99.0 99.00
2016 02 20 12 50  74  5.3  8.2  2.55 10.00  7.26  40 1026.4  19.3  23.1   8.6 99.0 99.00
2016 02 20 13 50  64  6.3  9.0  2.76 11.43  7.59  62 1026.8  19.5  23.1   9.8 99.0 99.00
2016 02 20 14 50  32  4.6  6.3  2.64 10.00  7.28  45 1027.2  19.6  23.1  10.6 99.0 99.00
2016 02 20 15 50  70  8.4 10.4  2.47 10.81  7.16  60 1027.0  19.7  23.2  11.9 99.0 99.00
2016 02 20 16 50  70  6.8  8.3  2.60 10.81  7.17  56 1026.3  19.6  23.2  11.2 99.0 99.00
2016 02 20 17 50  70  6.4  7.6  2.37 10.81  6.94  43 1025.6  19.7  23.2  10.4 99.0 99.00
2016 02 20 18 50  64  5.8  6.9  2.45 10.00  7.23  30 1024.9  20.0  23.2   9.3 99.0 99.00
2016 02 20 19 50  77  5.0  6.6  2.40 10.81  7.26  48 1024.4  19.8  23.3  11.1 99.0 99.00
2016 02 20 20 50  87  4.1  5.3  2.32 10.81  7.05  63 1024.5  19.9  23.3  10.3 99.0 99.00
2016 02 20 21 50  63  2.8  4.5  2.30 10.00  7.35  45 1024.6  19.9  23.2   9.0 99.0 99.00
2016 02 20 22 50  69  4.6  6.3  2.19 11.43  7.30  62 1024.5  20.0  23.2  10.5 99.0 99.00
2016 02 20 23 50  46  4.9  6.8  2.22 10.00  7.45  61 1024.4  20.0  23.2  11.2 99.0 99.00
2016 02 21 00 50  62  6.6  8.5  2.75 10.00  8.22  60 1024.6  20.2  23.2  11.6 99.0 99.00
2016 02 21 01 50  81  6.1  7.9  2.31 10.81  7.51  46 1024.9  20.2  23.2  11.4 99.0 99.00
2016 02 21 02 50  85  5.1  6.7  2.52 10.81  7.89  60 1025.0  20.3  23.2  10.8 99.0 99.00
2016 02 21 03 50  80  5.9  7.5  2.58 11.43  7.90  47 1025.1  20.1  23.2  10.0 99.0 99.00
2016 02 21 04 50  66  4.5  6.5  2.49 10.81  7.95  55 1024.7  20.1  23.2   9.6 99.0 99.00
2016 02 21 05 50  61  4.9  6.9  2.76 10.81  8.37  56 1024.2  20.0  23.2  10.4 99.0 99.00
2016 02 21 06 50 109  4.9  6.4  2.69 11.43  8.35  41 1023.3  20.1  23.1  10.8 99.0 99.00
2016 02 21 07 50 118  3.4  5.0  2.58 10.00  8.15  56 1022.6  19.9  23.1  10.4 99.0 99.00
2016 02 21 08 50 138  3.4  4.6  2.58 10.81  8.41  50 1022.0  19.7  23.1  11.8 99.0 99.00
2016 02 21 09 50 117  3.4  4.9  2.67 11.43  8.69  44 1021.7  20.0  23.1  11.5 99.0 99.00
2016 02 21 10 50 142  2.4  3.5  2.54 11.43  8.78  42 1022.2  20.2  23.1  10.9 99.0 99.00
2016 02 21 11 50 163  1.6  2.7  2.60 10.81  8.65  46 1022.8  20.4  23.1   9.7 99.0 99.00
2016 02 21 12 50  20  2.0  3.0  2.50 11.43  8.71  62 1023.4  20.6  23.2   9.7 99.0 99.00
2016 02 21 13 50  56  3.7  5.5  2.36 11.43  8.76  55 1023.7  20.7  23.2  10.2 99.0 99.00
2016 02 21 14 50  60  3.7  5.6  2.47 11.43  8.64  51 1023.9  20.8  23.2  10.5 99.0 99.00
2016 02 21 15 50  43  4.4  6.5  2.31 11.43  8.25  61 1023.7  20.7  23.3  10.6 99.0 99.00
2016 02 21 16 50  63  3.1  4.4  2.31 11.43  8.48  65 1023.1  20.8  23.4  10.8 99.0 99.00
2016 02 21 17 50  49  3.8  5.4  2.51 12.12  8.86  56 1022.3  20.9  23.4  11.2 99.0 99.00
2016 02 21 18 50  61  3.9  5.2  2.49 11.43  8.65  70 1021.6  20.9  23.4  11.9 99.0 99.00
2016 02 21 19 50  60  4.0  6.2  2.46 11.43  8.64  70 1021.2  20.9  23.4  12.0 99.0 99.00
2016 02 21 20 50  73  4.0  5.5  2.57 11.43  9.00  63 1020.8  20.9  23.4  12.0 99.0 99.00
2016 02 21 21 50  54  4.2  6.2  2.63 11.43  9.06  68 1020.7  20.8  23.4  12.9 99.0 99.00
2016 02 21 22 50  84  4.4  5.6  2.74 10.81  9.11  74 1021.0  21.0  23.3  12.9 99.0 99.00
2016 02 21 23 50  77  5.0  7.0  2.19 11.43  8.29  73 1021.1  21.0  23.3  13.0 99.0 99.00
2016 02 22 00 50  72  5.4  7.4  2.61 11.43  8.96  65 1021.3  21.2  23.3  13.5 99.0 99.00
2016 02 22 01 50  88  5.3  6.9  2.40 12.12  8.60  74 1021.6  21.2  23.3  13.5 99.0 99.00
2016 02 22 02 50  81  4.8  6.1  2.00 11.43  7.76  86 1021.7  21.1  23.2  13.4 99.0 99.00
2016 02 22 03 50 101  4.0  5.3  2.11 12.12  8.00  70 1021.1  21.2  23.2  13.6 99.0 99.00
2016 02 22 04 50 109  3.4  4.9  2.28 12.12  8.55  74 1020.8  21.3  23.2  13.6 99.0 99.00
2016 02 22 05 50 103  3.4  4.7  2.31 11.43  8.57  65 1020.1  21.2  23.2  13.6 99.0 99.00
2016 02 22 06 50  85  3.9  5.8  2.29 11.43  8.57  68 1019.4  21.3  23.2  13.6 99.0 99.00
2016 02 22 07 50 103  4.3  5.8  2.37 12.12  8.92  86 1018.9  21.1  23.2  13.9 99.0 99.00
2016 02 22 08 50 109  3.9  4.9  2.13 11.43  8.47  77 1018.7  21.2  23.2  13.8 99.0 99.00
2016 02 22 09 50 116  4.5  6.1  2.03 12.12  8.49  76 1018.4  21.2  23.2  13.6 99.0 99.00
2016 02 22 10 50 101  3.1  4.4  2.01 12.12  8.18  75 1019.5  21.3  23.2  13.4 99.0 99.00
2016 02 22 11 50 101  3.8  5.0  1.98 12.12  8.56  76 1019.8  21.4  23.2  14.2 99.0 99.00
2016 02 22 12 50 109  3.8  5.3  2.20 12.12  8.98  69 1020.4  21.5  23.2  14.1 99.0 99.00
2016 02 22 13 50 101  4.1  5.3  2.06 12.12  8.80  72 1020.5  21.6  23.2  14.4 99.0 99.00
2016 02 22 14 50 109  4.0  5.7  2.02 12.12  8.28  66 1020.5  21.8  23.3  14.3 99.0 99.00
2016 02 22 15 50 112  3.6  5.3  2.19 12.12  8.92  77 1020.6  21.9  23.3  14.3 99.0 99.00
2016 02 22 16 50 137  3.8  4.9  2.47 12.12  9.02  65 1019.9  22.0  23.3  14.0 99.0 99.00
2016 02 22 17 50 125  4.3  5.6  2.06 12.12  8.33  69 1019.1  22.0  23.4  14.1 99.0 99.00
2016 02 22 18 50 128  4.3  5.9  2.21 12.12  8.54  63 1018.4  22.0  23.4  14.4 99.0 99.00
2016 02 22 19 50 126  3.8  5.0  2.32 12.12  8.77  72 1018.2  22.1  23.4  14.4 99.0 99.00
2016 02 22 20 50 114  3.5  4.9  1.93 12.12  8.19  77 1018.2  22.1  23.4  14.0 99.0 99.00
2016 02 22 21 50 112  3.5  5.1  2.07 11.43  8.42  79 1018.4  22.0  23.4  14.3 99.0 99.00
2016 02 22 22 50  93  3.6  5.2  2.08 12.12  8.46  77 1018.4  21.9  23.4  14.0 99.0 99.00
2016 02 22 23 50  95  4.1  5.2  1.92 12.12  8.38  81 1018.8  22.0  23.3  14.5 99.0 99.00
2016 02 23 00 50 106  4.7  6.6  2.00 11.43  8.74  69 1019.3  21.9  23.3  14.2 99.0 99.00
2016 02 23 01 50  94  4.8  6.3  2.26 12.90  9.06  79 1019.7  21.8  23.3  14.0 99.0 99.00
2016 02 23 02 50 107  5.4  6.8  2.11 12.12  8.87  74 1019.9  21.8  23.2  13.7 99.0 99.00
2016 02 23 03 50 108  5.5  7.1  2.07 12.90  8.77  80 1019.7  21.8  23.2  14.1 99.0 99.00
2016 02 23 04 50 117  5.8  7.4  2.20 12.12  8.77  80 1019.8  21.9  23.2  14.1 99.0 99.00
2016 02 23 05 50 123  6.3  7.9  2.12 11.43  8.22  76 1019.6  21.8  23.2  14.2 99.0 99.00
2016 02 23 06 50 126  5.6  7.0  2.18 12.12  8.49  90 1019.1  21.8  23.2  14.5 99.0 99.00
2016 02 23 07 50 107  5.4  6.8  2.00 11.43  8.23  86 1018.7  21.8  23.2  14.6 99.0 99.00
2016 02 23 08 50 110  6.0  7.5  1.95 12.12  8.14  98 1018.4  21.7  23.2  15.0 99.0 99.00
2016 02 23 09 50 110  5.7  7.1  1.99 12.12  8.06  84 1018.5  21.7  23.2  15.0 99.0 99.00
2016 02 23 10 50 100  6.2  7.6  2.18 11.43  8.30  94 1018.9  21.8  23.1  15.1 99.0 99.00
2016 02 23 11 50  88  6.1  7.5  2.07 11.43  8.13  90 1019.7  22.0  23.1  15.4 99.0 99.00
2016 02 23 12 50  91  6.5  8.0  1.76 11.43  7.17  96 1020.1  22.1  23.2  15.6 99.0 99.00
2016 02 23 13 50  95  6.5  8.0  2.07 12.12  7.74 100 1020.6  22.4  23.2  16.5 99.0 99.00
2016 02 23 14 50 106  6.8  8.1  1.97 12.12  7.52  87 1020.5  22.7  23.2  16.6 99.0 99.00
2016 02 23 15 50 111  7.6  9.4  1.86 12.12  6.86  87 1019.9  22.8  23.3  16.8 99.0 99.00
2016 02 23 16 50 119  7.9  9.3  1.90 12.12  6.72  86 1019.2  22.8  23.3  17.3 99.0 99.00
2016 02 23 17 50 115  8.0  9.4  2.06 11.43  7.13  89 1018.5  22.7  23.4  17.5 99.0 99.00
2016 02 23 18 50 126  7.9  9.3  1.95 11.43  6.53  83 1017.8  22.9  23.4  17.4 99.0 99.00
2016 02 23 19 50 125  8.7 10.2  2.06 11.43  6.70  82 1017.2  23.0  23.4  17.3 99.0 99.00
2016 02 23 20 50 123  7.6  9.2  2.07 11.43  6.88  79 1017.5  23.1  23.4  17.9 99.0 99.00
2016 02 23 21 50 117  7.7  9.1  2.11 12.12  6.73  73 1017.8  23.0  23.4  18.5 99.0 99.00
2016 02 23 22 50 122  7.5  8.9  2.11 11.43  6.81  78 1018.3  23.1  23.4  18.2 99.0 99.00
2016 02 23 23 50 108  7.0  8.5  2.10 11.43  7.13  89 1018.6  23.1  23.4  18.6 99.0 99.00
2016 02 24 00 50 108  8.1 10.1  2.12 11.43  6.82  84 1018.9  23.1  23.3  18.7 99.0 99.00
2016 02 24 01 50 111  8.5 10.6  1.91 11.43  6.40  80 1019.1  23.0  23.3  19.2 99.0 99.00
2016 02 24 02 50 109  8.7 10.1  2.02 11.43  6.25  87 1019.3  23.1  23.3  19.0 99.0 99.00
2016 02 24 03 50 107  9.2 11.4  2.08 11.43  6.27  98 1019.2  23.0  23.3  19.1 99.0 99.00
2016 02 24 04 50 107  9.5 11.2  2.01 12.12  6.09  89 1018.8  22.8  23.3  19.2 99.0 99.00
2016 02 24 05 50 111  8.0  9.8  2.05 12.12  5.92  93 1018.7  22.7  23.3  19.4 99.0 99.00
2016 02 24 06 50 109  7.3  8.5  1.94 11.43  6.16  83 1018.1  22.7  23.3  19.5 99.0 99.00
2016 02 24 07 50 112  7.1  8.6  1.97 11.43  5.97  94 1017.4  22.7  23.3  19.7 99.0 99.00
2016 02 24 08 50 109  6.9  8.1  2.01 11.43  6.28  95 1017.1  22.7  23.3  19.9 99.0 99.00
2016 02 24 09 50 100  7.5  9.0  1.87 11.43  5.96  79 1017.1  22.8  23.3  20.0 99.0 99.00
2016 02 24 10 50 106  7.8 10.0  1.96 11.43  6.16  89 1017.5  22.8  23.4  20.1 99.0 99.00
2016 02 24 11 50 107  6.6  7.9  1.85 11.43  6.01  89 1017.9  22.9  23.4  20.4 99.0 99.00
2016 02 24 12 50 105  6.4  7.6  1.82 11.43  6.13  81 1018.3  23.1  23.4  20.6 99.0 99.00
2016 02 24 13 50 108  6.0  7.2  1.94 11.43  6.47  84 1018.9  23.3  23.5  20.7 99.0 99.00
2016 02 24 14 50  88  4.7  5.7  1.70 11.43  6.14 101 1019.4  23.4  23.5  20.9 99.0 99.00
2016 02 24 15 50  90  4.5  5.1  1.76 11.43  6.33  78 1019.0  23.5  23.6  20.8 99.0 99.00
2016 02 24 16 50 105  3.2  4.1  1.78 11.43  6.37  76 1018.8  23.4  23.7  20.9 99.0 99.00
2016 02 24 17 50  90  2.0  2.7  1.78 10.81  6.47  72 1018.3  23.5  23.8  21.0 99.0 99.00
2016 02 24 18 50  99  2.0  2.5  1.76 10.81  6.57  85 1017.2  23.3  24.0  21.1 99.0 99.00
2016 02 24 19 50 131  2.8  3.4  1.74 10.00  6.67  77 1016.4  23.4  24.1  21.3 99.0 99.00
2016 02 24 20 50 170  3.8  4.7  1.62 10.81  6.31  72 1016.2  23.8  24.2  21.6 99.0 99.00
2016 02 24 21 50 174  5.0  5.9  1.63 10.81  6.57  70 1016.2  23.9  24.1  21.6 99.0 99.00
2016 02 24 22 50 177  5.4  6.7  1.71 10.81  6.77  59 1016.2  23.9  23.9  22.3 99.0 99.00
2016 02 24 23 50 198  5.2  6.3  1.51 11.43  6.39  74 1016.9  23.9  23.8  22.3 99.0 99.00
2016 02 25 00 50 193  5.7  6.8  1.53 10.00  6.51  71 1017.6  23.9  23.8  22.5 99.0 99.00
2016 02 25 01 50 199  5.5  6.6  1.42 11.43  6.41  73 1018.0  23.8  23.7  22.4 99.0 99.00
2016 02 25 02 50 211  6.0  7.3  1.45 10.81  6.39  67 1018.0  23.7  23.7  22.4 99.0 99.00
2016 02 25 03 50 211  5.2  6.0  1.35 11.43  6.11  65 1018.1  23.7  23.7  22.4 99.0 99.00
2016 02 25 04 50 191  6.5  7.6  1.47 10.00  6.35  72 1017.3  23.8  23.7  22.4 99.0 99.00
2016 02 25 05 50 194  7.1  8.9  1.38 10.81  5.74  81 1017.0  23.8  23.6  22.3 99.0 99.00
2016 02 25 06 50 195  6.9  8.4  1.45 10.81  5.73  88 1016.4  23.8  23.6  22.2 99.0 99.00
2016 02 25 07 50 198  7.9  9.4  1.50 10.81  5.66  59 1015.9  23.7  23.6  22.4 99.0 99.00
2016 02 25 08 50 200  8.3 10.4  1.36 10.00  5.34  79 1015.6  23.7  23.6  22.3 99.0 99.00
2016 02 25 09 50 198  8.2  9.8  1.47 10.81  5.39  64 1015.6  23.7  23.6  22.3 99.0 99.00
2016 02 25 10 50 192  8.4 10.1  1.45 10.81  5.24  71 1015.9  23.8  23.6  22.2 99.0 99.00
2016 02 25 11 50 192  8.6 10.2  1.48 11.43  5.14  48 1016.3  23.9  23.6  22.2 99.0 99.00
2016 02 25 12 50 194  9.3 11.7  1.60 10.81  5.25  87 1016.5  24.0  23.6  22.0 99.0 99.00
2016 02 25 13 50 192 10.2 12.2  1.56 10.81  5.12  87 1016.4  24.0  23.6  22.0 99.0 99.00
2016 02 25 14 50 190  9.8 11.5  1.65 10.81  5.13 109 1016.6  24.1  23.7  22.0 99.0 99.00
2016 02 25 15 50 206  9.3 11.6  1.68  9.09  5.36  81 1016.9  24.1  23.7  22.1 99.0 99.00
2016 02 25 16 50 211  8.9 11.3  1.71 10.81  5.43  70 1016.5  24.2  23.7  22.2 99.0 99.00
2016 02 25 17 50 218  9.0 10.6  1.60 10.81  5.09  95 1015.9  24.2  23.8  22.1 99.0 99.00
2016 02 25 18 50 212  8.5  9.9  1.57  4.76  5.02 184 1015.2  24.2  23.8  22.2 99.0 99.00
2016 02 25 19 50 225  7.9  9.3  1.55 11.43  5.21  70 1015.2  24.3  23.8  22.1 99.0 99.00
2016 02 25 20 50 227  7.0  8.5  1.57 10.00  5.31  59 1015.3  24.4  23.8  22.1 99.0 99.00
2016 02 25 21 50 309  8.7 10.2  1.60 10.00  5.47  96 1015.8  22.2  23.8  20.1 99.0 99.00
2016 02 25 22 50 323  6.4  7.8  1.45 10.81  5.30  93 1016.3  22.1  23.8  19.8 99.0 99.00
2016 02 25 23 50 323  5.7  6.8  1.59  5.88  5.31 135 1016.6  21.9  23.7  19.5 99.0 99.00
2016 02 26 00 50 315  3.4  4.2  1.59 10.00  5.56  82 1017.1  21.7  23.6  19.1 99.0 99.00
2016 02 26 01 50 302  4.1  5.0  1.52  5.88  5.50 135 1017.4  21.7  23.5  19.3 99.0 99.00
2016 02 26 02 50 292  3.9  4.9  1.56  6.25  5.63 121 1017.5  21.8  23.5  18.8 99.0 99.00
2016 02 26 03 50 289  4.4  5.6  1.49 10.81  5.73  51 1017.6  22.1  23.4  18.6 99.0 99.00
2016 02 26 04 50 298  5.1  6.1  1.69  6.67  5.87 143 1017.4  22.2  23.5  18.1 99.0 99.00
2016 02 26 05 50 287  5.5  7.2  1.69  6.25  5.96 259 1017.3  22.1  23.6  17.8 99.0 99.00
2016 02 26 06 50 290  6.1  7.7  1.70  8.33  6.05 341 1017.0  22.0  23.5  17.4 99.0 99.00
2016 02 26 07 50 290  6.5  8.1  1.98  7.69  6.64 298 1016.7  21.9  23.5  16.7 99.0 99.00
2016 02 26 08 50 302  7.4  9.0  2.42 10.81  6.93 321 1016.5  21.7  23.5  16.4 99.0 99.00
2016 02 26 09 50 303  6.9  8.2  2.50 10.81  7.05 305 1016.7  21.7  23.4  16.0 99.0 99.00
2016 02 26 10 50 304  7.7 10.1  2.54 10.00  7.06 309 1017.2  21.3  23.4  15.6 99.0 99.00
2016 02 26 11 50 308  7.5  9.1  2.29  9.09  6.57 317 1017.6  21.0  23.4  14.9 99.0 99.00
2016 02 26 12 50 305  8.0 10.1  2.39 10.00  6.83 316 1017.9  20.9  23.4  14.3 99.0 99.00
2016 02 26 13 50 308  7.6  9.4  2.26 10.00  6.37 306 1018.8  20.8  23.4  13.3 99.0 99.00
2016 02 26 14 50 302  7.5 10.2  2.28 10.00  6.49 305 1019.0  20.8  23.4  12.6 99.0 99.00
2016 02 26 15 50 300  7.9  9.3  2.43 10.00  6.65 317 1018.9  20.9  23.4  12.4 99.0 99.00
2016 02 26 16 50 298  7.8  9.8  2.39  9.09  6.49 307 1018.8  21.0  23.4  12.5 99.0 99.00
2016 02 26 17 50 291  7.6 10.3  2.35 10.00  6.47 316 1018.4  21.1  23.4  12.2 99.0 99.00
2016 02 26 18 50 295  8.0  9.8  2.29  9.09  6.39 313 1018.0  21.0  23.4  12.3 99.0 99.00
2016 02 26 19 50 300  9.0 11.7  2.26 10.00  6.23 312 1017.5  21.3  23.4  11.7 99.0 99.00
2016 02 26 20 50 313  7.5  9.1  2.27  9.09  6.22 305 1017.6  21.0  23.4  13.4 99.0 99.00
2016 02 26 21 50 309  7.8 10.3  2.27  9.09  6.35 318 1017.6  21.1  23.4  11.9 99.0 99.00
2016 02 26 22 50 304  7.6  9.8  2.30  9.09  6.33 310 1017.8  21.1  23.4  11.8 99.0 99.00
2016 02 26 23 50 313  7.6  9.3  2.14 10.00  6.44 341 1018.1  20.8  23.4  12.5 99.0 99.00
2016 02 27 00 50 310  6.7  9.0  2.09 10.00  6.33 321 1018.7  20.8  23.4  11.9 99.0 99.00
2016 02 27 01 50 301  7.0  8.5  2.21  9.09  6.49 319 1018.6  20.9  23.4  11.4 99.0 99.00
2016 02 27 02 50 305  7.1  8.8  2.06 10.00  6.30 329 1018.7  20.8  23.4  11.1 99.0 99.00
2016 02 27 03 50 314  5.0  6.9  1.99  9.09  6.39 319 1018.8  20.6  23.3  11.5 99.0 99.00
2016 02 27 04 50 330  7.5  9.6  1.98  9.09  6.47 341 1018.4  20.5  23.3  12.5 99.0 99.00
2016 02 27 05 50 339  7.0  8.5  2.12  9.09  6.45 327 1018.4  19.8  23.3  13.1 99.0 99.00
2016 02 27 06 50 340  6.3  7.8  1.96  9.09  6.23 328 1018.1  19.8  23.3  12.7 99.0 99.00
2016 02 27 07 50 348  6.7  8.8  1.98  8.33  6.39 322 1018.0  19.7  23.3  13.0 99.0 99.00
2016 02 27 08 50 346  6.6  7.9  2.02 10.00  6.37 336 1018.1  19.5  23.3  11.9 99.0 99.00
2016 02 27 09 50 347  7.8  9.5  2.06 10.00  6.30 341 1018.3  19.3  23.3  12.3 99.0 99.00
2016 02 27 10 50 343  6.9  8.9  2.29  9.09  6.63 324 1018.9  19.2  23.3  11.7 99.0 99.00
2016 02 27 11 50 342  6.3  7.9  2.62 10.00  7.08 341 1019.4  19.0  23.3  11.4 99.0 99.00
2016 02 27 12 50 348  4.9  7.3  2.47  9.09  7.03 328 1020.1  19.1  23.3  11.1 99.0 99.00
2016 02 27 13 50 341  4.9  7.7  2.58 10.81  7.39 326 1020.7  19.0  23.3  10.4 99.0 99.00
2016 02 27 14 50 342  5.7  7.3  2.53 10.00  7.38 321 1020.9  19.1  23.3  10.3 99.0 99.00
2016 02 27 15 50 336  5.1  6.7  2.44  9.09  7.38 319 1020.9  19.1  23.3   9.9 99.0 99.00
2016 02 27 16 50 321  4.9  7.0  2.29  9.09  7.00 319 1020.3  19.1  23.3   9.7 99.0 99.00
2016 02 27 17 50 312  4.6  6.6  2.14  9.09  6.99 320 1019.6  19.2  23.4   9.9 99.0 99.00
2016 02 27 18 50 315  4.8  6.5  2.02  9.09  6.88 319 1019.1  19.2  23.4   9.4 99.0 99.00
2016 02 27 19 50 311  5.3  7.5  1.84  9.09  6.70 325 1019.0  19.3  23.3   9.4 99.0 99.00
2016 02 27 20 50 316  6.6  8.5  1.95  9.09  6.67 325 1019.0  19.4  23.3   9.8 99.0 99.00
2016 02 27 21 50 307  6.4  8.3  1.84  9.09  6.48 326 1019.0  19.4  23.3   8.9 99.0 99.00
2016 02 27 22 50 305  7.5  9.7  1.67  9.09  6.09 339 1019.5  19.5  23.3   8.5 99.0 99.00
2016 02 27 23 50 312  7.3  9.7  1.63  9.09  6.02 338 1019.7  19.6  23.2   9.2 99.0 99.00
2016 02 28 00 50 309  7.2  8.9  1.53  9.09  5.81 332 1020.4  19.6  23.1   9.2 99.0 99.00
2016 02 28 01 50 319  6.8  9.0  1.73  8.33  5.91 302 1020.5  19.1  23.0  11.0 99.0 99.00
2016 02 28 02 50 340  7.5  9.6  1.64  7.69  5.95 321 1020.7  18.9  23.0  11.6 99.0 99.00
2016 02 28 03 50 351  5.9  7.6  1.64  7.69  5.84 340 1020.6  18.6  23.0  11.0 99.0 99.00
2016 02 28 04 50 339  7.2  9.4  1.58  8.33  5.55 343 1020.5  18.9  23.0   9.5 99.0 99.00
2016 02 28 05 50 329  7.5  9.9  1.57  7.69  5.56 340 1020.5  19.3  23.0   8.6 99.0 99.00
2016 02 28 06 50 332  6.8 10.4  1.52  7.69  5.53 330 1020.5  19.4  23.0   9.0 99.0 99.00
2016 02 28 07 50 357  6.7  9.0  1.61  7.69  5.76 339 1020.2  19.3  23.0   9.6 99.0 99.00
2016 02 28 08 50 346  7.5  9.0  1.47  7.69  5.33 325 1020.2  19.4  23.0   9.4 99.0 99.00
2016 02 28 09 50 353  6.8  9.0  1.62  7.69  5.41 344 1020.7  19.5  23.0   8.1 99.0 99.00
2016 02 28 10 50 357  7.2  9.1  1.42  9.09  5.29  29 1021.3  19.5  23.0   8.3 99.0 99.00
2016 02 28 11 50 360  6.9  8.7  1.45  8.33  5.48  33 1022.0  19.5  23.0   8.3 99.0 99.00
2016 02 28 12 50  11  6.0  8.4  1.33  7.69  5.20 350 1022.6  19.6  23.0   7.8 99.0 99.00
2016 02 28 13 50 360  7.4 10.2  1.34  8.33  5.33  13 1023.2  19.5  23.0   9.3 99.0 99.00
2016 02 28 14 50  16  7.2 10.0  1.52  8.33  5.59  36 1023.6  19.6  23.1  10.3 99.0 99.00
2016 02 28 15 50  24  8.1 10.1  1.57 10.00  5.54  26 1023.5  19.4  23.1  11.5 99.0 99.00
2016 02 28 16 50  29  7.4  9.0  1.53  8.33  5.36  20 1023.2  19.4  23.1  10.6 99.0 99.00
2016 02 28 17 50  34  7.1  8.5  1.47  8.33  5.40  40 1022.6  19.6  23.1  11.2 99.0 99.00
2016 02 28 18 50  41  6.0  7.4  1.48  6.25  5.28 358 1022.4  19.6  23.1  10.5 99.0 99.00
2016 02 28 19 50  41  6.3  7.8  1.45  8.33  5.41  41 1021.9  19.7  23.1  10.8 99.0 99.00
2016 02 28 20 50  33  7.2  8.9  1.47  9.09  5.56  31 1022.2  19.4  23.1  11.2 99.0 99.00
2016 02 28 21 50  31  6.9  9.4  1.41  9.09  5.31  70 1022.4  19.3  23.1  11.0 99.0 99.00
2016 02 28 22 50  47  5.8  7.9  1.32  9.09  5.20  13 1023.1  19.3  23.1  10.0 99.0 99.00
2016 02 28 23 50  38  5.8  7.8  1.41  9.09  5.31  43 1023.3  19.3  23.1  10.1 99.0 99.00
2016 02 29 00 50  34  3.9  5.6  1.30  9.09  5.49  46 1023.7  19.3  23.0   8.9 99.0 99.00
2016 02 29 01 50  57  5.2  6.4  1.44  7.14  5.53  12 1023.7  19.4  22.9   9.2 99.0 99.00
2016 02 29 02 50  56  3.4  5.6  1.28  7.14  5.59   9 1024.0  19.1  22.9   8.3 99.0 99.00
2016 02 29 03 50  83  4.2  6.0  1.34  6.25  5.54   1 1023.8  19.1  22.9   8.6 99.0 99.00
2016 02 29 04 50 117  2.2  3.6  1.29  7.69  5.65   2 1023.5  19.0  22.8   8.5 99.0 99.00
2016 02 29 05 50 103  2.6  5.7  1.21  7.14  5.68 350 1023.4  18.9  22.8   8.2 99.0 99.00
2016 02 29 06 50  69  2.7  4.4  1.18  7.69  5.78  26 1022.8  19.1  22.8   8.9 99.0 99.00
2016 02 29 07 50  83  2.7  4.4  1.15  7.69  5.63  22 1022.3  19.2  22.8   9.3 99.0 99.00
2016 02 29 08 50  42  2.5  3.8  1.11  7.69  5.61  20 1022.2  19.3  22.9   9.5 99.0 99.00
2016 02 29 09 50 130  1.9  3.5  1.09  8.33  5.63  49 1022.7  19.5  22.9   8.7 99.0 99.00
2016 02 29 10 50  81  3.3  4.6  1.08  7.69  5.76  13 1022.7  19.4  22.9   8.5 99.0 99.00
2016 02 29 11 50  70  3.9  5.3  1.14  8.33  5.94  48 1022.8  19.8  22.9   9.6 99.0 99.00
2016 02 29 12 50  69  3.0  4.3  1.06  8.33  5.97  28 1024.1  20.1  22.9   8.3 99.0 99.00
2016 02 29 13 50  69  3.4  4.4  1.11  8.33  6.21  70 1024.3  20.1  23.0   9.1 99.0 99.00
2016 02 29 14 50  54  3.5  5.6  1.14  7.69  6.22  41 1024.3  20.1  23.0   9.3 99.0 99.00
2016 02 29 15 50  56  3.0  4.6  1.02  7.69  5.99  45 1024.3  20.2  23.1   9.4 99.0 99.00
2016 02 29 16 50  58  4.3  5.1  1.00  7.69  6.06  38 1023.8  20.2  23.3   9.7 99.0 99.00
2016 02 29 17 50  40  5.1  6.5  1.07  8.33  6.08  66 1023.0  20.2  23.3  10.1 99.0 99.00
2016 02 29 18 50  36  4.7  6.1  0.97  8.33  5.87  57 1022.8  20.3  23.3  10.3 99.0 99.00
2016 02 29 19 50  39  4.1  5.3  1.08  7.69  6.03  55 1022.6  20.4  23.3  10.0 99.0 99.00
2016 02 29 20 50  59  4.1  5.2  1.06  7.69  5.95  56 1022.5  20.5  23.3  10.4 99.0 99.00
2016 02 29 21 50  74  4.8  6.2  1.03  8.33  5.95  76 1022.4  20.5  23.2  10.8 99.0 99.00
2016 02 29 22 50  83  4.5  5.7  0.98  8.33  5.78  98 1022.3  20.5  23.2  11.2 99.0 99.00
